1752128792.784 33.800 0.02785209 8.91787e-08
1752128792.791 33.935 0.02786699 3.91815e-08
1752128792.797 34.070 0.02786699 1.39613e-08
1752128792.807 34.204 0.02785954 5.08487e-08
1752128792.817 34.337 0.02784464 1.56217e-08
1752128792.827 34.470 0.02787071 6.41919e-08
1752128792.837 34.602 0.02785488 8.83171e-08
1752128792.885 34.734 0.02784930 7.71942e-08
1752128792.892 34.866 0.02786047 -7.34990e-09
1752128792.897 34.997 0.02786606 1.73374e-08
1752128792.907 35.127 0.02786606 5.29380e-08
1752128792.917 35.257 0.02787350 1.68748e-08
1752128792.927 35.386 0.02790703 6.72544e-08
1752128792.937 35.515 0.02790144 8.85151e-08
1752128792.985 35.644 0.02810443 7.41643e-08
1752128792.991 35.772 0.02816495 4.79600e-10
1752128792.997 35.899 0.02816495 1.51259e-08
1752128793.007 36.026 0.02824130 4.68478e-08
1752128793.017 36.153 0.02830462 1.03308e-08
1752128793.027 36.279 0.02839494 6.12013e-08
1752128793.075 36.405 0.02880743 -1.22930e-08
1752128793.130 36.530 0.02934097 9.44309e-06
1752128793.137 36.655 0.02934097 9.76298e-06
1752128793.147 36.780 0.02943316 9.70769e-06
1752128793.157 36.904 0.02952441 8.63648e-06
1752128793.167 37.028 0.02959145 5.92441e-06
1752128793.177 37.151 0.02967060 3.60212e-06
1752128793.187 37.274 0.02973112 8.52653e-07
1752128793.197 37.396 0.02980375 2.86889e-07
1752128793.207 37.518 0.02984844 1.33149e-07
1752128793.217 37.640 0.02989872 2.95458e-08
1752128793.227 37.761 0.02996669 4.05659e-08
1752128793.237 37.882 0.02997880 7.86482e-08
1752128793.286 38.002 0.03016037 5.65037e-08
1752128793.334 38.123 0.03032798 8.07753e-08
1752128793.340 38.242 0.03036802 4.11494e-08
1752128793.347 38.362 0.03036802 1.73840e-08
1752128793.357 38.481 0.03043319 5.88591e-08
1752128793.367 38.599 0.03047975 2.63808e-08
1752128793.377 38.718 0.03055703 7.98346e-08
1752128793.387 38.835 0.03059987 8.76746e-08
1752128793.453 38.953 0.03103936 6.47405e-08
1752128793.503 39.070 0.03133639 5.19635e-08
1752128793.553 39.187 0.03161294 4.99592e-08
1752128793.603 39.303 0.03183083 4.96147e-08
1752128793.653 39.420 0.03196212 5.06109e-08
1752128793.703 39.535 0.03200309 5.24532e-08
1752128793.753 39.651 0.03201240 5.44911e-08
1752128793.803 39.766 0.03206640 5.59726e-08
1752128793.885 39.881 0.03217069 5.72337e-08
1752128793.891 39.995 0.03220328 -8.05440e-09
1752128793.940 40.109 0.03232712 4.39284e-08
1752128793.947 40.223 0.03232712 7.96310e-09
1752128793.956 40.337 0.03232898 6.89381e-08
1752128794.004 40.450 0.03242675 7.14329e-08
1752128794.072 40.563 0.03257667 7.14273e-08
1752128794.079 40.675 0.03256736 1.37446e-08
1752128794.087 40.787 0.03256736 4.73610e-08
1752128794.134 40.899 0.03273030 5.11113e-08
1752128794.140 41.011 0.03277500 -1.43710e-09
1752128794.146 41.122 0.03277500 8.37240e-09
1752128794.156 41.233 0.03282062 4.66522e-08
1752128794.204 41.344 0.03297705 6.92422e-08
1752128794.272 41.454 0.03321822 7.32463e-08
1752128794.322 41.565 0.03342679 6.32699e-08
1752128794.373 41.674 0.03361861 6.65022e-08
1752128794.444 41.784 0.03378155 2.38099e-08
1752128794.451 41.893 0.03380111 6.25633e-08
1752128794.456 42.002 0.03379924 1.50300e-09
1752128794.507 42.111 0.03385232 1.82988e-08
1752128794.557 42.219 0.03388398 1.19135e-08
1752128794.607 42.327 0.03397988 5.31130e-09
1752128794.657 42.435 0.03410093 2.46160e-09
1752128794.707 42.543 0.03422850 -1.66270e-09
1752128794.757 42.650 0.03434489 -6.47160e-09
1752128794.807 42.757 0.03446687 -1.14323e-08
1752128794.857 42.864 0.03452925 -1.30510e-08
1752128794.907 42.971 0.03459164 -1.46288e-08
1752128794.981 43.077 0.03471269 5.54035e-08
1752128794.988 43.183 0.03473876 7.10436e-08
1752128795.037 43.289 0.03481325 6.96357e-08
1752128795.087 43.394 0.03489705 7.15900e-08
1752128795.137 43.499 0.03497247 7.27856e-08
1752128795.188 43.604 0.03508328 7.45465e-08
1752128795.238 43.709 0.03517825 6.88329e-08
1752128795.288 43.813 0.03527975 6.70620e-08
1752128795.339 43.918 0.03538496 2.57188e-08
1752128795.389 44.022 0.03545108 2.04666e-08
1752128795.439 44.125 0.03552743 1.16664e-08
1752128795.517 44.229 0.03566245 4.87236e-08
1752128795.566 44.332 0.03572204 8.19115e-08
1752128795.576 44.435 0.03572204 3.20100e-09
1752128795.586 44.538 0.03572390 6.05653e-08
1752128795.637 44.640 0.03582726 6.27089e-08
1752128795.704 44.743 0.03592782 7.24481e-08
1752128795.754 44.845 0.03603490 7.19804e-08
1752128795.805 44.947 0.03615129 7.15946e-08
1752128795.811 45.048 0.03615967 7.67190e-09
1752128795.816 45.149 0.03620716 6.29648e-08
1752128795.825 45.251 0.03620716 1.72909e-08
1752128795.873 45.352 0.03631237 -1.32403e-08
1752128795.923 45.452 0.03641759 -1.60110e-08
1752128795.974 45.553 0.03650698 -1.31019e-08
1752128796.053 45.653 0.03674908 6.55386e-08
1752128796.102 45.753 0.03688502 4.36954e-08
1752128796.152 45.853 0.03697814 4.52752e-08
1752128796.202 45.952 0.03703308 4.56182e-08
1752128796.252 46.052 0.03706939 4.82464e-08
1752128796.302 46.151 0.03711501 4.88625e-08
1752128796.352 46.250 0.03718578 5.10566e-08
1752128796.420 46.349 0.03730403 7.12859e-08
1752128796.470 46.447 0.03737666 7.86123e-08
1752128796.520 46.545 0.03748561 7.20028e-08
1752128796.590 46.644 0.03757686 -1.40946e-08
1752128796.640 46.741 0.03763086 -1.37603e-08
1752128796.693 46.839 0.03770163 1.62770e-08
1752128796.700 46.937 0.03771839 6.08313e-08
1752128796.706 47.034 0.03769790 -1.53043e-08
1752128796.754 47.131 0.03778171 6.29361e-08
1752128796.760 47.228 0.03778543 1.51723e-08
1752128796.766 47.325 0.03780685 4.93012e-08
1752128796.775 47.421 0.03780685 -2.06160e-09
1752128796.823 47.517 0.03788134 -1.00692e-08
1752128796.873 47.614 0.03800238 -4.63070e-09
1752128796.923 47.709 0.03817744 -1.10855e-08
1752128796.973 47.805 0.03840556 -4.58020e-09
1752128797.023 47.901 0.03856665 -1.10155e-08
1752128797.073 47.996 0.03870353 -4.05490e-09
1752128797.150 48.091 0.03876871 6.04446e-08
1752128797.156 48.186 0.03877057 -1.52208e-08
1752128797.206 48.281 0.03881433 -1.68299e-08
1752128797.255 48.376 0.03885344 2.65356e-08
1752128797.305 48.470 0.03890745 2.27987e-08
1752128797.355 48.564 0.03900056 1.56640e-08
1752128797.405 48.658 0.03910764 1.23500e-08
1752128797.455 48.752 0.03919982 6.05400e-09
1752128797.505 48.846 0.03929387 3.37810e-09
1752128797.555 48.939 0.03936929 -9.15330e-09
1752128797.605 49.033 0.03941957 -4.35960e-09
1752128797.685 49.126 0.03956762 5.87115e-08
1752128797.733 49.219 0.03958811 4.51531e-08
1752128797.739 49.311 0.03963280 -9.55010e-09
1752128797.789 49.404 0.03970822 -1.41351e-08
1752128797.839 49.497 0.03974733 -1.38059e-08
1752128797.889 49.589 0.03982368 -1.41474e-08
1752128797.939 49.681 0.03991400 -1.53762e-08
1752128797.989 49.773 0.04000618 -1.61747e-08
1752128798.039 49.865 0.04010954 -1.60082e-08
1752128798.089 49.956 0.04017472 -1.34650e-08
1752128798.139 50.048 0.04025852 -1.15347e-08
1752128798.215 50.139 0.04036188 -1.03705e-08
1752128798.266 50.230 0.04042706 5.35211e-08
1752128798.274 50.321 0.04042706 -3.41990e-09
1752128798.284 50.412 0.04042985 7.62166e-08
1752128798.332 50.502 0.04048758 5.87451e-08
1752128798.339 50.593 0.04050620 -1.36541e-08
1752128798.387 50.683 0.04058908 2.08175e-08
1752128798.437 50.773 0.04067940 9.07770e-09
1752128798.490 50.863 0.04079299 1.41353e-07
1752128798.497 50.953 0.04083303 2.45367e-07
1752128798.504 51.042 0.04083303 2.09743e-07
1752128798.514 51.132 0.04085631 2.65162e-07
1752128798.524 51.221 0.04088611 3.20849e-07
1752128798.534 51.310 0.04090287 4.86198e-07
1752128798.544 51.399 0.04095594 5.79056e-07
1752128798.554 51.488 0.04098667 7.55481e-07
1752128798.564 51.577 0.04098667 8.59363e-07
1752128798.574 51.666 0.04104254 1.01981e-06
1752128798.584 51.754 0.04104906 1.30137e-06
1752128798.594 51.842 0.04107327 1.48095e-06
1752128798.604 51.930 0.04109934 1.80655e-06
1752128798.614 52.018 0.04110679 1.95681e-06
1752128798.624 52.106 0.04116172 2.50839e-06
1752128798.634 52.194 0.04116172 2.85843e-06
1752128798.644 52.281 0.04120083 3.43861e-06
1752128798.654 52.369 0.04123156 4.15584e-06
1752128798.664 52.456 0.04123901 5.37997e-06
1752128798.674 52.543 0.04131257 6.81636e-06
1752128798.684 52.630 0.04133398 8.17971e-06
1752128798.694 52.717 0.04139544 8.97101e-06
1752128798.704 52.803 0.04145224 9.20403e-06
1752128798.714 52.890 0.04147924 8.70274e-06
1752128798.724 52.976 0.04156211 7.93501e-06
1752128798.772 53.062 0.04190104 1.62128e-06
1752128798.781 53.148 0.04199043 1.47271e-07
1752128798.789 53.234 0.04207889 2.64357e-08
1752128798.795 53.320 0.04214593 5.69246e-08
1752128798.804 53.406 0.04214593 7.82908e-08
1752128798.814 53.491 0.04222601 1.85236e-08
1752128798.824 53.577 0.04234054 4.98356e-08
1752128798.834 53.662 0.04239361 7.82789e-08
1752128798.882 53.747 0.04276979 5.50240e-08
1752128798.888 53.832 0.04284987 -4.84830e-09
1752128798.936 53.917 0.04315342 6.38661e-08
1752128798.986 54.002 0.04336386 6.85430e-08
1752128798.994 54.086 0.04336386 1.32045e-08
1752128799.004 54.171 0.04340576 7.39426e-08
1752128799.014 54.255 0.04342345 1.25353e-08
1752128799.024 54.339 0.04345697 1.10686e-08
1752128799.034 54.423 0.04346721 6.77656e-08
1752128799.082 54.507 0.04357429 7.16614e-08
1752128799.089 54.591 0.04359384 4.37430e-08
1752128799.096 54.675 0.04360223 1.25493e-07
1752128799.106 54.758 0.04358174 2.29081e-07
1752128799.114 54.842 0.04358174 3.38565e-07
1752128799.124 54.925 0.04361899 4.01438e-07
1752128799.134 55.008 0.04362830 6.52378e-07
1752128799.144 55.091 0.04365437 8.00226e-07
1752128799.154 55.174 0.04368417 1.08513e-06
1752128799.164 55.257 0.04370279 1.22184e-06
1752128799.174 55.340 0.04375121 1.58488e-06
1752128799.184 55.422 0.04375959 1.86420e-06
1752128799.194 55.505 0.04379590 2.53378e-06
1752128799.204 55.587 0.04382849 2.96548e-06
1752128799.214 55.669 0.04384525 3.47013e-06
1752128799.224 55.751 0.04389646 4.47376e-06
1752128799.234 55.833 0.04393092 5.47328e-06
1752128799.244 55.915 0.04398865 6.53245e-06
1752128799.254 55.997 0.04403148 8.63536e-06
1752128799.263 56.078 0.04405290 1.00838e-05
1752128799.273 56.160 0.04414601 1.42412e-05
1752128799.324 56.241 0.04453522 4.14060e-05
1752128799.334 56.322 0.04453522 3.71458e-05
1752128799.344 56.403 0.04462089 2.62190e-05
1752128799.354 56.484 0.04468979 8.02916e-06
1752128799.364 56.565 0.04475870 3.05940e-06
1752128799.374 56.646 0.04485553 2.94942e-06
1752128799.384 56.727 0.04490395 3.54775e-06
1752128799.394 56.807 0.04500638 3.37809e-06
1752128799.404 56.888 0.04510322 3.00475e-06
1752128799.414 56.968 0.04516001 2.05691e-06
1752128799.424 57.048 0.04524568 5.00511e-07
1752128799.434 57.128 0.04528851 2.48295e-07
1752128799.444 57.208 0.04540769 1.42637e-07
1752128799.454 57.288 0.04546077 1.68338e-07
1752128799.464 57.368 0.04546077 2.48925e-07
1752128799.474 57.447 0.04553061 3.09584e-07
1752128799.484 57.527 0.04556506 3.81005e-07
1752128799.494 57.606 0.04562092 3.41690e-07
1752128799.504 57.686 0.04566748 3.44067e-07
1752128799.514 57.765 0.04568983 2.41763e-07
1752128799.524 57.844 0.04575687 1.41187e-07
1752128799.534 57.923 0.04578853 1.41239e-07
1752128799.543 58.002 0.04583322 5.15233e-08
1752128799.554 58.080 0.04587233 1.00951e-07
1752128799.564 58.159 0.04589002 4.59742e-08
1752128799.574 58.238 0.04596172 4.81490e-08
1752128799.584 58.316 0.04598965 1.13095e-07
1752128799.594 58.394 0.04604925 5.66572e-08
1752128799.604 58.473 0.04609860 9.18940e-08
1752128799.613 58.551 0.04613957 4.76233e-08
1752128799.624 58.629 0.04621778 5.63083e-08
1752128799.634 58.707 0.04624758 1.07005e-07
1752128799.644 58.785 0.04636397 4.87329e-08
1752128799.653 58.862 0.04636397 9.77366e-08
1752128799.663 58.940 0.04640774 4.18327e-08
1752128799.674 59.017 0.04648688 7.40345e-08
1752128799.684 59.095 0.04654368 1.07532e-07
1752128799.694 59.172 0.04661258 5.28027e-08
1752128799.704 59.249 0.04667962 8.83304e-08
1752128799.713 59.326 0.04673829 3.53113e-08
1752128799.724 59.403 0.04684164 4.30137e-08
1752128799.734 59.480 0.04689006 1.31441e-07
1752128799.744 59.557 0.04697107 9.39822e-08
1752128799.757 59.634 0.04711074 1.64969e-07
1752128799.767 59.710 0.04718709 2.57199e-07
1752128799.775 59.787 0.04722992 2.03596e-07
1752128799.783 59.863 0.04730535 5.49138e-07
1752128799.793 59.940 0.04730535 1.45946e-06
1752128799.803 60.016 0.04738542 4.33627e-06
1752128799.813 60.092 0.04745153 6.77883e-06
1752128799.823 60.168 0.04756234 1.15453e-05
1752128799.833 60.244 0.04760517 1.82733e-05
1752128799.883 60.320 0.04791803 1.85195e-04
1752128799.899 60.396 0.04803349 2.88755e-04
1752128799.906 60.471 0.04807446 2.97260e-04
1752128799.913 60.547 0.04807446 2.75173e-04
1752128799.923 60.622 0.04816292 2.54609e-04
1752128799.933 60.698 0.04821320 1.92716e-04
1752128799.943 60.773 0.04827559 1.09954e-04
1752128799.953 60.848 0.04832680 3.42011e-05
1752128799.963 60.923 0.04836125 4.62577e-06
1752128799.973 60.998 0.04844505 1.92861e-06
1752128799.983 61.073 0.04846647 1.06003e-06
1752128799.993 61.148 0.04852141 8.98896e-07
1752128800.003 61.222 0.04857728 8.59704e-07
1752128800.013 61.297 0.04860055 8.36188e-07
1752128800.023 61.372 0.04865177 9.57664e-07
1752128800.033 61.446 0.04865735 1.19365e-06
1752128800.043 61.520 0.04870298 1.38198e-06
1752128800.053 61.595 0.04875699 1.73017e-06
1752128800.063 61.669 0.04877747 2.43139e-06
1752128800.073 61.743 0.04884079 2.87562e-06
1752128800.083 61.817 0.04886034 3.95108e-06
1752128800.093 61.891 0.04890783 5.14041e-06
1752128800.103 61.965 0.04895159 7.12099e-06
1752128800.113 62.038 0.04897208 9.82985e-06
1752128800.123 62.112 0.04904843 1.33994e-05
1752128800.133 62.186 0.04908102 1.76414e-05
1752128800.143 62.259 0.04913968 2.09331e-05
1752128800.153 62.332 0.04919741 1.96300e-05
1752128800.163 62.406 0.04923652 1.90769e-05
1752128800.173 62.479 0.04931194 1.65840e-05
1752128800.183 62.552 0.04933429 1.50045e-05
1752128800.193 62.625 0.04941157 1.06546e-05
1752128800.203 62.698 0.04947861 5.70052e-06
1752128800.213 62.771 0.04952796 9.58539e-07
1752128800.223 62.844 0.04961363 4.32627e-07
1752128800.233 62.916 0.04965367 3.48837e-07
1752128800.243 62.989 0.04973654 2.45048e-07
1752128800.253 63.062 0.04980637 2.34831e-07
1752128800.263 63.134 0.04986783 2.08171e-07
1752128800.273 63.206 0.04995536 1.92397e-07
1752128800.283 63.279 0.05000191 2.07349e-07
1752128800.293 63.351 0.05007175 1.48363e-07
1752128800.303 63.423 0.05014437 2.38365e-07
1752128800.313 63.495 0.05020397 2.07683e-07
1752128800.323 63.567 0.05028777 2.49819e-07
1752128800.333 63.639 0.05032595 2.95675e-07
1752128800.343 63.711 0.05039951 2.47921e-07
1752128800.353 63.782 0.05046562 2.88119e-07
1752128800.363 63.854 0.05052521 2.54399e-07
1752128800.373 63.926 0.05060343 3.17505e-07
1752128800.383 63.997 0.05064067 5.33669e-07
1752128800.393 64.068 0.05072075 7.59033e-07
1752128800.424 64.140 0.05093397 1.18913e-06
1752128800.450 64.211 0.05106154 2.63721e-06
1752128800.457 64.282 0.05109041 2.48714e-06
1752128800.463 64.353 0.05109041 2.19391e-06
1752128800.473 64.424 0.05117328 1.74849e-06
1752128800.483 64.495 0.05119749 9.66623e-07
1752128800.493 64.566 0.05126453 3.50887e-07
1752128800.503 64.637 0.05132133 1.99728e-07
1752128800.513 64.707 0.05136696 2.04899e-07
1752128800.523 64.778 0.05143865 1.85226e-07
1752128800.533 64.849 0.05146752 2.64831e-07
1752128800.543 64.919 0.05152711 2.52110e-07
1752128800.553 64.989 0.05157180 3.01926e-07
1752128800.563 65.060 0.05159322 2.64316e-07
1752128800.573 65.130 0.05167143 3.21839e-07
1752128800.583 65.200 0.05170217 4.32821e-07
1752128800.593 65.270 0.05173662 5.66911e-07
1752128800.603 65.340 0.05177758 8.14429e-07
1752128800.613 65.410 0.05179434 1.87358e-06
1752128800.623 65.480 0.05185766 3.32753e-06
1752128800.633 65.550 0.05188001 4.39114e-06
1752128800.643 65.619 0.05193029 6.64921e-06
1752128800.653 65.689 0.05198802 9.21988e-06
1752128800.663 65.759 0.05204110 1.27953e-05
1752128800.673 65.828 0.05208486 1.59651e-05
1752128800.683 65.897 0.05210534 2.43692e-05
1752128800.693 65.967 0.05217053 2.81500e-05
1752128800.703 66.036 0.05223105 4.44363e-05
1752128800.713 66.105 0.05226364 6.39858e-05
1752128800.723 66.174 0.05234371 9.40681e-05
1752128800.733 66.243 0.05237165 1.33736e-04
1752128800.743 66.312 0.05243310 2.02244e-04
1752128800.753 66.381 0.05248804 2.90826e-04
1752128800.763 66.450 0.05253460 3.50269e-04
1752128800.773 66.519 0.05262119 3.99212e-04
1752128800.783 66.588 0.05265751 3.82542e-04
1752128800.793 66.656 0.05271245 3.58771e-04
1752128800.803 66.725 0.05279252 3.06208e-04
1752128800.813 66.793 0.05284280 2.35093e-04
1752128800.823 66.862 0.05292474 1.07762e-04
1752128800.833 66.930 0.05297223 3.64787e-05
1752128800.843 66.998 0.05303089 8.27639e-06
1752128800.853 67.066 0.05309700 4.06059e-06
1752128800.863 67.135 0.05316032 1.17156e-06
1752128800.873 67.203 0.05324692 4.36206e-07
1752128800.883 67.271 0.05326647 2.71928e-07
1752128800.893 67.339 0.05333165 1.67186e-07
1752128800.903 67.406 0.05341079 2.22753e-07
1752128800.915 67.474 0.05354488 2.32103e-07
1752128800.927 67.542 0.05356815 3.09662e-07
1752128800.932 67.610 0.05356815 3.65893e-07
1752128800.943 67.677 0.05369293 4.12348e-07
1752128800.972 67.745 0.05381584 4.86734e-07
1752128800.983 67.812 0.05390989 5.16329e-07
1752128800.992 67.879 0.05390989 5.06017e-07
1752128801.002 67.947 0.05395085 5.16889e-07
1752128801.012 68.014 0.05398810 3.90109e-07
1752128801.022 68.081 0.05408307 4.08230e-07
1752128801.032 68.148 0.05410356 5.54251e-07
1752128801.042 68.215 0.05415570 5.98636e-07
1752128801.052 68.282 0.05420971 6.81917e-07
1752128801.062 68.349 0.05424602 6.01131e-07
1752128801.072 68.416 0.05432237 6.48906e-07
1752128801.082 68.483 0.05435590 7.36018e-07
1752128801.092 68.550 0.05440245 7.57899e-07
1752128801.102 68.616 0.05445181 8.43199e-07
1752128801.112 68.683 0.05447136 8.97482e-07
1752128801.122 68.749 0.05454771 1.09546e-06
1752128801.132 68.816 0.05459799 1.50773e-06
1752128801.142 68.882 0.05465106 1.94691e-06
1752128801.152 68.949 0.05468180 3.12408e-06
1752128801.162 69.015 0.05469111 4.17176e-06
1752128801.172 69.081 0.05476280 5.73353e-06
1752128801.182 69.147 0.05480936 8.35166e-06
1752128801.192 69.213 0.05486057 1.13126e-05
1752128801.202 69.279 0.05490154 1.61677e-05
1752128801.212 69.345 0.05492854 2.24621e-05
1752128801.222 69.411 0.05499838 2.61942e-05
1752128801.232 69.477 0.05503935 2.82766e-05
1752128801.242 69.543 0.05509242 2.72071e-05
1752128801.252 69.608 0.05513526 2.64188e-05
1752128801.262 69.674 0.05517436 2.47401e-05
1752128801.272 69.740 0.05524792 2.15548e-05
1752128801.282 69.805 0.05527400 1.72414e-05
1752128801.292 69.871 0.05533545 1.26615e-05
1752128801.302 69.936 0.05540435 6.31646e-06
1752128801.312 70.001 0.05544067 2.09267e-06
1752128801.322 70.067 0.05551236 1.02403e-06
1752128801.332 70.132 0.05554961 8.12764e-07
1752128801.342 70.197 0.05562410 6.22224e-07
1752128801.352 70.262 0.05567997 6.82639e-07
1752128801.362 70.327 0.05573584 7.93214e-07
1752128801.372 70.392 0.05581778 1.09918e-06
1752128801.382 70.457 0.05585037 1.28953e-06
1752128801.392 70.522 0.05590810 1.29736e-06
1752128801.402 70.587 0.05596490 1.47220e-06
1752128801.412 70.651 0.05601239 1.71343e-06
1752128801.422 70.716 0.05609339 1.95528e-06
1752128801.432 70.781 0.05612505 1.96984e-06
1752128801.442 70.845 0.05618464 1.85497e-06
1752128801.452 70.910 0.05624982 1.64238e-06
1752128801.462 70.974 0.05628800 1.41465e-06
1752128801.472 71.039 0.05635411 1.22617e-06
1752128801.482 71.103 0.05639415 1.09537e-06
1752128801.531 71.167 0.05666232 3.15890e-07
1752128801.540 71.231 0.05671167 2.09548e-07
1752128801.550 71.296 0.05676939 2.59450e-07
1752128801.555 71.360 0.05680664 2.02659e-07
1752128801.562 71.424 0.05680664 2.65010e-07
1752128801.572 71.488 0.05686903 1.90208e-07
1752128801.582 71.552 0.05692024 2.57525e-07
1752128801.592 71.615 0.05695562 1.84735e-07
1752128801.603 71.679 0.05705898 2.32299e-07
1752128801.615 71.743 0.05711578 2.55431e-07
1752128801.623 71.807 0.05713347 2.02376e-07
1752128801.632 71.870 0.05713347 2.66574e-07
1752128801.642 71.934 0.05719585 2.50857e-07
1752128801.652 71.997 0.05726569 3.13186e-07
1752128801.662 72.061 0.05727221 3.09309e-07
1752128801.672 72.124 0.05732156 3.76321e-07
1752128801.682 72.188 0.05732529 4.93905e-07
1752128801.692 72.251 0.05736346 4.74436e-07
1752128801.702 72.314 0.05741374 5.56054e-07
1752128801.712 72.377 0.05744354 6.20857e-07
1752128801.722 72.440 0.05750499 7.45197e-07
1752128801.732 72.504 0.05753106 8.84905e-07
1752128801.742 72.567 0.05757576 8.80415e-07
1752128801.752 72.630 0.05762231 9.09732e-07
1752128801.762 72.692 0.05764280 8.45586e-07
1752128801.772 72.755 0.05770891 9.30289e-07
1752128801.782 72.818 0.05772195 9.76358e-07
1752128801.792 72.881 0.05777502 8.69482e-07
1752128801.802 72.944 0.05783834 9.63480e-07
1752128801.812 73.006 0.05787745 1.02079e-06
1752128801.822 73.069 0.05795007 1.10286e-06
1752128801.832 73.131 0.05798732 1.33817e-06
1752128801.842 73.194 0.05804784 1.56945e-06
1752128801.852 73.256 0.05807857 2.05956e-06
1752128801.862 73.319 0.05811954 2.85002e-06
1752128801.872 73.381 0.05819124 3.43308e-06
1752128801.882 73.443 0.05823035 6.01482e-06
1752128801.892 73.505 0.05831043 1.08075e-05
1752128801.902 73.568 0.05838398 1.69893e-05
1752128801.912 73.630 0.05842867 3.12941e-05
1752128801.922 73.692 0.05849386 4.23729e-05
1752128801.932 73.754 0.05852738 6.04803e-05
1752128801.942 73.816 0.05859814 8.10586e-05
1752128801.952 73.878 0.05864097 1.19386e-04
1752128801.962 73.940 0.05867915 1.54383e-04
1752128801.972 74.001 0.05877134 2.05810e-04
1752128801.982 74.063 0.05880765 2.90333e-04
1752128801.992 74.125 0.05887004 3.49895e-04
1752128802.002 74.186 0.05892218 4.10014e-04
1752128802.012 74.248 0.05896966 4.61572e-04
1752128802.022 74.310 0.05902926 4.99610e-04
1752128802.032 74.371 0.05904974 4.83516e-04
1752128802.062 74.432 0.05920431 4.39490e-04
1752128802.088 74.494 0.05934398 1.69213e-04
1752128802.094 74.555 0.05940730 1.25791e-04
1752128802.102 74.617 0.05940730 8.97723e-05
1752128802.112 74.678 0.05945386 5.90992e-05
1752128802.122 74.739 0.05950507 3.33512e-05
1752128802.132 74.800 0.05953952 2.04224e-05
1752128802.142 74.861 0.05960749 1.22476e-05
1752128802.152 74.922 0.05964940 8.71657e-06
1752128802.162 74.983 0.05967454 6.43790e-06
1752128802.172 75.044 0.05973879 5.41353e-06
1752128802.182 75.105 0.05976113 4.47092e-06
1752128802.192 75.166 0.05981141 3.48659e-06
1752128802.202 75.227 0.05985797 3.26796e-06
1752128802.212 75.287 0.05989056 2.84827e-06
1752128802.222 75.348 0.05994270 2.45597e-06
1752128802.232 75.409 0.05995667 2.19650e-06
1752128802.242 75.469 0.06001626 2.01086e-06
1752128802.252 75.530 0.06006747 1.74500e-06
1752128802.262 75.590 0.06005816 1.43048e-06
1752128802.272 75.651 0.06010100 1.24073e-06
1752128802.282 75.711 0.06011962 1.16907e-06
1752128802.292 75.772 0.06016617 9.35905e-07
1752128802.302 75.832 0.06023042 9.10308e-07
1752128802.312 75.892 0.06023601 7.73968e-07
1752128802.322 75.952 0.06030678 7.15207e-07
1752128802.332 76.013 0.06034216 7.27571e-07
1752128802.342 76.073 0.06038778 6.42832e-07
1752128802.352 76.133 0.06043807 6.72860e-07
1752128802.362 76.193 0.06045390 6.18401e-07
1752128802.372 76.253 0.06052466 6.63101e-07
1752128802.382 76.313 0.06055911 7.66007e-07
1752128802.392 76.373 0.06062523 7.34075e-07
1752128802.402 76.432 0.06068016 8.32948e-07
1752128802.412 76.492 0.06070437 8.05348e-07
1752128802.422 76.552 0.06077793 8.19335e-07
1752128802.432 76.612 0.06080773 9.38362e-07
1752128802.442 76.671 0.06087663 8.80250e-07
1752128802.452 76.731 0.06094274 8.94470e-07
1752128802.462 76.790 0.06097626 8.10959e-07
1752128802.472 76.850 0.06104796 7.86642e-07
1752128802.482 76.909 0.06108521 7.82695e-07
1752128802.492 76.969 0.06114107 6.86597e-07
1752128802.502 77.028 0.06122022 7.01354e-07
1752128802.512 77.087 0.06124629 5.88559e-07
1752128802.522 77.147 0.06131240 5.38495e-07
1752128802.532 77.206 0.06134592 5.75361e-07
1752128802.542 77.265 0.06141669 5.00048e-07
1752128802.552 77.324 0.06147162 5.11624e-07
1752128802.562 77.383 0.06149769 4.44080e-07
1752128802.572 77.442 0.06155636 4.81955e-07
1752128802.582 77.501 0.06158988 5.53587e-07
1752128802.612 77.560 0.06181987 4.99182e-07
1752128802.622 77.619 0.06181987 5.98356e-07
1752128802.632 77.678 0.06184408 7.00372e-07
1752128802.642 77.737 0.06190181 6.79130e-07
1752128802.652 77.796 0.06195023 7.38352e-07
1752128802.662 77.855 0.06198561 7.23107e-07
1752128802.672 77.913 0.06205824 8.05428e-07
1752128802.682 77.972 0.06209269 9.18855e-07
1752128802.692 78.031 0.06212528 8.96196e-07
1752128802.702 78.089 0.06216812 9.96672e-07
1752128802.711 78.148 0.06219698 9.51967e-07
1752128802.721 78.206 0.06226495 9.81378e-07
1752128802.731 78.265 0.06227985 1.09433e-06
1752128802.741 78.323 0.06233479 1.10263e-06
1752128802.751 78.381 0.06237669 1.12568e-06
1752128802.761 78.440 0.06239531 1.05356e-06
1752128802.771 78.498 0.06245956 1.13445e-06
1752128802.781 78.556 0.06248749 1.17663e-06
1752128802.791 78.614 0.06253219 1.09321e-06
1752128802.801 78.672 0.06256943 1.17074e-06
1752128802.811 78.730 0.06258526 1.09732e-06
1752128802.821 78.788 0.06265882 1.08372e-06
1752128802.831 78.846 0.06266534 1.11085e-06
1752128802.841 78.904 0.06270351 1.08172e-06
1752128802.851 78.962 0.06276125 1.16474e-06
1752128802.861 79.020 0.06278452 1.26886e-06
1752128802.871 79.078 0.06285250 1.48709e-06
1752128802.881 79.136 0.06288509 1.97110e-06
1752128802.891 79.194 0.06293350 2.34729e-06
1752128802.901 79.251 0.06299217 2.62512e-06
1752128802.911 79.309 0.06302382 2.85985e-06
1752128802.921 79.367 0.06308714 3.57926e-06
1752128802.931 79.424 0.06310949 4.22566e-06
1752128802.941 79.482 0.06316815 4.82886e-06
1752128802.951 79.539 0.06321843 5.95745e-06
1752128802.961 79.597 0.06325940 6.67497e-06
1752128802.971 79.654 0.06332272 7.25326e-06
1752128802.981 79.711 0.06334879 8.54277e-06
1752128802.991 79.769 0.06341118 9.58750e-06
1752128803.001 79.826 0.06345587 1.05789e-05
1752128803.011 79.883 0.06349498 1.14628e-05
1752128803.021 79.940 0.06357971 1.24629e-05
1752128803.031 79.998 0.06360392 1.31507e-05
1752128803.041 80.055 0.06367841 1.34919e-05
1752128803.051 80.112 0.06372218 1.36960e-05
1752128803.061 80.169 0.06375756 1.47446e-05
1752128803.071 80.226 0.06384136 1.51882e-05
1752128803.081 80.283 0.06386464 1.51393e-05
1752128803.091 80.340 0.06392609 1.55396e-05
1752128803.101 80.397 0.06397451 1.55117e-05
1752128803.111 80.454 0.06399500 1.51537e-05
1752128803.121 80.510 0.06406111 1.56560e-05
1752128803.169 80.567 0.06427900 1.37999e-05
1752128803.177 80.624 0.06430414 1.06963e-05
1752128803.183 80.680 0.06435162 9.65115e-06
1752128803.191 80.737 0.06435162 8.93373e-06
1752128803.201 80.794 0.06441494 8.13857e-06
1752128803.211 80.850 0.06445032 6.81694e-06
1752128803.221 80.907 0.06451178 5.65693e-06
1752128803.231 80.963 0.06453785 4.88475e-06
1752128803.241 81.020 0.06459372 3.89195e-06
1752128803.251 81.076 0.06463283 3.44885e-06
1752128803.261 81.132 0.06465424 2.98429e-06
1752128803.271 81.189 0.06471942 2.81408e-06
1752128803.281 81.245 0.06473804 2.54775e-06
1752128803.291 81.301 0.06478367 2.32308e-06
1752128803.301 81.358 0.06482837 2.21058e-06
1752128803.311 81.414 0.06484233 2.02091e-06
1752128803.321 81.470 0.06490099 1.89811e-06
1752128803.331 81.526 0.06491589 1.80761e-06
1752128803.341 81.582 0.06494569 1.64132e-06
1752128803.351 81.638 0.06499783 1.62560e-06
1752128803.361 81.694 0.06501645 1.52463e-06
1752128803.371 81.750 0.06506860 1.44660e-06
1752128803.381 81.806 0.06509374 1.35657e-06
1752128803.391 81.862 0.06513377 1.35837e-06
1752128803.401 81.918 0.06516823 1.29914e-06
1752128803.411 81.973 0.06519430 1.04808e-06
1752128803.421 82.029 0.06526227 1.17268e-06
1752128803.431 82.085 0.06527997 1.14775e-06
1752128803.441 82.140 0.06531442 9.80081e-07
1752128803.451 82.196 0.06536563 1.09263e-06
1752128803.461 82.252 0.06538984 1.01232e-06
1752128803.471 82.307 0.06546340 9.50250e-07
1752128803.481 82.363 0.06548761 1.04727e-06
1752128803.491 82.418 0.06554534 9.88320e-07
1752128803.501 82.474 0.06559748 1.01040e-06
1752128803.511 82.529 0.06561052 9.45911e-07
1752128803.521 82.584 0.06568873 1.03752e-06
1752128803.531 82.640 0.06573157 1.10605e-06
1752128803.541 82.695 0.06578371 1.06796e-06
1752128803.551 82.750 0.06584609 1.11368e-06
1752128803.561 82.806 0.06587868 1.07611e-06
1752128803.571 82.861 0.06594759 1.14318e-06
1752128803.581 82.916 0.06598018 1.17431e-06
1752128803.591 82.971 0.06603139 1.22083e-06
1752128803.601 83.026 0.06608540 1.28738e-06
1752128803.611 83.081 0.06612078 1.21378e-06
1752128803.621 83.136 0.06618503 1.26309e-06
1752128803.631 83.191 0.06619899 1.34369e-06
1752128803.641 83.246 0.06625300 1.26004e-06
1752128803.651 83.301 0.06630701 1.24470e-06
1752128803.661 83.356 0.06635728 1.25033e-06
1752128803.671 83.411 0.06643271 1.22859e-06
1752128803.701 83.465 0.06653886 1.21308e-06
1752128803.725 83.520 0.06666083 9.59416e-07
1752128803.731 83.575 0.06670274 1.01539e-06
1752128803.741 83.630 0.06670274 9.70811e-07
1752128803.751 83.684 0.06674464 9.63409e-07
1752128803.761 83.739 0.06677723 8.89055e-07
1752128803.771 83.793 0.06684613 9.21219e-07
1752128803.781 83.848 0.06686662 9.70263e-07
1752128803.791 83.902 0.06691504 9.28043e-07
1752128803.801 83.957 0.06697649 1.04348e-06
1752128803.811 84.011 0.06701001 1.40906e-06
1752128803.821 84.066 0.06706122 2.52014e-06
1752128803.831 84.120 0.06705098 3.84428e-06
1752128803.841 84.174 0.06710126 6.20951e-06
1752128803.851 84.229 0.06715341 9.32274e-06
1752128803.861 84.283 0.06717110 1.24751e-05
1752128803.871 84.337 0.06721393 1.69921e-05
1752128803.881 84.391 0.06724000 2.06702e-05
1752128803.891 84.446 0.06727539 2.48459e-05
1752128803.901 84.500 0.06730425 2.85609e-05
1752128803.911 84.554 0.06734242 3.35488e-05
1752128803.921 84.608 0.06738340 3.91675e-05
1752128803.931 84.662 0.06740109 4.47620e-05
1752128803.941 84.716 0.06745230 5.29228e-05
1752128803.951 84.770 0.06749141 5.83473e-05
1752128803.961 84.824 0.06751841 6.41069e-05
1752128803.971 84.878 0.06756869 7.06893e-05
1752128803.981 84.931 0.06758918 7.74636e-05
1752128803.991 84.985 0.06763853 8.48925e-05
1752128804.001 85.039 0.06767763 9.20533e-05
1752128804.011 85.093 0.06769160 9.80057e-05
1752128804.021 85.146 0.06777540 1.05453e-04
1752128804.031 85.200 0.06781265 1.11648e-04
1752128804.041 85.254 0.06785921 1.15448e-04
1752128804.051 85.307 0.06791042 1.17086e-04
1752128804.061 85.361 0.06793742 1.21189e-04
1752128804.071 85.414 0.06800819 1.20067e-04
1752128804.081 85.468 0.06802495 1.23139e-04
1752128804.091 85.521 0.06808361 1.23873e-04
1752128804.101 85.575 0.06813669 1.26477e-04
1752128804.111 85.628 0.06815996 1.30295e-04
1752128804.121 85.682 0.06823446 1.28487e-04
1752128804.131 85.735 0.06825960 1.33555e-04
1752128804.141 85.788 0.06831174 1.35825e-04
1752128804.151 85.842 0.06836947 1.42044e-04
1752128804.161 85.895 0.06840206 1.49507e-04
1752128804.171 85.948 0.06847934 1.50177e-04
1752128804.181 86.001 0.06849703 1.59026e-04
1752128804.191 86.054 0.06855569 1.59244e-04
1752128804.201 86.107 0.06861529 1.52997e-04
1752128804.211 86.160 0.06863484 1.58794e-04
1752128804.221 86.214 0.06870468 1.55031e-04
1752128804.250 86.267 0.06882666 1.45014e-04
1752128804.260 86.319 0.06885645 1.14945e-04
1752128804.267 86.372 0.06890487 1.08449e-04
1752128804.273 86.425 0.06893932 1.02947e-04
1752128804.281 86.478 0.06893932 9.50655e-05
1752128804.291 86.531 0.06898122 8.62413e-05
1752128804.301 86.584 0.06902685 7.85414e-05
1752128804.311 86.637 0.06905478 6.89795e-05
1752128804.321 86.689 0.06910414 5.87997e-05
1752128804.331 86.742 0.06913393 5.16955e-05
1752128804.341 86.795 0.06920004 4.35759e-05
1752128804.351 86.847 0.06923915 4.35451e-05
1752128804.361 86.900 0.06924474 3.34687e-05
1752128804.371 86.953 0.06931829 3.40305e-05
1752128804.381 87.005 0.06931829 2.75451e-05
1752128804.391 87.058 0.06936578 2.55979e-05
1752128804.401 87.110 0.06942537 2.47010e-05
1752128804.411 87.163 0.06944027 2.43096e-05
1752128804.421 87.215 0.06949428 2.11129e-05
1752128804.431 87.268 0.06950452 2.06221e-05
1752128804.441 87.320 0.06955574 2.10074e-05
1752128804.451 87.372 0.06960974 1.91372e-05
1752128804.461 87.425 0.06964140 1.86673e-05
1752128804.471 87.477 0.06970565 1.74326e-05
1752128804.481 87.529 0.06972147 1.76174e-05
1752128804.491 87.581 0.06976524 1.58424e-05
1752128804.500 87.633 0.06980528 1.51765e-05
1752128804.510 87.686 0.06981924 1.41537e-05
1752128804.520 87.738 0.06988908 1.42229e-05
1752128804.530 87.790 0.06991888 1.30617e-05
1752128804.540 87.842 0.06996822 1.21795e-05
1752128804.550 87.894 0.07002968 1.17417e-05
1752128804.560 87.946 0.07004737 1.09685e-05
1752128804.570 87.998 0.07011255 1.01859e-05
1752128804.580 88.050 0.07014049 9.82741e-06
1752128804.590 88.102 0.07016842 9.52029e-06
1752128804.600 88.154 0.07021777 9.27228e-06
1752128804.610 88.205 0.07025967 8.86814e-06
1752128804.620 88.257 0.07034068 8.59506e-06
1752128804.630 88.309 0.07036210 8.17285e-06
1752128804.640 88.361 0.07040865 7.87093e-06
1752128804.650 88.412 0.07046173 7.59472e-06
1752128804.660 88.464 0.07046452 6.98024e-06
1752128804.670 88.516 0.07053808 7.01143e-06
1752128804.680 88.567 0.07058277 6.86361e-06
1752128804.690 88.619 0.07062840 6.37781e-06
1752128804.700 88.671 0.07067123 6.34046e-06
1752128804.710 88.722 0.07071593 5.89374e-06
1752128804.720 88.774 0.07078669 5.24960e-06
1752128804.730 88.825 0.07079787 5.65819e-06
1752128804.740 88.877 0.07084070 5.33244e-06
1752128804.750 88.928 0.07089564 4.85697e-06
1752128804.760 88.979 0.07091985 4.12493e-06
1752128804.809 89.031 0.07110794 3.92472e-06
1752128804.815 89.082 0.07117404 3.36807e-06
1752128804.822 89.133 0.07118801 3.15175e-06
1752128804.830 89.185 0.07118801 3.08325e-06
1752128804.840 89.236 0.07125040 3.08693e-06
1752128804.850 89.287 0.07128578 2.80331e-06
1752128804.860 89.338 0.07130719 2.78001e-06
1752128804.870 89.390 0.07137796 2.72366e-06
1752128804.880 89.441 0.07141241 2.51035e-06
1752128804.890 89.492 0.07144873 2.24645e-06
1752128804.900 89.543 0.07149156 2.46117e-06
1752128804.910 89.594 0.07151204 2.32681e-06
1752128804.920 89.645 0.07156419 2.18316e-06
1752128804.930 89.696 0.07157909 2.35834e-06
1752128804.940 89.747 0.07164240 2.29292e-06
1752128804.950 89.798 0.07166382 2.12518e-06
1752128804.960 89.849 0.07165358 2.17410e-06
1752128804.970 89.899 0.07172434 2.27395e-06
1752128804.980 89.950 0.07173645 2.26710e-06
1752128804.990 90.001 0.07177090 2.11103e-06
1752128805.000 90.052 0.07182863 2.32401e-06
1752128805.010 90.103 0.07183515 2.19893e-06
1752128805.020 90.153 0.07187519 2.16317e-06
1752128805.030 90.204 0.07188823 2.15944e-06
1752128805.040 90.255 0.07192268 2.23043e-06
1752128805.050 90.305 0.07197202 2.18659e-06
1752128805.061 90.356 0.07200276 2.08896e-06
1752128805.071 90.407 0.07205117 2.01463e-06
1752128805.081 90.457 0.07206979 2.10755e-06
1752128805.091 90.508 0.07210797 2.09461e-06
1752128805.101 90.558 0.07215639 2.11866e-06
1752128805.111 90.609 0.07218153 1.96625e-06
1752128805.120 90.659 0.07224485 1.93963e-06
1752128805.130 90.709 0.07227278 2.01315e-06
1752128805.140 90.760 0.07231562 1.93267e-06
1752128805.150 90.810 0.07237614 1.99389e-06
1752128805.160 90.860 0.07240035 1.94086e-06
1752128805.170 90.911 0.07246739 1.90393e-06
1752128805.180 90.961 0.07248229 1.92578e-06
1752128805.190 91.011 0.07253350 1.91494e-06
1752128805.200 91.062 0.07258751 1.90025e-06
1752128805.210 91.112 0.07261358 1.75322e-06
1752128805.220 91.162 0.07269179 1.73686e-06
1752128805.230 91.212 0.07270576 1.77917e-06
1752128805.240 91.262 0.07275511 1.65779e-06
1752128805.250 91.312 0.07282029 1.56151e-06
1752128805.260 91.362 0.07283798 1.48417e-06
1752128805.270 91.412 0.07291899 1.46277e-06
1752128805.280 91.462 0.07293668 1.45547e-06
1752128805.290 91.512 0.07298045 1.30554e-06
1752128805.300 91.562 0.07304097 1.31574e-06
1752128805.310 91.612 0.07306704 1.20716e-06
1752128805.339 91.662 0.07318715 1.15112e-06
1752128805.364 91.712 0.07331659 1.00910e-06
1752128805.370 91.762 0.07331659 9.56697e-07
1752128805.380 91.811 0.07333893 9.58995e-07
1752128805.390 91.861 0.07339387 8.44456e-07
1752128805.400 91.911 0.07343391 8.24961e-07
1752128805.410 91.961 0.07343856 7.49684e-07
1752128805.420 92.010 0.07350560 7.19273e-07
1752128805.430 92.060 0.07351026 7.44764e-07
1752128805.440 92.110 0.07355309 6.59587e-07
1752128805.450 92.159 0.07362013 6.61506e-07
1752128805.460 92.209 0.07363690 5.68233e-07
1752128805.470 92.258 0.07369183 5.55247e-07
1752128805.480 92.308 0.07369928 5.85390e-07
1752128805.490 92.358 0.07374398 5.26457e-07
1752128805.500 92.407 0.07379426 5.36184e-07
1752128805.510 92.456 0.07380543 4.62569e-07
1752128805.520 92.506 0.07385385 4.83323e-07
1752128805.530 92.555 0.07386316 5.36608e-07
1752128805.540 92.605 0.07388644 4.73587e-07
1752128805.550 92.654 0.07392555 5.08433e-07
1752128805.560 92.703 0.07393299 4.59515e-07
1752128805.570 92.753 0.07399259 4.66759e-07
1752128805.580 92.802 0.07401214 5.28126e-07
1752128805.590 92.851 0.07403914 4.85594e-07
1752128805.600 92.900 0.07408850 5.25640e-07
1752128805.610 92.950 0.07411829 4.69311e-07
1752128805.620 92.999 0.07417881 4.79383e-07
1752128805.630 93.048 0.07419465 5.47418e-07
1752128805.640 93.097 0.07424027 5.00949e-07
1752128805.650 93.146 0.07426634 5.37865e-07
1752128805.660 93.195 0.07428682 4.90942e-07
1752128805.670 93.244 0.07435201 4.88704e-07
1752128805.680 93.293 0.07439111 5.52586e-07
1752128805.690 93.342 0.07442370 5.26961e-07
1752128805.700 93.391 0.07447305 5.45950e-07
1752128805.710 93.440 0.07450005 4.95365e-07
1752128805.720 93.489 0.07456803 5.20330e-07
1752128805.730 93.538 0.07457362 5.77723e-07
1752128805.740 93.587 0.07460713 5.17872e-07
1752128805.750 93.636 0.07467976 5.67400e-07
1752128805.760 93.684 0.07469559 5.07687e-07
1752128805.770 93.733 0.07476543 5.07096e-07
1752128805.780 93.782 0.07480733 5.48314e-07
1752128805.790 93.831 0.07484550 5.16204e-07
1752128805.800 93.879 0.07489113 5.38404e-07
1752128805.810 93.928 0.07492465 4.61709e-07
1752128805.820 93.977 0.07498518 4.44613e-07
1752128805.830 94.025 0.07499914 5.14782e-07
1752128805.840 94.074 0.07505594 4.49503e-07
1752128805.850 94.123 0.07509319 4.62923e-07
1752128805.860 94.171 0.07512298 4.04193e-07
1752128805.890 94.220 0.07531759 3.93569e-07
1752128805.900 94.268 0.07531759 3.05142e-07
1752128805.910 94.317 0.07533528 3.44977e-07
1752128805.920 94.365 0.07538649 3.30556e-07
1752128805.930 94.414 0.07540605 3.82077e-07
1752128805.940 94.462 0.07545726 3.34063e-07
1752128805.950 94.510 0.07549451 3.72898e-07
1752128805.960 94.559 0.07549917 2.99955e-07
1752128805.970 94.607 0.07556527 2.97706e-07
1752128805.980 94.655 0.07560717 3.28261e-07
1752128805.990 94.704 0.07563232 3.06043e-07
1752128806.000 94.752 0.07568725 3.39652e-07
1752128806.010 94.800 0.07571146 2.58429e-07
1752128806.020 94.848 0.07577385 2.71051e-07
1752128806.030 94.896 0.07577850 3.35228e-07
1752128806.040 94.945 0.07580923 2.73292e-07
1752128806.050 94.993 0.07584834 3.15321e-07
1752128806.060 95.041 0.07586324 2.50367e-07
1752128806.070 95.089 0.07591072 2.54803e-07
1752128806.080 95.137 0.07593121 3.21753e-07
1752128806.090 95.185 0.07595356 2.86346e-07
1752128806.100 95.233 0.07598894 3.18536e-07
1752128806.110 95.281 0.07604108 2.41188e-07
1752128806.120 95.329 0.07609509 2.69061e-07
1752128806.130 95.377 0.07608764 3.35993e-07
1752128806.140 95.425 0.07613792 2.87741e-07
1752128806.150 95.473 0.07617982 3.26670e-07
1752128806.160 95.521 0.07618820 2.67718e-07
1752128806.170 95.569 0.07626548 2.79872e-07
1752128806.180 95.616 0.07627852 3.48460e-07
1752128806.190 95.664 0.07631111 3.05389e-07
1752128806.200 95.712 0.07635115 3.54678e-07
1752128806.210 95.760 0.07637163 2.84021e-07
1752128806.220 95.807 0.07643682 2.83704e-07
1752128806.230 95.855 0.07646568 3.66909e-07
1752128806.240 95.903 0.07651224 3.27500e-07
1752128806.250 95.950 0.07656531 3.67940e-07
1752128806.260 95.998 0.07658580 3.09595e-07
1752128806.270 96.046 0.07664446 3.21527e-07
1752128806.279 96.093 0.07666587 3.94717e-07
1752128806.289 96.141 0.07671243 3.79285e-07
1752128806.299 96.188 0.07676830 4.22305e-07
1752128806.309 96.236 0.07677947 3.88166e-07
1752128806.319 96.283 0.07683721 4.12324e-07
1752128806.329 96.331 0.07686979 5.26923e-07
1752128806.339 96.378 0.07691262 5.27931e-07
1752128806.349 96.426 0.07697129 6.44186e-07
1752128806.359 96.473 0.07699270 6.61673e-07
1752128806.369 96.520 0.07704671 7.73290e-07
1752128806.379 96.568 0.07705882 9.89092e-07
1752128806.389 96.615 0.07710723 1.09349e-06
1752128806.399 96.662 0.07716124 1.31763e-06
1752128806.450 96.710 0.07738099 2.02148e-06
1752128806.460 96.757 0.07738099 2.52697e-06
1752128806.470 96.804 0.07744896 2.65437e-06
1752128806.480 96.851 0.07746944 3.21395e-06
1752128806.489 96.899 0.07750297 3.29785e-06
1752128806.499 96.946 0.07753928 3.45717e-06
1752128806.509 96.993 0.07756256 3.65121e-06
1752128806.519 97.040 0.07763239 3.87861e-06
1752128806.529 97.087 0.07762960 3.95051e-06
1752128806.539 97.134 0.07765660 3.88958e-06
1752128806.549 97.181 0.07770222 4.35584e-06
1752128806.559 97.228 0.07771060 4.51168e-06
1752128806.569 97.275 0.07776834 4.57990e-06
1752128806.579 97.322 0.07779161 5.02321e-06
1752128806.589 97.369 0.07780186 5.09703e-06
1752128806.599 97.416 0.07784749 5.31739e-06
1752128806.609 97.463 0.07784097 5.20640e-06
1752128806.619 97.510 0.07788845 5.79319e-06
1752128806.629 97.557 0.07790521 5.92880e-06
1752128806.639 97.604 0.07794153 5.98803e-06
1752128806.649 97.651 0.07798529 6.25878e-06
1752128806.659 97.697 0.07798529 6.29991e-06
1752128806.669 97.744 0.07803371 6.35354e-06
1752128806.679 97.791 0.07805513 6.52021e-06
1752128806.689 97.838 0.07808865 6.63553e-06
1752128806.699 97.884 0.07812217 6.72344e-06
1752128806.709 97.931 0.07813706 6.70717e-06
1752128806.719 97.978 0.07819387 6.72607e-06
1752128806.729 98.024 0.07820225 6.77365e-06
1752128806.739 98.071 0.07824601 6.70518e-06
1752128806.749 98.118 0.07829722 6.78886e-06
1752128806.759 98.164 0.07832143 6.59262e-06
1752128806.769 98.211 0.07838103 6.37822e-06
1752128806.779 98.257 0.07836892 6.32170e-06
1752128806.789 98.304 0.07843968 6.16183e-06
1752128806.799 98.350 0.07849928 5.86119e-06
1752128806.809 98.397 0.07851883 5.60404e-06
1752128806.819 98.443 0.07857749 5.44324e-06
1752128806.829 98.490 0.07860264 5.40598e-06
1752128806.839 98.536 0.07864919 5.00689e-06
1752128806.853 98.582 0.07873206 4.66916e-06
1752128806.859 98.629 0.07873206 4.65420e-06
1752128806.869 98.675 0.07879724 4.49140e-06
1752128806.879 98.721 0.07880189 4.34580e-06
1752128806.889 98.768 0.07886335 4.15974e-06
1752128806.899 98.814 0.07890711 4.14935e-06
1752128806.909 98.860 0.07892295 3.91236e-06
1752128806.919 98.906 0.07899185 3.78861e-06
1752128806.929 98.953 0.07901606 3.89200e-06
1752128806.939 98.999 0.07905330 3.77155e-06
1752128806.949 99.045 0.07910451 3.67850e-06
1752128806.980 99.091 0.07923580 3.60633e-06
1752128807.003 99.137 0.07930005 3.37228e-06
1752128807.010 99.183 0.07937175 3.65990e-06
1752128807.020 99.229 0.07937175 3.57873e-06
1752128807.030 99.276 0.07937455 3.60668e-06
1752128807.040 99.322 0.07942296 3.53236e-06
1752128807.049 99.368 0.07947325 3.58861e-06
1752128807.060 99.414 0.07949559 3.52405e-06
1752128807.070 99.460 0.07953656 3.31521e-06
1752128807.080 99.505 0.07955053 3.33376e-06
1752128807.090 99.551 0.07957847 3.13002e-06
1752128807.099 99.597 0.07965016 3.01366e-06
1752128807.109 99.643 0.07965109 2.92268e-06
1752128807.119 99.689 0.07971069 2.72438e-06
1752128807.129 99.735 0.07971255 2.71192e-06
1752128807.139 99.781 0.07973676 2.47424e-06
1752128807.149 99.827 0.07977959 2.23622e-06
1752128807.159 99.872 0.07978517 2.28314e-06
1752128807.169 99.918 0.07983359 2.00880e-06
1752128807.179 99.964 0.07984570 1.94681e-06
1752128807.189 100.010 0.07987549 1.69379e-06
1752128807.199 100.055 0.07989691 1.72537e-06
1752128807.209 100.101 0.07993788 1.56598e-06
1752128807.219 100.147 0.07999002 1.30156e-06
1752128807.229 100.192 0.08000213 1.26350e-06
1752128807.239 100.238 0.08004589 1.06557e-06
1752128807.249 100.283 0.08008314 9.46303e-07
1752128807.259 100.329 0.08008779 9.02066e-07
1752128807.269 100.375 0.08014553 7.68142e-07
1752128807.279 100.420 0.08016135 6.91815e-07
1752128807.289 100.466 0.08019394 6.45750e-07
1752128807.299 100.511 0.08024143 6.32436e-07
1752128807.309 100.557 0.08025726 5.46813e-07
1752128807.319 100.602 0.08031126 4.41106e-07
1752128807.329 100.647 0.08032709 5.18816e-07
1752128807.339 100.693 0.08037086 4.38853e-07
1752128807.349 100.738 0.08044628 4.75823e-07
1752128807.359 100.784 0.08046397 4.62203e-07
1752128807.369 100.829 0.08051798 3.40040e-07
1752128807.379 100.874 0.08053474 4.12900e-07
1752128807.389 100.920 0.08057105 3.44664e-07
1752128807.399 100.965 0.08062320 3.62185e-07
1752128807.409 101.010 0.08065951 3.37532e-07
1752128807.419 101.055 0.08072097 2.62442e-07
1752128807.429 101.101 0.08073493 3.23420e-07
1752128807.439 101.146 0.08077683 2.70534e-07
1752128807.449 101.191 0.08084387 3.13134e-07
1752128807.459 101.236 0.08086063 2.47337e-07
1752128807.469 101.281 0.08090812 2.31232e-07
1752128807.479 101.326 0.08093233 2.56570e-07
1752128807.489 101.372 0.08096399 2.38752e-07
1752128807.499 101.417 0.08102079 2.88558e-07
1752128807.551 101.462 0.08120515 2.88401e-07
1752128807.559 101.507 0.08120515 2.97093e-07
1752128807.569 101.552 0.08127499 2.05373e-07
1752128807.579 101.597 0.08129361 2.85293e-07
1752128807.589 101.642 0.08133179 2.41098e-07
1752128807.599 101.687 0.08137928 3.05180e-07
1752128807.609 101.732 0.08140535 3.15568e-07
1752128807.619 101.777 0.08145563 2.26339e-07
1752128807.629 101.822 0.08147425 2.93751e-07
1752128807.639 101.866 0.08149846 2.61577e-07
1752128807.649 101.911 0.08154129 3.24320e-07
1752128807.659 101.956 0.08154222 3.10536e-07
1752128807.669 102.001 0.08160554 2.40059e-07
1752128807.679 102.046 0.08160927 3.34507e-07
1752128807.689 102.091 0.08162882 2.99352e-07
1752128807.699 102.135 0.08167351 3.83865e-07
1752128807.709 102.180 0.08169679 3.68378e-07
1752128807.719 102.225 0.08174056 3.57611e-07
1752128807.729 102.270 0.08173590 4.26073e-07
1752128807.739 102.314 0.08177408 4.25199e-07
1752128807.749 102.359 0.08179922 5.45113e-07
1752128807.759 102.404 0.08180015 5.29690e-07
1752128807.769 102.448 0.08185136 5.36929e-07
1752128807.779 102.493 0.08186998 6.63741e-07
1752128807.789 102.537 0.08189605 7.33082e-07
1752128807.799 102.582 0.08193516 8.47534e-07
1752128807.809 102.627 0.08193796 9.14139e-07
1752128807.819 102.671 0.08200127 9.09492e-07
1752128807.829 102.716 0.08201524 1.13332e-06
1752128807.839 102.760 0.08206273 1.18911e-06
1752128807.849 102.805 0.08210277 1.32974e-06
1752128807.859 102.849 0.08210928 1.48648e-06
1752128807.869 102.893 0.08217074 1.70559e-06
1752128807.879 102.938 0.08221078 1.91592e-06
1752128807.889 102.982 0.08224337 2.32784e-06
1752128807.899 103.027 0.08227968 2.65967e-06
1752128807.909 103.071 0.08229831 3.00642e-06
1752128807.919 103.115 0.08235324 3.68202e-06
1752128807.929 103.160 0.08237932 4.64232e-06
1752128807.939 103.204 0.08243332 5.97838e-06
1752128807.949 103.248 0.08249012 7.50520e-06
1752128807.959 103.293 0.08249943 9.97196e-06
1752128807.969 103.337 0.08257299 1.12992e-05
1752128807.979 103.381 0.08257765 1.30616e-05
1752128807.989 103.425 0.08262513 1.53534e-05
1752128807.999 103.469 0.08267635 1.81187e-05
1752128808.009 103.514 0.08272663 2.28117e-05
1752128808.019 103.558 0.08277411 2.24795e-05
1752128808.029 103.602 0.08277039 2.86363e-05
1752128808.039 103.646 0.08280578 3.25504e-05
1752128808.049 103.690 0.08285326 3.79648e-05
1752128808.059 103.734 0.08287561 4.05872e-05
1752128808.103 103.778 0.08306835 5.12383e-05
1752128808.110 103.822 0.08311864 6.10497e-05
1752128808.119 103.866 0.08311864 6.50054e-05
1752128808.129 103.910 0.08313447 6.03163e-05
1752128808.139 103.954 0.08317450 6.95081e-05
1752128808.149 103.998 0.08321268 7.26857e-05
1752128808.159 104.042 0.08323875 7.00376e-05
1752128808.169 104.086 0.08328065 7.59239e-05
1752128808.179 104.130 0.08330114 7.76888e-05
1752128808.189 104.174 0.08334304 7.88185e-05
1752128808.199 104.218 0.08337470 8.04708e-05
1752128808.209 104.262 0.08338401 8.35563e-05
1752128808.219 104.305 0.08345291 8.45595e-05
1752128808.229 104.349 0.08346036 8.51780e-05
1752128808.238 104.393 0.08349481 8.43747e-05
1752128808.248 104.437 0.08354230 8.34975e-05
1752128808.258 104.481 0.08355162 8.31047e-05
1752128808.269 104.524 0.08357024 8.31948e-05
1752128808.279 104.568 0.08357303 8.37368e-05
1752128808.289 104.612 0.08362145 8.01898e-05
1752128808.299 104.655 0.08364379 7.66546e-05
1752128808.309 104.699 0.08365497 7.66617e-05
1752128808.319 104.743 0.08369873 7.58433e-05
1752128808.329 104.786 0.08371735 7.10771e-05
1752128808.339 104.830 0.08375553 7.10410e-05
1752128808.349 104.874 0.08380302 6.65794e-05
1752128808.359 104.917 0.08382444 6.32467e-05
1752128808.369 104.961 0.08387192 6.46760e-05
1752128808.379 105.004 0.08388403 5.88328e-05
1752128808.389 105.048 0.08389986 5.66323e-05
1752128808.399 105.091 0.08393524 5.38785e-05
1752128808.409 105.135 0.08395572 5.07183e-05
1752128808.419 105.178 0.08400787 4.85307e-05
1752128808.429 105.222 0.08403394 4.67353e-05
1752128808.439 105.265 0.08407770 4.41784e-05
1752128808.449 105.309 0.08411961 4.34128e-05
1752128808.459 105.352 0.08416057 4.00843e-05
1752128808.469 105.395 0.08421924 3.83808e-05
1752128808.479 105.439 0.08423227 3.78946e-05
1752128808.489 105.482 0.08427045 3.48891e-05
1752128808.499 105.525 0.08432631 3.35760e-05
1752128808.509 105.569 0.08434680 3.24853e-05
1752128808.519 105.612 0.08440360 3.22781e-05
1752128808.529 105.655 0.08443619 3.06766e-05
1752128808.539 105.699 0.08447995 2.94693e-05
1752128808.548 105.742 0.08450882 2.94650e-05
1752128808.559 105.785 0.08452465 2.88436e-05
1752128808.569 105.828 0.08458517 2.82320e-05
1752128808.579 105.871 0.08460752 2.85784e-05
1752128808.588 105.915 0.08465873 3.23102e-05
1752128808.598 105.958 0.08471832 3.15975e-05
1752128808.608 106.001 0.08474253 3.16091e-05
1752128808.652 106.044 0.08487941 3.24413e-05
1752128808.659 106.087 0.08493807 3.34139e-05
1752128808.668 106.130 0.08493807 3.43430e-05
1752128808.678 106.173 0.08496042 3.71292e-05
1752128808.688 106.216 0.08499022 3.68857e-05
1752128808.698 106.259 0.08503491 3.76450e-05
1752128808.708 106.302 0.08505074 3.94657e-05
1752128808.718 106.345 0.08511126 3.98287e-05
1752128808.728 106.388 0.08512989 3.90995e-05
1752128808.738 106.431 0.08515875 3.92913e-05
1752128808.748 106.474 0.08519879 4.10305e-05
1752128808.758 106.517 0.08522672 4.10197e-05
1752128808.768 106.560 0.08527142 3.97350e-05
1752128808.778 106.603 0.08526583 3.85300e-05
1752128808.788 106.646 0.08529842 3.64690e-05
1752128808.798 106.689 0.08533660 3.85322e-05
1752128808.808 106.732 0.08535708 3.69986e-05
1752128808.818 106.774 0.08541760 3.70939e-05
1752128808.828 106.817 0.08540457 3.32979e-05
1752128808.838 106.860 0.08543344 3.33128e-05
1752128808.848 106.903 0.08546603 2.99373e-05
1752128808.858 106.946 0.08549303 3.03873e-05
1752128808.868 106.988 0.08551724 2.94474e-05
1752128808.878 107.031 0.08553306 2.61027e-05
1752128808.888 107.074 0.08558800 2.33272e-05
1752128808.898 107.116 0.08562339 2.43311e-05
1752128808.908 107.159 0.08561594 2.09427e-05
1752128808.918 107.202 0.08566063 1.67013e-05
1752128808.928 107.244 0.08569322 1.60779e-05
1752128808.938 107.287 0.08574350 1.52895e-05
1752128808.948 107.330 0.08576865 1.30759e-05
1752128808.958 107.372 0.08577889 1.10647e-05
1752128808.968 107.415 0.08585617 9.45511e-06
1752128808.978 107.457 0.08586642 7.38117e-06
1752128808.988 107.500 0.08589993 6.56811e-06
1752128808.998 107.542 0.08594463 5.81055e-06
1752128809.008 107.585 0.08596604 4.74322e-06
1752128809.018 107.627 0.08603495 4.47938e-06
1752128809.028 107.670 0.08606195 3.86928e-06
1752128809.038 107.712 0.08608336 3.89787e-06
1752128809.048 107.755 0.08613458 3.32600e-06
1752128809.058 107.797 0.08614668 2.77079e-06
1752128809.068 107.839 0.08620442 2.69150e-06
1752128809.078 107.882 0.08621745 2.53003e-06
1752128809.088 107.924 0.08627052 2.18194e-06
1752128809.098 107.967 0.08631708 2.08840e-06
1752128809.108 108.009 0.08633012 2.02606e-06
1752128809.118 108.051 0.08639343 1.94799e-06
1752128809.128 108.093 0.08641578 1.70288e-06
1752128809.138 108.136 0.08646327 1.72147e-06
1752128809.148 108.178 0.08650703 1.72939e-06
1752128809.158 108.220 0.08651820 1.61025e-06
1752128809.202 108.263 0.08667557 1.44301e-06
1752128809.208 108.305 0.08667557 1.13524e-06
1752128809.218 108.347 0.08673143 1.23713e-06
1752128809.228 108.389 0.08675937 1.28628e-06
1752128809.238 108.431 0.08679382 1.07430e-06
1752128809.248 108.473 0.08681710 1.17274e-06
1752128809.258 108.516 0.08684969 1.14729e-06
1752128809.268 108.558 0.08689811 9.33771e-07
1752128809.287 108.600 0.08695491 1.06103e-06
1752128809.292 108.642 0.08700147 1.00223e-06
1752128809.298 108.684 0.08700147 8.85668e-07
1752128809.308 108.726 0.08701450 1.03957e-06
1752128809.318 108.768 0.08705175 8.37183e-07
1752128809.328 108.810 0.08706385 9.49563e-07
1752128809.338 108.852 0.08708526 9.26515e-07
1752128809.348 108.894 0.08711506 9.98877e-07
1752128809.358 108.936 0.08712624 7.84487e-07
1752128809.368 108.978 0.08718303 8.47104e-07
1752128809.378 109.020 0.08719235 9.34515e-07
1752128809.388 109.062 0.08722680 8.83583e-07
1752128809.398 109.104 0.08726591 8.28288e-07
1752128809.408 109.146 0.08726684 7.85771e-07
1752128809.418 109.188 0.08730874 8.00080e-07
1752128809.428 109.229 0.08731619 8.60726e-07
1752128809.438 109.271 0.08735437 7.38689e-07
1752128809.448 109.313 0.08739906 8.34493e-07
1752128809.458 109.355 0.08739720 7.53602e-07
1752128809.468 109.397 0.08744934 6.77821e-07
1752128809.478 109.438 0.08746424 7.99848e-07
1752128809.488 109.480 0.08750614 7.32195e-07
1752128809.498 109.522 0.08753687 7.59837e-07
1752128809.508 109.564 0.08755363 7.01390e-07
1752128809.518 109.605 0.08761136 6.94045e-07
1752128809.528 109.647 0.08764674 7.33870e-07
1752128809.538 109.689 0.08767840 7.06534e-07
1752128809.548 109.730 0.08771844 7.59466e-07
1752128809.558 109.772 0.08774078 6.95785e-07
1752128809.568 109.814 0.08778548 6.91449e-07
1752128809.578 109.855 0.08779945 7.49387e-07
1752128809.588 109.897 0.08784228 6.60429e-07
1752128809.598 109.939 0.08790373 7.20252e-07
1752128809.608 109.980 0.08793725 6.54108e-07
1752128809.618 110.022 0.08797636 6.48598e-07
