1752129469.914 33.800 0.02787071 8.31509e-08
1752129469.920 33.935 0.02786699 2.39827e-08
1752129469.926 34.069 0.02787537 8.14948e-08
1752129469.935 34.203 0.02787537 5.10449e-08
1752129469.945 34.336 0.02785768 8.90912e-08
1752129469.993 34.469 0.02782974 7.39514e-08
1752129470.000 34.602 0.02784837 -1.84180e-09
1752129470.007 34.733 0.02785488 2.16813e-08
1752129470.016 34.865 0.02785488 7.80374e-08
1752129470.025 34.996 0.02785954 1.01356e-08
1752129470.035 35.126 0.02787909 6.64988e-08
1752129470.045 35.256 0.02785488 8.97368e-08
1752129470.093 35.385 0.02800666 6.90373e-08
1752129470.100 35.514 0.02805880 -3.09100e-09
1752129470.148 35.643 0.02832231 4.36305e-08
1752129470.156 35.771 0.02841636 4.95670e-09
1752129470.166 35.898 0.02841636 5.09370e-08
1752129470.214 36.025 0.02883257 8.42599e-08
1752129470.221 36.152 0.02890986 7.90049e-08
1752129470.230 36.278 0.02901228 5.16606e-07
1752129470.237 36.404 0.02906815 1.23293e-06
1752129470.246 36.530 0.02914543 3.49629e-06
1752129470.255 36.654 0.02914543 5.78674e-06
1752129470.265 36.779 0.02920782 9.26968e-06
1752129470.275 36.903 0.02927207 1.14332e-05
1752129470.285 37.027 0.02937170 1.16559e-05
1752129470.295 37.150 0.02940988 1.11615e-05
1752129470.305 37.273 0.02945085 9.40495e-06
1752129470.315 37.395 0.02950578 7.45143e-06
1752129470.325 37.517 0.02954117 5.02323e-06
1752129470.335 37.639 0.02961566 2.02959e-06
1752129470.345 37.760 0.02963149 7.21746e-07
1752129470.355 37.881 0.02969201 3.51908e-07
1752129470.365 38.002 0.02973671 1.96876e-07
1752129470.375 38.122 0.02975998 1.23225e-07
1752129470.385 38.241 0.02981026 8.69677e-08
1752129470.395 38.361 0.02985403 9.00025e-08
1752129470.466 38.480 0.03037453 1.95241e-08
1752129470.476 38.598 0.03037453 1.94984e-08
1752129470.486 38.717 0.03047509 1.00034e-08
1752129470.496 38.834 0.03055238 9.24014e-08
1752129470.545 38.952 0.03103750 6.95762e-08
1752129470.596 39.069 0.03153473 6.24232e-08
1752129470.663 39.186 0.03180941 6.83540e-08
1752129470.714 39.302 0.03192394 6.94246e-08
1752129470.720 39.419 0.03193604 1.84463e-08
1752129470.727 39.534 0.03196491 4.33616e-08
1752129470.775 39.650 0.03195746 7.16856e-08
1752129470.785 39.765 0.03195746 3.22948e-08
1752129470.832 39.880 0.03194815 -7.42540e-09
1752129470.883 39.994 0.03202916 -7.86550e-09
1752129470.933 40.108 0.03218559 -8.89460e-09
1752129471.004 40.222 0.03245469 4.09760e-09
1752129471.011 40.336 0.03247610 4.54936e-08
1752129471.059 40.449 0.03261577 7.34286e-08
1752129471.066 40.562 0.03262136 -3.30020e-09
1752129471.075 40.674 0.03262136 1.48313e-08
1752129471.085 40.786 0.03267536 -1.14883e-08
1752129471.132 40.898 0.03275824 -8.73930e-09
1752129471.182 41.010 0.03284763 -1.02233e-08
1752129471.233 41.121 0.03296029 -1.07669e-08
1752129471.283 41.232 0.03313069 -1.24156e-08
1752129471.333 41.343 0.03332995 -1.32107e-08
1752129471.383 41.453 0.03345473 -1.41277e-08
1752129471.433 41.564 0.03356273 -1.51272e-08
1752129471.483 41.673 0.03363257 -1.59578e-08
1752129471.542 41.783 0.03366982 7.06160e-08
1752129471.549 41.892 0.03369868 -3.11570e-09
1752129471.618 42.001 0.03377969 -1.22244e-08
1752129471.666 42.110 0.03386349 -5.04430e-09
1752129471.716 42.218 0.03396219 -1.23156e-08
1752129471.784 42.326 0.03412980 -4.73980e-09
1752129471.834 42.434 0.03423781 -1.88060e-09
1752129471.884 42.542 0.03431044 -9.55400e-10
1752129471.934 42.649 0.03438772 9.40200e-10
1752129471.984 42.756 0.03445476 1.97280e-09
1752129472.034 42.863 0.03451342 3.42640e-09
1752129472.041 42.970 0.03451529 8.13282e-08
1752129472.070 43.076 0.03455626 5.70092e-08
1752129472.081 43.182 0.03459443 3.41497e-08
1752129472.129 43.287 0.03468010 7.39725e-08
1752129472.182 43.393 0.03480114 1.18848e-08
1752129472.232 43.498 0.03493336 8.46400e-09
1752129472.282 43.603 0.03508607 3.58150e-09
1752129472.332 43.708 0.03523971 1.67320e-09
1752129472.382 43.812 0.03531606 -3.76980e-09
1752129472.432 43.917 0.03539242 -5.77700e-09
1752129472.484 44.020 0.03545015 1.94750e-09
1752129472.534 44.124 0.03552557 9.74480e-09
1752129472.541 44.228 0.03550322 7.58906e-08
1752129472.548 44.331 0.03553953 3.73203e-08
1752129472.615 44.434 0.03563544 1.89935e-08
1752129472.665 44.537 0.03573228 1.72798e-08
1752129472.674 44.639 0.03573228 2.29605e-08
1752129472.684 44.741 0.03577139 2.23318e-08
1752129472.733 44.844 0.03589988 -3.31530e-09
1752129472.800 44.945 0.03610101 1.10784e-08
1752129472.869 45.047 0.03628258 2.75026e-08
1752129472.875 45.148 0.03632634 6.74014e-08
1752129472.884 45.249 0.03632634 -1.06948e-08
1752129472.949 45.350 0.03647812 -9.24840e-09
1752129473.000 45.451 0.03652747 -4.75000e-10
1752129473.050 45.552 0.03661499 5.33080e-09
1752129473.100 45.652 0.03671928 7.62940e-09
1752129473.174 45.752 0.03687012 8.83674e-08
1752129473.184 45.852 0.03687012 4.02005e-08
1752129473.194 45.951 0.03688037 7.23053e-08
1752129473.242 46.051 0.03694834 5.24894e-08
1752129473.248 46.150 0.03696696 -9.99200e-09
1752129473.297 46.249 0.03704611 5.80652e-08
1752129473.304 46.347 0.03704611 6.90820e-09
1752129473.314 46.446 0.03704983 5.03304e-08
1752129473.362 46.544 0.03716250 7.40775e-08
1752129473.412 46.642 0.03730590 7.50252e-08
1752129473.463 46.740 0.03748188 7.49415e-08
1752129473.470 46.838 0.03750330 1.79900e-08
1752129473.476 46.935 0.03756475 5.07488e-08
1752129473.483 47.033 0.03756475 -1.55055e-08
1752129473.536 47.130 0.03773980 1.53119e-08
1752129473.544 47.227 0.03773980 4.74890e-08
1752129473.599 47.323 0.03789810 5.93138e-08
1752129473.647 47.420 0.03802566 2.69253e-08
1752129473.655 47.516 0.03804615 6.48770e-09
1752129473.663 47.612 0.03804615 5.71689e-08
1752129473.673 47.708 0.03804894 1.59871e-08
1752129473.704 47.804 0.03818861 7.00623e-08
1752129473.714 47.899 0.03820537 3.87731e-08
1752129473.723 47.995 0.03820537 6.91900e-09
1752129473.733 48.090 0.03826496 5.23207e-08
1752129473.781 48.185 0.03837856 -1.40222e-08
1752129473.832 48.280 0.03854524 -1.19963e-08
1752129473.882 48.374 0.03875102 -1.38837e-08
1752129473.932 48.469 0.03895773 -1.38252e-08
1752129473.982 48.563 0.03910857 -1.19699e-08
1752129474.050 48.657 0.03923614 -5.45840e-09
1752129474.100 48.751 0.03927524 -3.70110e-09
1752129474.150 48.844 0.03931249 -1.54960e-09
1752129474.200 48.938 0.03935067 2.64200e-10
1752129474.274 49.031 0.03944099 7.59750e-08
1752129474.283 49.124 0.03944099 -5.13780e-09
1752129474.293 49.217 0.03943819 7.70354e-08
1752129474.342 49.310 0.03952665 5.82450e-08
1752129474.392 49.403 0.03960859 5.59267e-08
1752129474.399 49.495 0.03964118 -1.29894e-08
1752129474.447 49.588 0.03974174 2.56406e-08
1752129474.497 49.680 0.03986000 1.96263e-08
1752129474.547 49.772 0.03995963 1.53697e-08
1752129474.597 49.863 0.04008626 8.31180e-09
1752129474.647 49.955 0.04017752 5.06400e-09
1752129474.697 50.046 0.04026039 1.47070e-09
1752129474.747 50.138 0.04033208 2.03700e-10
1752129474.811 50.229 0.04040192 7.20956e-08
1752129474.861 50.320 0.04045127 7.08669e-08
1752129474.913 50.410 0.04051924 8.54800e-10
1752129474.964 50.501 0.04059839 -1.01470e-09
1752129475.014 50.591 0.04067474 -2.12100e-10
1752129475.064 50.682 0.04074923 3.81709e-08
1752129475.073 50.772 0.04074923 7.56082e-08
1752129475.082 50.862 0.04077996 1.26236e-07
1752129475.092 50.952 0.04077065 1.73074e-07
1752129475.102 51.041 0.04078462 1.47318e-07
1752129475.112 51.131 0.04079299 2.97555e-07
1752129475.122 51.220 0.04079858 2.54985e-07
1752129475.132 51.309 0.04083303 3.64921e-07
1752129475.142 51.398 0.04084421 4.32947e-07
1752129475.152 51.487 0.04087214 4.22441e-07
1752129475.162 51.576 0.04089542 5.63990e-07
1752129475.172 51.664 0.04090008 6.01784e-07
1752129475.182 51.753 0.04093266 7.74150e-07
1752129475.192 51.841 0.04092149 9.23352e-07
1752129475.202 51.929 0.04094756 1.02623e-06
1752129475.212 52.017 0.04096991 1.26276e-06
1752129475.222 52.105 0.04098201 1.44346e-06
1752129475.232 52.192 0.04103974 1.80128e-06
1752129475.242 52.280 0.04103602 2.29241e-06
1752129475.252 52.367 0.04110027 2.65935e-06
1752129475.262 52.455 0.04115148 3.32818e-06
1752129475.272 52.542 0.04118407 4.24765e-06
1752129475.282 52.629 0.04126135 5.79024e-06
1752129475.292 52.715 0.04128091 7.76346e-06
1752129475.302 52.802 0.04136564 1.05529e-05
1752129475.312 52.888 0.04143734 1.20997e-05
1752129475.342 52.975 0.04176510 1.20922e-05
1752129475.353 53.061 0.04183866 3.17239e-06
1752129475.362 53.147 0.04183866 1.71757e-06
1752129475.372 53.233 0.04190477 5.10016e-07
1752129475.382 53.319 0.04202023 2.70758e-07
1752129475.392 53.405 0.04209193 1.08379e-07
1752129475.402 53.490 0.04219901 2.23172e-08
1752129475.412 53.575 0.04227350 6.11430e-08
1752129475.422 53.661 0.04234892 2.34162e-08
1752129475.432 53.746 0.04244483 1.62517e-08
1752129475.480 53.831 0.04284242 2.83270e-09
1752129475.487 53.916 0.04289736 1.52768e-08
1752129475.493 54.000 0.04297837 6.78314e-08
1752129475.541 54.085 0.04318042 5.75512e-08
1752129475.546 54.169 0.04324281 6.69500e-10
1752129475.552 54.254 0.04324281 1.43086e-08
1752129475.562 54.338 0.04327726 5.12498e-08
1752129475.572 54.422 0.04330147 2.49306e-08
1752129475.582 54.506 0.04337782 7.76119e-08
1752129475.630 54.590 0.04355381 2.02881e-08
1752129475.683 54.673 0.04369161 1.98155e-07
1752129475.693 54.757 0.04369161 4.60869e-07
1752129475.702 54.840 0.04374096 8.80164e-07
1752129475.712 54.924 0.04378287 1.17802e-06
1752129475.722 55.007 0.04380056 1.72981e-06
1752129475.732 55.090 0.04385084 2.66648e-06
1752129475.742 55.173 0.04384339 3.35429e-06
1752129475.752 55.256 0.04389646 4.51106e-06
1752129475.762 55.338 0.04393371 5.74238e-06
1752129475.772 55.421 0.04395978 7.21516e-06
1752129475.782 55.503 0.04398027 9.30382e-06
1752129475.792 55.585 0.04399330 1.17916e-05
1752129475.802 55.668 0.04406128 1.45931e-05
1752129475.812 55.750 0.04409573 1.84833e-05
1752129475.822 55.832 0.04411807 2.54635e-05
1752129475.832 55.913 0.04415439 3.07780e-05
1752129475.842 55.995 0.04416836 4.01857e-05
1752129475.852 56.077 0.04422236 5.07504e-05
1752129475.901 56.158 0.04441976 5.80033e-05
1752129475.908 56.240 0.04446911 4.59423e-05
1752129475.915 56.321 0.04453616 3.89359e-05
1752129475.922 56.402 0.04453616 3.10884e-05
1752129475.932 56.483 0.04459668 1.93105e-05
1752129475.942 56.564 0.04463299 7.10046e-06
1752129475.952 56.644 0.04472331 4.35610e-06
1752129475.962 56.725 0.04478384 4.54692e-06
1752129475.972 56.806 0.04484343 4.66967e-06
1752129475.982 56.886 0.04493189 4.48100e-06
1752129475.992 56.966 0.04498962 3.98981e-06
1752129476.002 57.047 0.04506876 3.25698e-06
1752129476.012 57.127 0.04514232 2.14572e-06
1752129476.022 57.207 0.04519354 6.22225e-07
1752129476.032 57.286 0.04528199 3.96492e-07
1752129476.042 57.366 0.04531924 3.26542e-07
1752129476.052 57.446 0.04538814 2.67284e-07
1752129476.062 57.525 0.04544401 4.26933e-07
1752129476.072 57.605 0.04548032 5.21730e-07
1752129476.082 57.684 0.04556785 5.76561e-07
1752129476.092 57.763 0.04559951 5.42454e-07
1752129476.102 57.842 0.04566376 4.16843e-07
1752129476.112 57.921 0.04572428 3.81040e-07
1752129476.122 58.000 0.04579412 2.10389e-07
1752129476.132 58.079 0.04587326 1.76913e-07
1752129476.142 58.158 0.04588444 1.36556e-07
1752129476.152 58.236 0.04594682 7.38511e-08
1752129476.162 58.315 0.04600641 1.35639e-07
1752129476.172 58.393 0.04606414 1.08620e-07
1752129476.182 58.471 0.04613305 1.52859e-07
1752129476.192 58.549 0.04618333 1.26330e-07
1752129476.202 58.627 0.04626341 6.85009e-08
1752129476.212 58.705 0.04631462 1.28598e-07
1752129476.222 58.783 0.04635466 1.06505e-07
1752129476.232 58.861 0.04642449 1.71232e-07
1752129476.242 58.938 0.04646081 1.33668e-07
1752129476.252 59.016 0.04653902 7.13579e-08
1752129476.262 59.093 0.04660979 1.28838e-07
1752129476.272 59.171 0.04665728 9.50181e-08
1752129476.282 59.248 0.04672432 1.23893e-07
1752129476.292 59.325 0.04677646 9.90425e-08
1752129476.302 59.402 0.04687516 5.13247e-08
1752129476.312 59.479 0.04693662 1.34141e-07
1752129476.322 59.556 0.04699621 1.35009e-07
1752129476.332 59.632 0.04707629 1.69001e-07
1752129476.342 59.709 0.04710702 2.95064e-07
1752129476.352 59.785 0.04718896 2.29619e-07
1752129476.362 59.862 0.04725320 2.80372e-07
1752129476.372 59.938 0.04731093 4.47529e-07
1752129476.382 60.014 0.04739008 3.27520e-06
1752129476.392 60.090 0.04745153 5.14694e-06
1752129476.402 60.166 0.04753254 9.64665e-06
1752129476.431 60.242 0.04772622 1.68816e-05
1752129476.459 60.318 0.04788824 1.80348e-04
1752129476.468 60.394 0.04795156 2.56622e-04
1752129476.476 60.470 0.04801487 3.01629e-04
1752129476.483 60.545 0.04805119 3.12213e-04
1752129476.492 60.621 0.04805119 3.00595e-04
1752129476.502 60.696 0.04813499 2.80607e-04
1752129476.512 60.771 0.04819086 2.32225e-04
1752129476.522 60.846 0.04824952 1.43819e-04
1752129476.532 60.922 0.04830911 5.63850e-05
1752129476.542 60.997 0.04834263 1.12925e-05
1752129476.552 61.071 0.04841433 5.04408e-06
1752129476.562 61.146 0.04846740 2.33306e-06
1752129476.572 61.221 0.04851396 1.18443e-06
1752129476.582 61.296 0.04857541 1.02790e-06
1752129476.592 61.370 0.04859404 9.63218e-07
1752129476.602 61.445 0.04865828 9.08886e-07
1752129476.612 61.519 0.04870857 1.11098e-06
1752129476.622 61.593 0.04873278 1.31445e-06
1752129476.632 61.667 0.04878027 1.83832e-06
1752129476.642 61.741 0.04878771 2.69383e-06
1752129476.652 61.815 0.04885010 3.36405e-06
1752129476.662 61.889 0.04888548 4.97838e-06
1752129476.672 61.963 0.04893390 6.86153e-06
1752129476.682 62.037 0.04898698 9.45782e-06
1752129476.692 62.110 0.04902329 1.31974e-05
1752129476.702 62.184 0.04909871 1.79971e-05
1752129476.712 62.257 0.04914434 2.20600e-05
1752129476.722 62.331 0.04918996 2.15564e-05
1752129476.732 62.404 0.04925421 2.08238e-05
1752129476.742 62.477 0.04929425 1.85855e-05
1752129476.752 62.550 0.04936222 1.51502e-05
1752129476.762 62.624 0.04941157 1.14895e-05
1752129476.772 62.696 0.04947117 5.55986e-06
1752129476.782 62.769 0.04956056 1.27805e-06
1752129476.791 62.842 0.04960618 8.21145e-07
1752129476.801 62.915 0.04967974 5.35878e-07
1752129476.811 62.987 0.04974585 4.78530e-07
1752129476.821 63.060 0.04978775 3.46982e-07
1752129476.831 63.132 0.04988738 3.56042e-07
1752129476.841 63.205 0.04992835 3.21863e-07
1752129476.851 63.277 0.05001402 2.31831e-07
1752129476.861 63.349 0.05007454 2.89910e-07
1752129476.871 63.421 0.05012296 3.40012e-07
1752129476.881 63.493 0.05021049 4.62853e-07
1752129476.891 63.565 0.05025332 4.64893e-07
1752129476.901 63.637 0.05034178 3.90433e-07
1752129476.911 63.709 0.05040789 4.35654e-07
1752129476.921 63.781 0.05045724 3.94853e-07
1752129476.931 63.852 0.05053918 4.38117e-07
1752129476.941 63.924 0.05060250 4.97375e-07
1752129476.951 63.995 0.05064533 6.28624e-07
1752129476.982 64.067 0.05087532 1.02045e-06
1752129476.995 64.138 0.05094422 4.00102e-06
1752129477.001 64.209 0.05094422 4.01562e-06
1752129477.012 64.280 0.05098519 4.04881e-06
1752129477.022 64.352 0.05104012 3.61308e-06
1752129477.032 64.423 0.05111741 3.21115e-06
1752129477.042 64.493 0.05114442 2.61316e-06
1752129477.052 64.564 0.05120494 1.47786e-06
1752129477.062 64.635 0.05126826 6.55414e-07
1752129477.071 64.706 0.05130736 2.96645e-07
1752129477.081 64.776 0.05135950 2.96929e-07
1752129477.091 64.847 0.05140234 3.98210e-07
1752129477.101 64.917 0.05146938 3.99103e-07
1752129477.111 64.988 0.05150383 5.49858e-07
1752129477.122 65.058 0.05154759 5.65835e-07
1752129477.132 65.128 0.05161278 6.27927e-07
1752129477.142 65.198 0.05162860 6.76630e-07
1752129477.152 65.268 0.05167888 6.41829e-07
1752129477.162 65.338 0.05174034 7.38837e-07
1752129477.172 65.408 0.05178969 8.35994e-07
1752129477.182 65.478 0.05184556 1.09420e-06
1752129477.192 65.548 0.05186139 1.55477e-06
1752129477.202 65.618 0.05196288 2.81444e-06
1752129477.211 65.687 0.05196288 3.79791e-06
1752129477.221 65.757 0.05199733 6.12424e-06
1752129477.231 65.826 0.05207369 9.89803e-06
1752129477.241 65.896 0.05211372 1.53809e-05
1752129477.251 65.965 0.05216308 2.68705e-05
1752129477.261 66.034 0.05220684 3.57540e-05
1752129477.271 66.104 0.05225712 5.42913e-05
1752129477.281 66.173 0.05233068 8.39264e-05
1752129477.291 66.242 0.05236234 1.28750e-04
1752129477.301 66.311 0.05244241 1.96728e-04
1752129477.311 66.380 0.05248152 2.90770e-04
1752129477.321 66.448 0.05254018 3.35073e-04
1752129477.331 66.517 0.05263144 3.66775e-04
1752129477.341 66.586 0.05267147 3.56431e-04
1752129477.351 66.655 0.05275248 3.30746e-04
1752129477.361 66.723 0.05280090 2.90990e-04
1752129477.371 66.792 0.05284467 2.06280e-04
1752129477.381 66.860 0.05293033 9.71347e-05
1752129477.391 66.928 0.05297502 3.20400e-05
1752129477.401 66.997 0.05306441 8.38283e-06
1752129477.411 67.065 0.05308676 3.46245e-06
1752129477.421 67.133 0.05314449 8.50901e-07
1752129477.431 67.201 0.05324319 5.06965e-07
1752129477.441 67.269 0.05328323 3.77001e-07
1752129477.451 67.337 0.05334934 2.50633e-07
1752129477.461 67.405 0.05339404 2.83529e-07
1752129477.471 67.472 0.05344804 2.89897e-07
1752129477.481 67.540 0.05351974 4.29691e-07
1752129477.491 67.608 0.05355419 5.84338e-07
1752129477.540 67.675 0.05383074 9.57882e-07
1752129477.547 67.743 0.05390337 1.00183e-06
1752129477.554 67.810 0.05396668 1.03226e-06
1752129477.562 67.878 0.05396668 1.05913e-06
1752129477.572 67.945 0.05400113 9.50802e-07
1752129477.582 68.012 0.05406352 1.04669e-06
1752129477.592 68.079 0.05409518 1.41453e-06
1752129477.602 68.147 0.05416874 1.67707e-06
1752129477.612 68.214 0.05420784 1.94595e-06
1752129477.622 68.281 0.05424789 1.87622e-06
1752129477.631 68.348 0.05431306 1.82130e-06
1752129477.641 68.414 0.05432331 1.79789e-06
1752129477.651 68.481 0.05437080 1.65584e-06
1752129477.661 68.548 0.05443504 1.58319e-06
1752129477.671 68.615 0.05447322 1.38230e-06
1752129477.681 68.681 0.05452257 1.42193e-06
1752129477.691 68.748 0.05454119 1.48080e-06
1752129477.701 68.814 0.05459799 1.90369e-06
1752129477.711 68.880 0.05462779 2.70439e-06
1752129477.721 68.947 0.05466038 3.25877e-06
1752129477.731 69.013 0.05471345 4.33156e-06
1752129477.741 69.079 0.05473487 6.01381e-06
1752129477.751 69.145 0.05479353 8.21480e-06
1752129477.761 69.212 0.05482798 1.11759e-05
1752129477.771 69.278 0.05485964 1.56085e-05
1752129477.781 69.343 0.05490992 2.21606e-05
1752129477.791 69.409 0.05494158 2.56117e-05
1752129477.801 69.475 0.05502352 2.73065e-05
1752129477.811 69.541 0.05506728 2.71947e-05
1752129477.821 69.607 0.05509894 2.63886e-05
1752129477.831 69.672 0.05516505 2.56462e-05
1752129477.841 69.738 0.05520695 2.36600e-05
1752129477.851 69.803 0.05527400 1.96858e-05
1752129477.861 69.869 0.05531683 1.39679e-05
1752129477.871 69.934 0.05535780 8.89126e-06
1752129477.881 70.000 0.05543787 3.79709e-06
1752129477.891 70.065 0.05547326 2.10034e-06
1752129477.901 70.130 0.05554216 1.28337e-06
1752129477.911 70.195 0.05560455 1.08416e-06
1752129477.921 70.260 0.05567066 9.88771e-07
1752129477.931 70.325 0.05574329 1.17752e-06
1752129477.941 70.390 0.05578240 1.41385e-06
1752129477.951 70.455 0.05584757 1.49638e-06
1752129477.961 70.520 0.05590437 1.65410e-06
1752129477.971 70.585 0.05595000 1.82249e-06
1752129477.981 70.650 0.05603380 2.56649e-06
1752129477.991 70.714 0.05607570 3.16169e-06
1752129478.001 70.779 0.05614554 3.55338e-06
1752129478.011 70.843 0.05619302 3.50654e-06
1752129478.021 70.908 0.05623306 3.20867e-06
1752129478.031 70.972 0.05631779 3.00942e-06
1752129478.041 71.037 0.05635504 2.81359e-06
1752129478.071 71.101 0.05657200 2.28103e-06
1752129478.097 71.165 0.05667815 3.17918e-07
1752129478.103 71.230 0.05672005 3.57839e-07
1752129478.111 71.294 0.05672005 3.69901e-07
1752129478.121 71.358 0.05676754 2.89631e-07
1752129478.131 71.422 0.05682526 2.62584e-07
1752129478.141 71.486 0.05685506 3.45021e-07
1752129478.151 71.550 0.05692769 2.49758e-07
1752129478.161 71.614 0.05695562 2.92062e-07
1752129478.171 71.677 0.05697611 2.61808e-07
1752129478.181 71.741 0.05704874 2.84219e-07
1752129478.191 71.805 0.05708132 3.48855e-07
1752129478.201 71.868 0.05715116 3.12227e-07
1752129478.211 71.932 0.05718747 3.67396e-07
1752129478.221 71.996 0.05721262 3.77004e-07
1752129478.231 72.059 0.05727035 4.40688e-07
1752129478.241 72.122 0.05729735 5.81001e-07
1752129478.251 72.186 0.05734018 5.82779e-07
1752129478.261 72.249 0.05737184 7.15675e-07
1752129478.271 72.312 0.05740070 7.52103e-07
1752129478.281 72.375 0.05746030 9.23022e-07
1752129478.291 72.439 0.05747240 1.05900e-06
1752129478.301 72.502 0.05752082 1.16271e-06
1752129478.311 72.565 0.05755807 1.33209e-06
1752129478.321 72.628 0.05759624 1.35087e-06
1752129478.331 72.691 0.05765398 1.43839e-06
1752129478.341 72.753 0.05767446 1.53206e-06
1752129478.351 72.816 0.05773964 1.49033e-06
1752129478.361 72.879 0.05777782 1.54309e-06
1752129478.371 72.942 0.05781040 1.53417e-06
1752129478.381 73.004 0.05787279 1.62119e-06
1752129478.391 73.067 0.05790817 1.78183e-06
1752129478.401 73.129 0.05799105 1.93462e-06
1752129478.411 73.192 0.05807019 2.56092e-06
1752129478.421 73.254 0.05807019 2.90153e-06
1752129478.431 73.317 0.05814934 4.12457e-06
1752129478.441 73.379 0.05817355 6.80358e-06
1752129478.451 73.441 0.05824897 1.18434e-05
1752129478.461 73.504 0.05830856 1.78448e-05
1752129478.471 73.566 0.05835605 2.69839e-05
1752129478.481 73.628 0.05842867 3.36745e-05
1752129478.491 73.690 0.05846872 4.67968e-05
1752129478.501 73.752 0.05854507 6.49770e-05
1752129478.511 73.814 0.05858976 8.87018e-05
1752129478.521 73.876 0.05863539 1.03170e-04
1752129478.531 73.938 0.05872105 1.36539e-04
1752129478.541 73.999 0.05875272 1.80480e-04
1752129478.551 74.061 0.05881789 2.44751e-04
1752129478.560 74.123 0.05886445 2.90990e-04
1752129478.570 74.185 0.05891101 3.44298e-04
1752129478.580 74.246 0.05897898 3.95350e-04
1752129478.590 74.308 0.05899574 4.27870e-04
1752129478.621 74.369 0.05924901 4.35674e-04
1752129478.633 74.431 0.05924994 2.98573e-04
1752129478.640 74.492 0.05924994 2.64912e-04
1752129478.650 74.553 0.05932722 2.30771e-04
1752129478.660 74.615 0.05936074 1.81505e-04
1752129478.670 74.676 0.05940357 1.16543e-04
1752129478.680 74.737 0.05947248 7.93349e-05
1752129478.690 74.798 0.05949110 4.86859e-05
1752129478.700 74.859 0.05955814 2.98245e-05
1752129478.710 74.920 0.05959260 1.85058e-05
1752129478.720 74.981 0.05962891 1.47047e-05
1752129478.730 75.042 0.05968757 1.22768e-05
1752129478.740 75.103 0.05972854 9.85604e-06
1752129478.750 75.164 0.05976672 8.31341e-06
1752129478.760 75.225 0.05979558 7.50664e-06
1752129478.770 75.285 0.05983096 6.70426e-06
1752129478.780 75.346 0.05989149 5.93168e-06
1752129478.790 75.407 0.05991291 5.31394e-06
1752129478.800 75.467 0.05996505 4.78410e-06
1752129478.810 75.528 0.06000509 4.41025e-06
1752129478.820 75.588 0.06003861 4.12223e-06
1752129478.830 75.649 0.06009820 3.92903e-06
1752129478.840 75.709 0.06011962 3.68678e-06
1752129478.850 75.770 0.06016524 3.38423e-06
1752129478.860 75.830 0.06020435 3.28640e-06
1752129478.870 75.890 0.06027046 3.14214e-06
1752129478.880 75.950 0.06032168 3.07607e-06
1752129478.890 76.011 0.06033564 2.83883e-06
1752129478.900 76.071 0.06039989 2.65247e-06
1752129478.910 76.131 0.06044458 2.60328e-06
1752129478.920 76.191 0.06048835 2.54276e-06
1752129478.930 76.251 0.06054887 2.54862e-06
1752129478.940 76.311 0.06057494 2.42059e-06
1752129478.950 76.371 0.06065502 2.26485e-06
1752129478.960 76.430 0.06068295 2.23758e-06
1752129478.970 76.490 0.06072392 2.14589e-06
1752129478.980 76.550 0.06078538 2.18398e-06
1752129478.990 76.610 0.06081890 2.08094e-06
1752129479.000 76.669 0.06090177 1.96391e-06
1752129479.010 76.729 0.06095857 1.95541e-06
1752129479.020 76.788 0.06098464 1.90202e-06
1752129479.030 76.848 0.06105261 1.75596e-06
1752129479.040 76.907 0.06108986 1.74441e-06
1752129479.050 76.967 0.06116807 1.60470e-06
1752129479.060 77.026 0.06121091 1.58542e-06
1752129479.070 77.086 0.06124257 1.53334e-06
1752129479.080 77.145 0.06131147 1.47093e-06
1752129479.090 77.204 0.06133568 1.34595e-06
1752129479.100 77.263 0.06141297 1.19072e-06
1752129479.110 77.322 0.06144183 1.17412e-06
1752129479.120 77.381 0.06150142 1.08394e-06
1752129479.130 77.441 0.06155822 1.13791e-06
1752129479.182 77.500 0.06182545 1.00878e-06
1752129479.190 77.558 0.06182545 1.15629e-06
1752129479.200 77.617 0.06189343 1.09104e-06
1752129479.211 77.676 0.06195768 1.18444e-06
1752129479.221 77.735 0.06198096 1.17812e-06
1752129479.231 77.794 0.06205172 1.27430e-06
1752129479.241 77.853 0.06206290 1.36999e-06
1752129479.251 77.911 0.06211504 1.32981e-06
1752129479.261 77.970 0.06215135 1.43706e-06
1752129479.271 78.029 0.06219512 1.39890e-06
1752129479.280 78.087 0.06223795 1.48970e-06
1752129479.291 78.146 0.06226402 1.57086e-06
1752129479.301 78.204 0.06232082 1.56274e-06
1752129479.310 78.263 0.06234689 1.63822e-06
1752129479.321 78.321 0.06237110 1.64255e-06
1752129479.331 78.379 0.06242511 1.71712e-06
1752129479.341 78.438 0.06244280 1.76741e-06
1752129479.350 78.496 0.06248842 1.71304e-06
1752129479.360 78.554 0.06250146 1.76541e-06
1752129479.370 78.612 0.06251636 1.72128e-06
1752129479.381 78.670 0.06257036 1.77298e-06
1752129479.391 78.728 0.06258898 1.83010e-06
1752129479.401 78.786 0.06264858 1.76426e-06
1752129479.410 78.844 0.06266906 1.87314e-06
1752129479.420 78.902 0.06269606 1.92737e-06
1752129479.430 78.960 0.06275938 2.08760e-06
1752129479.440 79.018 0.06276870 2.37014e-06
1752129479.450 79.076 0.06283853 2.56569e-06
1752129479.460 79.134 0.06287298 2.85526e-06
1752129479.470 79.192 0.06290278 3.13285e-06
1752129479.480 79.249 0.06297261 3.58025e-06
1752129479.490 79.307 0.06299682 4.02247e-06
1752129479.500 79.365 0.06305269 4.61906e-06
1752129479.510 79.422 0.06308807 5.16767e-06
1752129479.520 79.480 0.06312253 5.85930e-06
1752129479.530 79.537 0.06318491 6.67970e-06
1752129479.540 79.595 0.06321471 7.39147e-06
1752129479.550 79.652 0.06330130 8.19714e-06
1752129479.560 79.709 0.06334507 8.96431e-06
1752129479.570 79.767 0.06338325 9.78593e-06
1752129479.580 79.824 0.06346146 1.10185e-05
1752129479.590 79.881 0.06349684 1.19636e-05
1752129479.600 79.938 0.06356109 1.26766e-05
1752129479.610 79.996 0.06359554 1.33238e-05
1752129479.620 80.053 0.06363465 1.38457e-05
1752129479.630 80.110 0.06372032 1.49880e-05
1752129479.640 80.167 0.06376222 1.52545e-05
1752129479.650 80.224 0.06380598 1.54730e-05
1752129479.660 80.281 0.06385067 1.56235e-05
1752129479.670 80.338 0.06390468 1.54514e-05
1752129479.680 80.395 0.06398103 1.55936e-05
1752129479.690 80.451 0.06400617 1.57442e-05
1752129479.738 80.508 0.06422499 1.52201e-05
1752129479.744 80.565 0.06431158 1.31576e-05
1752129479.751 80.622 0.06433579 1.25002e-05
1752129479.760 80.678 0.06433579 1.19961e-05
1752129479.770 80.735 0.06437584 1.11052e-05
1752129479.780 80.792 0.06443729 1.01898e-05
1752129479.790 80.848 0.06444380 9.01887e-06
1752129479.800 80.905 0.06450247 7.71496e-06
1752129479.810 80.961 0.06453506 6.68801e-06
1752129479.820 81.018 0.06457975 5.84482e-06
1752129479.830 81.074 0.06462910 5.08432e-06
1752129479.840 81.130 0.06464307 4.55710e-06
1752129479.850 81.187 0.06470266 4.03610e-06
1752129479.860 81.243 0.06472873 3.74570e-06
1752129479.870 81.299 0.06475108 3.46189e-06
1752129479.880 81.355 0.06480974 3.30888e-06
1752129479.890 81.412 0.06482557 3.08057e-06
1752129479.900 81.468 0.06488423 2.82563e-06
1752129479.910 81.524 0.06489540 2.71419e-06
1752129479.920 81.580 0.06491682 2.55120e-06
1752129479.930 81.636 0.06497083 2.49295e-06
1752129479.940 81.692 0.06499317 2.32174e-06
1752129479.950 81.748 0.06503973 2.16006e-06
1752129479.960 81.804 0.06507232 2.16145e-06
1752129479.970 81.860 0.06509839 2.07169e-06
1752129479.980 81.915 0.06514308 2.04943e-06
1752129479.990 81.971 0.06515613 1.96559e-06
1752129480.000 82.027 0.06522596 1.85737e-06
1752129480.010 82.083 0.06526879 1.88906e-06
1752129480.020 82.138 0.06530790 1.82607e-06
1752129480.030 82.194 0.06537587 1.88382e-06
1752129480.040 82.250 0.06540101 1.82576e-06
1752129480.050 82.305 0.06546153 1.75373e-06
1752129480.060 82.361 0.06549506 1.81150e-06
1752129480.070 82.416 0.06554347 1.79475e-06
1752129480.080 82.472 0.06560772 1.84844e-06
1752129480.090 82.527 0.06561704 1.82626e-06
1752129480.100 82.582 0.06568967 1.79647e-06
1752129480.110 82.638 0.06573622 1.89201e-06
1752129480.120 82.693 0.06577533 1.84878e-06
1752129480.130 82.748 0.06584609 1.91502e-06
1752129480.140 82.803 0.06588334 1.84224e-06
1752129480.150 82.859 0.06594573 1.77632e-06
1752129480.160 82.914 0.06596900 1.85238e-06
1752129480.170 82.969 0.06600811 1.80116e-06
1752129480.180 83.024 0.06607702 1.88903e-06
1752129480.190 83.079 0.06611053 1.81207e-06
1752129480.200 83.134 0.06619434 1.77015e-06
1752129480.210 83.189 0.06623717 1.78506e-06
1752129480.220 83.244 0.06626324 1.75641e-06
1752129480.266 83.299 0.06649323 1.70853e-06
1752129480.272 83.354 0.06654165 1.70877e-06
1752129480.280 83.409 0.06654165 1.61428e-06
1752129480.290 83.463 0.06657517 1.68566e-06
1752129480.300 83.518 0.06664408 1.58244e-06
1752129480.310 83.573 0.06666549 1.61330e-06
1752129480.320 83.627 0.06671112 1.57492e-06
1752129480.330 83.682 0.06676698 1.60730e-06
1752129480.340 83.737 0.06679772 1.66976e-06
1752129480.350 83.791 0.06685544 1.68233e-06
1752129480.360 83.846 0.06687872 1.82313e-06
1752129480.370 83.900 0.06690758 1.98747e-06
1752129480.380 83.955 0.06693925 2.40665e-06
1752129480.390 84.009 0.06696252 2.92551e-06
1752129480.400 84.064 0.06703702 4.12917e-06
1752129480.410 84.118 0.06706029 5.86946e-06
1752129480.420 84.172 0.06708171 7.89335e-06
1752129480.430 84.227 0.06710964 1.00303e-05
1752129480.440 84.281 0.06714037 1.28123e-05
1752129480.450 84.335 0.06720089 1.59254e-05
1752129480.460 84.389 0.06720555 1.88303e-05
1752129480.470 84.443 0.06722790 2.22514e-05
1752129480.480 84.498 0.06728004 2.56152e-05
1752129480.490 84.552 0.06729680 2.91283e-05
1752129480.500 84.606 0.06735080 3.44188e-05
1752129480.510 84.660 0.06737688 4.07800e-05
1752129480.520 84.714 0.06741133 4.78979e-05
1752129480.530 84.768 0.06746068 5.38940e-05
1752129480.540 84.821 0.06746813 5.96704e-05
1752129480.550 84.875 0.06753889 6.70181e-05
1752129480.560 84.929 0.06758452 7.13059e-05
1752129480.570 84.983 0.06761432 7.68466e-05
1752129480.580 85.037 0.06767298 8.37959e-05
1752129480.590 85.091 0.06770185 9.15782e-05
1752129480.600 85.144 0.06775864 9.83382e-05
1752129480.610 85.198 0.06779217 1.01984e-04
1752129480.620 85.252 0.06784431 1.05477e-04
1752129480.630 85.305 0.06790577 1.09101e-04
1752129480.640 85.359 0.06791508 1.12760e-04
1752129480.650 85.412 0.06798770 1.14773e-04
1752129480.660 85.466 0.06803799 1.19018e-04
1752129480.670 85.519 0.06809478 1.21827e-04
1752129480.680 85.573 0.06814134 1.25111e-04
1752129480.690 85.626 0.06816089 1.29323e-04
1752129480.700 85.679 0.06823632 1.31986e-04
1752129480.710 85.733 0.06827077 1.35451e-04
1752129480.720 85.786 0.06831732 1.38084e-04
1752129480.730 85.839 0.06838064 1.40394e-04
1752129480.739 85.893 0.06842440 1.42975e-04
1752129480.749 85.946 0.06846445 1.43577e-04
1752129480.759 85.999 0.06849796 1.43396e-04
1752129480.769 86.052 0.06854545 1.39645e-04
1752129480.816 86.105 0.06876240 1.27890e-04
1752129480.823 86.158 0.06880896 1.16655e-04
1752129480.830 86.211 0.06884155 1.11738e-04
1752129480.840 86.264 0.06884155 1.06604e-04
1752129480.849 86.317 0.06889742 1.01137e-04
1752129480.859 86.370 0.06892629 9.51556e-05
1752129480.869 86.423 0.06897005 8.79972e-05
1752129480.879 86.476 0.06902685 8.04778e-05
1752129480.889 86.529 0.06903523 7.52370e-05
1752129480.899 86.582 0.06909761 6.91032e-05
1752129480.909 86.634 0.06911530 6.22505e-05
1752129480.919 86.687 0.06915348 5.60800e-05
1752129480.929 86.740 0.06921587 5.20764e-05
1752129480.939 86.793 0.06923729 4.67793e-05
1752129480.949 86.845 0.06928384 4.16804e-05
1752129480.959 86.898 0.06930433 3.66326e-05
1752129480.969 86.950 0.06934437 3.23761e-05
1752129480.979 87.003 0.06937602 2.94878e-05
1752129480.989 87.056 0.06937230 2.72013e-05
1752129480.999 87.108 0.06943468 2.49811e-05
1752129481.009 87.160 0.06945331 2.30393e-05
1752129481.019 87.213 0.06948311 2.14167e-05
1752129481.029 87.265 0.06953525 2.07017e-05
1752129481.039 87.318 0.06954736 2.02707e-05
1752129481.049 87.370 0.06959763 1.91524e-05
1752129481.059 87.422 0.06962929 1.83483e-05
1752129481.069 87.475 0.06965350 1.74838e-05
1752129481.079 87.527 0.06972147 1.64531e-05
1752129481.089 87.579 0.06973172 1.65373e-05
1752129481.099 87.631 0.06979131 1.56771e-05
1752129481.109 87.683 0.06982390 1.50476e-05
1752129481.119 87.736 0.06987697 1.43133e-05
1752129481.129 87.788 0.06991701 1.37185e-05
1752129481.139 87.840 0.06992260 1.30431e-05
1752129481.149 87.892 0.06999058 1.21183e-05
1752129481.159 87.944 0.07003341 1.15626e-05
1752129481.169 87.996 0.07006786 1.08396e-05
1752129481.179 88.048 0.07014235 1.04993e-05
1752129481.189 88.099 0.07016004 1.00575e-05
1752129481.199 88.151 0.07021219 9.29671e-06
1752129481.209 88.203 0.07025874 8.88444e-06
1752129481.219 88.255 0.07030157 8.34033e-06
1752129481.229 88.307 0.07037513 7.91709e-06
1752129481.239 88.359 0.07040586 7.50512e-06
1752129481.249 88.410 0.07045707 7.09845e-06
1752129481.259 88.462 0.07049245 6.79275e-06
1752129481.269 88.514 0.07053528 6.40016e-06
1752129481.279 88.565 0.07059860 6.26375e-06
1752129481.289 88.617 0.07062281 5.72389e-06
1752129481.299 88.668 0.07068613 5.44619e-06
1752129481.309 88.720 0.07072151 5.31277e-06
1752129481.319 88.771 0.07074293 4.99804e-06
1752129481.366 88.823 0.07095616 4.22695e-06
1752129481.372 88.874 0.07102599 3.61294e-06
1752129481.379 88.926 0.07102599 3.51437e-06
1752129481.389 88.977 0.07103344 3.44759e-06
1752129481.399 89.029 0.07108000 3.25926e-06
1752129481.409 89.080 0.07112656 3.12856e-06
1752129481.419 89.131 0.07117032 3.00505e-06
1752129481.429 89.182 0.07120291 2.91582e-06
1752129481.439 89.234 0.07121222 2.66363e-06
1752129481.449 89.285 0.07128205 2.57939e-06
1752129481.459 89.336 0.07131185 2.53196e-06
1752129481.469 89.387 0.07134444 2.47376e-06
1752129481.479 89.438 0.07140310 2.45649e-06
1752129481.489 89.489 0.07141148 2.37630e-06
1752129481.499 89.541 0.07146177 2.22322e-06
1752129481.509 89.592 0.07148784 2.32079e-06
1752129481.519 89.643 0.07151856 2.26513e-06
1752129481.529 89.694 0.07155395 2.35742e-06
1752129481.539 89.744 0.07156698 2.29553e-06
1752129481.549 89.795 0.07161633 2.21617e-06
1752129481.559 89.846 0.07163775 2.33959e-06
1752129481.569 89.897 0.07167127 2.29475e-06
1752129481.579 89.948 0.07170479 2.35772e-06
1752129481.589 89.999 0.07170945 2.33626e-06
1752129481.599 90.050 0.07176718 2.28939e-06
1752129481.609 90.100 0.07180815 2.39080e-06
1752129481.619 90.151 0.07182398 2.34367e-06
1752129481.629 90.202 0.07187425 2.41315e-06
1752129481.639 90.252 0.07189009 2.36990e-06
1752129481.649 90.303 0.07197016 2.30641e-06
1752129481.659 90.354 0.07201207 2.38431e-06
1752129481.669 90.404 0.07202324 2.37802e-06
1752129481.679 90.455 0.07207352 2.38315e-06
1752129481.689 90.505 0.07208842 2.37416e-06
1752129481.699 90.556 0.07214987 2.28787e-06
1752129481.709 90.606 0.07217315 2.39392e-06
1752129481.719 90.657 0.07223554 2.35922e-06
1752129481.729 90.707 0.07230444 2.41012e-06
1752129481.739 90.757 0.07232772 2.39178e-06
1752129481.749 90.808 0.07238731 2.31786e-06
1752129481.759 90.858 0.07241990 2.36335e-06
1752129481.769 90.908 0.07246273 2.37255e-06
1752129481.779 90.959 0.07252046 2.34896e-06
1752129481.789 91.009 0.07253723 2.26586e-06
1752129481.799 91.059 0.07259775 2.19920e-06
1752129481.809 91.109 0.07263685 2.20172e-06
1752129481.819 91.160 0.07268621 2.10731e-06
1752129481.829 91.210 0.07276163 2.06365e-06
1752129481.839 91.260 0.07276349 2.01143e-06
1752129481.849 91.310 0.07284264 1.88423e-06
1752129481.859 91.360 0.07287430 1.88543e-06
1752129481.869 91.410 0.07289851 1.75169e-06
1752129481.916 91.460 0.07310149 1.55715e-06
1752129481.923 91.510 0.07316201 1.47932e-06
1752129481.929 91.560 0.07316201 1.41367e-06
1752129481.939 91.610 0.07317039 1.45905e-06
1752129481.949 91.660 0.07324302 1.34311e-06
1752129481.959 91.709 0.07327282 1.34393e-06
1752129481.969 91.759 0.07329983 1.24870e-06
1752129481.979 91.809 0.07335104 1.27120e-06
1752129481.989 91.859 0.07334545 1.19780e-06
1752129481.999 91.909 0.07342274 1.08372e-06
1752129482.009 91.958 0.07345625 1.11062e-06
1752129482.019 92.008 0.07349257 1.03317e-06
1752129482.029 92.058 0.07353820 1.04678e-06
1752129482.039 92.107 0.07352144 1.00652e-06
1752129482.049 92.157 0.07357916 8.97859e-07
1752129482.059 92.207 0.07361361 9.19525e-07
1752129482.069 92.256 0.07363317 8.56306e-07
1752129482.079 92.306 0.07368624 8.74702e-07
1752129482.089 92.355 0.07367786 8.17011e-07
1752129482.099 92.405 0.07374305 7.35829e-07
1752129482.109 92.454 0.07375794 7.67052e-07
1752129482.119 92.504 0.07378122 6.95951e-07
1752129482.128 92.553 0.07383243 7.43913e-07
1752129482.138 92.602 0.07382964 7.15712e-07
1752129482.148 92.652 0.07389482 6.18715e-07
1752129482.159 92.701 0.07393299 6.62270e-07
1752129482.168 92.750 0.07395348 6.21443e-07
1752129482.178 92.800 0.07399352 6.73466e-07
1752129482.188 92.849 0.07400283 6.54338e-07
1752129482.198 92.898 0.07404845 5.80396e-07
1752129482.208 92.947 0.07409501 6.32063e-07
1752129482.218 92.996 0.07412388 5.99824e-07
1752129482.228 93.046 0.07418905 6.50574e-07
1752129482.238 93.095 0.07420954 6.14342e-07
1752129482.248 93.144 0.07426355 5.71817e-07
1752129482.258 93.193 0.07429242 6.11413e-07
1752129482.268 93.242 0.07432593 6.04031e-07
1752129482.278 93.291 0.07439297 6.54084e-07
1752129482.288 93.340 0.07441905 6.32272e-07
1752129482.298 93.389 0.07447398 5.71654e-07
1752129482.308 93.438 0.07452241 6.27566e-07
1752129482.318 93.487 0.07456337 5.99533e-07
1752129482.328 93.536 0.07462111 6.57369e-07
1752129482.338 93.584 0.07464345 6.16907e-07
1752129482.348 93.633 0.07470770 5.54889e-07
1752129482.358 93.682 0.07473564 6.03144e-07
1752129482.368 93.731 0.07477102 5.74643e-07
1752129482.378 93.780 0.07482130 6.21772e-07
1752129482.388 93.828 0.07483526 5.78257e-07
1752129482.398 93.877 0.07491069 5.04384e-07
1752129482.408 93.926 0.07494141 5.49574e-07
1752129482.418 93.974 0.07497680 5.04102e-07
1752129482.466 94.023 0.07517606 4.47159e-07
1752129482.473 94.072 0.07523379 4.82097e-07
1752129482.479 94.120 0.07525427 4.22158e-07
1752129482.489 94.169 0.07525427 4.82434e-07
1752129482.499 94.217 0.07531014 3.82734e-07
1752129482.509 94.266 0.07532877 4.14064e-07
1752129482.519 94.314 0.07535577 3.72892e-07
1752129482.529 94.363 0.07541350 4.23888e-07
1752129482.539 94.411 0.07542281 4.36677e-07
1752129482.549 94.460 0.07547588 3.40837e-07
1752129482.559 94.508 0.07550941 3.71515e-07
1752129482.569 94.556 0.07554572 3.37896e-07
1752129482.579 94.605 0.07559228 3.78793e-07
1752129482.589 94.653 0.07558296 4.07350e-07
1752129482.599 94.701 0.07563418 3.15076e-07
1752129482.609 94.749 0.07566491 3.44573e-07
1752129482.618 94.798 0.07569656 2.99706e-07
1752129482.629 94.846 0.07574126 3.57054e-07
1752129482.639 94.894 0.07574126 3.83682e-07
1752129482.649 94.942 0.07578968 2.90553e-07
1752129482.659 94.990 0.07581109 3.27130e-07
1752129482.669 95.038 0.07584369 2.96533e-07
1752129482.679 95.087 0.07589396 3.53969e-07
1752129482.688 95.135 0.07589210 3.72224e-07
1752129482.699 95.183 0.07592562 2.83644e-07
1752129482.709 95.231 0.07597218 3.21595e-07
1752129482.718 95.279 0.07599080 2.85771e-07
1752129482.728 95.327 0.07604387 3.60837e-07
1752129482.738 95.375 0.07604667 3.15616e-07
1752129482.748 95.422 0.07610906 2.64676e-07
1752129482.758 95.470 0.07613047 3.24783e-07
1752129482.768 95.518 0.07616958 3.03534e-07
1752129482.778 95.566 0.07623476 3.66948e-07
1752129482.788 95.614 0.07626176 3.28745e-07
1752129482.798 95.662 0.07630460 2.61789e-07
1752129482.808 95.709 0.07633718 3.34151e-07
1752129482.818 95.757 0.07638281 3.01342e-07
1752129482.828 95.805 0.07643961 3.65430e-07
1752129482.838 95.853 0.07646847 3.27649e-07
1752129482.848 95.900 0.07652714 2.71940e-07
1752129482.858 95.948 0.07655414 3.40243e-07
1752129482.868 95.996 0.07658486 3.30191e-07
1752129482.878 96.043 0.07664539 3.90848e-07
1752129482.888 96.091 0.07667425 3.53220e-07
1752129482.898 96.138 0.07673385 3.17644e-07
1752129482.908 96.186 0.07675992 4.01234e-07
1752129482.918 96.233 0.07679530 4.00899e-07
1752129482.928 96.281 0.07685117 4.93750e-07
1752129482.938 96.328 0.07685955 4.91027e-07
1752129482.948 96.376 0.07692380 5.02944e-07
1752129482.958 96.423 0.07696384 6.75643e-07
1752129482.968 96.471 0.07702064 7.69030e-07
1752129483.013 96.518 0.07718266 1.32101e-06
1752129483.024 96.565 0.07723573 1.92306e-06
1752129483.041 96.613 0.07731674 2.42497e-06
1752129483.048 96.660 0.07731674 2.50492e-06
1752129483.058 96.707 0.07734653 2.81289e-06
1752129483.068 96.755 0.07739123 3.06825e-06
1752129483.078 96.802 0.07743313 3.46037e-06
1752129483.088 96.849 0.07744151 3.77189e-06
1752129483.098 96.896 0.07748993 3.87525e-06
1752129483.108 96.943 0.07751786 4.20868e-06
1752129483.118 96.990 0.07753742 4.49942e-06
1752129483.128 97.038 0.07759887 4.81069e-06
1752129483.138 97.085 0.07760167 5.02325e-06
1752129483.148 97.132 0.07764170 5.05371e-06
1752129483.158 97.179 0.07766033 5.43071e-06
1752129483.168 97.226 0.07768640 5.61183e-06
1752129483.178 97.273 0.07773389 5.74970e-06
1752129483.188 97.320 0.07774320 5.97336e-06
1752129483.198 97.367 0.07778323 6.07037e-06
1752129483.208 97.414 0.07780372 6.30739e-06
1752129483.218 97.461 0.07782979 6.50150e-06
1752129483.228 97.508 0.07787076 6.56060e-06
1752129483.238 97.554 0.07787169 6.90362e-06
1752129483.248 97.601 0.07791452 6.82244e-06
1752129483.258 97.648 0.07794339 7.00798e-06
1752129483.268 97.695 0.07796201 7.04225e-06
1752129483.278 97.742 0.07801322 7.17550e-06
1752129483.288 97.788 0.07802812 7.23215e-06
1752129483.298 97.835 0.07808027 7.24371e-06
1752129483.308 97.882 0.07809051 7.43403e-06
1752129483.318 97.929 0.07812775 7.32081e-06
1752129483.328 97.975 0.07818269 7.39054e-06
1752129483.338 98.022 0.07819573 7.39412e-06
1752129483.348 98.068 0.07825719 7.25286e-06
1752129483.358 98.115 0.07829164 7.23710e-06
1752129483.368 98.162 0.07831305 7.01126e-06
1752129483.378 98.208 0.07837730 6.97311e-06
1752129483.388 98.255 0.07838568 6.72380e-06
1752129483.398 98.301 0.07846389 6.48663e-06
1752129483.408 98.348 0.07849276 6.37401e-06
1752129483.418 98.394 0.07853187 6.11248e-06
1752129483.428 98.441 0.07857563 6.00063e-06
1752129483.438 98.487 0.07859984 5.66635e-06
1752129483.448 98.533 0.07866223 5.44568e-06
1752129483.458 98.580 0.07868830 5.31152e-06
1752129483.468 98.626 0.07873765 5.07659e-06
1752129483.478 98.673 0.07881121 4.92356e-06
1752129483.488 98.719 0.07881866 4.73137e-06
1752129483.498 98.765 0.07887173 4.51598e-06
1752129483.508 98.811 0.07890153 4.46635e-06
1752129483.518 98.858 0.07895088 4.30944e-06
1752129483.563 98.904 0.07912872 4.02318e-06
1752129483.570 98.950 0.07917621 3.95463e-06
1752129483.578 98.996 0.07917621 3.84077e-06
1752129483.588 99.042 0.07919577 3.90829e-06
1752129483.598 99.089 0.07926281 3.75683e-06
1752129483.608 99.135 0.07928795 3.79690e-06
1752129483.618 99.181 0.07932054 3.79050e-06
1752129483.628 99.227 0.07936151 3.82585e-06
1752129483.638 99.273 0.07936337 3.87616e-06
1752129483.648 99.319 0.07940900 3.82665e-06
1752129483.658 99.365 0.07942855 3.87297e-06
1752129483.668 99.411 0.07948721 3.90390e-06
1752129483.678 99.457 0.07953656 3.86570e-06
1752129483.742 99.503 0.07972838 3.25573e-06
1752129483.748 99.549 0.07974141 3.14967e-06
1752129483.758 99.595 0.07974141 3.10102e-06
1752129483.768 99.641 0.07976096 2.92675e-06
1752129483.778 99.687 0.07981032 2.88820e-06
1752129483.788 99.732 0.07981032 2.67019e-06
1752129483.798 99.778 0.07986060 2.53599e-06
1752129483.808 99.824 0.07986618 2.48415e-06
1752129483.818 99.870 0.07989039 2.27322e-06
1752129483.828 99.916 0.07994161 2.17460e-06
1752129483.838 99.961 0.07995464 1.95012e-06
1752129483.848 100.007 0.07998257 1.82600e-06
1752129483.858 100.053 0.08000399 1.69884e-06
1752129483.868 100.098 0.08003193 1.52626e-06
1752129483.878 100.144 0.08006545 1.41244e-06
1752129483.888 100.190 0.08008779 1.26102e-06
1752129483.898 100.235 0.08012969 1.12591e-06
1752129483.907 100.281 0.08012504 1.08713e-06
1752129483.917 100.326 0.08014739 9.59018e-07
1752129483.927 100.372 0.08019860 9.30522e-07
1752129483.937 100.418 0.08020605 8.53528e-07
1752129483.947 100.463 0.08024795 7.26239e-07
1752129483.957 100.509 0.08025726 7.51943e-07
1752129483.967 100.554 0.08028892 6.70838e-07
1752129483.977 100.599 0.08033827 6.81542e-07
1752129483.987 100.645 0.08034013 6.17235e-07
1752129483.997 100.690 0.08039972 5.37598e-07
1752129484.007 100.736 0.08042486 5.88139e-07
1752129484.017 100.781 0.08045280 5.30329e-07
1752129484.027 100.826 0.08051425 5.51634e-07
1752129484.037 100.872 0.08051146 5.05982e-07
1752129484.047 100.917 0.08057757 4.24802e-07
1752129484.057 100.962 0.08061761 4.85997e-07
1752129484.067 101.008 0.08063716 4.26376e-07
1752129484.113 101.053 0.08081036 3.80094e-07
1752129484.118 101.098 0.08088577 3.99624e-07
1752129484.127 101.143 0.08088577 3.80728e-07
1752129484.137 101.188 0.08091837 3.33445e-07
1752129484.147 101.234 0.08098541 2.72968e-07
1752129484.157 101.279 0.08100217 3.47451e-07
1752129484.167 101.324 0.08103755 3.06397e-07
1752129484.177 101.369 0.08109342 3.54478e-07
1752129484.187 101.414 0.08109993 3.15396e-07
1752129484.197 101.459 0.08114929 2.54158e-07
1752129484.207 101.504 0.08118839 3.22222e-07
1752129484.217 101.549 0.08123309 2.87270e-07
1752129484.227 101.594 0.08126289 3.36512e-07
1752129484.237 101.639 0.08127033 2.84750e-07
1752129484.247 101.684 0.08132154 2.36648e-07
1752129484.257 101.729 0.08134483 3.08444e-07
1752129484.267 101.774 0.08137648 2.74502e-07
1752129484.277 101.819 0.08141466 3.30184e-07
1752129484.287 101.864 0.08140721 2.76794e-07
1752129484.297 101.909 0.08146960 2.34554e-07
1752129484.307 101.954 0.08148356 3.03385e-07
1752129484.317 101.998 0.08150684 2.64902e-07
1752129484.327 102.043 0.08155247 3.19663e-07
1752129484.337 102.088 0.08154781 2.77174e-07
1752129484.347 102.133 0.08159623 2.31359e-07
1752129484.357 102.177 0.08162323 3.19951e-07
1752129484.367 102.222 0.08165675 2.94807e-07
1752129484.377 102.267 0.08170052 3.63146e-07
1752129484.387 102.312 0.08168190 3.29139e-07
1752129484.397 102.356 0.08173497 2.95915e-07
1752129484.407 102.401 0.08177966 4.10651e-07
1752129484.417 102.446 0.08180574 4.05439e-07
1752129484.427 102.490 0.08185509 5.08365e-07
1752129484.437 102.535 0.08187091 5.12320e-07
1752129484.447 102.579 0.08194075 5.56196e-07
1752129484.457 102.624 0.08195099 7.20633e-07
1752129484.467 102.668 0.08197706 8.11280e-07
1752129484.477 102.713 0.08203014 1.05608e-06
1752129484.487 102.757 0.08204597 1.32424e-06
1752129484.497 102.802 0.08211488 1.59609e-06
1752129484.507 102.846 0.08214095 2.14701e-06
1752129484.517 102.891 0.08216422 2.67554e-06
1752129484.527 102.935 0.08223127 3.55533e-06
1752129484.537 102.980 0.08225454 4.45288e-06
1752129484.547 103.024 0.08231506 5.70913e-06
1752129484.557 103.068 0.08233927 7.41356e-06
1752129484.567 103.113 0.08237652 9.35391e-06
1752129484.577 103.157 0.08243891 1.10856e-05
1752129484.587 103.201 0.08245381 1.39982e-05
1752129484.597 103.246 0.08250222 1.59871e-05
1752129484.607 103.290 0.08253574 1.89322e-05
1752129484.617 103.334 0.08257485 2.34894e-05
1752129484.663 103.378 0.08275270 3.41843e-05
1752129484.670 103.423 0.08279926 4.38721e-05
1752129484.677 103.467 0.08279926 4.73990e-05
1752129484.687 103.511 0.08281602 4.93999e-05
1752129484.697 103.555 0.08287468 5.29562e-05
1752129484.707 103.599 0.08289889 5.61653e-05
1752129484.717 103.643 0.08292496 5.98243e-05
1752129484.727 103.687 0.08295941 6.28951e-05
1752129484.737 103.732 0.08298083 6.59723e-05
1752129484.747 103.776 0.08303670 6.91186e-05
1752129484.757 103.820 0.08305718 7.07939e-05
1752129484.767 103.864 0.08307673 7.47615e-05
1752129484.777 103.908 0.08313074 7.66279e-05
1752129484.787 103.952 0.08312795 7.80108e-05
1752129484.797 103.996 0.08316519 7.99814e-05
1752129484.807 104.040 0.08319406 8.19148e-05
1752129484.817 104.083 0.08323968 8.35083e-05
1752129484.827 104.127 0.08326482 8.50035e-05
1752129484.837 104.171 0.08327227 8.47256e-05
1752129484.847 104.215 0.08332721 8.55527e-05
1752129484.857 104.259 0.08333279 8.54682e-05
1752129484.867 104.303 0.08335328 8.46268e-05
1752129484.877 104.347 0.08340077 8.48200e-05
1752129484.887 104.390 0.08340729 8.45166e-05
1752129484.897 104.434 0.08345850 8.33549e-05
1752129484.907 104.478 0.08346688 8.36871e-05
1752129484.917 104.522 0.08349295 8.14630e-05
1752129484.927 104.565 0.08354230 8.03109e-05
1752129484.937 104.609 0.08356186 7.94919e-05
1752129484.947 104.653 0.08362145 7.72041e-05
1752129484.957 104.697 0.08363728 7.64068e-05
1752129484.967 104.740 0.08366242 7.37851e-05
1752129484.977 104.784 0.08371363 7.12756e-05
1752129484.987 104.827 0.08372573 6.91920e-05
1752129484.997 104.871 0.08378998 6.59493e-05
1752129485.007 104.915 0.08381699 6.39333e-05
1752129485.017 104.958 0.08386075 6.11866e-05
1752129485.027 105.002 0.08390451 5.79990e-05
1752129485.037 105.045 0.08390079 5.54545e-05
1752129485.047 105.089 0.08395666 5.31004e-05
1752129485.057 105.132 0.08399111 5.13771e-05
1752129485.067 105.176 0.08402835 4.82794e-05
1752129485.077 105.219 0.08408143 4.67246e-05
1752129485.087 105.263 0.08410098 4.49174e-05
1752129485.097 105.306 0.08416616 4.28454e-05
1752129485.107 105.349 0.08419316 4.49588e-05
1752129485.117 105.393 0.08423320 4.20250e-05
1752129485.127 105.436 0.08427790 4.01992e-05
1752129485.137 105.479 0.08429186 3.89660e-05
1752129485.147 105.523 0.08434587 3.72999e-05
1752129485.157 105.566 0.08437939 3.65766e-05
1752129485.167 105.609 0.08441012 3.47947e-05
1752129485.208 105.653 0.08461124 3.19683e-05
1752129485.217 105.696 0.08461124 3.14939e-05
1752129485.227 105.739 0.08463545 3.04092e-05
1752129485.237 105.782 0.08464104 3.06042e-05
1752129485.247 105.826 0.08470063 3.02104e-05
1752129485.257 105.869 0.08472484 3.08314e-05
1752129485.267 105.912 0.08475650 3.04725e-05
1752129485.277 105.955 0.08480771 3.08426e-05
1752129485.287 105.998 0.08481051 3.14372e-05
1752129485.297 106.041 0.08487661 3.17247e-05
1752129485.307 106.084 0.08488221 3.31456e-05
1752129485.317 106.128 0.08491014 3.33792e-05
1752129485.327 106.171 0.08496228 3.49267e-05
1752129485.337 106.214 0.08497066 3.58174e-05
1752129485.347 106.257 0.08500605 3.69611e-05
1752129485.357 106.300 0.08503398 3.84771e-05
1752129485.367 106.343 0.08506377 3.91808e-05
1752129485.377 106.386 0.08510847 4.04913e-05
1752129485.387 106.429 0.08508984 4.14167e-05
1752129485.397 106.472 0.08512523 4.19197e-05
1752129485.407 106.514 0.08513920 4.24831e-05
1752129485.417 106.557 0.08518296 4.36501e-05
1752129485.427 106.600 0.08524255 4.33954e-05
1752129485.437 106.643 0.08522766 4.38538e-05
1752129485.447 106.686 0.08528259 4.29912e-05
1752129485.457 106.729 0.08529097 4.35730e-05
1752129485.467 106.772 0.08532449 4.24736e-05
1752129485.477 106.814 0.08538129 4.21798e-05
1752129485.487 106.857 0.08538967 4.12793e-05
1752129485.497 106.900 0.08542413 3.95419e-05
1752129485.559 106.943 0.08565505 2.81346e-05
1752129485.567 106.986 0.08565505 2.74901e-05
1752129485.577 107.028 0.08572115 2.44087e-05
1752129485.587 107.071 0.08573605 2.14559e-05
1752129485.597 107.114 0.08578913 1.83044e-05
1752129485.607 107.156 0.08580868 1.66357e-05
1752129485.617 107.199 0.08585617 1.42430e-05
1752129485.627 107.242 0.08590459 1.23337e-05
1752129485.637 107.284 0.08591111 1.09064e-05
1752129485.647 107.327 0.08597163 9.50046e-06
1752129485.657 107.369 0.08598188 8.16893e-06
1752129485.667 107.412 0.08600701 7.30292e-06
1752129485.677 107.455 0.08604612 6.57748e-06
1752129485.687 107.497 0.08605543 5.97459e-06
1752129485.697 107.540 0.08610758 5.57689e-06
1752129485.707 107.582 0.08610758 5.09393e-06
1752129485.739 107.625 0.08620255 4.78793e-06
1752129485.762 107.667 0.08623235 3.67813e-06
1752129485.769 107.709 0.08628077 3.68628e-06
1752129485.777 107.752 0.08628077 3.46884e-06
1752129485.787 107.794 0.08627146 3.46683e-06
1752129485.796 107.837 0.08629753 3.08915e-06
1752129485.806 107.879 0.08631801 3.22739e-06
1752129485.816 107.921 0.08634967 2.91553e-06
1752129485.826 107.964 0.08638226 2.92192e-06
1752129485.836 108.006 0.08639716 2.94823e-06
1752129485.846 108.048 0.08644279 2.61754e-06
1752129485.856 108.091 0.08645768 2.73274e-06
1752129485.866 108.133 0.08649120 2.51353e-06
1752129485.876 108.175 0.08651634 2.49977e-06
1752129485.886 108.218 0.08653031 2.40197e-06
1752129485.896 108.260 0.08657966 2.24342e-06
1752129485.906 108.302 0.08660294 2.32637e-06
1752129485.916 108.344 0.08662901 2.13102e-06
1752129485.926 108.386 0.08668116 2.13090e-06
1752129485.936 108.429 0.08667557 1.99960e-06
1752129485.946 108.471 0.08673516 1.91714e-06
1752129485.956 108.513 0.08675937 2.00830e-06
1752129485.966 108.555 0.08678172 1.89053e-06
1752129485.976 108.597 0.08682827 1.84595e-06
1752129485.986 108.639 0.08684783 1.76341e-06
1752129485.996 108.681 0.08688321 1.60261e-06
1752129486.006 108.723 0.08690090 1.70105e-06
1752129486.016 108.765 0.08694280 1.54724e-06
1752129486.026 108.807 0.08698005 1.58009e-06
1752129486.036 108.849 0.08700054 1.46678e-06
1752129486.046 108.891 0.08705454 1.33225e-06
1752129486.056 108.933 0.08706571 1.40578e-06
1752129486.066 108.975 0.08711693 1.29829e-06
1752129486.076 109.017 0.08717093 1.32629e-06
1752129486.086 109.059 0.08718769 1.22288e-06
1752129486.096 109.101 0.08724822 1.13153e-06
1752129486.106 109.143 0.08725846 1.20031e-06
1752129486.116 109.185 0.08729384 1.12031e-06
1752129486.126 109.227 0.08735623 1.15483e-06
1752129486.136 109.268 0.08735343 1.06124e-06
1752129486.146 109.310 0.08740092 9.86950e-07
1752129486.156 109.352 0.08742700 1.05419e-06
1752129486.166 109.394 0.08747076 9.97274e-07
1752129486.176 109.436 0.08751824 1.02781e-06
1752129486.186 109.477 0.08753221 9.32479e-07
1752129486.196 109.519 0.08757877 8.86336e-07
1752129486.206 109.561 0.08759925 9.65218e-07
1752129486.216 109.603 0.08764581 9.10384e-07
1752129486.226 109.644 0.08768306 9.55630e-07
1752129486.236 109.686 0.08769982 8.70291e-07
1752129486.246 109.728 0.08776407 8.27930e-07
1752129486.256 109.769 0.08777431 9.01877e-07
1752129486.287 109.811 0.08791211 8.52336e-07
1752129486.297 109.853 0.08794377 8.00566e-07
1752129486.307 109.894 0.08794377 8.25101e-07
1752129486.317 109.936 0.08798568 7.79084e-07
1752129486.327 109.977 0.08802851 8.35716e-07
1752129486.337 110.019 0.08804340 7.87977e-07
