1752127050.627 33.800 0.02787257 7.44129e-08
1752127050.634 33.935 0.02787444 -6.19310e-09
1752127050.683 34.070 0.02786140 4.69480e-08
1752127050.733 34.204 0.02783905 2.25641e-08
1752127050.739 34.337 0.02783905 9.24400e-09
1752127050.749 34.470 0.02785116 5.43298e-08
1752127050.759 34.602 0.02784092 1.80981e-08
1752127050.769 34.734 0.02786792 7.83717e-08
1752127050.817 34.866 0.02793868 2.60910e-09
1752127050.824 34.997 0.02793682 1.53894e-08
1752127050.831 35.127 0.02797500 7.66495e-08
1752127050.879 35.257 0.02813329 5.29172e-08
1752127050.929 35.386 0.02841822 4.84656e-08
1752127050.979 35.515 0.02871432 4.84245e-08
1752127051.033 35.644 0.02900483 4.17385e-07
1752127051.040 35.772 0.02902904 9.22651e-07
1752127051.049 35.899 0.02902904 1.57952e-06
1752127051.059 36.026 0.02906722 3.23829e-06
1752127051.069 36.153 0.02912867 5.29925e-06
1752127051.079 36.279 0.02913892 8.12654e-06
1752127051.089 36.405 0.02916778 9.43506e-06
1752127051.099 36.530 0.02919199 1.08748e-05
1752127051.109 36.655 0.02919199 1.18326e-05
1752127051.118 36.780 0.02922458 1.16943e-05
1752127051.129 36.904 0.02923855 1.06505e-05
1752127051.180 37.028 0.02931862 6.56086e-06
1752127051.189 37.151 0.02931862 3.32862e-06
1752127051.199 37.274 0.02935866 2.53112e-06
1752127051.209 37.396 0.02939684 1.55695e-06
1752127051.219 37.518 0.02944619 1.15268e-06
1752127051.228 37.640 0.02945457 7.36583e-07
1752127051.238 37.761 0.02951975 3.58101e-07
1752127051.248 37.882 0.02957096 1.96816e-07
1752127051.258 38.002 0.02959424 8.77497e-08
1752127051.268 38.123 0.02969667 9.85205e-08
1752127051.316 38.242 0.03007750 9.83950e-09
1752127051.366 38.362 0.03050862 2.16353e-08
1752127051.372 38.481 0.03057659 1.84626e-08
1752127051.378 38.599 0.03057659 6.05226e-08
1752127051.426 38.718 0.03100491 8.45902e-08
1752127051.433 38.835 0.03110734 2.14624e-08
1752127051.440 38.953 0.03116972 1.23938e-08
1752127051.449 39.070 0.03116972 6.67012e-08
1752127051.459 39.187 0.03122093 1.40085e-08
1752127051.469 39.303 0.03130473 5.66309e-08
1752127051.479 39.420 0.03131963 7.81322e-08
1752127051.527 39.535 0.03153286 6.56558e-08
1752127051.534 39.651 0.03157011 -1.13017e-08
1752127051.582 39.766 0.03169674 5.05164e-08
1752127051.589 39.881 0.03173678 7.04380e-09
1752127051.599 39.995 0.03173678 4.40710e-08
1752127051.609 40.109 0.03176192 8.02830e-09
1752127051.618 40.223 0.03181500 4.59180e-08
1752127051.666 40.337 0.03200402 1.54786e-08
1752127051.672 40.450 0.03203102 9.33350e-09
1752127051.678 40.563 0.03203102 4.71906e-08
1752127051.766 40.675 0.03252266 3.40450e-08
1752127051.816 40.787 0.03280200 2.20083e-08
1752127051.866 40.899 0.03303571 1.79959e-08
1752127051.916 41.011 0.03317445 4.77490e-09
1752127051.967 41.122 0.03320797 7.50030e-09
1752127052.017 41.233 0.03323312 6.30000e-11
1752127052.067 41.344 0.03327222 1.01470e-09
1752127052.117 41.454 0.03335044 -6.90820e-09
1752127052.185 41.565 0.03348173 -4.15860e-09
1752127052.192 41.674 0.03350966 7.73533e-08
1752127052.198 41.784 0.03350314 4.97797e-08
1752127052.208 41.893 0.03350314 1.28228e-08
1752127052.218 42.002 0.03355063 7.26357e-08
1752127052.304 42.111 0.03371730 2.22594e-08
1752127052.310 42.219 0.03374245 6.44197e-08
1752127052.318 42.327 0.03374245 -3.95150e-09
1752127052.367 42.435 0.03386629 -1.99100e-09
1752127052.417 42.543 0.03404041 -1.06329e-08
1752127052.467 42.650 0.03424805 -5.42960e-09
1752127052.535 42.757 0.03445756 -6.14480e-09
1752127052.603 42.864 0.03461957 1.52129e-08
1752127052.610 42.971 0.03465309 7.49566e-08
1752127052.618 43.077 0.03465309 2.31261e-08
1752127052.666 43.183 0.03470244 3.05961e-08
1752127052.716 43.289 0.03472200 3.12077e-08
1752127052.722 43.394 0.03472479 9.74450e-09
1752127052.729 43.499 0.03474807 4.66762e-08
1752127052.777 43.604 0.03479835 6.82237e-08
1752127052.783 43.709 0.03484305 -5.17040e-09
1752127052.841 43.813 0.03497620 3.53787e-08
1752127052.848 43.918 0.03497620 6.70234e-08
1752127052.896 44.022 0.03517453 6.23041e-08
1752127052.947 44.125 0.03537658 6.34868e-08
1752127052.997 44.229 0.03553674 6.40136e-08
1752127053.047 44.332 0.03570434 6.44460e-08
1752127053.097 44.435 0.03578722 6.49122e-08
1752127053.147 44.538 0.03585705 6.44388e-08
1752127053.197 44.640 0.03590547 6.55533e-08
1752127053.247 44.743 0.03596134 6.79953e-08
1752127053.297 44.845 0.03604328 6.86214e-08
1752127053.377 44.947 0.03617364 5.51952e-08
1752127053.383 45.048 0.03619598 -1.41185e-08
1752127053.431 45.149 0.03628910 6.76216e-08
1752127053.437 45.251 0.03628910 1.88214e-08
1752127053.448 45.352 0.03630027 5.98446e-08
1752127053.458 45.452 0.03631983 7.62990e-09
1752127053.467 45.553 0.03635614 6.77653e-08
1752127053.516 45.653 0.03641666 4.46005e-08
1752127053.566 45.753 0.03651629 4.88538e-08
1752127053.616 45.853 0.03667179 3.89876e-08
1752127053.666 45.952 0.03687385 2.09798e-08
1752127053.716 46.052 0.03706939 3.20786e-08
1752127053.766 46.151 0.03718764 3.33398e-08
1752127053.816 46.250 0.03724723 2.58148e-08
1752127053.866 46.349 0.03730962 2.51224e-08
1752127053.937 46.447 0.03737294 1.89022e-08
1752127053.947 46.545 0.03737294 5.56714e-08
1752127053.957 46.644 0.03738039 1.31204e-08
1752127053.967 46.741 0.03740460 7.86188e-08
1752127054.036 46.839 0.03752657 9.89130e-09
1752127054.043 46.937 0.03752937 7.51157e-08
1752127054.049 47.034 0.03752285 5.03737e-08
1752127054.057 47.131 0.03752285 6.51090e-09
1752127054.067 47.228 0.03756475 7.88625e-08
1752127054.134 47.325 0.03773794 -9.22790e-09
1752127054.184 47.421 0.03792510 -1.06112e-08
1752127054.234 47.517 0.03811133 -1.13426e-08
1752127054.284 47.614 0.03830314 -1.29068e-08
1752127054.334 47.709 0.03842884 -1.39541e-08
1752127054.384 47.805 0.03851171 -1.37285e-08
1752127054.434 47.901 0.03856200 -1.39731e-08
1752127054.508 47.996 0.03861879 6.68544e-08
1752127054.517 48.091 0.03861879 6.40005e-08
1752127054.566 48.186 0.03866256 3.23995e-08
1752127054.616 48.281 0.03876778 1.59668e-08
1752127054.666 48.376 0.03885065 2.07579e-08
1752127054.717 48.470 0.03896890 5.23110e-09
1752127054.767 48.564 0.03903315 6.03600e-09
1752127054.816 48.658 0.03912254 -4.33520e-09
1752127054.867 48.752 0.03918772 1.67200e-09
1752127054.917 48.846 0.03927524 -7.69760e-09
1752127054.967 48.939 0.03934322 -1.87730e-09
1752127055.044 49.033 0.03942050 5.33992e-08
1752127055.051 49.126 0.03946147 -1.14420e-08
1752127055.117 49.219 0.03955086 -1.29908e-08
1752127055.167 49.311 0.03961790 -6.75880e-09
1752127055.217 49.404 0.03970729 -1.62103e-08
1752127055.267 49.497 0.03978178 -9.38330e-09
1752127055.317 49.589 0.03982741 -1.62104e-08
1752127055.367 49.681 0.03992238 -9.71370e-09
1752127055.417 49.773 0.03999222 -1.55930e-08
1752127055.468 49.865 0.04007881 -7.80530e-09
1752127055.518 49.956 0.04015424 -1.38690e-08
1752127055.582 50.048 0.04025294 6.14720e-08
1752127055.589 50.139 0.04024828 9.67620e-09
1752127055.596 50.230 0.04026877 4.88397e-08
1752127055.646 50.321 0.04032556 4.26967e-08
1752127055.696 50.412 0.04040192 4.23286e-08
1752127055.746 50.502 0.04047455 4.24075e-08
1752127055.798 50.593 0.04064681 6.66213e-08
1752127055.806 50.683 0.04064681 1.08933e-08
1752127055.816 50.773 0.04066450 4.73125e-08
1752127055.864 50.863 0.04077903 7.84060e-08
1752127055.870 50.953 0.04078647 1.52779e-08
1752127055.877 51.042 0.04081627 7.44409e-08
1752127055.886 51.132 0.04081627 9.29240e-09
1752127055.896 51.221 0.04081441 9.10600e-08
1752127055.948 51.310 0.04094291 2.22805e-07
1752127055.956 51.399 0.04094291 1.92277e-07
1752127055.966 51.488 0.04095874 2.98661e-07
1752127055.976 51.577 0.04097550 2.93450e-07
1752127055.986 51.666 0.04101647 3.64075e-07
1752127055.996 51.754 0.04102764 5.88321e-07
1752127056.006 51.842 0.04107699 6.38819e-07
1752127056.016 51.930 0.04108258 8.77115e-07
1752127056.026 52.018 0.04109747 1.00287e-06
1752127056.036 52.106 0.04117569 1.27243e-06
1752127056.046 52.194 0.04120828 1.71747e-06
1752127056.057 52.281 0.04127719 2.40741e-06
1752127056.066 52.369 0.04127719 2.97278e-06
1752127056.076 52.456 0.04131257 3.42742e-06
1752127056.086 52.543 0.04139171 3.90297e-06
1752127056.135 52.630 0.04164871 3.78960e-06
1752127056.143 52.717 0.04167757 1.64470e-06
1752127056.150 52.803 0.04176230 9.80082e-07
1752127056.156 52.890 0.04181724 6.64096e-07
1752127056.166 52.976 0.04181724 5.05862e-07
1752127056.176 53.062 0.04186007 2.16115e-07
1752127056.186 53.148 0.04196622 7.34940e-08
1752127056.196 53.234 0.04201744 1.19986e-07
1752127056.206 53.320 0.04210869 1.38228e-08
1752127056.216 53.406 0.04217200 5.61794e-08
1752127056.226 53.491 0.04223905 1.77057e-08
1752127056.236 53.577 0.04230236 7.20369e-08
1752127056.284 53.662 0.04262081 -9.38650e-09
1752127056.334 53.747 0.04289922 -1.20736e-08
1752127056.402 53.832 0.04325119 -1.05105e-08
1752127056.452 53.917 0.04342345 -9.03270e-09
1752127056.502 54.002 0.04350725 -8.39940e-09
1752127056.552 54.086 0.04352867 -7.35920e-09
1752127056.602 54.171 0.04353053 -5.70140e-09
1752127056.686 54.255 0.04358919 7.19598e-08
1752127056.695 54.339 0.04358919 1.49026e-07
1752127056.705 54.423 0.04360409 9.41385e-08
1752127056.715 54.507 0.04362923 1.85919e-07
1752127056.725 54.591 0.04364226 1.94201e-07
1752127056.735 54.675 0.04368882 2.05245e-07
1752127056.747 54.758 0.04369906 3.51865e-07
1752127056.756 54.842 0.04369906 3.26745e-07
1752127056.766 54.925 0.04370093 4.22340e-07
1752127056.776 55.008 0.04371955 4.56468e-07
1752127056.786 55.091 0.04375959 5.79811e-07
1752127056.795 55.174 0.04374469 7.59922e-07
1752127056.806 55.257 0.04377728 7.36541e-07
1752127056.816 55.340 0.04380428 9.82311e-07
1752127056.826 55.422 0.04382011 1.18178e-06
1752127056.836 55.505 0.04385736 1.47627e-06
1752127056.846 55.587 0.04386667 1.79079e-06
1752127056.856 55.669 0.04390764 2.09122e-06
1752127056.865 55.751 0.04393557 2.48299e-06
1752127056.876 55.833 0.04395699 2.81892e-06
1752127056.886 55.915 0.04400820 3.29327e-06
1752127056.896 55.997 0.04402868 4.53649e-06
1752127056.906 56.078 0.04409666 5.80479e-06
1752127056.916 56.160 0.04414508 7.96866e-06
1752127056.926 56.241 0.04418605 1.07256e-05
1752127056.936 56.322 0.04425681 1.30275e-05
1752127056.946 56.403 0.04429685 1.31524e-05
1752127056.956 56.484 0.04438531 1.25046e-05
1752127056.966 56.565 0.04443652 1.14994e-05
1752127056.976 56.646 0.04450822 9.85412e-06
1752127056.986 56.727 0.04459295 6.76434e-06
1752127056.996 56.807 0.04464882 2.37684e-06
1752127057.006 56.888 0.04474007 1.14382e-06
1752127057.016 56.968 0.04483505 1.11449e-06
1752127057.026 57.048 0.04490581 1.00987e-06
1752127057.036 57.128 0.04500731 9.95835e-07
1752127057.045 57.208 0.04507621 8.72756e-07
1752127057.109 57.288 0.04562372 1.70231e-07
1752127057.116 57.368 0.04567866 1.47795e-07
1752127057.126 57.447 0.04567866 1.00874e-07
1752127057.135 57.527 0.04577270 1.13110e-07
1752127057.145 57.606 0.04580064 1.17599e-07
1752127057.223 57.686 0.04624758 1.82844e-08
1752127057.230 57.765 0.04630438 5.67856e-08
1752127057.296 57.844 0.04646174 5.33308e-08
1752127057.346 57.923 0.04652971 5.27748e-08
1752127057.396 58.002 0.04658186 5.71307e-08
1752127057.446 58.080 0.04665355 6.16719e-08
1752127057.497 58.159 0.04670383 6.94692e-08
1752127057.546 58.238 0.04676715 9.69420e-08
1752127057.599 58.316 0.04685561 7.71130e-08
1752127057.608 58.394 0.04686399 1.12827e-07
1752127057.615 58.473 0.04686399 1.18673e-07
1752127057.625 58.551 0.04685933 5.94251e-08
1752127057.635 58.629 0.04688820 1.13677e-07
1752127057.645 58.707 0.04687237 7.71869e-08
1752127057.655 58.785 0.04691055 3.09675e-08
1752127057.665 58.862 0.04691427 1.04989e-07
1752127057.675 58.940 0.04690310 5.75968e-08
1752127057.685 59.017 0.04695524 1.10462e-07
1752127057.695 59.095 0.04695338 7.23808e-08
1752127057.705 59.172 0.04699249 2.92631e-08
1752127057.715 59.249 0.04701390 9.75351e-08
1752127057.725 59.326 0.04701111 5.73832e-08
1752127057.774 59.403 0.04713216 1.15701e-07
1752127057.783 59.480 0.04717033 5.74297e-07
1752127057.790 59.557 0.04718430 8.40229e-07
1752127057.797 59.634 0.04725041 1.19126e-06
1752127057.805 59.710 0.04725041 1.56004e-06
1752127057.815 59.787 0.04729511 2.56807e-06
1752127057.825 59.863 0.04733607 3.06472e-06
1752127057.835 59.940 0.04739101 4.49914e-06
1752127057.845 60.016 0.04742826 6.92146e-06
1752127057.855 60.092 0.04750182 1.03387e-05
1752127057.865 60.168 0.04755303 1.50914e-05
1752127057.875 60.244 0.04760238 2.52421e-05
1752127057.885 60.320 0.04767687 3.12419e-05
1752127057.895 60.396 0.04772808 4.58121e-05
1752127057.905 60.471 0.04780071 6.79401e-05
1752127057.915 60.547 0.04784168 9.85401e-05
1752127057.925 60.622 0.04790407 1.20668e-04
1752127057.935 60.698 0.04797018 1.19482e-04
1752127057.945 60.773 0.04801208 1.13552e-04
1752127057.955 60.848 0.04808657 1.02610e-04
1752127057.965 60.923 0.04813871 8.28069e-05
1752127057.975 60.998 0.04819179 5.27378e-05
1752127057.985 61.073 0.04827280 1.79098e-05
1752127057.995 61.148 0.04829794 5.04569e-06
1752127058.005 61.222 0.04838174 2.26234e-06
1752127058.015 61.297 0.04842923 1.13548e-06
1752127058.025 61.372 0.04849161 6.57502e-07
1752127058.035 61.446 0.04857355 4.80723e-07
1752127058.045 61.520 0.04860987 3.63609e-07
1752127058.055 61.595 0.04868436 2.84586e-07
1752127058.065 61.669 0.04872719 4.48854e-07
1752127058.075 61.743 0.04878213 5.98695e-07
1752127058.085 61.817 0.04886220 1.03472e-06
1752127058.095 61.891 0.04889666 1.56969e-06
1752127058.105 61.965 0.04898604 2.59585e-06
1752127058.115 62.038 0.04903353 3.76433e-06
1752127058.125 62.112 0.04908009 5.74080e-06
1752127058.135 62.186 0.04914806 7.32236e-06
1752127058.145 62.259 0.04920672 7.46815e-06
1752127058.155 62.332 0.04929984 6.74125e-06
1752127058.165 62.406 0.04933150 6.19121e-06
1752127058.175 62.479 0.04938457 4.70891e-06
1752127058.185 62.552 0.04946372 2.56048e-06
1752127058.195 62.625 0.04950562 6.90224e-07
1752127058.205 62.698 0.04958756 3.15185e-07
1752127058.215 62.771 0.04963784 2.52070e-07
1752127058.225 62.844 0.04970767 1.36295e-07
1752127058.235 62.916 0.04978868 1.73538e-07
1752127058.245 62.989 0.04982127 9.29708e-08
1752127058.254 63.062 0.04988552 6.30055e-08
1752127058.264 63.134 0.04991904 1.42580e-07
1752127058.274 63.206 0.04997584 8.99836e-08
1752127058.304 63.279 0.05016766 1.50703e-07
1752127058.328 63.351 0.05034364 1.57146e-07
1752127058.335 63.423 0.05039113 8.88724e-08
1752127058.344 63.495 0.05039113 1.29819e-07
1752127058.354 63.567 0.05046375 6.52093e-08
1752127058.364 63.639 0.05050752 1.70873e-07
1752127058.374 63.711 0.05057642 1.65600e-07
1752127058.384 63.782 0.05062670 2.52862e-07
1752127058.394 63.854 0.05067326 3.41895e-07
1752127058.404 63.926 0.05076172 4.86029e-07
1752127058.414 63.997 0.05079524 8.65835e-07
1752127058.424 64.068 0.05082969 1.09093e-06
1752127058.434 64.140 0.05088649 1.21421e-06
1752127058.444 64.211 0.05092653 1.11330e-06
1752127058.454 64.282 0.05099171 1.01154e-06
1752127058.464 64.353 0.05101778 1.02249e-06
1752127058.474 64.424 0.05105503 8.17632e-07
1752127058.484 64.495 0.05111741 6.23857e-07
1752127058.494 64.566 0.05115000 2.88776e-07
1752127058.504 64.637 0.05120587 1.18727e-07
1752127058.514 64.707 0.05123287 1.56550e-07
1752127058.524 64.778 0.05129340 1.01580e-07
1752127058.534 64.849 0.05134461 1.52642e-07
1752127058.544 64.919 0.05135950 1.24341e-07
1752127058.554 64.989 0.05142562 1.37738e-07
1752127058.564 65.060 0.05146658 2.28330e-07
1752127058.574 65.130 0.05151128 1.63276e-07
1752127058.584 65.200 0.05156622 1.36364e-07
1752127058.596 65.270 0.05167609 2.25806e-07
1752127058.604 65.340 0.05170217 1.48056e-07
1752127058.614 65.410 0.05170217 1.98984e-07
1752127058.624 65.480 0.05174965 1.43151e-07
1752127058.634 65.550 0.05181763 2.48968e-07
1752127058.644 65.619 0.05186511 5.09156e-07
1752127058.654 65.689 0.05195543 1.07335e-06
1752127058.664 65.759 0.05200478 2.28340e-06
1752127058.674 65.828 0.05205506 3.56390e-06
1752127058.684 65.897 0.05211559 6.77279e-06
1752127058.694 65.967 0.05216215 1.25733e-05
1752127058.704 66.036 0.05224316 2.68445e-05
1752127058.714 66.105 0.05230088 3.80209e-05
1752127058.724 66.174 0.05236886 6.02244e-05
1752127058.734 66.243 0.05245079 9.40841e-05
1752127058.744 66.312 0.05249084 1.44081e-04
1752127058.754 66.381 0.05255508 1.76643e-04
1752127058.764 66.450 0.05260443 1.88863e-04
1752127058.774 66.519 0.05266216 1.74354e-04
1752127058.784 66.588 0.05274783 1.55766e-04
1752127058.794 66.656 0.05279159 1.24743e-04
1752127058.804 66.725 0.05288005 7.58351e-05
1752127058.814 66.793 0.05289961 2.51987e-05
1752127058.824 66.862 0.05296199 6.56214e-06
1752127058.855 66.930 0.05319012 3.35569e-06
1752127058.866 66.998 0.05324692 3.68255e-07
1752127058.874 67.066 0.05324692 3.01230e-07
1752127058.884 67.135 0.05330744 3.02478e-07
1752127058.894 67.203 0.05335400 1.98401e-07
1752127058.904 67.271 0.05342476 1.71664e-07
1752127058.914 67.339 0.05345829 2.92687e-07
1752127058.924 67.406 0.05351974 3.09150e-07
1752127058.934 67.474 0.05357375 4.67644e-07
1752127058.944 67.542 0.05359423 5.48230e-07
1752127058.954 67.610 0.05366220 4.20337e-07
1752127058.964 67.677 0.05369293 5.43844e-07
1752127058.974 67.745 0.05375438 4.78297e-07
1752127058.984 67.812 0.05380653 5.39055e-07
1752127058.994 67.879 0.05384563 4.60450e-07
1752127059.004 67.947 0.05391361 3.97698e-07
1752127059.014 68.014 0.05393130 4.90411e-07
1752127059.024 68.081 0.05397413 5.20506e-07
1752127059.034 68.148 0.05403838 7.77315e-07
1752127059.044 68.215 0.05406259 8.74343e-07
1752127059.054 68.282 0.05412218 8.46417e-07
1752127059.064 68.349 0.05414453 9.82912e-07
1752127059.074 68.416 0.05420505 8.83253e-07
1752127059.084 68.483 0.05425254 8.82506e-07
1752127059.094 68.550 0.05426930 7.79503e-07
1752127059.104 68.616 0.05434566 7.03460e-07
1752127059.114 68.683 0.05438290 6.77118e-07
1752127059.124 68.749 0.05443877 4.48873e-07
1752127059.134 68.816 0.05449929 5.17131e-07
1752127059.144 68.882 0.05453747 6.31482e-07
1752127059.154 68.949 0.05462406 9.94396e-07
1752127059.164 69.015 0.05465386 1.62983e-06
1752127059.174 69.081 0.05471252 2.87454e-06
1752127059.184 69.147 0.05476280 3.83823e-06
1752127059.194 69.213 0.05480098 5.88532e-06
1752127059.204 69.279 0.05488850 9.03793e-06
1752127059.214 69.345 0.05492203 1.23488e-05
1752127059.224 69.411 0.05498348 1.28631e-05
1752127059.234 69.477 0.05505332 1.28745e-05
1752127059.244 69.543 0.05510360 1.23668e-05
1752127059.254 69.608 0.05516971 1.13949e-05
1752127059.264 69.674 0.05522557 9.81749e-06
1752127059.274 69.740 0.05527679 6.46381e-06
1752127059.284 69.805 0.05533265 3.03130e-06
1752127059.294 69.871 0.05538946 1.17694e-06
1752127059.304 69.936 0.05545091 7.17049e-07
1752127059.314 70.001 0.05550678 5.99523e-07
1752127059.324 70.067 0.05554961 4.97022e-07
1752127059.334 70.132 0.05562596 5.64332e-07
1752127059.344 70.197 0.05565856 6.38981e-07
1752127059.354 70.262 0.05573584 6.83825e-07
1752127059.364 70.327 0.05578519 9.53872e-07
1752127059.419 70.392 0.05608036 2.82885e-06
1752127059.439 70.457 0.05617719 2.72158e-06
1752127059.445 70.522 0.05626379 2.41645e-06
1752127059.454 70.587 0.05626379 2.22507e-06
1752127059.464 70.651 0.05628800 1.96916e-06
1752127059.474 70.716 0.05633083 1.00135e-06
1752127059.484 70.781 0.05636249 5.95557e-07
1752127059.494 70.845 0.05642301 2.70808e-07
1752127059.504 70.910 0.05650868 1.77584e-07
1752127059.514 70.974 0.05651799 2.42420e-07
1752127059.524 71.039 0.05655431 1.62690e-07
1752127059.534 71.103 0.05660272 2.02893e-07
1752127059.544 71.167 0.05663531 1.50200e-07
1752127059.554 71.231 0.05669491 1.58674e-07
1752127059.564 71.296 0.05669863 1.94902e-07
1752127059.574 71.360 0.05673960 1.24953e-07
1752127059.584 71.424 0.05678150 1.46503e-07
1752127059.594 71.488 0.05679454 8.66020e-08
1752127059.604 71.552 0.05684109 9.99989e-08
1752127059.614 71.615 0.05685785 1.50327e-07
1752127059.624 71.679 0.05691000 8.95749e-08
1752127059.634 71.743 0.05694352 1.33717e-07
1752127059.644 71.807 0.05694538 8.86454e-08
1752127059.654 71.870 0.05701429 1.25172e-07
1752127059.664 71.934 0.05702267 1.75445e-07
1752127059.674 71.997 0.05706084 1.27038e-07
1752127059.684 72.061 0.05710274 1.74866e-07
1752127059.694 72.124 0.05714464 1.40975e-07
1752127059.704 72.188 0.05721169 1.73925e-07
1752127059.714 72.251 0.05723590 2.47652e-07
1752127059.724 72.314 0.05728618 2.37094e-07
1752127059.734 72.377 0.05735881 3.63844e-07
1752127059.744 72.440 0.05737929 4.04508e-07
1752127059.754 72.504 0.05744913 5.22628e-07
1752127059.764 72.567 0.05749847 6.88581e-07
1752127059.774 72.630 0.05756645 6.82087e-07
1752127059.784 72.692 0.05760462 7.21325e-07
1752127059.794 72.755 0.05766049 7.25492e-07
1752127059.804 72.818 0.05775826 7.38864e-07
1752127059.814 72.881 0.05777689 9.12050e-07
1752127059.824 72.944 0.05783554 9.18639e-07
1752127059.834 73.006 0.05792773 1.11681e-06
1752127059.844 73.069 0.05797521 1.53565e-06
1752127059.854 73.131 0.05805250 2.77734e-06
1752127059.864 73.194 0.05808229 3.81865e-06
1752127059.874 73.256 0.05813537 5.06161e-06
1752127059.884 73.319 0.05820241 5.77919e-06
1752127059.894 73.381 0.05825269 6.90190e-06
1752127059.904 73.443 0.05832625 1.01797e-05
1752127059.914 73.505 0.05836815 1.48254e-05
1752127059.924 73.568 0.05844078 2.65436e-05
1752127059.934 73.630 0.05849386 3.61659e-05
1752127059.964 73.692 0.05868381 5.71079e-05
1752127059.991 73.754 0.05876761 3.17859e-04
1752127059.997 73.816 0.05885141 3.24670e-04
1752127060.004 73.878 0.05886165 3.26915e-04
1752127060.014 73.940 0.05886165 3.29525e-04
1752127060.023 74.001 0.05889518 3.17054e-04
1752127060.033 74.063 0.05895663 3.04145e-04
1752127060.043 74.125 0.05900412 2.63853e-04
1752127060.053 74.186 0.05906650 2.04352e-04
1752127060.063 74.248 0.05909165 1.26006e-04
1752127060.073 74.310 0.05914193 8.85190e-05
1752127060.083 74.371 0.05918941 5.36664e-05
1752127060.093 74.432 0.05920618 3.12929e-05
1752127060.103 74.494 0.05926204 1.91346e-05
1752127060.113 74.555 0.05929464 1.03819e-05
1752127060.123 74.617 0.05932257 7.63031e-06
1752127060.133 74.678 0.05937005 5.81753e-06
1752127060.143 74.739 0.05939426 4.65999e-06
1752127060.153 74.800 0.05945200 3.95736e-06
1752127060.163 74.861 0.05947155 3.27159e-06
1752127060.173 74.922 0.05950321 2.67977e-06
1752127060.183 74.983 0.05954883 2.27329e-06
1752127060.193 75.044 0.05957677 1.79465e-06
1752127060.203 75.105 0.05964288 1.46889e-06
1752127060.213 75.166 0.05964660 1.34942e-06
1752127060.223 75.227 0.05969036 1.05319e-06
1752127060.233 75.287 0.05974717 8.73656e-07
1752127060.243 75.348 0.05978069 8.29323e-07
1752127060.253 75.409 0.05984959 8.73706e-07
1752127060.263 75.469 0.05988125 9.31734e-07
1752127060.273 75.530 0.05993805 8.21244e-07
1752127060.283 75.590 0.05998647 8.46643e-07
1752127060.293 75.651 0.06002650 7.62004e-07
1752127060.303 75.711 0.06010751 7.73063e-07
1752127060.313 75.772 0.06012800 8.28692e-07
1752127060.323 75.832 0.06016990 7.04917e-07
1752127060.333 75.892 0.06024811 7.49977e-07
1752127060.343 75.952 0.06029094 6.67708e-07
1752127060.353 76.013 0.06035519 8.01261e-07
1752127060.363 76.073 0.06039244 1.09770e-06
1752127060.373 76.133 0.06045948 1.60316e-06
1752127060.383 76.193 0.06051535 2.30483e-06
1752127060.393 76.253 0.06055725 2.53454e-06
1752127060.403 76.313 0.06062616 2.93275e-06
1752127060.413 76.373 0.06065968 3.17780e-06
1752127060.423 76.432 0.06072578 2.99959e-06
1752127060.433 76.492 0.06077607 3.01169e-06
1752127060.443 76.552 0.06081704 2.68509e-06
1752127060.453 76.612 0.06088874 2.31969e-06
1752127060.463 76.671 0.06090829 1.89245e-06
1752127060.473 76.731 0.06096695 1.27328e-06
1752127060.483 76.790 0.06102934 9.41110e-07
1752127060.513 76.850 0.06117460 5.64505e-07
1752127060.523 76.909 0.06122674 2.91667e-07
1752127060.529 76.969 0.06128446 3.35364e-07
1752127060.536 77.028 0.06130868 3.49377e-07
1752127060.543 77.087 0.06130868 4.70217e-07
1752127060.553 77.147 0.06137572 4.53701e-07
1752127060.563 77.206 0.06140831 5.82134e-07
1752127060.573 77.265 0.06144462 5.42035e-07
1752127060.583 77.324 0.06149676 5.90941e-07
1752127060.593 77.383 0.06154146 5.61599e-07
1752127060.603 77.442 0.06160664 5.38677e-07
1752127060.613 77.501 0.06162992 6.56934e-07
1752127060.623 77.560 0.06167834 5.90455e-07
1752127060.633 77.619 0.06172768 6.57374e-07
1752127060.643 77.678 0.06176028 6.72828e-07
1752127060.653 77.737 0.06181056 7.46302e-07
1752127060.663 77.796 0.06183476 9.43593e-07
1752127060.673 77.855 0.06189902 9.40310e-07
1752127060.683 77.913 0.06194464 1.08902e-06
1752127060.693 77.972 0.06195954 1.15009e-06
1752127060.703 78.031 0.06201634 1.28726e-06
1752127060.713 78.089 0.06205917 1.34727e-06
1752127060.723 78.148 0.06211318 1.40032e-06
1752127060.733 78.206 0.06214763 1.44744e-06
1752127060.743 78.265 0.06217463 1.36114e-06
1752127060.753 78.323 0.06223050 1.43020e-06
1752127060.763 78.381 0.06225378 1.44338e-06
1752127060.773 78.440 0.06232082 1.31936e-06
1752127060.783 78.498 0.06235899 1.30200e-06
1752127060.793 78.556 0.06240555 1.27186e-06
1752127060.803 78.614 0.06248470 1.20232e-06
1752127060.813 78.672 0.06251450 1.26482e-06
1752127060.823 78.730 0.06256571 1.15079e-06
1752127060.833 78.788 0.06261040 1.16326e-06
1752127060.843 78.846 0.06264951 1.08401e-06
1752127060.853 78.904 0.06272214 1.11025e-06
1752127060.863 78.962 0.06275007 1.12339e-06
1752127060.873 79.020 0.06282642 1.00697e-06
1752127060.883 79.078 0.06287112 9.78391e-07
1752127060.893 79.136 0.06290371 9.16653e-07
1752127060.903 79.194 0.06298193 1.02338e-06
1752127060.913 79.251 0.06300148 1.25951e-06
1752127060.923 79.309 0.06305921 1.37747e-06
1752127060.933 79.367 0.06311415 2.18559e-06
1752127060.943 79.424 0.06314394 2.87025e-06
1752127060.953 79.482 0.06322029 3.68324e-06
1752127060.963 79.539 0.06325568 5.69640e-06
1752127060.973 79.597 0.06331155 6.67696e-06
1752127060.983 79.654 0.06334786 8.95972e-06
1752127060.993 79.711 0.06339256 1.06843e-05
1752127061.003 79.769 0.06345308 1.32678e-05
1752127061.013 79.826 0.06349218 1.54557e-05
1752127061.023 79.883 0.06354712 1.65907e-05
1752127061.072 79.940 0.06377525 1.89865e-05
1752127061.079 79.998 0.06381063 1.72590e-05
1752127061.085 80.055 0.06384136 1.59780e-05
1752127061.093 80.112 0.06384136 1.52799e-05
1752127061.103 80.169 0.06390840 1.38899e-05
1752127061.113 80.226 0.06393448 1.25339e-05
1752127061.123 80.283 0.06398569 1.09418e-05
1752127061.133 80.340 0.06402945 9.50640e-06
1752127061.143 80.397 0.06407135 8.05482e-06
1752127061.153 80.454 0.06412815 6.79443e-06
1752127061.163 80.510 0.06414305 5.41936e-06
1752127061.173 80.567 0.06418868 4.20786e-06
1752127061.183 80.624 0.06424175 3.14731e-06
1752127061.193 80.680 0.06426596 2.21723e-06
1752127061.203 80.737 0.06431624 1.37248e-06
1752127061.213 80.794 0.06434697 1.22895e-06
1752127061.223 80.850 0.06439353 8.67733e-07
1752127061.233 80.907 0.06442611 7.53742e-07
1752127061.243 80.963 0.06443263 6.67813e-07
1752127061.253 81.020 0.06448757 7.26592e-07
1752127061.263 81.076 0.06450433 7.43161e-07
1752127061.273 81.132 0.06455647 6.36269e-07
1752127061.283 81.189 0.06457975 7.10270e-07
1752127061.293 81.245 0.06461700 7.00328e-07
1752127061.303 81.301 0.06468217 7.74651e-07
1752127061.313 81.358 0.06467659 8.52641e-07
1752127061.323 81.414 0.06472408 7.93433e-07
1752127061.333 81.470 0.06476412 8.68101e-07
1752127061.343 81.526 0.06480508 8.77781e-07
1752127061.353 81.582 0.06486189 9.71103e-07
1752127061.363 81.638 0.06487958 1.04284e-06
1752127061.373 81.694 0.06495407 9.76208e-07
1752127061.383 81.750 0.06499597 1.02439e-06
1752127061.393 81.806 0.06502762 1.00732e-06
1752127061.403 81.862 0.06509839 1.10340e-06
1752127061.413 81.918 0.06511329 1.12274e-06
1752127061.423 81.973 0.06517940 1.06765e-06
1752127061.433 82.029 0.06523899 1.14196e-06
1752127061.443 82.085 0.06526786 1.05934e-06
1752127061.453 82.140 0.06534514 1.21112e-06
1752127061.463 82.196 0.06537587 1.33783e-06
1752127061.473 82.252 0.06543546 1.33249e-06
1752127061.483 82.307 0.06548854 1.41177e-06
1752127061.493 82.363 0.06551182 1.40098e-06
1752127061.503 82.418 0.06559376 1.49558e-06
1752127061.513 82.474 0.06562355 1.61183e-06
1752127061.523 82.529 0.06568407 1.51057e-06
1752127061.533 82.584 0.06573901 1.59364e-06
1752127061.543 82.640 0.06577905 1.56972e-06
1752127061.553 82.695 0.06584330 1.58339e-06
1752127061.563 82.750 0.06585541 1.58341e-06
1752127061.573 82.806 0.06591593 1.50662e-06
1752127061.602 82.861 0.06606398 1.46346e-06
1752127061.626 82.916 0.06618875 1.89085e-06
1752127061.633 82.971 0.06618875 1.88257e-06
1752127061.643 83.026 0.06622041 1.86324e-06
1752127061.653 83.081 0.06628280 1.96801e-06
1752127061.663 83.136 0.06631073 2.08647e-06
1752127061.673 83.191 0.06635728 2.03675e-06
1752127061.683 83.246 0.06640571 2.12256e-06
1752127061.693 83.301 0.06643829 2.03474e-06
1752127061.703 83.356 0.06648765 2.01130e-06
1752127061.713 83.411 0.06651372 2.02781e-06
1752127061.723 83.465 0.06655655 1.87872e-06
1752127061.764 83.520 0.06672602 1.87955e-06
1752127061.773 83.575 0.06672602 1.82265e-06
1752127061.783 83.630 0.06674929 1.94597e-06
1752127061.793 83.684 0.06678188 1.90993e-06
1752127061.803 83.739 0.06683123 1.83777e-06
1752127061.813 83.793 0.06686103 2.05588e-06
1752127061.823 83.848 0.06692342 1.98665e-06
1752127061.833 83.902 0.06697742 2.03931e-06
1752127061.843 83.957 0.06697742 2.05236e-06
1752127061.856 84.011 0.06702304 2.21235e-06
1752127061.863 84.066 0.06702304 2.32981e-06
1752127061.872 84.120 0.06707147 2.68709e-06
1752127061.882 84.174 0.06709102 2.74360e-06
1752127061.892 84.229 0.06711430 3.34424e-06
1752127061.902 84.283 0.06716272 4.33793e-06
1752127061.912 84.337 0.06717669 6.71177e-06
1752127061.922 84.391 0.06722790 7.42601e-06
1752127061.932 84.446 0.06726049 1.01320e-05
1752127061.942 84.500 0.06728842 1.30967e-05
1752127061.952 84.554 0.06734242 1.74411e-05
1752127061.963 84.608 0.06739085 2.95135e-05
1752127061.972 84.662 0.06739085 3.17552e-05
1752127061.982 84.716 0.06743368 3.97689e-05
1752127061.992 84.770 0.06747837 4.82243e-05
1752127062.002 84.824 0.06752958 6.62527e-05
1752127062.012 84.878 0.06753703 8.37808e-05
1752127062.022 84.931 0.06758918 9.76947e-05
1752127062.032 84.985 0.06762549 1.13043e-04
1752127062.042 85.039 0.06765994 1.29898e-04
1752127062.052 85.093 0.06772699 1.46472e-04
1752127062.062 85.146 0.06774002 1.61562e-04
1752127062.072 85.200 0.06779589 1.73783e-04
1752127062.082 85.254 0.06783500 1.83998e-04
1752127062.092 85.307 0.06787783 1.88997e-04
1752127062.102 85.361 0.06795325 1.93903e-04
1752127062.112 85.414 0.06797839 1.97809e-04
1752127062.122 85.468 0.06803612 1.89695e-04
1752127062.151 85.521 0.06819441 1.83547e-04
1752127062.162 85.575 0.06822701 1.45530e-04
1752127062.167 85.628 0.06828660 1.37560e-04
1752127062.172 85.682 0.06832012 1.38074e-04
1752127062.182 85.735 0.06832012 1.35771e-04
1752127062.192 85.788 0.06834432 1.23456e-04
1752127062.202 85.842 0.06842533 1.21230e-04
1752127062.212 85.895 0.06844954 1.20485e-04
1752127062.222 85.948 0.06852031 1.16883e-04
1752127062.232 86.001 0.06855942 1.15801e-04
1752127062.242 86.054 0.06858177 1.14307e-04
1752127062.252 86.107 0.06865160 1.09295e-04
1752127062.262 86.160 0.06869444 1.07727e-04
1752127062.272 86.214 0.06874099 1.00677e-04
1752127062.282 86.267 0.06876334 9.72528e-05
1752127062.292 86.319 0.06879500 8.81157e-05
1752127062.302 86.372 0.06885831 8.27500e-05
1752127062.312 86.425 0.06886483 7.76383e-05
1752127062.322 86.478 0.06891977 6.81940e-05
1752127062.332 86.531 0.06895143 5.96281e-05
1752127062.342 86.584 0.06896912 5.07066e-05
1752127062.352 86.637 0.06902592 4.21933e-05
1752127062.362 86.689 0.06904175 3.65636e-05
1752127062.372 86.742 0.06909668 2.68053e-05
1752127062.382 86.795 0.06911996 2.16033e-05
1752127062.392 86.847 0.06916000 1.65272e-05
1752127062.402 86.900 0.06922518 1.18941e-05
1752127062.412 86.953 0.06923263 9.49232e-06
1752127062.422 87.005 0.06927919 6.92033e-06
1752127062.432 87.058 0.06933040 4.65613e-06
1752127062.442 87.110 0.06937323 3.00282e-06
1752127062.452 87.163 0.06942072 2.52952e-06
1752127062.462 87.215 0.06943841 2.52566e-06
1752127062.472 87.268 0.06949428 1.81180e-06
1752127062.482 87.320 0.06952407 1.78406e-06
1752127062.492 87.372 0.06956970 1.47485e-06
1752127062.502 87.425 0.06963302 1.47907e-06
1752127062.512 87.477 0.06965722 1.51879e-06
1752127062.522 87.529 0.06972613 1.46869e-06
1752127062.532 87.581 0.06976710 1.59576e-06
1752127062.542 87.633 0.06979876 1.55123e-06
1752127062.552 87.686 0.06986580 1.62717e-06
1752127062.562 87.738 0.06989094 1.65236e-06
1752127062.572 87.790 0.06994122 1.56176e-06
1752127062.582 87.842 0.06998871 1.67632e-06
1752127062.592 87.894 0.07001944 1.61065e-06
1752127062.602 87.946 0.07007344 1.65159e-06
1752127062.612 87.998 0.07010604 1.66748e-06
1752127062.622 88.050 0.07016563 1.59526e-06
1752127062.632 88.102 0.07020101 1.70245e-06
1752127062.642 88.154 0.07024012 1.53633e-06
1752127062.652 88.205 0.07031461 1.63218e-06
1752127062.662 88.257 0.07032951 1.61101e-06
1752127062.712 88.309 0.07054832 1.52941e-06
1752127062.718 88.361 0.07059953 1.33960e-06
1752127062.723 88.412 0.07062933 1.38301e-06
1752127062.732 88.464 0.07062933 1.40707e-06
1752127062.742 88.516 0.07068334 1.30934e-06
1752127062.752 88.567 0.07073548 1.35308e-06
1752127062.762 88.619 0.07074572 1.23697e-06
1752127062.772 88.671 0.07080252 1.14613e-06
1752127062.782 88.722 0.07082114 1.18584e-06
1752127062.792 88.774 0.07086491 1.05144e-06
1752127062.802 88.825 0.07092357 9.89575e-07
1752127062.812 88.877 0.07092822 9.28863e-07
1752127062.822 88.928 0.07096919 7.95529e-07
1752127062.832 88.979 0.07098037 8.83736e-07
1752127062.842 89.031 0.07101575 7.68623e-07
1752127062.852 89.082 0.07107907 7.91513e-07
1752127062.862 89.133 0.07109024 7.83265e-07
1752127062.872 89.185 0.07114611 7.24341e-07
1752127062.882 89.236 0.07115170 7.81630e-07
1752127062.892 89.287 0.07117684 7.25273e-07
1752127062.902 89.338 0.07123364 7.94750e-07
1752127062.912 89.390 0.07124854 8.31537e-07
1752127062.922 89.441 0.07129137 7.90086e-07
1752127062.932 89.492 0.07130068 9.26977e-07
1752127062.942 89.543 0.07133048 8.99151e-07
1752127062.952 89.594 0.07138727 9.78649e-07
1752127062.962 89.645 0.07140496 1.07478e-06
1752127062.972 89.696 0.07145990 1.00497e-06
1752127062.982 89.747 0.07148411 1.22350e-06
1752127062.992 89.798 0.07152229 1.20024e-06
1752127063.002 89.849 0.07159119 1.34696e-06
1752127063.012 89.899 0.07161354 1.39017e-06
1752127063.022 89.950 0.07166848 1.42622e-06
1752127063.032 90.001 0.07169641 1.63092e-06
1752127063.042 90.052 0.07172341 1.61696e-06
1752127063.052 90.103 0.07179604 1.71972e-06
1752127063.062 90.153 0.07181839 1.77995e-06
1752127063.072 90.204 0.07187985 1.73101e-06
1752127063.082 90.255 0.07191988 1.87122e-06
1752127063.092 90.305 0.07195340 1.83844e-06
1752127063.102 90.356 0.07201858 1.91538e-06
1752127063.112 90.407 0.07203348 1.91782e-06
1752127063.122 90.457 0.07211915 1.84900e-06
1752127063.132 90.508 0.07215173 1.92103e-06
1752127063.142 90.558 0.07217687 1.81806e-06
1752127063.152 90.609 0.07223833 1.83824e-06
1752127063.162 90.659 0.07227278 1.77997e-06
1752127063.172 90.709 0.07233703 1.69181e-06
1752127063.182 90.760 0.07235938 1.79896e-06
1752127063.192 90.810 0.07239848 1.66577e-06
1752127063.202 90.860 0.07245715 1.67573e-06
1752127063.212 90.911 0.07248881 1.55553e-06
1752127063.241 90.961 0.07260613 1.41682e-06
1752127063.266 91.011 0.07274580 1.19766e-06
1752127063.272 91.062 0.07278398 1.08242e-06
1752127063.282 91.112 0.07278398 1.12328e-06
1752127063.292 91.162 0.07280074 1.04840e-06
1752127063.302 91.212 0.07286219 1.04284e-06
1752127063.312 91.262 0.07288919 9.98404e-07
1752127063.322 91.312 0.07294506 9.24231e-07
1752127063.332 91.362 0.07296927 1.00195e-06
1752127063.342 91.412 0.07300186 9.18854e-07
1752127063.352 91.462 0.07305866 9.77784e-07
1752127063.362 91.512 0.07306518 9.12707e-07
1752127063.372 91.562 0.07312012 8.85852e-07
1752127063.382 91.612 0.07314153 9.54885e-07
1752127063.392 91.662 0.07318064 9.06125e-07
1752127063.402 91.712 0.07322254 9.60305e-07
1752127063.412 91.762 0.07322813 9.15734e-07
1752127063.422 91.811 0.07327189 8.54611e-07
1752127063.432 91.861 0.07329890 9.43309e-07
1752127063.442 91.911 0.07334359 8.67023e-07
1752127063.452 91.961 0.07337804 9.05448e-07
1752127063.462 92.010 0.07338362 8.39079e-07
1752127063.472 92.060 0.07342832 7.91979e-07
1752127063.482 92.110 0.07345253 8.45700e-07
1752127063.492 92.159 0.07348419 7.28137e-07
1752127063.502 92.209 0.07353633 7.88121e-07
1752127063.512 92.258 0.07354471 7.18570e-07
1752127063.522 92.308 0.07359685 6.26429e-07
1752127063.531 92.358 0.07362106 7.29430e-07
1752127063.541 92.407 0.07365552 6.40966e-07
1752127063.552 92.456 0.07370673 6.69995e-07
1752127063.561 92.506 0.07371883 6.05042e-07
1752127063.571 92.555 0.07379705 5.53010e-07
1752127063.581 92.605 0.07383057 6.41943e-07
1752127063.591 92.654 0.07387340 5.62522e-07
1752127063.601 92.703 0.07391810 5.94200e-07
1752127063.611 92.753 0.07395068 5.45858e-07
1752127063.621 92.802 0.07400656 4.99314e-07
1752127063.631 92.851 0.07402425 5.94024e-07
1752127063.641 92.900 0.07407732 5.19027e-07
1752127063.651 92.950 0.07413040 5.85703e-07
1752127063.661 92.999 0.07415274 5.35137e-07
1752127063.671 93.048 0.07422072 5.04077e-07
1752127063.681 93.097 0.07424679 5.72398e-07
1752127063.691 93.146 0.07428217 5.18599e-07
1752127063.701 93.195 0.07435480 5.81721e-07
1752127063.711 93.244 0.07437156 5.16796e-07
1752127063.721 93.293 0.07443767 4.55167e-07
1752127063.731 93.342 0.07446747 5.62164e-07
1752127063.741 93.391 0.07450843 4.97127e-07
1752127063.751 93.440 0.07457641 5.50764e-07
1752127063.761 93.489 0.07458572 4.90411e-07
1752127063.791 93.538 0.07470770 4.56205e-07
1752127063.801 93.587 0.07477288 4.03777e-07
1752127063.812 93.636 0.07477288 4.11700e-07
1752127063.822 93.684 0.07482595 3.70810e-07
1752127063.832 93.733 0.07485948 4.13855e-07
1752127063.842 93.782 0.07490603 3.52965e-07
1752127063.851 93.831 0.07494514 3.61911e-07
1752127063.861 93.879 0.07495631 3.26466e-07
1752127063.871 93.928 0.07500008 2.80747e-07
1752127063.881 93.977 0.07504011 3.24665e-07
1752127063.891 94.025 0.07507736 2.83447e-07
1752127063.901 94.074 0.07512671 3.27043e-07
1752127063.911 94.123 0.07515185 2.60465e-07
1752127063.921 94.171 0.07520493 2.13403e-07
1752127063.931 94.220 0.07521331 3.03428e-07
1752127063.941 94.268 0.07524496 2.44825e-07
1752127063.951 94.317 0.07528780 3.02866e-07
1752127063.961 94.365 0.07530083 2.38207e-07
1752127063.971 94.414 0.07535297 2.01053e-07
1752127063.981 94.462 0.07537532 2.80132e-07
1752127063.991 94.510 0.07541536 2.43702e-07
1752127064.001 94.559 0.07545074 2.87877e-07
1752127064.011 94.607 0.07546937 2.30388e-07
1752127064.021 94.655 0.07552989 1.82826e-07
1752127064.031 94.704 0.07554851 2.77635e-07
1752127064.041 94.752 0.07558948 2.35771e-07
1752127064.051 94.800 0.07562301 2.80630e-07
1752127064.061 94.848 0.07563790 2.21597e-07
1752127064.071 94.896 0.07568911 1.97536e-07
1752127064.081 94.945 0.07572078 2.76854e-07
1752127064.091 94.993 0.07575895 2.24950e-07
1752127064.101 95.041 0.07581761 2.71081e-07
1752127064.111 95.089 0.07583437 2.22339e-07
1752127064.121 95.137 0.07589490 1.92970e-07
1752127064.131 95.185 0.07592283 2.77792e-07
1752127064.141 95.233 0.07594517 2.39811e-07
1752127064.151 95.281 0.07599173 2.91527e-07
1752127064.161 95.329 0.07602805 2.31926e-07
1752127064.171 95.377 0.07610161 2.09411e-07
1752127064.181 95.425 0.07610906 2.96126e-07
1752127064.191 95.473 0.07615747 2.61014e-07
1752127064.201 95.521 0.07621893 3.06908e-07
1752127064.211 95.569 0.07624873 2.45068e-07
1752127064.221 95.616 0.07631670 2.15792e-07
1752127064.231 95.664 0.07633625 3.05392e-07
1752127064.241 95.712 0.07638747 2.61953e-07
1752127064.251 95.760 0.07642471 3.17232e-07
1752127064.261 95.807 0.07644147 2.65245e-07
1752127064.271 95.855 0.07650945 2.31571e-07
1752127064.281 95.903 0.07653924 3.40992e-07
1752127064.291 95.950 0.07657835 3.21011e-07
1752127064.301 95.998 0.07662956 4.51885e-07
1752127064.350 96.046 0.07681672 8.45480e-07
1752127064.356 96.093 0.07683534 1.31896e-06
1752127064.361 96.141 0.07688935 1.44265e-06
1752127064.371 96.188 0.07688935 1.46858e-06
1752127064.381 96.236 0.07690797 1.74570e-06
1752127064.391 96.283 0.07695173 1.98168e-06
1752127064.401 96.331 0.07699829 2.18143e-06
1752127064.411 96.378 0.07701412 2.41570e-06
1752127064.421 96.426 0.07707744 2.69186e-06
1752127064.431 96.473 0.07709420 2.88993e-06
1752127064.441 96.520 0.07714075 3.17034e-06
1752127064.451 96.568 0.07718731 3.33602e-06
1752127064.461 96.615 0.07719569 3.54273e-06
1752127064.472 96.662 0.07724690 3.66046e-06
1752127064.481 96.710 0.07724690 3.92852e-06
1752127064.491 96.757 0.07728136 4.12992e-06
1752127064.501 96.804 0.07732512 4.28017e-06
1752127064.511 96.851 0.07733722 4.31122e-06
1752127064.521 96.899 0.07739402 4.56358e-06
1752127064.531 96.946 0.07742009 4.62732e-06
1752127064.541 96.993 0.07745082 4.75446e-06
1752127064.551 97.040 0.07747689 4.84950e-06
1752127064.561 97.087 0.07748713 4.84360e-06
1752127064.571 97.134 0.07753462 5.05233e-06
1752127064.581 97.181 0.07756162 5.01890e-06
1752127064.591 97.228 0.07759887 5.17680e-06
1752127064.601 97.275 0.07764077 5.30181e-06
1752127064.611 97.322 0.07764263 5.45413e-06
1752127064.621 97.369 0.07772271 5.60264e-06
1752127064.631 97.416 0.07772458 5.92338e-06
1752127064.641 97.463 0.07775903 6.18049e-06
1752127064.651 97.510 0.07781582 6.55285e-06
1752127064.661 97.557 0.07783817 6.82456e-06
1752127064.671 97.604 0.07789311 7.17996e-06
1752127064.681 97.651 0.07791080 7.64850e-06
1752127064.691 97.697 0.07795177 7.80120e-06
1752127064.701 97.744 0.07800205 8.22579e-06
1752127064.711 97.791 0.07802626 8.31691e-06
1752127064.721 97.838 0.07809330 8.43611e-06
1752127064.731 97.884 0.07812310 8.88472e-06
1752127064.741 97.931 0.07816407 8.81466e-06
1752127064.751 97.978 0.07822832 8.86258e-06
1752127064.761 98.024 0.07824228 8.70780e-06
1752127064.771 98.071 0.07829536 8.52487e-06
1752127064.781 98.118 0.07831212 8.50580e-06
1752127064.791 98.164 0.07836705 8.07623e-06
1752127064.801 98.211 0.07841641 7.73047e-06
1752127064.811 98.257 0.07843410 7.45862e-06
1752127064.821 98.304 0.07849462 6.79243e-06
1752127064.831 98.350 0.07852069 6.51546e-06
1752127064.841 98.397 0.07854397 5.99117e-06
1752127064.851 98.443 0.07859704 5.64847e-06
1752127064.881 98.490 0.07872182 5.30156e-06
1752127064.906 98.536 0.07881866 3.92223e-06
1752127064.913 98.582 0.07888384 3.85009e-06
1752127064.921 98.629 0.07888384 3.67054e-06
1752127064.931 98.675 0.07891922 3.63080e-06
1752127064.941 98.721 0.07894622 3.41166e-06
1752127064.951 98.768 0.07896298 3.33974e-06
1752127064.961 98.814 0.07897974 3.17945e-06
1752127064.971 98.860 0.07905237 3.06429e-06
1752127064.981 98.906 0.07908310 3.06931e-06
1752127064.991 98.953 0.07911103 2.93689e-06
1752127065.001 98.999 0.07914828 2.93250e-06
1752127065.011 99.045 0.07916411 2.91650e-06
1752127065.021 99.091 0.07921718 2.88531e-06
1752127065.031 99.137 0.07922649 2.95300e-06
1752127065.041 99.183 0.07925443 2.93743e-06
1752127065.051 99.229 0.07929261 2.99593e-06
1752127065.061 99.276 0.07930564 2.87480e-06
1752127065.071 99.322 0.07936524 2.91771e-06
1752127065.081 99.368 0.07938479 2.98845e-06
1752127065.091 99.414 0.07941458 2.94692e-06
1752127065.101 99.460 0.07944252 2.94578e-06
1752127065.111 99.505 0.07945648 2.91640e-06
1752127065.121 99.551 0.07948814 2.95392e-06
1752127065.131 99.597 0.07950956 3.01410e-06
1752127065.141 99.643 0.07955798 3.05216e-06
1752127065.151 99.689 0.07959802 3.00323e-06
1752127065.161 99.735 0.07960454 2.94942e-06
1752127065.171 99.781 0.07965854 2.84211e-06
1752127065.181 99.827 0.07967623 2.81237e-06
1752127065.191 99.872 0.07971907 2.72628e-06
1752127065.201 99.918 0.07975724 2.64358e-06
1752127065.211 99.964 0.07978703 2.49579e-06
1752127065.221 100.010 0.07984942 2.40176e-06
1752127065.231 100.055 0.07986525 2.33648e-06
1752127065.241 100.101 0.07992578 2.21093e-06
1752127065.251 100.147 0.07995930 2.11161e-06
1752127065.261 100.192 0.07996209 1.92862e-06
1752127065.271 100.238 0.08003193 1.76584e-06
1752127065.281 100.283 0.08005707 1.81381e-06
1752127065.291 100.329 0.08011293 1.63276e-06
1752127065.301 100.375 0.08015484 1.55280e-06
1752127065.310 100.420 0.08017346 1.40327e-06
1752127065.321 100.466 0.08022281 1.33298e-06
1752127065.331 100.511 0.08025540 1.26592e-06
1752127065.341 100.557 0.08030940 1.13079e-06
1752127065.350 100.602 0.08035876 1.07713e-06
1752127065.360 100.647 0.08037645 9.37448e-07
1752127065.370 100.693 0.08042579 9.14774e-07
1752127065.380 100.738 0.08045186 8.71833e-07
1752127065.390 100.784 0.08050867 7.37772e-07
1752127065.400 100.829 0.08055150 7.55485e-07
1752127065.431 100.874 0.08068465 6.48810e-07
1752127065.441 100.920 0.08073028 4.63622e-07
1752127065.451 100.965 0.08073028 5.16395e-07
1752127065.461 101.010 0.08076473 4.19419e-07
1752127065.471 101.055 0.08081873 3.67255e-07
1752127065.481 101.101 0.08082153 4.46332e-07
1752127065.491 101.146 0.08085319 2.98618e-07
1752127065.501 101.191 0.08091092 3.71272e-07
1752127065.511 101.236 0.08092116 3.01080e-07
1752127065.521 101.281 0.08096958 2.65807e-07
1752127065.531 101.326 0.08098820 3.51030e-07
1752127065.541 101.372 0.08103848 2.55009e-07
1752127065.551 101.417 0.08106455 3.11179e-07
1752127065.561 101.462 0.08107759 2.84536e-07
1752127065.571 101.507 0.08113811 2.34743e-07
1752127065.581 101.552 0.08114649 3.13743e-07
1752127065.591 101.597 0.08119491 2.19925e-07
1752127065.601 101.642 0.08122191 2.87381e-07
1752127065.611 101.687 0.08123215 2.30344e-07
1752127065.621 101.732 0.08129454 2.20725e-07
1752127065.631 101.777 0.08131130 2.83826e-07
1752127065.641 101.822 0.08133737 2.07020e-07
1752127065.651 101.866 0.08138114 2.63122e-07
1752127065.661 101.911 0.08140162 2.00487e-07
1752127065.670 101.956 0.08143701 1.68558e-07
1752127065.680 102.001 0.08145097 2.61409e-07
1752127065.690 102.046 0.08150777 2.18509e-07
1752127065.701 102.091 0.08152546 2.69603e-07
1752127065.710 102.135 0.08154874 2.12328e-07
1752127065.720 102.180 0.08162416 2.13401e-07
1752127065.730 102.225 0.08161578 3.18933e-07
1752127065.740 102.270 0.08166793 3.11368e-07
1752127065.750 102.314 0.08170331 3.99356e-07
1752127065.760 102.359 0.08173497 4.28360e-07
1752127065.770 102.404 0.08179084 5.43197e-07
1752127065.780 102.448 0.08180108 7.72065e-07
1752127065.790 102.493 0.08185788 1.04579e-06
1752127065.800 102.537 0.08189327 1.39138e-06
1752127065.810 102.582 0.08190258 1.72423e-06
1752127065.820 102.627 0.08197520 2.54248e-06
1752127065.830 102.671 0.08199941 3.01625e-06
1752127065.840 102.716 0.08203573 3.64785e-06
1752127065.850 102.760 0.08208880 4.45984e-06
1752127065.860 102.805 0.08210463 5.00946e-06
1752127065.870 102.849 0.08216422 5.87035e-06
1752127065.880 102.893 0.08219495 6.83730e-06
1752127065.890 102.938 0.08225082 8.07228e-06
1752127065.900 102.982 0.08227782 9.28047e-06
1752127065.910 103.027 0.08227689 1.04146e-05
1752127065.920 103.071 0.08234580 1.19929e-05
1752127065.930 103.115 0.08237373 1.40170e-05
1752127065.940 103.160 0.08242680 1.69967e-05
1752127065.991 103.204 0.08264096 2.64886e-05
1752127066.000 103.248 0.08264096 2.92543e-05
1752127066.011 103.293 0.08265958 2.87899e-05
1752127066.021 103.337 0.08272290 3.16854e-05
1752127066.031 103.381 0.08274618 3.25233e-05
1752127066.041 103.425 0.08277133 3.57476e-05
1752127066.051 103.469 0.08281788 3.72967e-05
1752127066.061 103.514 0.08283836 3.83886e-05
1752127066.071 103.558 0.08288026 4.07490e-05
1752127066.081 103.602 0.08288772 4.14128e-05
1752127066.091 103.646 0.08293706 4.43719e-05
1752127066.101 103.690 0.08297338 4.54145e-05
1752127066.111 103.734 0.08297338 4.84352e-05
1752127066.121 103.778 0.08301901 4.97358e-05
1752127066.130 103.822 0.08303670 5.25703e-05
1752127066.141 103.866 0.08307115 5.45872e-05
1752127066.150 103.910 0.08310001 5.86769e-05
1752127066.160 103.954 0.08311118 6.07667e-05
1752127066.170 103.998 0.08316240 6.46178e-05
1752127066.180 104.042 0.08317171 7.19863e-05
1752127066.190 104.086 0.08319592 7.25770e-05
1752127066.200 104.130 0.08321826 7.70769e-05
1752127066.210 104.174 0.08323875 8.07306e-05
1752127066.220 104.218 0.08329927 8.23771e-05
1752127066.230 104.262 0.08329462 8.99330e-05
1752127066.240 104.305 0.08332069 8.82381e-05
1752127066.250 104.349 0.08334956 9.62623e-05
1752127066.260 104.393 0.08337377 9.55405e-05
1752127066.270 104.437 0.08342311 9.99658e-05
1752127066.280 104.481 0.08343243 1.02410e-04
1752127066.290 104.524 0.08347433 1.05972e-04
1752127066.300 104.568 0.08351157 1.07327e-04
1752127066.310 104.612 0.08354695 1.09516e-04
1752127066.320 104.655 0.08360748 1.08241e-04
1752127066.330 104.699 0.08362983 1.08066e-04
1752127066.340 104.743 0.08366987 1.05499e-04
1752127066.350 104.786 0.08370804 1.05245e-04
1752127066.360 104.830 0.08373132 1.02243e-04
1752127066.370 104.874 0.08378998 9.79491e-05
1752127066.380 104.917 0.08381606 9.48038e-05
1752127066.390 104.961 0.08386354 8.88205e-05
1752127066.400 105.004 0.08390265 8.12245e-05
1752127066.410 105.048 0.08391476 7.67842e-05
1752127066.420 105.091 0.08397435 7.24405e-05
1752127066.430 105.135 0.08400508 6.97537e-05
1752127066.440 105.178 0.08405815 6.49849e-05
1752127066.450 105.222 0.08410378 5.91413e-05
1752127066.460 105.265 0.08413171 5.16992e-05
1752127066.470 105.309 0.08417454 4.88376e-05
1752127066.480 105.352 0.08419502 4.64461e-05
1752127066.490 105.395 0.08425741 4.20526e-05
1752127066.500 105.439 0.08427697 3.92398e-05
1752127066.545 105.482 0.08445947 3.28835e-05
1752127066.551 105.525 0.08448275 2.76036e-05
1752127066.560 105.569 0.08448275 2.60678e-05
1752127066.570 105.612 0.08452837 2.52278e-05
1752127066.580 105.655 0.08455631 2.47030e-05
1752127066.590 105.699 0.08460473 2.32563e-05
1752127066.600 105.742 0.08461962 2.22661e-05
1752127066.610 105.785 0.08464849 2.13298e-05
1752127066.620 105.828 0.08469505 2.05984e-05
1752127066.630 105.871 0.08470994 2.03775e-05
1752127066.640 105.915 0.08474346 1.92415e-05
1752127066.650 105.958 0.08478071 1.86610e-05
1752127066.660 106.001 0.08479654 1.77190e-05
1752127066.670 106.044 0.08484309 1.77259e-05
1752127066.680 106.087 0.08484589 1.72244e-05
1752127066.690 106.130 0.08488034 1.64395e-05
1752127066.700 106.173 0.08490641 1.67274e-05
1752127066.710 106.216 0.08492783 1.60684e-05
1752127066.720 106.259 0.08497159 1.58824e-05
1752127066.730 106.302 0.08497998 1.57088e-05
1752127066.740 106.345 0.08501536 1.57820e-05
1752127066.750 106.388 0.08504143 1.51436e-05
1752127066.760 106.431 0.08504701 1.44351e-05
1752127066.770 106.474 0.08510847 1.43670e-05
1752127066.780 106.517 0.08512430 1.41546e-05
1752127066.790 106.560 0.08516434 1.42619e-05
1752127066.800 106.603 0.08520344 1.35126e-05
1752127066.810 106.646 0.08520810 1.31412e-05
1752127066.820 106.689 0.08525559 1.34185e-05
1752127066.830 106.732 0.08527607 1.33269e-05
1752127066.840 106.774 0.08532356 1.30852e-05
1752127066.850 106.817 0.08535988 1.33953e-05
1752127066.860 106.860 0.08536732 1.29750e-05
1752127066.870 106.903 0.08542785 1.25596e-05
1752127066.880 106.946 0.08545578 1.20664e-05
1752127066.890 106.988 0.08548837 1.30641e-05
1752127066.900 107.031 0.08552934 1.20046e-05
1752127066.910 107.074 0.08554890 1.15562e-05
1752127066.920 107.116 0.08561687 1.14236e-05
1752127066.930 107.159 0.08564574 1.06235e-05
1752127066.940 107.202 0.08568857 1.02972e-05
1752127066.950 107.244 0.08570905 9.80083e-06
1752127066.960 107.287 0.08573791 9.04322e-06
1752127066.970 107.330 0.08579006 8.85717e-06
1752127066.980 107.372 0.08583010 8.38002e-06
1752127066.990 107.415 0.08587386 8.42732e-06
1752127067.000 107.457 0.08590273 7.82103e-06
1752127067.010 107.500 0.08592600 7.30056e-06
1752127067.020 107.542 0.08598281 7.04043e-06
1752127067.030 107.585 0.08599026 6.82047e-06
1752127067.073 107.627 0.08616251 6.20820e-06
1752127067.080 107.670 0.08621838 5.37727e-06
1752127067.090 107.712 0.08621838 5.25875e-06
1752127067.100 107.755 0.08625190 5.18575e-06
1752127067.110 107.797 0.08628170 5.17974e-06
1752127067.120 107.839 0.08633571 4.71382e-06
1752127067.130 107.882 0.08633943 4.84492e-06
1752127067.140 107.924 0.08638598 4.92853e-06
1752127067.150 107.967 0.08640740 4.94438e-06
1752127067.160 108.009 0.08642416 4.51220e-06
1752127067.170 108.051 0.08648655 4.76816e-06
1752127067.180 108.093 0.08649586 4.40207e-06
1752127067.190 108.136 0.08653776 4.51295e-06
1752127067.200 108.178 0.08657221 4.42581e-06
1752127067.210 108.220 0.08657687 4.03226e-06
1752127067.220 108.263 0.08661877 4.47155e-06
1752127067.230 108.305 0.08663180 4.18280e-06
1752127067.239 108.347 0.08668395 4.05947e-06
1752127067.249 108.389 0.08670536 3.92849e-06
1752127067.259 108.431 0.08671095 4.00301e-06
1752127067.269 108.473 0.08675658 3.83115e-06
1752127067.279 108.516 0.08676589 3.58510e-06
1752127067.289 108.558 0.08680500 3.71350e-06
1752127067.299 108.600 0.08681058 3.80044e-06
1752127067.309 108.642 0.08682827 3.57083e-06
1752127067.319 108.684 0.08687018 3.51249e-06
1752127067.329 108.726 0.08687111 3.37383e-06
1752127067.339 108.768 0.08693349 3.51566e-06
1752127067.349 108.810 0.08695770 3.57703e-06
1752127067.359 108.852 0.08697446 3.43792e-06
1752127067.369 108.894 0.08702102 3.37030e-06
1752127067.379 108.936 0.08705175 3.18291e-06
1752127067.389 108.978 0.08708248 3.25082e-06
1752127067.399 109.020 0.08713369 3.28947e-06
1752127067.409 109.062 0.08716907 3.16191e-06
1752127067.419 109.104 0.08721004 3.07990e-06
1752127067.429 109.146 0.08723704 2.98426e-06
1752127067.439 109.188 0.08729105 3.00617e-06
1752127067.449 109.229 0.08731060 3.08866e-06
1752127067.459 109.271 0.08733667 2.94267e-06
1752127067.469 109.313 0.08740744 2.95068e-06
1752127067.479 109.355 0.08741489 2.80634e-06
1752127067.489 109.397 0.08746424 2.78401e-06
1752127067.499 109.438 0.08749217 2.80461e-06
1752127067.509 109.480 0.08753687 2.72669e-06
1752127067.519 109.522 0.08758994 2.74510e-06
1752127067.529 109.564 0.08761601 2.61074e-06
1752127067.539 109.605 0.08764861 2.56594e-06
1752127067.549 109.647 0.08768492 2.57244e-06
1752127067.559 109.689 0.08772775 2.47756e-06
1752127067.569 109.730 0.08776872 2.47008e-06
1752127067.579 109.772 0.08777058 2.43754e-06
1752127067.623 109.814 0.08792794 2.24293e-06
1752127067.630 109.855 0.08798009 2.14974e-06
1752127067.639 109.897 0.08798009 2.06093e-06
1752127067.649 109.939 0.08802944 2.13918e-06
1752127067.659 109.980 0.08803409 2.06428e-06
1752127067.669 110.022 0.08808810 2.09748e-06
