1760553006.974 33.800 0.03271261 6.40139e-08
1760553006.981 33.935 0.03270982 -9.04040e-09
1760553007.029 34.070 0.03268282 4.87379e-08
1760553007.079 34.204 0.03268654 4.66975e-08
1760553007.129 34.337 0.03273403 4.09876e-08
1760553007.136 34.470 0.03273403 7.20300e-09
1760553007.146 34.602 0.03276755 4.40664e-08
1760553007.194 34.734 0.03288301 5.85393e-08
1760553007.244 34.866 0.03303944 5.82307e-08
1760553007.294 34.997 0.03325919 5.75821e-08
1760553007.344 35.127 0.03347428 5.72896e-08
1760553007.397 35.257 0.03367727 9.53711e-07
1760553007.406 35.386 0.03367727 1.39693e-06
1760553007.417 35.515 0.03375083 2.68844e-06
1760553007.426 35.644 0.03375083 4.63392e-06
1760553007.436 35.772 0.03378249 7.40000e-06
1760553007.446 35.899 0.03379645 1.05988e-05
1760553007.456 36.026 0.03382159 1.43368e-05
1760553007.466 36.153 0.03384487 1.60224e-05
1760553007.476 36.279 0.03383556 1.63539e-05
1760553007.526 36.405 0.03396871 1.48273e-05
1760553007.536 36.530 0.03396871 7.85697e-06
1760553007.546 36.655 0.03398920 3.43288e-06
1760553007.556 36.780 0.03401247 1.36262e-06
1760553007.566 36.904 0.03405810 8.18463e-07
1760553007.576 37.028 0.03408790 5.52820e-07
1760553007.586 37.151 0.03415214 2.48343e-07
1760553007.596 37.274 0.03422384 1.44468e-07
1760553007.606 37.396 0.03427878 4.93289e-08
1760553007.616 37.518 0.03433651 6.03696e-08
1760553007.664 37.640 0.03475273 3.11090e-09
1760553007.714 37.761 0.03524902 -6.18870e-09
1760553007.764 37.882 0.03574252 1.24726e-08
1760553007.814 38.002 0.03616712 1.15730e-09
1760553007.864 38.123 0.03641108 3.71000e-11
1760553007.914 38.242 0.03647346 -6.13280e-09
1760553007.965 38.362 0.03644460 -4.72100e-09
1760553008.015 38.481 0.03641946 -6.48840e-09
1760553008.116 38.599 0.03658520 1.18737e-08
1760553008.126 38.718 0.03658520 6.58521e-08
1760553008.175 38.835 0.03671090 5.50945e-08
1760553008.181 38.953 0.03675187 -1.28258e-08
1760553008.228 39.070 0.03686547 5.74218e-08
1760553008.297 39.187 0.03702004 1.13880e-08
1760553008.347 39.303 0.03715505 -4.13700e-10
1760553008.397 39.420 0.03729658 1.35244e-08
1760553008.447 39.535 0.03742694 6.67140e-09
1760553008.497 39.651 0.03753868 5.66910e-09
1760553008.547 39.766 0.03763738 2.01070e-09
1760553008.597 39.881 0.03772956 -1.94570e-09
1760553008.675 39.995 0.03786551 4.02671e-08
1760553008.726 40.109 0.03797166 4.12627e-08
1760553008.776 40.223 0.03806849 4.31723e-08
1760553008.826 40.337 0.03815975 4.47794e-08
1760553008.876 40.450 0.03823889 4.64448e-08
1760553008.926 40.563 0.03833201 4.79985e-08
1760553008.976 40.675 0.03842978 4.88661e-08
1760553009.026 40.787 0.03853499 4.97920e-08
1760553009.076 40.899 0.03863369 4.93721e-08
1760553009.126 41.011 0.03876033 4.97633e-08
1760553009.176 41.122 0.03884599 5.44231e-08
1760553009.250 41.233 0.03897356 1.54037e-08
1760553009.257 41.344 0.03901080 7.26521e-08
1760553009.265 41.454 0.03901080 9.42300e-09
1760553009.316 41.565 0.03911788 1.09860e-09
1760553009.325 41.674 0.03911788 7.29139e-08
1760553009.373 41.784 0.03922496 7.13147e-08
1760553009.378 41.893 0.03923986 3.97850e-08
1760553009.426 42.002 0.03938326 5.08905e-08
1760553009.476 42.111 0.03955924 5.17211e-08
1760553009.527 42.219 0.03977619 5.26413e-08
1760553009.577 42.327 0.03996615 5.45633e-08
1760553009.627 42.435 0.04013189 5.74459e-08
1760553009.677 42.543 0.04021569 5.78750e-08
1760553009.727 42.650 0.04029298 5.88068e-08
1760553009.788 42.757 0.04035536 6.55625e-08
1760553009.795 42.864 0.04035536 5.40975e-08
1760553009.843 42.971 0.04042706 4.92611e-08
1760553009.893 43.077 0.04050993 5.28878e-08
1760553009.943 43.183 0.04065612 5.10835e-08
1760553009.993 43.289 0.04076134 5.53981e-08
1760553010.044 43.394 0.04091032 5.52104e-08
1760553010.094 43.499 0.04104347 5.49229e-08
1760553010.144 43.604 0.04113845 5.53256e-08
1760553010.194 43.709 0.04122690 5.65702e-08
1760553010.243 43.813 0.04129581 5.60485e-08
1760553010.322 43.918 0.04144013 1.07489e-08
1760553010.330 44.022 0.04147552 1.30133e-08
1760553010.378 44.125 0.04155001 5.71601e-08
1760553010.428 44.229 0.04165615 5.43733e-08
1760553010.478 44.332 0.04174089 5.35704e-08
1760553010.529 44.435 0.04186566 5.23388e-08
1760553010.579 44.538 0.04198671 5.12399e-08
1760553010.629 44.640 0.04208541 4.98131e-08
1760553010.679 44.743 0.04219249 4.71494e-08
1760553010.729 44.845 0.04226512 4.43703e-08
1760553010.779 44.947 0.04236196 4.08822e-08
1760553010.785 45.048 0.04236009 7.25430e-09
1760553010.794 45.149 0.04236009 5.14710e-08
1760553010.859 45.251 0.04250349 5.45026e-08
1760553010.908 45.352 0.04261336 5.10392e-08
1760553010.961 45.452 0.04275676 6.26796e-08
1760553011.010 45.553 0.04290388 5.83372e-08
1760553011.061 45.653 0.04306310 6.41439e-08
1760553011.111 45.753 0.04314783 5.89918e-08
1760553011.161 45.853 0.04322512 6.41488e-08
1760553011.211 45.952 0.04329588 5.72577e-08
1760553011.261 46.052 0.04336944 6.26459e-08
1760553011.311 46.151 0.04345418 5.66098e-08
1760553011.361 46.250 0.04354077 6.19074e-08
1760553011.413 46.349 0.04364972 4.23721e-08
1760553011.479 46.447 0.04378100 4.15425e-08
1760553011.528 46.545 0.04387598 3.72202e-08
1760553011.579 46.644 0.04396909 3.54473e-08
1760553011.629 46.741 0.04405010 3.14359e-08
1760553011.679 46.839 0.04410132 2.98191e-08
1760553011.729 46.937 0.04419536 2.66212e-08
1760553011.797 47.034 0.04431455 -1.53986e-08
1760553011.847 47.131 0.04441604 -1.51280e-08
1760553011.897 47.228 0.04449891 -1.49898e-08
1760553011.985 47.325 0.04464417 4.12760e-09
1760553011.994 47.421 0.04464417 4.90724e-08
1760553012.061 47.517 0.04477546 5.99821e-08
1760553012.111 47.614 0.04482853 5.35167e-08
1760553012.161 47.709 0.04491326 5.93045e-08
1760553012.211 47.805 0.04500265 5.28525e-08
1760553012.261 47.901 0.04509111 5.80680e-08
1760553012.311 47.996 0.04518702 5.33540e-08
1760553012.361 48.091 0.04526337 5.86253e-08
1760553012.368 48.186 0.04528199 1.43680e-08
1760553012.374 48.281 0.04531365 4.83493e-08
1760553012.383 48.376 0.04531365 -5.63250e-09
1760553012.393 48.470 0.04533134 6.69041e-08
1760553012.441 48.564 0.04542166 5.05904e-08
1760553012.521 48.658 0.04560510 5.19104e-08
1760553012.528 48.752 0.04565352 5.20744e-08
1760553012.534 48.846 0.04568610 1.17991e-08
1760553012.543 48.939 0.04568610 5.14308e-08
1760553012.591 49.033 0.04588816 4.82088e-08
1760553012.599 49.126 0.04591796 -7.88040e-09
1760553012.605 49.219 0.04597662 7.34737e-08
1760553012.613 49.311 0.04597662 4.24896e-08
1760553012.661 49.404 0.04613957 5.78605e-08
1760553012.711 49.497 0.04633510 4.89950e-08
1760553012.761 49.589 0.04652320 5.18418e-08
1760553012.811 49.681 0.04672432 4.99647e-08
1760553012.861 49.773 0.04688727 5.66045e-08
1760553012.911 49.865 0.04697480 5.18307e-08
1760553012.961 49.956 0.04706884 5.80821e-08
1760553013.011 50.048 0.04709212 5.30606e-08
1760553013.087 50.139 0.04719082 4.17583e-08
1760553013.093 50.230 0.04719082 4.89683e-08
1760553013.140 50.321 0.04727741 4.22915e-08
1760553013.146 50.412 0.04730255 -1.00469e-08
1760553013.194 50.502 0.04738822 4.76333e-08
1760553013.244 50.593 0.04746550 4.92806e-08
1760553013.294 50.683 0.04760145 1.21685e-07
1760553013.303 50.773 0.04760145 1.19440e-07
1760553013.313 50.863 0.04763497 3.61428e-07
1760553013.323 50.953 0.04765452 5.22684e-07
1760553013.333 51.042 0.04768618 8.19812e-07
1760553013.343 51.132 0.04770853 1.28668e-06
1760553013.353 51.221 0.04772156 1.63351e-06
1760553013.363 51.310 0.04776347 1.75997e-06
1760553013.373 51.399 0.04779512 2.72542e-06
1760553013.383 51.488 0.04782399 3.31033e-06
1760553013.393 51.577 0.04783796 5.14311e-06
1760553013.403 51.666 0.04786682 7.25373e-06
1760553013.413 51.754 0.04788079 9.73793e-06
1760553013.423 51.842 0.04791431 1.28565e-05
1760553013.433 51.930 0.04794876 1.53145e-05
1760553013.443 52.018 0.04796459 1.90755e-05
1760553013.452 52.106 0.04799904 2.30058e-05
1760553013.463 52.194 0.04805584 2.57916e-05
1760553013.472 52.281 0.04810054 1.84524e-05
1760553013.482 52.369 0.04813499 2.50311e-05
1760553013.492 52.456 0.04816013 2.36338e-05
1760553013.502 52.543 0.04823741 1.89978e-05
1760553013.512 52.630 0.04830539 1.25996e-05
1760553013.522 52.717 0.04836125 6.31653e-06
1760553013.532 52.803 0.04845716 2.08511e-06
1760553013.542 52.890 0.04853538 6.70532e-07
1760553013.552 52.976 0.04863221 4.30252e-07
1760553013.562 53.062 0.04869832 1.96092e-07
1760553013.572 53.148 0.04875885 9.38059e-08
1760553013.582 53.234 0.04886779 4.61737e-08
1760553013.592 53.320 0.04896556 8.07706e-08
1760553013.682 53.406 0.04985386 3.82160e-09
1760553013.689 53.491 0.04995815 6.89346e-08
1760553013.695 53.577 0.05006989 2.40686e-08
1760553013.702 53.662 0.05006989 1.77741e-08
1760553013.712 53.747 0.05015835 5.48136e-08
1760553013.722 53.832 0.05021700 1.75239e-08
1760553013.732 53.917 0.05031291 5.32606e-08
1760553013.742 54.002 0.05038833 8.32635e-08
1760553013.790 54.086 0.05062484 7.24510e-08
1760553013.797 54.171 0.05065371 -5.66640e-09
1760553013.845 54.255 0.05077568 4.10022e-08
1760553013.852 54.339 0.05077568 1.75337e-08
1760553013.862 54.423 0.05079710 5.59518e-08
1760553013.872 54.507 0.05081573 1.53874e-08
1760553013.882 54.591 0.05083528 5.87228e-08
1760553013.892 54.675 0.05085576 9.41241e-08
1760553013.943 54.758 0.05102430 8.61837e-07
1760553013.953 54.842 0.05102430 1.05071e-06
1760553013.963 54.925 0.05110251 2.31229e-06
1760553013.973 55.008 0.05110251 3.46809e-06
1760553013.983 55.091 0.05116397 6.21129e-06
1760553013.993 55.174 0.05119470 9.21906e-06
1760553014.002 55.257 0.05123753 1.35630e-05
1760553014.012 55.340 0.05127850 1.68665e-05
1760553014.022 55.422 0.05131016 2.52830e-05
1760553014.032 55.505 0.05136230 3.34009e-05
1760553014.042 55.587 0.05140141 5.23654e-05
1760553014.052 55.669 0.05145727 6.47718e-05
1760553014.062 55.751 0.05152525 5.80946e-05
1760553014.072 55.833 0.05156435 7.05211e-05
1760553014.087 55.915 0.05166864 5.34529e-05
1760553014.093 55.997 0.05173010 4.07103e-05
1760553014.102 56.078 0.05173010 3.15428e-05
1760553014.112 56.160 0.05178876 1.36412e-05
1760553014.122 56.241 0.05182228 5.28674e-06
1760553014.132 56.322 0.05189118 3.40576e-06
1760553014.142 56.403 0.05196009 5.58674e-06
1760553014.152 56.484 0.05202340 9.26273e-06
1760553014.162 56.565 0.05209045 1.32450e-05
1760553014.172 56.646 0.05214911 1.34659e-05
1760553014.182 56.727 0.05223663 1.26687e-05
1760553014.212 56.807 0.05247501 1.02680e-05
1760553014.239 56.888 0.05269289 3.58185e-07
1760553014.246 56.968 0.05279346 3.54969e-07
1760553014.252 57.048 0.05286794 6.34667e-07
1760553014.262 57.128 0.05286794 1.01569e-06
1760553014.272 57.208 0.05293312 1.17464e-06
1760553014.282 57.288 0.05305417 1.19249e-06
1760553014.292 57.368 0.05313331 9.15196e-07
1760553014.302 57.447 0.05321712 5.56099e-07
1760553014.312 57.527 0.05328695 8.73599e-08
1760553014.322 57.606 0.05335958 4.90039e-08
1760553014.332 57.686 0.05344990 6.46950e-08
1760553014.342 57.765 0.05352532 8.52801e-08
1760553014.393 57.844 0.05387357 1.76335e-07
1760553014.402 57.923 0.05387357 1.34828e-07
1760553014.412 58.002 0.05394340 2.92694e-07
1760553014.422 58.080 0.05398810 4.09512e-07
1760553014.432 58.159 0.05404769 8.08417e-07
1760553014.442 58.238 0.05409425 5.70561e-07
1760553014.452 58.316 0.05415105 3.95157e-07
1760553014.462 58.394 0.05421809 2.95482e-07
1760553014.472 58.473 0.05425813 1.25789e-07
1760553014.482 58.551 0.05430934 9.24320e-08
1760553014.492 58.629 0.05434938 9.44309e-08
1760553014.542 58.707 0.05463524 1.86076e-07
1760553014.552 58.785 0.05463524 1.68518e-07
1760553014.562 58.862 0.05468831 2.30273e-07
1760553014.576 58.940 0.05476559 2.31081e-07
1760553014.585 59.017 0.05483543 1.47707e-07
1760553014.592 59.095 0.05483543 1.78472e-07
1760553014.602 59.172 0.05487919 1.22862e-07
1760553014.612 59.249 0.05493506 1.31284e-07
1760553014.622 59.326 0.05497975 6.08861e-08
1760553014.632 59.403 0.05504401 8.59839e-08
1760553014.642 59.480 0.05509801 1.13759e-07
1760553014.652 59.557 0.05515109 4.95482e-08
1760553014.662 59.634 0.05520323 3.58367e-07
1760553014.672 59.710 0.05524513 1.27310e-06
1760553014.682 59.787 0.05531403 4.27409e-06
1760553014.692 59.863 0.05536432 6.97181e-06
1760553014.702 59.940 0.05543135 8.58565e-06
1760553014.712 60.016 0.05546302 1.74848e-05
1760553014.722 60.092 0.05551609 3.36384e-05
1760553014.732 60.168 0.05560082 6.04312e-05
1760553014.763 60.244 0.05581126 1.03259e-04
1760553014.772 60.320 0.05589227 1.12484e-04
1760553014.782 60.396 0.05589227 1.00236e-04
1760553014.792 60.471 0.05593324 7.50949e-05
1760553014.802 60.547 0.05600121 2.95480e-05
1760553014.812 60.622 0.05607756 5.93546e-06
1760553014.822 60.698 0.05614740 2.49857e-06
1760553014.832 60.773 0.05622469 6.47241e-07
1760553014.842 60.848 0.05627124 4.47196e-07
1760553014.852 60.923 0.05635784 1.00239e-07
1760553014.862 60.998 0.05644163 1.11350e-07
1760553014.872 61.073 0.05649657 3.29947e-08
1760553014.882 61.148 0.05657852 6.31400e-08
1760553014.892 61.222 0.05665393 8.52463e-08
1760553014.902 61.297 0.05673308 4.37601e-07
1760553014.912 61.372 0.05679081 8.23759e-07
1760553014.922 61.446 0.05684389 1.28719e-06
1760553014.932 61.520 0.05698635 3.39257e-06
1760553014.942 61.595 0.05698635 4.36050e-06
1760553014.952 61.669 0.05706550 7.98640e-06
1760553014.962 61.743 0.05710554 1.60501e-05
1760553014.972 61.817 0.05716792 2.19522e-05
1760553014.982 61.891 0.05724614 2.11745e-05
1760553014.992 61.965 0.05728897 1.95025e-05
1760553015.002 62.038 0.05735881 1.52597e-05
1760553015.012 62.112 0.05742864 8.82809e-06
1760553015.022 62.186 0.05748916 2.71162e-06
1760553015.032 62.259 0.05756366 1.25125e-06
1760553015.042 62.332 0.05760555 7.86741e-07
1760553015.052 62.406 0.05767446 7.84249e-07
1760553015.062 62.479 0.05774709 8.10931e-07
1760553015.072 62.552 0.05781506 1.10369e-06
1760553015.082 62.625 0.05789328 1.16935e-06
1760553015.092 62.698 0.05792866 6.00703e-07
1760553015.102 62.771 0.05801060 2.50776e-07
1760553015.112 62.844 0.05807578 1.33772e-07
1760553015.122 62.916 0.05813910 9.81497e-08
1760553015.132 62.989 0.05822383 1.03605e-07
1760553015.142 63.062 0.05828808 1.43960e-07
1760553015.152 63.134 0.05835605 8.05195e-08
1760553015.162 63.206 0.05842402 1.24344e-07
1760553015.172 63.279 0.05848548 6.98194e-08
1760553015.182 63.351 0.05857673 8.70252e-08
1760553015.192 63.423 0.05863166 8.96941e-08
1760553015.202 63.495 0.05870802 4.28975e-08
1760553015.211 63.567 0.05878344 1.68103e-07
1760553015.221 63.639 0.05884117 3.27260e-07
1760553015.231 63.711 0.05890728 4.95839e-07
1760553015.241 63.782 0.05898829 8.02027e-07
1760553015.251 63.854 0.05906743 1.38758e-06
1760553015.261 63.926 0.05913075 2.48802e-06
1760553015.271 63.997 0.05918756 2.48828e-06
1760553015.323 64.068 0.05963636 2.79937e-07
1760553015.332 64.140 0.05963636 2.01559e-07
1760553015.342 64.211 0.05969036 3.73134e-07
1760553015.352 64.282 0.05974530 4.67603e-07
1760553015.362 64.353 0.05979745 9.47945e-07
1760553015.372 64.424 0.05987939 7.47020e-07
1760553015.382 64.495 0.05995201 7.68784e-07
1760553015.391 64.566 0.06000695 6.54254e-07
1760553015.401 64.637 0.06007493 5.75141e-07
1760553015.411 64.707 0.06013079 3.67480e-07
1760553015.421 64.778 0.06017362 2.11025e-07
1760553015.431 64.849 0.06023508 8.87394e-08
1760553015.441 64.919 0.06027139 1.67327e-07
1760553015.451 64.989 0.06033099 7.62262e-08
1760553015.461 65.060 0.06037289 1.05056e-07
1760553015.471 65.130 0.06041665 5.02656e-08
1760553015.481 65.200 0.06046879 1.36186e-07
1760553015.491 65.270 0.06050977 5.39304e-07
1760553015.501 65.340 0.06055260 9.11524e-07
1760553015.511 65.410 0.06059822 1.42399e-06
1760553015.521 65.480 0.06063919 3.14171e-06
1760553015.531 65.550 0.06069692 4.76170e-06
1760553015.541 65.619 0.06073416 8.72725e-06
1760553015.551 65.689 0.06078165 1.30877e-05
1760553015.561 65.759 0.06082728 1.91328e-05
1760553015.571 65.828 0.06087756 3.36332e-05
1760553015.581 65.897 0.06094088 4.86923e-05
1760553015.591 65.967 0.06098930 5.90654e-05
1760553015.601 66.036 0.06105447 5.94026e-05
1760553015.611 66.105 0.06110755 6.06346e-05
1760553015.621 66.174 0.06116156 5.59167e-05
1760553015.631 66.243 0.06123325 5.06312e-05
1760553015.641 66.312 0.06128540 3.65760e-05
1760553015.651 66.381 0.06135709 1.46416e-05
1760553015.661 66.450 0.06142321 4.98755e-06
1760553015.671 66.519 0.06150142 3.44026e-06
1760553015.681 66.588 0.06158336 2.20735e-06
1760553015.691 66.656 0.06164854 7.60822e-07
1760553015.701 66.725 0.06174259 2.25935e-07
1760553015.711 66.793 0.06181707 1.22246e-07
1760553015.721 66.862 0.06187853 4.77924e-08
1760553015.731 66.930 0.06196233 7.76564e-08
1760553015.741 66.998 0.06203124 1.07601e-07
1760553015.751 67.066 0.06212063 6.34166e-08
1760553015.761 67.135 0.06219512 1.28556e-07
1760553015.771 67.203 0.06226309 3.36134e-07
1760553015.781 67.271 0.06234037 4.59033e-07
1760553015.791 67.339 0.06239717 8.96044e-07
1760553015.801 67.406 0.06246980 6.86763e-07
1760553015.811 67.474 0.06253684 6.84772e-07
1760553015.821 67.542 0.06258619 3.29794e-07
1760553015.852 67.610 0.06287950 2.83168e-07
1760553015.879 67.677 0.06298751 2.84756e-08
1760553015.886 67.745 0.06304152 3.40284e-08
1760553015.892 67.812 0.06310390 6.96716e-08
1760553015.942 67.879 0.06339349 2.07665e-07
1760553015.952 67.947 0.06339349 2.84432e-07
1760553015.962 68.014 0.06343818 5.45125e-07
1760553015.972 68.081 0.06348473 8.11942e-07
1760553015.982 68.148 0.06356016 1.24533e-06
1760553015.992 68.215 0.06358530 2.04121e-06
1760553016.001 68.282 0.06363186 3.02173e-06
1760553016.011 68.349 0.06367934 4.02962e-06
1760553016.021 68.416 0.06370914 6.29616e-06
1760553016.031 68.483 0.06376873 1.19051e-05
1760553016.041 68.550 0.06379946 1.40140e-05
1760553016.051 68.616 0.06384788 1.33426e-05
1760553016.061 68.683 0.06388512 1.37764e-05
1760553016.071 68.749 0.06389444 1.29447e-05
1760553016.081 68.816 0.06393541 1.25542e-05
1760553016.091 68.882 0.06395962 1.17711e-05
1760553016.101 68.949 0.06399500 1.08162e-05
1760553016.111 69.015 0.06401828 8.74916e-06
1760553016.121 69.081 0.06405552 5.69117e-06
1760553016.131 69.147 0.06410208 3.53604e-06
1760553016.141 69.213 0.06411884 2.29117e-06
1760553016.151 69.279 0.06416540 1.58508e-06
1760553016.161 69.345 0.06421661 1.29571e-06
1760553016.171 69.411 0.06425292 9.63831e-07
1760553016.181 69.477 0.06432090 7.61703e-07
1760553016.191 69.543 0.06435535 5.74488e-07
1760553016.201 69.608 0.06441215 3.33142e-07
1760553016.211 69.674 0.06447267 2.27826e-07
1760553016.221 69.740 0.06453692 1.10557e-07
1760553016.231 69.805 0.06459651 1.36947e-07
1760553016.241 69.871 0.06463841 1.89260e-07
1760553016.251 69.936 0.06472594 1.71169e-07
1760553016.261 70.001 0.06479391 2.66705e-07
1760553016.271 70.067 0.06485071 2.56403e-07
1760553016.281 70.132 0.06493545 3.08675e-07
1760553016.291 70.197 0.06499411 4.07530e-07
1760553016.301 70.262 0.06507884 2.62259e-07
1760553016.311 70.327 0.06515706 4.35053e-07
1760553016.321 70.392 0.06521572 2.74181e-07
1760553016.331 70.457 0.06529393 3.42231e-07
1760553016.341 70.522 0.06537587 2.41010e-07
1760553016.351 70.587 0.06544477 6.76846e-08
1760553016.361 70.651 0.06549878 1.05010e-07
1760553016.371 70.716 0.06557234 4.76842e-08
1760553016.403 70.781 0.06586565 7.51514e-08
1760553016.412 70.845 0.06590941 2.71359e-08
1760553016.421 70.910 0.06590941 1.43969e-08
1760553016.431 70.974 0.06597738 3.40870e-08
1760553016.441 71.039 0.06603884 7.43621e-08
1760553016.492 71.103 0.06639826 1.11967e-07
1760553016.501 71.167 0.06639826 4.49796e-08
1760553016.511 71.231 0.06645040 8.42651e-08
1760553016.521 71.296 0.06648392 3.52609e-08
1760553016.531 71.360 0.06654817 7.43348e-08
1760553016.541 71.424 0.06659845 6.37812e-08
1760553016.551 71.488 0.06664314 1.53876e-08
1760553016.561 71.552 0.06667573 9.40387e-08
1760553016.571 71.615 0.06671019 4.60912e-08
1760553016.581 71.679 0.06674464 9.13267e-08
1760553016.591 71.743 0.06678840 8.99699e-08
1760553016.601 71.807 0.06683123 3.48693e-08
1760553016.611 71.870 0.06685451 8.70860e-08
1760553016.621 71.934 0.06689269 3.15653e-08
1760553016.631 71.997 0.06693645 8.42928e-08
1760553016.641 72.061 0.06695414 7.79746e-08
1760553016.651 72.124 0.06699232 3.48855e-08
1760553016.661 72.188 0.06703329 9.05507e-08
1760553016.671 72.251 0.06706309 4.19429e-08
1760553016.681 72.314 0.06709288 8.50209e-08
1760553016.691 72.377 0.06711802 6.80627e-08
1760553016.701 72.440 0.06717948 2.09588e-08
1760553016.711 72.504 0.06723721 7.59478e-08
1760553016.721 72.567 0.06727259 2.74761e-08
1760553016.731 72.630 0.06732566 7.43503e-08
1760553016.741 72.692 0.06735174 6.97701e-08
1760553016.751 72.755 0.06741412 3.50385e-08
1760553016.761 72.818 0.06746255 1.44423e-07
1760553016.771 72.881 0.06751748 2.97605e-07
1760553016.781 72.944 0.06758452 3.43476e-07
1760553016.791 73.006 0.06763015 6.08481e-07
1760553016.801 73.069 0.06770464 9.89746e-07
1760553016.811 73.131 0.06776516 2.70232e-06
1760553016.821 73.194 0.06783034 3.71431e-06
1760553016.831 73.256 0.06790670 6.44653e-06
1760553016.841 73.319 0.06797746 9.17330e-06
1760553016.851 73.381 0.06803426 1.62627e-05
1760553016.861 73.443 0.06811433 3.65862e-05
1760553016.871 73.505 0.06818510 5.21039e-05
1760553016.881 73.568 0.06826704 6.85337e-05
1760553016.891 73.630 0.06832291 7.77437e-05
1760553016.901 73.692 0.06839461 7.45858e-05
1760553016.911 73.754 0.06845234 6.62383e-05
1760553016.957 73.816 0.06877638 1.90780e-05
1760553016.965 73.878 0.06883410 3.34630e-06
1760553016.971 73.940 0.06891604 2.44866e-06
1760553016.981 74.001 0.06891604 1.79678e-06
1760553016.991 74.063 0.06895794 9.12614e-07
1760553017.001 74.125 0.06902406 3.17027e-07
1760553017.010 74.186 0.06907154 1.24197e-07
1760553017.020 74.248 0.06913486 3.62150e-08
1760553017.030 74.310 0.06919073 7.41481e-08
1760553017.040 74.371 0.06923822 5.33469e-08
1760553017.051 74.432 0.06928477 1.24300e-10
1760553017.060 74.494 0.06933226 6.16199e-08
1760553017.109 74.555 0.06953897 6.37131e-08
1760553017.159 74.617 0.06972427 6.78189e-08
1760553017.227 74.678 0.07003154 5.92715e-08
1760553017.234 74.739 0.07003899 1.20397e-08
1760553017.240 74.800 0.07003899 5.61450e-08
1760553017.250 74.861 0.07007996 -2.76710e-09
1760553017.260 74.922 0.07011348 6.92042e-08
1760553017.270 74.983 0.07014421 2.31010e-08
1760553017.280 75.044 0.07018611 6.98777e-08
1760553017.290 75.105 0.07019449 4.85348e-08
1760553017.300 75.166 0.07022894 -7.39400e-10
1760553017.310 75.227 0.07024570 6.04132e-08
1760553017.320 75.287 0.07026246 1.74883e-08
1760553017.330 75.348 0.07028853 6.63412e-08
1760553017.371 75.409 0.07033789 1.73364e-08
1760553017.385 75.469 0.07035930 4.26880e-09
1760553017.391 75.530 0.07039003 3.87548e-08
1760553017.400 75.590 0.07039003 -2.32588e-08
1760553017.410 75.651 0.07039655 3.49566e-08
1760553017.451 75.711 0.07059860 1.61399e-08
1760553017.506 75.772 0.07080625 7.14410e-08
1760553017.512 75.832 0.07086491 1.56097e-08
1760553017.520 75.892 0.07086491 3.54539e-08
1760553017.530 75.952 0.07092543 9.28615e-08
1760553017.540 76.013 0.07094778 6.48770e-08
1760553017.550 76.073 0.07101296 2.05847e-08
1760553017.560 76.133 0.07107348 9.23106e-08
1760553017.570 76.193 0.07110887 4.56966e-08
1760553017.580 76.253 0.07114332 9.59366e-08
1760553017.590 76.313 0.07117218 7.41057e-08
1760553017.600 76.373 0.07122898 2.99675e-08
1760553017.610 76.432 0.07125598 9.45774e-08
1760553017.620 76.492 0.07127647 5.36596e-08
1760553017.630 76.552 0.07131651 8.93341e-08
1760553017.640 76.612 0.07132303 5.73703e-08
1760553017.650 76.671 0.07136400 1.64733e-08
1760553017.660 76.731 0.07140962 8.82526e-08
1760553017.670 76.790 0.07142265 5.37020e-08
1760553017.680 76.850 0.07145432 9.54552e-08
1760553017.690 76.909 0.07147946 5.86997e-08
1760553017.700 76.969 0.07152880 1.95052e-08
1760553017.710 77.028 0.07155860 8.46264e-08
1760553017.720 77.087 0.07158561 5.10201e-08
1760553017.730 77.147 0.07163868 1.14217e-07
1760553017.740 77.206 0.07166755 9.95446e-08
1760553017.750 77.265 0.07171131 1.08816e-07
1760553017.760 77.324 0.07174762 2.24450e-07
1760553017.770 77.383 0.07179977 1.86384e-07
1760553017.780 77.442 0.07186867 2.21054e-07
1760553017.792 77.501 0.07196923 1.99872e-07
1760553017.800 77.560 0.07202883 1.37627e-07
1760553017.810 77.619 0.07202883 1.41602e-07
1760553017.820 77.678 0.07208470 1.36428e-07
1760553017.830 77.737 0.07215639 1.96916e-07
1760553017.840 77.796 0.07221226 1.81552e-07
1760553017.850 77.855 0.07229978 1.36896e-07
1760553017.860 77.913 0.07233796 2.22182e-07
1760553017.870 77.972 0.07239010 1.71237e-07
1760553017.880 78.031 0.07247949 2.10453e-07
1760553017.890 78.089 0.07254002 1.96600e-07
1760553017.900 78.148 0.07259868 1.15569e-07
1760553017.938 78.206 0.07286592 8.92717e-08
1760553017.944 78.265 0.07292178 4.75139e-08
1760553017.950 78.323 0.07292178 3.32787e-08
1760553017.960 78.381 0.07297765 1.07373e-07
1760553017.970 78.440 0.07305400 8.56503e-08
1760553017.980 78.498 0.07310429 1.67218e-07
1760553017.990 78.556 0.07313967 3.79672e-07
1760553018.000 78.614 0.07322440 4.98573e-07
1760553018.010 78.672 0.07327561 9.86133e-07
1760553018.062 78.730 0.07356985 8.00465e-06
1760553018.070 78.788 0.07356985 1.09953e-05
1760553018.080 78.846 0.07360710 1.27317e-05
1760553018.090 78.904 0.07362293 1.48495e-05
1760553018.100 78.962 0.07368811 1.60601e-05
1760553018.110 79.020 0.07370207 1.69118e-05
1760553018.120 79.078 0.07375422 1.85851e-05
1760553018.130 79.136 0.07381102 1.78262e-05
1760553018.140 79.194 0.07382498 1.68026e-05
1760553018.150 79.251 0.07389016 1.54595e-05
1760553018.160 79.309 0.07391810 1.35696e-05
1760553018.170 79.367 0.07394603 1.08628e-05
1760553018.180 79.424 0.07397955 8.36640e-06
1760553018.190 79.482 0.07400749 5.73925e-06
1760553018.200 79.539 0.07405683 3.76123e-06
1760553018.210 79.597 0.07408570 2.42949e-06
1760553018.220 79.654 0.07412108 1.43896e-06
1760553018.230 79.711 0.07416671 1.14160e-06
1760553018.240 79.769 0.07418254 7.83019e-07
1760553018.250 79.826 0.07421513 5.97550e-07
1760553018.260 79.883 0.07423748 6.38690e-07
1760553018.270 79.940 0.07428869 4.66447e-07
1760553018.280 79.998 0.07434456 3.79850e-07
1760553018.290 80.055 0.07438459 3.05285e-07
1760553018.300 80.112 0.07444326 1.55302e-07
1760553018.310 80.169 0.07446747 1.41458e-07
1760553018.320 80.226 0.07451403 6.62585e-08
1760553018.330 80.283 0.07457362 7.56443e-08
1760553018.378 80.340 0.07485110 3.70433e-08
1760553018.384 80.397 0.07490975 1.03126e-08
1760553018.390 80.454 0.07498983 4.10994e-08
1760553018.400 80.510 0.07498983 -7.91440e-09
1760553018.410 80.567 0.07503359 6.07710e-08
1760553018.475 80.624 0.07542933 4.78219e-08
1760553018.519 80.680 0.07562673 6.78464e-09
1760553018.533 80.737 0.07569191 -9.51700e-10
1760553018.541 80.794 0.07573288 2.89985e-08
1760553018.550 80.850 0.07573288 -1.78204e-08
1760553018.560 80.907 0.07575802 4.53075e-08
1760553018.650 80.963 0.07594797 6.54630e-08
1760553018.660 81.020 0.07594797 1.43505e-07
1760553018.670 81.076 0.07595263 1.20094e-07
1760553018.680 81.132 0.07595077 1.75070e-07
1760553018.690 81.189 0.07595542 2.03758e-07
1760553018.700 81.245 0.07599825 1.46656e-07
1760553018.710 81.301 0.07601222 1.78374e-07
1760553018.720 81.358 0.07600942 1.59717e-07
1760553018.730 81.414 0.07602339 1.28531e-07
1760553018.740 81.470 0.07602246 1.54296e-07
1760553018.750 81.526 0.07606436 1.18358e-07
1760553018.760 81.582 0.07608205 2.51547e-07
1760553018.769 81.638 0.07612209 1.89787e-07
1760553018.779 81.694 0.07612768 1.67548e-07
1760553018.789 81.750 0.07613233 2.11196e-07
1760553018.799 81.806 0.07617238 1.57258e-07
1760553018.809 81.862 0.07617238 2.29293e-07
1760553018.819 81.918 0.07622545 1.66361e-07
1760553018.829 81.973 0.07626921 2.04854e-07
1760553018.839 82.029 0.07629808 1.61383e-07
1760553018.849 82.085 0.07634184 1.13194e-07
1760553018.859 82.140 0.07638654 1.79926e-07
1760553018.869 82.196 0.07642285 1.03370e-07
1760553018.879 82.252 0.07646940 1.34012e-07
1760553018.889 82.307 0.07649361 8.37252e-08
1760553018.899 82.363 0.07654762 4.94631e-08
1760553018.909 82.418 0.07659138 1.03145e-07
1760553018.919 82.474 0.07664539 4.25822e-08
1760553018.929 82.529 0.07670498 7.59622e-08
1760553018.939 82.584 0.07676271 3.12660e-08
1760553018.949 82.640 0.07682789 1.70530e-09
1760553018.959 82.695 0.07687724 7.82847e-08
1760553019.007 82.750 0.07717893 4.79270e-08
1760553019.057 82.806 0.07746572 5.25030e-08
1760553019.107 82.861 0.07771247 6.41340e-08
1760553019.114 82.916 0.07774972 2.25091e-08
1760553019.120 82.971 0.07781489 8.86710e-08
1760553019.129 83.026 0.07781489 1.17286e-07
1760553019.139 83.081 0.07784097 9.41984e-08
1760553019.149 83.136 0.07786704 1.32063e-07
1760553019.186 83.191 0.07796946 5.10221e-07
1760553019.193 83.246 0.07797412 5.20478e-07
1760553019.199 83.301 0.07797412 5.55376e-07
1760553019.209 83.356 0.07798902 6.79873e-07
1760553019.219 83.411 0.07800857 8.85655e-07
1760553019.229 83.465 0.07802067 1.15127e-06
1760553019.239 83.520 0.07801695 1.49892e-06
1760553019.249 83.575 0.07801974 1.61468e-06
1760553019.259 83.630 0.07803371 2.34693e-06
1760553019.269 83.684 0.07803930 2.64881e-06
1760553019.279 83.739 0.07804582 3.59647e-06
1760553019.289 83.793 0.07805885 3.38528e-06
1760553019.299 83.848 0.07810075 3.80282e-06
1760553019.309 83.902 0.07810168 4.75772e-06
1760553019.319 83.957 0.07812589 6.26961e-06
1760553019.329 84.011 0.07815848 7.85691e-06
1760553019.339 84.066 0.07819107 1.12680e-05
1760553019.349 84.120 0.07823018 1.36183e-05
1760553019.359 84.174 0.07824880 1.54762e-05
1760553019.369 84.229 0.07830002 1.94013e-05
1760553019.379 84.283 0.07834192 2.36207e-05
1760553019.389 84.337 0.07836892 2.78269e-05
1760553019.399 84.391 0.07842572 3.43382e-05
1760553019.409 84.446 0.07849462 4.23581e-05
1760553019.419 84.500 0.07856073 5.14657e-05
1760553019.429 84.554 0.07861940 5.38390e-05
1760553019.439 84.608 0.07866223 6.05056e-05
1760553019.449 84.662 0.07873206 6.73528e-05
1760553019.459 84.716 0.07878141 7.11443e-05
1760553019.469 84.770 0.07885404 6.87438e-05
1760553019.479 84.824 0.07890618 6.32971e-05
1760553019.489 84.878 0.07895181 5.61559e-05
1760553019.499 84.931 0.07903375 4.74276e-05
1760553019.509 84.985 0.07908589 3.65566e-05
1760553019.519 85.039 0.07914176 2.36942e-05
1760553019.529 85.093 0.07922370 1.01734e-05
1760553019.539 85.146 0.07926747 5.20766e-06
1760553019.549 85.200 0.07933264 2.77013e-06
1760553019.559 85.254 0.07938293 2.20438e-06
1760553019.569 85.307 0.07943786 1.45704e-06
1760553019.579 85.361 0.07949746 1.05154e-06
1760553019.589 85.414 0.07952539 6.68960e-07
1760553019.599 85.468 0.07959243 3.22881e-07
1760553019.609 85.521 0.07966692 2.12491e-07
1760553019.619 85.575 0.07970137 5.84778e-08
1760553019.629 85.628 0.07975817 6.50343e-08
1760553019.677 85.682 0.07998444 5.57560e-08
1760553019.747 85.735 0.08031313 -7.39940e-09
1760553019.797 85.788 0.08051891 -7.43100e-09
1760553019.805 85.842 0.08054125 7.21889e-08
1760553019.812 85.895 0.08057199 -1.45643e-08
1760553019.860 85.948 0.08067534 5.93902e-08
1760553019.910 86.001 0.08071165 5.77223e-08
1760553019.919 86.054 0.08071165 1.91584e-08
1760553019.929 86.107 0.08072562 5.98883e-08
1760553019.976 86.160 0.08074890 6.01756e-08
1760553020.026 86.214 0.08083643 6.11851e-08
1760553020.032 86.267 0.08082991 2.94432e-08
1760553020.039 86.319 0.08082991 8.10144e-08
1760553020.049 86.372 0.08086529 1.89799e-08
1760553020.059 86.425 0.08086343 9.09265e-08
1760553020.108 86.478 0.08098447 6.51267e-08
1760553020.175 86.531 0.08113998 5.48798e-08
1760553020.225 86.584 0.08127499 5.69692e-08
1760553020.284 86.637 0.08137742 1.65403e-08
1760553020.290 86.689 0.08141187 6.38827e-08
1760553020.338 86.742 0.08143514 7.88374e-08
1760553020.343 86.795 0.08145936 5.97870e-08
1760553020.349 86.847 0.08145376 2.93123e-08
1760553020.359 86.900 0.08145376 9.03497e-08
1760553020.406 86.953 0.08148356 6.07505e-08
1760553020.412 87.005 0.08150777 -2.53860e-09
1760553020.460 87.058 0.08155898 7.66059e-08
1760553020.469 87.110 0.08155898 1.97163e-08
1760553020.479 87.163 0.08157016 6.65221e-08
1760553020.527 87.215 0.08169307 5.00669e-08
1760553020.534 87.268 0.08169866 1.43811e-08
1760553020.541 87.320 0.08173590 4.73963e-08
1760553020.589 87.372 0.08190165 6.39415e-08
1760553020.599 87.425 0.08190165 -6.44750e-09
1760553020.609 87.477 0.08192120 5.45824e-08
1760553020.657 87.529 0.08202176 5.17133e-08
1760553020.707 87.581 0.08214095 4.63121e-08
1760553020.758 87.633 0.08226199 5.59373e-08
1760553020.844 87.686 0.08239701 3.54278e-08
1760553020.895 87.738 0.08245288 3.61904e-08
1760553020.902 87.790 0.08244728 2.73935e-08
1760553020.908 87.842 0.08244728 7.10192e-08
1760553020.957 87.894 0.08249757 7.69901e-08
1760553020.964 87.946 0.08249291 2.83761e-08
1760553020.970 87.998 0.08250129 8.22385e-08
1760553020.978 88.050 0.08250129 8.74135e-08
1760553020.988 88.102 0.08251247 3.75511e-08
1760553020.998 88.154 0.08252736 4.50978e-08
1760553021.008 88.205 0.08252271 1.01735e-07
1760553021.018 88.257 0.08253574 5.10699e-08
1760553021.028 88.309 0.08255716 9.83270e-08
1760553021.038 88.361 0.08254692 5.45717e-08
1760553021.048 88.412 0.08257392 7.47668e-08
1760553021.058 88.464 0.08257579 1.25623e-07
1760553021.068 88.516 0.08260465 7.91024e-08
1760553021.078 88.567 0.08262234 1.25309e-07
1760553021.088 88.619 0.08263631 8.47675e-08
1760553021.098 88.671 0.08267356 9.77926e-08
1760553021.108 88.722 0.08268938 1.99964e-07
1760553021.118 88.774 0.08272197 1.72965e-07
1760553021.128 88.825 0.08276480 2.61594e-07
1760553021.138 88.877 0.08279274 2.50069e-07
1760553021.148 88.928 0.08284581 3.05098e-07
1760553021.158 88.979 0.08287561 4.86029e-07
1760553021.168 89.031 0.08292030 5.09459e-07
1760553021.178 89.082 0.08295941 6.74024e-07
1760553021.188 89.133 0.08299293 7.89198e-07
1760553021.198 89.185 0.08306184 1.01117e-06
1760553021.208 89.236 0.08309442 1.22478e-06
1760553021.218 89.287 0.08315029 1.53832e-06
1760553021.228 89.338 0.08320337 1.91672e-06
1760553021.238 89.390 0.08325086 2.41214e-06
1760553021.248 89.441 0.08331138 2.53958e-06
1760553021.258 89.492 0.08336073 2.85002e-06
1760553021.268 89.543 0.08342777 3.13694e-06
1760553021.278 89.594 0.08348643 3.45840e-06
1760553021.288 89.645 0.08352833 3.69478e-06
1760553021.298 89.696 0.08359538 3.53629e-06
1760553021.308 89.747 0.08362796 3.43672e-06
1760553021.318 89.798 0.08369315 3.13368e-06
1760553021.328 89.849 0.08376018 2.82996e-06
1760553021.338 89.899 0.08379278 2.27544e-06
1760553021.348 89.950 0.08383002 1.62627e-06
1760553021.397 90.001 0.08409912 5.49696e-07
1760553021.406 90.052 0.08414009 1.42859e-07
1760553021.412 90.103 0.08419968 6.84251e-08
1760553021.418 90.153 0.08419968 7.25864e-08
1760553021.428 90.204 0.08424624 9.76719e-08
1760553021.438 90.255 0.08426765 3.90600e-08
1760553021.448 90.305 0.08433097 4.57447e-08
1760553021.458 90.356 0.08435239 8.09336e-08
1760553021.505 90.407 0.08456096 5.71918e-08
1760553021.511 90.457 0.08461031 -1.27038e-08
1760553021.518 90.508 0.08461031 1.18788e-08
1760553021.528 90.558 0.08465500 4.93921e-08
1760553021.576 90.609 0.08481237 5.82120e-08
1760553021.626 90.659 0.08495483 5.76348e-08
1760553021.676 90.709 0.08510102 5.62548e-08
1760553021.728 90.760 0.08523883 1.93365e-08
1760553021.779 90.810 0.08529190 -4.18480e-09
1760553021.830 90.860 0.08533753 -3.54320e-09
1760553021.880 90.911 0.08537105 -1.25000e-10
1760553021.971 90.961 0.08545020 7.82421e-08
1760553021.978 91.011 0.08545020 4.66562e-08
1760553021.988 91.062 0.08544647 2.21106e-08
1760553021.998 91.112 0.08546789 6.09581e-08
1760553022.046 91.162 0.08553213 9.95700e-10
1760553022.053 91.212 0.08552562 3.60867e-08
1760553022.059 91.262 0.08555076 7.38373e-08
1760553022.107 91.312 0.08560756 5.91503e-08
1760553022.156 91.362 0.08566436 6.38623e-08
1760553022.206 91.412 0.08578168 5.61296e-08
1760553022.212 91.462 0.08578634 -4.99070e-09
1760553022.260 91.512 0.08591297 6.66739e-08
1760553022.268 91.562 0.08591297 1.17548e-08
1760553022.278 91.612 0.08594463 6.19788e-08
1760553022.288 91.662 0.08594276 1.86291e-08
1760553022.298 91.712 0.08595859 4.36154e-08
1760553022.345 91.762 0.08602843 -8.33260e-09
1760553022.395 91.811 0.08610385 -9.54000e-09
1760553022.445 91.861 0.08619976 -8.91050e-09
1760553022.508 91.911 0.08634222 6.74706e-08
1760553022.558 91.961 0.08640926 7.70387e-08
1760553022.610 92.010 0.08647165 6.66145e-08
1760553022.618 92.060 0.08647165 2.34490e-08
1760553022.628 92.110 0.08648282 7.81449e-08
1760553022.638 92.159 0.08650238 3.33135e-08
1760553022.648 92.209 0.08651541 9.42610e-09
1760553022.658 92.258 0.08650517 8.93742e-08
1760553022.668 92.308 0.08650331 3.82943e-08
1760553022.678 92.358 0.08650517 8.45591e-08
1760553022.688 92.407 0.08649772 3.74030e-08
1760553022.697 92.456 0.08651727 8.86380e-09
1760553022.707 92.506 0.08652938 8.98909e-08
1760553022.755 92.555 0.08657966 1.03072e-07
1760553022.762 92.605 0.08662063 2.89246e-08
1760553022.768 92.654 0.08661504 4.11112e-08
1760553022.777 92.703 0.08661504 9.47595e-08
1760553022.787 92.753 0.08662901 3.79339e-08
1760553022.797 92.802 0.08667557 7.80326e-08
1760553022.807 92.851 0.08666998 1.00218e-07
1760553022.817 92.900 0.08671840 3.27028e-08
1760553022.827 92.950 0.08676030 7.76227e-08
1760553022.837 92.999 0.08678265 3.51558e-08
1760553022.847 93.048 0.08684876 7.94216e-08
1760553022.857 93.097 0.08686365 9.97568e-08
1760553022.867 93.146 0.08691953 3.65533e-08
1760553022.877 93.195 0.08694653 7.81934e-08
1760553022.887 93.244 0.08698284 3.24763e-08
1760553022.897 93.293 0.08703964 7.04259e-08
1760553022.907 93.342 0.08707223 8.67772e-08
1760553022.955 93.391 0.08729105 7.40962e-08
1760553022.962 93.440 0.08733854 3.90310e-09
1760553023.039 93.489 0.08767654 1.27819e-08
1760553023.049 93.538 0.08772216 2.44575e-08
1760553023.057 93.587 0.08772216 7.64978e-08
1760553023.120 93.636 0.08794284 9.79390e-08
1760553023.173 93.684 0.08800616 7.23721e-08
1760553023.186 93.733 0.08801082 2.11679e-08
1760553023.192 93.782 0.08803782 8.13707e-08
1760553023.198 93.831 0.08802292 4.32168e-08
1760553023.207 93.879 0.08802292 9.80529e-08
1760553023.255 93.928 0.08804154 9.20969e-08
1760553023.262 93.977 0.08805458 1.22428e-08
1760553023.267 94.025 0.08808065 2.53810e-08
1760553023.277 94.074 0.08808065 6.36263e-08
1760553023.287 94.123 0.08809369 2.16693e-08
1760553023.297 94.171 0.08810765 6.50713e-08
1760553023.307 94.220 0.08810207 8.06896e-08
1760553023.373 94.268 0.08823894 5.49005e-08
1760553023.379 94.317 0.08825943 -1.12260e-09
1760553023.427 94.365 0.08841958 3.17331e-08
1760553023.477 94.414 0.08859650 2.70102e-08
1760553023.527 94.462 0.08873058 2.51115e-08
1760553023.605 94.510 0.08883766 8.73991e-08
1760553023.612 94.559 0.08885722 1.63965e-08
1760553023.617 94.607 0.08884884 3.52650e-08
1760553023.627 94.655 0.08884884 6.78468e-08
1760553023.637 94.704 0.08884698 2.68334e-08
1760553023.647 94.752 0.08886280 7.78019e-08
1760553023.657 94.800 0.08886932 8.13728e-08
1760553023.667 94.848 0.08887770 2.19219e-08
1760553023.677 94.896 0.08887677 7.73417e-08
1760553023.687 94.945 0.08887584 3.83835e-08
1760553023.697 94.993 0.08888329 8.99570e-08
1760553023.707 95.041 0.08887305 1.06769e-07
1760553023.717 95.089 0.08890377 2.61244e-08
1760553023.727 95.137 0.08890936 1.00404e-07
1760553023.737 95.185 0.08890563 6.61218e-08
1760553023.747 95.233 0.08893264 1.11458e-07
1760553023.757 95.281 0.08893450 1.00959e-07
1760553023.767 95.329 0.08895126 4.56536e-08
1760553023.777 95.377 0.08897920 1.02258e-07
1760553023.787 95.425 0.08899409 7.72662e-08
1760553023.797 95.473 0.08903320 1.34171e-07
1760553023.807 95.521 0.08904530 1.34357e-07
1760553023.817 95.569 0.08909000 7.93624e-08
1760553023.827 95.616 0.08912818 1.63186e-07
1760553023.837 95.664 0.08915797 1.82478e-07
1760553023.847 95.712 0.08922501 1.85010e-07
1760553023.857 95.760 0.08926319 3.15834e-07
1760553023.867 95.807 0.08931720 2.99535e-07
1760553023.877 95.855 0.08936282 4.40818e-07
1760553023.887 95.903 0.08940379 5.52711e-07
1760553023.897 95.950 0.08947083 8.50935e-07
1760553023.907 95.998 0.08950901 1.12994e-06
1760553023.917 96.046 0.08955743 1.53627e-06
1760553023.927 96.093 0.08961516 2.25682e-06
1760553023.937 96.141 0.08965892 2.84859e-06
1760553023.947 96.188 0.08972782 3.73286e-06
1760553023.957 96.236 0.08978742 4.69208e-06
1760553023.967 96.283 0.08984143 5.59775e-06
1760553023.977 96.331 0.08988519 7.23621e-06
1760553023.987 96.378 0.08992523 9.53700e-06
1760553023.997 96.426 0.08999879 1.30085e-05
1760553024.007 96.473 0.09003417 1.55999e-05
1760553024.017 96.520 0.09009283 1.83766e-05
1760553024.027 96.568 0.09014125 1.97645e-05
1760553024.037 96.615 0.09018036 2.06729e-05
1760553024.047 96.662 0.09023809 2.06634e-05
1760553024.057 96.710 0.09026881 2.05537e-05
1760553024.067 96.757 0.09031630 1.95651e-05
1760553024.076 96.804 0.09036100 1.83036e-05
1760553024.086 96.851 0.09039731 1.65483e-05
1760553024.096 96.899 0.09044108 1.44510e-05
1760553024.107 96.946 0.09046715 1.20724e-05
1760553024.158 96.993 0.09074370 4.19343e-06
1760553024.166 97.040 0.09074370 9.09372e-07
1760553024.176 97.087 0.09077070 7.50308e-07
1760553024.186 97.134 0.09080235 4.65559e-07
1760553024.196 97.181 0.09086474 3.18192e-07
1760553024.206 97.228 0.09090012 2.57195e-07
1760553024.216 97.275 0.09094668 1.33068e-07
1760553024.226 97.322 0.09096996 1.50742e-07
1760553024.236 97.369 0.09099417 8.47110e-08
1760553024.246 97.416 0.09105097 1.06454e-07
1760553024.256 97.463 0.09109287 8.56564e-08
1760553024.266 97.510 0.09112825 2.17618e-08
1760553024.276 97.557 0.09116178 6.26660e-08
1760553024.286 97.604 0.09118226 2.37910e-08
1760553024.296 97.651 0.09122695 -5.01930e-09
1760553024.343 97.697 0.09137128 4.87320e-09
1760553024.400 97.744 0.09155471 -9.88300e-10
1760553024.406 97.791 0.09155471 3.26645e-08
1760553024.416 97.838 0.09160593 -1.99734e-08
1760553024.426 97.884 0.09164038 4.21876e-08
1760553024.485 97.931 0.09183033 8.90601e-09
1760553024.500 97.978 0.09190575 -3.27930e-09
1760553024.507 98.024 0.09191040 2.84084e-08
1760553024.516 98.071 0.09191040 -1.83174e-08
1760553024.526 98.118 0.09193462 3.71912e-08
1760553024.567 98.164 0.09204822 5.61697e-09
1760553024.581 98.211 0.09205008 -3.44400e-09
1760553024.586 98.257 0.09205008 5.43916e-08
1760553024.596 98.304 0.09207335 3.16531e-08
1760553024.637 98.350 0.09214039 1.33320e-08
1760553024.647 98.397 0.09214039 1.99646e-08
1760553024.657 98.443 0.09215064 8.23054e-09
1760553024.687 98.490 0.09224468 9.68150e-09
1760553024.711 98.536 0.09229403 1.47621e-08
1760553024.718 98.582 0.09230800 -3.43342e-09
1760553024.727 98.629 0.09230800 1.68688e-08
1760553024.736 98.675 0.09233221 -2.71704e-09
1760553024.746 98.721 0.09236014 1.84335e-08
1760553024.756 98.768 0.09239273 -2.42571e-09
1760553024.766 98.814 0.09242253 6.35494e-09
1760553024.776 98.860 0.09244115 8.41090e-09
1760553024.786 98.906 0.09246536 -7.17909e-09
1760553024.796 98.953 0.09248771 1.27719e-08
1760553024.806 98.999 0.09250913 -6.69839e-09
1760553024.816 99.045 0.09255568 -1.43803e-09
1760553024.826 99.091 0.09257616 3.38915e-09
1760553024.836 99.137 0.09259945 -9.29767e-09
1760553024.846 99.183 0.09264414 9.15238e-09
1760553024.856 99.229 0.09266742 -9.86162e-09
1760553024.866 99.276 0.09270838 3.67140e-10
1760553024.876 99.322 0.09271584 3.37046e-09
1760553024.886 99.368 0.09274656 -9.08642e-09
1760553024.896 99.414 0.09278846 1.17312e-08
1760553024.906 99.460 0.09281175 -6.26854e-09
1760553024.916 99.505 0.09285364 1.69261e-09
1760553024.926 99.551 0.09288623 8.99163e-09
1760553024.936 99.597 0.09293093 -1.98550e-09
1760553024.946 99.643 0.09296352 2.01465e-08
1760553024.956 99.689 0.09300169 4.30922e-09
1760553024.966 99.735 0.09304639 1.77560e-08
1760553024.980 99.781 0.09314229 1.64999e-08
1760553024.986 99.827 0.09314229 7.38920e-08
1760553024.996 99.872 0.09319351 6.38648e-08
1760553025.006 99.918 0.09321399 7.68373e-08
1760553025.016 99.964 0.09326241 1.72525e-08
1760553025.026 100.010 0.09330711 8.09767e-08
1760553025.036 100.055 0.09335739 4.94797e-08
1760553025.046 100.101 0.09343002 9.77579e-08
1760553025.056 100.147 0.09346167 8.21931e-08
1760553025.066 100.192 0.09352406 4.13043e-08
1760553025.076 100.238 0.09357155 9.42229e-08
1760553025.086 100.283 0.09361438 4.86300e-08
1760553025.096 100.329 0.09367770 9.10759e-08
1760553025.106 100.375 0.09370936 7.12880e-08
1760553025.116 100.420 0.09375126 1.58956e-08
1760553025.126 100.466 0.09379781 7.22781e-08
1760553025.136 100.511 0.09383599 2.49764e-08
1760553025.146 100.557 0.09387975 6.53869e-08
1760553025.194 100.602 0.09411626 2.85968e-08
1760553025.267 100.647 0.09442819 1.38300e-08
1760553025.276 100.693 0.09442819 5.75468e-08
1760553025.286 100.738 0.09447103 9.27940e-09
1760553025.296 100.784 0.09450268 5.35151e-08
1760553025.346 100.829 0.09464515 -3.22270e-09
1760553025.397 100.874 0.09473174 -8.11400e-10
1760553025.446 100.920 0.09475036 7.01600e-09
1760553025.456 100.965 0.09475036 7.77885e-08
1760553025.466 101.010 0.09476899 -1.18400e-10
1760553025.476 101.055 0.09477644 6.32373e-08
1760553025.486 101.101 0.09479506 2.50512e-08
1760553025.496 101.146 0.09480251 7.26256e-08
1760553025.546 101.191 0.09487234 1.23874e-08
1760553025.556 101.236 0.09487234 8.51254e-08
1760553025.566 101.281 0.09488352 2.35282e-08
1760553025.576 101.326 0.09489283 7.50323e-08
1760553025.586 101.372 0.09489841 4.15288e-08
1760553025.596 101.417 0.09493566 9.92712e-08
1760553025.606 101.462 0.09494125 1.02634e-07
1760553025.616 101.507 0.09497197 4.28888e-08
1760553025.626 101.552 0.09497384 1.05653e-07
1760553025.636 101.597 0.09500456 8.47844e-08
1760553025.646 101.642 0.09503622 1.49779e-07
1760553025.656 101.687 0.09506230 1.26995e-07
1760553025.666 101.732 0.09509302 1.08000e-07
1760553025.676 101.777 0.09509302 1.70185e-07
1760553025.686 101.822 0.09511164 1.70704e-07
1760553025.696 101.866 0.09515355 1.54913e-07
1760553025.706 101.911 0.09515913 2.53021e-07
1760553025.716 101.956 0.09522059 2.40832e-07
1760553025.726 102.001 0.09525132 3.52764e-07
1760553025.736 102.046 0.09527925 3.64459e-07
1760553025.746 102.091 0.09531370 5.50384e-07
1760553025.756 102.135 0.09532953 6.19847e-07
1760553025.766 102.180 0.09538354 6.04908e-07
1760553025.796 102.225 0.09553810 7.44991e-07
1760553025.806 102.270 0.09557256 1.70616e-06
1760553025.816 102.314 0.09557256 2.06498e-06
1760553025.826 102.359 0.09559956 3.07711e-06
1760553025.836 102.404 0.09565543 3.57720e-06
1760553025.846 102.448 0.09572619 5.11910e-06
1760553025.856 102.493 0.09575040 6.81381e-06
1760553025.866 102.537 0.09581000 8.58157e-06
1760553025.876 102.582 0.09585655 1.11632e-05
1760553025.886 102.627 0.09589566 1.40241e-05
1760553025.895 102.671 0.09594408 1.56887e-05
1760553025.905 102.716 0.09597201 1.96342e-05
1760553025.915 102.760 0.09602695 2.74231e-05
1760553025.925 102.805 0.09607258 3.12651e-05
1760553025.935 102.849 0.09610703 3.87055e-05
1760553025.945 102.893 0.09614427 4.56705e-05
1760553025.955 102.938 0.09616290 5.07003e-05
1760553025.965 102.982 0.09623087 5.69569e-05
1760553025.975 103.027 0.09625880 5.85424e-05
1760553025.985 103.071 0.09628022 6.18977e-05
1760553025.995 103.115 0.09631281 6.68946e-05
1760553026.005 103.160 0.09634726 6.95346e-05
1760553026.015 103.204 0.09639940 7.10699e-05
1760553026.025 103.248 0.09641803 7.01712e-05
1760553026.035 103.293 0.09645900 6.79154e-05
1760553026.045 103.337 0.09649252 6.51526e-05
1760553026.055 103.381 0.09651580 6.06155e-05
1760553026.065 103.425 0.09656980 5.63760e-05
1760553026.079 103.469 0.09665453 4.35110e-05
1760553026.085 103.514 0.09665453 4.13122e-05
1760553026.095 103.558 0.09670575 3.82977e-05
1760553026.105 103.602 0.09672903 3.40889e-05
1760553026.115 103.646 0.09677652 2.60598e-05
1760553026.125 103.690 0.09679979 2.12963e-05
1760553026.135 103.734 0.09684262 1.44320e-05
1760553026.145 103.778 0.09689756 1.02651e-05
1760553026.155 103.822 0.09692177 6.19258e-06
1760553026.165 103.866 0.09699253 2.14082e-06
1760553026.175 103.910 0.09703351 1.23924e-06
1760553026.185 103.954 0.09705306 1.17960e-06
1760553026.195 103.998 0.09709123 7.73544e-07
1760553026.205 104.042 0.09713966 4.50724e-07
1760553026.215 104.086 0.09719738 2.16685e-07
1760553026.225 104.130 0.09722998 1.92397e-07
1760553026.235 104.174 0.09727746 8.66137e-08
1760553026.245 104.218 0.09732960 1.08806e-07
1760553026.255 104.262 0.09736778 5.71394e-08
1760553026.265 104.305 0.09740968 1.86411e-08
1760553026.275 104.349 0.09743948 7.51231e-08
1760553026.362 104.393 0.09782311 -1.07800e-09
1760553026.412 104.437 0.09803448 -6.72700e-09
1760553026.462 104.481 0.09816949 3.65200e-10
1760553026.520 104.524 0.09825329 6.39934e-08
1760553026.526 104.568 0.09824957 4.92538e-08
1760553026.574 104.612 0.09824864 5.73424e-08
1760553026.624 104.655 0.09826447 5.98804e-08
1760553026.674 104.699 0.09828867 5.84078e-08
1760553026.724 104.743 0.09835106 5.86240e-08
1760553026.774 104.786 0.09839296 5.84715e-08
1760553026.824 104.830 0.09848142 5.81096e-08
1760553026.899 104.874 0.09855219 9.72590e-09
1760553026.905 104.917 0.09856150 4.75344e-08
1760553026.954 104.961 0.09859502 7.20458e-08
1760553026.960 105.004 0.09860992 1.58157e-08
1760553027.009 105.048 0.09866299 5.27772e-08
1760553027.015 105.091 0.09865461 1.47767e-08
1760553027.025 105.135 0.09865461 4.90850e-08
1760553027.074 105.178 0.09868441 5.37242e-08
1760553027.124 105.222 0.09873376 5.87315e-08
1760553027.174 105.265 0.09884270 5.60104e-08
1760553027.242 105.309 0.09897026 6.25678e-08
1760553027.292 105.352 0.09901682 6.04327e-08
1760553027.342 105.395 0.09906710 5.39628e-08
1760553027.435 105.439 0.09911087 1.51861e-08
1760553027.442 105.482 0.09912111 4.60581e-08
1760553027.501 105.525 0.09916115 3.33941e-09
1760553027.515 105.569 0.09915742 -1.05768e-08
1760553027.520 105.612 0.09916394 4.48932e-08
1760553027.525 105.655 0.09917977 1.17694e-08
1760553027.535 105.699 0.09917977 -4.57470e-09
1760553027.545 105.742 0.09919094 3.36407e-08
1760553027.555 105.785 0.09917977 -1.34992e-08
1760553027.565 105.828 0.09920864 -3.29646e-08
1760553027.575 105.871 0.09920305 4.01868e-08
1760553027.585 105.915 0.09921236 -5.86750e-09
1760553027.626 105.958 0.09926357 8.07205e-09
1760553027.635 106.001 0.09926357 -1.28377e-08
1760553027.645 106.044 0.09928313 4.83549e-09
1760553027.655 106.087 0.09928313 -1.59274e-08
1760553027.665 106.130 0.09932503 -1.03728e-08
1760553027.675 106.173 0.09933527 -3.89556e-09
1760553027.685 106.216 0.09936786 -2.06359e-08
1760553027.694 106.259 0.09941721 -5.15540e-09
1760553027.708 106.302 0.09944794 1.46890e-09
1760553027.714 106.345 0.09944794 -3.78773e-08
1760553027.724 106.388 0.09947494 1.89522e-08
1760553027.734 106.431 0.09950846 -2.91276e-08
1760553027.776 106.474 0.09966955 -1.40035e-09
1760553027.790 106.517 0.09972262 6.37820e-09
1760553027.797 106.560 0.09973379 -2.71103e-08
1760553027.805 106.603 0.09973379 2.07153e-08
1760553027.830 106.646 0.09985670 -2.24503e-08
1760553027.871 106.689 0.10001128 4.08434e-09
1760553027.879 106.732 0.10004107 -6.12710e-09
1760553027.884 106.774 0.10004107 -6.11351e-09
1760553027.894 106.817 0.10008297 1.08887e-08
1760553027.904 106.860 0.10010252 -5.43547e-09
1760553027.914 106.903 0.10012766 1.14580e-08
1760553027.924 106.946 0.10013046 1.45003e-08
1760553027.934 106.988 0.10016770 3.80241e-09
1760553027.972 107.031 0.10027479 3.22537e-08
1760553027.979 107.074 0.10029713 -2.45293e-08
1760553027.984 107.116 0.10032786 4.48718e-08
1760553027.994 107.159 0.10032786 4.08021e-08
1760553028.053 107.202 0.10045357 2.03472e-08
1760553028.066 107.244 0.10050198 -5.14850e-09
1760553028.074 107.287 0.10050198 4.27695e-08
1760553028.084 107.330 0.10051502 2.84230e-09
1760553028.094 107.372 0.10053923 4.28556e-08
1760553028.161 107.415 0.10075059 -1.44812e-08
1760553028.170 107.457 0.10075711 5.44190e-08
1760553028.179 107.500 0.10078504 8.70600e-10
1760553028.228 107.542 0.10089399 -2.14201e-08
1760553028.234 107.585 0.10089399 2.47457e-08
1760553028.244 107.627 0.10092658 4.36092e-08
1760553028.286 107.670 0.10102993 1.68833e-08
1760553028.300 107.712 0.10102621 -3.93800e-10
1760553028.307 107.755 0.10104669 4.27566e-08
1760553028.314 107.797 0.10104669 5.18280e-09
1760553028.324 107.839 0.10106997 5.08381e-08
1760553028.334 107.882 0.10109138 3.43850e-09
1760553028.344 107.924 0.10109884 4.29549e-08
1760553028.410 107.967 0.10122547 -1.98856e-08
1760553028.416 108.009 0.10123664 -2.99800e-09
1760553028.424 108.051 0.10123664 4.01131e-08
1760553028.465 108.093 0.10132883 2.04849e-08
1760553028.507 108.136 0.10143498 5.43581e-08
1760553028.514 108.178 0.10143498 1.77680e-08
1760553028.524 108.220 0.10145081 5.97038e-08
1760553028.590 108.263 0.10162400 8.17939e-08
1760553028.643 108.305 0.10171618 3.69720e-08
1760553028.694 108.347 0.10176833 3.01920e-08
1760553028.702 108.389 0.10177112 1.28482e-07
1760553028.708 108.431 0.10180185 1.06032e-07
1760553028.714 108.473 0.10180185 8.00506e-08
1760553028.724 108.516 0.10179905 1.24308e-07
1760553028.734 108.558 0.10183071 8.50480e-08
1760553028.744 108.600 0.10185026 1.31937e-07
1760553028.754 108.642 0.10183723 8.12985e-08
1760553028.764 108.684 0.10186237 7.20912e-08
1760553028.774 108.726 0.10185306 1.43241e-07
1760553028.784 108.768 0.10185026 9.70166e-08
1760553028.794 108.810 0.10187075 1.45752e-07
1760553028.804 108.852 0.10188285 1.02145e-07
1760553028.814 108.894 0.10188751 8.56744e-08
1760553028.824 108.936 0.10190054 1.61781e-07
1760553028.834 108.978 0.10191544 1.15506e-07
1760553028.844 109.020 0.10193592 1.56781e-07
1760553028.854 109.062 0.10195735 1.12808e-07
1760553028.864 109.104 0.10196851 1.04467e-07
1760553028.874 109.146 0.10196666 1.76034e-07
1760553028.884 109.188 0.10199739 1.32984e-07
1760553028.894 109.229 0.10204860 1.80414e-07
1760553028.904 109.271 0.10205977 1.38108e-07
1760553028.914 109.313 0.10211284 1.12762e-07
1760553028.924 109.355 0.10214264 1.95565e-07
1760553028.934 109.397 0.10216405 1.49244e-07
1760553028.944 109.438 0.10219944 1.83133e-07
1760553028.954 109.480 0.10225903 1.20689e-07
1760553028.964 109.522 0.10230186 1.05172e-07
1760553028.974 109.564 0.10233445 1.73240e-07
1760553028.984 109.605 0.10237449 1.24460e-07
1760553028.994 109.647 0.10242198 1.57863e-07
1760553029.004 109.689 0.10245085 1.00057e-07
1760553029.014 109.730 0.10251323 7.67780e-08
1760553029.061 109.772 0.10273763 1.12412e-07
1760553029.067 109.814 0.10278791 4.22372e-08
1760553029.074 109.855 0.10278791 6.58982e-08
1760553029.128 109.897 0.10305235 -1.26443e-08
1760553029.135 109.939 0.10309054 6.14761e-08
1760553029.144 109.980 0.10309054 3.51557e-08
1760553029.191 110.022 0.10324510 4.02089e-08
