1760550143.917 33.801 0.03268282 -6.18940e-09
1760550143.965 33.936 0.03265954 1.44423e-08
1760550144.015 34.071 0.03264091 9.46870e-09
1760550144.065 34.205 0.03266326 4.55830e-09
1760550144.116 34.338 0.03274148 -3.33520e-09
1760550144.165 34.471 0.03284670 -1.35535e-08
1760550144.215 34.603 0.03300964 -1.06016e-08
1760550144.266 34.735 0.03316514 -1.33150e-08
1760550144.316 34.867 0.03326012 -1.41836e-08
1760550144.366 34.997 0.03339979 -1.49688e-08
1760550144.416 35.128 0.03348918 1.24637e-08
1760550144.446 35.258 0.03353946 9.03702e-08
1760550144.472 35.387 0.03358881 8.91753e-07
1760550144.480 35.516 0.03358881 1.28673e-06
1760550144.490 35.645 0.03359998 1.75422e-06
1760550144.500 35.773 0.03361953 2.80890e-06
1760550144.510 35.900 0.03362605 3.93159e-06
1760550144.520 36.027 0.03366888 5.85103e-06
1760550144.530 36.154 0.03368192 8.31959e-06
1760550144.540 36.280 0.03370241 1.18298e-05
1760550144.550 36.406 0.03372382 1.68044e-05
1760550144.560 36.531 0.03373313 2.33665e-05
1760550144.570 36.656 0.03377224 2.57845e-05
1760550144.580 36.781 0.03381135 3.05649e-05
1760550144.590 36.905 0.03384022 3.48984e-05
1760550144.600 37.029 0.03387467 3.77780e-05
1760550144.610 37.152 0.03389143 3.86370e-05
1760550144.620 37.275 0.03395568 3.43687e-05
1760550144.630 37.397 0.03399944 2.64484e-05
1760550144.640 37.519 0.03407579 1.66984e-05
1760550144.650 37.641 0.03415214 1.01017e-05
1760550144.660 37.762 0.03420894 3.29049e-06
1760550144.670 37.883 0.03430951 1.12004e-06
1760550144.680 38.003 0.03437841 5.67459e-07
1760550144.690 38.124 0.03447990 2.40040e-07
1760550144.700 38.243 0.03458978 6.08783e-08
1760550144.710 38.363 0.03467730 7.73582e-08
1760550144.720 38.482 0.03480114 3.98900e-09
1760550144.730 38.600 0.03491754 5.92641e-08
1760550144.778 38.718 0.03558330 7.05126e-08
1760550144.827 38.836 0.03626861 8.00345e-08
1760550144.895 38.954 0.03704239 6.01434e-08
1760550144.945 39.071 0.03734128 5.54303e-08
1760550145.021 39.188 0.03736269 9.26660e-09
1760550145.030 39.304 0.03736269 5.11554e-08
1760550145.079 39.421 0.03729193 5.36217e-08
1760550145.128 39.536 0.03723047 5.66862e-08
1760550145.178 39.652 0.03731800 5.65677e-08
1760550145.228 39.767 0.03746884 5.80775e-08
1760550145.278 39.882 0.03764483 6.04394e-08
1760550145.328 39.996 0.03781057 6.14171e-08
1760550145.378 40.110 0.03794000 6.02147e-08
1760550145.428 40.224 0.03802752 6.05241e-08
1760550145.478 40.338 0.03811319 6.19044e-08
1760550145.557 40.451 0.03823517 7.11466e-08
1760550145.563 40.564 0.03826962 3.21186e-08
1760550145.611 40.676 0.03836367 5.51424e-08
1760550145.661 40.788 0.03846143 5.44893e-08
1760550145.711 40.900 0.03858434 5.54219e-08
1760550145.761 41.012 0.03869143 5.39176e-08
1760550145.811 41.123 0.03882737 5.52733e-08
1760550145.879 41.234 0.03895959 5.65203e-08
1760550145.929 41.345 0.03907133 5.61302e-08
1760550145.979 41.456 0.03918027 5.42023e-08
1760550146.029 41.566 0.03925662 5.41388e-08
1760550146.096 41.676 0.03935905 4.23369e-08
1760550146.146 41.785 0.03945309 3.82834e-08
1760550146.153 41.894 0.03947078 1.15324e-08
1760550146.159 42.003 0.03947078 5.39735e-08
1760550146.169 42.112 0.03948941 -1.35466e-08
1760550146.179 42.220 0.03950058 5.14160e-08
1760550146.227 42.329 0.03959742 5.08080e-08
1760550146.277 42.436 0.03972312 5.19154e-08
1760550146.327 42.544 0.03988793 5.47226e-08
1760550146.377 42.651 0.04012537 5.43057e-08
1760550146.427 42.758 0.04034605 5.55709e-08
1760550146.477 42.865 0.04051272 5.52139e-08
1760550146.527 42.972 0.04060118 5.66017e-08
1760550146.577 43.078 0.04067195 5.51843e-08
1760550146.655 43.184 0.04074364 3.52785e-08
1760550146.662 43.290 0.04076599 5.62486e-08
1760550146.713 43.395 0.04084886 5.27465e-08
1760550146.761 43.500 0.04095594 6.26971e-08
1760550146.811 43.605 0.04105185 6.22171e-08
1760550146.879 43.710 0.04121293 4.02557e-08
1760550146.929 43.815 0.04133305 3.49352e-08
1760550146.980 43.919 0.04146062 2.34948e-08
1760550147.030 44.023 0.04152673 2.53449e-08
1760550147.080 44.126 0.04160680 2.23035e-08
1760550147.130 44.230 0.04168316 1.52875e-08
1760550147.192 44.333 0.04178745 4.66512e-08
1760550147.242 44.436 0.04189546 4.75978e-08
1760550147.294 44.539 0.04198298 5.69207e-08
1760550147.344 44.641 0.04208727 5.59268e-08
1760550147.351 44.744 0.04209099 1.72370e-08
1760550147.358 44.846 0.04209099 6.19538e-08
1760550147.406 44.948 0.04216456 6.63775e-08
1760550147.413 45.049 0.04219714 6.62790e-09
1760550147.461 45.151 0.04230329 5.06424e-08
1760550147.511 45.252 0.04244948 5.09060e-08
1760550147.561 45.353 0.04263198 4.99898e-08
1760550147.568 45.453 0.04263198 1.15850e-08
1760550147.578 45.554 0.04264595 4.71853e-08
1760550147.627 45.654 0.04283311 6.03749e-08
1760550147.677 45.754 0.04299047 6.02218e-08
1760550147.751 45.854 0.04320277 1.82314e-08
1760550147.758 45.954 0.04320277 6.40422e-08
1760550147.808 46.053 0.04332847 4.75671e-08
1760550147.857 46.152 0.04342065 6.05557e-08
1760550147.863 46.251 0.04345138 -1.42613e-08
1760550147.911 46.350 0.04355939 5.07572e-08
1760550147.918 46.448 0.04355195 1.11583e-08
1760550147.928 46.547 0.04355195 4.60460e-08
1760550147.977 46.645 0.04365810 5.56286e-08
1760550148.027 46.743 0.04378194 5.58286e-08
1760550148.077 46.840 0.04396257 5.47262e-08
1760550148.127 46.938 0.04414135 5.37775e-08
1760550148.134 47.035 0.04417301 1.66444e-08
1760550148.140 47.132 0.04421771 5.38756e-08
1760550148.148 47.229 0.04421771 -9.13100e-09
1760550148.196 47.326 0.04436390 4.84330e-09
1760550148.247 47.422 0.04448308 3.97950e-09
1760550148.321 47.519 0.04469072 6.86794e-08
1760550148.328 47.615 0.04471586 4.87871e-08
1760550148.338 47.711 0.04471586 1.16488e-08
1760550148.348 47.806 0.04474566 5.61249e-08
1760550148.358 47.902 0.04477080 7.63433e-08
1760550148.408 47.997 0.04492071 5.20007e-08
1760550148.476 48.092 0.04509018 5.77878e-08
1760550148.526 48.187 0.04525406 5.92833e-08
1760550148.576 48.282 0.04542539 6.58074e-08
1760550148.626 48.377 0.04556133 6.61137e-08
1760550148.676 48.471 0.04566748 6.86839e-08
1760550148.726 48.565 0.04573545 7.01027e-08
1760550148.776 48.659 0.04578946 6.96965e-08
1760550148.858 48.753 0.04593937 6.06780e-08
1760550148.908 48.847 0.04601200 5.25874e-08
1760550148.960 48.940 0.04609580 5.17918e-08
1760550149.010 49.034 0.04617774 4.12579e-08
1760550149.071 49.127 0.04625503 1.62328e-08
1760550149.086 49.220 0.04626806 -4.45800e-09
1760550149.092 49.313 0.04629134 4.00316e-08
1760550149.099 49.405 0.04627831 6.47200e-10
1760550149.107 49.498 0.04627831 5.40709e-08
1760550149.148 49.590 0.04635559 7.72204e-09
1760550149.164 49.682 0.04638725 -2.21966e-08
1760550149.171 49.774 0.04641798 4.09611e-08
1760550149.177 49.866 0.04641798 3.82948e-08
1760550149.219 49.957 0.04651947 5.78689e-09
1760550149.233 50.049 0.04657161 8.55600e-10
1760550149.240 50.140 0.04661351 5.48711e-08
1760550149.247 50.231 0.04661351 -2.02367e-08
1760550149.257 50.322 0.04662748 7.15603e-08
1760550149.305 50.413 0.04686399 7.08332e-08
1760550149.312 50.504 0.04692265 1.59103e-08
1760550149.360 50.594 0.04722061 4.92795e-08
1760550149.412 50.684 0.04750275 5.65180e-08
1760550149.463 50.774 0.04778581 5.56992e-07
1760550149.469 50.864 0.04782771 1.23299e-06
1760550149.480 50.954 0.04787520 3.25483e-06
1760550149.487 51.044 0.04787520 6.07058e-06
1760550149.497 51.133 0.04791710 1.07705e-05
1760550149.507 51.223 0.04794224 1.76803e-05
1760550149.517 51.312 0.04797763 3.24051e-05
1760550149.527 51.401 0.04798694 4.48020e-05
1760550149.537 51.490 0.04800742 5.62026e-05
1760550149.547 51.578 0.04803256 6.76337e-05
1760550149.557 51.667 0.04802977 7.79030e-05
1760550149.567 51.755 0.04806515 8.47158e-05
1760550149.577 51.844 0.04806143 8.85340e-05
1760550149.587 51.932 0.04806609 8.94328e-05
1760550149.597 52.020 0.04809402 8.85780e-05
1760550149.607 52.107 0.04809774 8.59022e-05
1760550149.617 52.195 0.04812102 8.10652e-05
1760550149.627 52.283 0.04814337 7.27881e-05
1760550149.637 52.370 0.04815827 6.40385e-05
1760550149.647 52.457 0.04820948 5.35145e-05
1760550149.657 52.544 0.04824952 4.17864e-05
1760550149.667 52.631 0.04830259 2.92649e-05
1760550149.677 52.718 0.04835381 1.84709e-05
1760550149.687 52.805 0.04839105 1.05772e-05
1760550149.697 52.891 0.04847113 7.12455e-06
1760550149.707 52.978 0.04853444 3.13386e-06
1760550149.717 53.064 0.04861173 1.85222e-06
1760550149.727 53.150 0.04868622 9.78113e-07
1760550149.737 53.236 0.04878306 4.40918e-07
1760550149.747 53.322 0.04887989 1.77198e-07
1760550149.757 53.407 0.04895066 1.11559e-07
1760550149.767 53.493 0.04907264 1.34199e-08
1760550149.777 53.578 0.04917786 7.10926e-08
1760550149.787 53.663 0.04926725 3.14700e-08
1760550149.797 53.749 0.04938457 7.36379e-08
1760550149.807 53.834 0.04948141 5.46510e-08
1760550149.817 53.918 0.04959687 5.47900e-10
1760550149.827 54.003 0.04969278 6.59071e-08
1760550149.837 54.088 0.04978775 2.20356e-08
1760550149.847 54.172 0.04992090 5.83256e-08
1760550149.897 54.257 0.05048238 6.59660e-08
1760550149.907 54.341 0.05048238 1.14263e-07
1760550149.917 54.425 0.05057642 4.04564e-08
1760550149.957 54.509 0.05086601 7.33694e-08
1760550150.007 54.593 0.05123846 1.01040e-06
1760550150.017 54.676 0.05123846 2.04390e-06
1760550150.027 54.760 0.05127105 7.56958e-06
1760550150.037 54.843 0.05129805 1.47339e-05
1760550150.047 54.926 0.05135299 4.33024e-05
1760550150.057 55.010 0.05138092 6.81176e-05
1760550150.067 55.093 0.05141351 1.22646e-04
1760550150.077 55.176 0.05142469 1.83011e-04
1760550150.087 55.258 0.05148894 2.18730e-04
1760550150.097 55.341 0.05148894 2.34332e-04
1760550150.107 55.424 0.05148800 2.34349e-04
1760550150.117 55.506 0.05151687 2.25432e-04
1760550150.127 55.588 0.05154294 2.12877e-04
1760550150.137 55.671 0.05156529 1.90300e-04
1760550150.147 55.753 0.05158577 1.56926e-04
1760550150.157 55.835 0.05158298 1.29479e-04
1760550150.167 55.916 0.05161091 9.99190e-05
1760550150.177 55.998 0.05162954 6.77398e-05
1760550150.187 56.080 0.05166957 5.48273e-05
1760550150.197 56.161 0.05172917 3.50993e-05
1760550150.207 56.242 0.05175431 2.54874e-05
1760550150.217 56.324 0.05179528 2.04481e-05
1760550150.227 56.405 0.05184835 1.89729e-05
1760550150.237 56.486 0.05189677 1.93393e-05
1760550150.247 56.567 0.05195264 2.16020e-05
1760550150.257 56.647 0.05201316 2.34366e-05
1760550150.267 56.728 0.05211372 2.43105e-05
1760550150.277 56.809 0.05218635 2.23934e-05
1760550150.287 56.889 0.05227109 1.65933e-05
1760550150.297 56.969 0.05233813 1.14563e-05
1760550150.307 57.049 0.05241634 5.50363e-06
1760550150.317 57.130 0.05251598 1.98250e-06
1760550150.327 57.210 0.05261188 1.25967e-06
1760550150.337 57.289 0.05267985 1.78326e-06
1760550150.347 57.369 0.05280090 4.68178e-06
1760550150.357 57.449 0.05288098 6.70426e-06
1760550150.367 57.528 0.05299644 8.91520e-06
1760550150.377 57.608 0.05309142 8.23263e-06
1760550150.387 57.687 0.05317336 5.19018e-06
1760550150.397 57.766 0.05328882 2.37723e-06
1760550150.407 57.845 0.05335865 6.56981e-07
1760550150.417 57.924 0.05346480 2.86415e-07
1760550150.427 58.003 0.05355139 1.93974e-07
1760550150.437 58.082 0.05362589 1.14645e-07
1760550150.447 58.161 0.05373762 1.29887e-07
1760550150.457 58.239 0.05380001 1.58610e-07
1760550150.509 58.318 0.05426465 3.75054e-07
1760550150.517 58.396 0.05426465 2.51748e-07
1760550150.527 58.474 0.05433448 2.21742e-07
1760550150.537 58.552 0.05440711 1.85630e-07
1760550150.547 58.630 0.05449650 1.69862e-07
1760550150.557 58.708 0.05452909 1.98436e-07
1760550150.566 58.786 0.05460823 1.84471e-07
1760550150.577 58.864 0.05470880 4.12310e-07
1760550150.586 58.941 0.05470880 4.64534e-07
1760550150.596 59.019 0.05478142 5.70107e-07
1760550150.606 59.096 0.05480470 6.56302e-07
1760550150.616 59.174 0.05486709 5.11615e-07
1760550150.626 59.251 0.05492203 4.81339e-07
1760550150.636 59.328 0.05497138 3.50298e-07
1760550150.647 59.405 0.05503283 3.44122e-07
1760550150.657 59.482 0.05506542 3.51173e-07
1760550150.667 59.559 0.05510732 3.03820e-07
1760550150.677 59.635 0.05513991 4.97692e-07
1760550150.686 59.712 0.05518461 5.67808e-07
1760550150.696 59.788 0.05524792 1.24903e-06
1760550150.706 59.865 0.05528424 3.21193e-06
1760550150.716 59.941 0.05532800 1.18485e-05
1760550150.726 60.017 0.05538108 3.65174e-05
1760550150.736 60.094 0.05543880 7.09551e-05
1760550150.746 60.170 0.05551888 1.33223e-04
1760550150.756 60.245 0.05554216 2.55781e-04
1760550150.766 60.321 0.05560920 3.22878e-04
1760550150.776 60.397 0.05566787 3.92292e-04
1760550150.786 60.473 0.05572932 4.30610e-04
1760550150.796 60.548 0.05580660 4.15517e-04
1760550150.806 60.624 0.05585688 3.54928e-04
1760550150.816 60.699 0.05594814 2.52727e-04
1760550150.826 60.774 0.05602635 1.15892e-04
1760550150.836 60.850 0.05609246 4.98154e-05
1760550150.846 60.925 0.05615950 1.76332e-05
1760550150.856 61.000 0.05623865 6.96045e-06
1760550150.866 61.075 0.05634573 3.64516e-06
1760550150.876 61.149 0.05642487 1.19693e-06
1760550150.886 61.224 0.05650402 2.76780e-07
1760550150.896 61.299 0.05659155 1.57700e-07
1760550150.906 61.373 0.05665021 1.34219e-07
1760550150.916 61.448 0.05674519 1.16846e-07
1760550150.926 61.522 0.05681782 9.01344e-07
1760550150.936 61.596 0.05691372 4.40261e-06
1760550150.946 61.670 0.05701056 8.48740e-06
1760550150.956 61.745 0.05707760 1.90510e-05
1760550150.966 61.819 0.05714837 3.49699e-05
1760550150.976 61.892 0.05721821 4.15018e-05
1760550150.986 61.966 0.05730014 4.17486e-05
1760550150.996 62.040 0.05740443 3.28721e-05
1760550151.006 62.114 0.05745751 1.92607e-05
1760550151.038 62.187 0.05774615 6.69684e-06
1760550151.064 62.261 0.05786813 8.77420e-07
1760550151.071 62.334 0.05793983 7.07762e-07
1760550151.078 62.407 0.05799663 4.95616e-07
1760550151.086 62.481 0.05799663 4.00396e-07
1760550151.096 62.554 0.05806647 3.15526e-07
1760550151.106 62.627 0.05809999 2.87854e-07
1760550151.118 62.700 0.05823593 2.68732e-07
1760550151.126 62.773 0.05823593 2.98731e-07
1760550151.136 62.845 0.05829459 2.92859e-07
1760550151.146 62.918 0.05836443 3.39726e-07
1760550151.156 62.991 0.05840633 3.59704e-07
1760550151.166 63.063 0.05847523 2.47303e-07
1760550151.176 63.136 0.05850596 2.61585e-07
1760550151.186 63.208 0.05856183 1.87757e-07
1760550151.196 63.280 0.05861770 2.17731e-07
1760550151.207 63.353 0.05873595 2.50450e-07
1760550151.218 63.425 0.05878530 3.28601e-07
1760550151.226 63.497 0.05878530 5.42869e-07
1760550151.236 63.569 0.05882534 1.78795e-06
1760550151.246 63.640 0.05887376 4.56668e-06
1760550151.256 63.712 0.05891566 6.57780e-06
1760550151.266 63.784 0.05898084 1.02448e-05
1760550151.276 63.856 0.05902740 1.43355e-05
1760550151.286 63.927 0.05907675 1.82994e-05
1760550151.296 63.999 0.05912610 2.01867e-05
1760550151.306 64.070 0.05917917 2.00850e-05
1760550151.316 64.141 0.05925180 1.77744e-05
1760550151.326 64.213 0.05930767 1.40618e-05
1760550151.336 64.284 0.05937099 9.45797e-06
1760550151.346 64.355 0.05946038 4.99146e-06
1760550151.356 64.426 0.05950507 2.04935e-06
1760550151.366 64.497 0.05958328 7.64500e-07
1760550151.376 64.568 0.05966429 6.40095e-07
1760550151.386 64.638 0.05972854 5.83445e-07
1760550151.396 64.709 0.05982445 8.16847e-07
1760550151.406 64.780 0.05987566 9.86421e-07
1760550151.416 64.850 0.05995108 9.65518e-07
1760550151.426 64.921 0.06001254 9.49532e-07
1760550151.436 64.991 0.06008424 7.94985e-07
1760550151.446 65.061 0.06016338 6.76995e-07
1760550151.456 65.132 0.06022670 5.14515e-07
1760550151.466 65.202 0.06032726 3.44895e-07
1760550151.476 65.272 0.06039430 3.74791e-07
1760550151.486 65.342 0.06047345 3.26469e-07
1760550151.525 65.412 0.06075652 1.57075e-05
1760550151.534 65.482 0.06082169 3.40447e-05
1760550151.541 65.551 0.06089898 5.56696e-05
1760550151.547 65.621 0.06095950 8.55760e-05
1760550151.556 65.691 0.06095950 1.11562e-04
1760550151.566 65.760 0.06102002 1.65887e-04
1760550151.615 65.830 0.06135244 1.45847e-04
1760550151.623 65.899 0.06140365 9.73509e-05
1760550151.629 65.968 0.06145580 5.74227e-05
1760550151.636 66.038 0.06145580 2.83514e-05
1760550151.646 66.107 0.06152191 1.44303e-05
1760550151.656 66.176 0.06157032 7.75016e-06
1760550151.666 66.245 0.06161968 4.34021e-06
1760550151.676 66.314 0.06166158 2.63399e-06
1760550151.686 66.383 0.06170161 1.33263e-06
1760550151.696 66.452 0.06175283 8.85404e-07
1760550151.706 66.521 0.06176959 5.33009e-07
1760550151.716 66.589 0.06182266 2.68499e-07
1760550151.726 66.658 0.06185432 2.42793e-07
1760550151.736 66.726 0.06189622 1.77326e-07
1760550151.746 66.795 0.06194185 2.30363e-07
1760550151.756 66.863 0.06197444 2.81589e-07
1760550151.766 66.932 0.06202751 2.43539e-07
1760550151.776 67.000 0.06207407 3.91083e-07
1760550151.786 67.068 0.06211225 4.63286e-07
1760550151.796 67.136 0.06214111 6.34013e-07
1760550151.806 67.204 0.06219139 7.65760e-07
1760550151.816 67.272 0.06224447 7.61441e-07
1760550151.826 67.340 0.06229754 8.57705e-07
1760550151.836 67.408 0.06235341 8.15658e-07
1760550151.846 67.476 0.06241952 8.14109e-07
1760550151.856 67.544 0.06246235 7.26626e-07
1760550151.866 67.611 0.06252567 4.74008e-07
1760550151.876 67.679 0.06256850 4.06920e-07
1760550151.886 67.746 0.06262344 2.69309e-07
1760550151.896 67.814 0.06270072 2.58970e-07
1760550151.906 67.881 0.06278266 2.51920e-07
1760550151.916 67.949 0.06285529 1.82060e-07
1760550151.926 68.016 0.06290743 2.44034e-07
1760550151.936 68.083 0.06297634 2.37058e-07
1760550151.946 68.150 0.06305642 3.61644e-07
1760550151.956 68.217 0.06311973 4.85280e-07
1760550151.966 68.284 0.06320633 4.80613e-07
1760550151.976 68.351 0.06329851 5.83109e-07
1760550151.986 68.418 0.06336834 5.63754e-07
1760550151.996 68.485 0.06344284 5.68170e-07
1760550152.006 68.551 0.06349871 5.89616e-07
1760550152.016 68.618 0.06356016 7.60895e-07
1760550152.026 68.685 0.06363279 3.77145e-06
1760550152.036 68.751 0.06370914 6.00608e-06
1760550152.046 68.818 0.06377060 1.19877e-05
1760550152.056 68.884 0.06383205 1.98983e-05
1760550152.066 68.950 0.06391120 2.72981e-05
1760550152.076 69.017 0.06398103 2.88410e-05
1760550152.086 69.083 0.06405273 2.77215e-05
1760550152.096 69.149 0.06412815 2.37842e-05
1760550152.106 69.215 0.06417657 1.77506e-05
1760550152.116 69.281 0.06425385 9.29036e-06
1760550152.145 69.347 0.06444474 4.86993e-06
1760550152.171 69.413 0.06459372 4.35747e-07
1760550152.178 69.479 0.06464959 3.32765e-07
1760550152.186 69.545 0.06464959 4.06239e-07
1760550152.196 69.610 0.06471570 4.97374e-07
1760550152.205 69.676 0.06475387 7.32154e-07
1760550152.216 69.741 0.06483209 7.17162e-07
1760550152.226 69.807 0.06488051 8.52722e-07
1760550152.236 69.872 0.06493452 8.89073e-07
1760550152.246 69.938 0.06499969 8.86809e-07
1760550152.256 70.003 0.06503973 9.07185e-07
1760550152.266 70.068 0.06508908 7.82999e-07
1760550152.276 70.134 0.06514495 7.54397e-07
1760550152.286 70.199 0.06519151 6.21121e-07
1760550152.296 70.264 0.06524830 5.52457e-07
1760550152.306 70.329 0.06528928 5.03964e-07
1760550152.315 70.394 0.06534235 3.85860e-07
1760550152.325 70.459 0.06538239 3.95920e-07
1760550152.335 70.524 0.06542150 3.50042e-07
1760550152.345 70.588 0.06548482 4.14471e-07
1760550152.355 70.653 0.06552299 4.69561e-07
1760550152.365 70.718 0.06556396 4.08712e-07
1760550152.375 70.783 0.06560307 4.80074e-07
1760550152.385 70.847 0.06565987 3.98300e-07
1760550152.395 70.912 0.06572039 3.85356e-07
1760550152.405 70.976 0.06575857 3.10030e-07
1760550152.415 71.040 0.06582375 1.83839e-07
1760550152.425 71.105 0.06587123 1.73644e-07
1760550152.435 71.169 0.06591034 9.53163e-08
1760550152.445 71.233 0.06598483 1.16041e-07
1760550152.455 71.297 0.06603605 1.18889e-07
1760550152.465 71.361 0.06611333 8.34066e-08
1760550152.475 71.425 0.06616827 1.63025e-07
1760550152.485 71.489 0.06623717 1.34115e-07
1760550152.495 71.553 0.06630421 1.91192e-07
1760550152.505 71.617 0.06636660 1.86543e-07
1760550152.515 71.681 0.06643829 1.19714e-07
1760550152.525 71.745 0.06649510 1.74006e-07
1760550152.535 71.808 0.06654910 1.40391e-07
1760550152.545 71.872 0.06661894 1.36879e-07
1760550152.555 71.936 0.06667666 3.12051e-07
1760550152.565 71.999 0.06676978 3.36014e-07
1760550152.575 72.063 0.06682658 4.39007e-07
1760550152.585 72.126 0.06690573 4.39559e-07
1760550152.595 72.189 0.06696252 4.94556e-07
1760550152.605 72.253 0.06702584 4.95107e-07
1760550152.615 72.316 0.06710126 3.56016e-07
1760550152.625 72.379 0.06713758 3.38498e-07
1760550152.635 72.442 0.06721952 2.29320e-07
1760550152.645 72.505 0.06727911 2.23580e-07
1760550152.657 72.568 0.06739178 2.07763e-07
1760550152.665 72.631 0.06739178 1.58717e-07
1760550152.702 72.694 0.06763387 6.88317e-07
1760550152.709 72.757 0.06770091 9.41290e-07
1760550152.715 72.820 0.06770091 1.36836e-06
1760550152.725 72.883 0.06774933 1.97395e-06
1760550152.735 72.945 0.06782196 3.67846e-06
1760550152.745 73.008 0.06788900 6.16593e-06
1760550152.755 73.071 0.06792439 1.12648e-05
1760550152.765 73.133 0.06798863 2.78333e-05
1760550152.775 73.196 0.06803147 4.17505e-05
1760550152.785 73.258 0.06808454 7.74507e-05
1760550152.795 73.321 0.06814320 1.29890e-04
1760550152.805 73.383 0.06819162 1.75755e-04
1760550152.815 73.445 0.06824563 2.22180e-04
1760550152.825 73.507 0.06830615 2.36341e-04
1760550152.835 73.569 0.06833129 2.51881e-04
1760550152.845 73.632 0.06838250 2.47003e-04
1760550152.855 73.694 0.06843651 2.21056e-04
1760550152.865 73.756 0.06848586 1.88350e-04
1760550152.875 73.818 0.06853148 1.45575e-04
1760550152.885 73.880 0.06857804 1.07398e-04
1760550152.895 73.941 0.06862739 7.08022e-05
1760550152.905 74.003 0.06865719 4.36654e-05
1760550152.915 74.065 0.06872330 2.52283e-05
1760550152.925 74.127 0.06877823 1.35713e-05
1760550152.935 74.188 0.06883224 9.10386e-06
1760550152.945 74.250 0.06888345 5.54529e-06
1760550152.955 74.311 0.06892256 3.49052e-06
1760550152.965 74.373 0.06898215 2.11478e-06
1760550152.975 74.434 0.06903895 9.28900e-07
1760550152.985 74.496 0.06909016 4.46216e-07
1760550152.995 74.557 0.06914883 2.15048e-07
1760550153.005 74.618 0.06918980 1.46578e-07
1760550153.015 74.680 0.06926894 5.88453e-08
1760550153.025 74.741 0.06933784 1.08705e-07
1760550153.035 74.802 0.06939744 5.95810e-08
1760550153.045 74.863 0.06944865 1.02796e-07
1760550153.055 74.924 0.06949428 9.91908e-08
1760550153.065 74.985 0.06958367 3.35309e-08
1760550153.075 75.046 0.06965257 9.78105e-08
1760550153.085 75.107 0.06972147 6.18163e-08
1760550153.095 75.168 0.06977921 1.09554e-07
1760550153.105 75.229 0.06982018 9.99174e-08
1760550153.115 75.289 0.06989187 4.10395e-08
1760550153.125 75.350 0.06995612 9.76899e-08
1760550153.135 75.411 0.07000268 5.51207e-08
1760550153.145 75.471 0.07007437 9.60228e-08
1760550153.155 75.532 0.07012931 9.29810e-08
1760550153.165 75.592 0.07020101 3.07362e-08
1760550153.175 75.653 0.07025874 9.99478e-08
1760550153.185 75.713 0.07030157 7.20711e-08
1760550153.195 75.774 0.07036861 1.19111e-07
1760550153.205 75.834 0.07041796 9.17320e-08
1760550153.299 75.894 0.07097850 1.56170e-07
1760550153.306 75.954 0.07103717 2.35969e-07
1760550153.319 76.014 0.07109956 2.99076e-07
1760550153.328 76.075 0.07116380 2.32066e-07
1760550153.335 76.135 0.07116380 3.32497e-07
1760550153.345 76.195 0.07121595 3.03252e-07
1760550153.355 76.255 0.07123364 3.69451e-07
1760550153.365 76.315 0.07128299 2.84488e-07
1760550153.375 76.374 0.07130161 3.09168e-07
1760550153.385 76.434 0.07136213 2.52592e-07
1760550153.395 76.494 0.07141800 2.87067e-07
1760550153.405 76.554 0.07142825 2.90548e-07
1760550153.415 76.614 0.07144873 2.00490e-07
1760550153.425 76.673 0.07145245 2.22059e-07
1760550153.435 76.733 0.07148318 1.71362e-07
1760550153.445 76.792 0.07152787 1.99518e-07
1760550153.455 76.852 0.07153998 2.06612e-07
1760550153.465 76.911 0.07154929 1.29737e-07
1760550153.475 76.971 0.07156792 1.91327e-07
1760550153.485 77.030 0.07158840 1.85579e-07
1760550153.495 77.089 0.07162471 1.69118e-07
1760550153.505 77.149 0.07164055 2.79634e-07
1760550153.515 77.208 0.07167500 2.14550e-07
1760550153.525 77.267 0.07170479 2.91742e-07
1760550153.535 77.326 0.07173831 2.85337e-07
1760550153.545 77.385 0.07179325 3.37231e-07
1760550153.555 77.444 0.07182956 3.69581e-07
1760550153.565 77.503 0.07189474 3.07101e-07
1760550153.575 77.562 0.07194037 3.56873e-07
1760550153.585 77.621 0.07198413 3.29208e-07
1760550153.595 77.680 0.07206421 3.84397e-07
1760550153.605 77.739 0.07210797 4.16548e-07
1760550153.615 77.798 0.07217687 3.57100e-07
1760550153.625 77.857 0.07222623 4.70997e-07
1760550153.635 77.915 0.07228675 4.81013e-07
1760550153.645 77.974 0.07237893 5.61162e-07
1760550153.655 78.033 0.07242642 6.06747e-07
1760550153.665 78.091 0.07251301 5.20295e-07
1760550153.675 78.150 0.07255026 5.48470e-07
1760550153.685 78.208 0.07261358 4.52890e-07
1760550153.695 78.267 0.07270669 3.99249e-07
1760550153.705 78.325 0.07276163 3.23436e-07
1760550153.715 78.383 0.07282867 1.75121e-07
1760550153.725 78.442 0.07289385 1.79384e-07
1760550153.735 78.500 0.07296741 1.19785e-07
1760550153.745 78.558 0.07304655 1.33810e-07
1760550153.755 78.616 0.07308846 1.48056e-07
1760550153.765 78.674 0.07316388 1.18806e-07
1760550153.775 78.732 0.07321509 3.09724e-07
1760550153.785 78.790 0.07326351 4.09014e-07
1760550153.795 78.848 0.07332962 8.81665e-07
1760550153.805 78.906 0.07337431 1.54124e-06
1760550153.855 78.964 0.07367880 2.05304e-05
1760550153.865 79.022 0.07367880 2.04183e-05
1760550153.875 79.080 0.07373094 2.21294e-05
1760550153.885 79.138 0.07377098 2.29238e-05
1760550153.895 79.196 0.07384920 2.33271e-05
1760550153.905 79.253 0.07387806 2.22862e-05
1760550153.915 79.311 0.07394324 2.18776e-05
1760550153.924 79.369 0.07398235 1.66994e-05
1760550153.935 79.426 0.07401400 1.40916e-05
1760550153.944 79.484 0.07406894 1.07279e-05
1760550153.954 79.541 0.07409967 7.51462e-06
1760550153.964 79.599 0.07415367 5.98143e-06
1760550153.974 79.656 0.07419278 4.73368e-06
1760550153.984 79.713 0.07424586 3.59989e-06
1760550153.994 79.771 0.07428682 2.75184e-06
1760550154.004 79.828 0.07430731 2.14183e-06
1760550154.014 79.885 0.07435387 1.56974e-06
1760550154.024 79.943 0.07438180 9.88725e-07
1760550154.034 80.000 0.07440788 7.55412e-07
1760550154.044 80.057 0.07444791 6.53080e-07
1760550154.054 80.114 0.07447771 5.26640e-07
1760550154.064 80.171 0.07453917 3.24838e-07
1760550154.074 80.228 0.07457268 2.49692e-07
1760550154.084 80.285 0.07461365 1.83592e-07
1760550154.094 80.342 0.07467045 1.54802e-07
1760550154.104 80.399 0.07470490 1.21183e-07
1760550154.114 80.456 0.07474122 6.36967e-08
1760550154.124 80.512 0.07477567 1.18172e-07
1760550154.134 80.569 0.07481478 6.97001e-08
1760550154.144 80.626 0.07489579 1.07086e-07
1760550154.154 80.683 0.07494514 8.95368e-08
1760550154.164 80.739 0.07501218 2.64697e-08
1760550154.174 80.796 0.07506711 7.46688e-08
1760550154.184 80.852 0.07510809 2.86983e-08
1760550154.194 80.909 0.07517048 6.64936e-08
1760550154.204 80.965 0.07521982 4.99758e-08
1760550154.252 81.022 0.07551127 6.46824e-08
1760550154.259 81.078 0.07556993 -2.97000e-10
1760550154.301 81.135 0.07581389 6.22741e-09
1760550154.315 81.191 0.07592935 -2.29070e-09
1760550154.325 81.247 0.07592935 4.30486e-08
1760550154.335 81.303 0.07597404 2.53668e-08
1760550154.345 81.360 0.07604108 1.00607e-07
1760550154.354 81.416 0.07606995 1.97864e-07
1760550154.386 81.472 0.07625431 1.95942e-07
1760550154.412 81.528 0.07631111 3.60749e-07
1760550154.419 81.584 0.07633625 3.98389e-07
1760550154.426 81.640 0.07632880 3.05522e-07
1760550154.434 81.696 0.07632880 3.27258e-07
1760550154.444 81.752 0.07636512 3.71339e-07
1760550154.454 81.808 0.07639771 3.82605e-07
1760550154.464 81.864 0.07643495 2.60147e-07
1760550154.474 81.920 0.07644613 2.79151e-07
1760550154.484 81.975 0.07647033 2.16254e-07
1760550154.494 82.031 0.07647685 2.32695e-07
1760550154.504 82.087 0.07651131 2.06393e-07
1760550154.514 82.143 0.07654390 1.30297e-07
1760550154.524 82.198 0.07653831 1.58081e-07
1760550154.534 82.254 0.07657183 9.94789e-08
1760550154.544 82.309 0.07660722 1.32842e-07
1760550154.554 82.365 0.07661560 1.33453e-07
1760550154.564 82.420 0.07665656 6.07474e-08
1760550154.574 82.476 0.07667705 1.14976e-07
1760550154.584 82.531 0.07670405 7.02410e-08
1760550154.594 82.587 0.07675713 1.08199e-07
1760550154.604 82.642 0.07679996 9.40153e-08
1760550154.614 82.697 0.07685210 3.13733e-08
1760550154.624 82.752 0.07688655 8.66667e-08
1760550154.634 82.808 0.07694429 4.40774e-08
1760550154.644 82.863 0.07700481 9.10721e-08
1760550154.654 82.918 0.07704764 8.23470e-08
1760550154.664 82.973 0.07710351 1.66549e-08
1760550154.674 83.028 0.07715937 7.46950e-08
1760550154.684 83.083 0.07719942 3.40058e-08
1760550154.694 83.138 0.07727298 8.15128e-08
1760550154.704 83.193 0.07732884 7.33971e-08
1760550154.714 83.248 0.07738006 5.30860e-09
1760550154.724 83.303 0.07744337 6.04873e-08
1760550154.734 83.358 0.07751414 2.64404e-08
1760550154.744 83.413 0.07758304 7.63381e-08
1760550154.754 83.468 0.07761098 7.81262e-08
1760550154.764 83.522 0.07768640 6.62530e-09
1760550154.774 83.577 0.07775903 6.87318e-08
1760550154.784 83.632 0.07779999 4.01528e-08
1760550154.794 83.686 0.07786983 1.11031e-07
1760550154.804 83.741 0.07792663 1.40901e-07
1760550154.814 83.796 0.07798250 1.46873e-07
1760550154.824 83.850 0.07803185 3.86768e-07
1760550154.834 83.905 0.07808958 5.26807e-07
1760550154.844 83.959 0.07815197 9.66365e-07
1760550154.854 84.014 0.07818828 1.56838e-06
1760550154.864 84.068 0.07824880 3.53401e-06
1760550154.874 84.122 0.07828884 5.71565e-06
1760550154.884 84.177 0.07834657 9.65783e-06
1760550154.894 84.231 0.07838568 1.85252e-05
1760550154.904 84.285 0.07844434 3.61215e-05
1760550154.935 84.339 0.07865850 5.42389e-05
1760550154.945 84.394 0.07870412 1.31706e-04
1760550154.954 84.448 0.07870412 1.43233e-04
1760550154.964 84.502 0.07874417 1.57763e-04
1760550154.974 84.556 0.07879072 1.64494e-04
1760550154.984 84.610 0.07882983 1.66343e-04
1760550154.994 84.664 0.07889687 1.61792e-04
1760550155.004 84.718 0.07891177 1.50085e-04
1760550155.014 84.772 0.07897974 1.32303e-04
1760550155.024 84.826 0.07901885 1.14878e-04
1760550155.034 84.880 0.07907472 9.20865e-05
1760550155.044 84.934 0.07911941 6.44391e-05
1760550155.054 84.987 0.07915852 4.84885e-05
1760550155.064 85.041 0.07920973 3.45023e-05
1760550155.074 85.095 0.07925256 2.55682e-05
1760550155.084 85.149 0.07930098 1.87134e-05
1760550155.094 85.202 0.07936337 1.33390e-05
1760550155.104 85.256 0.07938386 1.63392e-05
1760550155.114 85.309 0.07941551 1.36449e-05
1760550155.124 85.363 0.07946114 1.06862e-05
1760550155.134 85.417 0.07950490 8.69728e-06
1760550155.144 85.470 0.07957101 6.48815e-06
1760550155.154 85.524 0.07959802 4.94071e-06
1760550155.164 85.577 0.07963433 3.36153e-06
1760550155.174 85.630 0.07966785 2.18361e-06
1760550155.184 85.684 0.07969858 1.19226e-06
1760550155.194 85.737 0.07975165 5.20983e-07
1760550155.204 85.790 0.07980379 3.89336e-07
1760550155.214 85.844 0.07986898 1.72882e-07
1760550155.224 85.897 0.07992205 1.55476e-07
1760550155.234 85.950 0.07996395 6.86595e-08
1760550155.244 86.003 0.08001237 8.46425e-08
1760550155.254 86.056 0.08005986 6.74173e-08
1760550155.264 86.110 0.08011014 -5.10300e-10
1760550155.274 86.163 0.08014646 6.01447e-08
1760550155.284 86.216 0.08023119 1.86686e-08
1760550155.294 86.269 0.08029916 5.96856e-08
1760550155.342 86.322 0.08054591 9.70640e-09
1760550155.392 86.375 0.08079266 5.35640e-09
1760550155.399 86.428 0.08085412 4.26551e-08
1760550155.406 86.480 0.08091557 8.04449e-08
1760550155.478 86.533 0.08117350 2.75715e-08
1760550155.484 86.586 0.08122005 8.46263e-08
1760550155.494 86.639 0.08122005 5.06626e-08
1760550155.504 86.692 0.08123495 7.48688e-08
1760550155.555 86.744 0.08134948 4.52297e-08
1760550155.597 86.797 0.08137928 1.70344e-08
1760550155.612 86.850 0.08138393 1.21223e-08
1760550155.619 86.902 0.08139511 6.84457e-08
1760550155.625 86.955 0.08140721 -1.36270e-08
1760550155.674 87.007 0.08148729 5.55253e-08
1760550155.684 87.060 0.08148729 1.76000e-08
1760550155.694 87.112 0.08150126 5.48455e-08
1760550155.704 87.165 0.08150032 7.74352e-08
1760550155.753 87.217 0.08162137 6.43048e-08
1760550155.804 87.270 0.08174149 5.60541e-08
1760550155.871 87.322 0.08196496 7.61489e-08
1760550155.939 87.374 0.08208601 7.65530e-08
1760550155.945 87.427 0.08209625 3.25842e-08
1760550155.953 87.479 0.08209625 8.68643e-08
1760550155.963 87.531 0.08213257 1.16955e-08
1760550155.973 87.584 0.08212139 6.28583e-08
1760550155.983 87.636 0.08212512 2.07909e-08
1760550156.080 87.688 0.08221264 1.51140e-08
1760550156.089 87.740 0.08223499 7.08196e-08
1760550156.138 87.792 0.08231879 7.58096e-08
1760550156.209 87.844 0.08248640 1.49080e-08
1760550156.218 87.896 0.08251154 8.84603e-08
1760550156.223 87.948 0.08251154 6.61110e-08
1760550156.233 88.000 0.08251340 3.45738e-08
1760550156.243 88.052 0.08254972 8.77243e-08
1760550156.253 88.104 0.08255623 9.21940e-08
1760550156.263 88.156 0.08257299 4.39891e-08
1760550156.273 88.208 0.08258789 1.10461e-07
1760550156.283 88.259 0.08260651 8.25726e-08
1760550156.293 88.311 0.08262793 1.38866e-07
1760550156.303 88.363 0.08262048 1.55319e-07
1760550156.313 88.415 0.08264748 1.13719e-07
1760550156.323 88.466 0.08265214 1.95698e-07
1760550156.333 88.518 0.08265772 1.52564e-07
1760550156.343 88.570 0.08267262 1.40313e-07
1760550156.354 88.621 0.08269683 2.55889e-07
1760550156.372 88.673 0.08270801 4.28790e-07
1760550156.378 88.724 0.08273873 4.43307e-07
1760550156.383 88.776 0.08277598 5.55873e-07
1760550156.393 88.827 0.08277598 6.08247e-07
1760550156.403 88.879 0.08278529 7.39682e-07
1760550156.413 88.930 0.08282719 8.25400e-07
1760550156.423 88.982 0.08285140 1.15764e-06
1760550156.433 89.033 0.08289423 1.33873e-06
1760550156.465 89.084 0.08306928 3.14418e-06
1760550156.473 89.136 0.08306928 4.03018e-06
1760550156.483 89.187 0.08312516 5.09524e-06
1760550156.493 89.238 0.08317450 7.53078e-06
1760550156.503 89.289 0.08322106 8.93809e-06
1760550156.513 89.341 0.08328810 1.00981e-05
1760550156.523 89.392 0.08332534 1.14092e-05
1760550156.533 89.443 0.08337377 1.22770e-05
1760550156.543 89.494 0.08344826 1.30363e-05
1760550156.553 89.545 0.08348550 1.36822e-05
1760550156.563 89.596 0.08356093 1.34919e-05
1760550156.573 89.647 0.08360283 1.33579e-05
1760550156.583 89.698 0.08364100 1.26468e-05
1760550156.633 89.749 0.08393245 8.27376e-06
1760550156.643 89.800 0.08393245 5.31997e-06
1760550156.653 89.851 0.08397435 4.49636e-06
1760550156.663 89.902 0.08400321 3.84553e-06
1760550156.673 89.953 0.08404232 3.27032e-06
1760550156.683 90.003 0.08408329 2.64721e-06
1760550156.693 90.054 0.08413357 2.33151e-06
1760550156.703 90.105 0.08415871 1.97815e-06
1760550156.713 90.156 0.08420713 1.51894e-06
1760550156.723 90.206 0.08423972 1.29521e-06
1760550156.733 90.257 0.08426207 1.04207e-06
1760550156.743 90.308 0.08430583 5.11882e-07
1760550156.753 90.358 0.08433284 4.28133e-07
1760550156.763 90.409 0.08438125 2.69449e-07
1760550156.773 90.459 0.08439988 2.63312e-07
1760550156.783 90.510 0.08442595 1.79389e-07
1760550156.793 90.560 0.08446226 3.19166e-07
1760550156.803 90.611 0.08448740 2.64938e-07
1760550156.813 90.661 0.08453954 1.60538e-07
1760550156.823 90.712 0.08456562 1.71385e-07
1760550156.833 90.762 0.08457307 9.88317e-08
1760550156.843 90.812 0.08461683 1.11338e-07
1760550156.853 90.863 0.08463545 8.86699e-08
1760550156.863 90.913 0.08470529 2.92403e-08
1760550156.873 90.963 0.08473136 7.63788e-08
1760550156.883 91.014 0.08475557 3.79617e-08
1760550156.893 91.064 0.08479654 7.72917e-08
1760550156.903 91.114 0.08485054 6.24657e-08
1760550156.913 91.164 0.08490548 6.70840e-09
1760550156.923 91.214 0.08494366 6.51346e-08
1760550156.933 91.264 0.08498276 2.77387e-08
1760550156.943 91.314 0.08502467 7.15563e-08
1760550156.953 91.365 0.08507402 6.80349e-08
1760550156.963 91.415 0.08513454 9.08030e-09
1760550156.973 91.465 0.08517272 6.66104e-08
1760550156.983 91.515 0.08523138 2.97101e-08
1760550156.993 91.564 0.08530121 7.21322e-08
1760550157.003 91.614 0.08533194 8.25533e-08
1760550157.013 91.664 0.08540922 9.11280e-09
1760550157.023 91.714 0.08546789 7.24473e-08
1760550157.033 91.764 0.08550234 3.81412e-08
1760550157.043 91.814 0.08556659 7.97884e-08
1760550157.053 91.864 0.08560104 7.68684e-08
1760550157.063 91.913 0.08565784 2.91338e-08
1760550157.073 91.963 0.08570067 8.92571e-08
1760550157.083 92.013 0.08576771 4.86887e-08
1760550157.093 92.062 0.08582730 8.80416e-08
1760550157.103 92.112 0.08585989 8.28288e-08
1760550157.113 92.162 0.08592042 2.61741e-08
1760550157.123 92.211 0.08595580 8.75257e-08
1760550157.133 92.261 0.08599770 4.47867e-08
1760550157.163 92.310 0.08619604 7.80090e-08
1760550157.186 92.360 0.08630032 5.49719e-08
1760550157.258 92.409 0.08658990 5.10410e-08
1760550157.267 92.459 0.08663180 1.42749e-07
1760550157.273 92.508 0.08666998 9.24686e-08
1760550157.283 92.558 0.08666998 9.97999e-08
1760550157.293 92.607 0.08672119 1.53374e-07
1760550157.303 92.656 0.08674819 1.53767e-07
1760550157.313 92.706 0.08677334 1.15323e-07
1760550157.323 92.755 0.08680220 1.87324e-07
1760550157.333 92.804 0.08683572 1.52476e-07
1760550157.343 92.854 0.08688042 1.95004e-07
1760550157.353 92.903 0.08687576 1.80074e-07
1760550157.363 92.952 0.08690090 1.35342e-07
1760550157.373 93.001 0.08691766 1.99307e-07
1760550157.383 93.050 0.08693349 1.41821e-07
1760550157.393 93.099 0.08696608 1.81018e-07
1760550157.403 93.148 0.08696515 1.78693e-07
1760550157.413 93.198 0.08699402 1.13067e-07
1760550157.423 93.247 0.08701078 1.70420e-07
1760550157.433 93.296 0.08702381 1.17695e-07
1760550157.443 93.345 0.08705175 1.56344e-07
1760550157.453 93.394 0.08704988 1.41888e-07
1760550157.463 93.443 0.08708899 9.01866e-08
1760550157.472 93.491 0.08709924 1.40492e-07
1760550157.482 93.540 0.08713648 8.80958e-08
1760550157.492 93.589 0.08720352 1.18424e-07
1760550157.502 93.638 0.08723146 1.11348e-07
1760550157.512 93.687 0.08727801 4.92967e-08
1760550157.522 93.736 0.08731991 1.04030e-07
1760550157.532 93.784 0.08735157 5.06402e-08
1760550157.542 93.833 0.08740837 9.95877e-08
1760550157.552 93.882 0.08744748 8.92093e-08
1760550157.562 93.930 0.08750428 3.90031e-08
1760550157.572 93.979 0.08753594 9.23190e-08
1760550157.582 94.028 0.08758901 3.57829e-08
1760550157.592 94.076 0.08767095 8.14166e-08
1760550157.602 94.125 0.08771564 7.62852e-08
1760550157.612 94.174 0.08777338 3.22067e-08
1760550157.622 94.222 0.08780317 9.22204e-08
1760550157.632 94.271 0.08785159 5.05007e-08
1760550157.642 94.319 0.08791118 9.44302e-08
1760550157.652 94.367 0.08795588 9.01048e-08
1760550157.662 94.416 0.08802385 3.91838e-08
1760550157.672 94.464 0.08807227 9.09427e-08
1760550157.682 94.513 0.08812814 4.69763e-08
1760550157.734 94.561 0.08843076 3.79776e-08
1760550157.743 94.609 0.08843076 1.18715e-08
1760550157.753 94.658 0.08844845 9.37172e-08
1760550157.802 94.706 0.08869613 7.06058e-08
1760550157.851 94.754 0.08886746 7.75318e-08
1760550157.901 94.803 0.08900061 8.07503e-08
1760550157.909 94.851 0.08901830 1.74242e-08
1760550157.915 94.899 0.08902668 6.92552e-08
1760550157.922 94.947 0.08902668 8.85460e-08
1760550157.932 94.995 0.08904530 3.54673e-08
1760550157.942 95.043 0.08908628 8.41094e-08
1760550157.953 95.091 0.08907510 8.42454e-08
1760550157.962 95.139 0.08908255 4.26175e-08
1760550157.972 95.188 0.08909838 8.44185e-08
1760550157.982 95.236 0.08910024 4.33939e-08
1760550157.992 95.284 0.08912352 9.44484e-08
1760550158.002 95.331 0.08911980 9.77592e-08
1760550158.012 95.379 0.08912911 3.78035e-08
1760550158.022 95.427 0.08911980 9.98876e-08
1760550158.032 95.475 0.08911886 6.52942e-08
1760550158.042 95.523 0.08916356 1.22044e-07
1760550158.052 95.571 0.08917101 1.31731e-07
1760550158.062 95.619 0.08918498 8.52846e-08
1760550158.072 95.667 0.08921291 1.08333e-07
1760550158.082 95.714 0.08922874 7.78449e-08
1760550158.092 95.762 0.08926133 1.48970e-07
1760550158.102 95.810 0.08928088 1.73972e-07
1760550158.112 95.858 0.08932092 3.89934e-07
1760550158.122 95.905 0.08935258 5.11222e-07
1760550158.132 95.953 0.08939075 5.99825e-07
1760550158.142 96.001 0.08943080 8.59883e-07
1760550158.152 96.048 0.08948294 8.75770e-07
1760550158.162 96.096 0.08954253 1.16793e-06
1760550158.172 96.143 0.08958536 1.79147e-06
1760550158.182 96.191 0.08963565 3.28151e-06
1760550158.192 96.238 0.08968872 3.92033e-06
1760550158.202 96.286 0.08973621 4.88849e-06
1760550158.212 96.333 0.08980232 6.37011e-06
1760550158.222 96.381 0.08985632 8.03275e-06
1760550158.232 96.428 0.08991033 9.67211e-06
1760550158.242 96.476 0.08997179 1.12146e-05
1760550158.288 96.523 0.09020922 1.52807e-05
1760550158.294 96.570 0.09024181 1.61984e-05
1760550158.302 96.618 0.09024181 1.59005e-05
1760550158.312 96.665 0.09030792 1.53131e-05
1760550158.322 96.712 0.09036193 1.46403e-05
1760550158.332 96.759 0.09040663 1.35966e-05
1760550158.342 96.807 0.09046621 1.27071e-05
1760550158.352 96.854 0.09051091 1.14281e-05
1760550158.362 96.901 0.09056026 9.93278e-06
1760550158.372 96.948 0.09057330 8.92917e-06
1760550158.382 96.995 0.09062079 8.03812e-06
1760550158.392 97.043 0.09068317 6.74034e-06
1760550158.402 97.090 0.09070924 5.80579e-06
1760550158.412 97.137 0.09073252 4.99560e-06
1760550158.422 97.184 0.09075114 4.42438e-06
1760550158.432 97.231 0.09078373 3.57461e-06
1760550158.442 97.278 0.09082842 3.01084e-06
1760550158.452 97.325 0.09084612 2.59165e-06
1760550158.462 97.372 0.09089826 3.12826e-06
1760550158.472 97.419 0.09091968 2.72148e-06
1760550158.482 97.466 0.09094482 2.27405e-06
1760550158.492 97.512 0.09097834 1.96464e-06
1760550158.502 97.559 0.09099417 1.75872e-06
1760550158.512 97.606 0.09103979 1.49670e-06
1760550158.522 97.653 0.09106959 1.14754e-06
1760550158.532 97.700 0.09108635 1.10275e-06
1760550158.542 97.747 0.09114315 9.50161e-07
1760550158.552 97.793 0.09119064 7.83331e-07
1760550158.562 97.840 0.09122788 6.22280e-07
1760550158.572 97.887 0.09126140 5.63824e-07
1760550158.582 97.934 0.09130703 3.72611e-07
1760550158.592 97.980 0.09135172 3.56217e-07
1760550158.602 98.027 0.09139363 2.67872e-07
1760550158.612 98.073 0.09145787 1.50755e-07
1760550158.622 98.120 0.09147277 1.50186e-07
1760550158.632 98.167 0.09152399 7.87195e-08
1760550158.642 98.213 0.09157799 9.59057e-08
1760550158.683 98.260 0.09181543 1.66157e-08
1760550158.698 98.306 0.09185268 1.84142e-08
1760550158.705 98.353 0.09190575 3.74424e-08
1760550158.712 98.399 0.09190575 -8.54870e-09
1760550158.722 98.446 0.09195324 2.82713e-08
1760550158.765 98.492 0.09219626 6.51694e-09
1760550158.772 98.539 0.09219626 1.81035e-08
1760550158.782 98.585 0.09222513 -3.95192e-09
1760550158.792 98.631 0.09227541 1.40728e-08
1760550158.849 98.678 0.09248585 -9.56626e-09
1760550158.856 98.724 0.09252123 7.29717e-09
1760550158.862 98.770 0.09253892 -1.77294e-08
1760550158.872 98.816 0.09253892 -2.95645e-09
1760550158.885 98.863 0.09258361 5.68940e-09
1760550158.892 98.909 0.09258361 -5.24197e-08
1760550158.902 98.955 0.09260410 3.19900e-10
1760550158.956 99.001 0.09272515 -7.54749e-09
1760550158.970 99.048 0.09274656 3.16060e-09
1760550158.977 99.094 0.09275122 -3.79176e-08
1760550158.984 99.140 0.09279498 1.31689e-08
1760550159.045 99.186 0.09291137 -1.92924e-08
1760550159.052 99.232 0.09294583 -5.85190e-10
1760550159.062 99.278 0.09294583 -6.50555e-09
1760550159.072 99.324 0.09296073 4.82074e-09
1760550159.082 99.370 0.09299704 -1.50245e-08
1760550159.092 99.416 0.09303056 9.97295e-09
1760550159.102 99.462 0.09303708 -6.17146e-09
1760550159.112 99.508 0.09310412 -4.78371e-09
1760550159.122 99.554 0.09310412 1.52210e-08
1760550159.132 99.600 0.09312740 1.60416e-09
1760550159.145 99.646 0.09318792 4.96070e-09
1760550159.152 99.692 0.09318792 4.71956e-08
1760550159.162 99.737 0.09322517 -4.72290e-09
1760550159.172 99.783 0.09323820 5.04302e-08
1760550159.219 99.829 0.09337043 6.90776e-08
1760550159.269 99.875 0.09351941 8.10833e-08
1760550159.319 99.921 0.09368235 9.96471e-08
1760550159.406 99.966 0.09394773 5.24982e-08
1760550159.412 100.012 0.09396076 2.66467e-08
1760550159.422 100.058 0.09396076 6.77636e-08
1760550159.432 100.104 0.09396169 2.65986e-08
1760550159.441 100.149 0.09398404 5.71456e-08
1760550159.451 100.195 0.09399801 7.09173e-08
1760550159.500 100.240 0.09401011 6.07385e-08
1760550159.506 100.286 0.09402501 2.50800e-10
1760550159.554 100.332 0.09404084 6.96023e-08
1760550159.561 100.377 0.09404084 1.91450e-08
1760550159.571 100.423 0.09405481 5.85735e-08
1760550159.582 100.468 0.09408088 1.67570e-08
1760550159.591 100.514 0.09408088 7.83550e-09
1760550159.601 100.559 0.09406598 7.39779e-08
1760550159.649 100.605 0.09421217 8.30690e-08
1760550159.656 100.650 0.09424755 3.81810e-09
1760550159.663 100.695 0.09425221 1.98632e-08
1760550159.671 100.741 0.09425221 6.93171e-08
1760550159.681 100.786 0.09429039 1.68261e-08
1760550159.691 100.832 0.09431925 6.26515e-08
1760550159.701 100.877 0.09432484 6.07604e-08
1760550159.711 100.922 0.09437046 -1.46530e-09
1760550159.721 100.967 0.09441329 5.63976e-08
1760550159.731 101.013 0.09442447 1.38499e-08
1760550159.741 101.058 0.09445706 6.12055e-08
1760550159.751 101.103 0.09447196 5.88311e-08
1760550159.799 101.148 0.09463397 8.16165e-08
1760550159.806 101.194 0.09467122 8.32550e-09
1760550159.812 101.239 0.09470195 2.22074e-08
1760550159.821 101.284 0.09470195 5.53398e-08
1760550159.832 101.329 0.09473454 1.74007e-08
1760550159.841 101.374 0.09475781 5.46856e-08
1760550159.851 101.419 0.09478388 7.11172e-08
1760550159.861 101.464 0.09481741 6.54210e-09
1760550159.871 101.509 0.09486210 6.05327e-08
1760550159.881 101.554 0.09489469 2.22327e-08
1760550159.891 101.599 0.09494404 7.36347e-08
1760550159.901 101.644 0.09495894 7.42773e-08
1760550159.911 101.689 0.09502226 9.03370e-09
1760550159.959 101.734 0.09518148 8.12088e-08
1760550159.965 101.779 0.09520476 1.05535e-07
1760550159.972 101.824 0.09523456 6.95019e-08
1760550159.981 101.869 0.09523456 3.44864e-08
1760550159.991 101.914 0.09528111 9.01977e-08
1760550160.001 101.959 0.09530532 1.14498e-07
1760550160.011 102.004 0.09535467 1.40357e-07
1760550160.021 102.048 0.09537330 4.60794e-07
1760550160.031 102.093 0.09541426 6.91567e-07
1760550160.041 102.138 0.09545802 1.36956e-06
1760550160.051 102.183 0.09549155 2.42025e-06
1760550160.061 102.227 0.09552786 2.81844e-06
1760550160.071 102.272 0.09555673 3.79873e-06
1760550160.081 102.317 0.09558373 5.18665e-06
1760550160.091 102.362 0.09562936 6.97874e-06
1760550160.101 102.406 0.09564798 9.23712e-06
1760550160.111 102.451 0.09568895 1.14405e-05
1760550160.121 102.495 0.09571781 1.43724e-05
1760550160.131 102.540 0.09574016 1.74664e-05
1760550160.141 102.585 0.09578393 2.03732e-05
1760550160.151 102.629 0.09581745 2.85478e-05
1760550160.161 102.674 0.09585562 3.32650e-05
1760550160.171 102.718 0.09589100 3.89356e-05
1760550160.181 102.763 0.09592360 4.44557e-05
1760550160.191 102.807 0.09596736 5.12595e-05
1760550160.201 102.852 0.09597853 5.74964e-05
1760550160.211 102.896 0.09603533 5.64794e-05
1760550160.221 102.940 0.09608282 5.98189e-05
1760550160.231 102.985 0.09611169 6.38033e-05
1760550160.241 103.029 0.09615359 6.73421e-05
1760550160.251 103.074 0.09619548 7.17405e-05
1760550160.261 103.118 0.09625415 7.55643e-05
1760550160.271 103.162 0.09628674 7.95359e-05
1760550160.281 103.207 0.09632677 8.00123e-05
1760550160.291 103.251 0.09636868 8.21405e-05
1760550160.301 103.295 0.09641523 8.13829e-05
1760550160.311 103.339 0.09647483 7.73060e-05
1760550160.321 103.384 0.09651486 7.69705e-05
1760550160.331 103.428 0.09654093 7.46435e-05
1760550160.341 103.472 0.09659308 7.12014e-05
1760550160.351 103.516 0.09662474 6.76688e-05
1760550160.361 103.560 0.09668713 6.29457e-05
1760550160.371 103.604 0.09672344 6.08345e-05
1760550160.381 103.649 0.09675975 5.37732e-05
1760550160.391 103.693 0.09682307 4.96696e-05
1760550160.401 103.737 0.09686404 4.42181e-05
1760550160.411 103.781 0.09690222 3.95926e-05
1760550160.421 103.825 0.09694132 3.50929e-05
1760550160.431 103.869 0.09698881 2.97749e-05
1760550160.441 103.913 0.09703816 2.64617e-05
1760550160.451 103.957 0.09708099 2.33780e-05
1760550160.461 104.001 0.09710893 1.97246e-05
1760550160.517 104.045 0.09735382 3.84416e-06
1760550160.523 104.089 0.09740037 3.16488e-06
1760550160.531 104.133 0.09740037 2.58600e-06
1760550160.541 104.177 0.09745624 2.16791e-06
1760550160.551 104.220 0.09748418 1.61930e-06
1760550160.561 104.264 0.09751770 1.23387e-06
1760550160.571 104.308 0.09755867 2.75782e-06
1760550160.581 104.352 0.09758567 2.32798e-06
1760550160.591 104.396 0.09763781 1.74124e-06
1760550160.601 104.440 0.09767785 1.37417e-06
1760550160.611 104.483 0.09771696 1.06814e-06
1760550160.621 104.527 0.09774117 8.09158e-07
1760550160.631 104.571 0.09776631 6.27556e-07
1760550160.641 104.614 0.09780449 5.37922e-07
1760550160.651 104.658 0.09779890 1.21549e-07
1760550160.661 104.702 0.09784825 4.46137e-08
1760550160.671 104.745 0.09787619 8.52843e-08
1760550160.681 104.789 0.09790691 2.94458e-08
1760550160.691 104.833 0.09794322 6.34456e-08
1760550160.738 104.876 0.09808848 2.20379e-08
1760550160.789 104.920 0.09826260 -1.78350e-09
1760550160.839 104.963 0.09843487 -6.09790e-09
1760550160.889 105.007 0.09862574 -8.57970e-09
1760550160.938 105.051 0.09873096 -1.05135e-08
1760550160.989 105.094 0.09875145 -9.92850e-09
1760550161.068 105.138 0.09875983 6.03189e-08
1760550161.116 105.181 0.09878032 5.29130e-08
1760550161.167 105.225 0.09882966 4.66092e-08
1760550161.217 105.268 0.09886598 4.31153e-08
1760550161.267 105.311 0.09892278 3.69791e-08
1760550161.310 105.355 0.09895630 7.91859e-09
1760550161.317 105.398 0.09894792 2.01245e-08
1760550161.323 105.442 0.09897119 1.20406e-08
1760550161.330 105.485 0.09897119 4.01073e-09
1760550161.344 105.528 0.09899913 -9.06510e-09
1760550161.350 105.572 0.09899913 2.86107e-08
1760550161.360 105.615 0.09902520 -2.67195e-08
1760550161.370 105.658 0.09902241 2.24671e-08
1760550161.411 105.701 0.09906431 -1.10651e-08
1760550161.421 105.745 0.09906431 6.79239e-09
1760550161.431 105.788 0.09907176 -1.38770e-08
1760550161.441 105.831 0.09908386 7.04091e-09
1760550161.451 105.874 0.09908200 -4.88326e-09
1760550161.461 105.917 0.09913787 -1.26738e-08
1760550161.471 105.961 0.09915649 -6.81018e-09
1760550161.486 106.004 0.09918722 9.53150e-09
1760550161.492 106.047 0.09919840 -3.71488e-08
1760550161.542 106.090 0.09935203 -5.44485e-08
1760550161.635 106.133 0.09965465 -2.52328e-08
1760550161.642 106.176 0.09967141 -5.79121e-08
1760550161.708 106.219 0.09983436 -5.13650e-08
1760550161.714 106.262 0.09982505 1.37460e-09
1760550161.762 106.305 0.09988371 -3.74213e-08
1760550161.805 106.348 0.09988837 -1.24415e-08
1760550161.821 106.391 0.09988278 -4.85700e-10
1760550161.830 106.434 0.09988278 -4.10539e-08
1760550161.840 106.477 0.09990606 -1.20978e-08
1760550161.850 106.520 0.09989954 2.76255e-08
1760550161.860 106.563 0.09989302 -2.87683e-08
1760550161.903 106.606 0.09994609 7.08779e-09
1760550161.910 106.649 0.09994609 -1.42176e-08
1760550161.920 106.691 0.09998147 2.35169e-09
1760550161.930 106.734 0.09996658 -1.26027e-08
1760550161.940 106.777 0.09998055 1.05487e-08
1760550161.950 106.820 0.09998800 -6.89222e-09
1760550161.960 106.863 0.10002059 -5.58870e-10
1760550161.970 106.905 0.10002245 9.26058e-09
1760550161.980 106.948 0.10004759 -5.10265e-09
1760550161.990 106.991 0.10008763 1.38189e-08
1760550162.000 107.034 0.10008856 -3.99619e-09
1760550162.010 107.076 0.10014070 -3.36586e-09
1760550162.020 107.119 0.10015932 8.20066e-09
1760550162.030 107.162 0.10016770 -5.21500e-09
1760550162.040 107.204 0.10019751 1.78042e-08
1760550162.050 107.247 0.10022730 1.73586e-09
1760550162.060 107.290 0.10027292 1.11550e-08
1760550162.070 107.332 0.10028689 1.91829e-08
1760550162.080 107.375 0.10033251 4.73243e-09
1760550162.093 107.417 0.10038652 -1.35975e-08
1760550162.100 107.460 0.10038652 3.20465e-08
1760550162.177 107.503 0.10070125 -9.19780e-09
1760550162.184 107.545 0.10076363 2.65337e-08
1760550162.190 107.588 0.10076363 -1.87855e-08
1760550162.231 107.630 0.10095265 1.46671e-08
1760550162.246 107.672 0.10097034 -9.63400e-10
1760550162.253 107.715 0.10100852 4.29220e-08
1760550162.260 107.757 0.10100852 -7.03850e-09
1760550162.270 107.800 0.10103738 3.34338e-08
1760550162.329 107.842 0.10116402 1.57586e-08
1760550162.343 107.885 0.10119754 -5.41600e-10
1760550162.350 107.927 0.10119754 5.02309e-08
1760550162.360 107.969 0.10124689 8.01700e-10
1760550162.370 108.012 0.10123758 4.75300e-08
1760550162.418 108.054 0.10128692 6.26303e-08
1760550162.468 108.096 0.10135956 7.44805e-08
1760550162.518 108.139 0.10146663 8.81148e-08
1760550162.525 108.181 0.10149177 4.38378e-08
1760550162.531 108.223 0.10153275 1.01330e-07
1760550162.540 108.265 0.10153275 5.81422e-08
1760550162.550 108.308 0.10155417 8.42703e-08
1760550162.560 108.350 0.10158955 3.58799e-08
1760550162.570 108.392 0.10159234 9.57333e-08
1760550162.580 108.434 0.10159793 5.39990e-08
1760550162.590 108.476 0.10160817 9.89690e-08
1760550162.600 108.518 0.10163052 9.41640e-08
1760550162.610 108.560 0.10166962 4.60640e-08
1760550162.620 108.603 0.10166683 1.10020e-07
1760550162.630 108.645 0.10167800 6.98622e-08
1760550162.640 108.687 0.10170593 1.15543e-07
1760550162.650 108.729 0.10170407 1.16919e-07
1760550162.660 108.771 0.10171990 6.93025e-08
1760550162.670 108.813 0.10172828 1.26987e-07
1760550162.680 108.855 0.10174783 8.46114e-08
1760550162.732 108.897 0.10190892 1.01566e-07
1760550162.740 108.939 0.10190892 7.88109e-08
1760550162.750 108.981 0.10192754 1.73154e-07
1760550162.760 109.023 0.10197037 1.20589e-07
1760550162.770 109.065 0.10201787 1.56871e-07
1760550162.780 109.107 0.10205977 1.05704e-07
1760550162.790 109.148 0.10208305 1.43489e-07
1760550162.800 109.190 0.10209515 1.71317e-07
1760550162.810 109.232 0.10215009 9.90583e-08
1760550162.820 109.274 0.10219665 1.50428e-07
1760550162.830 109.316 0.10222086 1.06457e-07
1760550162.840 109.358 0.10227859 1.01759e-07
1760550162.850 109.399 0.10232235 1.67504e-07
1760550162.860 109.441 0.10237170 1.16471e-07
1760550162.870 109.483 0.10238752 1.76843e-07
1760550162.880 109.525 0.10240616 1.22124e-07
1760550162.890 109.566 0.10245550 1.26671e-07
1760550162.900 109.608 0.10247413 1.78658e-07
1760550162.910 109.650 0.10251602 1.10037e-07
1760550162.920 109.692 0.10253930 1.50644e-07
1760550162.930 109.733 0.10256723 8.32179e-08
1760550162.940 109.775 0.10260913 1.25626e-07
1760550162.949 109.817 0.10265104 1.35398e-07
1760550162.960 109.858 0.10268177 6.75197e-08
1760550162.969 109.900 0.10269574 1.14305e-07
1760550162.979 109.941 0.10273298 6.86841e-08
1760550162.989 109.983 0.10278698 1.10816e-07
1760550162.999 110.025 0.10279164 1.15001e-07
