1760553919.941 33.802 0.03271075 -1.00381e-08
1760553919.991 33.937 0.03268282 -1.32202e-08
1760553920.041 34.072 0.03267350 -1.33377e-08
1760553920.091 34.206 0.03269026 -1.33863e-08
1760553920.141 34.339 0.03274613 -1.29047e-08
1760553920.191 34.472 0.03287370 -1.11876e-08
1760553920.242 34.604 0.03303013 -1.04137e-08
1760553920.291 34.736 0.03315583 -9.77650e-09
1760553920.342 34.867 0.03329550 -9.37880e-09
1760553920.392 34.998 0.03342307 -8.83240e-09
1760553920.442 35.129 0.03351339 5.00430e-08
1760553920.492 35.259 0.03359812 6.79221e-07
1760553920.501 35.388 0.03359812 1.00616e-06
1760553920.511 35.517 0.03362792 1.35312e-06
1760553920.521 35.646 0.03363537 2.48815e-06
1760553920.531 35.774 0.03366237 2.97978e-06
1760553920.541 35.901 0.03368751 4.01314e-06
1760553920.551 36.028 0.03368937 5.62569e-06
1760553920.561 36.155 0.03371730 7.49709e-06
1760553920.571 36.281 0.03372848 9.64836e-06
1760553920.581 36.407 0.03376200 1.30672e-05
1760553920.591 36.532 0.03379738 1.59546e-05
1760553920.601 36.657 0.03381228 1.68942e-05
1760553920.611 36.782 0.03382997 1.66930e-05
1760553920.621 36.906 0.03385884 1.61581e-05
1760553920.631 37.030 0.03390353 1.48473e-05
1760553920.641 37.153 0.03393519 1.37967e-05
1760553920.651 37.276 0.03398826 1.05861e-05
1760553920.661 37.398 0.03405437 6.44549e-06
1760553920.671 37.520 0.03409069 1.50197e-06
1760553920.681 37.642 0.03414749 5.51990e-07
1760553920.691 37.763 0.03422291 3.58655e-07
1760553920.701 37.884 0.03429461 1.38182e-07
1760553920.711 38.004 0.03439610 2.84462e-08
1760553920.721 38.125 0.03448270 7.12065e-08
1760553920.769 38.244 0.03505348 5.08126e-08
1760553920.819 38.364 0.03573973 6.27581e-08
1760553920.869 38.483 0.03639990 5.38747e-08
1760553920.919 38.601 0.03684498 4.90749e-08
1760553920.969 38.719 0.03704518 4.75331e-08
1760553921.043 38.837 0.03697534 -6.77900e-09
1760553921.091 38.955 0.03690551 -3.32150e-09
1760553921.141 39.072 0.03691761 -4.93100e-09
1760553921.191 39.189 0.03699955 -4.90650e-09
1760553921.241 39.305 0.03712619 -5.86180e-09
1760553921.291 39.422 0.03728541 -6.15700e-09
1760553921.341 39.537 0.03741949 -1.00256e-08
1760553921.392 39.653 0.03753682 -1.09100e-08
1760553921.442 39.768 0.03762341 -1.15594e-08
1760553921.492 39.883 0.03772211 -1.28941e-08
1760553921.542 39.997 0.03782268 -1.40743e-08
1760553921.614 40.111 0.03793907 8.11860e-09
1760553921.622 40.225 0.03797259 5.85956e-08
1760553921.669 40.339 0.03805825 4.56467e-08
1760553921.720 40.452 0.03814950 4.61743e-08
1760553921.787 40.565 0.03831245 5.78782e-08
1760553921.838 40.677 0.03844467 5.73894e-08
1760553921.888 40.790 0.03856386 5.97091e-08
1760553921.938 40.901 0.03864580 5.91583e-08
1760553921.988 41.013 0.03876126 6.01431e-08
1760553922.059 41.124 0.03887765 -6.57030e-09
1760553922.110 41.235 0.03898846 -1.13009e-08
1760553922.182 41.346 0.03910205 1.22746e-08
1760553922.190 41.457 0.03910205 5.94442e-08
1760553922.238 41.567 0.03920820 5.14572e-08
1760553922.288 41.677 0.03930504 5.19673e-08
1760553922.338 41.786 0.03938326 5.04789e-08
1760553922.388 41.895 0.03948010 5.04783e-08
1760553922.438 42.004 0.03961604 5.15190e-08
1760553922.488 42.113 0.03974640 5.16617e-08
1760553922.538 42.222 0.03986093 5.19587e-08
1760553922.588 42.330 0.03996894 5.31552e-08
1760553922.638 42.438 0.04003878 5.38593e-08
1760553922.717 42.545 0.04020079 1.41380e-08
1760553922.724 42.652 0.04021848 4.56732e-08
1760553922.772 42.760 0.04030787 5.53020e-08
1760553922.823 42.866 0.04040285 5.49194e-08
1760553922.873 42.973 0.04048944 5.52247e-08
1760553922.941 43.079 0.04066170 5.22261e-08
1760553922.991 43.185 0.04078089 4.94272e-08
1760553923.041 43.291 0.04088704 4.94210e-08
1760553923.050 43.396 0.04088704 8.45740e-09
1760553923.060 43.502 0.04090752 5.85835e-08
1760553923.109 43.606 0.04099133 1.55454e-08
1760553923.159 43.711 0.04106209 1.96556e-08
1760553923.208 43.816 0.04119245 1.02354e-08
1760553923.283 43.920 0.04143175 2.11039e-08
1760553923.290 44.024 0.04143175 5.63688e-08
1760553923.340 44.128 0.04159191 5.36607e-08
1760553923.390 44.231 0.04170923 5.26215e-08
1760553923.440 44.334 0.04179862 5.26052e-08
1760553923.490 44.437 0.04188708 5.16810e-08
1760553923.541 44.540 0.04196157 5.14099e-08
1760553923.591 44.643 0.04208541 5.14106e-08
1760553923.641 44.745 0.04217666 5.08970e-08
1760553923.691 44.847 0.04226884 5.06727e-08
1760553923.741 44.949 0.04236009 5.09840e-08
1760553923.820 45.050 0.04250628 5.63387e-08
1760553923.829 45.152 0.04250628 -1.01178e-08
1760553923.839 45.253 0.04254073 6.87020e-08
1760553923.887 45.354 0.04261895 5.25469e-08
1760553923.940 45.455 0.04273813 5.97925e-08
1760553924.007 45.555 0.04286011 5.31417e-08
1760553924.057 45.655 0.04300444 5.99962e-08
1760553924.125 45.755 0.04317484 4.69510e-08
1760553924.176 45.855 0.04327540 1.81293e-08
1760553924.182 45.955 0.04329868 6.10730e-09
1760553924.189 46.054 0.04329868 5.17613e-08
1760553924.238 46.153 0.04335734 5.14799e-08
1760553924.287 46.252 0.04343276 5.40101e-08
1760553924.294 46.351 0.04342997 -1.17743e-08
1760553924.357 46.449 0.04357709 5.66822e-08
1760553924.408 46.548 0.04371489 5.06330e-08
1760553924.460 46.646 0.04393930 -4.27470e-09
1760553924.510 46.744 0.04407152 -1.09164e-08
1760553924.578 46.842 0.04420560 -1.25824e-08
1760553924.628 46.939 0.04428102 -1.15024e-08
1760553924.678 47.036 0.04433875 -1.09289e-08
1760553924.728 47.133 0.04438531 -1.03303e-08
1760553924.779 47.230 0.04446911 -4.22320e-09
1760553924.828 47.327 0.04452963 -8.98540e-09
1760553924.895 47.424 0.04466651 2.57000e-11
1760553924.946 47.520 0.04478197 6.85940e-09
1760553924.997 47.616 0.04487136 2.10219e-08
1760553925.003 47.712 0.04488440 6.51710e-08
1760553925.009 47.808 0.04490954 1.48895e-08
1760553925.057 47.903 0.04495889 6.51519e-08
1760553925.125 47.998 0.04509763 5.19843e-08
1760553925.175 48.094 0.04520657 5.14153e-08
1760553925.225 48.189 0.04534624 5.35554e-08
1760553925.275 48.283 0.04548591 5.42469e-08
1760553925.326 48.378 0.04560230 3.96303e-08
1760553925.333 48.472 0.04561254 6.79210e-09
1760553925.339 48.567 0.04562837 4.37989e-08
1760553925.388 48.661 0.04567772 5.93347e-08
1760553925.394 48.755 0.04569262 -1.01526e-08
1760553925.467 48.848 0.04579225 8.58180e-09
1760553925.473 48.942 0.04582578 5.48004e-08
1760553925.521 49.035 0.04597569 5.60546e-08
1760553925.572 49.128 0.04613677 5.32929e-08
1760553925.578 49.221 0.04613677 -1.34404e-08
1760553925.627 49.314 0.04630345 6.87270e-09
1760553925.677 49.407 0.04645709 -1.16810e-09
1760553925.745 49.499 0.04661910 -1.30595e-08
1760553925.795 49.591 0.04672432 -1.16675e-08
1760553925.845 49.683 0.04681650 -1.07211e-08
1760553925.896 49.775 0.04686958 -8.96490e-09
1760553925.946 49.867 0.04693196 -9.57220e-09
1760553926.025 49.959 0.04704649 5.47444e-08
1760553926.075 50.050 0.04713681 5.59920e-08
1760553926.130 50.141 0.04721875 1.31104e-08
1760553926.138 50.232 0.04721875 6.92252e-08
1760553926.148 50.323 0.04722713 -9.03690e-09
1760553926.158 50.414 0.04724389 6.65018e-08
1760553926.229 50.505 0.04735935 -9.63120e-09
1760553926.277 50.595 0.04744222 2.16700e-09
1760553926.328 50.686 0.04760424 3.54959e-08
1760553926.338 50.776 0.04762473 8.41561e-08
1760553926.348 50.866 0.04766570 1.25922e-07
1760553926.358 50.955 0.04768618 3.33755e-07
1760553926.368 51.045 0.04772343 4.19651e-07
1760553926.378 51.135 0.04775136 6.09419e-07
1760553926.388 51.224 0.04777091 8.32819e-07
1760553926.398 51.313 0.04781002 3.73550e-06
1760553926.408 51.402 0.04782399 3.09762e-06
1760553926.418 51.491 0.04785192 3.91480e-06
1760553926.428 51.580 0.04787799 4.56694e-06
1760553926.438 51.668 0.04789755 5.39141e-06
1760553926.448 51.757 0.04794410 5.69321e-06
1760553926.458 51.845 0.04796273 7.19809e-06
1760553926.468 51.933 0.04798880 7.80502e-06
1760553926.478 52.021 0.04802511 8.83141e-06
1760553926.488 52.109 0.04806143 1.05747e-05
1760553926.498 52.196 0.04810240 9.85828e-06
1760553926.508 52.284 0.04811450 1.05187e-05
1760553926.518 52.371 0.04816199 9.40519e-06
1760553926.528 52.459 0.04822158 8.65757e-06
1760553926.578 52.546 0.04862011 2.96745e-06
1760553926.588 52.633 0.04862011 4.56727e-07
1760553926.598 52.719 0.04870298 1.59829e-07
1760553926.608 52.806 0.04877468 1.07974e-07
1760553926.618 52.893 0.04886407 4.34750e-08
1760553926.628 52.979 0.04896835 6.36377e-08
1760553926.638 53.065 0.04904843 1.83232e-08
1760553926.647 53.151 0.04915737 3.12657e-08
1760553926.657 53.237 0.04922907 7.07738e-08
1760553926.706 53.323 0.04968998 5.48691e-08
1760553926.756 53.409 0.05004475 5.43859e-08
1760553926.763 53.494 0.05009596 -2.85240e-09
1760553926.810 53.580 0.05032967 2.43293e-08
1760553926.817 53.665 0.05032967 1.24803e-08
1760553926.828 53.750 0.05037716 5.74315e-08
1760553926.876 53.835 0.05051031 5.65372e-08
1760553926.926 53.920 0.05059412 5.44575e-08
1760553926.976 54.005 0.05066209 5.72664e-08
1760553927.025 54.089 0.05078034 5.58547e-08
1760553927.076 54.174 0.05090232 8.88996e-08
1760553927.109 54.258 0.05097588 7.06490e-08
1760553927.139 54.342 0.05105503 2.50545e-06
1760553927.148 54.426 0.05105503 2.61007e-06
1760553927.158 54.510 0.05105316 3.17346e-06
1760553927.168 54.594 0.05108110 3.42082e-06
1760553927.177 54.678 0.05108296 3.93659e-06
1760553927.191 54.761 0.05113883 4.79377e-06
1760553927.197 54.845 0.05113883 6.03666e-06
1760553927.207 54.928 0.05114162 7.64918e-06
1760553927.217 55.011 0.05115373 8.00649e-06
1760553927.227 55.094 0.05116211 1.03628e-05
1760553927.237 55.177 0.05118538 1.11946e-05
1760553927.247 55.260 0.05121611 1.29331e-05
1760553927.257 55.342 0.05121332 1.49872e-05
1760553927.267 55.425 0.05125242 1.81033e-05
1760553927.277 55.507 0.05129247 2.43020e-05
1760553927.287 55.590 0.05130736 2.65311e-05
1760553927.297 55.672 0.05134274 2.92000e-05
1760553927.307 55.754 0.05136230 3.05042e-05
1760553927.317 55.836 0.05141910 4.38965e-05
1760553927.327 55.918 0.05146007 4.21043e-05
1760553927.337 55.999 0.05150197 4.39490e-05
1760553927.347 56.081 0.05157646 3.28448e-05
1760553927.357 56.162 0.05163698 2.80259e-05
1760553927.367 56.244 0.05169379 1.86827e-05
1760553927.377 56.325 0.05176920 8.72768e-06
1760553927.387 56.406 0.05184183 4.55460e-06
1760553927.397 56.487 0.05192471 3.32033e-06
1760553927.407 56.568 0.05200478 4.17981e-06
1760553927.417 56.649 0.05209976 5.99398e-06
1760553927.427 56.729 0.05219473 6.38635e-06
1760553927.437 56.810 0.05226829 6.20957e-06
1760553927.447 56.890 0.05236327 4.82097e-06
1760553927.457 56.971 0.05246290 2.07923e-06
1760553927.467 57.051 0.05257185 4.40623e-07
1760553927.477 57.131 0.05265564 3.08446e-07
1760553927.487 57.211 0.05274503 2.38156e-07
1760553927.497 57.291 0.05286049 3.90475e-07
1760553927.507 57.371 0.05292940 7.12148e-07
1760553927.517 57.450 0.05304300 7.88684e-07
1760553927.527 57.530 0.05313518 7.21955e-07
1760553927.537 57.609 0.05322177 5.85614e-07
1760553927.547 57.688 0.05331768 2.94167e-07
1760553927.557 57.768 0.05339869 1.40863e-07
1760553927.567 57.847 0.05347225 4.66759e-08
1760553927.577 57.926 0.05355977 7.19673e-08
1760553927.587 58.005 0.05364730 3.24167e-08
1760553927.597 58.083 0.05372831 7.81959e-08
1760553927.607 58.162 0.05378138 7.96931e-08
1760553927.617 58.241 0.05388102 2.16440e-08
1760553927.627 58.319 0.05394247 8.60070e-08
1760553927.637 58.397 0.05399461 1.24505e-07
1760553927.683 58.476 0.05431120 9.00842e-08
1760553927.690 58.554 0.05439780 7.24607e-08
1760553927.697 58.632 0.05439780 5.49940e-09
1760553927.707 58.710 0.05445739 8.17908e-08
1760553927.717 58.788 0.05452816 7.55790e-09
1760553927.727 58.865 0.05458030 7.02030e-08
1760553927.737 58.943 0.05463803 4.67341e-08
1760553927.747 59.020 0.05470693 1.13183e-07
1760553927.757 59.098 0.05476373 1.23821e-07
1760553927.767 59.175 0.05483171 7.17704e-08
1760553927.777 59.252 0.05489409 1.21204e-07
1760553927.787 59.329 0.05494065 7.26267e-08
1760553927.797 59.406 0.05500583 9.77933e-08
1760553927.807 59.483 0.05506263 6.70386e-08
1760553927.817 59.560 0.05514922 3.64859e-08
1760553927.827 59.637 0.05519392 9.17236e-08
1760553927.837 59.713 0.05523303 1.17547e-07
1760553927.847 59.790 0.05529169 1.15373e-06
1760553927.857 59.866 0.05533731 3.30989e-06
1760553927.867 59.943 0.05539690 5.08524e-06
1760553927.877 60.019 0.05544905 9.01682e-06
1760553927.887 60.095 0.05550678 1.58185e-05
1760553927.897 60.171 0.05557382 3.01801e-05
1760553927.907 60.247 0.05560641 4.51667e-05
1760553927.917 60.323 0.05569952 7.22931e-05
1760553927.927 60.399 0.05577029 8.04859e-05
1760553927.937 60.474 0.05581312 8.12182e-05
1760553927.947 60.550 0.05588295 7.45096e-05
1760553927.957 60.625 0.05595000 6.03626e-05
1760553927.967 60.701 0.05601890 2.92008e-05
1760553927.977 60.776 0.05607104 7.49434e-06
1760553927.987 60.851 0.05615205 3.65540e-06
1760553927.997 60.926 0.05623958 2.01904e-06
1760553928.007 61.001 0.05629265 1.13041e-06
1760553928.017 61.076 0.05637832 6.32071e-07
1760553928.027 61.151 0.05646492 3.31447e-07
1760553928.037 61.226 0.05653847 6.69471e-08
1760553928.047 61.300 0.05661390 8.06131e-08
1760553928.057 61.375 0.05669211 1.04107e-07
1760553928.067 61.449 0.05677219 5.07066e-07
1760553928.077 61.524 0.05685413 8.77557e-07
1760553928.087 61.598 0.05692583 1.66799e-06
1760553928.097 61.672 0.05699939 4.00611e-06
1760553928.107 61.746 0.05706457 6.45644e-06
1760553928.117 61.820 0.05715954 1.20517e-05
1760553928.127 61.894 0.05724521 1.43142e-05
1760553928.137 61.968 0.05730760 1.34528e-05
1760553928.147 62.042 0.05739512 1.21000e-05
1760553928.157 62.115 0.05744913 8.25366e-06
1760553928.167 62.189 0.05752641 2.79241e-06
1760553928.214 62.262 0.05787279 2.67888e-06
1760553928.222 62.336 0.05793518 9.59596e-07
1760553928.228 62.409 0.05799850 4.91171e-07
1760553928.237 62.482 0.05799850 3.08684e-07
1760553928.247 62.555 0.05807671 1.70232e-07
1760553928.257 62.628 0.05811954 1.23596e-07
1760553928.267 62.701 0.05819589 4.27947e-08
1760553928.277 62.774 0.05826200 1.23639e-07
1760553928.287 62.847 0.05832998 8.36101e-08
1760553928.297 62.920 0.05838305 1.18273e-07
1760553928.307 62.992 0.05843147 9.00162e-08
1760553928.317 63.065 0.05850131 3.99773e-08
1760553928.327 63.137 0.05856462 9.84118e-08
1760553928.337 63.210 0.05861583 4.08998e-08
1760553928.347 63.282 0.05867171 8.49015e-08
1760553928.357 63.354 0.05869871 6.52708e-08
1760553928.367 63.426 0.05876854 1.04294e-07
1760553928.376 63.498 0.05881137 2.64876e-07
1760553928.386 63.570 0.05885980 3.26997e-07
1760553928.396 63.642 0.05890821 5.70491e-07
1760553928.407 63.714 0.05894825 8.33299e-07
1760553928.416 63.786 0.05900598 1.47373e-06
1760553928.426 63.857 0.05904416 2.27170e-06
1760553928.436 63.929 0.05910468 2.32725e-06
1760553928.446 64.000 0.05917545 2.31284e-06
1760553928.456 64.072 0.05921269 2.17643e-06
1760553928.466 64.143 0.05927694 2.50101e-06
1760553928.476 64.214 0.05933467 1.95175e-06
1760553928.486 64.285 0.05938309 9.43805e-07
1760553928.496 64.356 0.05946689 5.54334e-07
1760553928.506 64.427 0.05953487 3.32866e-07
1760553928.516 64.498 0.05961122 2.29581e-07
1760553928.526 64.569 0.05966523 3.66506e-07
1760553928.536 64.640 0.05974344 3.23572e-07
1760553928.546 64.711 0.05981514 4.82358e-07
1760553928.556 64.781 0.05988218 4.30796e-07
1760553928.566 64.852 0.05995480 5.93694e-07
1760553928.576 64.922 0.06001347 4.18369e-07
1760553928.586 64.993 0.06009820 3.51680e-07
1760553928.596 65.063 0.06018293 2.49825e-07
1760553928.606 65.133 0.06025649 1.28005e-07
1760553928.616 65.203 0.06034309 3.66033e-08
1760553928.626 65.273 0.06039802 1.06080e-07
1760553928.636 65.343 0.06048276 5.37791e-08
1760553928.646 65.413 0.06056749 9.03206e-08
1760553928.696 65.483 0.06091294 1.76596e-05
1760553928.706 65.553 0.06096323 3.08285e-05
1760553928.711 65.623 0.06103585 4.35527e-05
1760553928.717 65.692 0.06109917 5.04222e-05
1760553928.765 65.762 0.06135337 4.53093e-05
1760553928.772 65.831 0.06142228 1.00216e-05
1760553928.778 65.901 0.06148373 5.88688e-06
1760553928.786 65.970 0.06148373 4.25310e-06
1760553928.796 66.039 0.06153494 2.84982e-06
1760553928.806 66.109 0.06157405 1.55960e-06
1760553928.816 66.178 0.06163457 9.41724e-07
1760553928.826 66.247 0.06167368 6.89639e-07
1760553928.836 66.316 0.06172303 4.39736e-07
1760553928.846 66.385 0.06176680 5.25006e-07
1760553928.856 66.454 0.06178355 2.71799e-07
1760553928.866 66.522 0.06183756 1.94096e-07
1760553928.876 66.591 0.06186363 1.37602e-07
1760553928.886 66.660 0.06188412 9.63919e-08
1760553928.896 66.728 0.06192788 1.43056e-07
1760553928.906 66.797 0.06195675 1.03138e-07
1760553928.916 66.865 0.06200144 1.14976e-07
1760553928.926 66.933 0.06203403 2.03182e-07
1760553928.936 67.002 0.06206383 2.24398e-07
1760553928.946 67.070 0.06211131 3.39580e-07
1760553928.956 67.138 0.06214483 3.37300e-07
1760553928.966 67.206 0.06220257 3.86465e-07
1760553928.976 67.274 0.06223143 4.56631e-07
1760553928.986 67.342 0.06228358 4.64001e-07
1760553928.996 67.410 0.06235434 4.73101e-07
1760553929.006 67.478 0.06239811 3.14703e-07
1760553929.016 67.545 0.06245025 3.24009e-07
1760553929.026 67.613 0.06249959 3.10540e-07
1760553929.036 67.681 0.06256757 1.09625e-07
1760553929.046 67.748 0.06264672 1.30686e-07
1760553929.056 67.816 0.06270258 6.21514e-08
1760553929.066 67.883 0.06278452 6.68667e-08
1760553929.076 67.950 0.06284319 1.14956e-07
1760553929.086 68.017 0.06291488 6.06534e-08
1760553929.096 68.085 0.06300148 6.65950e-08
1760553929.106 68.152 0.06306852 1.61548e-07
1760553929.117 68.219 0.06323333 5.47140e-07
1760553929.126 68.286 0.06323333 4.03578e-07
1760553929.136 68.353 0.06331248 1.81904e-07
1760553929.146 68.420 0.06338231 2.38558e-07
1760553929.156 68.486 0.06344097 3.04273e-07
1760553929.166 68.553 0.06351547 5.25247e-07
1760553929.176 68.620 0.06358809 9.36925e-07
1760553929.186 68.686 0.06366445 1.86170e-06
1760553929.196 68.753 0.06373894 3.99059e-06
1760553929.206 68.819 0.06380970 6.01023e-06
1760553929.216 68.886 0.06387581 1.01922e-05
1760553929.226 68.952 0.06393727 1.15209e-05
1760553929.236 69.018 0.06400245 1.13116e-05
1760553929.246 69.085 0.06408253 1.04615e-05
1760553929.256 69.151 0.06413094 9.10292e-06
1760553929.266 69.217 0.06419147 5.44280e-06
1760553929.296 69.283 0.06439725 2.18312e-06
1760553929.322 69.349 0.06456485 2.72761e-07
1760553929.328 69.415 0.06463283 1.94243e-07
1760553929.337 69.481 0.06470080 1.84326e-07
1760553929.346 69.546 0.06470080 2.01276e-07
1760553929.356 69.612 0.06472035 1.68118e-07
1760553929.366 69.678 0.06478925 1.74500e-07
1760553929.376 69.743 0.06483768 2.43787e-07
1760553929.386 69.809 0.06489261 2.65474e-07
1760553929.396 69.874 0.06495686 8.03745e-07
1760553929.406 69.940 0.06499224 9.88412e-07
1760553929.416 70.005 0.06507046 1.10256e-06
1760553929.426 70.070 0.06510677 7.94687e-07
1760553929.436 70.135 0.06514775 4.37792e-07
1760553929.446 70.201 0.06520361 4.13329e-07
1760553929.456 70.266 0.06525203 2.88370e-07
1760553929.466 70.331 0.06530045 2.34522e-07
1760553929.476 70.396 0.06534700 2.06599e-07
1760553929.486 70.461 0.06538705 7.80976e-08
1760553929.496 70.525 0.06542429 1.12572e-07
1760553929.506 70.590 0.06546153 7.68102e-08
1760553929.516 70.655 0.06550996 1.04444e-07
1760553929.526 70.720 0.06556023 1.31678e-07
1760553929.536 70.784 0.06562821 6.45406e-08
1760553929.546 70.849 0.06567383 9.68414e-08
1760553929.556 70.913 0.06571108 6.60257e-08
1760553929.566 70.978 0.06576602 8.21774e-08
1760553929.576 71.042 0.06581071 8.89566e-08
1760553929.624 71.107 0.06610588 9.01350e-08
1760553929.630 71.171 0.06617292 5.57861e-08
1760553929.637 71.235 0.06625113 1.14881e-07
1760553929.646 71.299 0.06625113 1.75376e-07
1760553929.656 71.363 0.06631259 1.08016e-07
1760553929.666 71.427 0.06639733 1.13303e-07
1760553929.676 71.491 0.06645133 1.11248e-07
1760553929.724 71.555 0.06676698 9.87667e-08
1760553929.730 71.619 0.06681913 2.10636e-08
1760553929.737 71.683 0.06687220 4.78081e-08
1760553929.746 71.747 0.06687220 9.70636e-08
1760553929.756 71.810 0.06692342 4.69986e-08
1760553929.766 71.874 0.06698580 7.86572e-08
1760553929.776 71.938 0.06702677 1.02872e-07
1760553929.786 72.001 0.06707519 3.19936e-08
1760553929.796 72.065 0.06711243 7.82301e-08
1760553929.806 72.128 0.06714503 3.85107e-08
1760553929.816 72.191 0.06720555 7.51237e-08
1760553929.846 72.255 0.06732194 1.34764e-07
1760553929.856 72.318 0.06735360 1.19129e-07
1760553929.861 72.381 0.06738340 1.01920e-07
1760553929.866 72.444 0.06741599 6.57505e-08
1760553929.876 72.507 0.06741599 1.11683e-07
1760553929.886 72.570 0.06745695 7.51816e-08
1760553929.896 72.633 0.06748675 1.78238e-07
1760553929.906 72.696 0.06750631 1.96276e-07
1760553929.916 72.759 0.06755752 3.81806e-07
1760553929.926 72.822 0.06758825 5.94648e-07
1760553929.936 72.885 0.06765436 8.70437e-07
1760553929.946 72.947 0.06769533 1.34136e-06
1760553929.956 73.010 0.06772699 2.54007e-06
1760553929.966 73.073 0.06778471 3.92148e-06
1760553929.976 73.135 0.06782196 7.15499e-06
1760553929.986 73.198 0.06788062 1.05021e-05
1760553929.996 73.260 0.06792346 1.69513e-05
1760553930.012 73.322 0.06803985 2.89307e-05
1760553930.018 73.385 0.06807802 3.70635e-05
1760553930.030 73.447 0.06814413 4.55236e-05
1760553930.037 73.509 0.06819721 6.70871e-05
1760553930.046 73.571 0.06819721 7.04625e-05
1760553930.056 73.633 0.06825401 7.01658e-05
1760553930.066 73.696 0.06834992 6.65540e-05
1760553930.076 73.758 0.06838995 6.66805e-05
1760553930.086 73.820 0.06845327 5.73272e-05
1760553930.096 73.881 0.06852217 4.87709e-05
1760553930.106 73.943 0.06858084 2.47374e-05
1760553930.116 74.005 0.06866464 9.23085e-06
1760553930.126 74.067 0.06871119 6.08535e-06
1760553930.136 74.129 0.06879779 4.04466e-06
1760553930.146 74.190 0.06884900 2.74349e-06
1760553930.155 74.252 0.06890953 1.48740e-06
1760553930.166 74.313 0.06897843 9.69489e-07
1760553930.176 74.375 0.06903523 6.08808e-07
1760553930.185 74.436 0.06911438 3.01923e-07
1760553930.196 74.498 0.06918514 1.72257e-07
1760553930.205 74.559 0.06922053 6.51573e-08
1760553930.215 74.620 0.06928477 6.32311e-08
1760553930.225 74.682 0.06935368 4.31270e-08
1760553930.273 74.743 0.06960881 7.29252e-08
1760553930.280 74.804 0.06969540 2.18590e-09
1760553930.328 74.865 0.06999429 9.43762e-08
1760553930.335 74.926 0.06999429 3.16821e-08
1760553930.345 74.987 0.07003620 7.02457e-08
1760553930.355 75.048 0.07009393 2.20844e-08
1760553930.405 75.109 0.07028853 2.51831e-08
1760553930.412 75.170 0.07033416 6.59286e-08
1760553930.419 75.231 0.07037513 1.87346e-08
1760553930.425 75.291 0.07037513 4.97604e-08
1760553930.467 75.352 0.07051294 1.61487e-08
1760553930.484 75.413 0.07054553 1.14768e-08
1760553930.489 75.473 0.07054366 6.30647e-08
1760553930.495 75.534 0.07054366 4.52845e-08
1760553930.543 75.594 0.07066192 6.35769e-08
1760553930.549 75.655 0.07067775 5.85893e-08
1760553930.555 75.715 0.07067775 9.93779e-08
1760553930.565 75.775 0.07069824 9.64824e-08
1760553930.575 75.836 0.07070568 7.71208e-08
1760553930.585 75.896 0.07076900 3.07496e-08
1760553930.595 75.956 0.07079135 8.10467e-08
1760553930.605 76.016 0.07081463 4.17702e-08
1760553930.615 76.077 0.07085001 8.70493e-08
1760553930.625 76.137 0.07086770 7.71854e-08
1760553930.635 76.197 0.07090774 2.37342e-08
1760553930.645 76.257 0.07093940 8.97532e-08
1760553930.655 76.317 0.07096640 4.73119e-08
1760553930.665 76.376 0.07101948 9.99841e-08
1760553930.675 76.436 0.07104182 8.44487e-08
1760553930.685 76.496 0.07108093 3.24056e-08
1760553930.695 76.556 0.07113028 9.85376e-08
1760553930.705 76.616 0.07116101 5.79830e-08
1760553930.715 76.675 0.07120942 1.00310e-07
1760553930.725 76.735 0.07123178 1.10240e-07
1760553930.735 76.794 0.07130161 6.67259e-08
1760553930.745 76.854 0.07134072 1.14687e-07
1760553930.755 76.913 0.07138914 7.06921e-08
1760553930.765 76.973 0.07145990 9.63906e-08
1760553930.775 77.032 0.07149063 6.46712e-08
1760553930.785 77.091 0.07155860 2.33420e-08
1760553930.795 77.151 0.07161913 9.86423e-08
1760553930.805 77.210 0.07166103 5.34544e-08
1760553930.815 77.269 0.07174297 1.13597e-07
1760553930.825 77.328 0.07178487 1.09762e-07
1760553930.835 77.387 0.07184260 8.43376e-08
1760553930.845 77.446 0.07191802 1.70454e-07
1760553930.855 77.505 0.07196644 1.17003e-07
1760553930.865 77.564 0.07202603 1.73885e-07
1760553930.875 77.623 0.07208935 1.35080e-07
1760553930.885 77.682 0.07215639 1.02923e-07
1760553930.895 77.741 0.07221971 1.71377e-07
1760553930.905 77.800 0.07228582 1.33859e-07
1760553930.935 77.859 0.07246739 2.00406e-07
1760553930.964 77.917 0.07265176 1.10968e-07
1760553930.973 77.976 0.07269738 1.62019e-07
1760553930.980 78.035 0.07278025 1.00678e-07
1760553930.986 78.093 0.07282215 5.24408e-08
1760553930.995 78.152 0.07282215 7.53009e-08
1760553931.005 78.210 0.07286777 3.66865e-08
1760553931.015 78.269 0.07293109 9.39233e-08
1760553931.025 78.327 0.07297300 7.91927e-08
1760553931.035 78.385 0.07303166 9.04689e-08
1760553931.045 78.444 0.07306238 2.46528e-07
1760553931.055 78.502 0.07312663 2.86796e-07
1760553931.065 78.560 0.07319088 5.15040e-07
1760553931.075 78.618 0.07321137 7.20141e-07
1760553931.085 78.676 0.07325327 1.01658e-06
1760553931.095 78.734 0.07329703 1.51023e-06
1760553931.105 78.792 0.07332869 2.67019e-06
1760553931.115 78.850 0.07337059 3.51868e-06
1760553931.125 78.908 0.07339294 4.83463e-06
1760553931.135 78.966 0.07343205 6.52403e-06
1760553931.145 79.024 0.07347208 8.66203e-06
1760553931.155 79.082 0.07351957 1.08130e-05
1760553931.165 79.140 0.07356892 1.45211e-05
1760553931.175 79.198 0.07359220 1.70299e-05
1760553931.185 79.255 0.07365086 1.77939e-05
1760553931.195 79.313 0.07368997 2.08644e-05
1760553931.205 79.371 0.07373932 2.05519e-05
1760553931.215 79.428 0.07378588 1.88130e-05
1760553931.225 79.486 0.07382033 1.76757e-05
1760553931.235 79.543 0.07388458 1.55121e-05
1760553931.245 79.601 0.07393020 1.30286e-05
1760553931.255 79.658 0.07397304 1.04226e-05
1760553931.265 79.715 0.07404752 7.38818e-06
1760553931.275 79.773 0.07406987 4.34655e-06
1760553931.285 79.830 0.07414343 2.40176e-06
1760553931.295 79.887 0.07420303 1.63780e-06
1760553931.305 79.945 0.07426541 1.18928e-06
1760553931.315 80.002 0.07431849 8.73472e-07
1760553931.325 80.059 0.07438552 5.93272e-07
1760553931.335 80.116 0.07446281 3.12824e-07
1760553931.345 80.173 0.07451030 2.29329e-07
1760553931.355 80.230 0.07456803 9.77219e-08
1760553931.365 80.287 0.07464438 1.21712e-07
1760553931.375 80.344 0.07469094 3.52017e-08
1760553931.385 80.401 0.07474588 -6.03260e-09
1760553931.395 80.458 0.07479616 6.80905e-08
1760553931.443 80.514 0.07510343 4.21500e-08
1760553931.516 80.571 0.07550661 -1.90151e-08
1760553931.559 80.628 0.07569749 2.07908e-08
1760553931.566 80.685 0.07572078 1.74842e-08
1760553931.575 80.741 0.07572078 1.82589e-08
1760553931.585 80.798 0.07575057 1.98433e-08
1760553931.599 80.854 0.07580364 -6.34720e-09
1760553931.605 80.911 0.07582785 3.88518e-08
1760553931.615 80.967 0.07582785 5.06466e-08
1760553931.663 81.024 0.07587534 7.70392e-08
1760553931.669 81.080 0.07587162 3.42240e-08
1760553931.675 81.137 0.07588465 7.74712e-08
1760553931.685 81.193 0.07588465 2.13809e-08
1760553931.695 81.249 0.07588093 1.10916e-07
1760553931.705 81.305 0.07588372 6.34569e-08
1760553931.715 81.362 0.07589955 1.18011e-07
1760553931.725 81.418 0.07590514 7.46466e-08
1760553931.735 81.474 0.07593028 8.77609e-08
1760553931.745 81.530 0.07595635 1.62314e-07
1760553931.755 81.586 0.07596753 1.17640e-07
1760553931.765 81.642 0.07600198 1.63286e-07
1760553931.775 81.698 0.07604387 2.61820e-07
1760553931.785 81.754 0.07604387 1.85205e-07
1760553931.795 81.810 0.07607833 2.10866e-07
1760553931.805 81.866 0.07612116 1.76779e-07
1760553931.815 81.922 0.07616027 1.30944e-07
1760553931.825 81.977 0.07619845 2.09871e-07
1760553931.835 82.033 0.07625524 1.46863e-07
1760553931.845 82.089 0.07628318 2.01374e-07
1760553931.855 82.145 0.07634463 1.31825e-07
1760553931.865 82.200 0.07640050 1.71455e-07
1760553931.875 82.256 0.07644613 1.09261e-07
1760553931.885 82.311 0.07650107 9.86561e-08
1760553931.895 82.367 0.07655134 1.29916e-07
1760553931.905 82.422 0.07661000 5.23731e-08
1760553931.915 82.478 0.07666587 8.01278e-08
1760553931.925 82.533 0.07671150 2.43982e-08
1760553931.935 82.589 0.07679623 3.65429e-08
1760553931.945 82.644 0.07685583 8.68755e-08
1760553931.992 82.699 0.07713516 5.98719e-08
1760553931.999 82.755 0.07718638 -6.78020e-09
1760553932.078 82.810 0.07762588 5.77170e-08
1760553932.132 82.865 0.07782700 1.23415e-07
1760553932.144 82.920 0.07784004 2.83995e-07
1760553932.151 82.975 0.07786983 3.20068e-07
1760553932.157 83.030 0.07790428 4.59411e-07
1760553932.164 83.085 0.07790428 4.75710e-07
1760553932.174 83.140 0.07790801 5.49144e-07
1760553932.184 83.195 0.07793408 7.25783e-07
1760553932.194 83.250 0.07794339 9.70522e-07
1760553932.204 83.305 0.07794991 1.14556e-06
1760553932.214 83.360 0.07794898 1.41415e-06
1760553932.224 83.415 0.07795084 1.56011e-06
1760553932.234 83.470 0.07798622 1.80388e-06
1760553932.244 83.524 0.07796667 2.21144e-06
1760553932.254 83.579 0.07796667 2.47204e-06
1760553932.264 83.634 0.07798250 2.71808e-06
1760553932.274 83.689 0.07797319 2.98074e-06
1760553932.284 83.743 0.07800578 3.36300e-06
1760553932.294 83.798 0.07800764 3.83865e-06
1760553932.304 83.852 0.07800857 4.06845e-06
1760553932.314 83.907 0.07805140 5.10749e-06
1760553932.324 83.961 0.07806072 6.01388e-06
1760553932.334 84.016 0.07810168 6.83955e-06
1760553932.344 84.070 0.07812031 8.37206e-06
1760553932.354 84.124 0.07816686 9.88475e-06
1760553932.364 84.179 0.07820690 1.21676e-05
1760553932.374 84.233 0.07826463 1.54381e-05
1760553932.384 84.287 0.07833260 1.98059e-05
1760553932.394 84.342 0.07836799 3.66527e-05
1760553932.404 84.396 0.07843410 4.50279e-05
1760553932.414 84.450 0.07848718 4.47206e-05
1760553932.424 84.504 0.07853559 5.78557e-05
1760553932.434 84.558 0.07861660 6.78119e-05
1760553932.444 84.612 0.07866223 7.77455e-05
1760553932.454 84.666 0.07872368 8.25259e-05
1760553932.464 84.720 0.07880189 8.24231e-05
1760553932.474 84.774 0.07886335 7.67720e-05
1760553932.487 84.828 0.07898347 6.68177e-05
1760553932.494 84.882 0.07898347 6.32047e-05
1760553932.504 84.936 0.07905703 5.59136e-05
1760553932.514 84.990 0.07911103 4.29899e-05
1760553932.524 85.043 0.07917156 2.69042e-05
1760553932.534 85.097 0.07923487 1.13411e-05
1760553932.544 85.151 0.07927957 6.34906e-06
1760553932.554 85.204 0.07935126 5.26318e-06
1760553932.564 85.258 0.07941086 3.80320e-06
1760553932.574 85.312 0.07943600 2.13991e-06
1760553932.607 85.365 0.07966878 9.91837e-07
1760553932.659 85.419 0.07988946 6.65804e-08
1760553932.665 85.472 0.07993602 -4.16170e-09
1760553932.713 85.526 0.08009990 5.12720e-08
1760553932.763 85.579 0.08028706 5.66456e-08
1760553932.814 85.633 0.08040997 5.09570e-08
1760553932.863 85.686 0.08048073 5.73051e-08
1760553932.914 85.739 0.08049936 5.36611e-08
1760553932.964 85.793 0.08053008 6.17728e-08
1760553933.014 85.846 0.08056453 5.77471e-08
1760553933.020 85.899 0.08056919 1.40109e-08
1760553933.025 85.952 0.08060085 6.27493e-08
1760553933.034 86.006 0.08060085 1.26928e-08
1760553933.082 86.059 0.08065951 4.54640e-09
1760553933.088 86.112 0.08065671 1.88192e-08
1760553933.094 86.165 0.08068838 6.16837e-08
1760553933.167 86.218 0.08080104 1.65019e-08
1760553933.174 86.271 0.08080104 4.47646e-08
1760553933.184 86.324 0.08084387 5.49154e-08
1760553933.194 86.377 0.08086063 7.53070e-08
1760553933.204 86.430 0.08089229 5.96670e-09
1760553933.214 86.483 0.08090719 6.18878e-08
1760553933.224 86.535 0.08092116 2.45113e-08
1760553933.234 86.588 0.08097703 6.71880e-08
1760553933.244 86.641 0.08098354 6.28859e-08
1760553933.254 86.694 0.08100496 3.39140e-09
1760553933.264 86.747 0.08102917 6.45817e-08
1760553933.274 86.799 0.08103569 1.81015e-08
1760553933.284 86.852 0.08107666 5.61328e-08
1760553933.325 86.905 0.08122098 1.94442e-08
1760553933.340 86.957 0.08122098 1.68054e-08
1760553933.346 87.010 0.08126289 4.76523e-08
1760553933.354 87.062 0.08126289 1.49099e-08
1760553933.364 87.115 0.08129361 5.82506e-08
1760553933.374 87.167 0.08133924 1.48546e-08
1760553933.384 87.220 0.08137928 6.76673e-08
1760553933.431 87.272 0.08155153 3.86921e-08
1760553933.438 87.324 0.08158320 1.60298e-08
1760553933.445 87.377 0.08164186 5.62013e-08
1760553933.493 87.429 0.08179177 6.64312e-08
1760553933.499 87.481 0.08183088 -8.07770e-09
1760553933.548 87.534 0.08202642 4.88728e-08
1760553933.554 87.586 0.08205621 1.24832e-08
1760553933.564 87.638 0.08205621 5.45564e-08
1760553933.612 87.690 0.08220147 5.64653e-08
1760553933.662 87.742 0.08229551 6.21533e-08
1760553933.732 87.794 0.08242494 6.63080e-09
1760553933.739 87.846 0.08242401 2.29505e-08
1760553933.745 87.898 0.08245939 7.07535e-08
1760553933.794 87.950 0.08248546 7.66739e-08
1760553933.846 88.002 0.08258044 1.12484e-07
1760553933.856 88.054 0.08259906 7.87213e-08
1760553933.864 88.106 0.08259906 1.36657e-07
1760553933.874 88.158 0.08259255 8.74556e-08
1760553933.883 88.210 0.08260651 1.45806e-07
1760553933.893 88.262 0.08261582 1.09868e-07
1760553933.903 88.314 0.08266145 1.00930e-07
1760553933.913 88.365 0.08266238 1.87493e-07
1760553933.923 88.417 0.08266611 2.52900e-07
1760553933.933 88.469 0.08269032 2.60129e-07
1760553933.943 88.520 0.08268938 2.68483e-07
1760553933.953 88.572 0.08270987 2.71579e-07
1760553933.963 88.624 0.08272849 3.66753e-07
1760553933.973 88.675 0.08275828 3.61377e-07
1760553933.983 88.727 0.08277970 4.33215e-07
1760553933.993 88.778 0.08279553 4.41256e-07
1760553934.003 88.830 0.08283836 4.91539e-07
1760553934.013 88.881 0.08285699 6.23451e-07
1760553934.023 88.933 0.08288306 7.11105e-07
1760553934.033 88.984 0.08290168 8.68760e-07
1760553934.043 89.035 0.08291937 9.43488e-07
1760553934.053 89.087 0.08296686 1.07579e-06
1760553934.063 89.138 0.08300318 1.30850e-06
1760553934.073 89.189 0.08304321 1.94416e-06
1760553934.083 89.240 0.08309256 2.24179e-06
1760553934.093 89.292 0.08314098 2.40300e-06
1760553934.103 89.343 0.08317357 2.77539e-06
1760553934.113 89.394 0.08322944 3.17311e-06
1760553934.123 89.445 0.08328810 3.50056e-06
1760553934.133 89.496 0.08334770 3.90842e-06
1760553934.143 89.547 0.08338122 4.20774e-06
1760553934.153 89.598 0.08345105 4.40005e-06
1760553934.163 89.649 0.08348830 4.61145e-06
1760553934.173 89.700 0.08355162 4.49875e-06
1760553934.183 89.751 0.08360283 4.45180e-06
1760553934.193 89.802 0.08364379 4.10507e-06
1760553934.203 89.853 0.08371829 3.81451e-06
1760553934.213 89.904 0.08376298 3.39344e-06
1760553934.223 89.955 0.08381233 2.80260e-06
1760553934.233 90.006 0.08388403 2.16323e-06
1760553934.271 90.056 0.08407677 4.78945e-07
1760553934.278 90.107 0.08411681 3.85958e-07
1760553934.285 90.158 0.08415871 2.62664e-07
1760553934.293 90.209 0.08415871 2.31795e-07
1760553934.303 90.259 0.08423972 1.17456e-07
1760553934.313 90.310 0.08428628 1.37908e-07
1760553934.323 90.361 0.08434308 5.47194e-08
1760553934.333 90.411 0.08439243 7.41938e-08
1760553934.343 90.462 0.08444457 1.92282e-08
1760553934.393 90.512 0.08462614 6.29969e-08
1760553934.399 90.563 0.08468294 3.23380e-09
1760553934.447 90.613 0.08485520 6.09677e-08
1760553934.497 90.664 0.08503025 6.19200e-08
1760553934.505 90.714 0.08504608 1.22374e-08
1760553934.513 90.764 0.08504608 5.62280e-08
1760553934.579 90.815 0.08522766 6.20992e-08
1760553934.629 90.865 0.08529190 6.19197e-08
1760553934.680 90.915 0.08533846 6.53657e-08
1760553934.730 90.966 0.08542320 6.69283e-08
1760553934.737 91.016 0.08542691 2.45767e-08
1760553934.743 91.066 0.08544182 6.75000e-08
1760553934.753 91.116 0.08544182 4.36400e-10
1760553934.763 91.167 0.08544368 8.35066e-08
1760553934.837 91.217 0.08551630 3.86523e-08
1760553934.844 91.267 0.08554517 7.85102e-08
1760553934.853 91.317 0.08554517 5.48470e-09
1760553934.863 91.367 0.08556193 8.71172e-08
1760553934.911 91.417 0.08565412 6.14212e-08
1760553934.979 91.467 0.08581799 6.53409e-08
1760553935.047 91.517 0.08596511 6.08928e-08
1760553935.054 91.567 0.08597443 1.48704e-08
1760553935.063 91.617 0.08597443 6.40232e-08
1760553935.111 91.667 0.08607498 4.97840e-08
1760553935.162 91.716 0.08610385 5.33524e-08
1760553935.176 91.766 0.08610944 7.20335e-08
1760553935.183 91.816 0.08610944 3.63372e-08
1760553935.231 91.866 0.08617462 5.52829e-08
1760553935.238 91.916 0.08615320 1.34748e-08
1760553935.245 91.965 0.08616996 5.16721e-08
1760553935.253 92.015 0.08616996 -4.15630e-09
1760553935.263 92.065 0.08619976 8.12930e-08
1760553935.311 92.114 0.08627983 6.07699e-08
1760553935.318 92.164 0.08630311 -5.88600e-10
1760553935.324 92.214 0.08633012 4.61607e-08
1760553935.333 92.263 0.08633012 6.93156e-08
1760553935.343 92.313 0.08634036 2.05841e-08
1760553935.434 92.362 0.08659363 1.54120e-08
1760553935.443 92.412 0.08663366 1.00126e-07
1760553935.453 92.461 0.08663366 5.70453e-08
1760553935.463 92.511 0.08664950 1.09239e-07
1760553935.473 92.560 0.08668209 5.67769e-08
1760553935.483 92.609 0.08671933 9.58970e-08
1760553935.492 92.659 0.08675379 4.85964e-08
1760553935.503 92.708 0.08679196 9.45937e-08
1760553935.512 92.757 0.08681058 1.08404e-07
1760553935.522 92.807 0.08682827 3.83458e-08
1760553935.532 92.856 0.08684131 8.95865e-08
1760553935.542 92.905 0.08687111 4.80351e-08
1760553935.552 92.954 0.08691208 9.42871e-08
1760553935.562 93.004 0.08691394 1.08574e-07
1760553935.572 93.053 0.08692697 3.30789e-08
1760553935.582 93.102 0.08696142 8.46297e-08
1760553935.592 93.151 0.08697912 4.23775e-08
1760553935.602 93.200 0.08700519 8.73922e-08
1760553935.612 93.249 0.08700612 9.15897e-08
1760553935.622 93.298 0.08702474 2.38587e-08
1760553935.632 93.347 0.08706664 7.25006e-08
1760553935.642 93.396 0.08708713 2.83703e-08
1760553935.652 93.445 0.08712531 7.16512e-08
1760553935.662 93.494 0.08714300 8.33764e-08
1760553935.710 93.543 0.08732550 7.06206e-08
1760553935.717 93.592 0.08739440 2.05660e-09
1760553935.765 93.640 0.08765047 7.15643e-08
1760553935.773 93.689 0.08765047 2.72305e-08
1760553935.783 93.738 0.08770447 6.80113e-08
1760553935.793 93.787 0.08775289 2.67343e-08
1760553935.803 93.835 0.08781155 1.82864e-08
1760553935.813 93.884 0.08784414 9.37235e-08
1760553935.861 93.933 0.08803223 9.61077e-08
1760553935.868 93.982 0.08807693 1.38152e-08
1760553935.874 94.030 0.08810672 5.14117e-08
1760553935.882 94.079 0.08810672 8.19683e-08
1760553935.892 94.127 0.08813000 3.11805e-08
1760553935.902 94.176 0.08814583 7.51840e-08
1760553935.912 94.224 0.08816352 6.71555e-08
1760553935.922 94.273 0.08820170 7.24790e-09
1760553935.932 94.321 0.08820915 6.05965e-08
1760553935.964 94.370 0.08829015 2.21645e-08
1760553936.028 94.418 0.08840934 4.89230e-08
1760553936.078 94.467 0.08855832 4.80363e-08
1760553936.084 94.515 0.08858439 -9.18350e-09
1760553936.134 94.563 0.08875014 1.74745e-08
1760553936.184 94.612 0.08885815 2.32350e-08
1760553936.234 94.660 0.08892333 4.20348e-08
1760553936.243 94.708 0.08892333 3.92053e-08
1760553936.252 94.757 0.08894846 8.14438e-08
1760553936.262 94.805 0.08892798 1.16496e-07
1760553936.272 94.853 0.08895406 3.40652e-08
1760553936.282 94.901 0.08894753 1.08602e-07
1760553936.344 94.949 0.08900713 1.31966e-07
1760553936.352 94.998 0.08900713 8.39466e-08
1760553936.362 95.046 0.08899502 1.16915e-07
1760553936.372 95.094 0.08902389 5.98417e-08
1760553936.382 95.142 0.08905927 1.28747e-07
1760553936.392 95.190 0.08906486 1.13859e-07
1760553936.402 95.238 0.08907976 1.85557e-07
1760553936.412 95.286 0.08908721 1.88818e-07
1760553936.422 95.334 0.08912631 1.60450e-07
1760553936.432 95.382 0.08914959 2.57206e-07
1760553936.442 95.430 0.08916263 2.57496e-07
1760553936.452 95.478 0.08920639 3.52808e-07
1760553936.462 95.526 0.08921757 3.85587e-07
1760553936.472 95.573 0.08926040 3.97524e-07
1760553936.482 95.621 0.08927809 5.45214e-07
1760553936.512 95.669 0.08936189 6.21349e-07
1760553936.521 95.717 0.08940472 1.19133e-06
1760553936.527 95.765 0.08943173 1.32310e-06
1760553936.532 95.812 0.08943173 1.78850e-06
1760553936.542 95.860 0.08946804 1.78340e-06
1760553936.552 95.908 0.08951832 2.53878e-06
1760553936.562 95.955 0.08953788 3.11957e-06
1760553936.572 96.003 0.08958257 3.71660e-06
1760553936.582 96.051 0.08964216 4.58008e-06
1760553936.592 96.098 0.08967196 5.44815e-06
1760553936.602 96.146 0.08971013 6.89745e-06
1760553936.612 96.193 0.08974086 7.81697e-06
1760553936.622 96.241 0.08977811 9.30602e-06
1760553936.632 96.288 0.08982001 1.11943e-05
1760553936.642 96.336 0.08985912 1.28847e-05
1760553936.652 96.383 0.08992709 1.52159e-05
1760553936.662 96.431 0.08994851 1.80406e-05
1760553936.672 96.478 0.08999786 2.06404e-05
1760553936.682 96.525 0.09004813 2.33170e-05
1760553936.692 96.573 0.09009749 2.45308e-05
1760553936.702 96.620 0.09014311 2.49327e-05
1760553936.712 96.667 0.09017291 2.44377e-05
1760553936.722 96.715 0.09023623 2.42248e-05
1760553936.732 96.762 0.09027812 2.28253e-05
1760553936.742 96.809 0.09032096 2.32620e-05
1760553936.752 96.856 0.09037869 2.11731e-05
1760553936.762 96.904 0.09039918 1.89887e-05
1760553936.772 96.951 0.09045411 1.61209e-05
1760553936.782 96.998 0.09049973 1.33109e-05
1760553936.792 97.045 0.09055095 1.03904e-05
1760553936.802 97.092 0.09060961 8.11142e-06
1760553936.812 97.139 0.09063755 5.54350e-06
1760553936.822 97.186 0.09069434 3.94708e-06
1760553936.832 97.233 0.09073811 2.76171e-06
1760553936.842 97.280 0.09076977 1.60041e-06
1760553936.852 97.327 0.09082284 1.14229e-06
1760553936.862 97.374 0.09086288 7.59407e-07
1760553936.872 97.421 0.09092154 4.71056e-07
1760553936.882 97.468 0.09095599 3.79352e-07
1760553936.892 97.515 0.09100441 2.16554e-07
1760553936.902 97.562 0.09105190 1.54030e-07
1760553936.912 97.609 0.09107239 1.14795e-07
1760553936.922 97.656 0.09111894 1.37922e-08
1760553936.932 97.702 0.09117481 7.40423e-08
1760553936.979 97.749 0.09139363 3.77730e-08
1760553937.047 97.796 0.09168414 1.33466e-08
1760553937.056 97.843 0.09170835 1.17981e-08
1760553937.070 97.889 0.09177725 -1.15702e-08
1760553937.077 97.936 0.09179122 4.89051e-08
1760553937.083 97.983 0.09183499 3.49798e-08
1760553937.125 98.029 0.09195696 8.98260e-10
1760553937.134 98.076 0.09198210 1.86798e-08
1760553937.142 98.123 0.09198210 9.22490e-10
1760553937.157 98.169 0.09201376 -8.86340e-09
1760553937.163 98.216 0.09204262 2.95586e-08
1760553937.172 98.262 0.09204262 -2.81498e-08
1760553937.182 98.309 0.09204915 4.56034e-08
1760553937.192 98.355 0.09205939 -7.43920e-09
1760553937.202 98.402 0.09207149 3.25532e-08
1760553937.243 98.448 0.09214132 -2.96480e-09
1760553937.252 98.495 0.09214132 1.49786e-08
1760553937.262 98.541 0.09214505 -5.80233e-09
1760553937.272 98.587 0.09217299 5.57231e-09
1760553937.282 98.634 0.09219161 8.85407e-09
1760553937.292 98.680 0.09222233 -6.58053e-09
1760553937.302 98.726 0.09224003 1.04917e-08
1760553937.312 98.773 0.09225027 -7.56368e-09
1760553937.322 98.819 0.09228193 5.32300e-10
1760553937.332 98.865 0.09230428 2.43418e-09
1760553937.342 98.911 0.09235083 -1.16089e-08
1760553937.352 98.958 0.09239553 6.37279e-09
1760553937.362 99.004 0.09242905 -1.49982e-08
1760553937.372 99.050 0.09246908 -7.31987e-09
1760553937.382 99.096 0.09249702 -3.18344e-09
1760553937.391 99.142 0.09254544 -1.72827e-08
1760553937.401 99.188 0.09259014 -3.99487e-09
1760553937.415 99.235 0.09267114 8.86960e-09
1760553937.421 99.281 0.09267114 -3.03472e-08
1760553937.463 99.327 0.09286761 -3.54744e-09
1760553937.472 99.373 0.09286761 -9.76847e-09
1760553937.482 99.419 0.09288996 -2.26073e-09
1760553937.492 99.465 0.09294117 -8.92936e-09
1760553937.502 99.511 0.09298214 1.42053e-08
1760553937.512 99.557 0.09302311 -2.39345e-09
1760553937.522 99.602 0.09308363 1.81513e-08
1760553937.537 99.648 0.09316185 1.19966e-08
1760553937.544 99.694 0.09320468 8.43411e-08
1760553937.552 99.740 0.09320468 5.03529e-08
1760553937.582 99.786 0.09337043 4.47805e-08
1760553937.591 99.832 0.09339743 5.97095e-08
1760553937.602 99.877 0.09339743 1.02489e-07
1760553937.611 99.923 0.09341698 5.88526e-08
1760553937.621 99.969 0.09346354 4.18821e-08
1760553937.631 100.015 0.09349613 1.17553e-07
1760553937.641 100.060 0.09353058 6.01596e-08
1760553937.651 100.106 0.09356596 1.03920e-07
1760553937.661 100.152 0.09359762 5.96751e-08
1760553937.672 100.197 0.09362742 3.22093e-08
1760553937.682 100.243 0.09364511 1.03490e-07
1760553937.692 100.289 0.09369353 4.93537e-08
1760553937.702 100.334 0.09373077 7.96705e-08
1760553937.712 100.380 0.09375405 3.10158e-08
1760553937.722 100.425 0.09380154 1.33650e-08
1760553937.731 100.471 0.09382296 8.07584e-08
1760553937.780 100.516 0.09398125 5.51150e-08
1760553937.786 100.562 0.09401197 -5.83120e-09
1760553937.834 100.607 0.09421124 3.08871e-08
1760553937.884 100.653 0.09439002 3.00357e-08
1760553937.891 100.698 0.09439002 1.17089e-08
1760553937.902 100.743 0.09445054 5.59417e-08
1760553937.950 100.789 0.09460138 5.62751e-08
1760553937.957 100.834 0.09461442 1.91754e-08
1760553937.963 100.879 0.09465166 5.66311e-08
1760553938.011 100.925 0.09470940 6.97031e-08
1760553938.021 100.970 0.09470940 3.49882e-08
1760553938.031 101.015 0.09470195 7.47628e-08
1760553938.079 101.061 0.09475223 6.97232e-08
1760553938.086 101.106 0.09476806 -3.42110e-09
1760553938.159 101.151 0.09487234 2.85717e-08
1760553938.165 101.196 0.09489748 7.57292e-08
1760553938.213 101.241 0.09499898 7.07408e-08
1760553938.221 101.287 0.09499898 1.31764e-08
1760553938.231 101.332 0.09501574 9.85275e-08
1760553938.283 101.377 0.09514703 1.06230e-07
1760553938.292 101.422 0.09515727 7.75363e-08
1760553938.301 101.467 0.09515727 1.42897e-07
1760553938.311 101.512 0.09517496 1.16497e-07
1760553938.321 101.557 0.09520103 1.80798e-07
1760553938.331 101.602 0.09519824 1.98775e-07
1760553938.341 101.647 0.09520662 1.51689e-07
1760553938.351 101.692 0.09521500 2.44855e-07
1760553938.361 101.737 0.09523456 2.41559e-07
1760553938.371 101.782 0.09525318 3.19385e-07
1760553938.381 101.827 0.09525690 3.99822e-07
1760553938.391 101.872 0.09527646 3.72884e-07
1760553938.401 101.917 0.09528949 4.77155e-07
1760553938.411 101.961 0.09530532 6.06726e-07
1760553938.421 102.006 0.09532860 6.58582e-07
1760553938.431 102.051 0.09534350 6.87647e-07
1760553938.441 102.096 0.09536678 7.30428e-07
1760553938.451 102.141 0.09540030 1.06168e-06
1760553938.461 102.185 0.09541613 1.34031e-06
1760553938.471 102.230 0.09544592 1.55202e-06
1760553938.481 102.275 0.09545524 1.72591e-06
1760553938.491 102.319 0.09550272 2.55248e-06
1760553938.501 102.364 0.09554648 3.05586e-06
1760553938.511 102.409 0.09556977 4.02454e-06
1760553938.521 102.453 0.09562842 5.08671e-06
1760553938.531 102.498 0.09564146 6.92311e-06
1760553938.541 102.543 0.09570199 9.02751e-06
1760553938.551 102.587 0.09574668 1.16312e-05
1760553938.561 102.632 0.09578578 1.45097e-05
1760553938.571 102.676 0.09583607 1.86025e-05
1760553938.581 102.721 0.09586121 2.45893e-05
1760553938.591 102.765 0.09591149 2.77503e-05
1760553938.601 102.810 0.09596549 3.55829e-05
1760553938.611 102.854 0.09601205 4.15867e-05
1760553938.621 102.899 0.09605861 4.85833e-05
1760553938.631 102.943 0.09610516 5.64528e-05
1760553938.641 102.988 0.09616197 6.40093e-05
1760553938.651 103.032 0.09621038 7.18057e-05
1760553938.661 103.076 0.09623832 7.96965e-05
1760553938.712 103.121 0.09654093 9.60532e-05
1760553938.721 103.165 0.09654093 8.16009e-05
1760553938.731 103.209 0.09657632 7.50243e-05
1760553938.741 103.254 0.09662660 6.85388e-05
1760553938.751 103.298 0.09666664 6.07329e-05
1760553938.761 103.342 0.09670109 5.36461e-05
1760553938.771 103.386 0.09674578 4.52466e-05
1760553938.781 103.430 0.09677279 3.65183e-05
1760553938.791 103.475 0.09681097 2.74370e-05
1760553938.801 103.519 0.09683331 1.98726e-05
1760553938.811 103.563 0.09687521 1.36402e-05
1760553938.821 103.607 0.09691618 8.66667e-06
1760553938.831 103.651 0.09693853 5.31517e-06
1760553938.841 103.695 0.09698602 3.16526e-06
1760553938.851 103.739 0.09700837 1.84391e-06
1760553938.861 103.783 0.09702699 9.82947e-07
1760553938.871 103.828 0.09706889 6.20276e-07
1760553938.881 103.872 0.09708472 4.65755e-07
1760553938.891 103.916 0.09711266 1.88053e-07
1760553938.901 103.960 0.09712941 1.57898e-07
1760553938.911 104.004 0.09715642 2.20135e-07
1760553938.921 104.047 0.09719087 6.52218e-08
1760553938.931 104.091 0.09718249 8.67989e-08
1760553938.941 104.135 0.09723650 2.94147e-08
1760553938.951 104.179 0.09726070 7.80548e-08
1760553938.961 104.223 0.09727374 3.44751e-08
1760553938.971 104.267 0.09732867 6.64748e-08
1760553939.018 104.311 0.09752421 4.31443e-08
1760553939.024 104.355 0.09755308 1.14072e-08
1760553939.031 104.398 0.09755308 6.46986e-08
1760553939.040 104.442 0.09761081 -9.21910e-09
1760553939.050 104.486 0.09764805 6.23933e-08
1760553939.098 104.530 0.09786966 4.58600e-08
1760553939.148 104.573 0.09806800 4.52012e-08
1760553939.199 104.617 0.09823467 5.20158e-08
1760553939.285 104.661 0.09838272 4.31931e-08
1760553939.339 104.705 0.09840693 4.84050e-09
1760553939.346 104.748 0.09839389 6.83476e-08
1760553939.352 104.792 0.09839110 3.47887e-08
1760553939.360 104.835 0.09839110 1.37507e-08
1760553939.370 104.879 0.09840041 5.84021e-08
1760553939.419 104.923 0.09840786 1.88386e-08
1760553939.468 104.966 0.09844604 4.90340e-08
1760553939.519 105.010 0.09854660 3.77185e-08
1760553939.525 105.053 0.09855219 1.03830e-08
1760553939.531 105.097 0.09858478 5.05690e-08
1760553939.597 105.140 0.09870862 5.78387e-08
1760553939.647 105.184 0.09877566 5.83420e-08
1760553939.654 105.227 0.09879149 -6.63910e-09
1760553939.702 105.271 0.09885573 4.40652e-08
1760553939.752 105.314 0.09888460 4.14855e-08
1760553939.761 105.357 0.09888460 2.06957e-08
1760553939.771 105.401 0.09891440 6.03143e-08
1760553939.845 105.444 0.09898889 6.12994e-08
1760553939.852 105.488 0.09900379 5.03380e-08
1760553939.860 105.531 0.09900379 1.28274e-08
1760553939.870 105.574 0.09902520 5.01708e-08
1760553939.912 105.617 0.09910156 1.80304e-08
1760553939.927 105.661 0.09911087 2.54700e-10
1760553939.934 105.704 0.09913880 4.39466e-08
1760553939.940 105.747 0.09913694 4.85670e-09
1760553939.950 105.790 0.09913694 5.20320e-08
1760553939.960 105.834 0.09913973 4.70200e-10
1760553939.970 105.877 0.09916580 3.89701e-08
1760553939.980 105.920 0.09918070 -1.19448e-08
1760553939.990 105.963 0.09920118 -4.49110e-09
1760553940.030 106.006 0.09928219 4.70600e-10
1760553940.040 106.049 0.09928219 -2.46898e-09
1760553940.050 106.093 0.09929616 -9.08671e-09
1760553940.060 106.136 0.09932131 -1.97979e-08
1760553940.070 106.179 0.09935017 -7.24871e-09
1760553940.083 106.222 0.09940324 -3.06010e-09
1760553940.090 106.265 0.09940324 -5.72871e-08
1760553940.100 106.308 0.09942652 5.84800e-09
1760553940.110 106.351 0.09945446 -5.67511e-08
1760553940.158 106.394 0.09962299 -4.50723e-08
1760553940.208 106.437 0.09977104 -4.33126e-08
1760553940.251 106.480 0.09994144 -4.35691e-09
1760553940.260 106.523 0.09994144 -2.06118e-08
1760553940.270 106.566 0.09997589 -5.09410e-10
1760553940.280 106.608 0.09998147 -2.08524e-08
1760553940.290 106.651 0.10001966 -5.08471e-09
1760553940.300 106.694 0.10004014 2.88090e-10
1760553940.310 106.737 0.10008390 -8.70816e-09
1760553940.320 106.780 0.10009973 8.48264e-09
1760553940.330 106.823 0.10008763 -9.13647e-09
1760553940.340 106.865 0.10012301 1.20030e-08
1760553940.350 106.908 0.10014629 7.95078e-09
1760553940.397 106.951 0.10018539 -1.79030e-10
1760553940.403 106.994 0.10021240 1.59446e-08
1760553940.410 107.036 0.10021240 1.35491e-09
1760553940.420 107.079 0.10022823 2.06119e-08
1760553940.430 107.122 0.10023661 2.51550e-09
1760553940.444 107.165 0.10026175 4.89640e-09
1760553940.450 107.207 0.10029155 4.09982e-08
1760553940.460 107.250 0.10029155 -2.12280e-09
1760553940.470 107.292 0.10032786 3.59501e-08
1760553940.512 107.335 0.10045357 9.20053e-09
1760553940.526 107.378 0.10047498 -5.29430e-09
1760553940.533 107.420 0.10052712 3.83918e-08
1760553940.540 107.463 0.10052712 -1.63200e-08
1760553940.589 107.505 0.10071149 -1.81298e-08
1760553940.596 107.548 0.10073570 4.96133e-08
1760553940.602 107.590 0.10076456 3.88746e-08
1760553940.660 107.633 0.10095544 7.23310e-09
1760553940.675 107.675 0.10098896 -2.38350e-09
1760553940.681 107.718 0.10103366 3.72599e-08
1760553940.690 107.760 0.10103366 -2.70908e-08
1760553940.700 107.803 0.10104017 5.19886e-08
1760553940.710 107.845 0.10107836 -1.67117e-08
1760553940.720 107.887 0.10108581 2.85689e-08
1760553940.778 107.930 0.10117333 6.56586e-09
1760553940.793 107.972 0.10123013 -1.22649e-08
1760553940.800 108.014 0.10123013 2.76789e-08
1760553940.809 108.057 0.10124409 -1.77444e-08
1760553940.819 108.099 0.10125992 3.17745e-08
1760553940.861 108.141 0.10136608 1.27325e-08
1760553940.876 108.184 0.10138004 2.62790e-09
1760553940.882 108.226 0.10140518 3.89976e-08
1760553940.890 108.268 0.10140518 -1.22880e-08
1760553940.974 108.310 0.10159420 4.91290e-08
1760553940.983 108.352 0.10162493 7.61261e-08
1760553940.990 108.395 0.10162493 2.73672e-08
1760553941.000 108.437 0.10163145 1.06477e-07
1760553941.009 108.479 0.10167521 5.47902e-08
1760553941.019 108.521 0.10168918 1.01509e-07
1760553941.029 108.563 0.10171711 6.45936e-08
1760553941.039 108.605 0.10174690 1.17428e-07
1760553941.049 108.647 0.10175995 1.20836e-07
1760553941.059 108.690 0.10178881 7.02153e-08
1760553941.069 108.732 0.10180930 1.31142e-07
1760553941.079 108.774 0.10183350 9.21681e-08
1760553941.089 108.816 0.10184282 1.46004e-07
1760553941.099 108.858 0.10184933 1.31302e-07
1760553941.109 108.900 0.10188006 9.64064e-08
1760553941.119 108.942 0.10189682 1.61369e-07
1760553941.129 108.984 0.10191079 1.26010e-07
1760553941.139 109.025 0.10195456 1.79171e-07
1760553941.149 109.067 0.10195549 1.76332e-07
1760553941.159 109.109 0.10197411 1.31294e-07
1760553941.169 109.151 0.10199739 2.01318e-07
1760553941.179 109.193 0.10202625 1.75038e-07
1760553941.189 109.235 0.10206256 2.02661e-07
1760553941.199 109.277 0.10207374 1.96486e-07
1760553941.209 109.319 0.10209981 1.49167e-07
1760553941.219 109.360 0.10213146 2.19575e-07
1760553941.229 109.402 0.10218827 1.82854e-07
1760553941.239 109.444 0.10223669 1.39139e-07
1760553941.251 109.486 0.10231211 2.00651e-07
1760553941.259 109.528 0.10231211 1.59197e-07
1760553941.269 109.569 0.10234097 2.00986e-07
1760553941.279 109.611 0.10236145 1.53384e-07
1760553941.289 109.653 0.10241359 1.81424e-07
1760553941.299 109.694 0.10245737 1.56852e-07
1760553941.309 109.736 0.10251789 9.69736e-08
1760553941.319 109.778 0.10254675 1.43521e-07
1760553941.329 109.819 0.10258399 9.37847e-08
1760553941.339 109.861 0.10266035 1.22627e-07
1760553941.349 109.903 0.10268177 9.33220e-08
1760553941.359 109.944 0.10275067 3.27430e-08
1760553941.369 109.986 0.10277953 8.07303e-08
1760553941.379 110.027 0.10280467 3.41272e-08
