1760470634.123 33.800 0.03279269 4.17457e-08
1760470634.171 33.935 0.03276941 5.78835e-08
1760470634.221 34.070 0.03274148 5.76359e-08
1760470634.270 34.204 0.03276662 5.75944e-08
1760470634.338 34.337 0.03287742 5.44901e-08
1760470634.388 34.470 0.03299661 5.49439e-08
1760470634.438 34.602 0.03314466 5.37157e-08
1760470634.489 34.734 0.03322287 5.41387e-08
1760470634.538 34.866 0.03335603 5.38899e-08
1760470634.591 34.997 0.03347428 1.80111e-07
1760470634.599 35.127 0.03346962 3.74794e-07
1760470634.605 35.257 0.03347707 4.26879e-07
1760470634.614 35.386 0.03347707 5.07429e-07
1760470634.624 35.515 0.03349290 7.43889e-07
1760470634.677 35.644 0.03364281 5.53107e-06
1760470634.684 35.772 0.03364281 7.16110e-06
1760470634.694 35.899 0.03364468 8.85928e-06
1760470634.704 36.026 0.03366237 1.27420e-05
1760470634.714 36.153 0.03368751 1.69366e-05
1760470634.725 36.279 0.03376200 2.32973e-05
1760470634.734 36.405 0.03376200 2.66059e-05
1760470634.744 36.530 0.03378993 3.03833e-05
1760470634.754 36.655 0.03383556 3.21872e-05
1760470634.764 36.780 0.03387932 3.00019e-05
1760470634.774 36.904 0.03396126 2.59646e-05
1760470634.784 37.028 0.03400968 1.89814e-05
1760470634.794 37.151 0.03406834 9.83041e-06
1760470634.804 37.274 0.03410931 3.74418e-06
1760470634.814 37.396 0.03417263 7.96953e-07
1760470634.824 37.518 0.03425643 4.22772e-07
1760470634.834 37.640 0.03432999 1.45495e-07
1760470634.844 37.761 0.03440634 2.68586e-08
1760470634.854 37.882 0.03453205 7.85287e-08
1760470634.902 38.002 0.03499110 4.85716e-08
1760470634.970 38.123 0.03585891 7.59660e-08
1760470635.020 38.242 0.03640735 6.32040e-08
1760470635.070 38.362 0.03675466 5.73967e-08
1760470635.121 38.481 0.03689340 5.68659e-08
1760470635.170 38.599 0.03681798 5.75647e-08
1760470635.251 38.718 0.03675001 6.94508e-08
1760470635.258 38.835 0.03674256 -4.90450e-09
1760470635.307 38.953 0.03681147 -5.70320e-09
1760470635.358 39.070 0.03690923 -8.74350e-09
1760470635.416 39.187 0.03712339 6.97187e-08
1760470635.424 39.303 0.03712339 1.70000e-08
1760470635.472 39.420 0.03728541 5.24620e-08
1760470635.527 39.535 0.03742788 1.55095e-08
1760470635.534 39.651 0.03742601 7.96211e-08
1760470635.544 39.766 0.03742601 1.55841e-08
1760470635.554 39.881 0.03747257 6.70550e-08
1760470635.602 39.995 0.03759827 4.52446e-08
1760470635.652 40.109 0.03775843 4.59051e-08
1760470635.703 40.223 0.03790182 4.46188e-08
1760470635.753 40.337 0.03808246 4.42431e-08
1760470635.846 40.450 0.03842605 7.88230e-09
1760470635.854 40.563 0.03842605 4.34446e-08
1760470635.902 40.675 0.03853220 4.90755e-08
1760470635.908 40.787 0.03856386 -1.03936e-08
1760470635.957 40.899 0.03855920 3.61988e-08
1760470636.007 41.011 0.03865790 3.30241e-08
1760470636.013 41.122 0.03865418 8.72310e-09
1760470636.023 41.233 0.03865418 4.74940e-08
1760470636.033 41.344 0.03867746 1.31311e-08
1760470636.043 41.454 0.03872029 4.93693e-08
1760470636.091 41.565 0.03887206 -6.37610e-09
1760470636.141 41.674 0.03900708 -1.16851e-08
1760470636.191 41.784 0.03929480 -6.86570e-09
1760470636.241 41.893 0.03950896 -7.32910e-09
1760470636.291 42.002 0.03978551 -8.58130e-09
1760470636.341 42.111 0.03990562 -9.67170e-09
1760470636.420 42.219 0.04002946 4.29199e-08
1760470636.471 42.327 0.04003226 5.32554e-08
1760470636.520 42.435 0.04007602 4.54559e-08
1760470636.570 42.543 0.04016913 4.51320e-08
1760470636.620 42.650 0.04027621 4.71567e-08
1760470636.670 42.757 0.04036374 4.77941e-08
1760470636.721 42.864 0.04046058 5.62349e-08
1760470636.771 42.971 0.04058070 5.56234e-08
1760470636.821 43.077 0.04067381 5.43381e-08
1760470636.871 43.183 0.04075389 5.50533e-08
1760470636.921 43.289 0.04086842 5.54460e-08
1760470636.972 43.394 0.04095129 6.44930e-08
1760470637.038 43.499 0.04105278 5.76795e-08
1760470637.088 43.604 0.04118128 5.76293e-08
1760470637.156 43.709 0.04130512 5.46150e-08
1760470637.206 43.813 0.04139823 5.37271e-08
1760470637.257 43.918 0.04148762 5.25660e-08
1760470637.306 44.022 0.04153231 5.23865e-08
1760470637.357 44.125 0.04163660 5.25377e-08
1760470637.407 44.229 0.04175206 5.14076e-08
1760470637.457 44.332 0.04181259 5.09098e-08
1760470637.545 44.435 0.04200626 1.24760e-08
1760470637.553 44.538 0.04200626 6.97844e-08
1760470637.563 44.640 0.04199695 -9.82990e-09
1760470637.573 44.743 0.04202209 5.25156e-08
1760470637.622 44.845 0.04214314 5.86589e-08
1760470637.690 44.947 0.04225394 4.99257e-08
1760470637.740 45.048 0.04240199 4.95736e-08
1760470637.790 45.149 0.04254353 5.04085e-08
1760470637.840 45.251 0.04271020 4.85812e-08
1760470637.890 45.352 0.04284056 4.93165e-08
1760470637.940 45.452 0.04291412 4.81273e-08
1760470637.991 45.553 0.04298768 4.78951e-08
1760470638.040 45.653 0.04303423 4.81405e-08
1760470638.115 45.753 0.04317670 1.03767e-08
1760470638.122 45.853 0.04317670 5.70720e-08
1760470638.170 45.952 0.04327354 4.53567e-08
1760470638.238 46.052 0.04342438 5.75784e-08
1760470638.288 46.151 0.04347838 5.95243e-08
1760470638.338 46.250 0.04363109 5.87025e-08
1760470638.388 46.349 0.04372327 6.01553e-08
1760470638.439 46.447 0.04378845 6.07294e-08
1760470638.489 46.545 0.04387133 5.99828e-08
1760470638.542 46.644 0.04399610 -1.00855e-08
1760470638.593 46.741 0.04409200 -9.38740e-09
1760470638.602 46.839 0.04410038 7.18614e-08
1760470638.612 46.937 0.04410038 4.58320e-09
1760470638.622 47.034 0.04411063 7.04243e-08
1760470638.711 47.131 0.04428847 3.28300e-10
1760470638.718 47.228 0.04430523 7.42118e-08
1760470638.726 47.325 0.04433689 -5.57830e-09
1760470638.774 47.421 0.04446073 4.45971e-08
1760470638.825 47.517 0.04462927 4.83273e-08
1760470638.832 47.614 0.04462927 1.71775e-08
1760470638.842 47.709 0.04468048 5.76227e-08
1760470638.891 47.805 0.04487229 5.46141e-08
1760470638.940 47.901 0.04500358 5.45542e-08
1760470638.947 47.996 0.04504735 8.32650e-09
1760470638.953 48.091 0.04509763 5.11366e-08
1760470638.961 48.186 0.04509763 -1.04346e-08
1760470638.971 48.281 0.04511346 7.80120e-08
1760470639.019 48.376 0.04524475 7.05708e-08
1760470639.026 48.470 0.04526244 -1.32090e-09
1760470639.075 48.564 0.04542353 4.40264e-08
1760470639.082 48.658 0.04542353 1.53631e-08
1760470639.092 48.752 0.04543004 5.44290e-08
1760470639.140 48.846 0.04566190 5.94965e-08
1760470639.147 48.939 0.04568703 1.30869e-08
1760470639.236 49.033 0.04610325 5.97348e-08
1760470639.243 49.126 0.04615912 -8.27740e-09
1760470639.291 49.219 0.04630531 2.47291e-08
1760470639.342 49.311 0.04644312 9.99060e-09
1760470639.385 49.404 0.04653530 1.94541e-08
1760470639.399 49.497 0.04656416 -2.75120e-09
1760470639.405 49.589 0.04657999 4.36524e-08
1760470639.411 49.681 0.04657999 -7.74780e-09
1760470639.421 49.773 0.04658744 5.63360e-08
1760470639.470 49.865 0.04665542 4.96002e-08
1760470639.479 49.956 0.04665728 1.50470e-08
1760470639.488 50.048 0.04668987 5.01759e-08
1760470639.536 50.139 0.04678112 6.17192e-08
1760470639.543 50.230 0.04682302 -1.30081e-08
1760470639.591 50.321 0.04696269 4.89420e-08
1760470639.598 50.412 0.04700831 1.17537e-08
1760470639.605 50.502 0.04706977 4.76820e-08
1760470639.653 50.593 0.04732583 5.97829e-08
1760470639.662 50.683 0.04732583 -8.73950e-09
1760470639.671 50.773 0.04739194 7.23013e-08
1760470639.719 50.863 0.04761355 1.16039e-07
1760470639.726 50.953 0.04762566 1.35076e-07
1760470639.735 51.042 0.04768804 4.36258e-07
1760470639.767 51.132 0.04777929 6.45193e-07
1760470639.791 51.221 0.04791152 1.82278e-05
1760470639.801 51.310 0.04791152 2.98532e-05
1760470639.811 51.399 0.04797670 3.87349e-05
1760470639.821 51.488 0.04800463 5.09521e-05
1760470639.831 51.577 0.04802884 6.03218e-05
1760470639.841 51.666 0.04808191 7.05039e-05
1760470639.851 51.754 0.04812661 7.68403e-05
1760470639.861 51.842 0.04814895 7.93579e-05
1760470639.871 51.930 0.04816851 7.63942e-05
1760470639.881 52.018 0.04820482 6.82929e-05
1760470639.891 52.106 0.04823834 5.82797e-05
1760470639.901 52.194 0.04823928 4.68027e-05
1760470639.911 52.281 0.04827373 3.58358e-05
1760470639.921 52.369 0.04835008 2.44449e-05
1760470639.931 52.456 0.04840967 1.39215e-05
1760470639.941 52.543 0.04846740 8.18916e-06
1760470639.951 52.630 0.04852420 3.65468e-06
1760470639.961 52.717 0.04855027 1.37244e-06
1760470639.971 52.803 0.04857076 7.83583e-07
1760470639.981 52.890 0.04861173 3.38266e-07
1760470639.991 52.976 0.04867598 2.06347e-07
1760470640.001 53.062 0.04877095 8.62285e-08
1760470640.011 53.148 0.04882775 8.63946e-08
1760470640.021 53.234 0.04888548 5.77431e-08
1760470640.031 53.320 0.04897580 1.92002e-08
1760470640.041 53.406 0.04909499 7.80614e-08
1760470640.051 53.491 0.04915179 3.25862e-08
1760470640.061 53.577 0.04925980 7.67865e-08
1760470640.071 53.662 0.04934267 5.42565e-08
1760470640.081 53.747 0.04942833 1.23856e-08
1760470640.091 53.832 0.04952238 8.04307e-08
1760470640.101 53.917 0.04961922 3.49509e-08
1760470640.111 54.002 0.04968998 7.88469e-08
1760470640.121 54.086 0.04979986 4.76829e-08
1760470640.131 54.171 0.04994884 1.47193e-08
1760470640.141 54.255 0.05001122 6.53287e-08
1760470640.151 54.339 0.05009223 1.68466e-08
1760470640.161 54.423 0.05018162 7.07237e-08
1760470640.171 54.507 0.05031477 7.97519e-08
1760470640.181 54.591 0.05036971 5.05912e-08
1760470640.191 54.675 0.05044513 1.29544e-07
1760470640.201 54.758 0.05051683 9.01058e-08
1760470640.211 54.842 0.05065929 1.29096e-07
1760470640.221 54.925 0.05071609 1.16730e-07
1760470640.231 55.008 0.05078686 3.52634e-08
1760470640.241 55.091 0.05087625 7.98074e-08
1760470640.251 55.174 0.05094329 3.68210e-08
1760470640.261 55.257 0.05101033 8.94966e-08
1760470640.271 55.340 0.05110437 1.16821e-07
1760470640.281 55.422 0.05117607 6.21815e-07
1760470640.291 55.505 0.05123008 2.00066e-06
1760470640.343 55.587 0.05165933 1.90511e-04
1760470640.351 55.669 0.05165933 2.03100e-04
1760470640.361 55.751 0.05172731 1.89441e-04
1760470640.371 55.833 0.05178876 1.40953e-04
1760470640.381 55.915 0.05187442 8.24839e-05
1760470640.391 55.997 0.05193681 4.03400e-05
1760470640.401 56.078 0.05203551 1.82452e-05
1760470640.411 56.160 0.05210721 1.53604e-05
1760470640.421 56.241 0.05215842 1.67642e-05
1760470640.431 56.322 0.05221801 1.89278e-05
1760470640.441 56.403 0.05232044 1.82555e-05
1760470640.451 56.484 0.05237165 1.48274e-05
1760470640.461 56.565 0.05243310 9.61020e-06
1760470640.471 56.646 0.05247501 5.39128e-06
1760470640.481 56.727 0.05252342 2.31626e-06
1760470640.491 56.807 0.05258581 1.19944e-06
1760470640.501 56.888 0.05263050 1.09782e-06
1760470640.511 56.968 0.05266216 1.61030e-06
1760470640.521 57.048 0.05272548 3.07098e-06
1760470640.531 57.128 0.05277204 4.03185e-06
1760470640.541 57.208 0.05285025 5.47327e-06
1760470640.551 57.288 0.05290239 6.37190e-06
1760470640.561 57.368 0.05291636 6.70864e-06
1760470640.571 57.447 0.05295454 5.93593e-06
1760470640.581 57.527 0.05301134 4.67707e-06
1760470640.591 57.606 0.05309142 3.13478e-06
1760470640.601 57.686 0.05317522 1.40103e-06
1760470640.611 57.765 0.05325530 7.65125e-07
1760470640.621 57.844 0.05332978 4.02970e-07
1760470640.631 57.923 0.05336517 2.33458e-07
1760470640.641 58.002 0.05345363 2.45996e-07
1760470640.651 58.080 0.05355046 2.06317e-07
1760470640.661 58.159 0.05362496 2.06860e-07
1760470640.671 58.238 0.05368455 2.78897e-07
1760470640.681 58.316 0.05377859 2.91347e-07
1760470640.691 58.394 0.05385774 5.23998e-07
1760470640.701 58.473 0.05392292 7.41489e-07
1760470640.711 58.551 0.05400113 1.04827e-06
1760470640.720 58.629 0.05409425 1.13950e-06
1760470640.730 58.707 0.05417339 1.06847e-06
1760470640.740 58.785 0.05425720 9.78111e-07
1760470640.750 58.862 0.05433541 7.32746e-07
1760470640.760 58.940 0.05443970 6.05331e-07
1760470640.770 59.017 0.05448346 4.73047e-07
1760470640.780 59.095 0.05459241 3.28871e-07
1760470640.790 59.172 0.05469856 4.00799e-07
1760470640.800 59.249 0.05474139 4.54339e-07
1760470640.810 59.326 0.05480564 5.88467e-07
1760470640.820 59.403 0.05490806 5.78322e-07
1760470640.830 59.480 0.05499372 4.65753e-07
1760470640.840 59.557 0.05507287 4.58475e-07
1760470640.850 59.634 0.05511011 3.43312e-07
1760470640.893 59.710 0.05548257 1.20949e-06
1760470640.906 59.787 0.05554030 3.21619e-05
1760470640.913 59.863 0.05561572 6.03866e-05
1760470640.920 59.940 0.05561572 1.07061e-04
1760470640.930 60.016 0.05568556 1.79936e-04
1760470640.940 60.092 0.05578333 2.75912e-04
1760470640.950 60.168 0.05586154 3.13161e-04
1760470640.960 60.244 0.05589879 3.13384e-04
1760470640.970 60.320 0.05596024 2.43044e-04
1760470640.980 60.396 0.05602915 1.60494e-04
1760470640.990 60.471 0.05607104 8.79885e-05
1760470641.000 60.547 0.05611947 3.73266e-05
1760470641.010 60.622 0.05620326 1.25997e-05
1760470641.020 60.698 0.05626565 8.49858e-06
1760470641.030 60.773 0.05630848 5.57586e-06
1760470641.040 60.848 0.05637832 3.54485e-06
1760470641.050 60.923 0.05642301 1.93588e-06
1760470641.060 60.998 0.05646305 7.87150e-07
1760470641.070 61.073 0.05649099 3.13197e-07
1760470641.080 61.148 0.05654313 1.36223e-07
1760470641.090 61.222 0.05660738 2.33302e-07
1760470641.100 61.297 0.05668001 2.76596e-07
1760470641.110 61.372 0.05669863 6.10829e-07
1760470641.120 61.446 0.05677685 1.07627e-06
1760470641.130 61.520 0.05685878 1.91845e-06
1760470641.140 61.595 0.05690348 4.13736e-06
1760470641.150 61.669 0.05693514 6.65977e-06
1760470641.160 61.743 0.05700684 1.23852e-05
1760470641.170 61.817 0.05708412 1.92089e-05
1760470641.180 61.891 0.05715675 2.64790e-05
1760470641.190 61.965 0.05723962 2.89391e-05
1760470641.200 62.038 0.05730293 2.76314e-05
1760470641.210 62.112 0.05734484 2.39567e-05
1760470641.220 62.186 0.05739791 1.50303e-05
1760470641.230 62.259 0.05749568 8.59980e-06
1760470641.240 62.332 0.05758321 3.71776e-06
1760470641.250 62.406 0.05766143 2.26684e-06
1760470641.260 62.479 0.05772939 1.69760e-06
1760470641.270 62.552 0.05779551 1.40701e-06
1760470641.280 62.625 0.05788397 1.13654e-06
1760470641.290 62.698 0.05798360 9.68025e-07
1760470641.300 62.771 0.05804971 6.65040e-07
1760470641.310 62.844 0.05811396 4.82938e-07
1760470641.320 62.916 0.05819962 3.23910e-07
1760470641.330 62.989 0.05826573 2.99632e-07
1760470641.340 63.062 0.05831788 4.06138e-07
1760470641.350 63.134 0.05841471 4.07825e-07
1760470641.360 63.206 0.05850503 4.75596e-07
1760470641.370 63.279 0.05857114 4.22061e-07
1760470641.380 63.351 0.05862980 3.45796e-07
1760470641.390 63.423 0.05873688 3.85246e-07
1760470641.400 63.495 0.05878251 4.05856e-07
1760470641.447 63.567 0.05910282 8.68723e-06
1760470641.454 63.639 0.05915776 1.12484e-05
1760470641.460 63.711 0.05915776 1.23278e-05
1760470641.470 63.782 0.05923877 1.30762e-05
1760470641.480 63.854 0.05929091 1.24445e-05
1760470641.490 63.926 0.05939054 1.07081e-05
1760470641.500 63.997 0.05945758 7.43450e-06
1760470641.510 64.068 0.05950693 3.99778e-06
1760470641.520 64.140 0.05955349 1.32700e-06
1760470641.530 64.211 0.05960284 7.77281e-07
1760470641.540 64.282 0.05964660 6.79637e-07
1760470641.550 64.353 0.05971364 6.36591e-07
1760470641.560 64.424 0.05978627 7.38263e-07
1760470641.570 64.495 0.05982538 7.98989e-07
1760470641.580 64.566 0.05989149 8.47202e-07
1760470641.590 64.637 0.05995015 9.51037e-07
1760470641.600 64.707 0.05998926 8.46943e-07
1760470641.610 64.778 0.06001347 7.89381e-07
1760470641.620 64.849 0.06003675 6.45505e-07
1760470641.630 64.919 0.06009727 5.08898e-07
1760470641.640 64.989 0.06016524 4.86301e-07
1760470641.650 65.060 0.06026115 3.87049e-07
1760470641.660 65.130 0.06028443 4.14411e-07
1760470641.670 65.200 0.06030212 3.68265e-07
1760470641.680 65.270 0.06036823 3.67446e-07
1760470641.690 65.340 0.06043807 5.29975e-07
1760470641.700 65.410 0.06049766 6.91843e-07
1760470641.710 65.480 0.06055166 1.32606e-06
1760470641.720 65.550 0.06062616 2.86524e-06
1760470641.730 65.619 0.06067085 4.44616e-06
1760470641.740 65.689 0.06073416 8.61547e-06
1760470641.750 65.759 0.06079935 1.61224e-05
1760470641.760 65.828 0.06089153 4.02941e-05
1760470641.770 65.897 0.06093622 6.57740e-05
1760470641.780 65.967 0.06099768 1.05896e-04
1760470641.790 66.036 0.06108427 1.41264e-04
1760470641.800 66.105 0.06117831 1.58193e-04
1760470641.810 66.174 0.06124536 1.54602e-04
1760470641.820 66.243 0.06126491 1.30160e-04
1760470641.830 66.312 0.06134406 9.03175e-05
1760470641.840 66.381 0.06143810 4.74608e-05
1760470641.850 66.450 0.06153494 1.89336e-05
1760470641.860 66.519 0.06161875 7.12894e-06
1760470641.870 66.588 0.06166716 4.41038e-06
1760470641.880 66.656 0.06172955 2.55705e-06
1760470641.890 66.725 0.06179845 1.31499e-06
1760470641.900 66.793 0.06185339 7.16317e-07
1760470641.910 66.862 0.06195768 3.74186e-07
1760470641.920 66.930 0.06204893 1.73283e-07
1760470641.930 66.998 0.06208711 1.64920e-07
1760470641.940 67.066 0.06216905 2.32717e-07
1760470641.950 67.135 0.06223981 2.39200e-07
1760470641.995 67.203 0.06254150 5.24314e-07
1760470642.005 67.271 0.06262903 5.28981e-07
1760470642.026 67.339 0.06273797 2.73219e-07
1760470642.032 67.406 0.06276776 2.11759e-07
1760470642.040 67.474 0.06276776 2.25135e-07
1760470642.050 67.542 0.06284412 1.79487e-07
1760470642.060 67.610 0.06290836 2.12519e-07
1760470642.072 67.677 0.06302848 2.71102e-07
1760470642.080 67.745 0.06302848 2.29235e-07
1760470642.090 67.812 0.06310390 3.52104e-07
1760470642.100 67.879 0.06311321 3.79126e-07
1760470642.110 67.947 0.06315698 5.25616e-07
1760470642.120 68.014 0.06320819 5.56862e-07
1760470642.130 68.081 0.06326685 6.05993e-07
1760470642.140 68.148 0.06328268 6.65829e-07
1760470642.150 68.215 0.06331806 6.31207e-07
1760470642.160 68.282 0.06337579 7.30156e-07
1760470642.170 68.349 0.06342049 8.37911e-07
1760470642.180 68.416 0.06345960 1.08509e-06
1760470642.190 68.483 0.06349964 1.53077e-06
1760470642.200 68.550 0.06354061 2.04522e-06
1760470642.210 68.616 0.06360392 3.80572e-06
1760470642.220 68.683 0.06363931 5.21335e-06
1760470642.230 68.749 0.06371379 7.39896e-06
1760470642.240 68.816 0.06373801 1.07084e-05
1760470642.250 68.882 0.06377246 1.39661e-05
1760470642.260 68.949 0.06382274 1.64953e-05
1760470642.270 69.015 0.06388419 1.75413e-05
1760470642.280 69.081 0.06394565 1.74689e-05
1760470642.290 69.147 0.06399686 1.61883e-05
1760470642.300 69.213 0.06406763 1.43550e-05
1760470642.310 69.279 0.06416167 1.18046e-05
1760470642.320 69.345 0.06420916 8.10191e-06
1760470642.330 69.411 0.06426037 4.49037e-06
1760470642.340 69.477 0.06431345 2.35477e-06
1760470642.350 69.543 0.06438328 1.38480e-06
1760470642.360 69.608 0.06447453 9.90516e-07
1760470642.370 69.674 0.06454437 6.02102e-07
1760470642.380 69.740 0.06460396 4.51310e-07
1760470642.390 69.805 0.06469335 4.33746e-07
1760470642.400 69.871 0.06476784 3.62377e-07
1760470642.410 69.936 0.06485816 4.42410e-07
1760470642.420 70.001 0.06491403 4.48463e-07
1760470642.430 70.067 0.06496059 5.05764e-07
1760470642.440 70.132 0.06503600 5.49565e-07
1760470642.450 70.197 0.06512353 4.68614e-07
1760470642.459 70.262 0.06517009 4.76178e-07
1760470642.469 70.327 0.06523154 3.68709e-07
1760470642.479 70.392 0.06532745 3.42222e-07
1760470642.489 70.457 0.06539449 3.54716e-07
1760470642.499 70.522 0.06545874 2.56132e-07
1760470642.542 70.587 0.06573622 3.77092e-07
1760470642.550 70.651 0.06573622 3.20411e-07
1760470642.560 70.716 0.06577998 3.35527e-07
1760470642.570 70.781 0.06586006 2.34845e-07
1760470642.580 70.845 0.06593362 1.29592e-07
1760470642.590 70.910 0.06598576 1.23523e-07
1760470642.600 70.974 0.06602487 6.03844e-08
1760470642.610 71.039 0.06607329 1.17313e-07
1760470642.620 71.103 0.06613009 8.89325e-08
1760470642.630 71.167 0.06616920 1.16079e-07
1760470642.639 71.231 0.06623158 1.66731e-07
1760470642.649 71.296 0.06630514 9.20434e-08
1760470642.659 71.360 0.06631818 1.49743e-07
1760470642.670 71.424 0.06644295 1.13126e-07
1760470642.679 71.488 0.06644295 1.34301e-07
1760470642.689 71.552 0.06647182 1.70342e-07
1760470642.699 71.615 0.06650441 1.17309e-07
1760470642.709 71.679 0.06654444 1.77157e-07
1760470642.719 71.743 0.06661800 1.49667e-07
1760470642.729 71.807 0.06666270 1.74583e-07
1760470642.739 71.870 0.06669250 2.75182e-07
1760470642.749 71.934 0.06673440 2.18669e-07
1760470642.759 71.997 0.06679865 2.90629e-07
1760470642.769 72.061 0.06684893 2.62756e-07
1760470642.779 72.124 0.06688431 3.15426e-07
1760470642.789 72.188 0.06694763 3.33246e-07
1760470642.799 72.251 0.06698021 2.37821e-07
1760470642.809 72.314 0.06699791 2.67211e-07
1760470642.819 72.377 0.06710499 1.97902e-07
1760470642.829 72.440 0.06715806 2.31704e-07
1760470642.839 72.504 0.06719996 2.01854e-07
1760470642.849 72.567 0.06726328 1.33876e-07
1760470642.859 72.630 0.06733777 1.76520e-07
1760470642.869 72.692 0.06739643 1.38072e-07
1760470642.879 72.755 0.06743554 2.05388e-07
1760470642.889 72.818 0.06749141 3.17460e-07
1760470642.899 72.881 0.06758173 4.45724e-07
1760470642.909 72.944 0.06764411 8.46377e-07
1760470642.919 73.006 0.06768416 1.43111e-06
1760470642.929 73.069 0.06777633 2.84435e-06
1760470642.939 73.131 0.06785921 4.65567e-06
1760470642.949 73.194 0.06789832 8.08431e-06
1760470642.959 73.256 0.06795418 1.47980e-05
1760470642.969 73.319 0.06802961 3.31431e-05
1760470642.979 73.381 0.06808733 5.12521e-05
1760470642.989 73.443 0.06817765 8.15143e-05
1760470642.999 73.505 0.06823817 1.18125e-04
1760470643.009 73.568 0.06828753 1.49407e-04
1760470643.019 73.630 0.06837599 1.63699e-04
1760470643.029 73.692 0.06844116 1.62042e-04
1760470643.039 73.754 0.06850262 1.46336e-04
1760470643.049 73.816 0.06853428 1.22217e-04
1760470643.093 73.878 0.06882572 3.63635e-05
1760470643.101 73.940 0.06887135 9.78492e-06
1760470643.110 74.001 0.06887135 7.57772e-06
1760470643.120 74.063 0.06894305 4.68207e-06
1760470643.130 74.125 0.06900077 2.29399e-06
1760470643.176 74.186 0.06927732 9.26838e-08
1760470643.183 74.248 0.06933040 5.30744e-08
1760470643.190 74.310 0.06936764 8.49444e-08
1760470643.200 74.371 0.06945238 4.68044e-08
1760470643.209 74.432 0.06945238 8.06263e-08
1760470643.219 74.494 0.06948217 3.81320e-08
1760470643.229 74.555 0.06949428 8.98843e-08
1760470643.239 74.617 0.06952873 8.14103e-08
1760470643.249 74.678 0.06958460 2.32943e-08
1760470643.259 74.739 0.06964978 8.41135e-08
1760470643.269 74.800 0.06965722 4.23063e-08
1760470643.279 74.861 0.06969168 8.79851e-08
1760470643.289 74.922 0.06973823 7.49421e-08
1760470643.299 74.983 0.06978759 2.50564e-08
1760470643.309 75.044 0.06981738 8.76460e-08
1760470643.319 75.105 0.06983600 3.91728e-08
1760470643.329 75.166 0.06987604 8.74822e-08
1760470643.339 75.227 0.06988163 6.57102e-08
1760470643.349 75.287 0.06994681 1.66494e-08
1760470643.359 75.348 0.06998871 8.15869e-08
1760470643.369 75.409 0.06999523 3.34249e-08
1760470643.379 75.469 0.07005110 8.24564e-08
1760470643.389 75.530 0.07008648 6.79379e-08
1760470643.399 75.590 0.07011442 2.14582e-08
1760470643.409 75.651 0.07017307 9.32594e-08
1760470643.419 75.711 0.07020939 4.90772e-08
1760470643.429 75.772 0.07026340 1.00627e-07
1760470643.439 75.832 0.07035279 6.72777e-08
1760470643.449 75.892 0.07038910 1.17708e-08
1760470643.459 75.952 0.07044124 6.23562e-08
1760470643.525 76.013 0.07089098 1.25106e-07
1760470643.531 76.073 0.07095616 1.00154e-07
1760470643.539 76.133 0.07095616 1.66437e-07
1760470643.549 76.193 0.07102693 1.16914e-07
1760470643.559 76.253 0.07110049 2.15723e-07
1760470643.569 76.313 0.07117684 1.77590e-07
1760470643.579 76.373 0.07124760 2.51450e-07
1760470643.589 76.432 0.07129137 2.63117e-07
1760470643.599 76.492 0.07135562 1.98562e-07
1760470643.643 76.552 0.07156978 2.27426e-07
1760470643.651 76.612 0.07161633 1.43773e-07
1760470643.659 76.671 0.07161633 1.62785e-07
1760470643.669 76.731 0.07162378 1.09131e-07
1760470643.679 76.790 0.07166196 1.49579e-07
1760470643.689 76.850 0.07169734 1.23421e-07
1760470643.699 76.909 0.07174855 9.14502e-08
1760470643.709 76.969 0.07175041 1.65386e-07
1760470643.719 77.028 0.07177463 1.27641e-07
1760470643.729 77.087 0.07181932 1.89566e-07
1760470643.739 77.147 0.07185191 1.54867e-07
1760470643.749 77.206 0.07189288 1.30434e-07
1760470643.759 77.265 0.07190871 2.15386e-07
1760470643.769 77.324 0.07192361 1.65456e-07
1760470643.779 77.383 0.07196271 1.43738e-07
1760470643.789 77.442 0.07203255 2.47510e-07
1760470643.801 77.501 0.07207817 2.59998e-07
1760470643.809 77.560 0.07207817 2.78772e-07
1760470643.819 77.619 0.07210797 2.40969e-07
1760470643.829 77.678 0.07212846 3.15708e-07
1760470643.839 77.737 0.07218898 3.07207e-07
1760470643.849 77.796 0.07225695 3.01313e-07
1760470643.859 77.855 0.07229420 3.79254e-07
1760470643.869 77.913 0.07234821 3.67336e-07
1760470643.879 77.972 0.07239010 4.16912e-07
1760470643.889 78.031 0.07245249 3.89291e-07
1760470643.899 78.089 0.07250650 3.18446e-07
1760470643.909 78.148 0.07253816 3.59322e-07
1760470643.919 78.206 0.07260520 2.96130e-07
1760470643.929 78.265 0.07262941 2.98905e-07
1760470643.939 78.323 0.07271042 2.06792e-07
1760470643.949 78.381 0.07282774 1.42386e-07
1760470643.959 78.440 0.07285661 1.69388e-07
1760470643.969 78.498 0.07289664 1.06880e-07
1760470643.979 78.556 0.07294785 1.57437e-07
1760470643.989 78.614 0.07304749 1.50791e-07
1760470643.999 78.672 0.07309963 2.53191e-07
1760470644.009 78.730 0.07317319 3.66438e-07
1760470644.019 78.788 0.07324209 5.23036e-07
1760470644.029 78.846 0.07331100 9.03365e-07
1760470644.039 78.904 0.07335755 1.49387e-06
1760470644.049 78.962 0.07338176 2.81878e-06
1760470644.059 79.020 0.07341249 4.42911e-06
1760470644.069 79.078 0.07350840 7.19277e-06
1760470644.079 79.136 0.07362759 1.03388e-05
1760470644.089 79.194 0.07368252 1.39887e-05
1760470644.099 79.251 0.07371045 1.78265e-05
1760470644.109 79.309 0.07376539 2.07821e-05
1760470644.119 79.367 0.07382219 2.18050e-05
1760470644.129 79.424 0.07386502 2.11556e-05
1760470644.139 79.482 0.07392648 1.93400e-05
1760470644.149 79.539 0.07398048 1.65618e-05
1760470644.194 79.597 0.07423841 6.97392e-06
1760470644.209 79.654 0.07432687 2.09671e-06
1760470644.219 79.711 0.07432687 1.60612e-06
1760470644.228 79.769 0.07439763 1.30111e-06
1760470644.239 79.826 0.07444978 9.12801e-07
1760470644.249 79.883 0.07448609 6.03099e-07
1760470644.259 79.940 0.07453730 4.64138e-07
1760470644.268 79.998 0.07458479 2.59423e-07
1760470644.278 80.055 0.07460527 1.98541e-07
1760470644.288 80.112 0.07465090 1.56724e-07
1760470644.299 80.169 0.07473377 5.76549e-08
1760470644.308 80.226 0.07478778 1.28515e-07
1760470644.318 80.283 0.07481198 6.80650e-08
1760470644.328 80.340 0.07482223 1.12651e-07
1760470644.338 80.397 0.07490975 5.25475e-08
1760470644.348 80.454 0.07492931 3.34025e-08
1760470644.358 80.510 0.07497587 9.58016e-08
1760470644.406 80.567 0.07515185 5.58169e-08
1760470644.456 80.624 0.07538929 4.26322e-08
1760470644.499 80.680 0.07559879 9.91159e-09
1760470644.513 80.737 0.07561741 -2.03678e-08
1760470644.518 80.794 0.07561741 1.50657e-08
1760470644.528 80.850 0.07567049 4.43663e-08
1760470644.570 80.907 0.07583158 6.40795e-09
1760470644.584 80.963 0.07586976 4.40240e-09
1760470644.591 81.020 0.07587348 5.84933e-08
1760470644.599 81.076 0.07587348 1.70147e-08
1760470644.608 81.132 0.07590607 8.95102e-08
1760470644.618 81.189 0.07590793 5.93157e-08
1760470644.628 81.245 0.07595077 1.26379e-07
1760470644.638 81.301 0.07596473 9.22930e-08
1760470644.648 81.358 0.07597404 1.05473e-07
1760470644.658 81.414 0.07598801 1.90240e-07
1760470644.668 81.470 0.07600477 1.49074e-07
1760470644.678 81.526 0.07602339 2.06395e-07
1760470644.688 81.582 0.07604574 1.70812e-07
1760470644.698 81.638 0.07607926 1.92847e-07
1760470644.745 81.694 0.07618541 1.97049e-07
1760470644.751 81.750 0.07621241 2.24425e-07
1760470644.758 81.806 0.07621241 2.76143e-07
1760470644.768 81.862 0.07624035 2.26387e-07
1760470644.778 81.918 0.07629342 2.58718e-07
1760470644.788 81.973 0.07632508 1.95938e-07
1760470644.798 82.029 0.07639119 1.63224e-07
1760470644.808 82.085 0.07644426 2.34416e-07
1760470644.818 82.140 0.07645264 1.62888e-07
1760470644.828 82.196 0.07650200 1.82275e-07
1760470644.838 82.252 0.07658580 1.12813e-07
1760470644.848 82.307 0.07663235 1.03142e-07
1760470644.858 82.363 0.07667519 1.35111e-07
1760470644.868 82.418 0.07674502 6.31927e-08
1760470644.878 82.474 0.07676737 9.70983e-08
1760470644.888 82.529 0.07681672 4.96762e-08
1760470644.898 82.584 0.07691169 5.58617e-08
1760470644.908 82.640 0.07697781 1.00400e-07
1760470644.956 82.695 0.07719569 7.71920e-08
1760470644.963 82.750 0.07723573 5.61240e-09
1760470644.969 82.806 0.07725900 4.58013e-08
1760470644.978 82.861 0.07725900 7.31599e-08
1760470644.988 82.916 0.07732977 2.94626e-08
1760470644.998 82.971 0.07737819 3.70593e-08
1760470645.008 83.026 0.07741544 8.52589e-08
1760470645.076 83.081 0.07770782 1.26793e-07
1760470645.084 83.136 0.07775996 1.34735e-07
1760470645.093 83.191 0.07781303 2.54480e-07
1760470645.098 83.246 0.07783352 2.83884e-07
1760470645.108 83.301 0.07783352 4.29347e-07
1760470645.118 83.356 0.07789683 5.49403e-07
1760470645.128 83.411 0.07793874 8.38119e-07
1760470645.138 83.465 0.07794991 1.11687e-06
1760470645.148 83.520 0.07798064 1.46763e-06
1760470645.158 83.575 0.07805047 1.98425e-06
1760470645.168 83.630 0.07803836 2.56340e-06
1760470645.178 83.684 0.07805513 3.23152e-06
1760470645.188 83.739 0.07808120 3.99004e-06
1760470645.198 83.793 0.07813613 5.16848e-06
1760470645.208 83.848 0.07818176 6.69891e-06
1760470645.218 83.902 0.07820783 8.75243e-06
1760470645.228 83.957 0.07820038 1.12389e-05
1760470645.238 84.011 0.07824321 1.51989e-05
1760470645.248 84.066 0.07828326 2.05705e-05
1760470645.297 84.120 0.07846482 7.52938e-05
1760470645.303 84.174 0.07847227 8.34080e-05
1760470645.309 84.229 0.07852256 9.07168e-05
1760470645.318 84.283 0.07852256 9.96991e-05
1760470645.328 84.337 0.07859053 1.11205e-04
1760470645.338 84.391 0.07863522 1.28519e-04
1760470645.348 84.446 0.07868364 1.42973e-04
1760470645.358 84.500 0.07871717 1.57041e-04
1760470645.368 84.554 0.07876744 1.63442e-04
1760470645.378 84.608 0.07880841 1.63490e-04
1760470645.388 84.662 0.07882797 1.54657e-04
1760470645.398 84.716 0.07891364 1.41633e-04
1760470645.408 84.770 0.07899743 1.27710e-04
1760470645.418 84.824 0.07902350 1.10768e-04
1760470645.428 84.878 0.07909055 9.25644e-05
1760470645.438 84.931 0.07915107 7.42780e-05
1760470645.448 84.985 0.07918832 5.48327e-05
1760470645.458 85.039 0.07924511 3.72298e-05
1760470645.468 85.093 0.07928050 2.48735e-05
1760470645.478 85.146 0.07930285 1.57260e-05
1760470645.488 85.200 0.07935313 1.18781e-05
1760470645.498 85.254 0.07938851 8.98102e-06
1760470645.508 85.307 0.07946021 6.90304e-06
1760470645.518 85.361 0.07949280 5.27767e-06
1760470645.528 85.414 0.07952818 3.91413e-06
1760470645.538 85.468 0.07955611 2.68966e-06
1760470645.548 85.521 0.07959056 1.87128e-06
1760470645.558 85.575 0.07964457 1.13398e-06
1760470645.568 85.628 0.07967995 7.10654e-07
1760470645.578 85.682 0.07974234 4.67843e-07
1760470645.588 85.735 0.07982801 2.63436e-07
1760470645.598 85.788 0.07986153 1.74173e-07
1760470645.608 85.842 0.07992857 9.31344e-08
1760470645.656 85.895 0.08016694 6.65709e-08
1760470645.662 85.948 0.08021256 2.79650e-09
1760470645.728 86.001 0.08051518 5.03948e-08
1760470645.734 86.054 0.08055988 1.23606e-08
1760470645.740 86.107 0.08062226 4.81691e-08
1760470645.788 86.160 0.08083084 7.80898e-08
1760470645.798 86.214 0.08083084 3.60628e-08
1760470645.828 86.267 0.08090253 8.21985e-08
1760470645.851 86.319 0.08094444 3.33189e-08
1760470645.858 86.372 0.08094630 7.48302e-08
1760470645.906 86.425 0.08101986 7.01367e-08
1760470645.913 86.478 0.08101427 3.07950e-09
1760470645.921 86.531 0.08104593 4.45119e-08
1760470645.928 86.584 0.08104593 6.04436e-08
1760470645.938 86.637 0.08105524 1.78976e-08
1760470645.948 86.689 0.08106455 5.33874e-08
1760470645.995 86.742 0.08117350 -1.69653e-08
1760470646.039 86.795 0.08125637 9.50645e-09
1760470646.048 86.847 0.08125637 9.26052e-09
1760470646.057 86.900 0.08126754 -8.75520e-10
1760470646.067 86.953 0.08130385 -3.12314e-09
1760470646.077 87.005 0.08135321 8.18362e-09
1760470646.087 87.058 0.08136997 -5.26649e-09
1760470646.097 87.110 0.08141373 2.05840e-08
1760470646.107 87.163 0.08145190 6.84254e-09
1760470646.117 87.215 0.08147425 1.23613e-08
1760470646.131 87.268 0.08152826 7.65400e-09
1760470646.137 87.320 0.08152826 6.27165e-08
1760470646.147 87.372 0.08158133 4.72209e-08
1760470646.195 87.425 0.08172287 1.04837e-08
1760470646.245 87.477 0.08184391 1.55798e-08
1760470646.295 87.529 0.08202642 1.13335e-08
1760470646.345 87.581 0.08222288 1.48038e-08
1760470646.420 87.633 0.08237187 8.31960e-08
1760470646.429 87.686 0.08240352 3.39019e-08
1760470646.437 87.738 0.08240352 4.42456e-08
1760470646.447 87.790 0.08240352 9.08076e-08
1760470646.457 87.842 0.08241563 9.59469e-08
1760470646.467 87.894 0.08240911 3.56207e-08
1760470646.477 87.946 0.08237094 1.01814e-07
1760470646.487 87.998 0.08239235 6.17181e-08
1760470646.497 88.050 0.08241935 1.14019e-07
1760470646.507 88.102 0.08241097 1.01027e-07
1760470646.517 88.154 0.08239235 5.70155e-08
1760470646.527 88.205 0.08238025 1.25661e-07
1760470646.537 88.257 0.08240259 9.25460e-08
1760470646.547 88.309 0.08245474 1.38473e-07
1760470646.557 88.361 0.08243611 1.23795e-07
1760470646.567 88.412 0.08242401 8.06810e-08
1760470646.577 88.464 0.08243611 1.53304e-07
1760470646.587 88.516 0.08248081 1.21396e-07
1760470646.597 88.567 0.08249478 1.76601e-07
1760470646.607 88.619 0.08251340 1.66885e-07
1760470646.617 88.671 0.08252643 1.40434e-07
1760470646.627 88.722 0.08255250 2.44450e-07
1760470646.637 88.774 0.08264003 2.14270e-07
1760470646.647 88.825 0.08268938 2.91272e-07
1760470646.657 88.877 0.08274246 3.53792e-07
1760470646.667 88.928 0.08275922 3.76877e-07
1760470646.677 88.979 0.08281974 5.60148e-07
1760470646.687 89.031 0.08287747 7.33053e-07
1760470646.697 89.082 0.08293613 1.08406e-06
1760470646.707 89.133 0.08298548 1.61718e-06
1760470646.717 89.185 0.08304135 2.52756e-06
1760470646.727 89.236 0.08310373 3.41074e-06
1760470646.737 89.287 0.08316426 4.47024e-06
1760470646.747 89.338 0.08322106 5.81493e-06
1760470646.757 89.390 0.08324527 7.15771e-06
1760470646.767 89.441 0.08332628 8.62072e-06
1760470646.777 89.492 0.08340729 1.03878e-05
1760470646.787 89.543 0.08345291 1.19937e-05
1760470646.797 89.594 0.08353764 1.34546e-05
1760470646.807 89.645 0.08360283 1.44820e-05
1760470646.817 89.696 0.08363541 1.47684e-05
1760470646.827 89.747 0.08367173 1.44019e-05
1760470646.837 89.798 0.08370804 1.34820e-05
1760470646.847 89.849 0.08377881 1.23539e-05
1760470646.857 89.899 0.08382537 1.09441e-05
1760470646.867 89.950 0.08386354 9.17151e-06
1760470646.877 90.001 0.08392034 7.58353e-06
1760470646.887 90.052 0.08399111 5.78493e-06
1760470646.897 90.103 0.08403022 4.20771e-06
1760470646.907 90.153 0.08409074 3.04148e-06
1760470646.917 90.204 0.08412799 2.06084e-06
1760470646.950 90.255 0.08428348 1.44103e-06
1760470646.960 90.305 0.08434215 6.36825e-07
1760470646.967 90.356 0.08434215 5.30701e-07
1760470646.977 90.407 0.08434494 4.68234e-07
1760470646.987 90.457 0.08439801 3.43040e-07
1760470646.997 90.508 0.08444923 3.23949e-07
1760470647.007 90.558 0.08450230 2.38992e-07
1760470647.017 90.609 0.08456562 1.45816e-07
1760470647.027 90.659 0.08458890 1.64370e-07
1760470647.037 90.709 0.08460379 1.03690e-07
1760470647.047 90.760 0.08465035 1.15145e-07
1760470647.057 90.810 0.08470715 5.79072e-08
1760470647.067 90.860 0.08474439 1.49565e-08
1760470647.077 90.911 0.08478444 8.56921e-08
1760470647.125 90.961 0.08498091 6.61629e-08
1760470647.175 91.011 0.08520159 6.62915e-08
1760470647.225 91.062 0.08540643 7.66845e-08
1760470647.275 91.112 0.08553772 8.03621e-08
1760470647.328 91.162 0.08567181 8.20090e-08
1760470647.337 91.212 0.08568391 7.97208e-08
1760470647.347 91.262 0.08568391 9.05265e-08
1760470647.357 91.312 0.08568857 6.69680e-08
1760470647.367 91.362 0.08567832 2.43666e-08
1760470647.377 91.412 0.08568484 8.18797e-08
1760470647.387 91.462 0.08570998 4.03096e-08
1760470647.397 91.512 0.08569695 9.07718e-08
1760470647.407 91.562 0.08569508 4.49589e-08
1760470647.417 91.612 0.08570440 2.30924e-08
1760470647.427 91.662 0.08571836 9.98023e-08
1760470647.437 91.712 0.08573047 5.26357e-08
1760470647.447 91.762 0.08571650 8.80380e-08
1760470647.457 91.811 0.08571557 4.08569e-08
1760470647.508 91.861 0.08578820 9.53109e-08
1760470647.517 91.911 0.08578820 1.75583e-08
1760470647.527 91.961 0.08585151 8.70909e-08
1760470647.537 92.010 0.08588876 3.82508e-08
1760470647.547 92.060 0.08590273 7.45109e-08
1760470647.557 92.110 0.08595394 3.96829e-08
1760470647.567 92.159 0.08601633 9.22220e-09
1760470647.577 92.209 0.08605450 6.35826e-08
1760470647.625 92.258 0.08629101 7.26677e-08
1760470647.678 92.308 0.08651448 9.36600e-08
1760470647.687 92.358 0.08651448 7.89761e-08
1760470647.697 92.407 0.08656290 1.23504e-07
1760470647.707 92.456 0.08662156 9.01055e-08
1760470647.717 92.506 0.08664671 8.76897e-08
1760470647.727 92.555 0.08667371 1.65857e-07
1760470647.737 92.605 0.08673143 1.27317e-07
1760470647.747 92.654 0.08671188 1.75418e-07
1760470647.757 92.703 0.08673702 1.39573e-07
1760470647.767 92.753 0.08679196 1.33457e-07
1760470647.777 92.802 0.08681896 2.02256e-07
1760470647.787 92.851 0.08678731 1.55937e-07
1760470647.797 92.900 0.08681058 2.08703e-07
1760470647.806 92.950 0.08686273 1.65359e-07
1760470647.816 92.999 0.08690277 1.59325e-07
1760470647.826 93.048 0.08688601 2.14620e-07
1760470647.836 93.097 0.08687483 1.57629e-07
1760470647.846 93.146 0.08691301 2.07355e-07
1760470647.856 93.195 0.08694001 1.59580e-07
1760470647.866 93.244 0.08696422 1.52268e-07
1760470647.876 93.293 0.08700147 2.07461e-07
1760470647.886 93.342 0.08702567 1.42933e-07
1760470647.896 93.391 0.08705175 1.81024e-07
1760470647.906 93.440 0.08705081 1.29670e-07
1760470647.916 93.489 0.08708061 1.17841e-07
1760470647.926 93.538 0.08712903 1.71857e-07
1760470647.936 93.587 0.08718303 1.08370e-07
1760470647.946 93.636 0.08723425 1.38771e-07
1760470647.956 93.684 0.08726218 8.23792e-08
1760470647.966 93.733 0.08734599 6.77987e-08
1760470647.976 93.782 0.08737299 1.19149e-07
1760470647.986 93.831 0.08740837 4.88558e-08
1760470647.996 93.879 0.08749776 9.12221e-08
1760470648.006 93.928 0.08753314 3.88569e-08
1760470648.037 93.977 0.08776779 4.01150e-08
1760470648.062 94.025 0.08784880 5.38405e-08
1760470648.070 94.074 0.08792329 3.55349e-08
1760470648.076 94.123 0.08792329 8.52425e-08
1760470648.124 94.171 0.08819332 7.93187e-08
1760470648.131 94.220 0.08818959 1.89349e-08
1760470648.136 94.268 0.08818959 3.99371e-08
1760470648.146 94.317 0.08823056 7.87123e-08
1760470648.156 94.365 0.08830226 3.16857e-08
1760470648.166 94.414 0.08833951 4.02461e-08
1760470648.176 94.462 0.08838047 8.63998e-08
1760470648.224 94.510 0.08856112 6.46378e-08
1760470648.231 94.559 0.08857043 4.08010e-09
1760470648.279 94.607 0.08869799 3.88376e-08
1760470648.287 94.655 0.08869799 1.95106e-08
1760470648.296 94.704 0.08869985 7.15146e-08
1760470648.307 94.752 0.08870823 2.39845e-08
1760470648.317 94.800 0.08869799 5.88940e-09
1760470648.327 94.848 0.08870544 8.05568e-08
1760470648.375 94.896 0.08887305 6.99428e-08
1760470648.428 94.945 0.08899782 9.86530e-08
1760470648.437 94.993 0.08901830 6.72632e-08
1760470648.446 95.041 0.08901830 1.16814e-07
1760470648.456 95.089 0.08903785 7.36995e-08
1760470648.466 95.137 0.08904996 1.01798e-07
1760470648.476 95.185 0.08909745 1.48860e-07
1760470648.486 95.233 0.08912911 9.97822e-08
1760470648.496 95.281 0.08912724 1.54302e-07
1760470648.506 95.329 0.08916169 1.29905e-07
1760470648.516 95.377 0.08915797 1.68690e-07
1760470648.526 95.425 0.08919615 2.41453e-07
1760470648.536 95.473 0.08921850 1.96882e-07
1760470648.546 95.521 0.08925202 2.78303e-07
1760470648.556 95.569 0.08930137 2.76503e-07
1760470648.586 95.616 0.08938890 3.51183e-07
1760470648.597 95.664 0.08938517 6.90764e-07
1760470648.606 95.712 0.08938517 8.75713e-07
1760470648.616 95.760 0.08942521 1.07895e-06
1760470648.626 95.807 0.08948294 1.40636e-06
1760470648.636 95.855 0.08948480 1.76239e-06
1760470648.646 95.903 0.08949411 2.39761e-06
1760470648.656 95.950 0.08952857 2.69115e-06
1760470648.666 95.998 0.08957140 3.46363e-06
1760470648.676 96.046 0.08961982 4.39847e-06
1760470648.686 96.093 0.08964961 5.21626e-06
1760470648.696 96.141 0.08967754 6.31083e-06
1760470648.706 96.188 0.08973155 7.34065e-06
1760470648.716 96.236 0.08978090 8.57482e-06
1760470648.726 96.283 0.08984143 1.01973e-05
1760470648.736 96.331 0.08990567 1.14117e-05
1760470648.746 96.378 0.08992150 1.27947e-05
1760470648.756 96.426 0.08998761 1.42519e-05
1760470648.766 96.473 0.09002486 1.56921e-05
1760470648.776 96.520 0.09004720 1.74627e-05
1760470648.786 96.568 0.09009469 1.82822e-05
1760470648.796 96.615 0.09014032 1.96074e-05
1760470648.806 96.662 0.09017850 2.04165e-05
1760470648.816 96.710 0.09020829 2.08373e-05
1760470648.826 96.757 0.09024367 2.09947e-05
1760470648.836 96.804 0.09032003 2.06747e-05
1760470648.846 96.851 0.09035541 1.96889e-05
1760470648.856 96.899 0.09038800 1.83114e-05
1760470648.866 96.946 0.09043176 1.67913e-05
1760470648.876 96.993 0.09050160 1.53047e-05
1760470648.886 97.040 0.09052488 1.33702e-05
1760470648.896 97.087 0.09055747 1.15413e-05
1760470648.906 97.134 0.09062079 9.43397e-06
1760470648.916 97.181 0.09069341 7.67005e-06
1760470648.926 97.228 0.09072414 6.04772e-06
1760470648.936 97.275 0.09075580 4.54310e-06
1760470648.946 97.322 0.09081911 3.40731e-06
1760470648.956 97.369 0.09086847 2.16974e-06
1760470648.966 97.416 0.09089268 1.44028e-06
1760470648.976 97.463 0.09092619 1.26008e-06
1760470648.986 97.510 0.09098206 1.02542e-06
1760470648.996 97.557 0.09105656 9.26715e-07
1760470649.006 97.604 0.09109753 7.37534e-07
1760470649.016 97.651 0.09111242 5.85075e-07
1760470649.026 97.697 0.09118040 5.97233e-07
1760470649.036 97.744 0.09121485 4.27015e-07
1760470649.046 97.791 0.09124185 3.90490e-07
1760470649.056 97.838 0.09126979 2.84850e-07
1760470649.066 97.884 0.09131541 2.66491e-07
1760470649.076 97.931 0.09138432 2.06462e-07
1760470649.086 97.978 0.09143366 1.21773e-07
1760470649.096 98.024 0.09147649 1.39787e-07
1760470649.145 98.071 0.09169531 7.33746e-08
1760470649.186 98.118 0.09189737 7.69476e-09
1760470649.201 98.164 0.09193275 -5.39650e-09
1760470649.207 98.211 0.09199979 4.26682e-08
1760470649.216 98.257 0.09199979 -3.11383e-08
1760470649.257 98.304 0.09216181 1.17632e-08
1760470649.266 98.350 0.09216181 1.31857e-08
1760470649.276 98.397 0.09220464 4.65206e-09
1760470649.286 98.443 0.09222047 -1.69788e-09
1760470649.296 98.490 0.09225492 1.21982e-08
1760470649.306 98.536 0.09227821 -1.00604e-08
1760470649.316 98.582 0.09228565 1.17523e-08
1760470649.326 98.629 0.09230707 -4.71502e-09
1760470649.336 98.675 0.09232197 -3.56175e-09
1760470649.346 98.721 0.09236014 2.47669e-09
1760470649.356 98.768 0.09236107 -1.49512e-08
1760470649.366 98.814 0.09239460 4.23900e-09
1760470649.376 98.860 0.09242439 -1.59207e-08
1760470649.386 98.906 0.09243650 -1.45966e-08
1760470649.396 98.953 0.09245326 -6.12110e-09
1760470649.409 98.999 0.09247374 4.77110e-09
1760470649.416 99.045 0.09247374 -5.68738e-08
1760470649.426 99.091 0.09248957 3.78290e-09
1760470649.436 99.137 0.09253240 -5.47464e-08
1760470649.446 99.183 0.09256406 -7.20020e-09
1760470649.456 99.229 0.09254265 -3.99662e-08
1760470649.503 99.276 0.09274656 -4.95677e-08
1760470649.554 99.322 0.09298587 -4.14886e-08
1760470649.597 99.368 0.09317209 1.92838e-09
1760470649.606 99.414 0.09317209 -1.13805e-08
1760470649.616 99.460 0.09322703 1.62824e-08
1760470649.626 99.505 0.09330804 5.15929e-09
1760470649.636 99.551 0.09333970 1.69249e-08
1760470649.674 99.597 0.09344026 1.32407e-08
1760470649.697 99.643 0.09348589 2.17963e-08
1760470649.706 99.689 0.09348589 3.96155e-08
1760470649.716 99.735 0.09351382 5.33582e-08
1760470649.726 99.781 0.09349334 1.00668e-07
1760470649.736 99.827 0.09349985 4.89601e-08
1760470649.746 99.872 0.09352872 7.73183e-08
1760470649.756 99.918 0.09352779 4.09251e-08
1760470649.766 99.964 0.09354268 5.78873e-08
1760470649.776 100.010 0.09354268 1.03476e-07
1760470649.786 100.055 0.09355386 4.26431e-08
1760470649.796 100.101 0.09358273 8.15149e-08
1760470649.806 100.147 0.09360600 4.10550e-08
1760470649.816 100.192 0.09362928 8.12001e-08
1760470649.825 100.238 0.09363021 9.56223e-08
1760470649.836 100.283 0.09363673 2.20010e-08
1760470649.846 100.329 0.09365628 7.58482e-08
1760470649.856 100.375 0.09367770 3.81608e-08
1760470649.866 100.420 0.09370843 5.30007e-08
1760470649.876 100.466 0.09373450 8.94242e-08
1760470649.925 100.511 0.09392259 7.52115e-08
1760470649.932 100.557 0.09394680 5.03460e-09
1760470649.938 100.602 0.09401290 4.76639e-08
1760470649.945 100.647 0.09401290 6.49438e-08
1760470649.955 100.693 0.09407250 2.14054e-08
1760470649.965 100.738 0.09412371 6.65958e-08
1760470650.013 100.784 0.09432856 4.21819e-08
1760470650.063 100.829 0.09452503 4.04146e-08
1760470650.113 100.874 0.09473454 4.00131e-08
1760470650.164 100.920 0.09480624 3.71173e-08
1760470650.230 100.965 0.09489748 4.92444e-08
1760470650.237 101.010 0.09489655 3.62963e-08
1760470650.246 101.055 0.09489655 8.42680e-08
1760470650.256 101.101 0.09485838 3.43595e-08
1760470650.265 101.146 0.09486955 8.26358e-08
1760470650.275 101.191 0.09486955 5.64466e-08
1760470650.285 101.236 0.09487979 2.87492e-08
1760470650.295 101.281 0.09489748 1.00440e-07
1760470650.305 101.326 0.09488817 6.13004e-08
1760470650.315 101.372 0.09488445 1.03607e-07
1760470650.325 101.417 0.09488165 6.80201e-08
1760470650.335 101.462 0.09487514 5.19771e-08
1760470650.345 101.507 0.09491145 1.17925e-07
1760470650.355 101.552 0.09494125 7.93550e-08
1760470650.365 101.597 0.09494311 1.22764e-07
1760470650.375 101.642 0.09495708 8.96947e-08
1760470650.385 101.687 0.09496639 7.01317e-08
1760470650.395 101.732 0.09498594 1.53846e-07
1760470650.405 101.777 0.09500549 1.15942e-07
1760470650.415 101.822 0.09503995 1.69335e-07
1760470650.425 101.866 0.09504833 1.42987e-07
1760470650.435 101.911 0.09509023 1.44285e-07
1760470650.445 101.956 0.09511909 2.49978e-07
1760470650.455 102.001 0.09516938 2.32555e-07
1760470650.465 102.046 0.09519824 3.14808e-07
1760470650.475 102.091 0.09523176 3.37768e-07
1760470650.485 102.135 0.09529229 4.09848e-07
1760470650.495 102.180 0.09537143 6.45972e-07
1760470650.505 102.225 0.09542637 8.53399e-07
1760470650.515 102.270 0.09540309 1.36639e-06
1760470650.525 102.314 0.09548131 1.98275e-06
1760470650.535 102.359 0.09552321 3.73148e-06
1760470650.545 102.404 0.09556977 5.38410e-06
1760470650.555 102.448 0.09559863 7.94919e-06
1760470650.565 102.493 0.09566287 1.19399e-05
1760470650.575 102.537 0.09572061 1.64702e-05
1760470650.585 102.582 0.09577647 2.45363e-05
1760470650.595 102.627 0.09583514 2.89113e-05
1760470650.605 102.671 0.09588169 3.58086e-05
1760470650.615 102.716 0.09593104 4.39533e-05
1760470650.625 102.760 0.09597015 5.16506e-05
1760470650.635 102.805 0.09603347 6.09513e-05
1760470650.645 102.849 0.09606606 6.97846e-05
1760470650.655 102.893 0.09608654 7.85568e-05
1760470650.665 102.938 0.09612100 8.70783e-05
1760470650.675 102.982 0.09617128 9.64500e-05
1760470650.686 103.027 0.09628581 1.07695e-04
1760470650.695 103.071 0.09628581 1.11879e-04
1760470650.705 103.115 0.09634726 1.16770e-04
1760470650.715 103.160 0.09636682 1.21700e-04
1760470650.725 103.204 0.09640871 1.24428e-04
1760470650.735 103.248 0.09646552 1.25421e-04
1760470650.783 103.293 0.09662194 1.15522e-04
1760470650.789 103.337 0.09666384 9.64558e-05
1760470650.796 103.381 0.09669830 9.13807e-05
1760470650.805 103.425 0.09669830 8.51380e-05
1760470650.815 103.469 0.09673554 7.63536e-05
1760470650.825 103.514 0.09677745 6.76538e-05
1760470650.835 103.558 0.09686497 5.87784e-05
1760470650.845 103.602 0.09690315 4.98831e-05
1760470650.855 103.646 0.09692736 4.21007e-05
1760470650.865 103.690 0.09694039 3.46047e-05
1760470650.875 103.734 0.09698043 2.79814e-05
1760470650.885 103.778 0.09702233 2.21626e-05
1760470650.895 103.822 0.09706889 1.66975e-05
1760470650.905 103.866 0.09708751 1.30845e-05
1760470650.915 103.910 0.09712010 9.16052e-06
1760470650.925 103.954 0.09713221 6.84578e-06
1760470650.935 103.998 0.09716200 5.24911e-06
1760470650.945 104.042 0.09719552 4.19787e-06
1760470650.955 104.086 0.09722905 3.54133e-06
1760470650.965 104.130 0.09725326 3.21518e-06
1760470650.975 104.174 0.09732216 2.85448e-06
1760470650.985 104.218 0.09733427 2.45566e-06
1760470650.995 104.262 0.09734078 2.21245e-06
1760470651.005 104.305 0.09738827 1.93171e-06
1760470651.015 104.349 0.09745997 1.68574e-06
1760470651.025 104.393 0.09748324 1.51134e-06
1760470651.035 104.437 0.09752887 1.26442e-06
1760470651.045 104.481 0.09755774 1.17052e-06
1760470651.055 104.524 0.09758567 9.72483e-07
1760470651.065 104.568 0.09762105 8.68979e-07
1760470651.075 104.612 0.09766296 7.24292e-07
1760470651.085 104.655 0.09771882 5.56485e-07
1760470651.095 104.699 0.09777748 4.98917e-07
1760470651.105 104.743 0.09779331 3.75352e-07
1760470651.115 104.786 0.09781194 3.21862e-07
1760470651.125 104.830 0.09786873 2.53204e-07
1760470651.135 104.874 0.09796929 1.28884e-07
1760470651.145 104.917 0.09796929 1.53652e-07
1760470651.155 104.961 0.09802144 5.82042e-08
1760470651.165 105.004 0.09803541 8.51624e-08
1760470651.175 105.048 0.09808941 5.45325e-08
1760470651.185 105.091 0.09815739 9.69100e-10
1760470651.195 105.135 0.09822443 5.33982e-08
1760470651.243 105.178 0.09842276 4.81477e-08
1760470651.335 105.222 0.09882222 2.55372e-08
1760470651.345 105.265 0.09882222 6.68105e-08
1760470651.393 105.309 0.09890974 5.55581e-08
1760470651.461 105.352 0.09898982 5.24133e-08
1760470651.504 105.395 0.09898517 8.66683e-09
1760470651.518 105.439 0.09897771 -3.37080e-09
1760470651.525 105.482 0.09897771 5.59665e-08
1760470651.535 105.525 0.09898889 2.03550e-09
1760470651.545 105.569 0.09903824 3.55019e-08
1760470651.587 105.612 0.09902707 -6.11721e-09
1760470651.594 105.655 0.09902707 1.19463e-08
1760470651.605 105.699 0.09904383 -3.71148e-09
1760470651.615 105.742 0.09902613 9.91944e-09
1760470651.625 105.785 0.09905500 -1.26644e-08
1760470651.634 105.828 0.09906896 5.52312e-09
1760470651.644 105.871 0.09909410 -2.53837e-09
1760470651.654 105.915 0.09910714 -1.44185e-08
1760470651.665 105.958 0.09913880 -2.86948e-09
1760470651.679 106.001 0.09916115 4.20090e-09
1760470651.687 106.044 0.09921702 -4.44441e-08
1760470651.695 106.087 0.09921702 -6.18070e-09
1760470651.705 106.130 0.09921516 -4.22091e-08
1760470651.753 106.173 0.09934365 -7.16038e-08
1760470651.806 106.216 0.09954943 -4.43710e-08
1760470651.814 106.259 0.09954943 -9.92750e-08
1760470651.824 106.302 0.09962299 -9.30817e-08
1760470651.834 106.345 0.09964254 -6.40740e-08
1760470651.864 106.388 0.09976266 -2.72086e-08
1760470651.874 106.431 0.09980270 -1.98097e-08
1760470651.885 106.474 0.09980270 -5.26395e-08
1760470651.895 106.517 0.09984181 -1.15404e-08
1760470651.905 106.560 0.09983343 -6.62700e-08
1760470651.915 106.603 0.09987812 -1.64500e-08
1760470651.924 106.646 0.09990326 -6.22923e-08
1760470651.975 106.689 0.09997682 1.75155e-08
1760470652.018 106.732 0.10004852 -1.89144e-08
1760470652.025 106.774 0.10004666 -9.07567e-09
1760470652.035 106.817 0.10004666 2.10596e-09
1760470652.044 106.860 0.10006714 -5.00825e-09
1760470652.054 106.903 0.10011463 -1.23976e-08
1760470652.064 106.946 0.10014163 1.54273e-09
1760470652.074 106.988 0.10015001 -1.27844e-08
1760470652.084 107.031 0.10018539 1.02935e-08
1760470652.094 107.074 0.10020401 -3.09979e-09
1760470652.104 107.116 0.10022265 -3.46930e-09
1760470652.114 107.159 0.10027199 9.07640e-09
1760470652.124 107.202 0.10029620 -5.81087e-09
1760470652.134 107.244 0.10029341 1.99494e-08
1760470652.144 107.287 0.10032693 3.60921e-09
1760470652.154 107.330 0.10033624 1.18979e-09
1760470652.164 107.372 0.10038838 1.30491e-08
1760470652.174 107.415 0.10043029 -2.44117e-09
1760470652.184 107.457 0.10043960 1.96525e-08
1760470652.194 107.500 0.10046939 3.65796e-09
1760470652.204 107.542 0.10048895 3.16601e-09
1760470652.214 107.585 0.10051595 1.48600e-08
1760470652.224 107.627 0.10055040 -6.58470e-10
1760470652.238 107.670 0.10059602 -8.62910e-09
1760470652.244 107.712 0.10059602 3.40464e-08
1760470652.254 107.755 0.10059137 -2.83741e-08
1760470652.264 107.797 0.10066307 2.51432e-08
1760470652.305 107.839 0.10089120 -1.25940e-10
1760470652.314 107.882 0.10089120 2.07718e-08
1760470652.324 107.924 0.10091168 2.86583e-09
1760470652.337 107.967 0.10100293 -8.36890e-09
1760470652.344 108.009 0.10100293 3.24964e-08
1760470652.354 108.051 0.10102528 -2.70335e-08
1760470652.364 108.093 0.10110164 3.09810e-08
1760470652.436 108.136 0.10142008 2.57381e-08
1760470652.444 108.178 0.10142008 7.78465e-08
1760470652.495 108.220 0.10159607 1.11880e-07
1760470652.504 108.263 0.10161655 7.10211e-08
1760470652.514 108.305 0.10161655 1.13923e-07
1760470652.524 108.347 0.10162865 7.92175e-08
1760470652.534 108.389 0.10165379 1.36243e-07
1760470652.544 108.431 0.10166497 1.41185e-07
1760470652.554 108.473 0.10164262 7.84666e-08
1760470652.564 108.516 0.10169197 1.46611e-07
1760470652.574 108.558 0.10172921 1.08962e-07
1760470652.584 108.600 0.10173666 1.60593e-07
1760470652.594 108.642 0.10175622 1.60442e-07
1760470652.604 108.684 0.10174133 1.02803e-07
1760470652.614 108.726 0.10173388 1.71896e-07
1760470652.624 108.768 0.10174971 1.32389e-07
1760470652.634 108.810 0.10179161 1.87078e-07
1760470652.644 108.852 0.10177391 1.79805e-07
1760470652.654 108.894 0.10179905 1.23542e-07
1760470652.664 108.936 0.10178881 1.90766e-07
1760470652.674 108.978 0.10181581 1.73025e-07
1760470652.684 109.020 0.10186702 1.99482e-07
1760470652.694 109.062 0.10189216 2.03565e-07
1760470652.704 109.104 0.10187354 1.41662e-07
1760470652.714 109.146 0.10189030 2.06677e-07
1760470652.724 109.188 0.10195549 1.91080e-07
1760470652.734 109.229 0.10202811 1.65142e-07
1760470652.745 109.271 0.10206070 2.30146e-07
1760470652.754 109.313 0.10206070 1.82376e-07
1760470652.764 109.355 0.10214357 2.29478e-07
1760470652.774 109.397 0.10215567 1.87820e-07
1760470652.784 109.438 0.10220410 2.39996e-07
1760470652.794 109.480 0.10223203 2.66371e-07
1760470652.804 109.522 0.10228697 2.02826e-07
1760470652.814 109.564 0.10233259 2.37249e-07
1760470652.824 109.605 0.10234935 1.90507e-07
1760470652.834 109.647 0.10241547 2.41600e-07
1760470652.844 109.689 0.10245457 2.48229e-07
1760470652.854 109.730 0.10248995 1.83212e-07
1760470652.864 109.772 0.10252999 2.12506e-07
1760470652.874 109.814 0.10261101 1.66432e-07
1760470652.884 109.855 0.10264639 1.87777e-07
1760470652.894 109.897 0.10270225 1.57672e-07
1760470652.904 109.939 0.10276464 9.58303e-08
1760470652.914 109.980 0.10279722 1.47616e-07
1760470652.924 110.022 0.10282609 8.76420e-08
