1760465141.439 42.744 0.04110772 -3.65240e-09
1760465141.487 42.914 0.04108165 4.57137e-08
1760465141.494 43.084 0.04106396 2.36386e-08
1760465141.501 43.254 0.04106396 6.09693e-08
1760465141.550 43.422 0.04107140 5.92298e-08
1760465141.618 43.590 0.04116917 7.27839e-08
1760465141.625 43.758 0.04119990 3.08091e-08
1760465141.631 43.925 0.04119990 7.63366e-08
1760465141.641 44.091 0.04123715 2.99029e-08
1760465141.651 44.256 0.04130698 8.34129e-08
1760465141.699 44.421 0.04155746 6.13588e-08
1760465141.705 44.585 0.04158818 -1.24015e-08
1760465141.755 44.749 0.04196995 5.52870e-09
1760465141.804 44.912 0.04233402 1.58770e-09
1760465141.855 45.075 0.04271393 1.78706e-07
1760465141.863 45.237 0.04277352 1.20096e-06
1760465141.873 45.398 0.04282287 3.37577e-06
1760465141.881 45.559 0.04282287 5.91300e-06
1760465141.891 45.719 0.04288525 9.67545e-06
1760465141.901 45.878 0.04292622 1.73973e-05
1760465141.911 46.037 0.04296347 2.97048e-05
1760465141.921 46.196 0.04303051 4.12764e-05
1760465141.931 46.354 0.04308172 4.16781e-05
1760465141.941 46.511 0.04311431 3.56590e-05
1760465141.996 46.668 0.04334896 1.39447e-06
1760465142.002 46.825 0.04337782 1.07649e-06
1760465142.011 46.981 0.04337782 7.86621e-07
1760465142.021 47.136 0.04337876 6.28927e-07
1760465142.031 47.291 0.04345883 3.77832e-07
1760465142.041 47.445 0.04353611 1.85678e-07
1760465142.051 47.599 0.04361154 1.31212e-07
1760465142.061 47.752 0.04367299 4.28638e-08
1760465142.071 47.905 0.04373631 5.27172e-08
1760465142.118 48.057 0.04428754 5.91615e-08
1760465142.189 48.209 0.04509949 5.51890e-08
1760465142.198 48.361 0.04521402 1.17520e-07
1760465142.205 48.512 0.04536393 4.91943e-08
1760465142.211 48.662 0.04549336 5.64490e-08
1760465142.221 48.812 0.04549336 1.04300e-07
1760465142.231 48.962 0.04558741 5.25140e-08
1760465142.241 49.111 0.04570566 8.10459e-08
1760465142.251 49.259 0.04579784 9.99751e-08
1760465142.299 49.408 0.04615912 7.08761e-08
1760465142.305 49.555 0.04621033 1.02170e-09
1760465142.353 49.703 0.04642729 5.43639e-08
1760465142.361 49.850 0.04642729 1.27208e-08
1760465142.371 49.996 0.04646826 5.65586e-08
1760465142.420 50.142 0.04669546 5.85155e-08
1760465142.470 50.288 0.04702508 5.02063e-08
1760465142.547 50.433 0.04758096 6.69114e-08
1760465142.553 50.577 0.04762007 5.18803e-08
1760465142.601 50.722 0.04786123 5.22494e-08
1760465142.669 50.866 0.04803349 5.55627e-08
1760465142.719 51.009 0.04805863 6.14384e-08
1760465142.769 51.152 0.04817223 5.57443e-08
1760465142.819 51.295 0.04829049 6.15522e-08
1760465142.826 51.437 0.04827932 5.03440e-09
1760465142.833 51.579 0.04829887 4.79417e-08
1760465142.881 51.721 0.04843947 7.08121e-08
1760465142.891 51.862 0.04843947 4.90030e-09
1760465142.900 52.003 0.04848696 6.95481e-08
1760465142.948 52.143 0.04864246 6.28557e-08
1760465142.955 52.283 0.04868994 -5.01240e-09
1760465143.003 52.423 0.04890131 4.99095e-08
1760465143.011 52.562 0.04890131 1.18181e-08
1760465143.021 52.701 0.04899908 6.03373e-08
1760465143.106 52.840 0.04954566 -1.05460e-08
1760465143.156 52.978 0.04981755 -1.07069e-08
1760465143.206 53.116 0.05013320 -1.07897e-08
1760465143.256 53.253 0.05029615 -1.03543e-08
1760465143.306 53.390 0.05030826 -8.02920e-09
1760465143.356 53.527 0.05040975 -7.80900e-09
1760465143.406 53.663 0.05045817 -7.50140e-09
1760465143.456 53.799 0.05061646 -4.85010e-09
1760465143.507 53.935 0.05069374 -4.25430e-09
1760465143.556 54.070 0.05088463 -2.38180e-09
1760465143.563 54.205 0.05087997 7.23538e-08
1760465143.570 54.340 0.05087997 4.05930e-08
1760465143.644 54.475 0.05111369 7.70580e-09
1760465143.651 54.609 0.05114255 6.04027e-08
1760465143.699 54.742 0.05126173 4.99057e-08
1760465143.749 54.876 0.05144331 4.78421e-08
1760465143.799 55.009 0.05162022 4.76144e-08
1760465143.849 55.141 0.05185301 4.66974e-08
1760465143.899 55.274 0.05202526 4.66169e-08
1760465143.950 55.406 0.05215563 4.53170e-08
1760465144.000 55.538 0.05224316 4.46614e-08
1760465144.050 55.669 0.05232975 4.48879e-08
1760465144.100 55.800 0.05245824 4.82958e-08
1760465144.180 55.931 0.05266309 7.16478e-08
1760465144.190 56.062 0.05266309 3.35169e-08
1760465144.200 56.192 0.05268078 6.64058e-08
1760465144.249 56.322 0.05279997 4.56352e-08
1760465144.299 56.452 0.05293499 4.29994e-08
1760465144.349 56.581 0.05307838 4.09741e-08
1760465144.399 56.710 0.05324412 4.23382e-08
1760465144.449 56.839 0.05344990 4.31563e-08
1760465144.500 56.967 0.05354208 4.22779e-08
1760465144.550 57.096 0.05373111 4.16052e-08
1760465144.600 57.223 0.05384657 4.21752e-08
1760465144.650 57.351 0.05391082 5.07395e-08
1760465144.717 57.478 0.05404304 6.27233e-08
1760465144.767 57.605 0.05418084 5.69552e-08
1760465144.819 57.732 0.05429444 6.24800e-08
1760465144.826 57.859 0.05431306 6.82570e-09
1760465144.832 57.985 0.05434566 5.07665e-08
1760465144.880 58.111 0.05442294 7.15173e-08
1760465144.889 58.236 0.05442294 2.12899e-08
1760465144.899 58.362 0.05443970 7.57612e-08
1760465144.948 58.487 0.05458589 6.77473e-08
1760465144.955 58.612 0.05460451 -9.52780e-09
1760465145.004 58.736 0.05478515 5.44760e-09
1760465145.054 58.861 0.05505890 1.55530e-09
1760465145.103 58.985 0.05535035 -3.51000e-10
1760465145.109 59.109 0.05535035 1.66450e-08
1760465145.119 59.232 0.05544626 5.61227e-08
1760465145.129 59.356 0.05549281 8.83690e-09
1760465145.139 59.479 0.05554309 5.71270e-08
1760465145.187 59.601 0.05572653 9.66890e-09
1760465145.254 59.724 0.05592300 -9.96330e-09
1760465145.304 59.846 0.05609991 -1.20393e-08
1760465145.357 59.968 0.05633456 1.20514e-08
1760465145.364 60.090 0.05635691 6.92006e-08
1760465145.370 60.212 0.05640439 1.68914e-08
1760465145.419 60.333 0.05649937 5.61073e-08
1760465145.425 60.454 0.05654127 1.50808e-08
1760465145.432 60.575 0.05659993 5.14127e-08
1760465145.439 60.695 0.05659993 -8.09610e-09
1760465145.486 60.816 0.05669491 2.08996e-08
1760465145.537 60.936 0.05684575 1.90247e-08
1760465145.605 61.055 0.05720610 -1.21556e-08
1760465145.655 61.175 0.05746216 -1.07664e-08
1760465145.705 61.294 0.05768005 -9.44150e-09
1760465145.755 61.414 0.05785137 -8.50940e-09
1760465145.807 61.533 0.05787838 4.25337e-08
1760465145.813 61.651 0.05789607 7.78257e-08
1760465145.819 61.770 0.05788210 4.07394e-08
1760465145.829 61.888 0.05788210 1.64414e-08
1760465145.839 62.006 0.05789235 5.58031e-08
1760465145.886 62.124 0.05797336 3.52109e-08
1760465145.893 62.241 0.05797336 1.25956e-08
1760465145.899 62.359 0.05797428 5.55088e-08
1760465145.947 62.476 0.05811675 6.51488e-08
1760465145.953 62.593 0.05816423 1.39971e-08
1760465146.002 62.709 0.05843520 6.13334e-08
1760465146.052 62.826 0.05870895 5.55501e-08
1760465146.102 62.942 0.05906185 5.19353e-08
1760465146.152 63.058 0.05932071 5.53583e-08
1760465146.202 63.174 0.05948645 5.50442e-08
1760465146.252 63.290 0.05952556 5.43252e-08
1760465146.302 63.405 0.05957490 5.43269e-08
1760465146.391 63.520 0.05968664 1.83296e-08
1760465146.398 63.635 0.05968664 6.41552e-08
1760465146.447 63.750 0.05981234 6.35113e-08
1760465146.454 63.865 0.05984400 -9.28700e-09
1760465146.503 63.979 0.05995201 4.56398e-08
1760465146.553 64.093 0.06005444 4.09330e-08
1760465146.559 64.207 0.06011031 8.40870e-09
1760465146.568 64.321 0.06011031 4.29736e-08
1760465146.616 64.434 0.06024439 7.22129e-08
1760465146.622 64.548 0.06027046 7.91034e-08
1760465146.628 64.661 0.06027046 1.76140e-07
1760465146.638 64.774 0.06028908 2.05477e-07
1760465146.648 64.887 0.06032261 4.14509e-07
1760465146.658 64.999 0.06035892 4.10091e-07
1760465146.668 65.112 0.06041944 9.17620e-07
1760465146.678 65.224 0.06045669 1.21938e-06
1760465146.688 65.336 0.06048369 1.72151e-06
1760465146.698 65.448 0.06051535 2.77428e-06
1760465146.708 65.559 0.06056656 3.65478e-06
1760465146.718 65.671 0.06061870 5.25306e-06
1760465146.728 65.782 0.06066433 7.06399e-06
1760465146.738 65.893 0.06070530 9.82459e-06
1760465146.748 66.004 0.06077607 1.40335e-05
1760465146.758 66.114 0.06081052 2.61519e-05
1760465146.768 66.225 0.06085428 2.54153e-05
1760465146.778 66.335 0.06092598 2.59559e-05
1760465146.788 66.445 0.06099954 2.39618e-05
1760465146.798 66.555 0.06103771 2.34490e-05
1760465146.808 66.665 0.06111035 2.15166e-05
1760465146.818 66.774 0.06118111 1.32956e-05
1760465146.828 66.884 0.06127702 4.33442e-06
1760465146.838 66.993 0.06139434 2.13730e-06
1760465146.848 67.102 0.06152005 9.85546e-07
1760465146.858 67.211 0.06164389 2.83247e-07
1760465146.868 67.320 0.06173141 1.64019e-07
1760465146.878 67.428 0.06184036 5.90223e-08
1760465146.888 67.536 0.06196047 9.03523e-08
1760465146.898 67.645 0.06210387 3.73170e-08
1760465146.945 67.753 0.06271469 2.61761e-08
1760465146.951 67.860 0.06285157 6.45816e-08
1760465146.999 67.968 0.06341956 5.81910e-08
1760465147.070 68.076 0.06407880 1.35920e-08
1760465147.118 68.183 0.06423616 6.17968e-08
1760465147.124 68.290 0.06427713 2.58314e-08
1760465147.130 68.397 0.06431438 6.88680e-08
1760465147.138 68.504 0.06431438 4.60391e-08
1760465147.185 68.610 0.06434324 6.51784e-08
1760465147.192 68.717 0.06433766 2.36014e-08
1760465147.198 68.823 0.06431438 6.90067e-08
1760465147.208 68.929 0.06431438 7.56470e-09
1760465147.218 69.035 0.06429483 8.39355e-08
1760465147.228 69.141 0.06431158 5.35063e-08
1760465147.238 69.247 0.06430600 8.82351e-08
1760465147.248 69.352 0.06433486 5.39153e-08
1760465147.258 69.458 0.06431903 4.24277e-08
1760465147.268 69.563 0.06429762 1.47726e-07
1760465147.278 69.668 0.06432276 1.44998e-07
1760465147.288 69.773 0.06436093 1.89511e-07
1760465147.298 69.877 0.06438794 2.75571e-07
1760465147.308 69.982 0.06443822 4.28639e-07
1760465147.318 70.086 0.06448105 8.06485e-07
1760465147.328 70.190 0.06454157 1.28792e-06
1760465147.338 70.295 0.06460210 2.08755e-06
1760465147.348 70.398 0.06464307 3.55748e-06
1760465147.358 70.502 0.06471384 4.89078e-06
1760465147.368 70.606 0.06481999 8.42288e-06
1760465147.378 70.709 0.06491030 1.56924e-05
1760465147.388 70.813 0.06500435 3.06453e-05
1760465147.398 70.916 0.06510677 5.41294e-05
1760465147.408 71.019 0.06517940 8.81805e-05
1760465147.418 71.122 0.06528928 8.23895e-05
1760465147.428 71.224 0.06541777 7.73837e-05
1760465147.438 71.327 0.06554813 6.78491e-05
1760465147.448 71.429 0.06563100 2.75227e-05
1760465147.500 71.532 0.06637219 1.31411e-05
1760465147.508 71.634 0.06637219 9.96330e-06
1760465147.518 71.736 0.06648858 1.61593e-06
1760465147.528 71.838 0.06658635 3.97358e-07
1760465147.538 71.939 0.06671391 2.90637e-07
1760465147.548 72.041 0.06682192 5.68450e-07
1760465147.558 72.142 0.06696345 1.01482e-06
1760465147.570 72.244 0.06713106 2.10295e-06
1760465147.578 72.345 0.06713106 2.01474e-06
1760465147.588 72.446 0.06724000 1.89161e-06
1760465147.598 72.546 0.06731822 9.25481e-07
1760465147.608 72.647 0.06740854 2.02739e-07
1760465147.617 72.748 0.06749700 1.30284e-07
1760465147.627 72.848 0.06756869 6.48331e-08
1760465147.638 72.948 0.06766087 9.64586e-08
1760465147.648 73.049 0.06765994 4.91351e-08
1760465147.657 73.149 0.06772978 3.98108e-08
1760465147.667 73.248 0.06780986 1.21780e-07
1760465147.677 73.348 0.06787224 7.13995e-08
1760465147.687 73.448 0.06790017 1.12894e-07
1760465147.697 73.547 0.06791973 7.76741e-08
1760465147.707 73.647 0.06798677 8.23660e-08
1760465147.717 73.746 0.06804078 2.05046e-07
1760465147.727 73.845 0.06811154 3.16280e-07
1760465147.737 73.944 0.06813203 2.98983e-07
1760465147.747 74.043 0.06819255 3.31669e-07
1760465147.757 74.141 0.06829125 2.44577e-07
1760465147.767 74.240 0.06834619 3.31469e-07
1760465147.777 74.338 0.06842068 2.59803e-07
1760465147.787 74.437 0.06852217 2.17157e-07
1760465147.797 74.535 0.06857525 1.26396e-07
1760465147.807 74.633 0.06867581 4.82575e-08
1760465147.817 74.731 0.06878196 1.17473e-07
1760465147.827 74.828 0.06887042 6.80411e-08
1760465147.837 74.926 0.06894305 1.05948e-07
1760465147.847 75.023 0.06904175 8.41054e-08
1760465147.857 75.121 0.06914231 1.24568e-07
1760465147.867 75.218 0.06924474 2.97580e-07
1760465147.877 75.315 0.06936113 2.35713e-07
1760465147.887 75.412 0.06947007 2.57468e-07
1760465147.897 75.509 0.06961439 1.93847e-07
1760465147.907 75.606 0.06972520 8.53969e-08
1760465147.917 75.702 0.06981273 1.35529e-07
1760465147.927 75.799 0.06993564 1.00034e-07
1760465147.937 75.895 0.07002316 9.30090e-07
1760465147.947 75.992 0.07012652 3.78363e-06
1760465147.957 76.088 0.07022429 8.11814e-06
1760465147.967 76.184 0.07033882 1.89473e-05
1760465147.977 76.280 0.07045893 7.84957e-05
1760465147.987 76.375 0.07059209 1.51340e-04
1760465147.997 76.471 0.07069079 1.87418e-04
1760465148.007 76.567 0.07079880 1.67195e-04
1760465148.056 76.662 0.07121315 3.61547e-07
1760465148.062 76.757 0.07133979 2.65963e-07
1760465148.068 76.853 0.07140869 1.97675e-07
1760465148.077 76.948 0.07140869 1.26402e-07
1760465148.087 77.043 0.07146828 1.34166e-07
1760465148.097 77.137 0.07155674 5.44081e-08
1760465148.107 77.232 0.07162471 3.30256e-08
1760465148.117 77.327 0.07172527 1.92995e-07
1760465148.127 77.421 0.07184353 7.36135e-07
1760465148.137 77.516 0.07184353 1.03581e-06
1760465148.147 77.610 0.07190871 2.04655e-06
1760465148.157 77.704 0.07198879 5.11650e-06
1760465148.167 77.798 0.07203907 8.52397e-06
1760465148.177 77.892 0.07213963 1.86269e-05
1760465148.187 77.986 0.07220761 3.34596e-05
1760465148.197 78.079 0.07225882 3.47405e-05
1760465148.207 78.173 0.07231189 3.41323e-05
1760465148.217 78.266 0.07236217 3.10335e-05
1760465148.227 78.360 0.07243108 2.78820e-05
1760465148.237 78.453 0.07250836 2.39148e-05
1760465148.247 78.546 0.07258378 1.00605e-05
1760465148.257 78.639 0.07262475 2.03377e-06
1760465148.267 78.732 0.07268807 1.01401e-06
1760465148.277 78.825 0.07271693 8.01550e-07
1760465148.287 78.918 0.07281470 8.99649e-07
1760465148.297 79.010 0.07294134 9.63617e-07
1760465148.307 79.103 0.07297952 8.92704e-07
1760465148.317 79.195 0.07302514 9.01912e-07
1760465148.327 79.287 0.07312105 7.94714e-07
1760465148.337 79.379 0.07324116 7.26093e-07
1760465148.347 79.471 0.07330914 2.93547e-07
1760465148.357 79.563 0.07340504 1.05807e-07
1760465148.367 79.655 0.07351398 1.92419e-07
1760465148.377 79.747 0.07360617 1.87314e-07
1760465148.387 79.839 0.07366855 2.58842e-07
1760465148.397 79.930 0.07378774 2.65094e-07
1760465148.407 80.022 0.07391717 2.28709e-07
1760465148.417 80.113 0.07398886 3.07972e-07
1760465148.427 80.204 0.07407081 1.72098e-07
1760465148.437 80.295 0.07417416 1.69501e-07
1760465148.447 80.386 0.07429242 1.47958e-07
1760465148.457 80.477 0.07437901 2.76898e-07
1760465148.467 80.568 0.07447212 4.30762e-07
1760465148.477 80.658 0.07456989 8.66693e-07
1760465148.487 80.749 0.07465649 1.93474e-06
1760465148.497 80.840 0.07475426 5.50637e-06
1760465148.507 80.930 0.07485016 6.75486e-06
1760465148.517 81.020 0.07496656 6.70797e-06
1760465148.527 81.110 0.07503918 5.71888e-06
1760465148.537 81.200 0.07515464 5.19755e-06
1760465148.547 81.290 0.07523100 2.28104e-06
1760465148.557 81.380 0.07532783 2.44033e-07
1760465148.587 81.470 0.07555317 2.05550e-07
1760465148.610 81.560 0.07579526 1.18790e-06
1760465148.617 81.649 0.07590607 1.23440e-06
1760465148.627 81.739 0.07590607 1.15739e-06
1760465148.637 81.828 0.07594332 1.09624e-06
1760465148.647 81.918 0.07602339 7.88880e-07
1760465148.657 82.007 0.07612023 2.70706e-07
1760465148.668 82.096 0.07622452 1.55315e-07
1760465148.677 82.185 0.07622452 1.08233e-07
1760465148.687 82.274 0.07632136 1.60153e-07
1760465148.697 82.363 0.07641168 1.93931e-07
1760465148.707 82.451 0.07653086 4.86365e-07
1760465148.717 82.540 0.07653086 8.14907e-07
1760465148.727 82.628 0.07656997 1.62563e-06
1760465148.737 82.717 0.07665284 3.41504e-06
1760465148.747 82.805 0.07672733 4.89402e-06
1760465148.757 82.893 0.07682230 7.64509e-06
1760465148.767 82.982 0.07689866 1.40786e-05
1760465148.777 83.070 0.07696570 2.95232e-05
1760465148.787 83.158 0.07699456 4.63327e-05
1760465148.797 83.245 0.07703833 8.36182e-05
1760465148.807 83.333 0.07711468 1.14622e-04
1760465148.817 83.421 0.07719383 1.26399e-04
1760465148.827 83.508 0.07723293 1.25445e-04
1760465148.837 83.596 0.07728229 1.18895e-04
1760465148.847 83.683 0.07735119 1.13239e-04
1760465148.857 83.771 0.07739589 9.37091e-05
1760465148.867 83.858 0.07749645 5.68874e-05
1760465148.877 83.945 0.07758676 1.32558e-05
1760465148.887 84.032 0.07768453 1.20649e-06
1760465148.897 84.119 0.07775716 6.69171e-07
1760465148.907 84.206 0.07781024 3.13323e-07
1760465148.917 84.293 0.07792197 3.29241e-07
1760465148.927 84.379 0.07801043 1.74004e-07
1760465148.937 84.466 0.07812217 2.03621e-07
1760465148.947 84.552 0.07819387 1.26149e-07
1760465148.957 84.639 0.07824228 1.04966e-07
1760465148.967 84.725 0.07834564 1.50435e-07
1760465148.977 84.811 0.07844900 1.18682e-07
1760465148.987 84.898 0.07853280 1.79144e-07
1760465148.997 84.984 0.07861381 3.57738e-07
1760465149.007 85.070 0.07868830 7.36654e-07
1760465149.017 85.156 0.07879724 1.19512e-06
1760465149.027 85.241 0.07894622 1.13659e-06
1760465149.037 85.327 0.07899836 1.11738e-06
1760465149.047 85.413 0.07907193 1.01176e-06
1760465149.057 85.498 0.07916038 6.21578e-07
1760465149.067 85.584 0.07922742 2.58058e-07
1760465149.077 85.669 0.07934661 1.01179e-07
1760465149.087 85.754 0.07942855 1.49881e-07
1760465149.097 85.840 0.07951049 9.54054e-08
1760465149.107 85.925 0.07961105 1.06347e-07
1760465149.137 86.010 0.07983359 1.78932e-07
1760465149.149 86.095 0.07998164 4.04225e-07
1760465149.157 86.180 0.07998164 3.76663e-07
1760465149.167 86.264 0.08008034 4.95237e-07
1760465149.177 86.349 0.08013621 5.98794e-07
1760465149.187 86.434 0.08022281 9.77754e-07
1760465149.197 86.518 0.08031033 1.26665e-06
1760465149.207 86.603 0.08035782 1.97857e-06
1760465149.217 86.687 0.08042486 4.81715e-06
1760465149.227 86.771 0.08050401 7.71576e-06
1760465149.237 86.856 0.08058037 1.19787e-05
1760465149.247 86.940 0.08065485 2.01427e-05
1760465149.257 87.024 0.08072841 2.97250e-05
1760465149.267 87.108 0.08078335 3.00432e-05
1760465149.277 87.192 0.08084201 2.88428e-05
1760465149.287 87.275 0.08091744 2.62415e-05
1760465149.297 87.359 0.08094909 2.35576e-05
1760465149.307 87.443 0.08105804 1.96215e-05
1760465149.317 87.526 0.08112507 9.98405e-06
1760465149.327 87.610 0.08119119 2.87617e-06
1760465149.337 87.693 0.08125357 6.53270e-07
1760465149.347 87.777 0.08129827 3.54599e-07
1760465149.357 87.860 0.08137183 2.12562e-07
1760465149.367 87.943 0.08145563 2.41945e-07
1760465149.377 88.026 0.08150777 1.54096e-07
1760465149.387 88.109 0.08158413 1.96370e-07
1760465149.396 88.192 0.08162789 1.78631e-07
1760465149.406 88.275 0.08170331 2.49609e-07
1760465149.416 88.358 0.08181784 3.84617e-07
1760465149.427 88.440 0.08187091 4.32893e-07
1760465149.436 88.523 0.08196030 5.15666e-07
1760465149.447 88.605 0.08207111 5.02162e-07
1760465149.457 88.688 0.08212046 6.29581e-07
1760465149.466 88.770 0.08218284 9.41281e-07
1760465149.476 88.853 0.08228527 1.02418e-06
1760465149.486 88.935 0.08238025 9.52656e-07
1760465149.496 89.017 0.08245939 8.26235e-07
1760465149.506 89.099 0.08252085 7.05066e-07
1760465149.516 89.181 0.08260372 6.54841e-07
1760465149.526 89.263 0.08266796 4.25299e-07
1760465149.536 89.345 0.08277411 2.54488e-07
1760465149.546 89.427 0.08287188 2.44185e-07
1760465149.556 89.508 0.08295103 2.84708e-07
1760465149.566 89.590 0.08302832 3.56356e-07
1760465149.576 89.672 0.08312050 2.36089e-07
1760465149.586 89.753 0.08320150 2.46724e-07
1760465149.598 89.835 0.08336446 1.89774e-07
1760465149.607 89.916 0.08345850 6.84637e-08
1760465149.616 89.997 0.08345850 1.14581e-07
1760465149.626 90.078 0.08352088 6.23330e-08
1760465149.636 90.159 0.08357862 1.44832e-07
1760465149.646 90.241 0.08366987 1.15902e-07
1760465149.694 90.322 0.08406374 1.22216e-07
1760465149.700 90.402 0.08415219 1.20790e-07
1760465149.706 90.483 0.08415219 7.90456e-08
1760465149.716 90.564 0.08423600 1.37041e-07
1760465149.726 90.645 0.08431142 8.67137e-08
1760465149.736 90.725 0.08436542 1.47044e-07
1760465149.746 90.806 0.08439988 1.29877e-07
1760465149.756 90.886 0.08450696 1.75961e-07
1760465149.767 90.967 0.08460286 2.08549e-07
1760465149.776 91.047 0.08460286 1.59025e-07
1760465149.786 91.127 0.08465966 1.97557e-07
1760465149.796 91.208 0.08473695 1.54923e-07
1760465149.806 91.288 0.08482447 1.66448e-07
1760465149.816 91.368 0.08489152 1.84298e-07
1760465149.826 91.448 0.08494831 1.16610e-07
1760465149.836 91.528 0.08499767 1.54303e-07
1760465149.846 91.607 0.08503863 1.13755e-07
1760465149.856 91.687 0.08510847 1.34344e-07
1760465149.866 91.767 0.08516341 1.85477e-07
1760465149.876 91.846 0.08524069 1.52851e-07
1760465149.886 91.926 0.08528818 2.63918e-07
1760465149.896 92.006 0.08531798 3.44850e-07
1760465149.906 92.085 0.08538595 4.95285e-07
1760465150.028 92.164 0.08625842 1.29509e-04
1760465150.037 92.244 0.08625842 1.41294e-04
1760465150.047 92.323 0.08635153 1.35833e-04
1760465150.057 92.402 0.08644465 1.29864e-04
1760465150.066 92.481 0.08648934 1.19071e-04
1760465150.076 92.560 0.08656756 1.09635e-04
1760465150.087 92.639 0.08662435 9.01968e-05
1760465150.097 92.718 0.08666812 5.81997e-05
1760465150.106 92.797 0.08671561 2.56203e-05
1760465150.116 92.875 0.08672492 7.12521e-06
1760465150.126 92.954 0.08680593 2.93706e-06
1760465150.136 93.033 0.08683386 1.45352e-06
1760465150.146 93.111 0.08683665 9.69047e-07
1760465150.156 93.190 0.08685156 6.52832e-07
1760465150.166 93.268 0.08684596 5.26022e-07
1760465150.176 93.347 0.08688135 3.46244e-07
1760465150.186 93.425 0.08688787 3.46245e-07
1760465150.196 93.503 0.08688880 2.24830e-07
1760465150.260 93.581 0.08711506 6.17502e-08
1760465150.267 93.659 0.08715138 9.67706e-08
1760465150.277 93.737 0.08715138 5.59470e-08
1760465150.286 93.815 0.08722959 9.97818e-08
1760465150.296 93.893 0.08731898 5.89360e-08
1760465150.306 93.971 0.08736647 4.24389e-08
1760465150.316 94.049 0.08745400 9.73467e-08
1760465150.326 94.126 0.08752942 4.79032e-08
1760465150.336 94.204 0.08760205 8.17745e-08
1760465150.346 94.282 0.08764767 3.99353e-08
1760465150.356 94.359 0.08770354 5.48553e-08
1760465150.366 94.437 0.08779852 9.28571e-08
1760465150.415 94.514 0.08810020 8.17047e-08
1760465150.421 94.591 0.08817004 3.01852e-08
1760465150.427 94.669 0.08822311 5.91846e-08
1760465150.436 94.746 0.08822311 8.59084e-08
1760465150.446 94.823 0.08831344 3.81980e-08
1760465150.456 94.900 0.08834602 5.55860e-08
1760465150.466 94.977 0.08840934 9.05356e-08
1760465150.514 95.054 0.08867751 7.78205e-08
1760465150.520 95.131 0.08871754 2.70408e-08
1760465150.526 95.208 0.08871754 4.41678e-08
1760465150.536 95.284 0.08877900 8.96084e-08
1760465150.546 95.361 0.08881718 4.72736e-08
1760465150.556 95.438 0.08886374 7.26958e-08
1760465150.566 95.514 0.08894753 9.49511e-08
1760465150.607 95.591 0.08916821 4.72915e-09
1760465150.622 95.667 0.08922688 6.12460e-09
1760465150.628 95.744 0.08930602 7.38052e-08
1760465150.636 95.820 0.08930602 6.95299e-08
1760465150.646 95.896 0.08933396 2.49643e-08
1760465150.656 95.972 0.08937120 6.57328e-08
1760465150.666 96.049 0.08942521 1.09218e-07
1760465150.676 96.125 0.08945035 5.70015e-08
1760465150.686 96.201 0.08950994 1.12807e-07
1760465150.696 96.277 0.08957326 8.27619e-08
1760465150.706 96.352 0.08960305 1.38390e-07
1760465150.716 96.428 0.08963378 1.84206e-07
1760465150.726 96.504 0.08969710 1.43655e-07
1760465150.736 96.580 0.08974086 1.92324e-07
1760465150.746 96.656 0.08980697 1.60587e-07
1760465150.756 96.731 0.08984701 1.53457e-07
1760465150.766 96.807 0.08991591 2.36781e-07
1760465150.807 96.882 0.09019153 1.85190e-07
1760465150.816 96.958 0.09019153 2.18249e-07
1760465150.826 97.033 0.09022971 1.53160e-07
1760465150.836 97.108 0.09029861 1.81287e-07
1760465150.846 97.184 0.09036007 1.43306e-07
1760465150.856 97.259 0.09046994 1.72889e-07
1760465150.866 97.334 0.09056398 2.07817e-07
1760465150.876 97.409 0.09061427 1.56146e-07
1760465150.886 97.484 0.09074370 1.50736e-07
1760465150.896 97.559 0.09074370 2.17053e-07
1760465150.906 97.634 0.09081260 3.09606e-07
1760465150.916 97.709 0.09087219 3.96236e-07
1760465150.926 97.783 0.09091781 3.41300e-07
1760465150.936 97.858 0.09097834 3.89422e-07
1760465150.946 97.933 0.09102955 3.50790e-07
1760465150.956 98.007 0.09112546 3.63145e-07
1760465150.966 98.082 0.09122416 4.03736e-07
1760465150.976 98.157 0.09122230 3.33661e-07
1760465150.986 98.231 0.09129772 3.53929e-07
1760465150.996 98.305 0.09137779 2.57448e-07
1760465151.006 98.380 0.09142249 2.98249e-07
1760465151.016 98.454 0.09147370 3.39944e-07
1760465151.026 98.528 0.09151654 2.86646e-07
1760465151.036 98.602 0.09157799 3.15375e-07
1760465151.046 98.677 0.09164224 2.54167e-07
1760465151.056 98.751 0.09170928 1.99833e-07
1760465151.066 98.825 0.09175491 2.58866e-07
1760465151.076 98.899 0.09191599 1.55963e-07
1760465151.086 98.972 0.09191599 1.73990e-07
1760465151.096 99.046 0.09197186 8.20588e-08
1760465151.106 99.120 0.09202586 9.48165e-08
1760465151.116 99.194 0.09213201 1.54910e-07
1760465151.126 99.267 0.09217857 1.11997e-07
1760465151.136 99.341 0.09224561 1.89561e-07
1760465151.146 99.415 0.09231359 3.06706e-07
1760465151.156 99.488 0.09237318 3.32916e-07
1760465151.166 99.562 0.09246443 6.40391e-07
1760465151.176 99.635 0.09255847 9.29711e-07
1760465151.186 99.708 0.09261341 1.52500e-06
1760465151.196 99.782 0.09264879 3.32109e-06
1760465151.206 99.855 0.09274191 4.17235e-06
1760465151.215 99.928 0.09281268 6.80270e-06
1760465151.225 100.001 0.09289554 9.59865e-06
1760465151.236 100.074 0.09297190 1.35953e-05
1760465151.245 100.147 0.09301566 1.82543e-05
1760465151.255 100.220 0.09312460 2.57561e-05
1760465151.265 100.293 0.09321865 3.14265e-05
1760465151.275 100.366 0.09328569 3.21634e-05
1760465151.285 100.439 0.09334342 3.15507e-05
1760465151.295 100.512 0.09340395 2.99725e-05
1760465151.305 100.584 0.09347471 2.71995e-05
1760465151.336 100.657 0.09373915 2.24224e-05
1760465151.361 100.730 0.09387044 7.33619e-07
1760465151.367 100.802 0.09393562 4.47022e-07
1760465151.375 100.875 0.09393562 2.67436e-07
1760465151.385 100.947 0.09402315 1.63772e-07
1760465151.395 101.019 0.09410509 1.01167e-07
1760465151.405 101.092 0.09414699 9.14574e-08
1760465151.415 101.164 0.09422986 1.09026e-07
1760465151.425 101.236 0.09429970 3.82765e-08
1760465151.435 101.309 0.09434066 9.08449e-08
1760465151.445 101.381 0.09439747 5.27010e-08
1760465151.455 101.453 0.09444681 9.28932e-08
1760465151.465 101.525 0.09453434 1.01257e-07
1760465151.475 101.597 0.09460883 2.99384e-08
1760465151.485 101.669 0.09462001 7.33462e-08
1760465151.495 101.741 0.09469450 4.03998e-08
1760465151.505 101.812 0.09474292 8.23607e-08
1760465151.515 101.884 0.09481834 9.23299e-08
1760465151.563 101.956 0.09503716 7.68090e-08
1760465151.570 102.028 0.09509768 -4.10980e-09
1760465151.576 102.099 0.09510885 2.27539e-08
1760465151.585 102.171 0.09510885 5.12672e-08
1760465151.595 102.242 0.09521221 2.14703e-08
1760465151.605 102.314 0.09527366 6.08728e-08
1760465151.654 102.385 0.09550272 -7.27170e-09
1760465151.703 102.457 0.09583700 1.90910e-09
1760465151.756 102.528 0.09615172 1.66656e-07
1760465151.765 102.599 0.09615172 2.32162e-07
1760465151.775 102.670 0.09617966 2.31023e-07
1760465151.786 102.742 0.09619921 3.08139e-07
1760465151.795 102.813 0.09625135 3.33259e-07
1760465151.805 102.884 0.09629698 3.88128e-07
1760465151.815 102.955 0.09630070 4.26048e-07
1760465151.825 103.026 0.09631001 3.69927e-07
1760465151.835 103.097 0.09636123 3.89209e-07
1760465151.845 103.168 0.09640313 3.46118e-07
1760465151.855 103.239 0.09638730 3.64624e-07
1760465151.885 103.309 0.09642454 3.83399e-07
1760465151.894 103.380 0.09643758 3.59295e-07
1760465151.901 103.451 0.09649345 3.25343e-07
1760465151.907 103.521 0.09652045 2.74511e-07
1760465151.915 103.592 0.09652045 3.18552e-07
1760465151.925 103.663 0.09648972 2.55661e-07
1760465151.935 103.733 0.09651021 2.81515e-07
1760465151.945 103.803 0.09657818 2.30870e-07
1760465151.955 103.874 0.09661915 2.35166e-07
1760465151.965 103.944 0.09662846 1.92439e-07
1760465151.975 104.015 0.09666664 1.29143e-07
1760465151.985 104.085 0.09670854 1.31186e-07
1760465151.995 104.155 0.09677930 7.12362e-08
1760465152.005 104.225 0.09680631 9.23602e-08
1760465152.015 104.295 0.09685287 9.81102e-08
1760465152.025 104.365 0.09692177 2.98112e-08
1760465152.035 104.435 0.09699906 7.60566e-08
1760465152.045 104.505 0.09705678 3.73084e-08
1760465152.055 104.575 0.09712197 6.58659e-08
1760465152.065 104.645 0.09720297 8.88113e-08
1760465152.113 104.715 0.09758101 7.35021e-08
1760465152.119 104.785 0.09765830 3.48317e-08
1760465152.125 104.855 0.09765830 2.51383e-08
1760465152.135 104.924 0.09771417 6.43926e-08
1760465152.145 104.994 0.09779238 2.24048e-08
1760465152.155 105.064 0.09787246 6.23061e-08
1760465152.165 105.133 0.09795067 6.81272e-08
1760465152.175 105.203 0.09805868 2.87500e-09
1760465152.185 105.272 0.09812759 6.12696e-08
1760465152.195 105.341 0.09816949 2.30178e-08
1760465152.205 105.411 0.09823002 6.29485e-08
1760465152.215 105.480 0.09830450 7.14582e-08
1760465152.265 105.549 0.09865275 4.55388e-07
1760465152.275 105.619 0.09865275 5.31113e-07
1760465152.285 105.688 0.09868906 7.91944e-07
1760465152.295 105.757 0.09874493 1.01564e-06
1760465152.305 105.826 0.09877380 1.53804e-06
1760465152.315 105.895 0.09883153 2.92604e-06
1760465152.325 105.964 0.09884363 3.93082e-06
1760465152.335 106.033 0.09888460 6.68795e-06
1760465152.345 106.102 0.09894233 9.78630e-06
1760465152.355 106.171 0.09897864 1.34900e-05
1760465152.365 106.240 0.09901775 1.67304e-05
1760465152.375 106.309 0.09909783 2.50601e-05
1760465152.385 106.377 0.09913321 2.97076e-05
1760465152.443 106.446 0.09938928 6.18435e-05
1760465152.449 106.515 0.09942186 9.27835e-05
1760465152.455 106.583 0.09942186 1.00443e-04
1760465152.465 106.652 0.09942186 1.07066e-04
1760465152.475 106.720 0.09948239 1.06232e-04
1760465152.485 106.789 0.09955316 1.04220e-04
1760465152.495 106.857 0.09959971 9.97081e-05
1760465152.505 106.926 0.09964906 9.56188e-05
1760465152.515 106.994 0.09969190 8.98917e-05
1760465152.525 107.062 0.09974311 8.36638e-05
1760465152.535 107.131 0.09979246 7.77707e-05
1760465152.545 107.199 0.09987905 7.22932e-05
1760465152.555 107.267 0.09989581 5.36375e-05
1760465152.565 107.335 0.09997216 4.02782e-05
1760465152.575 107.403 0.10006342 2.43032e-05
1760465152.585 107.471 0.10006714 1.12815e-05
1760465152.595 107.539 0.10010718 6.70400e-06
1760465152.605 107.607 0.10016863 4.12956e-06
1760465152.615 107.675 0.10020682 2.35028e-06
1760465152.625 107.743 0.10026641 1.01885e-06
1760465152.635 107.811 0.10029061 6.20641e-07
1760465152.645 107.879 0.10035672 2.44216e-07
1760465152.655 107.946 0.10042284 2.41747e-08
1760465152.665 108.014 0.10045450 7.07290e-08
1760465152.731 108.082 0.10089772 5.35667e-08
1760465152.737 108.149 0.10098803 -3.14380e-09
1760465152.785 108.217 0.10129718 2.94837e-08
1760465152.836 108.285 0.10156720 2.85856e-08
1760465152.886 108.352 0.10171152 2.00446e-08
1760465152.936 108.419 0.10181395 1.69050e-08
1760465153.036 108.487 0.10182419 2.84410e-08
1760465153.086 108.554 0.10189868 2.43863e-08
1760465153.136 108.622 0.10197783 6.15730e-09
1760465153.186 108.689 0.10203649 2.58330e-09
1760465153.195 108.756 0.10203649 2.17504e-08
1760465153.205 108.823 0.10206256 4.83060e-08
1760465153.215 108.890 0.10206908 8.52434e-08
1760465153.264 108.958 0.10213519 7.13102e-08
1760465153.314 109.025 0.10216872 7.46918e-08
1760465153.320 109.092 0.10221527 1.25944e-08
1760465153.326 109.159 0.10222365 3.85404e-08
1760465153.334 109.226 0.10222365 7.58669e-08
1760465153.344 109.293 0.10224972 3.31383e-08
1760465153.354 109.359 0.10231397 8.05587e-08
1760465153.364 109.426 0.10231583 7.13818e-08
1760465153.374 109.493 0.10232514 1.06559e-08
1760465153.384 109.560 0.10236052 6.63822e-08
1760465153.394 109.626 0.10236238 3.48271e-08
1760465153.404 109.693 0.10240242 7.60709e-08
1760465153.414 109.760 0.10243409 5.49045e-08
1760465153.424 109.826 0.10248530 7.88160e-09
1760465153.434 109.893 0.10250392 6.51881e-08
1760465153.444 109.959 0.10253278 2.58767e-08
1760465153.454 110.026 0.10255048 6.60930e-08
1760465153.464 110.092 0.10260170 3.44765e-08
1760465153.474 110.159 0.10261286 -8.03470e-09
1760465153.484 110.225 0.10266780 5.21020e-08
1760465153.532 110.291 0.10290245 7.67121e-08
1760465153.609 110.358 0.10336336 4.94990e-08
1760465153.618 110.424 0.10341922 8.57933e-08
1760465153.624 110.490 0.10341922 4.95166e-08
1760465153.634 110.556 0.10348907 8.14426e-08
1760465153.644 110.622 0.10353097 4.46825e-08
1760465153.654 110.688 0.10359614 5.02436e-08
1760465153.664 110.754 0.10366877 6.00347e-08
1760465153.674 110.820 0.10370322 1.56288e-08
1760465153.684 110.886 0.10376654 8.47698e-08
1760465153.694 110.952 0.10380285 4.28849e-08
1760465153.704 111.018 0.10378237 8.02903e-08
1760465153.714 111.084 0.10380472 5.85687e-08
1760465153.724 111.150 0.10387175 2.26351e-08
1760465153.734 111.215 0.10389038 8.55653e-08
1760465153.744 111.281 0.10387455 4.42549e-08
1760465153.754 111.347 0.10389038 8.19238e-08
1760465153.764 111.412 0.10391552 5.89595e-08
1760465153.774 111.478 0.10396487 1.90463e-08
1760465153.784 111.544 0.10398908 8.87824e-08
1760465153.794 111.609 0.10401236 4.23079e-08
1760465153.804 111.675 0.10404588 8.00731e-08
1760465153.814 111.740 0.10407474 5.68772e-08
1760465153.824 111.805 0.10404309 2.38914e-08
1760465153.834 111.871 0.10409988 8.75013e-08
1760465153.844 111.936 0.10416878 3.99668e-08
1760465153.854 112.001 0.10419393 7.74238e-08
1760465153.866 112.067 0.10430846 9.05170e-08
1760465153.914 112.132 0.10463436 8.38563e-08
1760465153.924 112.197 0.10463436 5.48234e-08
1760465153.934 112.262 0.10469302 1.45117e-07
1760465153.944 112.327 0.10477589 1.73794e-07
1760465153.954 112.392 0.10484945 3.77690e-07
1760465153.964 112.457 0.10489135 6.37467e-07
1760465153.974 112.522 0.10496491 8.44917e-07
1760465153.984 112.587 0.10505803 1.28650e-06
1760465153.994 112.652 0.10512041 1.58287e-06
1760465154.004 112.717 0.10519303 2.30629e-06
1760465154.014 112.782 0.10524238 3.01823e-06
1760465154.024 112.847 0.10531688 3.51951e-06
1760465154.034 112.912 0.10536437 4.23551e-06
1760465154.044 112.976 0.10542582 5.04202e-06
1760465154.054 113.041 0.10548542 6.07398e-06
1760465154.064 113.106 0.10552639 6.99771e-06
1760465154.074 113.170 0.10555897 7.74620e-06
1760465154.084 113.235 0.10562601 8.09235e-06
1760465154.094 113.299 0.10567070 8.27329e-06
1760465154.104 113.364 0.10569119 7.56065e-06
1760465154.114 113.428 0.10571167 7.12522e-06
1760465154.164 113.493 0.10595936 5.59404e-06
1760465154.170 113.557 0.10601709 3.99127e-06
1760465154.176 113.622 0.10602175 3.55944e-06
1760465154.184 113.686 0.10602175 2.77257e-06
1760465154.194 113.750 0.10608041 1.95323e-06
1760465154.204 113.814 0.10612324 9.11011e-07
1760465154.214 113.879 0.10620053 6.32112e-07
1760465154.224 113.943 0.10624429 4.15503e-07
1760465154.234 114.007 0.10630760 3.55851e-07
1760465154.244 114.071 0.10635229 2.19063e-07
1760465154.254 114.135 0.10639700 2.19210e-07
1760465154.264 114.199 0.10646869 1.51141e-07
1760465154.274 114.263 0.10647986 4.48646e-08
1760465154.284 114.327 0.10654225 6.54054e-08
1760465154.332 114.391 0.10683835 6.09386e-08
1760465154.382 114.455 0.10706741 6.26063e-08
1760465154.449 114.519 0.10741100 7.63850e-08
1760465154.466 114.583 0.10752087 6.73512e-08
1760465154.514 114.646 0.10766426 6.09029e-08
1760465154.524 114.710 0.10766426 1.39865e-08
1760465154.534 114.774 0.10769314 6.15795e-08
1760465154.544 114.837 0.10769871 2.13495e-08
1760465154.554 114.901 0.10767357 6.64055e-08
1760465154.564 114.965 0.10767264 7.25318e-08
1760465154.574 115.028 0.10771269 7.65210e-09
1760465154.584 115.092 0.10770059 5.58730e-08
1760465154.594 115.155 0.10769964 2.13615e-08
1760465154.604 115.219 0.10773876 6.04807e-08
1760465154.614 115.282 0.10773690 7.01428e-08
1760465154.663 115.346 0.10778438 7.78840e-08
1760465154.694 115.409 0.10787656 1.46230e-09
1760465154.717 115.472 0.10796503 7.12681e-08
1760465154.724 115.536 0.10801251 3.30715e-08
1760465154.734 115.599 0.10801251 6.44700e-08
1760465154.744 115.662 0.10808234 2.14398e-08
1760465154.754 115.725 0.10809072 6.96882e-08
1760465154.763 115.788 0.10814286 3.56265e-08
1760465154.773 115.852 0.10820712 4.08260e-09
1760465154.783 115.915 0.10826857 7.83962e-08
1760465154.793 115.978 0.10831885 2.78140e-08
1760465154.803 116.041 0.10836447 7.97119e-08
1760465154.813 116.104 0.10840266 3.75949e-08
1760465154.823 116.167 0.10844363 1.35312e-08
1760465154.833 116.230 0.10846597 8.12093e-08
1760465154.843 116.292 0.10846784 3.62237e-08
1760465154.853 116.355 0.10854046 8.01368e-08
1760465154.863 116.418 0.10860565 3.54927e-08
1760465154.873 116.481 0.10864103 4.37290e-09
1760465154.883 116.544 0.10866431 8.00861e-08
1760465154.931 116.606 0.10887940 5.22284e-08
1760465154.936 116.669 0.10894830 4.19660e-09
1760465154.985 116.732 0.10917736 6.00979e-08
1760465154.994 116.794 0.10917736 2.10354e-08
1760465155.004 116.857 0.10925465 7.52840e-08
1760465155.013 116.919 0.10932448 5.34123e-08
1760465155.023 116.982 0.10935241 1.65275e-08
1760465155.033 117.044 0.10937848 9.09681e-08
1760465155.043 117.107 0.10943528 5.02439e-08
1760465155.053 117.169 0.10946881 9.84968e-08
1760465155.063 117.232 0.10955447 5.98930e-08
1760465155.074 117.294 0.10955540 3.55411e-08
1760465155.084 117.356 0.10960475 1.03696e-07
1760465155.094 117.419 0.10965317 6.98479e-08
1760465155.103 117.481 0.10969973 1.26011e-07
1760465155.113 117.543 0.10976025 1.20463e-07
1760465155.123 117.605 0.10978167 6.55903e-08
1760465155.133 117.667 0.10980122 1.37569e-07
1760465155.143 117.729 0.10981519 9.69960e-08
1760465155.153 117.792 0.10985429 1.39565e-07
1760465155.163 117.854 0.10989341 1.01504e-07
1760465155.173 117.916 0.10994182 5.95710e-08
1760465155.183 117.978 0.10997721 1.30246e-07
1760465155.193 118.040 0.11002469 8.44205e-08
1760465155.203 118.101 0.11004890 1.16408e-07
1760465155.213 118.163 0.11012526 7.12841e-08
1760465155.243 118.225 0.11022582 4.31419e-08
1760465155.252 118.287 0.11027051 2.98925e-08
1760465155.259 118.349 0.11030030 3.70482e-08
1760465155.265 118.411 0.11038132 8.23021e-08
1760465155.313 118.472 0.11062993 7.75348e-08
1760465155.320 118.534 0.11069790 4.03700e-09
1760465155.328 118.596 0.11075935 3.04851e-08
1760465155.335 118.657 0.11080219 4.40063e-08
1760465155.343 118.719 0.11080219 3.23363e-08
1760465155.353 118.780 0.11086085 8.01609e-08
1760465155.363 118.842 0.11093255 3.77170e-08
1760465155.373 118.903 0.11100146 2.40151e-08
1760465155.383 118.965 0.11104429 9.50508e-08
1760465155.393 119.026 0.11110853 5.85078e-08
1760465155.403 119.088 0.11113926 9.82026e-08
1760465155.413 119.149 0.11121562 5.11115e-08
1760465155.424 119.210 0.11129476 3.71678e-08
1760465155.433 119.272 0.11129476 8.68123e-08
1760465155.443 119.333 0.11135994 6.07355e-08
1760465155.453 119.394 0.11143070 8.93727e-08
1760465155.463 119.455 0.11147913 4.37501e-08
1760465155.473 119.517 0.11151730 2.75592e-08
1760465155.483 119.578 0.11155082 1.03520e-07
1760465155.531 119.639 0.11174357 6.08972e-08
1760465155.581 119.700 0.11197356 4.86739e-08
1760465155.631 119.761 0.11226034 4.99925e-08
1760465155.681 119.822 0.11247450 5.44980e-08
1760465155.731 119.883 0.11259090 5.85963e-08
1760465155.828 119.944 0.11269332 9.63250e-08
1760465155.879 120.005 0.11269611 9.41630e-08
1760465155.885 120.066 0.11272032 4.49379e-08
1760465155.893 120.127 0.11272032 4.11127e-08
1760465155.903 120.188 0.11267656 8.60219e-08
1760465155.913 120.248 0.11266818 5.88559e-08
1760465155.923 120.309 0.11268401 8.69082e-08
1760465155.933 120.370 0.11269984 1.82616e-07
1760465155.943 120.431 0.11273708 1.76738e-07
1760465155.953 120.491 0.11272032 1.75078e-07
1760465155.963 120.552 0.11269798 1.96106e-07
1760465155.973 120.613 0.11272591 2.41933e-07
1760465155.983 120.673 0.11276968 4.26151e-07
1760465155.993 120.734 0.11276689 5.36865e-07
1760465156.003 120.794 0.11280506 7.72128e-07
1760465156.013 120.855 0.11280413 5.66372e-07
1760465156.023 120.915 0.11283579 7.70507e-07
1760465156.033 120.976 0.11285627 1.27549e-06
1760465156.043 121.036 0.11286558 1.36042e-06
1760465156.053 121.097 0.11290655 1.44779e-06
1760465156.063 121.157 0.11293728 1.76371e-06
1760465156.073 121.217 0.11297081 2.32660e-06
1760465156.083 121.278 0.11302388 2.80957e-06
1760465156.093 121.338 0.11306298 3.36442e-06
1760465156.103 121.398 0.11314865 4.04789e-06
1760465156.113 121.458 0.11317751 4.80847e-06
1760465156.123 121.518 0.11321290 5.62853e-06
1760465156.133 121.579 0.11331253 6.69511e-06
1760465156.143 121.639 0.11334139 7.64982e-06
1760465156.153 121.699 0.11341774 9.05490e-06
1760465156.163 121.759 0.11347362 1.07856e-05
1760465156.173 121.819 0.11354252 1.24988e-05
1760465156.183 121.879 0.11360304 1.39258e-05
1760465156.193 121.939 0.11366357 1.49754e-05
1760465156.203 121.999 0.11370919 1.74926e-05
1760465156.213 122.059 0.11379020 1.95914e-05
1760465156.223 122.119 0.11388332 2.19882e-05
1760465156.233 122.178 0.11396246 2.37956e-05
1760465156.243 122.238 0.11398108 2.64873e-05
1760465156.253 122.298 0.11406209 2.86124e-05
1760465156.263 122.358 0.11413007 2.91453e-05
1760465156.273 122.418 0.11415334 2.86279e-05
1760465156.283 122.477 0.11422038 2.74692e-05
1760465156.293 122.537 0.11429766 2.56580e-05
1760465156.303 122.597 0.11435354 2.38807e-05
1760465156.313 122.656 0.11440196 2.16834e-05
1760465156.323 122.716 0.11444572 1.90851e-05
1760465156.333 122.775 0.11451277 1.57103e-05
1760465156.380 122.835 0.11481445 5.21822e-06
1760465156.396 122.894 0.11488801 9.82833e-07
1760465156.413 122.954 0.11496435 6.01111e-07
1760465156.420 123.013 0.11504258 4.33079e-07
1760465156.427 123.073 0.11507237 4.12560e-07
1760465156.433 123.132 0.11507237 4.29970e-07
1760465156.443 123.191 0.11513569 3.38598e-07
1760465156.453 123.251 0.11516827 2.90148e-07
1760465156.463 123.310 0.11518410 2.05250e-07
1760465156.473 123.369 0.11524184 9.86254e-08
1760465156.483 123.429 0.11531260 1.11530e-07
1760465156.531 123.488 0.11550721 4.43725e-08
1760465156.581 123.547 0.11568785 4.40133e-08
1760465156.631 123.606 0.11588060 4.31064e-08
1760465156.682 123.665 0.11604540 4.37421e-08
1760465156.732 123.724 0.11616366 4.33948e-08
1760465156.782 123.783 0.11622884 4.34343e-08
1760465156.832 123.842 0.11625863 4.22621e-08
1760465156.875 123.901 0.11629401 1.64707e-08
1760465156.932 123.960 0.11634151 3.62116e-08
1760465156.938 124.019 0.11634244 -5.00100e-10
1760465156.987 124.078 0.11642345 -1.80279e-08
1760465156.996 124.137 0.11643927 5.02800e-08
1760465157.060 124.196 0.11654357 6.30843e-09
1760465157.075 124.255 0.11655846 -3.30970e-09
1760465157.082 124.314 0.11655846 2.48842e-08
1760465157.092 124.373 0.11656312 -7.44460e-09
1760465157.102 124.431 0.11659478 3.69551e-08
1760465157.143 124.490 0.11666554 2.68620e-09
1760465157.157 124.549 0.11670651 -1.36197e-08
1760465157.164 124.607 0.11672699 3.14995e-08
1760465157.173 124.666 0.11672699 -2.97467e-08
1760465157.182 124.725 0.11674376 4.60008e-08
1760465157.192 124.783 0.11675587 -1.04248e-08
1760465157.202 124.842 0.11679870 2.53524e-08
1760465157.243 124.900 0.11690670 -1.22915e-09
1760465157.252 124.959 0.11690670 1.62965e-08
1760465157.262 125.018 0.11694860 -2.62792e-09
1760465157.272 125.076 0.11696072 1.86939e-08
1760465157.282 125.134 0.11699703 7.16619e-09
1760465157.292 125.193 0.11703055 5.54060e-10
1760465157.302 125.251 0.11706965 1.22820e-08
1760465157.312 125.310 0.11709759 -5.55530e-09
1760465157.322 125.368 0.11712552 1.63998e-08
1760465157.332 125.426 0.11715626 1.41139e-09
1760465157.342 125.484 0.11720747 -8.84072e-09
1760465157.352 125.543 0.11722236 2.43973e-09
1760465157.362 125.601 0.11725961 -1.54410e-08
1760465157.372 125.659 0.11730709 6.46435e-09
1760465157.382 125.717 0.11733968 -5.30641e-09
1760465157.392 125.775 0.11735551 -1.22657e-08
1760465157.402 125.834 0.11743652 -6.37620e-10
1760465157.412 125.892 0.11747097 -1.90400e-08
1760465157.422 125.950 0.11753056 2.73238e-09
1760465157.432 126.008 0.11759760 -9.56008e-09
1760465157.462 126.066 0.11770283 -1.77759e-08
1760465157.473 126.124 0.11782202 -4.21069e-09
1760465157.482 126.182 0.11782202 1.23160e-08
1760465157.492 126.240 0.11789092 1.44055e-08
1760465157.506 126.297 0.11797472 4.64127e-08
1760465157.512 126.355 0.11797472 1.07483e-07
1760465157.522 126.413 0.11799799 9.15107e-08
1760465157.532 126.471 0.11805665 1.30350e-07
1760465157.542 126.529 0.11810601 6.00462e-08
1760465157.552 126.587 0.11818050 1.18421e-07
1760465157.562 126.644 0.11825126 8.12899e-08
1760465157.572 126.702 0.11827826 1.23020e-07
1760465157.582 126.760 0.11831086 1.53656e-07
1760465157.592 126.817 0.11838255 8.08335e-08
1760465157.602 126.875 0.11841980 1.21683e-07
1760465157.612 126.933 0.11848032 7.84085e-08
1760465157.622 126.990 0.11854085 1.17030e-07
1760465157.632 127.048 0.11857158 1.25727e-07
1760465157.642 127.105 0.11862372 4.69750e-08
1760465157.652 127.163 0.11868051 8.00199e-08
1760465157.662 127.220 0.11873639 3.93510e-08
1760465157.672 127.278 0.11876991 6.90324e-08
1760465157.682 127.335 0.11882205 9.04348e-08
1760465157.730 127.392 0.11908649 7.96598e-08
1760465157.736 127.450 0.11912466 -4.81100e-10
1760465157.743 127.507 0.11916006 2.70130e-08
1760465157.752 127.565 0.11916006 6.76579e-08
1760465157.762 127.622 0.11923268 2.12016e-08
1760465157.772 127.679 0.11928203 6.16245e-08
1760465157.782 127.736 0.11931462 8.03674e-08
1760465157.829 127.794 0.11958838 7.28344e-08
1760465157.835 127.851 0.11963493 6.70380e-09
1760465157.883 127.908 0.11983047 6.62561e-08
1760465157.892 127.965 0.11983047 1.64361e-08
1760465157.902 128.022 0.11988448 5.74410e-08
1760465157.912 128.079 0.11992731 2.18365e-08
1760465157.922 128.136 0.11993848 5.26749e-08
1760465157.932 128.193 0.11998876 7.72086e-08
1760465158.000 128.250 0.12018337 7.01184e-08
1760465158.007 128.307 0.12021037 2.85875e-08
1760465158.013 128.364 0.12023271 6.87566e-08
1760465158.022 128.421 0.12023271 1.41919e-08
1760465158.032 128.478 0.12026345 8.21562e-08
1760465158.082 128.535 0.12037332 2.55997e-07
1760465158.095 128.592 0.12043105 3.55718e-07
1760465158.102 128.649 0.12043105 4.58823e-07
1760465158.112 128.706 0.12043663 5.90916e-07
1760465158.122 128.762 0.12046829 6.88815e-07
1760465158.132 128.819 0.12049903 1.35553e-06
1760465158.142 128.876 0.12052975 2.07566e-06
1760465158.152 128.933 0.12055675 3.76933e-06
1760465158.162 128.989 0.12059958 4.70443e-06
1760465158.172 129.046 0.12060610 5.22707e-06
1760465158.182 129.103 0.12065824 6.46043e-06
1760465158.192 129.159 0.12069176 5.80329e-06
1760465158.202 129.216 0.12069550 8.11499e-06
1760465158.212 129.272 0.12072436 9.67689e-06
1760465158.222 129.329 0.12075416 1.13687e-05
1760465158.232 129.385 0.12076440 1.07885e-05
1760465158.242 129.442 0.12083516 1.19175e-05
1760465158.252 129.498 0.12086868 1.35427e-05
1760465158.262 129.555 0.12089009 1.57685e-05
1760465158.271 129.611 0.12095063 1.62153e-05
1760465158.282 129.668 0.12098880 1.83674e-05
1760465158.291 129.724 0.12104746 2.02794e-05
1760465158.301 129.780 0.12106143 2.37158e-05
1760465158.311 129.837 0.12111729 2.61238e-05
1760465158.321 129.893 0.12116013 2.84261e-05
1760465158.331 129.949 0.12117410 3.09792e-05
1760465158.341 130.005 0.12124393 3.39438e-05
1760465158.351 130.062 0.12133518 3.56375e-05
1760465158.361 130.118 0.12137243 3.88640e-05
1760465158.371 130.174 0.12139478 4.08429e-05
1760465158.381 130.230 0.12144319 4.43886e-05
1760465158.391 130.286 0.12154561 4.78839e-05
1760465158.401 130.342 0.12161639 5.56402e-05
1760465158.411 130.398 0.12166853 6.22396e-05
1760465158.421 130.455 0.12172626 7.17320e-05
1760465158.431 130.511 0.12179236 7.75156e-05
1760465158.441 130.567 0.12181844 7.56783e-05
1760465158.451 130.623 0.12185848 8.07033e-05
1760465158.461 130.678 0.12191435 8.03230e-05
1760465158.471 130.734 0.12198325 8.57601e-05
1760465158.481 130.790 0.12206054 8.12153e-05
1760465158.491 130.846 0.12213968 7.69485e-05
1760465158.501 130.902 0.12219648 7.08401e-05
1760465158.552 130.958 0.12252797 5.03941e-05
1760465158.562 131.014 0.12252797 2.46819e-05
1760465158.572 131.070 0.12259780 1.54072e-05
1760465158.582 131.125 0.12263318 1.31161e-05
1760465158.592 131.181 0.12267694 7.92611e-06
1760465158.602 131.237 0.12273468 4.03838e-06
1760465158.611 131.292 0.12280823 1.98892e-06
1760465158.621 131.348 0.12283058 1.14743e-06
1760465158.631 131.404 0.12284641 9.74572e-07
1760465158.641 131.459 0.12289203 7.55719e-07
1760465158.651 131.515 0.12290787 7.32001e-07
1760465158.661 131.571 0.12293208 5.23848e-07
1760465158.671 131.626 0.12301215 3.82078e-07
1760465158.681 131.682 0.12305033 2.97087e-07
1760465158.691 131.737 0.12308385 1.58476e-07
1760465158.701 131.793 0.12313226 1.70150e-07
1760465158.711 131.848 0.12316859 1.88882e-07
1760465158.721 131.904 0.12321328 1.37829e-07
1760465158.731 131.959 0.12326821 1.43161e-07
1760465158.741 132.014 0.12326821 7.66437e-08
1760465158.751 132.070 0.12327380 9.64925e-08
1760465158.761 132.125 0.12333525 3.83123e-08
1760465158.771 132.180 0.12337995 7.79016e-08
1760465158.781 132.236 0.12340509 7.43214e-08
1760465158.791 132.291 0.12343396 1.57751e-08
1760465158.801 132.346 0.12346282 6.16200e-08
1760465158.811 132.401 0.12350379 1.51426e-08
1760465158.821 132.457 0.12356710 6.30725e-08
1760465158.869 132.512 0.12384366 -8.56250e-09
1760465158.919 132.567 0.12409786 -2.47410e-09
1760465158.969 132.622 0.12437533 -7.18550e-09
1760465159.020 132.677 0.12456622 -2.01410e-09
1760465159.026 132.732 0.12462860 2.43369e-08
1760465159.033 132.787 0.12466584 5.96441e-08
1760465159.126 132.842 0.12471613 2.73956e-08
1760465159.132 132.897 0.12470217 6.41919e-08
1760465159.201 132.952 0.12471427 6.28830e-08
1760465159.207 133.007 0.12475989 1.28189e-08
1760465159.213 133.062 0.12478131 6.16624e-08
1760465159.221 133.117 0.12478131 6.48020e-09
1760465159.269 133.172 0.12480365 8.35900e-09
1760465159.319 133.227 0.12489583 6.05380e-09
1760465159.369 133.282 0.12505040 -5.76320e-09
1760465159.420 133.337 0.12516028 -1.70348e-08
1760465159.429 133.392 0.12518263 6.03250e-08
1760465159.438 133.446 0.12518915 -1.65343e-08
1760465159.479 133.501 0.12527108 1.86777e-08
1760465159.493 133.556 0.12526363 2.68872e-08
1760465159.501 133.611 0.12526363 3.24936e-08
1760465159.511 133.665 0.12531205 -1.63351e-08
1760465159.521 133.720 0.12532136 3.95581e-08
1760465159.562 133.775 0.12539400 4.88271e-09
1760465159.571 133.829 0.12539400 1.25907e-08
1760465159.581 133.884 0.12543497 -3.66130e-09
1760465159.591 133.938 0.12542007 -6.73895e-09
1760465159.601 133.993 0.12542379 3.54730e-09
1760465159.611 134.048 0.12543310 -1.32359e-08
1760465159.621 134.102 0.12545638 7.78493e-09
1760465159.631 134.157 0.12547873 -1.58087e-08
1760465159.687 134.211 0.12563702 -8.30466e-08
1760465159.696 134.266 0.12566868 -2.97420e-08
1760465159.706 134.320 0.12571710 -6.27533e-08
1760465159.754 134.374 0.12589308 -9.48790e-08
1760465159.761 134.429 0.12589960 -1.17862e-08
1760465159.771 134.483 0.12589960 -2.24252e-08
1760465159.781 134.538 0.12594802 -2.50624e-08
1760465159.791 134.592 0.12601320 -8.26984e-08
1760465159.839 134.646 0.12616963 -3.20849e-08
1760465159.845 134.700 0.12619942 3.27234e-08
1760465159.886 134.755 0.12630930 4.40312e-09
1760465159.892 134.809 0.12632513 -5.64593e-09
1760465159.901 134.863 0.12632513 1.58683e-08
1760465159.911 134.917 0.12635027 3.50471e-09
1760465159.924 134.972 0.12642663 -2.67910e-09
1760465159.931 135.026 0.12642663 3.75697e-08
1760465159.980 135.080 0.12652532 5.71424e-08
1760465159.989 135.134 0.12655326 1.73640e-08
1760465159.998 135.188 0.12657747 4.41062e-08
1760465160.046 135.242 0.12670410 7.50432e-08
1760465160.053 135.296 0.12672831 8.67500e-10
1760465160.101 135.350 0.12689778 5.69794e-08
1760465160.111 135.404 0.12689778 1.69680e-08
1760465160.121 135.458 0.12692199 5.14863e-08
1760465160.131 135.512 0.12694247 7.36170e-08
1760465160.237 135.566 0.12720319 -5.03040e-09
1760465160.285 135.620 0.12730840 1.69356e-08
1760465160.336 135.674 0.12736800 1.05144e-08
1760465160.386 135.728 0.12741083 1.18208e-08
1760465160.436 135.782 0.12750487 7.24860e-09
1760465160.443 135.835 0.12751232 2.22017e-08
1760465160.451 135.889 0.12751232 7.19626e-08
1760465160.460 135.943 0.12752537 1.43167e-08
1760465160.470 135.997 0.12751418 6.12462e-08
1760465160.480 136.051 0.12753001 2.66866e-08
1760465160.490 136.104 0.12754678 4.03790e-09
1760465160.500 136.158 0.12756820 7.56083e-08
1760465160.548 136.212 0.12759892 6.13336e-08
1760465160.598 136.265 0.12768924 6.29585e-08
1760465160.648 136.319 0.12783450 7.59192e-08
1760465160.699 136.373 0.12798535 8.43763e-08
1760465160.773 136.426 0.12818089 5.20781e-08
1760465160.781 136.480 0.12818089 1.06376e-07
1760465160.790 136.533 0.12817901 3.04416e-08
1760465160.800 136.587 0.12819020 9.36554e-08
1760465160.810 136.640 0.12819484 5.29982e-08
1760465160.820 136.694 0.12819020 9.71927e-08
1760465160.830 136.747 0.12821999 5.67858e-08
1760465160.840 136.801 0.12822278 3.35366e-08
1760465160.850 136.854 0.12822930 1.05284e-07
1760465160.860 136.908 0.12820137 5.70351e-08
1760465160.870 136.961 0.12823582 9.69566e-08
1760465160.880 137.014 0.12825258 6.08434e-08
1760465160.890 137.068 0.12823861 3.18417e-08
1760465160.900 137.121 0.12824048 1.05743e-07
1760465160.910 137.174 0.12826375 5.79686e-08
1760465160.920 137.228 0.12826841 1.04399e-07
1760465160.930 137.281 0.12827865 5.96144e-08
1760465160.940 137.334 0.12827772 3.38667e-08
1760465160.950 137.387 0.12830751 1.10623e-07
1760465160.960 137.440 0.12835314 6.19036e-08
1760465160.970 137.494 0.12836804 1.04296e-07
1760465160.980 137.547 0.12841831 6.49828e-08
1760465160.990 137.600 0.12846302 4.23374e-08
1760465161.000 137.653 0.12848629 1.17459e-07
1760465161.010 137.706 0.12852819 6.82890e-08
1760465161.020 137.759 0.12857102 1.22357e-07
1760465161.030 137.812 0.12864366 7.56525e-08
1760465161.040 137.865 0.12866042 5.48861e-08
1760465161.050 137.918 0.12869766 1.33229e-07
1760465161.060 137.971 0.12878798 8.73119e-08
1760465161.070 138.024 0.12885503 1.43780e-07
1760465161.080 138.077 0.12891275 1.05663e-07
1760465161.090 138.130 0.12896303 8.94008e-08
1760465161.100 138.183 0.12901145 1.68324e-07
1760465161.110 138.236 0.12906266 1.20969e-07
1760465161.120 138.289 0.12912319 1.79124e-07
1760465161.130 138.342 0.12920885 1.29946e-07
1760465161.140 138.395 0.12925447 1.29048e-07
1760465161.150 138.447 0.12928799 2.08115e-07
1760465161.160 138.500 0.12938856 1.58180e-07
1760465161.170 138.553 0.12944163 1.95500e-07
1760465161.180 138.606 0.12949843 1.45555e-07
1760465161.190 138.658 0.12954406 1.19246e-07
1760465161.200 138.711 0.12960552 1.86324e-07
1760465161.210 138.764 0.12962507 1.29987e-07
1760465161.220 138.817 0.12968093 1.74814e-07
1760465161.230 138.869 0.12975450 1.08697e-07
1760465161.240 138.922 0.12980012 8.22741e-08
1760465161.250 138.974 0.12982806 1.42326e-07
1760465161.260 139.027 0.12987089 8.53360e-08
1760465161.270 139.080 0.12994444 1.19293e-07
1760465161.280 139.132 0.12999660 7.22308e-08
