1760470117.883 42.743 0.04111889 5.85339e-08
1760470117.931 42.914 0.04109189 8.43023e-08
1760470117.938 43.084 0.04108444 -7.93200e-10
1760470117.986 43.253 0.04110679 6.49866e-08
1760470117.996 43.422 0.04110679 2.17788e-08
1760470118.006 43.590 0.04109654 4.06823e-08
1760470118.016 43.757 0.04111051 7.43669e-08
1760470118.065 43.924 0.04116824 6.36112e-08
1760470118.072 44.090 0.04117942 2.27850e-09
1760470118.119 44.256 0.04145224 3.77058e-08
1760470118.126 44.420 0.04151462 1.66733e-08
1760470118.135 44.585 0.04151462 6.30505e-08
1760470118.183 44.748 0.04183959 4.97693e-08
1760470118.233 44.911 0.04230050 5.75671e-08
1760470118.286 45.074 0.04276327 6.34199e-07
1760470118.296 45.236 0.04276327 1.62260e-06
1760470118.309 45.397 0.04286384 1.08377e-05
1760470118.316 45.558 0.04293554 1.83460e-05
1760470118.325 45.718 0.04293554 3.26565e-05
1760470118.335 45.878 0.04298861 4.19024e-05
1760470118.345 46.037 0.04303610 5.79159e-05
1760470118.356 46.195 0.04310686 5.79209e-05
1760470118.365 46.353 0.04314225 5.04742e-05
1760470118.375 46.511 0.04314876 3.96968e-05
1760470118.385 46.668 0.04318228 2.67150e-05
1760470118.439 46.824 0.04338620 8.25262e-07
1760470118.446 46.980 0.04341041 6.77425e-07
1760470118.455 47.135 0.04341041 4.64468e-07
1760470118.465 47.290 0.04345883 2.93961e-07
1760470118.475 47.444 0.04352401 7.13526e-08
1760470118.485 47.598 0.04356033 6.74782e-08
1760470118.533 47.752 0.04406686 5.48110e-08
1760470118.583 47.904 0.04467024 5.30924e-08
1760470118.635 48.057 0.04534438 1.11065e-07
1760470118.645 48.209 0.04534438 8.59483e-08
1760470118.655 48.360 0.04546542 1.14859e-07
1760470118.665 48.511 0.04555575 8.23374e-08
1760470118.675 48.661 0.04564700 3.27761e-08
1760470118.685 48.811 0.04574197 9.71158e-08
1760470118.695 48.961 0.04581181 5.02256e-08
1760470118.705 49.110 0.04583974 8.82423e-08
1760470118.715 49.259 0.04589189 5.02051e-08
1760470118.725 49.407 0.04595148 1.01525e-08
1760470118.735 49.555 0.04596637 8.36794e-08
1760470118.745 49.702 0.04599617 3.51087e-08
1760470118.755 49.849 0.04602131 7.40768e-08
1760470118.765 49.995 0.04602411 4.49425e-08
1760470118.775 50.141 0.04605949 -3.37700e-10
1760470118.785 50.287 0.04609022 7.20394e-08
1760470118.795 50.432 0.04613212 2.65757e-08
1760470118.805 50.577 0.04616564 6.88651e-08
1760470118.853 50.721 0.04640308 4.49409e-08
1760470118.859 50.865 0.04650178 1.36482e-08
1760470118.865 51.008 0.04661910 5.31724e-08
1760470118.913 51.152 0.04706884 7.60785e-08
1760470118.919 51.294 0.04720106 4.83679e-08
1760470118.925 51.437 0.04734259 1.65436e-08
1760470118.935 51.579 0.04734259 4.93224e-08
1760470119.014 51.720 0.04848789 6.42065e-08
1760470119.021 51.861 0.04857541 -1.56230e-08
1760470119.071 52.002 0.04903912 -1.35602e-08
1760470119.121 52.142 0.04929891 -1.35761e-08
1760470119.170 52.282 0.04934546 -1.43082e-08
1760470119.221 52.422 0.04938736 -1.48644e-08
1760470119.271 52.561 0.04943392 -1.48482e-08
1760470119.320 52.700 0.04952703 -1.39856e-08
1760470119.371 52.839 0.04967229 -1.31697e-08
1760470119.421 52.977 0.04982686 -1.21661e-08
1760470119.471 53.115 0.04998888 -1.10317e-08
1760470119.550 53.252 0.05018907 5.58300e-08
1760470119.598 53.389 0.05031943 4.44759e-08
1760470119.649 53.526 0.05040696 4.30948e-08
1760470119.698 53.662 0.05051869 4.25182e-08
1760470119.749 53.798 0.05062577 4.30979e-08
1760470119.798 53.934 0.05072261 4.55184e-08
1760470119.848 54.070 0.05086042 4.77424e-08
1760470119.898 54.205 0.05098053 5.12074e-08
1760470119.949 54.339 0.05112207 5.37528e-08
1760470119.999 54.474 0.05127664 5.62540e-08
1760470120.049 54.608 0.05142469 5.62718e-08
1760470120.121 54.741 0.05153456 -1.17142e-08
1760470120.173 54.875 0.05167050 1.67964e-08
1760470120.180 55.008 0.05169099 6.77642e-08
1760470120.186 55.141 0.05169379 7.01010e-09
1760470120.234 55.273 0.05181018 5.36021e-08
1760470120.284 55.405 0.05190701 5.33618e-08
1760470120.334 55.537 0.05206903 5.19775e-08
1760470120.385 55.668 0.05227481 5.24497e-08
1760470120.435 55.800 0.05249828 5.12410e-08
1760470120.485 55.930 0.05265937 4.87941e-08
1760470120.535 56.061 0.05277855 4.57819e-08
1760470120.585 56.191 0.05285584 4.37277e-08
1760470120.594 56.321 0.05285584 1.26870e-08
1760470120.604 56.451 0.05286236 5.79156e-08
1760470120.680 56.580 0.05307745 5.86593e-08
1760470120.687 56.709 0.05305883 -1.27410e-08
1760470120.737 56.838 0.05323108 -1.45524e-08
1760470120.786 56.966 0.05341173 2.58620e-09
1760470120.836 57.095 0.05359237 7.00710e-09
1760470120.886 57.222 0.05379629 3.95060e-09
1760470120.935 57.350 0.05397134 -2.02620e-09
1760470120.986 57.477 0.05409332 -6.48930e-09
1760470121.036 57.604 0.05418457 -9.81680e-09
1760470121.086 57.731 0.05428420 -1.18013e-08
1760470121.136 57.858 0.05432982 -1.42824e-08
1760470121.215 57.984 0.05455236 5.51231e-08
1760470121.264 58.110 0.05468180 4.76851e-08
1760470121.314 58.236 0.05480284 4.61463e-08
1760470121.364 58.361 0.05487174 4.52633e-08
1760470121.431 58.486 0.05496579 6.37072e-08
1760470121.482 58.611 0.05510173 5.81763e-08
1760470121.532 58.736 0.05521999 6.62088e-08
1760470121.582 58.860 0.05530938 6.08159e-08
1760470121.632 58.984 0.05544346 6.75047e-08
1760470121.682 59.108 0.05554030 6.11232e-08
1760470121.754 59.231 0.05570046 -6.27330e-09
1760470121.764 59.355 0.05570046 7.55514e-08
1760470121.812 59.478 0.05584106 7.17285e-08
1760470121.819 59.600 0.05588295 -1.45520e-09
1760470121.867 59.723 0.05594627 5.33689e-08
1760470121.874 59.845 0.05600494 1.15572e-08
1760470121.884 59.967 0.05600494 4.75914e-08
1760470121.932 60.089 0.05610550 6.50930e-08
1760470121.982 60.211 0.05627310 5.94014e-08
1760470122.050 60.332 0.05661855 5.83502e-08
1760470122.100 60.453 0.05685134 5.94008e-08
1760470122.150 60.574 0.05703663 6.00319e-08
1760470122.200 60.694 0.05710181 6.13466e-08
1760470122.207 60.815 0.05713720 1.34945e-08
1760470122.214 60.935 0.05714278 5.63644e-08
1760470122.290 61.055 0.05723217 1.84782e-08
1760470122.296 61.174 0.05725079 5.46759e-08
1760470122.303 61.294 0.05725079 -4.06940e-09
1760470122.351 61.413 0.05735974 4.46858e-08
1760470122.358 61.532 0.05741002 1.67426e-08
1760470122.365 61.650 0.05740908 6.53401e-08
1760470122.414 61.769 0.05756272 5.84563e-08
1760470122.464 61.887 0.05785603 6.12135e-08
1760470122.532 62.005 0.05821824 8.10818e-08
1760470122.582 62.123 0.05840819 6.55658e-08
1760470122.589 62.240 0.05845754 2.14925e-08
1760470122.596 62.358 0.05854042 6.11616e-08
1760470122.603 62.475 0.05854042 -4.38920e-09
1760470122.651 62.592 0.05863912 2.58405e-08
1760470122.694 62.708 0.05866705 1.54476e-08
1760470122.709 62.825 0.05872478 1.22900e-10
1760470122.715 62.941 0.05875365 4.40640e-08
1760470122.723 63.057 0.05875365 -2.17870e-09
1760470122.733 63.173 0.05875085 4.96235e-08
1760470122.775 63.289 0.05890821 1.37766e-08
1760470122.789 63.404 0.05896966 3.84430e-09
1760470122.819 63.519 0.05909258 6.23493e-08
1760470122.830 63.634 0.05911120 5.78801e-08
1760470122.882 63.749 0.05943337 5.72347e-08
1760470122.931 63.864 0.05973506 6.76168e-08
1760470122.988 63.978 0.06010845 8.83770e-09
1760470122.995 64.092 0.06015686 6.43978e-08
1760470123.003 64.206 0.06015686 1.23579e-08
1760470123.053 64.320 0.06039896 4.74331e-07
1760470123.063 64.433 0.06039896 9.63005e-07
1760470123.073 64.547 0.06038964 1.77994e-06
1760470123.083 64.660 0.06041293 3.46023e-06
1760470123.093 64.773 0.06041293 4.27599e-06
1760470123.103 64.886 0.06044645 5.74707e-06
1760470123.113 64.998 0.06050977 7.85521e-06
1760470123.122 65.111 0.06052466 9.85392e-06
1760470123.133 65.223 0.06051349 1.24308e-05
1760470123.142 65.335 0.06052373 1.55950e-05
1760470123.153 65.446 0.06053025 1.87836e-05
1760470123.162 65.558 0.06054608 2.35451e-05
1760470123.172 65.669 0.06056656 2.63846e-05
1760470123.182 65.781 0.06059822 3.42043e-05
1760470123.192 65.892 0.06062336 4.08938e-05
1760470123.202 66.003 0.06067364 5.25150e-05
1760470123.212 66.113 0.06071927 6.46920e-05
1760470123.222 66.224 0.06078724 7.24099e-05
1760470123.232 66.334 0.06087104 7.30091e-05
1760470123.242 66.444 0.06091574 7.22694e-05
1760470123.252 66.554 0.06096695 6.83241e-05
1760470123.262 66.664 0.06102189 6.26609e-05
1760470123.272 66.773 0.06110941 5.14350e-05
1760470123.282 66.883 0.06121743 2.92691e-05
1760470123.292 66.992 0.06130588 7.85792e-06
1760470123.302 67.101 0.06139899 4.47118e-06
1760470123.312 67.210 0.06154239 1.83105e-06
1760470123.322 67.319 0.06167834 4.83443e-07
1760470123.332 67.427 0.06178542 3.11339e-07
1760470123.382 67.535 0.06245211 1.00004e-07
1760470123.388 67.644 0.06256571 5.45083e-08
1760470123.394 67.752 0.06273052 1.11510e-07
1760470123.402 67.859 0.06273052 5.43875e-08
1760470123.412 67.967 0.06287112 5.69184e-08
1760470123.422 68.074 0.06298472 2.52868e-08
1760470123.432 68.182 0.06307969 9.54987e-08
1760470123.480 68.289 0.06366445 1.27932e-07
1760470123.486 68.396 0.06376222 6.36542e-08
1760470123.492 68.503 0.06376222 1.24115e-07
1760470123.502 68.609 0.06386092 1.28573e-07
1760470123.512 68.716 0.06389444 1.12318e-07
1760470123.522 68.822 0.06396055 7.26681e-08
1760470123.532 68.928 0.06406111 1.36943e-07
1760470123.542 69.034 0.06407880 7.47423e-08
1760470123.552 69.140 0.06413281 1.00548e-07
1760470123.562 69.246 0.06420264 4.59080e-08
1760470123.572 69.351 0.06427713 1.19944e-08
1760470123.582 69.456 0.06431903 8.37626e-08
1760470123.592 69.562 0.06436839 4.19610e-08
1760470123.602 69.667 0.06441308 9.29776e-08
1760470123.612 69.772 0.06442518 6.88209e-08
1760470123.622 69.876 0.06445591 5.59336e-08
1760470123.632 69.981 0.06449688 1.69509e-07
1760470123.642 70.085 0.06455833 4.10573e-07
1760470123.652 70.189 0.06461420 1.17741e-06
1760470123.662 70.293 0.06465983 4.53537e-06
1760470123.672 70.397 0.06473525 7.32377e-06
1760470123.682 70.501 0.06480136 1.34164e-05
1760470123.692 70.605 0.06486561 2.73377e-05
1760470123.702 70.708 0.06494290 4.37103e-05
1760470123.712 70.812 0.06503507 7.81888e-05
1760470123.722 70.915 0.06511981 1.48360e-04
1760470123.732 71.018 0.06520734 2.00710e-04
1760470123.742 71.121 0.06527624 2.02178e-04
1760470123.752 71.223 0.06538146 1.88151e-04
1760470123.762 71.326 0.06549599 1.49983e-04
1760470123.772 71.428 0.06560772 6.79197e-05
1760470123.782 71.531 0.06571667 1.70892e-05
1760470123.792 71.633 0.06582933 1.07123e-05
1760470123.802 71.735 0.06594759 1.45084e-05
1760470123.812 71.836 0.06609191 1.89778e-05
1760470123.822 71.938 0.06617944 1.80634e-05
1760470123.832 72.040 0.06629956 1.45958e-05
1760470123.842 72.141 0.06642340 6.07705e-06
1760470123.852 72.242 0.06652303 1.34779e-06
1760470123.862 72.344 0.06666083 9.16396e-07
1760470123.872 72.444 0.06677723 1.13102e-06
1760470123.882 72.545 0.06691411 3.62004e-06
1760470123.912 72.646 0.06724932 6.25564e-06
1760470123.937 72.747 0.06753983 4.76960e-07
1760470123.944 72.847 0.06760966 3.53082e-07
1760470123.952 72.947 0.06760966 2.35271e-07
1760470123.962 73.047 0.06773350 2.95182e-07
1760470123.972 73.147 0.06783593 2.27505e-07
1760470123.982 73.247 0.06790204 3.54758e-07
1760470123.992 73.347 0.06799608 3.43417e-07
1760470124.002 73.447 0.06808920 4.34653e-07
1760470124.012 73.546 0.06816183 5.85677e-07
1760470124.022 73.645 0.06824749 9.59980e-07
1760470124.032 73.745 0.06832756 1.24169e-06
1760470124.042 73.844 0.06838157 1.21949e-06
1760470124.052 73.943 0.06843651 1.24204e-06
1760470124.062 74.041 0.06850169 1.16224e-06
1760470124.072 74.140 0.06855942 8.61318e-07
1760470124.082 74.239 0.06861901 6.90069e-07
1760470124.092 74.337 0.06868792 5.87062e-07
1760470124.102 74.435 0.06875030 5.93073e-07
1760470124.112 74.533 0.06881455 5.18398e-07
1760470124.122 74.631 0.06890860 3.59956e-07
1760470124.132 74.729 0.06896074 3.72991e-07
1760470124.142 74.827 0.06900264 4.02622e-07
1760470124.152 74.925 0.06904827 5.76199e-07
1760470124.162 75.022 0.06910972 6.70986e-07
1760470124.172 75.120 0.06917583 6.37948e-07
1760470124.182 75.217 0.06926336 6.63684e-07
1760470124.192 75.314 0.06936299 5.47366e-07
1760470124.202 75.411 0.06944399 5.46870e-07
1760470124.212 75.508 0.06953245 4.07778e-07
1760470124.222 75.605 0.06963488 2.64972e-07
1760470124.232 75.701 0.06968702 3.69334e-07
1760470124.242 75.798 0.06982204 3.43356e-07
1760470124.252 75.894 0.06991515 1.03264e-06
1760470124.262 75.990 0.07000547 5.90169e-06
1760470124.272 76.087 0.07010882 1.30943e-05
1760470124.282 76.183 0.07018425 3.82893e-05
1760470124.292 76.279 0.07028481 7.53723e-05
1760470124.302 76.374 0.07041424 1.90187e-04
1760470124.312 76.470 0.07053715 3.73946e-04
1760470124.322 76.565 0.07062654 4.01946e-04
1760470124.332 76.661 0.07072710 3.76083e-04
1760470124.342 76.756 0.07084070 2.93758e-04
1760470124.352 76.851 0.07094592 9.51238e-05
1760470124.362 76.946 0.07104834 2.59149e-05
1760470124.372 77.041 0.07114611 8.51357e-06
1760470124.382 77.136 0.07123643 3.76790e-06
1760470124.392 77.231 0.07135096 1.22132e-06
1760470124.402 77.326 0.07146083 7.39448e-07
1760470124.412 77.420 0.07154184 3.39155e-07
1760470124.422 77.514 0.07163495 1.25286e-07
1760470124.432 77.609 0.07171876 2.83540e-07
1760470124.460 77.703 0.07195247 7.11243e-07
1760470124.474 77.797 0.07215825 1.14224e-05
1760470124.482 77.891 0.07215825 1.82729e-05
1760470124.492 77.984 0.07223740 3.30326e-05
1760470124.502 78.078 0.07231748 3.69805e-05
1760470124.512 78.172 0.07240500 3.66854e-05
1760470124.522 78.265 0.07246553 3.36446e-05
1760470124.532 78.359 0.07255771 2.69810e-05
1760470124.542 78.452 0.07263779 1.20455e-05
1760470124.552 78.545 0.07274300 4.24674e-06
1760470124.562 78.638 0.07282401 3.12645e-06
1760470124.572 78.731 0.07288268 2.22207e-06
1760470124.582 78.824 0.07293109 1.77922e-06
1760470124.592 78.916 0.07302048 1.56985e-06
1760470124.602 79.009 0.07309405 1.49826e-06
1760470124.612 79.101 0.07318995 1.31438e-06
1760470124.622 79.194 0.07324023 1.06257e-06
1760470124.632 79.286 0.07329330 7.68243e-07
1760470124.642 79.378 0.07338549 5.26779e-07
1760470124.652 79.470 0.07346463 5.27403e-07
1760470124.662 79.562 0.07350653 4.86776e-07
1760470124.672 79.654 0.07358568 4.89488e-07
1760470124.682 79.746 0.07367880 6.21368e-07
1760470124.692 79.837 0.07376074 5.96291e-07
1760470124.702 79.929 0.07382778 6.65753e-07
1760470124.712 80.020 0.07390134 6.59365e-07
1760470124.722 80.112 0.07398514 6.03317e-07
1760470124.732 80.203 0.07406801 5.82492e-07
1760470124.742 80.294 0.07414343 5.02964e-07
1760470124.751 80.385 0.07420582 6.70524e-07
1760470124.761 80.476 0.07430731 9.06199e-07
1760470124.771 80.566 0.07440042 1.37542e-06
1760470124.781 80.657 0.07447026 3.15509e-06
1760470124.792 80.748 0.07457548 5.28614e-06
1760470124.801 80.838 0.07468256 1.03133e-05
1760470124.811 80.929 0.07478126 1.70093e-05
1760470124.821 81.019 0.07486972 1.90745e-05
1760470124.831 81.109 0.07492279 1.84209e-05
1760470124.841 81.199 0.07502428 1.57843e-05
1760470124.851 81.289 0.07512205 1.15943e-05
1760470124.861 81.379 0.07519934 4.80082e-06
1760470124.871 81.469 0.07530083 1.33244e-06
1760470124.881 81.558 0.07539302 9.24613e-07
1760470124.891 81.648 0.07550568 7.22533e-07
1760470124.901 81.738 0.07560624 8.60600e-07
1760470124.911 81.827 0.07566491 1.09210e-06
1760470124.921 81.916 0.07575709 1.19833e-06
1760470124.931 82.005 0.07586138 1.26909e-06
1760470124.941 82.095 0.07595263 1.06087e-06
1760470124.951 82.184 0.07604108 9.17044e-07
1760470124.961 82.272 0.07610906 6.01087e-07
1760470124.971 82.361 0.07621614 4.05260e-07
1760470125.019 82.450 0.07659511 7.33626e-07
1760470125.028 82.539 0.07669008 6.10238e-06
1760470125.034 82.627 0.07679158 8.55233e-06
1760470125.041 82.716 0.07679158 1.22054e-05
1760470125.051 82.804 0.07684279 1.92911e-05
1760470125.061 82.892 0.07693591 4.34022e-05
1760470125.071 82.980 0.07703646 7.15103e-05
1760470125.081 83.068 0.07706813 1.40396e-04
1760470125.091 83.156 0.07722455 2.33745e-04
1760470125.101 83.244 0.07722455 2.47080e-04
1760470125.111 83.332 0.07733070 2.45013e-04
1760470125.121 83.420 0.07739123 2.30097e-04
1760470125.131 83.507 0.07742568 1.96365e-04
1760470125.141 83.595 0.07749272 1.32173e-04
1760470125.151 83.682 0.07753369 7.01188e-05
1760470125.161 83.769 0.07762215 2.39001e-05
1760470125.171 83.857 0.07768081 1.05732e-05
1760470125.181 83.944 0.07775437 7.03595e-06
1760470125.191 84.031 0.07783724 4.16674e-06
1760470125.201 84.118 0.07786704 2.47917e-06
1760470125.211 84.205 0.07791639 1.48666e-06
1760470125.221 84.291 0.07801043 9.70664e-07
1760470125.231 84.378 0.07807934 7.71105e-07
1760470125.241 84.465 0.07811193 5.33718e-07
1760470125.251 84.551 0.07816221 4.15142e-07
1760470125.261 84.638 0.07825066 2.90572e-07
1760470125.271 84.724 0.07830188 2.03294e-07
1760470125.286 84.810 0.07845551 2.83652e-07
1760470125.292 84.896 0.07856446 3.90582e-07
1760470125.301 84.982 0.07856446 4.01409e-07
1760470125.311 85.068 0.07864640 5.16728e-07
1760470125.321 85.154 0.07871158 6.83430e-07
1760470125.331 85.240 0.07878513 8.26558e-07
1760470125.341 85.326 0.07887825 7.80120e-07
1760470125.351 85.411 0.07899743 7.77263e-07
1760470125.361 85.497 0.07909334 6.99193e-07
1760470125.371 85.582 0.07915107 5.22838e-07
1760470125.381 85.668 0.07923022 3.82995e-07
1760470125.391 85.753 0.07935778 2.73511e-07
1760470125.401 85.838 0.07944996 2.98199e-07
1760470125.411 85.923 0.07954215 2.82988e-07
1760470125.421 86.008 0.07958964 2.88107e-07
1760470125.431 86.093 0.07971627 4.47219e-07
1760470125.441 86.178 0.07977586 4.73990e-07
1760470125.451 86.263 0.07985501 7.66176e-07
1760470125.461 86.348 0.07993788 8.88955e-07
1760470125.471 86.432 0.08004124 9.57280e-07
1760470125.481 86.517 0.08012969 1.13555e-06
1760470125.491 86.601 0.08022187 1.36702e-06
1760470125.501 86.686 0.08026937 1.85771e-06
1760470125.511 86.770 0.08039507 3.08303e-06
1760470125.521 86.854 0.08047608 4.57434e-06
1760470125.551 86.938 0.08070141 8.78828e-06
1760470125.578 87.022 0.08093233 2.70343e-05
1760470125.583 87.106 0.08103569 2.51061e-05
1760470125.591 87.190 0.08103569 2.32172e-05
1760470125.601 87.274 0.08109714 1.94046e-05
1760470125.611 87.358 0.08113625 1.12140e-05
1760470125.621 87.441 0.08122284 5.41083e-06
1760470125.631 87.525 0.08132341 2.34852e-06
1760470125.641 87.608 0.08141280 1.28017e-06
1760470125.651 87.692 0.08145097 8.96561e-07
1760470125.661 87.775 0.08150591 6.39582e-07
1760470125.671 87.858 0.08158227 4.91848e-07
1760470125.681 87.942 0.08164744 5.51681e-07
1760470125.691 88.025 0.08167537 5.59721e-07
1760470125.701 88.108 0.08173962 6.88439e-07
1760470125.711 88.191 0.08181505 7.58791e-07
1760470125.721 88.273 0.08190630 7.52551e-07
1760470125.731 88.356 0.08195937 8.49694e-07
1760470125.741 88.439 0.08201711 8.06394e-07
1760470125.751 88.522 0.08205900 8.47390e-07
1760470125.761 88.604 0.08209904 8.17642e-07
1760470125.771 88.687 0.08217540 7.68608e-07
1760470125.781 88.769 0.08226385 7.48766e-07
1760470125.791 88.851 0.08231693 6.12922e-07
1760470125.801 88.933 0.08235511 5.72257e-07
1760470125.811 89.016 0.08242866 4.90422e-07
1760470125.821 89.098 0.08250316 4.18502e-07
1760470125.831 89.180 0.08255809 4.86129e-07
1760470125.841 89.262 0.08260186 4.19360e-07
1760470125.851 89.344 0.08269032 4.67333e-07
1760470125.861 89.425 0.08277784 5.01327e-07
1760470125.871 89.507 0.08283743 5.29651e-07
1760470125.881 89.589 0.08291379 6.05814e-07
1760470125.891 89.670 0.08301342 5.22938e-07
1760470125.901 89.752 0.08311211 4.91254e-07
1760470125.911 89.833 0.08319964 3.70247e-07
1760470125.921 89.914 0.08325272 2.25690e-07
1760470125.931 89.996 0.08332721 2.07941e-07
1760470125.941 90.077 0.08342125 7.90721e-08
1760470125.951 90.158 0.08352554 1.40884e-07
1760470125.961 90.239 0.08358420 1.25232e-07
1760470125.971 90.320 0.08368104 1.31550e-07
1760470125.981 90.401 0.08380954 2.18899e-07
1760470125.991 90.482 0.08388589 1.74071e-07
1760470126.001 90.563 0.08391289 1.67861e-07
1760470126.013 90.643 0.08412333 2.10509e-07
1760470126.021 90.724 0.08421085 1.60516e-07
1760470126.031 90.804 0.08421085 2.36466e-07
1760470126.041 90.885 0.08426114 2.15123e-07
1760470126.051 90.965 0.08435611 2.90568e-07
1760470126.061 91.046 0.08445016 3.15458e-07
1760470126.071 91.126 0.08452185 3.13672e-07
1760470126.101 91.206 0.08482168 4.17033e-07
1760470126.111 91.286 0.08491479 3.13973e-07
1760470126.121 91.366 0.08491479 2.26882e-07
1760470126.131 91.446 0.08497066 2.93730e-07
1760470126.141 91.526 0.08501163 2.21975e-07
1760470126.151 91.606 0.08508333 2.36122e-07
1760470126.161 91.686 0.08514013 2.33501e-07
1760470126.188 91.765 0.08537664 1.35803e-06
1760470126.194 91.845 0.08543437 1.87650e-06
1760470126.202 91.925 0.08551537 2.77768e-06
1760470126.211 92.004 0.08551537 3.69022e-06
1760470126.221 92.084 0.08558707 5.29384e-06
1760470126.231 92.163 0.08564481 8.41504e-06
1760470126.241 92.242 0.08570533 1.29374e-05
1760470126.251 92.321 0.08578354 2.04876e-05
1760470126.261 92.401 0.08582079 3.63219e-05
1760470126.271 92.480 0.08588783 5.13470e-05
1760470126.281 92.559 0.08594463 7.83595e-05
1760470126.291 92.638 0.08599305 1.08962e-04
1760470126.301 92.716 0.08603681 1.46652e-04
1760470126.311 92.795 0.08609547 1.97708e-04
1760470126.321 92.874 0.08618207 2.61307e-04
1760470126.331 92.953 0.08622769 2.84164e-04
1760470126.341 93.031 0.08627518 2.87115e-04
1760470126.351 93.110 0.08634688 2.76939e-04
1760470126.361 93.188 0.08645396 2.57608e-04
1760470126.371 93.267 0.08649120 2.25580e-04
1760470126.381 93.345 0.08652100 1.97097e-04
1760470126.391 93.423 0.08660946 1.41763e-04
1760470126.401 93.502 0.08666160 9.42474e-05
1760470126.411 93.580 0.08672864 5.29091e-05
1760470126.425 93.658 0.08686365 1.41497e-05
1760470126.431 93.736 0.08686365 1.05659e-05
1760470126.441 93.814 0.08696329 7.68046e-06
1760470126.451 93.892 0.08703312 4.54681e-06
1760470126.461 93.970 0.08710948 2.62314e-06
1760470126.471 94.047 0.08716814 1.39500e-06
1760470126.481 94.125 0.08726963 9.06062e-07
1760470126.491 94.203 0.08733574 5.63045e-07
1760470126.501 94.280 0.08739999 3.55457e-07
1760470126.511 94.358 0.08748007 1.75265e-07
1760470126.520 94.435 0.08757598 9.03323e-08
1760470126.531 94.512 0.08766257 1.41341e-07
1760470126.540 94.590 0.08775569 6.93826e-08
1760470126.551 94.667 0.08783017 1.09063e-07
1760470126.560 94.744 0.08787860 6.17352e-08
1760470126.570 94.821 0.08795867 5.30669e-08
1760470126.580 94.898 0.08804340 1.24792e-07
1760470126.590 94.975 0.08813931 7.08912e-08
1760470126.600 95.052 0.08824825 1.13142e-07
1760470126.610 95.129 0.08829947 6.95893e-08
1760470126.660 95.206 0.08863188 6.51618e-08
1760470126.667 95.283 0.08872406 4.91952e-08
1760470126.672 95.360 0.08880507 6.32575e-08
1760470126.680 95.436 0.08880507 1.06061e-07
1760470126.690 95.513 0.08888143 8.13275e-08
1760470126.700 95.589 0.08893077 1.22256e-07
1760470126.710 95.666 0.08902854 6.34187e-08
1760470126.720 95.742 0.08907976 2.27921e-08
1760470126.730 95.818 0.08911235 5.21695e-08
1760470126.740 95.895 0.08922501 -1.85789e-08
1760470126.750 95.971 0.08928367 5.52642e-08
1760470126.760 96.047 0.08935258 5.41322e-08
1760470126.770 96.123 0.08942800 6.66936e-08
1760470126.780 96.199 0.08949039 1.76853e-07
1760470126.790 96.275 0.08952112 1.54510e-07
1760470126.800 96.351 0.08957419 1.93920e-07
1760470126.810 96.427 0.08960585 2.34745e-07
1760470126.820 96.503 0.08964496 2.46858e-07
1760470126.830 96.578 0.08971479 3.81049e-07
1760470126.840 96.654 0.08975669 3.55521e-07
1760470126.850 96.730 0.08980045 4.16139e-07
1760470126.860 96.805 0.08985260 3.91247e-07
1760470126.870 96.881 0.08993454 3.68159e-07
1760470126.880 96.956 0.08998203 4.59850e-07
1760470126.890 97.031 0.09002951 4.08282e-07
1760470126.900 97.107 0.09009097 4.31204e-07
1760470126.910 97.182 0.09016732 3.66222e-07
1760470126.920 97.257 0.09022226 2.95199e-07
1760470126.930 97.332 0.09029210 3.33395e-07
1760470126.940 97.407 0.09037403 2.60369e-07
1760470126.950 97.482 0.09043270 2.75464e-07
1760470126.960 97.557 0.09047925 2.15165e-07
1760470126.970 97.632 0.09053885 1.68019e-07
1760470126.980 97.707 0.09065617 2.44580e-07
1760470126.990 97.782 0.09070831 1.93703e-07
1760470127.000 97.857 0.09073997 2.12364e-07
1760470127.010 97.931 0.09084891 2.40835e-07
1760470127.020 98.006 0.09094482 2.22583e-07
1760470127.030 98.080 0.09101745 3.35631e-07
1760470127.040 98.155 0.09109846 3.18265e-07
1760470127.050 98.229 0.09115805 4.00587e-07
1760470127.060 98.304 0.09124557 3.97268e-07
1760470127.070 98.378 0.09132379 4.03312e-07
1760470127.080 98.452 0.09139083 5.70005e-07
1760470127.090 98.527 0.09150350 5.92696e-07
1760470127.100 98.601 0.09157520 6.51161e-07
1760470127.110 98.675 0.09162920 5.89585e-07
1760470127.120 98.749 0.09170742 5.07967e-07
1760470127.130 98.823 0.09176794 5.52401e-07
1760470127.140 98.897 0.09183312 4.22100e-07
1760470127.150 98.971 0.09191227 3.70950e-07
1760470127.160 99.045 0.09202680 2.32485e-07
1760470127.190 99.118 0.09228100 1.46127e-07
1760470127.213 99.192 0.09244115 5.67038e-07
1760470127.220 99.266 0.09244115 6.63748e-07
1760470127.230 99.339 0.09249237 9.37984e-07
1760470127.240 99.413 0.09255940 1.38430e-06
1760470127.250 99.487 0.09262459 2.69005e-06
1760470127.260 99.560 0.09269722 4.06847e-06
1760470127.270 99.633 0.09276053 6.83754e-06
1760470127.280 99.707 0.09283223 9.77801e-06
1760470127.290 99.780 0.09288623 1.31234e-05
1760470127.300 99.853 0.09293838 1.65863e-05
1760470127.310 99.926 0.09299890 2.07883e-05
1760470127.320 100.000 0.09306688 2.78639e-05
1760470127.330 100.073 0.09310877 3.15353e-05
1760470127.340 100.146 0.09313951 3.36341e-05
1760470127.350 100.219 0.09322796 3.35531e-05
1760470127.360 100.292 0.09325590 3.25437e-05
1760470127.370 100.364 0.09327917 3.05120e-05
1760470127.380 100.437 0.09334435 2.87568e-05
1760470127.390 100.510 0.09339836 2.59517e-05
1760470127.400 100.583 0.09345609 2.27556e-05
1760470127.410 100.655 0.09351475 1.86917e-05
1760470127.420 100.728 0.09356317 1.24166e-05
1760470127.430 100.801 0.09363673 9.05921e-06
1760470127.440 100.873 0.09367677 5.99357e-06
1760470127.450 100.945 0.09373450 4.13818e-06
1760470127.460 101.018 0.09378850 2.84138e-06
1760470127.470 101.090 0.09383599 1.75986e-06
1760470127.480 101.163 0.09393283 1.04598e-06
1760470127.490 101.235 0.09396356 7.15750e-07
1760470127.500 101.307 0.09401757 5.24955e-07
1760470127.510 101.379 0.09411067 3.21739e-07
1760470127.520 101.451 0.09418796 1.83991e-07
1760470127.530 101.523 0.09424103 2.14502e-07
1760470127.540 101.595 0.09433135 1.20330e-07
1760470127.550 101.667 0.09436674 1.68019e-07
1760470127.560 101.739 0.09446916 1.08158e-07
1760470127.570 101.811 0.09454645 8.62015e-08
1760470127.580 101.883 0.09461256 1.54251e-07
1760470127.590 101.954 0.09468239 9.54765e-08
1760470127.600 102.026 0.09477923 1.32107e-07
1760470127.610 102.098 0.09485558 7.31860e-08
1760470127.620 102.169 0.09492170 4.55663e-08
1760470127.630 102.241 0.09499339 1.19159e-07
1760470127.640 102.312 0.09507812 5.22528e-08
1760470127.650 102.384 0.09515075 9.00773e-08
1760470127.660 102.455 0.09520848 3.87107e-08
1760470127.670 102.526 0.09528670 1.81043e-08
1760470127.680 102.598 0.09533605 8.49879e-08
1760470127.748 102.669 0.09583700 5.30106e-08
1760470127.800 102.740 0.09619083 1.30834e-07
1760470127.812 102.811 0.09626160 2.70883e-07
1760470127.820 102.882 0.09626160 2.48577e-07
1760470127.830 102.953 0.09629139 3.19194e-07
1760470127.840 103.024 0.09634540 3.12042e-07
1760470127.850 103.095 0.09640965 3.58718e-07
1760470127.860 103.166 0.09649438 3.06686e-07
1760470127.870 103.237 0.09651021 2.66879e-07
1760470127.880 103.308 0.09653162 3.50372e-07
1760470127.890 103.378 0.09656235 2.92868e-07
1760470127.900 103.449 0.09658936 3.17731e-07
1760470127.910 103.520 0.09663777 2.49678e-07
1760470127.920 103.590 0.09663591 1.97470e-07
1760470127.930 103.661 0.09666384 2.73915e-07
1760470127.940 103.731 0.09667315 1.78498e-07
1760470127.950 103.802 0.09667315 2.09081e-07
1760470127.960 103.872 0.09670575 1.38336e-07
1760470127.970 103.943 0.09672530 1.04422e-07
1760470127.980 104.013 0.09675882 1.70451e-07
1760470127.990 104.083 0.09676813 1.02096e-07
1760470128.000 104.153 0.09678769 1.33690e-07
1760470128.010 104.224 0.09685007 7.69183e-08
1760470128.020 104.294 0.09688638 6.96903e-08
1760470128.030 104.364 0.09691618 1.35991e-07
1760470128.040 104.434 0.09697671 6.63055e-08
1760470128.050 104.504 0.09701023 1.03035e-07
1760470128.060 104.574 0.09706610 5.64798e-08
1760470128.070 104.644 0.09712848 3.03072e-08
1760470128.080 104.713 0.09720390 8.95772e-08
1760470128.090 104.783 0.09727374 4.34436e-08
1760470128.100 104.853 0.09736499 8.91877e-08
1760470128.110 104.923 0.09744321 3.96454e-08
1760470128.120 104.992 0.09751304 2.33838e-08
1760470128.130 105.062 0.09757357 1.05975e-07
1760470128.177 105.131 0.09797023 6.68990e-08
1760470128.184 105.201 0.09804751 3.55560e-09
1760470128.190 105.270 0.09811362 7.29182e-08
1760470128.200 105.340 0.09811362 7.20873e-08
1760470128.210 105.409 0.09821884 2.97446e-08
1760470128.220 105.478 0.09829519 3.22491e-08
1760470128.230 105.548 0.09833244 1.22085e-07
1760470128.240 105.617 0.09842462 9.32379e-08
1760470128.250 105.686 0.09849352 2.02830e-07
1760470128.306 105.755 0.09885853 7.52694e-06
1760470128.313 105.824 0.09887156 1.13305e-05
1760470128.320 105.894 0.09887156 1.68126e-05
1760470128.329 105.963 0.09892930 2.76122e-05
1760470128.339 106.031 0.09896561 3.66312e-05
1760470128.349 106.100 0.09904569 5.13424e-05
1760470128.359 106.169 0.09906245 6.42227e-05
1760470128.369 106.238 0.09910063 7.89004e-05
1760470128.379 106.307 0.09916487 9.38720e-05
1760470128.389 106.376 0.09919094 1.09676e-04
1760470128.399 106.444 0.09922167 1.26272e-04
1760470128.409 106.513 0.09926543 1.43743e-04
1760470128.419 106.582 0.09927754 1.63053e-04
1760470128.429 106.650 0.09933248 1.82586e-04
1760470128.439 106.719 0.09936414 2.05201e-04
1760470128.449 106.787 0.09938369 2.22067e-04
1760470128.459 106.856 0.09942001 2.29647e-04
1760470128.469 106.924 0.09946004 2.26947e-04
1760470128.479 106.992 0.09948518 2.22319e-04
1760470128.489 107.061 0.09954850 2.16445e-04
1760470128.499 107.129 0.09960995 2.07189e-04
1760470128.509 107.197 0.09965372 1.96260e-04
1760470128.519 107.265 0.09971517 1.81455e-04
1760470128.529 107.333 0.09975801 1.68162e-04
1760470128.539 107.402 0.09981480 1.51073e-04
1760470128.549 107.470 0.09988278 1.29975e-04
1760470128.559 107.538 0.09994702 1.05385e-04
1760470128.569 107.606 0.09998707 7.76262e-05
1760470128.579 107.673 0.10004200 5.00797e-05
1760470128.589 107.741 0.10010439 3.06037e-05
1760470128.599 107.809 0.10017422 2.00173e-05
1760470128.609 107.877 0.10025058 1.35959e-05
1760470128.619 107.945 0.10032972 9.38057e-06
1760470128.629 108.012 0.10041353 5.47833e-06
1760470128.639 108.080 0.10045822 2.93759e-06
1760470128.649 108.148 0.10051129 1.47306e-06
1760470128.659 108.215 0.10059695 8.65029e-07
1760470128.669 108.283 0.10069473 4.10614e-07
1760470128.679 108.350 0.10074221 2.79829e-07
1760470128.689 108.418 0.10080367 7.71073e-08
1760470128.699 108.485 0.10088375 9.29726e-08
1760470128.709 108.552 0.10096755 3.20740e-08
1760470128.719 108.620 0.10106531 3.02650e-08
1760470128.729 108.687 0.10112491 9.13095e-08
1760470128.777 108.754 0.10145360 5.90972e-08
1760470128.857 108.822 0.10192010 5.46599e-08
1760470128.864 108.889 0.10199459 5.93641e-08
1760470128.871 108.956 0.10204115 1.77709e-08
1760470128.879 109.023 0.10204115 5.73560e-08
1760470128.928 109.090 0.10222086 7.64622e-08
1760470128.977 109.157 0.10232328 6.78543e-08
1760470129.027 109.224 0.10241826 5.69762e-08
1760470129.088 109.291 0.10248064 1.75718e-09
1760470129.094 109.358 0.10249740 1.60176e-08
1760470129.100 109.424 0.10251416 4.22174e-09
1760470129.109 109.491 0.10251416 -8.67085e-09
1760470129.119 109.558 0.10252347 -1.40960e-09
1760470129.129 109.625 0.10255327 -3.89542e-09
1760470129.139 109.691 0.10257934 -1.89761e-08
1760470129.149 109.758 0.10259982 -1.17755e-08
1760470129.162 109.825 0.10265291 -1.16587e-08
1760470129.170 109.891 0.10264918 -5.80500e-08
1760470129.217 109.958 0.10274974 -4.88103e-08
1760470129.223 110.024 0.10275533 2.74552e-08
1760470129.273 110.091 0.10287731 2.20639e-08
1760470129.280 110.157 0.10293038 6.92504e-08
1760470129.289 110.223 0.10293038 2.68343e-08
1760470129.299 110.290 0.10300207 8.40213e-08
1760470129.309 110.356 0.10308123 4.42624e-08
1760470129.319 110.422 0.10310916 5.72385e-08
1760470129.329 110.488 0.10313151 1.25330e-07
1760470129.339 110.554 0.10317247 6.99318e-08
1760470129.349 110.620 0.10322182 1.18594e-07
1760470129.359 110.687 0.10327955 7.61323e-08
1760470129.408 110.753 0.10348068 8.72187e-08
1760470129.415 110.819 0.10350209 1.10406e-07
1760470129.420 110.884 0.10357380 8.39260e-08
1760470129.429 110.950 0.10357380 1.31648e-07
1760470129.439 111.016 0.10359428 8.81059e-08
1760470129.449 111.082 0.10364921 1.32426e-07
1760470129.459 111.148 0.10366784 8.51318e-08
1760470129.469 111.214 0.10370322 9.46489e-08
1760470129.479 111.279 0.10373487 1.48524e-07
1760470129.489 111.345 0.10378330 8.77304e-08
1760470129.499 111.411 0.10383451 1.27398e-07
1760470129.509 111.476 0.10389503 8.14650e-08
1760470129.519 111.542 0.10393322 8.97243e-08
1760470129.529 111.607 0.10397605 1.49752e-07
1760470129.539 111.673 0.10402260 8.09204e-08
1760470129.549 111.738 0.10404309 1.21293e-07
1760470129.559 111.804 0.10410174 7.32766e-08
1760470129.569 111.869 0.10415668 7.51553e-08
1760470129.579 111.934 0.10420138 1.34327e-07
1760470129.589 112.000 0.10422559 6.96868e-08
1760470129.599 112.065 0.10427680 1.10908e-07
1760470129.609 112.130 0.10434291 6.13742e-08
1760470129.619 112.195 0.10440809 7.05560e-08
1760470129.629 112.260 0.10445279 1.31614e-07
1760470129.639 112.326 0.10452541 6.97129e-08
1760470129.649 112.391 0.10458686 1.43405e-07
1760470129.659 112.456 0.10465298 1.90471e-07
1760470129.669 112.521 0.10469674 5.90631e-07
1760470129.679 112.586 0.10472747 1.10689e-06
1760470129.689 112.650 0.10481778 2.03123e-06
1760470129.699 112.715 0.10487832 3.25628e-06
1760470129.709 112.780 0.10495839 3.93589e-06
1760470129.719 112.845 0.10499563 4.95227e-06
1760470129.729 112.910 0.10507665 6.16099e-06
1760470129.739 112.974 0.10517627 7.29018e-06
1760470129.749 113.039 0.10522842 8.74687e-06
1760470129.759 113.104 0.10529081 1.03820e-05
1760470129.769 113.168 0.10533643 1.19904e-05
1760470129.779 113.233 0.10541558 1.38344e-05
1760470129.789 113.298 0.10547518 1.56278e-05
1760470129.799 113.362 0.10554966 1.71139e-05
1760470129.809 113.427 0.10558411 1.80131e-05
1760470129.819 113.491 0.10569398 1.85692e-05
1760470129.829 113.555 0.10573124 1.78856e-05
1760470129.839 113.620 0.10579176 1.70011e-05
1760470129.849 113.684 0.10584297 1.58984e-05
1760470129.859 113.748 0.10591280 1.45313e-05
1760470129.869 113.813 0.10596309 1.26491e-05
1760470129.879 113.877 0.10603851 1.06345e-05
1760470129.889 113.941 0.10610182 8.11212e-06
1760470129.899 114.005 0.10618097 5.89057e-06
1760470129.909 114.069 0.10624708 4.23195e-06
1760470129.937 114.133 0.10641003 2.48004e-06
1760470129.963 114.197 0.10658695 5.21610e-07
1760470129.970 114.261 0.10664095 3.50162e-07
1760470129.979 114.325 0.10664095 3.17625e-07
1760470129.989 114.389 0.10671265 2.00797e-07
1760470129.999 114.453 0.10676199 1.63096e-07
1760470130.009 114.517 0.10683370 1.09165e-07
1760470130.019 114.581 0.10686349 8.81066e-08
1760470130.029 114.645 0.10693519 1.29652e-07
1760470130.039 114.708 0.10696219 4.40631e-08
1760470130.049 114.772 0.10702643 7.70459e-08
1760470130.059 114.836 0.10710466 3.02501e-08
1760470130.069 114.899 0.10712235 5.01079e-08
1760470130.079 114.963 0.10717914 9.39975e-08
1760470130.127 115.026 0.10739424 8.37157e-08
1760470130.133 115.090 0.10746500 1.46973e-08
1760470130.139 115.154 0.10752274 6.29033e-08
1760470130.148 115.217 0.10752274 7.76538e-08
1760470130.158 115.280 0.10754881 3.56266e-08
1760470130.168 115.344 0.10762516 5.42314e-08
1760470130.178 115.407 0.10766240 9.68691e-08
1760470130.226 115.470 0.10785608 9.21329e-08
1760470130.233 115.534 0.10789611 1.81560e-08
1760470130.239 115.597 0.10796037 5.78454e-08
1760470130.248 115.660 0.10796037 8.16563e-08
1760470130.258 115.723 0.10801158 4.10238e-08
1760470130.268 115.787 0.10808700 6.14376e-08
1760470130.278 115.850 0.10811400 1.03697e-07
1760470130.288 115.913 0.10814939 4.62393e-08
1760470130.298 115.976 0.10822667 9.52126e-08
1760470130.308 116.039 0.10824064 5.23371e-08
1760470130.318 116.102 0.10826578 6.96983e-08
1760470130.328 116.165 0.10834306 1.18772e-07
1760470130.338 116.228 0.10837659 5.10875e-08
1760470130.348 116.291 0.10841383 9.11007e-08
1760470130.358 116.353 0.10843804 5.28408e-08
1760470130.368 116.416 0.10847156 8.34307e-08
1760470130.378 116.479 0.10855070 1.11275e-07
1760470130.388 116.542 0.10858703 4.15838e-08
1760470130.398 116.604 0.10860006 8.87571e-08
1760470130.408 116.667 0.10865686 4.41754e-08
1760470130.418 116.730 0.10872390 6.03356e-08
1760470130.428 116.792 0.10876021 1.05708e-07
1760470130.499 116.855 0.10918667 1.96280e-08
1760470130.508 116.918 0.10918667 1.14194e-07
1760470130.518 116.980 0.10925744 7.08162e-08
1760470130.528 117.043 0.10931982 1.39522e-07
1760470130.538 117.105 0.10940828 7.97915e-08
1760470130.548 117.167 0.10944180 1.41502e-07
1760470130.558 117.230 0.10951071 1.10407e-07
1760470130.568 117.292 0.10955075 1.42820e-07
1760470130.578 117.354 0.10960661 1.97040e-07
1760470130.588 117.417 0.10964944 1.43094e-07
1760470130.598 117.479 0.10972208 2.03241e-07
1760470130.608 117.541 0.10978167 1.70369e-07
1760470130.618 117.603 0.10982729 1.68566e-07
1760470130.628 117.665 0.10983939 2.49664e-07
1760470130.638 117.728 0.10988781 1.85682e-07
1760470130.648 117.790 0.10989619 2.23581e-07
1760470130.660 117.852 0.10998465 2.36971e-07
1760470130.668 117.914 0.11001166 1.82942e-07
1760470130.678 117.976 0.11001166 2.06373e-07
1760470130.688 118.038 0.11004424 1.59500e-07
1760470130.698 118.100 0.11010197 2.05042e-07
1760470130.708 118.161 0.11012619 1.50352e-07
1760470130.718 118.223 0.11015319 1.63858e-07
1760470130.728 118.285 0.11021651 1.96891e-07
1760470130.738 118.347 0.11022302 1.18248e-07
1760470130.748 118.409 0.11027517 1.56863e-07
1760470130.758 118.470 0.11031334 9.90278e-08
1760470130.768 118.532 0.11034873 1.09697e-07
1760470130.778 118.594 0.11043719 1.37884e-07
1760470130.788 118.655 0.11045022 6.60237e-08
1760470130.798 118.717 0.11050050 1.00967e-07
1760470130.808 118.778 0.11059641 4.83219e-08
1760470130.818 118.840 0.11062248 6.45202e-08
1760470130.828 118.902 0.11066904 1.10070e-07
1760470130.838 118.963 0.11074446 4.05957e-08
1760470130.848 119.024 0.11081430 8.46761e-08
1760470130.858 119.086 0.11086551 3.81408e-08
1760470130.868 119.147 0.11093068 6.22788e-08
1760470130.878 119.209 0.11100332 1.00190e-07
1760470130.929 119.270 0.11139718 9.06510e-08
1760470130.938 119.331 0.11139718 3.80079e-08
1760470130.948 119.392 0.11148471 8.58929e-08
1760470130.958 119.454 0.11153779 3.63597e-08
1760470130.968 119.515 0.11161041 5.33292e-08
1760470130.978 119.576 0.11166908 9.51673e-08
1760470131.039 119.637 0.11205084 3.27262e-08
1760470131.048 119.698 0.11205084 7.54035e-08
1760470131.058 119.759 0.11207598 2.58896e-08
1760470131.068 119.820 0.11214209 4.15145e-08
1760470131.078 119.881 0.11217468 9.07773e-08
1760470131.126 119.942 0.11229759 8.10629e-08
1760470131.133 120.003 0.11231155 2.05267e-08
1760470131.139 120.064 0.11234694 6.92244e-08
1760470131.148 120.125 0.11234694 8.33201e-08
1760470131.158 120.186 0.11236184 3.39488e-08
1760470131.168 120.247 0.11242050 5.74744e-08
1760470131.178 120.307 0.11244192 1.03226e-07
1760470131.228 120.368 0.11253690 1.13239e-07
1760470131.236 120.429 0.11257693 8.69592e-08
1760470131.241 120.489 0.11261604 1.55873e-07
1760470131.248 120.550 0.11261604 1.35801e-07
1760470131.258 120.611 0.11264304 1.42157e-07
1760470131.268 120.671 0.11269146 2.02096e-07
1760470131.278 120.732 0.11272125 3.48099e-07
1760470131.288 120.792 0.11273801 3.67658e-07
1760470131.298 120.853 0.11277713 5.62113e-07
1760470131.308 120.913 0.11280320 6.48169e-07
1760470131.318 120.974 0.11282182 8.66606e-07
1760470131.328 121.034 0.11285627 1.17098e-06
1760470131.338 121.095 0.11293355 1.56571e-06
1760470131.348 121.155 0.11298476 2.05367e-06
1760470131.358 121.215 0.11300339 2.91838e-06
1760470131.368 121.276 0.11307974 3.30320e-06
1760470131.378 121.336 0.11311140 4.13175e-06
1760470131.388 121.396 0.11312351 4.74640e-06
1760470131.398 121.456 0.11318682 5.56456e-06
1760470131.408 121.516 0.11322873 6.16503e-06
1760470131.418 121.577 0.11327901 7.07499e-06
1760470131.428 121.637 0.11332370 8.00711e-06
1760470131.438 121.697 0.11338981 8.83318e-06
1760470131.448 121.757 0.11342891 9.77598e-06
1760470131.458 121.817 0.11345872 1.09398e-05
1760470131.468 121.877 0.11353600 1.19057e-05
1760470131.478 121.937 0.11360118 1.32828e-05
1760470131.488 121.997 0.11365240 1.44732e-05
1760470131.498 122.057 0.11371012 1.57321e-05
1760470131.508 122.117 0.11376785 1.71109e-05
1760470131.518 122.176 0.11383210 1.80869e-05
1760470131.528 122.236 0.11386563 1.92365e-05
1760470131.538 122.296 0.11392428 2.06013e-05
1760470131.574 122.356 0.11420176 2.20356e-05
1760470131.580 122.416 0.11424459 2.14098e-05
1760470131.588 122.475 0.11424459 2.07321e-05
1760470131.598 122.535 0.11432467 1.96140e-05
1760470131.608 122.595 0.11438054 1.75902e-05
1760470131.618 122.654 0.11440568 1.60542e-05
1760470131.628 122.714 0.11447737 1.41543e-05
1760470131.638 122.773 0.11455839 1.18749e-05
1760470131.648 122.833 0.11459936 1.00966e-05
1760470131.658 122.892 0.11465522 7.81833e-06
1760470131.668 122.952 0.11469619 6.01529e-06
1760470131.678 123.011 0.11478093 4.03536e-06
1760470131.688 123.071 0.11485355 2.78515e-06
1760470131.698 123.130 0.11489825 2.00284e-06
1760470131.708 123.189 0.11494761 1.60295e-06
1760470131.718 123.249 0.11498578 1.36293e-06
1760470131.728 123.308 0.11502675 1.24530e-06
1760470131.738 123.367 0.11507423 9.26209e-07
1760470131.748 123.427 0.11509286 8.11190e-07
1760470131.758 123.486 0.11514407 6.33092e-07
1760470131.768 123.545 0.11518691 5.14636e-07
1760470131.778 123.604 0.11522322 4.89128e-07
1760470131.788 123.663 0.11528188 3.52185e-07
1760470131.798 123.722 0.11532564 3.33464e-07
1760470131.808 123.781 0.11536288 2.40674e-07
1760470131.818 123.840 0.11541595 1.99941e-07
1760470131.827 123.900 0.11545414 1.89769e-07
1760470131.837 123.958 0.11554632 1.14233e-07
1760470131.848 124.017 0.11556866 1.21605e-07
1760470131.857 124.076 0.11562268 6.33173e-08
1760470131.867 124.135 0.11567668 7.67708e-08
1760470131.877 124.194 0.11572696 9.20224e-08
1760470131.925 124.253 0.11599419 7.74698e-08
1760470131.932 124.312 0.11607800 -3.26340e-09
1760470131.980 124.371 0.11638062 5.32759e-08
1760470132.030 124.429 0.11662085 4.60235e-08
1760470132.073 124.488 0.11678939 9.87806e-09
1760470132.112 124.547 0.11690670 2.35131e-08
1760470132.119 124.606 0.11696165 -2.64837e-08
1760470132.127 124.664 0.11696165 2.82010e-08
1760470132.137 124.723 0.11695979 -3.37875e-08
1760470132.147 124.781 0.11692812 8.91790e-09
1760470132.157 124.840 0.11693465 -3.02791e-08
1760470132.198 124.899 0.11696072 -1.21963e-08
1760470132.213 124.957 0.11698399 2.50870e-09
1760470132.220 125.016 0.11700355 -4.39934e-08
1760470132.227 125.074 0.11700355 3.81000e-11
1760470132.237 125.132 0.11699982 -5.02518e-08
1760470132.284 125.191 0.11705569 -4.96151e-08
1760470132.290 125.249 0.11708641 9.82020e-09
1760470132.338 125.308 0.11726985 -6.71920e-08
1760470132.347 125.366 0.11726985 -2.20919e-08
1760470132.357 125.424 0.11731827 -7.41020e-08
1760470132.367 125.482 0.11734434 -5.08156e-08
1760470132.377 125.541 0.11736761 -2.55956e-08
1760470132.401 125.599 0.11749798 -8.21677e-08
1760470132.407 125.657 0.11749798 -2.89866e-08
1760470132.417 125.715 0.11756222 -4.82542e-08
1760470132.427 125.773 0.11760691 -1.90392e-08
1760470132.437 125.832 0.11766279 -8.40516e-08
1760470132.485 125.890 0.11785088 -3.37544e-08
1760470132.492 125.948 0.11784064 1.98441e-08
1760470132.542 126.006 0.11797565 9.04612e-08
1760470132.551 126.064 0.11802593 4.90950e-08
1760470132.560 126.122 0.11804827 8.78860e-08
1760470132.567 126.180 0.11804827 3.31255e-08
1760470132.577 126.238 0.11808925 1.16028e-07
1760470132.587 126.295 0.11812742 5.36217e-08
1760470132.597 126.353 0.11813394 1.05439e-07
1760470132.607 126.411 0.11816001 7.28977e-08
1760470132.617 126.469 0.11820750 9.77709e-08
1760470132.665 126.527 0.11834252 1.21078e-07
1760470132.671 126.585 0.11840118 6.92088e-08
1760470132.677 126.642 0.11840769 1.12116e-07
1760470132.687 126.700 0.11840769 6.13466e-08
1760470132.697 126.758 0.11845145 9.38547e-08
1760470132.707 126.815 0.11849616 5.52706e-08
1760470132.717 126.873 0.11850173 8.76060e-08
1760470132.727 126.931 0.11853899 1.06407e-07
1760470132.737 126.988 0.11860137 3.56582e-08
1760470132.747 127.046 0.11864886 7.39589e-08
1760470132.757 127.103 0.11866934 3.53446e-08
1760470132.767 127.161 0.11867306 6.94095e-08
1760470132.777 127.218 0.11872334 8.73490e-08
1760470132.825 127.276 0.11890399 8.54419e-08
1760470132.831 127.333 0.11898407 1.04779e-08
1760470132.837 127.390 0.11899710 2.50637e-08
1760470132.847 127.448 0.11899710 6.29328e-08
1760470132.857 127.505 0.11905018 2.46267e-08
1760470132.867 127.562 0.11912932 5.77467e-08
1760470132.877 127.620 0.11916192 8.42945e-08
1760470132.943 127.677 0.11947664 6.02647e-08
1760470132.993 127.734 0.11972804 5.84435e-08
1760470132.998 127.792 0.11975411 9.73200e-10
1760470133.007 127.849 0.11975411 2.61277e-08
1760470133.017 127.906 0.11980532 5.14259e-08
1760470133.027 127.963 0.11984258 8.28551e-08
1760470133.075 128.020 0.11993848 8.28102e-08
1760470133.081 128.077 0.11996920 3.51920e-09
1760470133.087 128.134 0.11998783 3.05559e-08
1760470133.097 128.191 0.11998783 7.12450e-08
1760470133.107 128.248 0.12003438 2.90650e-08
1760470133.117 128.305 0.12006139 7.39189e-08
1760470133.127 128.362 0.12008281 1.13231e-07
1760470133.137 128.419 0.12008933 6.09935e-08
1760470133.147 128.476 0.12007722 1.36730e-07
1760470133.157 128.533 0.12014147 1.34898e-07
1760470133.167 128.590 0.12012378 1.93095e-07
1760470133.218 128.647 0.12024109 6.66358e-07
1760470133.227 128.704 0.12024109 1.45253e-06
1760470133.237 128.760 0.12027555 1.73216e-06
1760470133.247 128.817 0.12031745 2.14454e-06
1760470133.257 128.874 0.12040125 2.69998e-06
1760470133.267 128.931 0.12041801 3.65130e-06
1760470133.277 128.987 0.12047296 4.32934e-06
1760470133.287 129.044 0.12050554 5.43058e-06
1760470133.297 129.101 0.12056606 7.04062e-06
1760470133.307 129.157 0.12061262 8.04722e-06
1760470133.317 129.214 0.12066383 1.01370e-05
1760470133.327 129.270 0.12070481 1.30411e-05
1760470133.388 129.327 0.12098973 3.88230e-05
1760470133.397 129.383 0.12098973 4.13775e-05
1760470133.407 129.440 0.12106236 4.42926e-05
1760470133.417 129.496 0.12110798 4.83961e-05
1760470133.427 129.553 0.12114989 5.36070e-05
1760470133.437 129.609 0.12117410 5.74706e-05
1760470133.447 129.666 0.12121320 6.26088e-05
1760470133.457 129.722 0.12124300 6.76631e-05
1760470133.467 129.778 0.12130445 7.29993e-05
1760470133.477 129.835 0.12136219 7.80682e-05
1760470133.487 129.891 0.12138640 8.23574e-05
1760470133.497 129.947 0.12145344 8.94085e-05
1760470133.507 130.003 0.12145530 9.38925e-05
1760470133.517 130.060 0.12149440 9.76264e-05
1760470133.527 130.116 0.12151303 1.04953e-04
1760470133.537 130.172 0.12154561 1.09592e-04
1760470133.547 130.228 0.12159963 1.13189e-04
1760470133.557 130.284 0.12162942 1.17939e-04
1760470133.567 130.340 0.12164432 1.19130e-04
1760470133.577 130.396 0.12168994 1.23988e-04
1760470133.587 130.452 0.12175512 1.27038e-04
1760470133.596 130.508 0.12177653 1.32997e-04
1760470133.606 130.564 0.12182775 1.37463e-04
1760470133.616 130.620 0.12186965 1.37608e-04
1760470133.626 130.676 0.12188548 1.36294e-04
1760470133.636 130.732 0.12193017 1.32037e-04
1760470133.646 130.788 0.12197021 1.28056e-04
1760470133.656 130.844 0.12201864 1.23568e-04
1760470133.666 130.900 0.12204564 1.17159e-04
1760470133.676 130.956 0.12208661 1.09809e-04
1760470133.686 131.012 0.12211733 1.00558e-04
1760470133.696 131.067 0.12220299 9.29919e-05
1760470133.706 131.123 0.12229146 8.39394e-05
1760470133.716 131.179 0.12232870 7.50241e-05
1760470133.749 131.235 0.12257080 6.64685e-05
1760470133.770 131.290 0.12267509 1.97940e-05
1760470133.778 131.346 0.12275144 1.51707e-05
1760470133.786 131.402 0.12275144 1.26142e-05
1760470133.796 131.457 0.12281755 8.67030e-06
1760470133.806 131.513 0.12288458 6.37090e-06
1760470133.816 131.568 0.12292649 5.27362e-06
1760470133.826 131.624 0.12297025 4.26459e-06
1760470133.836 131.680 0.12303078 3.46243e-06
1760470133.846 131.735 0.12310061 2.89442e-06
1760470133.856 131.791 0.12316207 2.36741e-06
1760470133.866 131.846 0.12320304 2.06577e-06
1760470133.876 131.901 0.12321700 1.73260e-06
1760470133.886 131.957 0.12326821 1.45260e-06
1760470133.896 132.012 0.12333711 1.26793e-06
1760470133.906 132.068 0.12336133 1.00250e-06
1760470133.916 132.123 0.12339671 8.65062e-07
1760470133.926 132.178 0.12344513 7.28922e-07
1760470133.936 132.234 0.12348331 5.09361e-07
1760470133.946 132.289 0.12347586 4.44419e-07
1760470133.956 132.344 0.12352055 3.10086e-07
1760470133.966 132.399 0.12358760 2.34383e-07
1760470133.976 132.454 0.12364067 1.66474e-07
1760470133.986 132.510 0.12366767 7.43425e-08
1760470133.996 132.565 0.12369002 1.01214e-07
1760470134.006 132.620 0.12372819 4.17519e-08
1760470134.016 132.675 0.12378966 6.85400e-08
1760470134.064 132.730 0.12400008 2.59700e-10
1760470134.114 132.785 0.12427105 -1.96320e-09
1760470134.164 132.840 0.12450942 2.53700e-10
1760470134.171 132.895 0.12456622 1.99924e-08
1760470134.177 132.950 0.12461929 7.03156e-08
1760470134.243 133.005 0.12480738 6.72014e-08
1760470134.303 133.060 0.12490050 1.75146e-08
1760470134.309 133.115 0.12489583 5.44121e-08
1760470134.357 133.170 0.12491446 6.92374e-08
1760470134.367 133.225 0.12491446 -1.61950e-09
1760470134.377 133.280 0.12490329 6.56830e-08
1760470134.418 133.335 0.12495636 1.51872e-08
1760470134.432 133.389 0.12498337 -1.12075e-08
1760470134.439 133.444 0.12499640 5.53520e-08
1760470134.446 133.499 0.12499640 3.80771e-08
1760470134.505 133.554 0.12510999 8.40020e-10
1760470134.512 133.608 0.12513887 1.66936e-08
1760470134.519 133.663 0.12514911 -6.05494e-09
1760470134.526 133.718 0.12514911 8.83606e-09
1760470134.536 133.773 0.12518170 -1.14533e-09
1760470134.546 133.827 0.12521056 3.76418e-09
1760470134.556 133.882 0.12522360 -1.68489e-08
1760470134.566 133.936 0.12525525 1.10186e-09
1760470134.576 133.991 0.12530088 -1.93351e-08
1760470134.590 134.045 0.12535675 1.06566e-08
1760470134.596 134.100 0.12535675 -1.02215e-08
1760470134.606 134.154 0.12537910 -5.83062e-08
1760470134.654 134.209 0.12553552 -8.48516e-08
1760470134.660 134.263 0.12554857 -4.10037e-08
1760470134.666 134.318 0.12560723 -8.92177e-08
1760470134.676 134.372 0.12560723 -3.45445e-08
1760470134.686 134.427 0.12562864 -1.19446e-07
1760470134.696 134.481 0.12565471 -7.37922e-08
1760470134.706 134.535 0.12569289 -1.17417e-07
1760470134.716 134.590 0.12574037 -7.90515e-08
1760470134.726 134.644 0.12578601 -6.78279e-08
1760470134.736 134.698 0.12583629 -1.33068e-07
1760470134.746 134.753 0.12585584 -8.49935e-08
1760470134.756 134.807 0.12590612 -1.22750e-07
1760470134.766 134.861 0.12595919 -7.25146e-08
1760470134.776 134.915 0.12598619 -5.38484e-08
1760470134.786 134.969 0.12600110 -1.13315e-07
1760470134.796 135.024 0.12607559 -4.68798e-08
1760470134.806 135.078 0.12611655 -7.58187e-08
1760470134.855 135.132 0.12634189 -2.77408e-08
1760470134.866 135.186 0.12639682 -6.98920e-09
1760470134.928 135.240 0.12667338 7.54851e-08
1760470134.936 135.294 0.12667338 2.93133e-08
1760470134.946 135.348 0.12674693 7.65974e-08
1760470134.956 135.402 0.12677859 2.35993e-08
1760470134.966 135.456 0.12681397 6.69978e-08
1760470134.976 135.510 0.12686518 8.81203e-08
1760470135.025 135.564 0.12705420 7.41642e-08
1760470135.032 135.618 0.12706817 9.27160e-09
1760470135.039 135.672 0.12706165 7.36133e-08
1760470135.046 135.726 0.12706165 6.80865e-08
1760470135.056 135.779 0.12706910 1.99583e-08
1760470135.066 135.833 0.12711380 6.30884e-08
1760470135.076 135.887 0.12714267 7.63064e-08
1760470135.086 135.941 0.12718270 4.27700e-09
1760470135.096 135.995 0.12720505 5.91587e-08
1760470135.106 136.048 0.12718643 1.83142e-08
1760470135.116 136.102 0.12721622 6.57543e-08
1760470135.126 136.156 0.12722740 7.00237e-08
1760470135.174 136.209 0.12733262 8.28965e-08
1760470135.180 136.263 0.12737359 2.46353e-08
1760470135.187 136.317 0.12740525 2.33319e-08
1760470135.196 136.370 0.12740525 6.51216e-08
1760470135.206 136.424 0.12744901 1.67150e-08
1760470135.216 136.478 0.12747508 6.59063e-08
1760470135.226 136.531 0.12752349 7.61365e-08
1760470135.273 136.585 0.12775629 9.13720e-08
1760470135.280 136.638 0.12779446 2.10811e-08
1760470135.286 136.692 0.12785033 3.45051e-08
1760470135.296 136.745 0.12785033 7.01537e-08
1760470135.306 136.799 0.12791178 3.22496e-08
1760470135.316 136.852 0.12795554 8.28778e-08
1760470135.326 136.905 0.12800117 8.82276e-08
1760470135.336 136.959 0.12803469 3.15927e-08
1760470135.346 137.012 0.12806170 8.53980e-08
1760470135.356 137.065 0.12813525 5.41430e-08
1760470135.366 137.119 0.12816877 1.04994e-07
1760470135.409 137.172 0.12835686 1.22229e-07
1760470135.416 137.225 0.12836524 9.12075e-08
1760470135.426 137.279 0.12836524 1.56829e-07
1760470135.436 137.332 0.12842112 8.78166e-08
1760470135.446 137.385 0.12844160 1.35091e-07
1760470135.456 137.438 0.12844533 1.06584e-07
1760470135.466 137.491 0.12852074 1.57385e-07
1760470135.476 137.545 0.12857661 1.82181e-07
1760470135.485 137.598 0.12860827 1.34832e-07
1760470135.495 137.651 0.12864738 1.71443e-07
1760470135.505 137.704 0.12867252 1.42245e-07
1760470135.515 137.757 0.12869487 1.96769e-07
1760470135.525 137.810 0.12872746 2.02767e-07
1760470135.535 137.863 0.12877308 1.48332e-07
1760470135.545 137.916 0.12880939 2.14489e-07
1760470135.555 137.969 0.12887644 1.98768e-07
1760470135.565 138.022 0.12890717 1.58097e-07
1760470135.576 138.075 0.12894814 2.27702e-07
1760470135.585 138.128 0.12894814 1.84492e-07
1760470135.595 138.181 0.12898538 2.36883e-07
1760470135.605 138.234 0.12905988 1.99373e-07
1760470135.615 138.287 0.12907290 2.39247e-07
1760470135.625 138.340 0.12912785 2.76948e-07
1760470135.635 138.392 0.12918371 2.08413e-07
1760470135.645 138.445 0.12924703 2.52204e-07
1760470135.655 138.498 0.12929732 2.10283e-07
1760470135.665 138.551 0.12932339 2.61367e-07
1760470135.675 138.604 0.12935784 2.95503e-07
1760470135.687 138.656 0.12944257 2.79340e-07
1760470135.695 138.709 0.12944257 2.60998e-07
1760470135.705 138.762 0.12952172 1.95052e-07
1760470135.715 138.814 0.12956455 2.34068e-07
1760470135.726 138.867 0.12965393 2.27420e-07
1760470135.735 138.920 0.12965393 1.64573e-07
1760470135.745 138.972 0.12969769 1.99883e-07
1760470135.755 139.025 0.12977312 1.70595e-07
1760470135.765 139.077 0.12982247 1.81784e-07
1760470135.775 139.130 0.12988672 1.62872e-07
