1760479104.717 33.800 0.03274055 -1.19539e-08
1760479104.765 33.935 0.03270330 4.77164e-08
1760479104.772 34.070 0.03270889 1.18177e-08
1760479104.780 34.204 0.03270889 4.36713e-08
1760479104.831 34.337 0.03269771 5.22427e-08
1760479104.881 34.470 0.03277220 5.11306e-08
1760479104.931 34.602 0.03290163 5.04204e-08
1760479104.982 34.734 0.03309624 5.03068e-08
1760479104.990 34.866 0.03309624 5.98290e-09
1760479105.000 34.997 0.03314652 6.13841e-08
1760479105.055 35.127 0.03345379 3.48360e-09
1760479105.061 35.257 0.03345752 5.31401e-08
1760479105.069 35.386 0.03345752 -1.54336e-08
1760479105.124 35.515 0.03366982 1.15500e-06
1760479105.131 35.644 0.03367261 1.71260e-06
1760479105.140 35.772 0.03369589 3.01285e-06
1760479105.149 35.899 0.03369589 4.59939e-06
1760479105.159 36.026 0.03375548 7.51871e-06
1760479105.169 36.153 0.03377410 1.22242e-05
1760479105.179 36.279 0.03380856 1.64334e-05
1760479105.189 36.405 0.03386535 2.03170e-05
1760479105.199 36.530 0.03388677 2.10824e-05
1760479105.209 36.655 0.03392588 1.99213e-05
1760479105.219 36.780 0.03397523 1.57929e-05
1760479105.249 36.904 0.03408883 1.25098e-05
1760479105.274 37.028 0.03424991 2.19745e-07
1760479105.284 37.151 0.03433371 4.35135e-08
1760479105.290 37.274 0.03438679 2.36540e-08
1760479105.299 37.396 0.03438679 5.94657e-08
1760479105.347 37.518 0.03479742 6.30183e-08
1760479105.398 37.640 0.03532817 5.56571e-08
1760479105.465 37.761 0.03595482 6.98825e-08
1760479105.472 37.882 0.03604700 1.76445e-08
1760479105.479 38.002 0.03604700 5.93716e-08
1760479105.527 38.123 0.03624068 7.47846e-08
1760479105.533 38.242 0.03627513 1.26616e-08
1760479105.539 38.362 0.03627513 2.31466e-08
1760479105.549 38.481 0.03631517 5.41911e-08
1760479105.597 38.599 0.03636359 6.02228e-08
1760479105.647 38.718 0.03642039 6.49209e-08
1760479105.698 38.835 0.03648929 5.72078e-08
1760479105.765 38.953 0.03681332 5.80123e-08
1760479105.839 39.070 0.03717368 1.65590e-08
1760479105.845 39.187 0.03720813 5.15673e-08
1760479105.851 39.303 0.03723979 -1.11518e-08
1760479105.898 39.420 0.03729007 5.09644e-08
1760479105.949 39.535 0.03739808 5.28628e-08
1760479105.999 39.651 0.03744277 5.04303e-08
1760479106.049 39.766 0.03755451 5.10849e-08
1760479106.099 39.881 0.03769138 4.87771e-08
1760479106.149 39.995 0.03783757 4.73282e-08
1760479106.199 40.109 0.03801076 4.67088e-08
1760479106.250 40.223 0.03811226 4.59896e-08
1760479106.300 40.337 0.03819792 4.17109e-08
1760479106.375 40.450 0.03832921 3.10508e-08
1760479106.382 40.563 0.03832083 5.60703e-08
1760479106.429 40.675 0.03842791 4.62037e-08
1760479106.479 40.787 0.03852568 4.44873e-08
1760479106.530 40.899 0.03861414 4.34338e-08
1760479106.580 41.011 0.03875940 4.34462e-08
1760479106.630 41.122 0.03885903 4.32849e-08
1760479106.680 41.233 0.03900242 4.33532e-08
1760479106.730 41.344 0.03909833 4.42491e-08
1760479106.780 41.454 0.03917375 4.40490e-08
1760479106.830 41.565 0.03931063 4.59370e-08
1760479106.904 41.674 0.03940095 4.65183e-08
1760479106.914 41.784 0.03943447 5.71118e-08
1760479106.963 41.893 0.03951361 4.76702e-08
1760479107.032 42.002 0.03966725 5.34567e-08
1760479107.082 42.111 0.03976037 5.00072e-08
1760479107.132 42.219 0.03991028 4.93601e-08
1760479107.183 42.327 0.04002760 4.98197e-08
1760479107.233 42.435 0.04011233 5.01244e-08
1760479107.283 42.543 0.04019055 5.07514e-08
1760479107.333 42.650 0.04027249 5.05420e-08
1760479107.340 42.757 0.04031625 1.49601e-08
1760479107.348 42.864 0.04031625 5.21547e-08
1760479107.397 42.971 0.04037678 4.87837e-08
1760479107.469 43.077 0.04057883 -1.34215e-08
1760479107.520 43.183 0.04070361 -1.12110e-08
1760479107.528 43.289 0.04070361 7.44597e-08
1760479107.538 43.394 0.04075575 6.34550e-09
1760479107.548 43.499 0.04078089 6.44898e-08
1760479107.597 43.604 0.04092521 4.39065e-08
1760479107.647 43.709 0.04107792 4.91791e-08
1760479107.697 43.813 0.04120269 4.42551e-08
1760479107.747 43.918 0.04137030 5.02537e-08
1760479107.815 44.022 0.04158911 6.22435e-08
1760479107.865 44.125 0.04171575 6.24726e-08
1760479107.933 44.229 0.04180048 5.17601e-08
1760479108.007 44.332 0.04188708 1.01646e-08
1760479108.014 44.435 0.04190198 4.86655e-08
1760479108.062 44.538 0.04197367 5.86079e-08
1760479108.068 44.640 0.04196715 -3.11820e-09
1760479108.116 44.743 0.04201371 5.63786e-08
1760479108.167 44.845 0.04211334 5.47865e-08
1760479108.217 44.947 0.04226325 5.49362e-08
1760479108.267 45.048 0.04243924 5.37887e-08
1760479108.317 45.149 0.04256867 5.28190e-08
1760479108.367 45.251 0.04269996 5.19237e-08
1760479108.417 45.352 0.04275676 5.09421e-08
1760479108.467 45.452 0.04288432 4.90009e-08
1760479108.543 45.553 0.04294671 5.24354e-08
1760479108.550 45.653 0.04295881 4.95151e-08
1760479108.598 45.753 0.04306310 5.65395e-08
1760479108.649 45.853 0.04316273 6.09306e-08
1760479108.698 45.952 0.04326515 5.83249e-08
1760479108.749 46.052 0.04340203 6.25759e-08
1760479108.799 46.151 0.04351191 6.01992e-08
1760479108.849 46.250 0.04357988 6.44182e-08
1760479108.899 46.349 0.04368975 6.12740e-08
1760479108.949 46.447 0.04377635 6.08772e-08
1760479108.999 46.545 0.04387691 6.02881e-08
1760479109.079 46.644 0.04398213 6.73602e-08
1760479109.087 46.741 0.04398213 -3.53080e-09
1760479109.097 46.839 0.04401286 7.12023e-08
1760479109.146 46.937 0.04411621 7.10708e-08
1760479109.153 47.034 0.04412552 -1.36094e-08
1760479109.202 47.131 0.04418512 2.24270e-09
1760479109.270 47.228 0.04440114 -1.28691e-08
1760479109.320 47.325 0.04454733 -1.32722e-08
1760479109.370 47.421 0.04473262 -1.31957e-08
1760479109.420 47.517 0.04483039 -1.37204e-08
1760479109.471 47.614 0.04491419 -1.36141e-08
1760479109.520 47.709 0.04499334 -1.34591e-08
1760479109.571 47.805 0.04500172 -1.33151e-08
1760479109.645 47.901 0.04516467 7.66067e-08
1760479109.652 47.996 0.04516839 4.24299e-08
1760479109.702 48.091 0.04524661 4.85465e-08
1760479109.752 48.186 0.04534158 4.61354e-08
1760479109.759 48.281 0.04533786 7.41230e-09
1760479109.767 48.376 0.04533786 5.03648e-08
1760479109.814 48.470 0.04544494 4.86986e-08
1760479109.865 48.564 0.04555761 4.92855e-08
1760479109.870 48.658 0.04557064 -1.00387e-08
1760479109.919 48.752 0.04574291 5.12762e-08
1760479109.969 48.846 0.04591516 3.47724e-08
1760479110.019 48.939 0.04605018 3.12748e-08
1760479110.069 49.033 0.04618519 2.63524e-08
1760479110.119 49.126 0.04630717 2.07664e-08
1760479110.182 49.219 0.04637608 4.44739e-08
1760479110.232 49.311 0.04643939 4.56208e-08
1760479110.239 49.404 0.04645429 -1.30030e-09
1760479110.247 49.497 0.04645429 7.50805e-08
1760479110.257 49.589 0.04646919 -1.96114e-08
1760479110.266 49.681 0.04648874 5.49330e-08
1760479110.314 49.773 0.04657161 4.42577e-08
1760479110.364 49.865 0.04665635 4.58224e-08
1760479110.414 49.956 0.04679043 4.62838e-08
1760479110.465 50.048 0.04702973 4.66748e-08
1760479110.515 50.139 0.04723551 4.60192e-08
1760479110.565 50.230 0.04737146 4.62015e-08
1760479110.615 50.321 0.04748226 4.36811e-08
1760479110.665 50.412 0.04748040 8.46543e-08
1760479110.672 50.502 0.04748971 4.43820e-08
1760479110.678 50.593 0.04750740 1.23629e-07
1760479110.686 50.683 0.04750740 1.34770e-07
1760479110.738 50.773 0.04757258 2.86189e-07
1760479110.746 50.863 0.04757258 4.01713e-07
1760479110.756 50.953 0.04756607 3.86408e-07
1760479110.766 51.042 0.04758841 5.32572e-07
1760479110.776 51.132 0.04763031 5.71300e-07
1760479110.786 51.221 0.04763683 7.65407e-07
1760479110.796 51.310 0.04765825 9.58757e-07
1760479110.806 51.399 0.04768618 1.36733e-06
1760479110.816 51.488 0.04770946 1.91943e-06
1760479110.826 51.577 0.04774112 2.67385e-06
1760479110.836 51.666 0.04777464 3.58686e-06
1760479110.846 51.754 0.04779792 4.73515e-06
1760479110.856 51.842 0.04784913 6.86886e-06
1760479110.866 51.930 0.04790314 1.04402e-05
1760479110.876 52.018 0.04791431 1.51807e-05
1760479110.886 52.106 0.04794410 1.94657e-05
1760479110.896 52.194 0.04801673 2.42018e-05
1760479110.906 52.281 0.04808098 2.55880e-05
1760479110.916 52.369 0.04814709 3.07011e-05
1760479110.926 52.456 0.04821227 2.98023e-05
1760479110.936 52.543 0.04824672 2.57432e-05
1760479110.946 52.630 0.04833984 1.89759e-05
1760479110.956 52.717 0.04846089 1.11247e-05
1760479110.966 52.803 0.04851675 6.08736e-06
1760479110.976 52.890 0.04858193 2.46062e-06
1760479110.986 52.976 0.04865177 6.26999e-07
1760479110.996 53.062 0.04876816 2.20150e-07
1760479111.006 53.148 0.04887803 3.33912e-08
1760479111.016 53.234 0.04894973 8.94346e-08
1760479111.064 53.320 0.04943578 7.91440e-08
1760479111.070 53.406 0.04955124 1.24267e-08
1760479111.118 53.491 0.04996467 5.35371e-08
1760479111.126 53.577 0.04996467 1.35443e-08
1760479111.136 53.662 0.05005778 5.30910e-08
1760479111.185 53.747 0.05045444 7.34431e-08
1760479111.192 53.832 0.05051031 2.56693e-08
1760479111.197 53.917 0.05053638 6.88055e-08
1760479111.206 54.002 0.05053638 1.92312e-08
1760479111.216 54.086 0.05055128 8.84054e-08
1760479111.312 54.171 0.05080827 9.16684e-08
1760479111.318 54.255 0.05080362 6.77219e-08
1760479111.326 54.339 0.05080362 2.95096e-08
1760479111.336 54.423 0.05082317 7.33893e-08
1760479111.346 54.507 0.05085949 4.46272e-08
1760479111.356 54.591 0.05087252 1.05726e-07
1760479111.366 54.675 0.05092653 2.72882e-07
1760479111.376 54.758 0.05092653 2.99127e-07
1760479111.386 54.842 0.05095540 6.85602e-07
1760479111.396 54.925 0.05101126 1.03188e-06
1760479111.406 55.008 0.05104478 1.63940e-06
1760479111.416 55.091 0.05106248 3.10446e-06
1760479111.426 55.174 0.05107272 4.18136e-06
1760479111.436 55.257 0.05112393 6.32351e-06
1760479111.446 55.340 0.05114814 9.08421e-06
1760479111.456 55.422 0.05120214 1.33269e-05
1760479111.466 55.505 0.05123659 2.02620e-05
1760479111.476 55.587 0.05124032 3.41239e-05
1760479111.486 55.669 0.05128502 4.63591e-05
1760479111.496 55.751 0.05135299 6.38208e-05
1760479111.506 55.833 0.05140606 7.77215e-05
1760479111.516 55.915 0.05147031 1.01873e-04
1760479111.526 55.997 0.05152618 1.06333e-04
1760479111.536 56.078 0.05157180 1.04023e-04
1760479111.546 56.160 0.05162302 9.19828e-05
1760479111.556 56.241 0.05171799 6.99401e-05
1760479111.566 56.322 0.05180086 4.42730e-05
1760479111.576 56.403 0.05189304 2.27995e-05
1760479111.586 56.484 0.05195357 1.15535e-05
1760479111.596 56.565 0.05202433 1.01257e-05
1760479111.606 56.646 0.05213514 1.24312e-05
1760479111.616 56.727 0.05221149 1.43896e-05
1760479111.626 56.807 0.05230926 1.36730e-05
1760479111.636 56.888 0.05239214 1.05967e-05
1760479111.646 56.968 0.05251132 5.16772e-06
1760479111.656 57.048 0.05261375 2.03347e-06
1760479111.666 57.128 0.05267240 7.27438e-07
1760479111.676 57.208 0.05274690 4.82005e-07
1760479111.686 57.288 0.05285305 8.85447e-07
1760479111.696 57.368 0.05296106 1.44481e-06
1760479111.706 57.447 0.05306348 1.86387e-06
1760479111.716 57.527 0.05313984 1.77304e-06
1760479111.725 57.606 0.05324785 1.11953e-06
1760479111.736 57.686 0.05331209 5.44788e-07
1760479111.745 57.765 0.05341079 2.14412e-07
1760479111.756 57.844 0.05346573 1.40180e-07
1760479111.765 57.923 0.05354115 1.19186e-07
1760479111.775 58.002 0.05363706 4.35047e-08
1760479111.785 58.080 0.05371993 1.26762e-07
1760479111.795 58.159 0.05381491 9.00287e-08
1760479111.805 58.238 0.05385308 1.73221e-07
1760479111.815 58.316 0.05391733 3.40485e-07
1760479111.866 58.394 0.05427861 6.17752e-07
1760479111.872 58.473 0.05433635 2.04819e-07
1760479111.878 58.551 0.05437452 2.36647e-07
1760479111.885 58.629 0.05437452 1.93352e-07
1760479111.895 58.707 0.05444901 1.34558e-07
1760479111.905 58.785 0.05448812 1.54694e-07
1760479111.922 58.862 0.05463430 1.33570e-07
1760479111.928 58.940 0.05469018 2.07752e-07
1760479111.937 59.017 0.05472742 2.27073e-07
1760479111.945 59.095 0.05472742 2.63998e-07
1760479111.955 59.172 0.05479353 2.97182e-07
1760479111.965 59.249 0.05487267 2.93509e-07
1760479111.975 59.326 0.05493786 1.98573e-07
1760479111.985 59.403 0.05497882 2.12112e-07
1760479111.995 59.480 0.05502445 1.31946e-07
1760479112.005 59.557 0.05511943 1.65617e-07
1760479112.015 59.634 0.05519578 1.23818e-07
1760479112.025 59.710 0.05521254 9.62169e-08
1760479112.035 59.787 0.05529169 6.31063e-07
1760479112.045 59.863 0.05534383 1.51130e-06
1760479112.055 59.940 0.05536990 5.85561e-06
1760479112.065 60.016 0.05542204 9.82501e-06
1760479112.075 60.092 0.05549281 1.92264e-05
1760479112.085 60.168 0.05555706 5.21508e-05
1760479112.095 60.244 0.05560920 8.75203e-05
1760479112.105 60.320 0.05566321 1.40102e-04
1760479112.115 60.396 0.05572001 1.89223e-04
1760479112.125 60.471 0.05579171 2.06593e-04
1760479112.135 60.547 0.05586154 2.02589e-04
1760479112.145 60.622 0.05596117 1.64733e-04
1760479112.155 60.698 0.05603566 1.07658e-04
1760479112.165 60.773 0.05607663 5.03242e-05
1760479112.175 60.848 0.05611854 2.28281e-05
1760479112.185 60.923 0.05623213 8.32615e-06
1760479112.195 60.998 0.05630103 5.78713e-06
1760479112.205 61.073 0.05637832 3.22455e-06
1760479112.215 61.148 0.05645654 1.37619e-06
1760479112.225 61.222 0.05654500 4.09742e-07
1760479112.235 61.297 0.05665021 1.21559e-07
1760479112.245 61.372 0.05671632 7.50987e-08
1760479112.255 61.446 0.05680944 1.88398e-07
1760479112.265 61.520 0.05687461 8.68352e-07
1760479112.275 61.595 0.05695190 1.51101e-06
1760479112.285 61.669 0.05699939 4.36030e-06
1760479112.295 61.743 0.05709530 8.59509e-06
1760479112.305 61.817 0.05716327 1.84642e-05
1760479112.315 61.891 0.05722845 2.57084e-05
1760479112.325 61.965 0.05732994 2.58240e-05
1760479112.335 62.038 0.05739977 2.40934e-05
1760479112.345 62.112 0.05744820 1.51485e-05
1760479112.355 62.186 0.05750499 7.95059e-06
1760479112.365 62.259 0.05756272 3.60816e-06
1760479112.397 62.332 0.05784486 1.94591e-06
1760479112.422 62.406 0.05803760 5.74809e-07
1760479112.429 62.479 0.05810558 4.73894e-07
1760479112.435 62.552 0.05810558 3.45949e-07
1760479112.445 62.625 0.05814561 2.55512e-07
1760479112.455 62.698 0.05818937 2.95717e-07
1760479112.465 62.771 0.05827038 3.00469e-07
1760479112.475 62.844 0.05832067 3.04148e-07
1760479112.485 62.916 0.05839795 4.18004e-07
1760479112.495 62.989 0.05846592 3.46274e-07
1760479112.505 63.062 0.05850410 4.06250e-07
1760479112.515 63.134 0.05856183 3.02663e-07
1760479112.525 63.206 0.05863446 1.74286e-07
1760479112.535 63.279 0.05866612 1.89599e-07
1760479112.545 63.351 0.05872105 1.68487e-07
1760479112.555 63.423 0.05877320 2.10768e-07
1760479112.565 63.495 0.05884303 2.98117e-07
1760479112.575 63.567 0.05890542 4.45208e-07
1760479112.585 63.639 0.05893987 9.72241e-07
1760479112.595 63.711 0.05896408 1.73706e-06
1760479112.605 63.782 0.05903391 3.29594e-06
1760479112.615 63.854 0.05906743 3.86110e-06
1760479112.625 63.926 0.05911772 4.71309e-06
1760479112.635 63.997 0.05919127 4.88615e-06
1760479112.645 64.068 0.05922480 4.61318e-06
1760479112.655 64.140 0.05931698 4.33476e-06
1760479112.665 64.211 0.05933933 3.19294e-06
1760479112.675 64.282 0.05942779 1.86161e-06
1760479112.685 64.353 0.05950972 8.99450e-07
1760479112.695 64.424 0.05953952 5.37788e-07
1760479112.705 64.495 0.05960284 4.40776e-07
1760479112.715 64.566 0.05969130 3.92720e-07
1760479112.725 64.637 0.05974903 4.76636e-07
1760479112.735 64.707 0.05978534 8.35628e-07
1760479112.745 64.778 0.05986263 9.92209e-07
1760479112.755 64.849 0.05991663 1.15064e-06
1760479112.765 64.919 0.06001161 9.69307e-07
1760479112.775 64.989 0.06010938 8.07747e-07
1760479112.785 65.060 0.06016617 7.62921e-07
1760479112.795 65.130 0.06025836 3.81980e-07
1760479112.805 65.200 0.06035519 3.31386e-07
1760479112.815 65.270 0.06041293 2.41622e-07
1760479112.825 65.340 0.06044272 1.92777e-07
1760479112.835 65.410 0.06054701 3.15591e-07
1760479112.845 65.480 0.06062336 4.07722e-07
1760479112.855 65.550 0.06070623 9.78080e-07
1760479112.865 65.619 0.06077514 3.39940e-06
1760479112.875 65.689 0.06081797 5.90897e-06
1760479112.885 65.759 0.06089153 1.29637e-05
1760479112.895 65.828 0.06094274 3.86006e-05
1760479112.905 65.897 0.06103585 6.57252e-05
1760479112.915 65.967 0.06109731 9.57970e-05
1760479112.945 66.036 0.06136827 1.11487e-04
1760479112.955 66.105 0.06142507 5.71210e-05
1760479112.965 66.174 0.06142507 3.68975e-05
1760479112.975 66.243 0.06148093 1.30209e-05
1760479112.985 66.312 0.06158988 6.50522e-06
1760479112.995 66.381 0.06162713 3.80724e-06
1760479113.005 66.450 0.06169044 2.41218e-06
1760479113.015 66.519 0.06176400 1.30676e-06
1760479113.025 66.588 0.06180869 6.99995e-07
1760479113.035 66.656 0.06185618 3.53061e-07
1760479113.045 66.725 0.06191577 1.98912e-07
1760479113.055 66.793 0.06197909 2.66475e-07
1760479113.066 66.862 0.06206941 2.54023e-07
1760479113.075 66.930 0.06214483 2.09344e-07
1760479113.085 66.998 0.06214483 3.11308e-07
1760479113.095 67.066 0.06217836 3.69161e-07
1760479113.105 67.135 0.06226960 5.86822e-07
1760479113.115 67.203 0.06233292 6.63159e-07
1760479113.125 67.271 0.06235806 7.50521e-07
1760479113.135 67.339 0.06241487 8.80820e-07
1760479113.145 67.406 0.06243628 8.63068e-07
1760479113.155 67.474 0.06248656 8.57486e-07
1760479113.165 67.542 0.06257688 7.21742e-07
1760479113.175 67.610 0.06262903 4.67218e-07
1760479113.185 67.677 0.06266348 4.01432e-07
1760479113.195 67.745 0.06268862 2.53924e-07
1760479113.205 67.812 0.06276776 2.57988e-07
1760479113.217 67.879 0.06291395 2.42176e-07
1760479113.225 67.947 0.06295213 1.84298e-07
1760479113.235 68.014 0.06295213 2.79206e-07
1760479113.245 68.081 0.06303965 2.71885e-07
1760479113.255 68.148 0.06310111 3.95828e-07
1760479113.265 68.215 0.06312253 4.69438e-07
1760479113.275 68.282 0.06318678 5.45730e-07
1760479113.285 68.349 0.06328268 6.61859e-07
1760479113.295 68.416 0.06335717 5.94105e-07
1760479113.305 68.483 0.06344470 6.84415e-07
1760479113.315 68.550 0.06346891 6.56599e-07
1760479113.325 68.616 0.06355271 7.88321e-07
1760479113.335 68.683 0.06361324 1.26794e-06
1760479113.345 68.749 0.06367655 2.79744e-06
1760479113.355 68.816 0.06376222 4.48848e-06
1760479113.365 68.882 0.06385812 8.46487e-06
1760479113.375 68.949 0.06390933 1.39645e-05
1760479113.385 69.015 0.06395031 1.71192e-05
1760479113.395 69.081 0.06404528 1.75540e-05
1760479113.405 69.147 0.06409277 1.66516e-05
1760479113.415 69.213 0.06411605 1.41843e-05
1760479113.425 69.279 0.06420171 9.50760e-06
1760479113.435 69.345 0.06426131 4.65841e-06
1760479113.445 69.411 0.06436839 2.22728e-06
1760479113.455 69.477 0.06445405 1.24442e-06
1760479113.504 69.543 0.06472873 3.64957e-07
1760479113.511 69.608 0.06477436 3.18975e-07
1760479113.517 69.674 0.06483768 3.98772e-07
1760479113.524 69.740 0.06483768 3.63018e-07
1760479113.534 69.805 0.06492148 4.56195e-07
1760479113.544 69.871 0.06494290 4.74637e-07
1760479113.554 69.936 0.06501180 6.18436e-07
1760479113.564 70.001 0.06508070 6.02612e-07
1760479113.574 70.067 0.06514402 6.09462e-07
1760479113.584 70.132 0.06519896 6.49463e-07
1760479113.594 70.197 0.06525203 5.35742e-07
1760479113.604 70.262 0.06529579 5.44495e-07
1760479113.614 70.327 0.06533583 4.52456e-07
1760479113.624 70.392 0.06536283 3.80951e-07
1760479113.634 70.457 0.06546060 4.25201e-07
1760479113.644 70.522 0.06549692 4.22904e-07
1760479113.654 70.587 0.06552392 4.94552e-07
1760479113.664 70.651 0.06558817 4.50983e-07
1760479113.674 70.716 0.06560493 4.37884e-07
1760479113.684 70.781 0.06565521 4.90286e-07
1760479113.694 70.845 0.06573157 6.56601e-07
1760479113.704 70.910 0.06575205 5.91837e-07
1760479113.714 70.974 0.06579953 3.78637e-07
1760479113.724 71.039 0.06582654 2.57480e-07
1760479113.734 71.103 0.06590289 2.17781e-07
1760479113.744 71.167 0.06596062 9.49880e-08
1760479113.754 71.231 0.06600439 1.24483e-07
1760479113.764 71.296 0.06606026 8.90633e-08
1760479113.774 71.360 0.06610867 1.37100e-07
1760479113.784 71.424 0.06616734 1.71424e-07
1760479113.794 71.488 0.06623624 1.01136e-07
1760479113.804 71.552 0.06627255 1.56016e-07
1760479113.814 71.615 0.06636753 1.00899e-07
1760479113.824 71.679 0.06644574 1.36095e-07
1760479113.834 71.743 0.06647927 1.58092e-07
1760479113.844 71.807 0.06653979 8.05236e-08
1760479113.854 71.870 0.06661149 1.24422e-07
1760479113.864 71.934 0.06668597 1.30129e-07
1760479113.874 71.997 0.06673905 1.66077e-07
1760479113.884 72.061 0.06682937 2.79521e-07
1760479113.894 72.124 0.06691131 2.20259e-07
1760479113.904 72.188 0.06696811 2.61560e-07
1760479113.914 72.251 0.06701839 2.02786e-07
1760479113.924 72.314 0.06708264 2.23098e-07
1760479113.935 72.377 0.06719717 2.09914e-07
1760479113.944 72.440 0.06719717 1.51160e-07
1760479113.954 72.504 0.06727166 1.83488e-07
1760479113.964 72.567 0.06732939 1.78193e-07
1760479113.974 72.630 0.06740295 1.75986e-07
1760479113.984 72.692 0.06748955 2.03633e-07
1760479113.994 72.755 0.06756776 1.27598e-07
1760479114.004 72.818 0.06759942 2.46938e-07
1760479114.034 72.881 0.06777447 2.89791e-07
1760479114.060 72.944 0.06793649 6.22712e-06
1760479114.067 73.006 0.06801098 9.10708e-06
1760479114.075 73.069 0.06806312 1.32976e-05
1760479114.085 73.131 0.06806312 2.00747e-05
1760479114.094 73.194 0.06810595 4.59934e-05
1760479114.105 73.256 0.06817300 6.92704e-05
1760479114.115 73.319 0.06825960 9.36724e-05
1760479114.125 73.381 0.06825587 1.10785e-04
1760479114.135 73.443 0.06832291 1.18243e-04
1760479114.145 73.505 0.06838995 1.16947e-04
1760479114.155 73.568 0.06843371 1.13619e-04
1760479114.164 73.630 0.06850262 1.02298e-04
1760479114.174 73.692 0.06849983 8.39463e-05
1760479114.184 73.754 0.06854079 5.83183e-05
1760479114.194 73.816 0.06859015 3.56166e-05
1760479114.204 73.878 0.06865253 2.19589e-05
1760479114.214 73.940 0.06869909 1.29109e-05
1760479114.224 74.001 0.06874099 9.98910e-06
1760479114.234 74.063 0.06878382 7.28890e-06
1760479114.244 74.125 0.06884621 4.90839e-06
1760479114.254 74.186 0.06885273 3.26425e-06
1760479114.264 74.248 0.06888159 1.93128e-06
1760479114.274 74.310 0.06891232 1.05704e-06
1760479114.284 74.371 0.06897284 7.31871e-07
1760479114.294 74.432 0.06905385 3.10584e-07
1760479114.304 74.494 0.06910227 1.69255e-07
1760479114.314 74.555 0.06915069 1.05322e-07
1760479114.324 74.617 0.06922053 1.16469e-07
1760479114.334 74.678 0.06926615 1.13799e-07
1760479114.344 74.739 0.06928850 4.16346e-08
1760479114.354 74.800 0.06935926 8.90903e-08
1760479114.364 74.861 0.06945424 4.69278e-08
1760479114.374 74.922 0.06949521 8.84990e-08
1760479114.384 74.983 0.06956039 1.00339e-07
1760479114.394 75.044 0.06960788 2.53548e-08
1760479114.404 75.105 0.06967958 8.78730e-08
1760479114.414 75.166 0.06976151 4.90437e-08
1760479114.424 75.227 0.06981924 9.80801e-08
1760479114.434 75.287 0.06990025 1.00929e-07
1760479114.444 75.348 0.06995705 3.66434e-08
1760479114.454 75.409 0.06999058 8.56173e-08
1760479114.464 75.469 0.07006879 3.98746e-08
1760479114.474 75.530 0.07011255 7.74054e-08
1760479114.484 75.590 0.07017028 7.55194e-08
1760479114.494 75.651 0.07026340 1.81153e-08
1760479114.504 75.711 0.07030809 8.84476e-08
1760479114.514 75.772 0.07035651 5.35036e-08
1760479114.524 75.832 0.07041517 9.31104e-08
1760479114.534 75.892 0.07051946 7.56512e-08
1760479114.544 75.952 0.07059581 6.50840e-09
1760479114.554 76.013 0.07065074 5.70992e-08
1760479114.628 76.073 0.07107441 8.27910e-08
1760479114.638 76.133 0.07113028 1.17012e-07
1760479114.644 76.193 0.07118056 1.04154e-07
1760479114.654 76.253 0.07118056 1.59322e-07
1760479114.664 76.313 0.07124016 1.38556e-07
1760479114.674 76.373 0.07129043 1.70392e-07
1760479114.684 76.432 0.07132675 1.98961e-07
1760479114.694 76.492 0.07134444 1.39000e-07
1760479114.704 76.552 0.07141800 2.05271e-07
1760479114.714 76.612 0.07148597 1.85225e-07
1760479114.724 76.671 0.07150739 1.87465e-07
1760479114.734 76.731 0.07151391 1.66438e-07
1760479114.744 76.790 0.07157630 1.05915e-07
1760479114.754 76.850 0.07159678 1.52410e-07
1760479114.764 76.909 0.07163775 1.01406e-07
1760479114.774 76.969 0.07166941 1.50241e-07
1760479114.784 77.028 0.07168338 1.38526e-07
1760479114.794 77.087 0.07173459 1.07357e-07
1760479114.804 77.147 0.07174203 2.12296e-07
1760479114.814 77.206 0.07175786 1.90896e-07
1760479114.824 77.265 0.07180442 1.58681e-07
1760479114.834 77.324 0.07183422 2.48130e-07
1760479114.844 77.383 0.07184632 1.81187e-07
1760479114.854 77.442 0.07190964 2.53666e-07
1760479114.864 77.501 0.07196737 2.00393e-07
1760479114.874 77.560 0.07201114 2.58680e-07
1760479114.884 77.619 0.07204186 2.65168e-07
1760479114.894 77.678 0.07206141 2.04974e-07
1760479114.904 77.737 0.07211077 2.65114e-07
1760479114.914 77.796 0.07215825 2.16970e-07
1760479114.924 77.855 0.07220295 2.78319e-07
1760479114.934 77.913 0.07228302 2.65603e-07
1760479114.944 77.972 0.07235845 2.71389e-07
1760479114.954 78.031 0.07242455 3.26620e-07
1760479114.964 78.089 0.07246832 2.65995e-07
1760479114.974 78.148 0.07252977 3.02507e-07
1760479114.984 78.206 0.07259868 2.87272e-07
1760479114.994 78.265 0.07266572 1.99743e-07
1760479115.004 78.323 0.07272345 2.08664e-07
1760479115.014 78.381 0.07282308 1.12259e-07
1760479115.024 78.440 0.07286499 1.25935e-07
1760479115.034 78.498 0.07292923 8.13011e-08
1760479115.044 78.556 0.07300838 5.00924e-08
1760479115.054 78.614 0.07305121 1.38502e-07
1760479115.064 78.672 0.07312012 1.31413e-07
1760479115.074 78.730 0.07316015 2.00912e-07
1760479115.084 78.788 0.07321975 3.98851e-07
1760479115.094 78.846 0.07328306 6.06458e-07
1760479115.104 78.904 0.07332683 1.15794e-06
1760479115.114 78.962 0.07341156 1.75686e-06
1760479115.124 79.020 0.07347395 3.58020e-06
1760479115.134 79.078 0.07356799 5.51958e-06
1760479115.181 79.136 0.07382498 2.00739e-05
1760479115.191 79.194 0.07386596 2.29125e-05
1760479115.197 79.251 0.07390227 2.21718e-05
1760479115.204 79.309 0.07390227 2.09980e-05
1760479115.214 79.367 0.07396466 1.95265e-05
1760479115.224 79.424 0.07400283 1.64475e-05
1760479115.234 79.482 0.07404845 1.30291e-05
1760479115.244 79.539 0.07410619 8.83446e-06
1760479115.254 79.597 0.07416298 5.44334e-06
1760479115.264 79.654 0.07421792 3.52076e-06
1760479115.273 79.711 0.07423375 2.70230e-06
1760479115.284 79.769 0.07429613 1.93008e-06
1760479115.293 79.826 0.07433431 1.37653e-06
1760479115.303 79.883 0.07438739 1.07495e-06
1760479115.313 79.940 0.07441439 7.17030e-07
1760479115.323 79.998 0.07443581 5.01452e-07
1760479115.333 80.055 0.07449074 2.69346e-07
1760479115.343 80.112 0.07450750 1.47581e-07
1760479115.353 80.169 0.07454010 1.59583e-07
1760479115.363 80.226 0.07461924 7.37018e-08
1760479115.373 80.283 0.07467697 1.08915e-07
1760479115.383 80.340 0.07469559 6.99682e-08
1760479115.393 80.397 0.07476357 3.64811e-08
1760479115.403 80.454 0.07480919 1.07872e-07
1760479115.413 80.510 0.07480547 5.22813e-08
1760479115.423 80.567 0.07483061 9.38493e-08
1760479115.433 80.624 0.07490137 5.67648e-08
1760479115.443 80.680 0.07496190 2.31866e-08
1760479115.453 80.737 0.07501497 9.06040e-08
1760479115.501 80.794 0.07528780 4.72526e-08
1760479115.551 80.850 0.07557645 3.46721e-08
1760479115.558 80.907 0.07561741 -1.19822e-08
1760479115.625 80.963 0.07598801 6.12910e-09
1760479115.634 81.020 0.07598801 8.75873e-08
1760479115.644 81.076 0.07604108 3.42646e-08
1760479115.654 81.132 0.07603177 1.16463e-07
1760479115.664 81.189 0.07607740 1.00188e-07
1760479115.674 81.245 0.07609695 1.89418e-07
1760479115.684 81.301 0.07610347 2.09488e-07
1760479115.740 81.358 0.07619938 2.89218e-07
1760479115.759 81.414 0.07619658 2.95222e-07
1760479115.765 81.470 0.07621800 3.05292e-07
1760479115.773 81.526 0.07621800 2.65903e-07
1760479115.783 81.582 0.07620217 2.64690e-07
1760479115.793 81.638 0.07620776 2.15025e-07
1760479115.803 81.694 0.07621893 2.99782e-07
1760479115.813 81.750 0.07623010 2.43834e-07
1760479115.823 81.806 0.07629808 2.83812e-07
1760479115.833 81.862 0.07630180 2.19951e-07
1760479115.843 81.918 0.07631204 1.78313e-07
1760479115.853 81.973 0.07633253 2.45921e-07
1760479115.863 82.029 0.07638374 1.68102e-07
1760479115.873 82.085 0.07640981 1.18040e-07
1760479115.883 82.140 0.07644240 2.00581e-07
1760479115.893 82.196 0.07648337 1.02066e-07
1760479115.903 82.252 0.07651131 1.61124e-07
1760479115.913 82.307 0.07658673 9.09076e-08
1760479115.923 82.363 0.07664818 1.20617e-07
1760479115.933 82.418 0.07667425 6.12024e-08
1760479115.943 82.474 0.07668636 5.38939e-08
1760479115.953 82.529 0.07671708 1.09770e-07
1760479115.963 82.584 0.07675992 5.19276e-08
1760479115.973 82.640 0.07680834 9.03485e-08
1760479115.983 82.695 0.07687072 3.78611e-08
1760479115.993 82.750 0.07693963 3.33110e-08
1760479116.003 82.806 0.07701039 9.26151e-08
1760479116.051 82.861 0.07727298 6.12918e-08
1760479116.057 82.916 0.07732232 4.70870e-09
1760479116.064 82.971 0.07738564 4.82449e-08
1760479116.073 83.026 0.07738564 7.34153e-08
1760479116.122 83.081 0.07766312 4.58153e-08
1760479116.127 83.136 0.07770129 2.03650e-08
1760479116.133 83.191 0.07770129 8.29809e-08
1760479116.143 83.246 0.07775065 3.41945e-08
1760479116.153 83.301 0.07778323 1.16823e-07
1760479116.163 83.356 0.07784749 1.10569e-07
1760479116.173 83.411 0.07791359 2.66758e-07
1760479116.183 83.465 0.07790894 3.44346e-07
1760479116.193 83.520 0.07796853 5.06088e-07
1760479116.203 83.575 0.07802440 8.40052e-07
1760479116.213 83.630 0.07808399 1.10439e-06
1760479116.223 83.684 0.07811472 1.57662e-06
1760479116.233 83.739 0.07812496 1.97070e-06
1760479116.243 83.793 0.07815011 2.75462e-06
1760479116.253 83.848 0.07817431 3.36476e-06
1760479116.302 83.902 0.07830560 7.53213e-06
1760479116.308 83.957 0.07833726 1.57413e-05
1760479116.313 84.011 0.07836892 1.85530e-05
1760479116.323 84.066 0.07836892 2.37612e-05
1760479116.333 84.120 0.07840989 2.98706e-05
1760479116.343 84.174 0.07844806 3.98904e-05
1760479116.353 84.229 0.07849835 5.01814e-05
1760479116.363 84.283 0.07852535 6.28784e-05
1760479116.373 84.337 0.07855980 7.71552e-05
1760479116.383 84.391 0.07861288 9.38705e-05
1760479116.393 84.446 0.07863709 1.05418e-04
1760479116.403 84.500 0.07872368 1.15373e-04
1760479116.413 84.554 0.07875720 1.22380e-04
1760479116.423 84.608 0.07879351 1.27081e-04
1760479116.433 84.662 0.07881307 1.25195e-04
1760479116.443 84.716 0.07885870 1.21399e-04
1760479116.453 84.770 0.07890804 1.13154e-04
1760479116.463 84.824 0.07898347 1.01184e-04
1760479116.473 84.878 0.07898905 8.97061e-05
1760479116.483 84.931 0.07903282 7.24239e-05
1760479116.493 84.985 0.07908217 5.78072e-05
1760479116.503 85.039 0.07914176 4.42948e-05
1760479116.513 85.093 0.07918180 3.07111e-05
1760479116.523 85.146 0.07920973 2.08265e-05
1760479116.533 85.200 0.07924977 1.35344e-05
1760479116.543 85.254 0.07932147 1.02349e-05
1760479116.553 85.307 0.07936989 7.52068e-06
1760479116.563 85.361 0.07939131 4.82693e-06
1760479116.573 85.414 0.07947232 3.52523e-06
1760479116.583 85.468 0.07954494 1.99821e-06
1760479116.593 85.521 0.07960640 8.89215e-07
1760479116.603 85.575 0.07964550 4.53469e-07
1760479116.613 85.628 0.07970882 1.15374e-07
1760479116.623 85.682 0.07974793 9.41700e-08
1760479116.633 85.735 0.07978424 2.43714e-08
1760479116.643 85.788 0.07983359 4.61413e-08
1760479116.653 85.842 0.07989691 8.77694e-08
1760479116.701 85.895 0.08016322 6.62317e-08
1760479116.707 85.948 0.08020325 -9.85290e-09
1760479116.755 86.001 0.08048911 5.04146e-08
1760479116.805 86.054 0.08070793 5.06964e-08
1760479116.856 86.107 0.08084574 5.69601e-08
1760479116.904 86.160 0.08096306 7.79399e-08
1760479116.913 86.214 0.08096306 4.31839e-08
1760479116.923 86.267 0.08096492 7.20818e-08
1760479116.933 86.319 0.08096027 4.01175e-08
1760479116.943 86.372 0.08095002 8.29211e-08
1760479116.953 86.425 0.08096213 1.05467e-07
1760479117.000 86.478 0.08097703 9.93734e-08
1760479117.006 86.531 0.08096865 3.50777e-08
1760479117.013 86.584 0.08096865 3.09802e-08
1760479117.023 86.637 0.08097237 6.69252e-08
1760479117.033 86.689 0.08096865 3.08704e-08
1760479117.043 86.742 0.08100123 7.61439e-08
1760479117.053 86.795 0.08101427 8.86755e-08
1760479117.100 86.847 0.08113532 7.24384e-08
1760479117.105 86.900 0.08119584 3.59237e-08
1760479117.153 86.953 0.08134948 5.95832e-08
1760479117.203 87.005 0.08153384 7.27704e-08
1760479117.272 87.058 0.08179456 6.85052e-08
1760479117.278 87.110 0.08180294 2.29294e-08
1760479117.284 87.163 0.08179177 5.93506e-08
1760479117.292 87.215 0.08179177 7.51590e-09
1760479117.340 87.268 0.08185229 1.73327e-08
1760479117.429 87.320 0.08192492 1.15054e-08
1760479117.435 87.372 0.08193051 4.78560e-08
1760479117.442 87.425 0.08193051 1.14950e-09
1760479117.452 87.477 0.08197055 5.83121e-08
1760479117.500 87.529 0.08203573 7.35719e-08
1760479117.507 87.581 0.08206459 1.07332e-08
1760479117.555 87.633 0.08215026 6.01316e-08
1760479117.563 87.686 0.08215026 1.07382e-08
1760479117.573 87.738 0.08221450 5.48461e-08
1760479117.583 87.790 0.08217446 1.45241e-08
1760479117.592 87.842 0.08218750 5.14305e-08
1760479117.602 87.894 0.08223778 7.49256e-08
1760479117.650 87.946 0.08232624 7.85618e-08
1760479117.657 87.998 0.08233649 4.12119e-08
1760479117.663 88.050 0.08236814 1.77183e-08
1760479117.672 88.102 0.08236814 6.26896e-08
1760479117.682 88.154 0.08240352 2.35094e-08
1760479117.692 88.205 0.08244263 6.74580e-08
1760479117.702 88.257 0.08245101 7.13900e-08
1760479117.712 88.309 0.08248546 1.64664e-08
1760479117.722 88.361 0.08249571 8.56057e-08
1760479117.732 88.412 0.08253295 4.21075e-08
1760479117.742 88.464 0.08256554 9.28149e-08
1760479117.752 88.516 0.08257206 9.11301e-08
1760479117.762 88.567 0.08259813 4.85374e-08
1760479117.772 88.619 0.08263817 1.23707e-07
1760479117.782 88.671 0.08265772 9.49421e-08
1760479117.792 88.722 0.08271545 1.54462e-07
1760479117.802 88.774 0.08272477 1.55160e-07
1760479117.812 88.825 0.08277504 1.41247e-07
1760479117.822 88.877 0.08280205 2.52614e-07
1760479117.832 88.928 0.08282719 2.24904e-07
1760479117.842 88.979 0.08286257 3.22067e-07
1760479117.852 89.031 0.08290261 4.07743e-07
1760479117.862 89.082 0.08296500 4.48040e-07
1760479117.872 89.133 0.08301901 6.81585e-07
1760479117.882 89.185 0.08306742 8.38904e-07
1760479117.892 89.236 0.08312516 1.25930e-06
1760479117.902 89.287 0.08315495 1.72664e-06
1760479117.912 89.338 0.08317823 2.38173e-06
1760479117.922 89.390 0.08323875 2.94672e-06
1760479117.932 89.441 0.08327134 3.44421e-06
1760479117.983 89.492 0.08361400 5.86624e-06
1760479117.992 89.543 0.08361400 6.47372e-06
1760479118.002 89.594 0.08365590 6.25176e-06
1760479118.012 89.645 0.08372853 5.67650e-06
1760479118.022 89.696 0.08378160 5.26718e-06
1760479118.032 89.747 0.08379464 4.48374e-06
1760479118.042 89.798 0.08387471 3.82308e-06
1760479118.052 89.849 0.08391476 3.00781e-06
1760479118.062 89.899 0.08393524 2.18559e-06
1760479118.072 89.950 0.08400228 1.47687e-06
1760479118.082 90.001 0.08402556 1.03143e-06
1760479118.092 90.052 0.08414288 8.06059e-07
1760479118.102 90.103 0.08414288 5.96272e-07
1760479118.112 90.153 0.08416895 4.08255e-07
1760479118.122 90.204 0.08422389 3.57839e-07
1760479118.132 90.255 0.08425090 2.32099e-07
1760479118.142 90.305 0.08426207 2.18304e-07
1760479118.152 90.356 0.08434029 1.44147e-07
1760479118.162 90.407 0.08434029 7.13586e-08
1760479118.172 90.457 0.08435425 1.14064e-07
1760479118.182 90.508 0.08437846 4.22685e-08
1760479118.192 90.558 0.08443339 7.37465e-08
1760479118.202 90.609 0.08443805 3.31513e-08
1760479118.212 90.659 0.08448740 2.30050e-09
1760479118.222 90.709 0.08453582 7.36948e-08
1760479118.270 90.760 0.08474253 5.36405e-08
1760479118.320 90.810 0.08494366 5.64033e-08
1760479118.388 90.860 0.08526956 7.28736e-08
1760479118.438 90.911 0.08544089 7.56594e-08
1760479118.514 90.961 0.08550327 8.24646e-08
1760479118.537 91.011 0.08550699 7.33468e-08
1760479118.585 91.062 0.08549582 9.26106e-08
1760479118.592 91.112 0.08549396 1.42518e-08
1760479118.602 91.162 0.08549396 4.86909e-08
1760479118.612 91.212 0.08550792 2.27053e-08
1760479118.622 91.262 0.08552189 9.31554e-08
1760479118.632 91.312 0.08553679 4.58562e-08
1760479118.642 91.362 0.08550141 9.12787e-08
1760479118.652 91.412 0.08550420 4.74656e-08
1760479118.662 91.462 0.08553028 3.20827e-08
1760479118.672 91.512 0.08553772 9.91574e-08
1760479118.682 91.562 0.08552934 4.77742e-08
1760479118.692 91.612 0.08552655 9.24608e-08
1760479118.702 91.662 0.08556193 4.26878e-08
1760479118.712 91.712 0.08558055 3.32050e-08
1760479118.722 91.762 0.08561407 1.01180e-07
1760479118.732 91.811 0.08562804 4.78365e-08
1760479118.742 91.861 0.08565784 9.26677e-08
1760479118.752 91.911 0.08566250 4.85278e-08
1760479118.762 91.961 0.08572953 3.60070e-08
1760479118.772 92.010 0.08576958 9.79806e-08
1760479118.782 92.060 0.08578820 4.52418e-08
1760479118.792 92.110 0.08580961 8.84279e-08
1760479118.802 92.159 0.08588411 3.81576e-08
1760479118.812 92.209 0.08590831 2.74050e-08
1760479118.822 92.258 0.08597815 9.70155e-08
1760479118.869 92.308 0.08621931 5.84081e-08
1760479118.919 92.358 0.08649120 5.59693e-08
1760479118.926 92.407 0.08653031 -4.30000e-12
1760479118.932 92.456 0.08656756 4.75496e-08
1760479118.941 92.506 0.08656756 7.60955e-08
1760479118.951 92.555 0.08662063 3.64803e-08
1760479118.961 92.605 0.08665322 4.03178e-08
1760479118.971 92.654 0.08669512 1.05941e-07
1760479118.981 92.703 0.08675379 5.23707e-08
1760479118.991 92.753 0.08679475 1.00829e-07
1760479119.001 92.802 0.08680686 6.19003e-08
1760479119.011 92.851 0.08684038 7.74956e-08
1760479119.021 92.900 0.08686552 1.36085e-07
1760479119.031 92.950 0.08691208 7.63269e-08
1760479119.061 92.999 0.08695491 1.21645e-07
1760479119.071 93.048 0.08701078 1.19823e-07
1760479119.077 93.097 0.08699588 7.23480e-08
1760479119.082 93.146 0.08697819 9.35849e-08
1760479119.091 93.195 0.08697819 1.19741e-07
1760479119.101 93.244 0.08701916 6.70730e-08
1760479119.111 93.293 0.08704709 8.01721e-08
1760479119.121 93.342 0.08706757 1.25093e-07
1760479119.131 93.391 0.08711134 5.76734e-08
1760479119.141 93.440 0.08710668 9.90861e-08
1760479119.151 93.489 0.08716162 8.10810e-08
1760479119.161 93.538 0.08718956 5.87241e-08
1760479119.171 93.587 0.08725008 1.04316e-07
1760479119.219 93.636 0.08743351 6.82785e-08
1760479119.224 93.684 0.08750800 5.40630e-09
1760479119.231 93.733 0.08750800 1.98223e-08
1760479119.241 93.782 0.08754525 6.34147e-08
1760479119.251 93.831 0.08758249 2.26048e-08
1760479119.261 93.879 0.08759646 4.75313e-08
1760479119.271 93.928 0.08764861 9.16122e-08
1760479119.319 93.977 0.08791863 9.84737e-08
1760479119.326 94.025 0.08796798 2.04450e-08
1760479119.331 94.074 0.08796798 5.21582e-08
1760479119.341 94.123 0.08799219 9.04305e-08
1760479119.351 94.171 0.08805737 4.89960e-08
1760479119.361 94.220 0.08813093 7.09290e-08
1760479119.371 94.268 0.08811790 1.11119e-07
1760479119.381 94.317 0.08813745 3.61204e-08
1760479119.391 94.365 0.08817655 7.83342e-08
1760479119.401 94.414 0.08821101 3.48728e-08
1760479119.411 94.462 0.08826688 6.99660e-08
1760479119.421 94.510 0.08832275 9.87956e-08
1760479119.468 94.559 0.08841679 7.63490e-08
1760479119.475 94.607 0.08844659 2.73520e-09
1760479119.523 94.655 0.08863095 5.82751e-08
1760479119.601 94.704 0.08885349 1.55684e-08
1760479119.608 94.752 0.08887305 3.63646e-08
1760479119.656 94.800 0.08900806 8.72195e-08
1760479119.663 94.848 0.08902203 4.12368e-08
1760479119.671 94.896 0.08902203 9.64491e-08
1760479119.681 94.945 0.08902761 6.06950e-08
1760479119.691 94.993 0.08905275 1.13171e-07
1760479119.701 95.041 0.08910490 8.11474e-08
1760479119.711 95.089 0.08909559 8.36677e-08
1760479119.721 95.137 0.08908441 1.66126e-07
1760479119.731 95.185 0.08907790 1.11462e-07
1760479119.741 95.233 0.08910769 1.63199e-07
1760479119.751 95.281 0.08910583 1.48841e-07
1760479119.761 95.329 0.08906765 1.66829e-07
1760479119.772 95.377 0.08915425 2.35878e-07
1760479119.781 95.425 0.08912073 1.91141e-07
1760479119.791 95.473 0.08912073 2.50028e-07
1760479119.801 95.521 0.08912818 2.24274e-07
1760479119.811 95.569 0.08917101 2.60863e-07
1760479119.821 95.616 0.08919615 3.37844e-07
1760479119.831 95.664 0.08920453 2.92585e-07
1760479119.841 95.712 0.08924177 3.61513e-07
1760479119.851 95.760 0.08924829 3.87644e-07
1760479119.861 95.807 0.08929578 4.57442e-07
1760479119.871 95.855 0.08935258 5.60080e-07
1760479119.881 95.903 0.08937306 5.47473e-07
1760479119.891 95.950 0.08942893 7.18220e-07
1760479119.901 95.998 0.08948014 8.25262e-07
1760479119.911 96.046 0.08950343 1.08944e-06
1760479119.921 96.093 0.08954439 1.44253e-06
1760479119.931 96.141 0.08959467 1.72424e-06
1760479119.941 96.188 0.08963937 2.66850e-06
1760479119.951 96.236 0.08967754 3.34545e-06
1760479119.961 96.283 0.08973155 4.96836e-06
1760479119.971 96.331 0.08977811 6.81912e-06
1760479119.981 96.378 0.08985260 8.99178e-06
1760479119.991 96.426 0.08992895 1.18796e-05
1760479120.001 96.473 0.08995596 1.41982e-05
1760479120.011 96.520 0.08999692 1.73011e-05
1760479120.021 96.568 0.09008631 2.20077e-05
1760479120.031 96.615 0.09012914 2.36247e-05
1760479120.041 96.662 0.09017291 2.62218e-05
1760479120.051 96.710 0.09020922 2.80927e-05
1760479120.061 96.757 0.09025578 2.87664e-05
1760479120.071 96.804 0.09031258 2.85819e-05
1760479120.081 96.851 0.09037589 2.69009e-05
1760479120.091 96.899 0.09042525 2.48314e-05
1760479120.101 96.946 0.09049973 2.23396e-05
1760479120.130 96.993 0.09062265 1.98156e-05
1760479120.142 97.040 0.09073811 9.58034e-06
1760479120.151 97.087 0.09073811 7.81455e-06
1760479120.161 97.134 0.09078187 5.92754e-06
1760479120.171 97.181 0.09079956 4.10454e-06
1760479120.181 97.228 0.09084705 2.84718e-06
1760479120.191 97.275 0.09088150 1.91219e-06
1760479120.201 97.322 0.09091223 1.35288e-06
1760479120.211 97.369 0.09094017 1.13573e-06
1760479120.221 97.416 0.09097927 8.55878e-07
1760479120.231 97.463 0.09103048 5.76266e-07
1760479120.241 97.510 0.09107239 4.79142e-07
1760479120.251 97.557 0.09110684 3.18425e-07
1760479120.261 97.604 0.09112825 2.77797e-07
1760479120.271 97.651 0.09117202 1.81993e-07
1760479120.281 97.697 0.09117481 7.12817e-08
1760479120.291 97.744 0.09122137 9.51620e-08
1760479120.301 97.791 0.09127258 2.82621e-08
1760479120.311 97.838 0.09131169 6.00545e-08
1760479120.359 97.884 0.09147370 -1.07270e-09
1760479120.410 97.931 0.09171301 -2.81515e-08
1760479120.417 97.978 0.09172418 1.55192e-08
1760479120.423 98.024 0.09176794 4.27931e-08
1760479120.464 98.071 0.09191785 3.33213e-09
1760479120.471 98.118 0.09193741 1.78921e-08
1760479120.481 98.164 0.09193741 7.34863e-09
1760479120.491 98.211 0.09196162 1.79463e-08
1760479120.501 98.257 0.09200631 -1.60511e-09
1760479120.511 98.304 0.09205008 1.95291e-08
1760479120.521 98.350 0.09205846 -1.78041e-09
1760479120.531 98.397 0.09209477 5.57813e-09
1760479120.541 98.443 0.09211246 1.08905e-08
1760479120.551 98.490 0.09214505 -3.88360e-10
1760479120.561 98.536 0.09216554 1.62395e-08
1760479120.571 98.582 0.09219626 -6.40902e-09
1760479120.581 98.629 0.09219999 9.22350e-10
1760479120.591 98.675 0.09220930 6.55904e-09
1760479120.600 98.721 0.09222233 -8.73045e-09
1760479120.610 98.768 0.09223258 1.05314e-08
1760479120.620 98.814 0.09225772 -1.08787e-08
1760479120.630 98.860 0.09227634 -5.72192e-09
1760479120.640 98.906 0.09231545 1.85700e-09
1760479120.689 98.953 0.09243929 -5.86650e-09
1760479120.696 98.999 0.09245977 -1.69825e-08
1760479120.702 99.045 0.09250168 -8.06243e-09
1760479120.710 99.091 0.09250168 -5.90650e-09
1760479120.724 99.137 0.09260410 -4.75030e-09
1760479120.730 99.183 0.09260410 -3.95333e-08
1760479120.740 99.229 0.09263948 7.77830e-09
1760479120.750 99.276 0.09268138 -3.49507e-08
1760479120.792 99.322 0.09287692 -5.89926e-09
1760479120.806 99.368 0.09298121 1.76929e-08
1760479120.813 99.414 0.09302218 -1.91324e-08
1760479120.820 99.460 0.09302218 3.73950e-08
1760479120.870 99.505 0.09319630 6.36287e-08
1760479120.877 99.551 0.09324099 1.04690e-09
1760479120.883 99.597 0.09327173 3.91895e-08
1760479120.890 99.643 0.09327173 8.34963e-08
1760479120.900 99.689 0.09327266 3.88256e-08
1760479120.910 99.735 0.09334156 8.99029e-08
1760479120.920 99.781 0.09338812 6.29596e-08
1760479120.930 99.827 0.09341326 3.25761e-08
1760479120.940 99.872 0.09342629 1.08298e-07
1760479120.950 99.918 0.09344305 6.57170e-08
1760479120.960 99.964 0.09347192 1.05524e-07
1760479120.970 100.010 0.09349613 6.86879e-08
1760479120.980 100.055 0.09347658 3.55770e-08
1760479120.990 100.101 0.09351382 1.09986e-07
1760479121.000 100.147 0.09355293 5.77023e-08
1760479121.010 100.192 0.09355386 1.06397e-07
1760479121.020 100.238 0.09357341 6.64369e-08
1760479121.030 100.283 0.09362835 3.18501e-08
1760479121.040 100.329 0.09366094 1.03472e-07
1760479121.050 100.375 0.09366001 5.82760e-08
1760479121.060 100.420 0.09371215 9.59296e-08
1760479121.070 100.466 0.09374940 5.27611e-08
1760479121.080 100.511 0.09376243 1.73100e-08
1760479121.090 100.557 0.09379316 8.99597e-08
1760479121.100 100.602 0.09385182 3.54700e-08
1760479121.110 100.647 0.09389186 7.86548e-08
1760479121.120 100.693 0.09392073 3.70826e-08
1760479121.130 100.738 0.09399335 3.73450e-09
1760479121.140 100.784 0.09404736 7.89464e-08
1760479121.188 100.829 0.09425407 5.89383e-08
1760479121.274 100.874 0.09464980 6.14396e-08
1760479121.281 100.920 0.09472336 1.72853e-08
1760479121.291 100.965 0.09472336 5.20231e-08
1760479121.300 101.010 0.09474757 1.52523e-08
1760479121.310 101.055 0.09478388 6.55510e-08
1760479121.358 101.101 0.09490400 6.16896e-08
1760479121.365 101.146 0.09489003 1.83477e-08
1760479121.371 101.191 0.09488538 5.96006e-08
1760479121.380 101.236 0.09488538 1.97190e-09
1760479121.390 101.281 0.09494125 7.92967e-08
1760479121.438 101.326 0.09492449 6.30849e-08
1760479121.488 101.372 0.09498035 7.49824e-08
1760479121.495 101.417 0.09498315 3.53010e-08
1760479121.501 101.462 0.09502226 9.93540e-08
1760479121.510 101.507 0.09502226 9.42095e-08
1760479121.520 101.552 0.09506509 5.39919e-08
1760479121.530 101.597 0.09506602 5.54900e-08
1760479121.540 101.642 0.09509209 1.55101e-07
1760479121.550 101.687 0.09514331 1.13812e-07
1760479121.560 101.732 0.09516751 1.67227e-07
1760479121.570 101.777 0.09520848 1.40916e-07
1760479121.580 101.822 0.09522059 1.64000e-07
1760479121.590 101.866 0.09524201 2.55076e-07
1760479121.600 101.911 0.09525504 2.52644e-07
1760479121.610 101.956 0.09528577 3.76239e-07
1760479121.620 102.001 0.09533139 3.85461e-07
1760479121.630 102.046 0.09532115 4.28092e-07
1760479121.640 102.091 0.09537981 6.04114e-07
1760479121.650 102.135 0.09540588 6.45889e-07
1760479121.660 102.180 0.09541613 8.76039e-07
1760479121.670 102.225 0.09545431 9.85322e-07
1760479121.680 102.270 0.09547200 1.18266e-06
1760479121.690 102.314 0.09554090 1.57112e-06
1760479121.700 102.359 0.09557256 1.78017e-06
1760479121.710 102.404 0.09558373 2.61827e-06
1760479121.720 102.448 0.09560235 3.07777e-06
1760479121.730 102.493 0.09566008 4.43967e-06
1760479121.740 102.537 0.09568895 6.14253e-06
1760479121.750 102.582 0.09572340 9.12754e-06
1760479121.760 102.627 0.09577927 1.27010e-05
1760479121.770 102.671 0.09579138 1.63096e-05
1760479121.804 102.716 0.09599901 2.31316e-05
1760479121.813 102.760 0.09602881 5.31816e-05
1760479121.820 102.805 0.09602881 5.90432e-05
1760479121.830 102.849 0.09605023 6.55943e-05
1760479121.840 102.893 0.09612285 7.73188e-05
1760479121.850 102.938 0.09616569 8.85492e-05
1760479121.860 102.982 0.09620573 9.76302e-05
1760479121.870 103.027 0.09623739 1.05916e-04
1760479121.880 103.071 0.09628674 1.13863e-04
1760479121.890 103.115 0.09634819 1.23024e-04
1760479121.900 103.160 0.09637054 1.27570e-04
1760479121.910 103.204 0.09641244 1.30952e-04
1760479121.920 103.248 0.09647110 1.29551e-04
1760479121.939 103.293 0.09655956 1.18074e-04
1760479121.945 103.337 0.09662660 1.11929e-04
1760479121.951 103.381 0.09665267 1.06229e-04
1760479121.960 103.425 0.09665267 1.02195e-04
1760479121.970 103.469 0.09667968 9.21157e-05
1760479121.980 103.514 0.09671599 8.45298e-05
1760479121.990 103.558 0.09673554 7.53779e-05
1760479122.000 103.602 0.09675230 6.32727e-05
1760479122.010 103.646 0.09681376 5.47525e-05
1760479122.020 103.690 0.09686125 4.74162e-05
1760479122.030 103.734 0.09689011 3.90468e-05
1760479122.040 103.778 0.09690967 3.08669e-05
1760479122.050 103.822 0.09691246 2.49893e-05
1760479122.060 103.866 0.09697019 1.87253e-05
1760479122.070 103.910 0.09699906 1.37198e-05
1760479122.080 103.954 0.09701582 1.00157e-05
1760479122.090 103.998 0.09705027 6.75843e-06
1760479122.100 104.042 0.09709123 4.62537e-06
1760479122.110 104.086 0.09715921 3.20465e-06
1760479122.120 104.130 0.09720018 2.11969e-06
1760479122.130 104.174 0.09719645 1.32141e-06
1760479122.140 104.218 0.09726070 1.10833e-06
1760479122.150 104.262 0.09731284 6.82502e-07
1760479122.160 104.305 0.09737058 5.13516e-07
1760479122.170 104.349 0.09739758 2.77969e-07
1760479122.180 104.393 0.09743389 1.79737e-07
1760479122.190 104.437 0.09749069 1.31486e-07
1760479122.200 104.481 0.09754563 6.05544e-08
1760479122.210 104.524 0.09759871 8.01729e-08
1760479122.220 104.568 0.09764433 2.46226e-08
1760479122.230 104.612 0.09765364 5.07567e-08
1760479122.240 104.655 0.09769089 8.28526e-08
1760479122.305 104.699 0.09804937 4.84129e-08
1760479122.376 104.743 0.09831102 3.23639e-08
1760479122.444 104.786 0.09848980 -5.71400e-09
1760479122.494 104.830 0.09850749 -1.23325e-08
1760479122.544 104.874 0.09853356 -5.55460e-09
1760479122.594 104.917 0.09850004 -1.17129e-08
1760479122.644 104.961 0.09854008 -5.74500e-09
1760479122.694 105.004 0.09858757 -9.86530e-09
1760479122.745 105.048 0.09863133 -2.24380e-09
1760479122.794 105.091 0.09871979 -4.14350e-09
1760479122.844 105.135 0.09875052 3.54650e-09
1760479122.914 105.178 0.09881477 3.13677e-08
1760479122.920 105.222 0.09881290 8.32705e-08
1760479122.930 105.265 0.09881290 2.97192e-08
1760479122.939 105.309 0.09880825 8.59527e-08
1760479122.989 105.352 0.09889671 8.03184e-08
1760479123.055 105.395 0.09896375 5.70209e-08
1760479123.106 105.439 0.09905407 4.84034e-08
1760479123.156 105.482 0.09906896 3.64035e-08
1760479123.217 105.525 0.09918256 -6.99126e-09
1760479123.223 105.569 0.09916767 1.01594e-08
1760479123.229 105.612 0.09914718 -5.37545e-09
1760479123.239 105.655 0.09914718 -8.27830e-09
1760479123.249 105.699 0.09918722 -3.96207e-09
1760479123.259 105.742 0.09918256 -1.61626e-09
1760479123.269 105.785 0.09919467 -1.95271e-08
1760479123.279 105.828 0.09921516 -1.71711e-09
1760479123.293 105.871 0.09921702 -2.22306e-08
1760479123.299 105.915 0.09921702 -4.22647e-08
1760479123.309 105.958 0.09924588 2.73810e-09
1760479123.319 106.001 0.09923564 -4.31324e-08
1760479123.367 106.044 0.09928033 -5.63149e-08
1760479123.443 106.087 0.09948518 -6.90706e-08
1760479123.453 106.130 0.09952243 -1.58471e-08
1760479123.459 106.173 0.09952243 -3.42544e-08
1760479123.469 106.216 0.09955968 -7.99772e-08
1760479123.479 106.259 0.09959878 -3.97793e-08
1760479123.489 106.302 0.09961833 -4.82969e-08
1760479123.499 106.345 0.09962299 -1.00258e-07
1760479123.509 106.388 0.09968258 -4.35659e-08
1760479123.519 106.431 0.09974869 -8.14455e-08
1760479123.529 106.474 0.09977291 -4.12526e-08
1760479123.539 106.517 0.09981108 -3.20501e-08
1760479123.549 106.560 0.09983529 -8.28700e-08
1760479123.598 106.603 0.09988278 -5.76222e-08
1760479123.667 106.646 0.10001128 -5.43410e-08
1760479123.709 106.689 0.10013232 -8.45089e-09
1760479123.724 106.732 0.10017887 1.31913e-08
1760479123.731 106.774 0.10016956 -3.24532e-08
1760479123.739 106.817 0.10016956 2.57383e-08
1760479123.749 106.860 0.10020775 -3.81573e-08
1760479123.759 106.903 0.10021054 3.95040e-09
1760479123.769 106.946 0.10020589 -2.93033e-08
1760479123.810 106.988 0.10031017 4.80446e-09
1760479123.819 107.031 0.10031017 -1.72945e-08
1760479123.829 107.074 0.10035300 5.82748e-09
1760479123.839 107.116 0.10036417 -1.32452e-08
1760479123.849 107.159 0.10035486 -5.07845e-09
1760479123.859 107.202 0.10037069 6.02290e-10
1760479123.869 107.244 0.10036696 -1.18352e-08
1760479123.879 107.287 0.10037628 6.33193e-09
1760479123.889 107.330 0.10040048 -1.63364e-08
1760479123.899 107.372 0.10043494 -3.09013e-09
1760479123.909 107.415 0.10043867 3.07200e-10
1760479123.919 107.457 0.10048429 -1.12384e-08
1760479123.929 107.500 0.10052154 7.09782e-09
1760479123.939 107.542 0.10050291 -1.52105e-08
1760479123.949 107.585 0.10053085 1.22949e-09
1760479123.979 107.627 0.10059789 2.05196e-09
1760479123.988 107.670 0.10064166 1.49198e-09
1760479123.995 107.712 0.10066773 1.13030e-10
1760479124.000 107.755 0.10070311 -1.46331e-08
1760479124.009 107.797 0.10070311 2.95337e-09
1760479124.019 107.839 0.10076456 -1.00294e-08
1760479124.029 107.882 0.10080180 6.97890e-09
1760479124.039 107.924 0.10081763 -1.58313e-08
1760479124.049 107.967 0.10086234 2.95137e-09
1760479124.059 108.009 0.10092193 2.28657e-09
1760479124.069 108.051 0.10096010 -1.32275e-08
1760479124.079 108.093 0.10097872 7.26668e-09
1760479124.089 108.136 0.10100572 -1.57672e-08
1760479124.099 108.178 0.10103831 -2.42970e-10
1760479124.109 108.220 0.10110815 3.50490e-10
1760479124.119 108.263 0.10114074 -9.69162e-09
1760479124.129 108.305 0.10116867 6.75488e-09
1760479124.139 108.347 0.10123571 -1.56074e-08
1760479124.148 108.389 0.10126923 3.41863e-09
1760479124.158 108.431 0.10131673 2.85879e-09
1760479124.168 108.473 0.10136980 -7.01143e-09
1760479124.178 108.516 0.10141356 1.02187e-08
1760479124.188 108.558 0.10143870 -1.01277e-08
1760479124.198 108.600 0.10145453 8.86257e-09
1760479124.208 108.642 0.10150108 1.48921e-08
1760479124.218 108.684 0.10153834 1.15479e-08
1760479124.232 108.726 0.10162679 1.38805e-08
1760479124.238 108.768 0.10162679 8.43825e-08
1760479124.248 108.810 0.10166124 2.30227e-08
1760479124.258 108.852 0.10169849 1.02655e-07
1760479124.268 108.894 0.10174133 6.33918e-08
1760479124.278 108.936 0.10178602 1.23240e-07
1760479124.288 108.978 0.10180092 8.45618e-08
1760479124.298 109.020 0.10185864 9.14224e-08
1760479124.308 109.062 0.10190054 1.70107e-07
1760479124.318 109.104 0.10195363 1.32720e-07
1760479124.328 109.146 0.10200390 1.92286e-07
1760479124.338 109.188 0.10199366 1.61053e-07
1760479124.348 109.229 0.10201135 1.87438e-07
1760479124.358 109.271 0.10208956 2.39703e-07
1760479124.368 109.313 0.10212029 1.97137e-07
1760479124.378 109.355 0.10216498 2.01818e-07
1760479124.388 109.397 0.10221620 2.10945e-07
1760479124.398 109.438 0.10222272 1.82821e-07
1760479124.408 109.480 0.10228790 2.76338e-07
1760479124.418 109.522 0.10236145 2.29502e-07
1760479124.428 109.564 0.10241547 2.73702e-07
1760479124.438 109.605 0.10242292 2.15680e-07
1760479124.448 109.647 0.10244806 1.79464e-07
1760479124.458 109.689 0.10247692 2.49849e-07
1760479124.468 109.730 0.10252440 1.74886e-07
1760479124.478 109.772 0.10255420 1.32616e-07
1760479124.520 109.814 0.10274229 1.60069e-07
1760479124.529 109.855 0.10280747 6.10755e-08
1760479124.538 109.897 0.10280747 7.43980e-08
1760479124.548 109.939 0.10285589 4.85731e-08
1760479124.558 109.980 0.10287731 1.09349e-07
1760479124.568 110.022 0.10292759 4.29252e-08
