1760484341.465 33.800 0.03274334 5.28500e-08
1760484341.513 33.935 0.03274334 7.29420e-08
1760484341.520 34.069 0.03272006 1.13434e-08
1760484341.568 34.203 0.03273123 5.10127e-08
1760484341.618 34.336 0.03275637 4.94975e-08
1760484341.669 34.469 0.03283459 4.93285e-08
1760484341.677 34.602 0.03283459 1.20126e-08
1760484341.687 34.733 0.03285601 5.32722e-08
1760484341.735 34.865 0.03304782 4.98459e-08
1760484341.785 34.996 0.03319866 4.92830e-08
1760484341.835 35.126 0.03346031 6.61494e-08
1760484341.842 35.256 0.03349569 6.06750e-08
1760484341.848 35.385 0.03354504 1.65514e-07
1760484341.857 35.514 0.03354504 1.84035e-07
1760484341.866 35.643 0.03355436 5.35391e-07
1760484341.876 35.771 0.03358881 8.31561e-07
1760484341.886 35.898 0.03364933 2.98090e-06
1760484341.896 36.025 0.03370334 4.77010e-06
1760484341.906 36.152 0.03373313 1.05325e-05
1760484341.916 36.278 0.03374617 1.96433e-05
1760484341.926 36.404 0.03377783 3.28674e-05
1760484341.936 36.530 0.03380483 3.99347e-05
1760484341.946 36.654 0.03384766 4.48716e-05
1760484341.956 36.779 0.03388956 4.38223e-05
1760484341.966 36.903 0.03391936 3.88367e-05
1760484342.021 37.027 0.03421453 4.24703e-07
1760484342.028 37.150 0.03431789 2.90330e-07
1760484342.037 37.273 0.03431789 1.38642e-07
1760484342.047 37.395 0.03446314 1.00079e-07
1760484342.056 37.517 0.03446314 6.14356e-08
1760484342.104 37.639 0.03497154 8.81690e-09
1760484342.154 37.760 0.03551439 2.20174e-08
1760484342.161 37.881 0.03563544 4.06293e-08
1760484342.167 38.002 0.03573880 9.07913e-08
1760484342.215 38.122 0.03606376 8.26082e-08
1760484342.222 38.241 0.03612894 5.97860e-09
1760484342.228 38.361 0.03619133 4.88604e-08
1760484342.236 38.480 0.03619133 7.56878e-08
1760484342.246 38.598 0.03627327 2.88302e-08
1760484342.256 38.717 0.03630120 7.13192e-08
1760484342.304 38.834 0.03648743 1.75390e-09
1760484342.354 38.952 0.03657309 4.64420e-09
1760484342.405 39.069 0.03674908 -5.75110e-09
1760484342.456 39.186 0.03700142 2.63800e-10
1760484342.505 39.302 0.03721092 -4.41180e-09
1760484342.595 39.419 0.03751168 1.74772e-08
1760484342.601 39.534 0.03751819 5.37660e-08
1760484342.652 39.650 0.03760758 5.85624e-08
1760484342.702 39.765 0.03760945 5.16477e-08
1760484342.709 39.880 0.03764017 9.57380e-09
1760484342.716 39.994 0.03764017 4.53731e-08
1760484342.765 40.108 0.03771466 5.81023e-08
1760484342.772 40.222 0.03774632 -8.32880e-09
1760484342.820 40.336 0.03782268 4.36941e-08
1760484342.870 40.449 0.03801635 4.28148e-08
1760484342.920 40.562 0.03823703 4.52496e-08
1760484342.970 40.674 0.03846050 3.27129e-08
1760484343.020 40.786 0.03865045 4.02707e-08
1760484343.070 40.898 0.03878081 3.38974e-08
1760484343.133 41.010 0.03884134 4.87170e-08
1760484343.183 41.121 0.03890651 4.64380e-08
1760484343.235 41.232 0.03898752 5.79647e-08
1760484343.303 41.343 0.03905922 4.49481e-08
1760484343.353 41.453 0.03920355 4.92597e-08
1760484343.404 41.564 0.03929852 4.02938e-08
1760484343.454 41.673 0.03935812 4.39831e-08
1760484343.504 41.783 0.03949034 3.48068e-08
1760484343.554 41.892 0.03957693 3.78566e-08
1760484343.604 42.001 0.03966632 3.11461e-08
1760484343.670 42.110 0.03979295 3.89415e-08
1760484343.720 42.218 0.03990469 3.63651e-08
1760484343.727 42.326 0.03993263 1.30134e-08
1760484343.736 42.434 0.03993263 4.27049e-08
1760484343.785 42.542 0.03999501 5.01199e-08
1760484343.835 42.649 0.04010116 5.10127e-08
1760484343.885 42.756 0.04025480 5.27740e-08
1760484343.934 42.863 0.04041030 5.42513e-08
1760484343.985 42.970 0.04058070 5.37455e-08
1760484344.035 43.076 0.04067753 5.41303e-08
1760484344.085 43.182 0.04080975 5.34810e-08
1760484344.153 43.287 0.04089356 6.17878e-08
1760484344.230 43.393 0.04104440 5.92576e-08
1760484344.237 43.498 0.04104906 4.97516e-08
1760484344.246 43.603 0.04104906 1.40063e-08
1760484344.255 43.708 0.04106768 6.06805e-08
1760484344.303 43.812 0.04112913 5.40288e-08
1760484344.353 43.917 0.04121759 5.91193e-08
1760484344.403 44.020 0.04138613 5.27351e-08
1760484344.453 44.124 0.04153138 5.74305e-08
1760484344.504 44.228 0.04170551 5.06412e-08
1760484344.554 44.331 0.04186287 5.54995e-08
1760484344.604 44.434 0.04196064 4.47640e-08
1760484344.611 44.537 0.04197181 7.71930e-09
1760484344.617 44.639 0.04198950 4.41193e-08
1760484344.665 44.741 0.04207610 6.32285e-08
1760484344.675 44.844 0.04207610 -1.05914e-08
1760484344.685 44.945 0.04207424 7.21212e-08
1760484344.759 45.047 0.04221949 4.88137e-08
1760484344.768 45.148 0.04222787 5.80391e-08
1760484344.816 45.249 0.04243179 4.93623e-08
1760484344.825 45.350 0.04243179 -8.20650e-09
1760484344.835 45.451 0.04246252 7.03139e-08
1760484344.886 45.552 0.04271672 5.90869e-08
1760484344.936 45.652 0.04293088 5.93685e-08
1760484344.986 45.752 0.04312921 5.76483e-08
1760484345.037 45.852 0.04325957 5.82874e-08
1760484345.086 45.951 0.04336479 5.72040e-08
1760484345.154 46.051 0.04344673 4.96610e-08
1760484345.161 46.150 0.04345697 1.29977e-08
1760484345.167 46.249 0.04348584 4.26067e-08
1760484345.216 46.347 0.04356405 6.43094e-08
1760484345.225 46.446 0.04356405 -7.19040e-09
1760484345.235 46.544 0.04356591 6.72613e-08
1760484345.301 46.642 0.04367858 4.73093e-08
1760484345.351 46.740 0.04382477 5.33085e-08
1760484345.404 46.838 0.04403334 5.20145e-08
1760484345.454 46.935 0.04421864 5.72095e-08
1760484345.503 47.033 0.04436669 5.16111e-08
1760484345.554 47.130 0.04445980 5.80181e-08
1760484345.604 47.227 0.04455291 5.29907e-08
1760484345.654 47.323 0.04455105 5.91139e-08
1760484345.704 47.420 0.04462927 5.47206e-08
1760484345.754 47.516 0.04472797 6.06533e-08
1760484345.829 47.612 0.04488067 5.71198e-08
1760484345.838 47.708 0.04489557 2.97794e-08
1760484345.845 47.804 0.04491326 9.88950e-09
1760484345.854 47.899 0.04491326 5.89763e-08
1760484345.902 47.995 0.04501941 5.92252e-08
1760484345.952 48.090 0.04510228 6.63683e-08
1760484346.002 48.185 0.04523357 5.99893e-08
1760484346.053 48.280 0.04539373 6.65851e-08
1760484346.102 48.374 0.04555202 6.20616e-08
1760484346.153 48.469 0.04567772 6.53908e-08
1760484346.203 48.563 0.04576153 5.76788e-08
1760484346.253 48.657 0.04584067 6.19144e-08
1760484346.303 48.751 0.04589002 5.45444e-08
1760484346.371 48.844 0.04598965 5.06582e-08
1760484346.421 48.938 0.04608742 4.86469e-08
1760484346.474 49.031 0.04616564 -1.37772e-08
1760484346.524 49.124 0.04624479 -1.46033e-08
1760484346.574 49.217 0.04632486 -1.43851e-08
1760484346.624 49.310 0.04643381 -1.60036e-08
1760484346.674 49.403 0.04649433 -1.31717e-08
1760484346.724 49.495 0.04659955 -1.16142e-08
1760484346.774 49.588 0.04664704 -1.08108e-08
1760484346.824 49.680 0.04676622 -8.32810e-09
1760484346.875 49.772 0.04687796 -6.77120e-09
1760484346.925 49.863 0.04695431 5.10950e-08
1760484346.973 49.955 0.04701297 8.66500e-10
1760484347.023 50.046 0.04707908 -2.11630e-09
1760484347.073 50.138 0.04718151 -5.84450e-09
1760484347.124 50.229 0.04724017 -7.70970e-09
1760484347.174 50.320 0.04735097 -7.62320e-09
1760484347.224 50.410 0.04746085 -5.17160e-09
1760484347.274 50.501 0.04754837 9.31280e-09
1760484347.284 50.591 0.04754837 6.16938e-08
1760484347.294 50.682 0.04757445 4.88783e-08
1760484347.303 50.772 0.04756793 1.53001e-07
1760484347.313 50.862 0.04755489 1.19875e-07
1760484347.323 50.952 0.04758748 1.84143e-07
1760484347.333 51.041 0.04761541 1.90917e-07
1760484347.343 51.131 0.04765173 2.80114e-07
1760484347.353 51.220 0.04766104 5.13995e-07
1760484347.363 51.309 0.04766570 6.91389e-07
1760484347.373 51.398 0.04767035 1.00769e-06
1760484347.383 51.487 0.04770201 1.39889e-06
1760484347.393 51.576 0.04773460 1.56660e-06
1760484347.403 51.664 0.04775415 3.08740e-06
1760484347.413 51.753 0.04775415 8.19080e-07
1760484347.423 51.841 0.04781002 3.38546e-06
1760484347.454 51.929 0.04792548 6.10955e-06
1760484347.480 52.017 0.04807074 3.10211e-05
1760484347.487 52.105 0.04815454 3.04539e-05
1760484347.494 52.192 0.04815454 2.66994e-05
1760484347.503 52.280 0.04823648 1.73228e-05
1760484347.513 52.367 0.04830352 2.20977e-05
1760484347.523 52.455 0.04838546 8.91429e-06
1760484347.533 52.542 0.04845902 2.38711e-06
1760484347.543 52.629 0.04856610 9.22119e-07
1760484347.553 52.715 0.04863873 5.16576e-07
1760484347.563 52.802 0.04871601 1.48939e-07
1760484347.573 52.888 0.04881658 6.23294e-08
1760484347.583 52.975 0.04890411 2.60195e-08
1760484347.593 53.061 0.04899163 2.67249e-08
1760484347.603 53.147 0.04906612 1.38970e-07
1760484347.669 53.233 0.04964156 5.49303e-08
1760484347.719 53.319 0.04998794 5.68809e-08
1760484347.770 53.405 0.05026821 6.93684e-08
1760484347.838 53.490 0.05048051 5.66341e-08
1760484347.845 53.575 0.05048983 1.44421e-08
1760484347.854 53.661 0.05048983 6.56339e-08
1760484347.902 53.746 0.05050752 6.02796e-08
1760484347.970 53.831 0.05053731 6.43148e-08
1760484348.044 53.916 0.05068350 4.23172e-08
1760484348.053 54.000 0.05068350 7.56615e-08
1760484348.104 54.085 0.05083249 1.58134e-07
1760484348.114 54.169 0.05084087 1.62739e-07
1760484348.123 54.254 0.05084087 2.49654e-07
1760484348.133 54.338 0.05087252 3.48402e-07
1760484348.143 54.422 0.05090139 3.95821e-07
1760484348.153 54.506 0.05094795 5.85285e-07
1760484348.163 54.590 0.05094143 1.00431e-06
1760484348.173 54.673 0.05094143 1.69590e-06
1760484348.183 54.757 0.05095726 1.25458e-06
1760484348.193 54.840 0.05099543 2.03705e-06
1760484348.203 54.924 0.05101778 4.93834e-06
1760484348.213 55.007 0.05103827 6.49778e-06
1760484348.223 55.090 0.05104665 4.77310e-06
1760484348.233 55.173 0.05106154 1.29908e-05
1760484348.243 55.256 0.05108389 1.58538e-05
1760484348.253 55.338 0.05111555 1.76246e-05
1760484348.263 55.421 0.05114349 2.69678e-05
1760484348.273 55.503 0.05116863 1.76528e-05
1760484348.283 55.585 0.05121425 3.70065e-05
1760484348.293 55.668 0.05124497 4.00867e-05
1760484348.303 55.750 0.05130364 6.46400e-05
1760484348.313 55.832 0.05133809 9.01597e-05
1760484348.323 55.913 0.05142469 1.11101e-04
1760484348.333 55.995 0.05148335 1.15365e-04
1760484348.343 56.077 0.05153735 8.65170e-05
1760484348.353 56.158 0.05162022 1.09805e-04
1760484348.363 56.240 0.05171520 6.24069e-05
1760484348.373 56.321 0.05178410 2.54685e-05
1760484348.383 56.402 0.05185953 3.74421e-06
1760484348.393 56.483 0.05196009 5.23289e-06
1760484348.403 56.564 0.05204389 5.19212e-06
1760484348.413 56.644 0.05213886 9.92533e-06
1760484348.423 56.725 0.05223570 9.43690e-06
1760484348.433 56.806 0.05231578 9.84662e-06
1760484348.443 56.886 0.05243217 6.54919e-06
1760484348.453 56.966 0.05254205 8.94970e-07
1760484348.463 57.047 0.05262306 2.47049e-07
1760484348.473 57.127 0.05271710 3.50914e-07
1760484348.483 57.207 0.05281860 7.36289e-07
1760484348.493 57.286 0.05290705 1.62287e-06
1760484348.503 57.366 0.05300761 2.60257e-06
1760484348.513 57.446 0.05309142 2.25565e-06
1760484348.523 57.525 0.05318918 1.91958e-06
1760484348.533 57.605 0.05327113 6.46053e-07
1760484348.543 57.684 0.05334561 1.43239e-07
1760484348.581 57.763 0.05362961 5.84916e-08
1760484348.588 57.842 0.05372645 1.17901e-07
1760484348.594 57.921 0.05380374 8.69126e-08
1760484348.603 58.000 0.05380374 2.06290e-07
1760484348.613 58.079 0.05385029 1.89243e-07
1760484348.623 58.158 0.05392758 4.46918e-07
1760484348.633 58.236 0.05400393 5.31572e-07
1760484348.643 58.315 0.05407097 5.61697e-07
1760484348.653 58.393 0.05411287 5.63135e-07
1760484348.663 58.471 0.05418271 3.16311e-07
1760484348.673 58.549 0.05424882 1.25901e-07
1760484348.683 58.627 0.05427116 1.29190e-07
1760484348.693 58.705 0.05431586 1.35638e-07
1760484348.703 58.783 0.05439314 9.56324e-08
1760484348.713 58.861 0.05445181 5.75358e-08
1760484348.723 58.938 0.05453188 1.24641e-07
1760484348.733 59.016 0.05458868 1.34068e-07
1760484348.743 59.093 0.05462313 2.24140e-07
1760484348.753 59.171 0.05467528 4.07081e-07
1760484348.763 59.248 0.05474325 3.73088e-07
1760484348.773 59.325 0.05480191 3.94932e-07
1760484348.783 59.402 0.05483636 2.63735e-07
1760484348.793 59.479 0.05490527 2.32239e-07
1760484348.803 59.556 0.05497417 3.01862e-07
1760484348.815 59.632 0.05509987 1.46099e-07
1760484348.823 59.709 0.05517250 1.25162e-07
1760484348.833 59.785 0.05517250 3.65011e-07
1760484348.843 59.862 0.05523582 5.47273e-07
1760484348.853 59.938 0.05527679 4.65859e-06
1760484348.863 60.014 0.05535314 9.81570e-06
1760484348.873 60.090 0.05542111 3.49994e-05
1760484348.883 60.166 0.05551981 5.96368e-05
1760484348.893 60.242 0.05559058 1.08860e-04
1760484348.903 60.318 0.05568090 1.62629e-04
1760484348.913 60.394 0.05575911 2.79549e-04
1760484348.923 60.470 0.05582243 3.31259e-04
1760484348.933 60.545 0.05589786 2.93188e-04
1760484348.942 60.621 0.05596303 2.27339e-04
1760484348.952 60.696 0.05606453 7.12390e-05
1760484348.963 60.771 0.05613716 2.15426e-05
1760484348.972 60.846 0.05620978 1.61947e-06
1760484348.982 60.922 0.05630197 6.81004e-07
1760484348.992 60.997 0.05639136 2.17260e-07
1760484349.002 61.071 0.05647516 1.86243e-07
1760484349.012 61.146 0.05654220 9.37992e-08
1760484349.022 61.221 0.05660459 1.25107e-07
1760484349.032 61.296 0.05668839 9.33206e-08
1760484349.042 61.370 0.05676381 2.74901e-07
1760484349.052 61.445 0.05681782 1.25474e-06
1760484349.062 61.519 0.05688393 4.39327e-06
1760484349.072 61.593 0.05696307 3.76441e-06
1760484349.082 61.667 0.05706550 9.57702e-06
1760484349.112 61.741 0.05727221 1.73573e-05
1760484349.138 61.815 0.05745378 2.08731e-05
1760484349.150 61.889 0.05750685 7.80677e-06
1760484349.156 61.963 0.05759811 1.83032e-06
1760484349.164 62.037 0.05763814 1.28707e-06
1760484349.172 62.110 0.05763814 9.71362e-07
1760484349.182 62.184 0.05770612 1.44000e-06
1760484349.192 62.257 0.05777875 1.56744e-06
1760484349.211 62.331 0.05792121 6.31568e-07
1760484349.216 62.404 0.05796125 7.12439e-07
1760484349.222 62.477 0.05796125 5.56719e-07
1760484349.232 62.550 0.05800874 3.79702e-07
1760484349.242 62.624 0.05805995 2.22517e-07
1760484349.252 62.696 0.05814003 2.88839e-07
1760484349.262 62.769 0.05817168 2.75543e-07
1760484349.272 62.842 0.05821452 4.02231e-07
1760484349.282 62.915 0.05829180 4.51028e-07
1760484349.292 62.987 0.05832346 3.84227e-07
1760484349.303 63.060 0.05842402 3.21517e-07
1760484349.312 63.132 0.05842402 3.06572e-07
1760484349.322 63.205 0.05846220 3.49809e-07
1760484349.332 63.277 0.05851993 2.65458e-07
1760484349.342 63.349 0.05855066 2.19585e-07
1760484349.353 63.421 0.05872571 2.29735e-07
1760484349.365 63.493 0.05875737 2.95856e-07
1760484349.372 63.565 0.05875737 5.16547e-07
1760484349.382 63.637 0.05881696 8.28465e-07
1760484349.392 63.709 0.05886911 1.22084e-06
1760484349.402 63.781 0.05893987 2.90293e-06
1760484349.412 63.852 0.05899295 3.62126e-06
1760484349.422 63.924 0.05905067 5.89340e-06
1760484349.432 63.995 0.05911586 7.82327e-06
1760484349.442 64.067 0.05917824 8.67552e-06
1760484349.452 64.138 0.05925925 6.11441e-06
1760484349.462 64.209 0.05933002 6.35296e-06
1760484349.472 64.280 0.05938402 3.70802e-06
1760484349.482 64.352 0.05948458 1.13422e-06
1760484349.492 64.423 0.05956001 3.59127e-07
1760484349.502 64.493 0.05962146 2.86048e-07
1760484349.512 64.564 0.05971085 5.53797e-07
1760484349.522 64.635 0.05978627 1.06702e-06
1760484349.532 64.706 0.05984400 1.43715e-06
1760484349.542 64.776 0.05992315 1.92174e-06
1760484349.552 64.847 0.05999485 9.07829e-07
1760484349.562 64.917 0.06009448 1.47695e-06
1760484349.572 64.988 0.06016710 9.13127e-07
1760484349.582 65.058 0.06022763 6.12522e-07
1760484349.592 65.128 0.06031236 3.47611e-07
1760484349.602 65.198 0.06037754 3.12180e-07
1760484349.612 65.268 0.06045576 3.12431e-07
1760484349.622 65.338 0.06050045 4.70465e-07
1760484349.632 65.408 0.06055353 6.28024e-07
1760484349.663 65.478 0.06082914 9.98600e-07
1760484349.678 65.548 0.06089618 5.26847e-05
1760484349.684 65.618 0.06096602 7.46037e-05
1760484349.692 65.687 0.06096602 1.02958e-04
1760484349.702 65.757 0.06101537 1.50265e-04
1760484349.712 65.826 0.06108334 1.76903e-04
1760484349.722 65.896 0.06115783 1.96719e-04
1760484349.732 65.965 0.06123046 2.12111e-04
1760484349.742 66.034 0.06126398 1.35511e-04
1760484349.752 66.104 0.06132264 1.14220e-04
1760484349.762 66.173 0.06138503 6.84319e-05
1760484349.772 66.242 0.06144183 2.55207e-05
1760484349.782 66.311 0.06149956 2.79976e-06
1760484349.792 66.380 0.06156939 6.91347e-07
1760484349.802 66.448 0.06160105 3.39536e-07
1760484349.812 66.517 0.06167089 2.51811e-07
1760484349.822 66.586 0.06172955 4.65253e-07
1760484349.834 66.655 0.06180311 2.45426e-07
1760484349.842 66.723 0.06180311 1.91772e-07
1760484349.852 66.792 0.06187481 2.29568e-07
1760484349.862 66.860 0.06191671 1.70413e-07
1760484349.872 66.928 0.06198654 2.53286e-07
1760484349.882 66.997 0.06202565 2.87249e-07
1760484349.892 67.065 0.06207966 4.70183e-07
1760484349.902 67.133 0.06214763 7.04025e-07
1760484349.912 67.201 0.06221560 8.79650e-07
1760484349.922 67.269 0.06228171 1.31186e-06
1760484349.932 67.337 0.06233572 1.63763e-06
1760484349.942 67.405 0.06237762 1.34805e-06
1760484349.952 67.472 0.06243162 1.21477e-06
1760484349.962 67.540 0.06252288 9.74426e-07
1760484349.972 67.608 0.06259550 9.97144e-07
1760484349.982 67.675 0.06263461 6.23303e-07
1760484349.992 67.743 0.06270351 4.40461e-07
1760484350.002 67.810 0.06275752 2.56524e-07
1760484350.012 67.878 0.06282922 2.02320e-07
1760484350.022 67.945 0.06288695 2.95224e-07
1760484350.032 68.012 0.06296144 3.54633e-07
1760484350.042 68.079 0.06306107 5.02977e-07
1760484350.052 68.147 0.06311694 6.74741e-07
1760484350.062 68.214 0.06316350 7.42772e-07
1760484350.072 68.281 0.06324730 9.56343e-07
1760484350.082 68.348 0.06332458 6.39619e-07
1760484350.092 68.414 0.06339535 7.42115e-07
1760484350.102 68.481 0.06345494 7.30463e-07
1760484350.112 68.548 0.06350895 7.01927e-07
1760484350.122 68.615 0.06359461 1.34152e-06
1760484350.132 68.681 0.06367841 4.53786e-06
1760484350.142 68.748 0.06372963 8.19764e-06
1760484350.153 68.814 0.06384136 1.60809e-05
1760484350.163 68.880 0.06392330 2.23593e-05
1760484350.172 68.947 0.06392330 2.40037e-05
1760484350.226 69.013 0.06427993 4.98720e-06
1760484350.236 69.079 0.06435535 1.02888e-06
1760484350.246 69.145 0.06440935 3.25559e-07
1760484350.257 69.212 0.06446336 1.79027e-07
1760484350.270 69.278 0.06453413 2.65847e-07
1760484350.281 69.343 0.06459278 2.96391e-07
1760484350.286 69.409 0.06464679 3.66383e-07
1760484350.293 69.475 0.06468124 3.77210e-07
1760484350.302 69.541 0.06468124 5.00244e-07
1760484350.312 69.607 0.06475480 5.27972e-07
1760484350.322 69.672 0.06480043 5.48777e-07
1760484350.332 69.738 0.06484140 6.51985e-07
1760484350.342 69.803 0.06488051 7.04323e-07
1760484350.352 69.869 0.06493079 9.88991e-07
1760484350.362 69.934 0.06499504 1.05708e-06
1760484350.372 70.000 0.06503880 1.28985e-06
1760484350.382 70.065 0.06505929 1.27885e-06
1760484350.392 70.130 0.06509187 1.30184e-06
1760484350.402 70.195 0.06513098 1.08387e-06
1760484350.412 70.260 0.06518406 9.66640e-07
1760484350.422 70.325 0.06522782 8.99810e-07
1760484350.432 70.390 0.06527997 3.94209e-07
1760484350.442 70.455 0.06530697 7.03840e-07
1760484350.452 70.520 0.06532838 5.85130e-07
1760484350.462 70.585 0.06538425 3.88462e-07
1760484350.472 70.650 0.06545222 5.80388e-07
1760484350.482 70.714 0.06548761 4.52247e-07
1760484350.492 70.779 0.06554347 4.29104e-07
1760484350.502 70.843 0.06559376 6.95236e-07
1760484350.512 70.908 0.06564311 6.29880e-07
1760484350.522 70.972 0.06569525 6.79920e-07
1760484350.532 71.037 0.06575857 5.40730e-07
1760484350.542 71.101 0.06582468 3.34748e-07
1760484350.552 71.165 0.06588054 2.33911e-07
1760484350.562 71.230 0.06596435 8.04100e-08
1760484350.572 71.294 0.06604722 1.28848e-07
1760484350.582 71.358 0.06611333 9.05747e-08
1760484350.592 71.422 0.06619061 1.65833e-07
1760484350.602 71.486 0.06624182 1.41632e-07
1760484350.612 71.550 0.06631911 1.53921e-07
1760484350.622 71.614 0.06637684 2.01031e-07
1760484350.632 71.677 0.06645785 1.23459e-07
1760484350.642 71.741 0.06654444 1.75937e-07
1760484350.652 71.805 0.06660311 1.35154e-07
1760484350.662 71.868 0.06665618 1.32339e-07
1760484350.672 71.932 0.06674371 1.80562e-07
1760484350.682 71.996 0.06681634 1.65250e-07
1760484350.692 72.059 0.06687034 2.18065e-07
1760484350.702 72.122 0.06697277 3.18400e-07
1760484350.711 72.186 0.06700535 2.97400e-07
1760484350.721 72.249 0.06703795 3.34117e-07
1760484350.731 72.312 0.06712268 2.95620e-07
1760484350.780 72.375 0.06743740 1.74382e-07
1760484350.789 72.439 0.06747744 2.44613e-07
1760484350.795 72.502 0.06751469 2.65698e-07
1760484350.801 72.565 0.06751469 2.79872e-07
1760484350.811 72.628 0.06756869 3.75522e-07
1760484350.821 72.691 0.06764225 4.53731e-07
1760484350.831 72.753 0.06768788 6.42886e-07
1760484350.841 72.816 0.06773350 1.54077e-06
1760484350.852 72.879 0.06783686 2.65907e-06
1760484350.861 72.942 0.06783686 3.31921e-06
1760484350.871 73.004 0.06788900 6.12322e-06
1760484350.881 73.067 0.06794301 1.40669e-05
1760484350.891 73.129 0.06800539 3.97182e-05
1760484350.901 73.192 0.06804730 6.31936e-05
1760484350.911 73.254 0.06808268 8.42928e-05
1760484350.921 73.317 0.06813575 1.39785e-04
1760484350.931 73.379 0.06818510 1.19744e-04
1760484350.941 73.441 0.06821024 1.60814e-04
1760484350.951 73.504 0.06826797 2.01644e-04
1760484350.961 73.566 0.06828846 2.08195e-04
1760484350.971 73.628 0.06832291 2.01971e-04
1760484350.981 73.690 0.06836947 1.94209e-04
1760484350.991 73.752 0.06843837 1.67862e-04
1760484351.001 73.814 0.06849424 1.30989e-04
1760484351.011 73.876 0.06851379 1.01781e-04
1760484351.021 73.938 0.06857525 6.95572e-05
1760484351.031 73.999 0.06861529 3.38310e-05
1760484351.041 74.061 0.06866464 1.17765e-05
1760484351.051 74.123 0.06873540 2.01490e-06
1760484351.061 74.185 0.06879034 6.25471e-07
1760484351.071 74.246 0.06886762 2.57693e-07
1760484351.081 74.308 0.06891977 1.01262e-07
1760484351.091 74.369 0.06895701 1.36530e-07
1760484351.101 74.431 0.06904268 1.57000e-07
1760484351.111 74.492 0.06912741 8.84568e-08
1760484351.121 74.553 0.06918607 1.48550e-07
1760484351.131 74.615 0.06922332 9.75607e-08
1760484351.141 74.676 0.06928663 1.40753e-07
1760484351.151 74.737 0.06936951 6.97134e-08
1760484351.161 74.798 0.06942910 1.00274e-07
1760484351.171 74.859 0.06947379 1.24282e-07
1760484351.181 74.920 0.06950452 6.45463e-08
1760484351.191 74.981 0.06957901 1.06841e-07
1760484351.201 75.042 0.06966282 6.52872e-08
1760484351.211 75.103 0.06975499 9.07841e-08
1760484351.221 75.164 0.06980993 1.36779e-07
1760484351.231 75.225 0.06984811 7.52002e-08
1760484351.241 75.285 0.06993098 1.12642e-07
1760484351.251 75.346 0.06999151 7.14591e-08
1760484351.261 75.407 0.07004923 8.46557e-08
1760484351.271 75.467 0.07010044 9.06838e-08
1760484351.281 75.528 0.07016190 5.28032e-08
1760484351.332 75.588 0.07050083 7.79849e-08
1760484351.342 75.649 0.07050083 8.61096e-08
1760484351.390 75.709 0.07076714 6.88570e-08
1760484351.443 75.770 0.07103624 7.33640e-08
1760484351.452 75.830 0.07106696 1.88380e-07
1760484351.462 75.890 0.07106696 1.31034e-07
1760484351.471 75.950 0.07110607 2.46184e-07
1760484351.481 76.011 0.07115077 2.06657e-07
1760484351.491 76.071 0.07117591 2.21413e-07
1760484351.501 76.131 0.07119267 2.02776e-07
1760484351.511 76.191 0.07121222 2.38316e-07
1760484351.521 76.251 0.07122898 2.78182e-07
1760484351.531 76.311 0.07125319 1.99996e-07
1760484351.541 76.371 0.07128019 1.88629e-07
1760484351.551 76.430 0.07130347 2.05382e-07
1760484351.561 76.490 0.07129788 2.32161e-07
1760484351.571 76.550 0.07130813 2.53788e-07
1760484351.581 76.610 0.07131651 1.67791e-07
1760484351.591 76.669 0.07135748 1.60008e-07
1760484351.601 76.729 0.07135096 1.46801e-07
1760484351.611 76.788 0.07136679 1.26219e-07
1760484351.621 76.848 0.07140124 1.87607e-07
1760484351.631 76.907 0.07142079 1.13407e-07
1760484351.641 76.967 0.07146828 1.73776e-07
1760484351.651 77.026 0.07149342 1.56218e-07
1760484351.661 77.086 0.07150460 1.71170e-07
1760484351.671 77.145 0.07155767 2.08072e-07
1760484351.681 77.204 0.07159864 1.74218e-07
1760484351.691 77.263 0.07165172 2.05652e-07
1760484351.701 77.322 0.07171131 2.13537e-07
1760484351.711 77.381 0.07177183 2.58827e-07
1760484351.721 77.441 0.07183329 3.41637e-07
1760484351.731 77.500 0.07190312 2.73624e-07
1760484351.741 77.558 0.07195340 3.29668e-07
1760484351.751 77.617 0.07202789 3.25157e-07
1760484351.761 77.676 0.07210518 3.59406e-07
1760484351.771 77.735 0.07214894 3.99699e-07
1760484351.781 77.794 0.07219457 3.61079e-07
1760484351.791 77.853 0.07227185 3.58810e-07
1760484351.801 77.911 0.07235193 3.31744e-07
1760484351.811 77.970 0.07241431 4.01785e-07
1760484351.821 78.029 0.07247763 4.59822e-07
1760484351.831 78.087 0.07255026 3.41900e-07
1760484351.862 78.146 0.07280353 3.48301e-07
1760484351.889 78.204 0.07294972 1.02063e-07
1760484351.895 78.263 0.07300372 5.27415e-08
1760484351.901 78.321 0.07304562 1.02821e-07
1760484351.911 78.379 0.07304562 7.64078e-08
1760484351.921 78.438 0.07311825 1.20775e-07
1760484351.931 78.496 0.07316108 1.24219e-07
1760484351.941 78.554 0.07323837 6.41113e-07
1760484351.951 78.612 0.07328027 1.07480e-06
1760484351.961 78.670 0.07334545 1.95858e-06
1760484351.971 78.728 0.07334545 3.94188e-06
1760484351.981 78.786 0.07342553 6.84070e-06
1760484351.991 78.844 0.07344601 7.96443e-06
1760484352.001 78.902 0.07348046 1.06668e-05
1760484352.011 78.960 0.07351398 1.16920e-05
1760484352.021 79.018 0.07355496 1.28591e-05
1760484352.031 79.076 0.07358103 1.76742e-05
1760484352.041 79.134 0.07360896 2.16068e-05
1760484352.051 79.192 0.07366855 2.76613e-05
1760484352.061 79.249 0.07370021 2.50241e-05
1760484352.071 79.307 0.07374305 2.66058e-05
1760484352.081 79.365 0.07379519 2.57966e-05
1760484352.091 79.422 0.07381195 2.37064e-05
1760484352.101 79.480 0.07384826 2.23427e-05
1760484352.111 79.537 0.07390972 2.24496e-05
1760484352.121 79.595 0.07394324 1.97748e-05
1760484352.131 79.652 0.07396838 1.64001e-05
1760484352.141 79.709 0.07403635 1.36858e-05
1760484352.151 79.767 0.07408477 7.44494e-06
1760484352.161 79.824 0.07412853 4.69030e-06
1760484352.171 79.881 0.07417509 1.59431e-06
1760484352.181 79.938 0.07424772 8.37087e-07
1760484352.191 79.996 0.07428869 6.92366e-07
1760484352.201 80.053 0.07441439 4.59578e-07
1760484352.211 80.110 0.07441439 4.10562e-07
1760484352.221 80.167 0.07447957 3.36900e-07
1760484352.231 80.224 0.07454941 1.63264e-07
1760484352.241 80.281 0.07457082 1.48056e-07
1760484352.251 80.338 0.07460620 9.70110e-08
1760484352.261 80.395 0.07470677 1.15748e-07
1760484352.271 80.451 0.07479895 1.11652e-07
1760484352.281 80.508 0.07482595 4.58014e-08
1760484352.291 80.565 0.07487251 1.01553e-07
1760484352.301 80.622 0.07495072 4.76206e-08
1760484352.311 80.678 0.07501963 6.73353e-08
1760484352.321 80.735 0.07508295 6.65818e-08
1760484352.331 80.792 0.07511926 6.48610e-09
1760484352.341 80.848 0.07518072 6.09634e-08
1760484352.351 80.905 0.07527848 1.45628e-08
1760484352.361 80.961 0.07532690 5.91427e-08
1760484352.421 81.018 0.07565280 3.39787e-08
1760484352.475 81.074 0.07592562 2.15083e-08
1760484352.481 81.130 0.07598149 4.21693e-08
1760484352.491 81.187 0.07598149 1.01118e-07
1760484352.500 81.243 0.07604481 1.24544e-07
1760484352.510 81.299 0.07608392 1.43239e-07
1760484352.520 81.355 0.07610719 1.73210e-07
1760484352.531 81.412 0.07613699 1.62890e-07
1760484352.540 81.468 0.07618076 2.64698e-07
1760484352.550 81.524 0.07620683 2.68784e-07
1760484352.560 81.580 0.07624407 3.20866e-07
1760484352.570 81.636 0.07624686 2.95962e-07
1760484352.580 81.692 0.07628784 2.69712e-07
1760484352.590 81.748 0.07629342 3.14420e-07
1760484352.600 81.804 0.07632136 2.93794e-07
1760484352.610 81.860 0.07633998 3.11109e-07
1760484352.620 81.915 0.07633718 3.09390e-07
1760484352.630 81.971 0.07635953 2.27924e-07
1760484352.640 82.027 0.07638281 2.75406e-07
1760484352.650 82.083 0.07640143 2.17470e-07
1760484352.660 82.138 0.07642192 2.48734e-07
1760484352.670 82.194 0.07643309 2.21774e-07
1760484352.680 82.250 0.07648803 1.62557e-07
1760484352.690 82.305 0.07652341 1.76004e-07
1760484352.700 82.361 0.07654483 1.41362e-07
1760484352.710 82.416 0.07657276 1.32640e-07
1760484352.720 82.472 0.07662491 9.39727e-08
1760484352.730 82.527 0.07664725 2.63384e-08
1760484352.740 82.582 0.07672640 8.52094e-08
1760484352.750 82.638 0.07677202 3.71674e-08
1760484352.760 82.693 0.07680275 8.00868e-08
1760484352.770 82.748 0.07686514 5.27704e-08
1760484352.780 82.803 0.07691635 8.21960e-09
1760484352.790 82.859 0.07697967 7.70495e-08
1760484352.800 82.914 0.07703274 2.94551e-08
1760484352.810 82.969 0.07708861 7.30872e-08
1760484352.820 83.024 0.07715658 5.27357e-08
1760484352.830 83.079 0.07724597 7.90520e-09
1760484352.840 83.134 0.07731767 7.51275e-08
1760484352.850 83.189 0.07736888 2.67296e-08
1760484352.860 83.244 0.07742847 7.46772e-08
1760484352.870 83.299 0.07748528 4.51681e-08
1760484352.880 83.354 0.07754300 3.89500e-09
1760484352.890 83.409 0.07759794 7.09974e-08
1760484352.962 83.463 0.07808492 1.38476e-07
1760484352.970 83.518 0.07808492 6.27503e-07
1760484352.980 83.573 0.07812496 1.78524e-06
1760484352.990 83.627 0.07818083 2.45471e-07
1760484353.000 83.682 0.07820318 2.75399e-06
1760484353.054 83.737 0.07844900 4.63087e-05
1760484353.060 83.791 0.07844900 5.65449e-05
1760484353.071 83.846 0.07850207 5.82628e-05
1760484353.080 83.900 0.07854304 6.41072e-05
1760484353.090 83.955 0.07853559 8.00538e-05
1760484353.100 84.009 0.07855980 9.72565e-05
1760484353.110 84.064 0.07860264 9.63580e-05
1760484353.120 84.118 0.07861474 1.01738e-04
1760484353.130 84.172 0.07863150 1.12418e-04
1760484353.140 84.227 0.07864733 1.30679e-04
1760484353.150 84.281 0.07864174 1.21664e-04
1760484353.160 84.335 0.07867433 1.26843e-04
1760484353.170 84.389 0.07869109 1.31527e-04
1760484353.180 84.443 0.07870412 1.32284e-04
1760484353.190 84.498 0.07873392 1.35219e-04
1760484353.200 84.552 0.07876093 1.43090e-04
1760484353.210 84.606 0.07878141 1.22634e-04
1760484353.220 84.660 0.07878513 1.20867e-04
1760484353.230 84.714 0.07884007 1.22000e-04
1760484353.240 84.768 0.07886987 1.26073e-04
1760484353.250 84.821 0.07890618 1.13658e-04
1760484353.260 84.875 0.07894343 1.05660e-04
1760484353.270 84.929 0.07897229 9.74719e-05
1760484353.280 84.983 0.07903095 8.33760e-05
1760484353.290 85.037 0.07909334 7.74077e-05
1760484353.300 85.091 0.07912221 6.30639e-05
1760484353.310 85.144 0.07916504 3.33434e-05
1760484353.320 85.198 0.07922556 2.52322e-05
1760484353.330 85.252 0.07925909 1.24810e-05
1760484353.340 85.305 0.07931402 7.59914e-06
1760484353.350 85.359 0.07936617 5.24789e-06
1760484353.360 85.412 0.07942948 3.66605e-06
1760484353.370 85.466 0.07947790 2.60198e-06
1760484353.380 85.519 0.07953563 8.38420e-07
1760484353.390 85.573 0.07960174 5.42623e-07
1760484353.400 85.626 0.07967344 4.02208e-07
1760484353.410 85.679 0.07972372 3.09045e-07
1760484353.420 85.733 0.07977307 4.00943e-07
1760484353.430 85.786 0.07983639 2.19753e-07
1760484353.440 85.839 0.07991740 2.38861e-07
1760484353.450 85.893 0.07996954 1.18836e-07
1760484353.460 85.946 0.08003658 1.31425e-07
1760484353.470 85.999 0.08008965 5.07023e-08
1760484353.560 86.052 0.08054498 -5.53600e-09
1760484353.567 86.105 0.08058968 4.86731e-08
1760484353.573 86.158 0.08062971 5.89379e-08
1760484353.622 86.211 0.08083922 7.17921e-08
1760484353.672 86.264 0.08093233 8.77031e-08
1760484353.722 86.317 0.08103383 7.41152e-08
1760484353.773 86.370 0.08108597 4.60522e-08
1760484353.780 86.423 0.08108597 4.10900e-09
1760484353.790 86.476 0.08110273 2.87911e-08
1760484353.832 86.529 0.08114277 1.35737e-09
1760484353.840 86.582 0.08114277 1.67934e-08
1760484353.850 86.634 0.08112787 -4.31360e-10
1760484353.860 86.687 0.08115953 2.00078e-08
1760484353.870 86.740 0.08116791 -7.95414e-09
1760484353.880 86.793 0.08117815 4.81980e-09
1760484353.890 86.845 0.08119119 1.08333e-08
1760484353.900 86.898 0.08118560 -2.96270e-10
1760484353.910 86.950 0.08119212 1.14526e-08
1760484353.920 87.003 0.08120888 -1.51121e-08
1760484353.930 87.056 0.08123495 -1.11976e-09
1760484353.940 87.108 0.08124985 -4.26834e-09
1760484353.950 87.160 0.08127220 -1.30683e-08
1760484353.960 87.213 0.08130292 8.94353e-09
1760484353.970 87.265 0.08132992 -1.60166e-08
1760484353.980 87.318 0.08135693 2.12120e-10
1760484354.050 87.370 0.08169493 5.23421e-08
1760484354.060 87.422 0.08169493 -2.13560e-08
1760484354.108 87.475 0.08192399 4.90506e-08
1760484354.158 87.527 0.08212419 3.13536e-08
1760484354.209 87.579 0.08224803 3.02702e-08
1760484354.259 87.631 0.08234114 2.80893e-08
1760484354.309 87.683 0.08233555 2.73519e-08
1760484354.376 87.736 0.08238770 -1.65415e-08
1760484354.426 87.788 0.08240911 1.31890e-09
1760484354.434 87.840 0.08244357 5.58913e-08
1760484354.440 87.892 0.08245474 7.86645e-08
1760484354.449 87.944 0.08245474 4.62212e-08
1760484354.459 87.996 0.08245008 1.05690e-07
1760484354.469 88.048 0.08245660 8.65600e-08
1760484354.479 88.099 0.08246312 1.12750e-07
1760484354.489 88.151 0.08247522 1.74929e-07
1760484354.601 88.203 0.08270894 4.04166e-07
1760484354.610 88.255 0.08270894 4.97637e-07
1760484354.620 88.307 0.08273221 5.59538e-07
1760484354.630 88.359 0.08276853 6.20701e-07
1760484354.640 88.410 0.08278064 8.91142e-07
1760484354.650 88.462 0.08281974 9.18022e-07
1760484354.660 88.514 0.08286350 1.11222e-06
1760484354.670 88.565 0.08286816 1.17714e-06
1760484354.680 88.617 0.08288772 1.32131e-06
1760484354.690 88.668 0.08295941 1.83617e-06
1760484354.700 88.720 0.08297524 1.62191e-06
1760484354.710 88.771 0.08296779 1.79310e-06
1760484354.720 88.823 0.08298176 1.91934e-06
1760484354.729 88.874 0.08300969 2.21759e-06
1760484354.740 88.926 0.08301621 2.25968e-06
1760484354.750 88.977 0.08306277 2.40017e-06
1760484354.759 89.029 0.08308698 2.91925e-06
1760484354.769 89.080 0.08310094 2.62419e-06
1760484354.779 89.131 0.08311491 2.85382e-06
1760484354.790 89.182 0.08315867 3.28479e-06
1760484354.799 89.234 0.08316054 3.16109e-06
1760484354.810 89.285 0.08319499 3.46472e-06
1760484354.820 89.336 0.08321454 3.62845e-06
1760484354.830 89.387 0.08326669 4.02642e-06
1760484354.840 89.438 0.08330021 5.05141e-06
1760484354.850 89.489 0.08335049 4.54177e-06
1760484354.860 89.541 0.08337470 4.78862e-06
1760484354.870 89.592 0.08341101 5.03203e-06
1760484354.880 89.643 0.08345105 5.70585e-06
1760484354.890 89.694 0.08349947 5.25719e-06
1760484354.900 89.744 0.08354324 5.36590e-06
1760484354.909 89.795 0.08360469 5.17350e-06
1760484354.919 89.846 0.08368384 5.37922e-06
1760484354.929 89.897 0.08372573 5.28188e-06
1760484354.939 89.948 0.08375367 5.09413e-06
1760484354.949 89.999 0.08380023 4.87183e-06
1760484354.959 90.050 0.08388216 3.88017e-06
1760484354.969 90.100 0.08393990 3.25848e-06
1760484354.979 90.151 0.08398552 2.68533e-06
1760484354.989 90.202 0.08404511 2.27774e-06
1760484354.999 90.252 0.08410657 1.89263e-06
1760484355.009 90.303 0.08413357 1.56838e-06
1760484355.019 90.354 0.08420807 1.15175e-06
1760484355.029 90.404 0.08427603 9.59688e-07
1760484355.039 90.455 0.08433842 4.95606e-07
1760484355.049 90.505 0.08438870 4.06646e-07
1760484355.059 90.556 0.08443526 1.06910e-07
1760484355.069 90.606 0.08446413 9.28676e-08
1760484355.079 90.657 0.08452558 1.02304e-07
1760484355.089 90.707 0.08456562 1.36182e-07
1760484355.099 90.757 0.08459635 6.76393e-08
1760484355.109 90.808 0.08464104 1.21513e-07
1760484355.156 90.858 0.08488407 1.18303e-07
1760484355.204 90.908 0.08512058 7.20538e-08
1760484355.210 90.959 0.08515782 2.40400e-09
1760484355.219 91.009 0.08515782 5.54719e-08
1760484355.229 91.059 0.08518948 7.57150e-09
1760484355.239 91.109 0.08523697 8.07842e-08
1760484355.288 91.160 0.08543902 5.92080e-08
1760484355.294 91.210 0.08543902 5.24250e-09
1760484355.301 91.260 0.08545578 5.90966e-08
1760484355.309 91.310 0.08545578 6.95133e-08
1760484355.319 91.360 0.08550048 2.73662e-08
1760484355.329 91.410 0.08552468 5.45293e-08
1760484355.339 91.460 0.08555262 8.52396e-08
1760484355.387 91.510 0.08562618 7.80619e-08
1760484355.393 91.560 0.08567739 1.30681e-08
1760484355.399 91.610 0.08565039 2.80121e-08
1760484355.409 91.660 0.08565039 7.70396e-08
1760484355.419 91.709 0.08568112 3.12101e-08
1760484355.429 91.759 0.08570160 6.23878e-08
1760484355.439 91.809 0.08573885 8.88586e-08
1760484355.487 91.859 0.08585617 8.49117e-08
1760484355.493 91.909 0.08590180 1.10942e-08
1760484355.500 91.958 0.08595114 2.95665e-08
1760484355.509 92.008 0.08595114 7.78572e-08
1760484355.519 92.058 0.08597722 3.08977e-08
1760484355.529 92.107 0.08602843 6.43621e-08
1760484355.539 92.157 0.08601726 8.29866e-08
1760484355.587 92.207 0.08625563 7.92393e-08
1760484355.594 92.256 0.08627983 8.31820e-09
1760484355.600 92.306 0.08631895 2.53282e-08
1760484355.609 92.355 0.08631895 7.80144e-08
1760484355.619 92.405 0.08635153 2.58592e-08
1760484355.629 92.454 0.08636550 6.33746e-08
1760484355.639 92.504 0.08637016 8.03439e-08
1760484355.683 92.553 0.08656290 2.84015e-08
1760484355.690 92.602 0.08661225 8.33299e-08
1760484355.699 92.652 0.08661225 4.07475e-08
1760484355.709 92.701 0.08664204 9.03732e-08
1760484355.719 92.750 0.08666533 4.09776e-08
1760484355.729 92.800 0.08669792 5.41874e-08
1760484355.739 92.849 0.08672585 1.05151e-07
1760484355.749 92.898 0.08676310 5.30884e-08
1760484355.759 92.947 0.08678358 1.06036e-07
1760484355.769 92.996 0.08684317 5.00241e-08
1760484355.779 93.046 0.08687390 8.27700e-08
1760484355.789 93.095 0.08690090 1.16310e-07
1760484355.799 93.144 0.08692697 4.25342e-08
1760484355.809 93.193 0.08697167 8.97611e-08
1760484355.819 93.242 0.08700798 5.03591e-08
1760484355.829 93.291 0.08702009 9.78090e-08
1760484355.839 93.340 0.08706385 1.09872e-07
1760484355.849 93.389 0.08711041 4.43593e-08
1760484355.859 93.438 0.08715231 9.57729e-08
1760484355.869 93.487 0.08717745 5.18097e-08
1760484355.879 93.536 0.08718863 8.93166e-08
1760484355.889 93.584 0.08724077 1.00387e-07
1760484355.899 93.633 0.08727149 3.32284e-08
1760484355.909 93.682 0.08730595 7.67054e-08
1760484355.919 93.731 0.08735716 3.72039e-08
1760484355.929 93.780 0.08738882 7.77306e-08
1760484355.939 93.828 0.08742513 9.42595e-08
1760484355.949 93.877 0.08747169 2.26485e-08
1760484355.959 93.926 0.08754152 7.21872e-08
1760484355.969 93.974 0.08757877 2.99756e-08
1760484355.979 94.023 0.08761322 6.89754e-08
1760484355.989 94.072 0.08765512 7.92974e-08
1760484356.036 94.120 0.08793446 8.85450e-08
1760484356.043 94.169 0.08798009 1.86343e-08
1760484356.050 94.217 0.08801640 4.06445e-08
1760484356.059 94.266 0.08801640 8.57097e-08
1760484356.069 94.314 0.08809834 3.58178e-08
1760484356.079 94.363 0.08814769 7.20347e-08
1760484356.089 94.411 0.08816724 9.55163e-08
1760484356.137 94.460 0.08839445 8.32054e-08
1760484356.143 94.508 0.08845683 1.27682e-08
1760484356.149 94.556 0.08847917 2.98091e-08
1760484356.158 94.605 0.08847917 7.09385e-08
1760484356.168 94.653 0.08851177 1.36421e-08
1760484356.254 94.701 0.08877341 6.89022e-08
1760484356.260 94.749 0.08880042 7.10500e-10
1760484356.309 94.798 0.08892798 2.27140e-08
1760484356.318 94.846 0.08892798 1.76925e-08
1760484356.329 94.894 0.08895219 7.34263e-08
1760484356.339 94.942 0.08895219 8.65758e-08
1760484356.391 94.990 0.08909373 1.43486e-07
1760484356.399 95.038 0.08909373 9.58790e-08
1760484356.409 95.087 0.08910397 2.03170e-07
1760484356.419 95.135 0.08910583 1.65158e-07
1760484356.429 95.183 0.08911607 1.89756e-07
1760484356.439 95.231 0.08913562 5.42410e-07
1760484356.449 95.279 0.08913842 4.17119e-07
1760484356.459 95.327 0.08917474 5.85790e-07
1760484356.469 95.375 0.08918498 5.96517e-07
1760484356.479 95.422 0.08920825 4.18751e-07
1760484356.489 95.470 0.08922315 5.27031e-07
1760484356.499 95.518 0.08921291 4.84821e-07
1760484356.509 95.566 0.08922408 5.76980e-07
1760484356.519 95.614 0.08924829 5.65631e-07
1760484356.529 95.662 0.08928088 6.47408e-07
1760484356.539 95.709 0.08930789 8.22598e-07
1760484356.549 95.757 0.08930044 8.22079e-07
1760484356.558 95.805 0.08935444 9.68484e-07
1760484356.569 95.853 0.08937306 1.92366e-06
1760484356.578 95.900 0.08943359 2.07435e-06
1760484356.589 95.948 0.08947549 2.38409e-06
1760484356.598 95.996 0.08951460 2.22396e-06
1760484356.608 96.043 0.08953788 2.45426e-06
1760484356.618 96.091 0.08956674 2.43653e-06
1760484356.628 96.138 0.08959467 2.50610e-06
1760484356.638 96.186 0.08965054 2.81446e-06
1760484356.648 96.233 0.08969617 3.50147e-06
1760484356.658 96.281 0.08973062 3.81685e-06
1760484356.668 96.328 0.08978835 4.44849e-06
1760484356.678 96.376 0.08986005 5.12260e-06
1760484356.688 96.423 0.08991964 6.15515e-06
1760484356.698 96.471 0.08994292 7.50801e-06
1760484356.708 96.518 0.08999972 8.55215e-06
1760484356.718 96.565 0.09006024 9.92757e-06
1760484356.728 96.613 0.09012263 1.13719e-05
1760484356.738 96.660 0.09014777 1.25259e-05
1760484356.748 96.707 0.09019339 1.36644e-05
1760484356.758 96.755 0.09026881 1.41141e-05
1760484356.807 96.802 0.09048391 1.61630e-05
1760484356.813 96.849 0.09054909 1.44047e-05
1760484356.820 96.896 0.09058633 1.40908e-05
1760484356.828 96.943 0.09058633 1.28125e-05
1760484356.838 96.990 0.09065244 1.35582e-05
1760484356.848 97.038 0.09071390 1.02158e-05
1760484356.858 97.085 0.09072787 9.40067e-06
1760484356.868 97.132 0.09074928 8.14819e-06
1760484356.878 97.179 0.09080235 7.79172e-06
1760484356.888 97.226 0.09086754 6.44754e-06
1760484356.898 97.273 0.09090012 5.86893e-06
1760484356.908 97.320 0.09093457 5.48198e-06
1760484356.918 97.367 0.09100348 4.62805e-06
1760484356.928 97.414 0.09101093 4.42564e-06
1760484356.938 97.461 0.09101465 3.42261e-06
1760484356.948 97.508 0.09105656 3.03471e-06
1760484356.958 97.554 0.09108170 2.72738e-06
1760484356.968 97.601 0.09114129 2.36015e-06
1760484356.978 97.648 0.09115525 1.88628e-06
1760484356.988 97.695 0.09114967 1.31242e-06
1760484356.998 97.742 0.09119436 2.91761e-07
1760484357.008 97.788 0.09123533 3.39645e-07
1760484357.018 97.835 0.09128934 2.52735e-07
1760484357.028 97.882 0.09131076 2.75771e-07
1760484357.038 97.929 0.09133403 3.97494e-07
1760484357.048 97.975 0.09139363 3.48750e-07
1760484357.058 98.022 0.09141597 4.56552e-07
1760484357.068 98.068 0.09144949 3.11199e-07
1760484357.078 98.115 0.09150071 2.92215e-07
1760484357.088 98.162 0.09155471 2.47347e-07
1760484357.098 98.208 0.09158171 1.68895e-07
1760484357.108 98.255 0.09160965 1.51374e-07
1760484357.118 98.301 0.09166738 8.39927e-08
1760484357.128 98.348 0.09171208 1.05059e-07
1760484357.177 98.394 0.09195417 -1.83840e-08
1760484357.187 98.441 0.09201469 4.94300e-08
1760484357.195 98.487 0.09203984 -8.85640e-09
1760484357.237 98.533 0.09223630 1.19132e-08
1760484357.243 98.580 0.09228286 1.53719e-08
1760484357.249 98.626 0.09232662 -1.58850e-09
1760484357.258 98.673 0.09232662 1.72926e-08
1760484357.268 98.719 0.09236293 -6.16260e-10
1760484357.278 98.765 0.09240670 1.41028e-08
1760484357.288 98.811 0.09243277 -9.37206e-09
1760484357.298 98.858 0.09247933 1.98521e-09
1760484357.308 98.904 0.09253240 4.47339e-09
1760484357.359 98.950 0.09266928 -2.04108e-09
1760484357.373 98.996 0.09268325 4.18690e-09
1760484357.381 99.042 0.09272515 -2.82039e-08
1760484357.423 99.089 0.09279405 -1.50640e-08
1760484357.438 99.135 0.09283316 -1.56780e-08
1760484357.448 99.181 0.09283316 -5.89699e-08
1760484357.458 99.227 0.09284620 1.39880e-08
1760484357.468 99.273 0.09289648 -5.02243e-08
1760484357.516 99.319 0.09302590 -4.49152e-08
1760484357.559 99.365 0.09313764 4.40287e-09
1760484357.568 99.411 0.09313764 -1.78552e-08
1760484357.578 99.457 0.09316464 7.15505e-09
1760484357.588 99.503 0.09320468 -5.41721e-09
1760484357.598 99.549 0.09323448 9.59370e-10
1760484357.608 99.595 0.09325403 1.31426e-08
1760484357.618 99.641 0.09328848 1.52860e-09
1760484357.634 99.687 0.09330711 2.32160e-09
1760484357.640 99.732 0.09332666 4.88282e-08
1760484357.688 99.778 0.09345702 6.94678e-08
1760484357.698 99.824 0.09345702 1.95699e-08
1760484357.708 99.870 0.09346074 8.16036e-08
1760484357.718 99.916 0.09345888 3.89475e-08
1760484357.728 99.961 0.09350637 8.68393e-08
1760484357.738 100.007 0.09351661 5.18100e-08
1760484357.748 100.053 0.09350358 3.01642e-08
1760484357.758 100.098 0.09355293 1.08347e-07
1760484357.768 100.144 0.09360973 5.04007e-08
1760484357.778 100.190 0.09364883 8.91354e-08
1760484357.788 100.235 0.09365814 5.99960e-08
1760484357.798 100.281 0.09366466 3.85462e-08
1760484357.808 100.326 0.09371029 1.00164e-07
1760484357.818 100.372 0.09373636 5.25123e-08
1760484357.828 100.418 0.09378385 8.72710e-08
1760484357.838 100.463 0.09380527 4.75415e-08
1760484357.848 100.509 0.09381830 2.48370e-08
1760484357.857 100.554 0.09383972 9.94958e-08
1760484357.946 100.599 0.09420472 4.42480e-08
1760484357.956 100.645 0.09424011 6.86327e-08
1760484358.006 100.690 0.09445054 6.33720e-08
1760484358.074 100.736 0.09462187 6.73205e-08
1760484358.141 100.781 0.09470660 5.63892e-08
1760484358.148 100.826 0.09469264 2.54503e-08
1760484358.157 100.872 0.09469264 7.50044e-08
1760484358.205 100.917 0.09471126 5.13873e-08
1760484358.274 100.962 0.09475688 6.74632e-08
1760484358.341 101.008 0.09482672 6.50292e-08
1760484358.391 101.053 0.09491145 6.15885e-08
1760484358.398 101.098 0.09494125 2.42352e-08
1760484358.408 101.143 0.09494125 5.88589e-08
1760484358.482 101.188 0.09501853 6.83672e-08
1760484358.489 101.234 0.09504740 9.14787e-08
1760484358.497 101.279 0.09504740 4.42292e-08
1760484358.507 101.324 0.09505578 1.30824e-07
1760484358.517 101.369 0.09505671 6.90447e-08
1760484358.527 101.414 0.09508837 1.26054e-07
1760484358.537 101.459 0.09506509 1.02080e-07
1760484358.547 101.504 0.09507812 1.81055e-07
1760484358.557 101.549 0.09508557 1.98460e-07
1760484358.567 101.594 0.09510233 1.94875e-07
1760484358.577 101.639 0.09508837 1.79856e-07
1760484358.587 101.684 0.09509861 1.77697e-07
1760484358.597 101.729 0.09512561 2.98210e-07
1760484358.607 101.774 0.09513958 2.79866e-07
1760484358.617 101.819 0.09516565 2.51708e-07
1760484358.627 101.864 0.09518055 2.96981e-07
1760484358.637 101.909 0.09519545 3.56195e-07
1760484358.647 101.954 0.09520569 3.65827e-07
1760484358.657 101.998 0.09523921 4.41862e-07
1760484358.667 102.043 0.09529322 5.66319e-07
1760484358.677 102.088 0.09532301 7.11975e-07
1760484358.687 102.133 0.09534443 7.83362e-07
1760484358.697 102.177 0.09537516 1.02038e-06
1760484358.707 102.222 0.09539750 1.28374e-06
1760484358.717 102.267 0.09543289 1.63866e-06
1760484358.727 102.312 0.09544220 2.29739e-06
1760484358.737 102.356 0.09550552 2.86959e-06
1760484358.747 102.401 0.09555766 2.90581e-06
1760484358.757 102.446 0.09561446 3.46538e-06
1760484358.767 102.490 0.09565077 3.93587e-06
1760484358.777 102.535 0.09570664 5.50263e-06
1760484358.787 102.579 0.09575133 5.94745e-06
1760484358.797 102.624 0.09579976 9.46608e-06
1760484358.807 102.668 0.09586586 8.43613e-06
1760484358.817 102.713 0.09590684 1.27880e-05
1760484358.827 102.757 0.09594222 1.66220e-05
1760484358.837 102.802 0.09597481 1.96941e-05
1760484358.847 102.846 0.09601950 2.48472e-05
1760484358.857 102.891 0.09608468 2.89715e-05
1760484358.867 102.935 0.09612285 3.34655e-05
1760484358.877 102.980 0.09617128 3.91454e-05
1760484358.887 103.024 0.09622622 4.53924e-05
1760484358.897 103.068 0.09624949 5.08105e-05
1760484358.907 103.113 0.09626625 5.62273e-05
1760484358.917 103.157 0.09632677 5.68473e-05
1760484358.927 103.201 0.09638916 5.70365e-05
1760484358.937 103.246 0.09642641 8.15171e-05
1760484358.947 103.290 0.09646645 6.55711e-05
1760484358.957 103.334 0.09651393 6.52897e-05
1760484358.967 103.378 0.09653442 5.66131e-05
1760484358.977 103.423 0.09657260 5.38432e-05
1760484358.987 103.467 0.09661450 6.31168e-05
1760484359.036 103.511 0.09682959 4.55294e-05
1760484359.043 103.555 0.09687242 3.14045e-05
1760484359.048 103.599 0.09689476 3.27225e-05
1760484359.057 103.643 0.09689476 2.38343e-05
1760484359.067 103.687 0.09691712 2.75051e-05
1760484359.077 103.732 0.09699719 2.42983e-05
1760484359.087 103.776 0.09701954 3.05686e-05
1760484359.097 103.820 0.09703909 2.71874e-05
1760484359.107 103.864 0.09711079 2.48469e-05
1760484359.117 103.908 0.09716014 2.31524e-05
1760484359.127 103.952 0.09720390 2.03972e-05
1760484359.137 103.996 0.09722625 1.86851e-05
1760484359.147 104.040 0.09724860 1.90526e-05
1760484359.157 104.083 0.09727560 1.73516e-05
1760484359.167 104.127 0.09729702 1.64612e-05
1760484359.177 104.171 0.09731564 1.71615e-05
1760484359.187 104.215 0.09736499 1.42630e-05
1760484359.197 104.259 0.09740596 1.35158e-05
1760484359.207 104.303 0.09742924 1.42869e-05
1760484359.217 104.347 0.09746928 1.05288e-05
1760484359.227 104.390 0.09752049 6.45000e-06
1760484359.237 104.434 0.09754004 7.51605e-06
1760484359.247 104.478 0.09755028 5.46996e-06
1760484359.257 104.522 0.09760243 5.29942e-06
1760484359.267 104.565 0.09764712 4.94931e-06
1760484359.277 104.609 0.09765550 3.95309e-06
1760484359.287 104.653 0.09767878 4.06063e-06
1760484359.297 104.697 0.09774396 3.67234e-06
1760484359.307 104.740 0.09777935 2.99478e-06
1760484359.317 104.784 0.09781100 2.95071e-06
1760484359.327 104.827 0.09784545 2.30971e-06
1760484359.337 104.871 0.09791436 2.96609e-07
1760484359.347 104.915 0.09791995 3.77641e-07
1760484359.357 104.958 0.09797209 8.83380e-07
1760484359.367 105.002 0.09801027 6.66794e-07
1760484359.377 105.045 0.09804379 6.79047e-07
1760484359.387 105.089 0.09811176 3.68787e-07
1760484359.397 105.132 0.09816949 5.79673e-07
1760484359.407 105.176 0.09820301 5.13267e-07
1760484359.417 105.219 0.09821604 4.16716e-07
1760484359.427 105.263 0.09826540 1.79065e-07
1760484359.437 105.306 0.09833617 1.98909e-07
1760484359.447 105.349 0.09839110 1.39039e-07
1760484359.457 105.393 0.09843021 1.20661e-07
1760484359.505 105.436 0.09865741 5.75105e-08
1760484359.511 105.479 0.09867324 -1.32955e-08
1760484359.588 105.523 0.09900751 4.14912e-08
1760484359.637 105.566 0.09911832 6.50599e-08
1760484359.643 105.609 0.09915184 1.72370e-08
1760484359.691 105.653 0.09924681 3.17524e-08
1760484359.735 105.696 0.09924681 -1.14485e-09
1760484359.742 105.739 0.09926916 1.75065e-08
1760484359.748 105.782 0.09926730 -2.78674e-09
1760484359.756 105.826 0.09926730 1.19178e-08
1760484359.766 105.869 0.09928219 -7.89884e-09
1760484359.776 105.912 0.09925426 -7.44650e-10
1760484359.786 105.955 0.09926450 -2.02787e-08
1760484359.796 105.998 0.09927754 -8.59010e-10
1760484359.806 106.041 0.09928778 -1.36466e-08
1760484359.816 106.084 0.09928313 -1.67705e-08
1760484359.826 106.128 0.09929337 -5.76874e-09
1760484359.840 106.171 0.09933341 9.26280e-09
1760484359.846 106.214 0.09933341 -5.16033e-08
1760484359.856 106.257 0.09932782 6.73600e-09
1760484359.866 106.300 0.09934924 -5.95659e-08
1760484359.914 106.343 0.09944701 -4.79133e-08
1760484359.964 106.386 0.09961926 -4.87341e-08
1760484360.014 106.429 0.09981853 -4.85670e-08
1760484360.057 106.472 0.10001314 -1.62994e-09
1760484360.067 106.514 0.10001314 -1.82903e-08
1760484360.077 106.557 0.10002431 -3.24659e-09
1760484360.087 106.600 0.10003455 -1.83989e-08
1760484360.117 106.643 0.10011928 2.38897e-09
1760484360.127 106.686 0.10011090 8.60075e-09
1760484360.136 106.729 0.10011090 -1.03033e-08
1760484360.146 106.772 0.10013511 1.39625e-08
1760484360.156 106.814 0.10012580 3.74736e-09
1760484360.166 106.857 0.10011090 2.11695e-09
1760484360.176 106.900 0.10011649 1.14968e-08
1760484360.186 106.943 0.10014815 -3.85582e-09
1760484360.196 106.986 0.10014908 1.82257e-08
1760484360.206 107.028 0.10013697 1.29835e-08
1760484360.216 107.071 0.10014349 3.59031e-09
1760484360.226 107.114 0.10014815 1.44811e-08
1760484360.236 107.156 0.10019006 -1.24656e-09
1760484360.246 107.199 0.10021240 2.00933e-08
1760484360.256 107.242 0.10020961 9.62878e-09
1760484360.266 107.284 0.10020494 7.84636e-09
1760484360.276 107.327 0.10023102 1.60427e-08
1760484360.286 107.369 0.10027013 -9.56980e-10
1760484360.296 107.412 0.10028037 2.06107e-08
1760484360.306 107.455 0.10031855 6.14713e-09
1760484360.316 107.497 0.10035300 5.65894e-09
1760484360.326 107.540 0.10039210 1.47910e-08
1760484360.336 107.582 0.10041631 -9.72200e-11
1760484360.350 107.625 0.10051316 -1.71530e-09
1760484360.356 107.667 0.10051316 3.05659e-08
1760484360.366 107.709 0.10056530 -2.65612e-08
1760484360.376 107.752 0.10058857 2.60230e-08
1760484360.417 107.794 0.10084370 -6.67340e-10
1760484360.426 107.837 0.10084370 1.78695e-08
1760484360.436 107.879 0.10086420 7.58690e-10
1760484360.450 107.921 0.10096010 1.86840e-09
1760484360.456 107.964 0.10096010 2.86609e-08
1760484360.466 108.006 0.10102621 -7.83250e-09
1760484360.476 108.048 0.10106066 2.26448e-08
1760484360.517 108.091 0.10127482 4.06947e-09
1760484360.532 108.133 0.10130368 -7.14350e-09
1760484360.539 108.175 0.10133907 3.42438e-08
1760484360.546 108.218 0.10133907 -2.47821e-08
1760484360.595 108.260 0.10147036 -2.00003e-08
1760484360.602 108.302 0.10149550 4.15835e-08
1760484360.608 108.344 0.10153275 4.57382e-08
1760484360.683 108.386 0.10167335 1.61482e-08
1760484360.689 108.429 0.10169197 5.91752e-08
1760484360.758 108.471 0.10183257 8.62190e-08
1760484360.768 108.513 0.10182792 5.81562e-08
1760484360.776 108.555 0.10182792 7.83969e-08
1760484360.786 108.597 0.10184468 4.19977e-08
1760484360.796 108.639 0.10185492 8.65754e-08
1760484360.806 108.681 0.10186889 1.22232e-07
1760484360.816 108.723 0.10190427 5.64845e-08
1760484360.826 108.765 0.10190613 1.26942e-07
1760484360.836 108.807 0.10190892 7.25383e-08
1760484360.846 108.849 0.10194618 1.10539e-07
1760484360.856 108.891 0.10193686 1.57638e-07
1760484360.866 108.933 0.10193220 8.34774e-08
1760484360.876 108.975 0.10196294 1.06110e-07
1760484360.886 109.017 0.10199087 8.25823e-08
1760484360.896 109.059 0.10199273 1.45719e-07
1760484360.906 109.101 0.10198249 1.85037e-07
1760484360.916 109.143 0.10202066 1.10955e-07
1760484360.926 109.185 0.10202625 1.48927e-07
1760484360.936 109.227 0.10203277 1.11706e-07
1760484360.946 109.268 0.10207839 1.49036e-07
1760484360.956 109.310 0.10209515 1.76232e-07
1760484360.966 109.352 0.10211750 1.21082e-07
1760484360.976 109.394 0.10215847 1.27962e-07
1760484360.986 109.436 0.10216872 9.39402e-08
1760484360.996 109.477 0.10222086 1.31775e-07
1760484361.006 109.519 0.10226276 1.62049e-07
1760484361.016 109.561 0.10228138 1.04845e-07
1760484361.026 109.603 0.10234097 1.30138e-07
1760484361.036 109.644 0.10238752 9.44810e-08
1760484361.046 109.686 0.10239778 1.33637e-07
1760484361.056 109.728 0.10245830 1.45292e-07
1760484361.066 109.769 0.10251416 6.39813e-08
1760484361.076 109.811 0.10255048 1.14387e-07
1760484361.086 109.853 0.10261101 6.57529e-08
1760484361.096 109.894 0.10263335 8.80426e-08
1760484361.106 109.936 0.10267432 1.08850e-07
1760484361.154 109.977 0.10292573 8.61996e-08
1760484361.161 110.019 0.10296483 9.89300e-10
