1760478568.370 33.800 0.03275544 5.49687e-08
1760478568.418 33.935 0.03274427 5.74522e-08
1760478568.486 34.070 0.03272006 5.66667e-08
1760478568.536 34.204 0.03277686 5.44756e-08
1760478568.586 34.337 0.03284855 5.57945e-08
1760478568.636 34.470 0.03298357 5.61758e-08
1760478568.686 34.602 0.03307575 5.57327e-08
1760478568.736 34.734 0.03321635 5.53528e-08
1760478568.786 34.866 0.03329364 5.36627e-08
1760478568.836 34.997 0.03345565 5.41749e-08
1760478568.843 35.127 0.03343889 1.46777e-08
1760478568.852 35.257 0.03343889 6.86009e-08
1760478568.861 35.386 0.03351432 6.92633e-08
1760478568.871 35.515 0.03352177 1.76289e-07
1760478568.921 35.644 0.03360091 2.01787e-06
1760478568.930 35.772 0.03361115 3.20580e-06
1760478568.937 35.899 0.03364188 4.38054e-06
1760478568.943 36.026 0.03367447 5.88398e-06
1760478568.951 36.153 0.03367447 7.46119e-06
1760478568.961 36.279 0.03370706 1.07121e-05
1760478568.971 36.405 0.03374151 1.49711e-05
1760478568.981 36.530 0.03378621 1.99604e-05
1760478568.991 36.655 0.03381507 2.58178e-05
1760478569.001 36.780 0.03386535 2.70217e-05
1760478569.011 36.904 0.03387932 2.59032e-05
1760478569.021 37.028 0.03391471 2.32823e-05
1760478569.031 37.151 0.03399199 1.60445e-05
1760478569.041 37.274 0.03408045 9.31008e-06
1760478569.051 37.396 0.03413352 2.66667e-06
1760478569.061 37.518 0.03418287 5.65802e-07
1760478569.071 37.640 0.03427412 3.30386e-07
1760478569.081 37.761 0.03434582 1.17507e-07
1760478569.091 37.882 0.03438306 3.21759e-08
1760478569.101 38.002 0.03451715 7.04544e-08
1760478569.149 38.123 0.03504789 5.18433e-08
1760478569.199 38.242 0.03571645 7.02097e-08
1760478569.249 38.362 0.03633100 5.79501e-08
1760478569.255 38.481 0.03641946 -4.99540e-09
1760478569.303 38.599 0.03679843 5.71941e-08
1760478569.353 38.718 0.03697069 5.42922e-08
1760478569.403 38.835 0.03699397 5.37816e-08
1760478569.494 38.953 0.03695858 1.16814e-08
1760478569.501 39.070 0.03696231 6.08590e-08
1760478569.551 39.187 0.03704332 5.61210e-08
1760478569.619 39.303 0.03716902 5.01741e-08
1760478569.670 39.420 0.03730403 5.00315e-08
1760478569.720 39.535 0.03740646 5.02243e-08
1760478569.769 39.651 0.03755730 4.87633e-08
1760478569.820 39.766 0.03765880 4.54583e-08
1760478569.870 39.881 0.03774260 3.31352e-08
1760478569.920 39.995 0.03784502 2.41763e-08
1760478569.971 40.109 0.03794372 1.91097e-08
1760478570.032 40.223 0.03807594 6.45060e-08
1760478570.041 40.337 0.03807594 -8.89830e-09
1760478570.051 40.450 0.03809643 7.00298e-08
1760478570.100 40.563 0.03820910 4.38625e-08
1760478570.150 40.675 0.03830873 4.80002e-08
1760478570.200 40.787 0.03843350 5.08826e-08
1760478570.251 40.899 0.03864487 5.54042e-08
1760478570.301 41.011 0.03879664 5.58525e-08
1760478570.351 41.122 0.03892141 5.40600e-08
1760478570.401 41.233 0.03901266 5.51844e-08
1760478570.451 41.344 0.03911881 5.51613e-08
1760478570.501 41.454 0.03917561 5.59353e-08
1760478570.591 41.565 0.03934322 1.36067e-08
1760478570.601 41.674 0.03934322 6.39500e-08
1760478570.649 41.784 0.03941492 4.95251e-08
1760478570.699 41.893 0.03953224 4.99654e-08
1760478570.749 42.002 0.03962907 4.88930e-08
1760478570.799 42.111 0.03974174 4.94924e-08
1760478570.850 42.219 0.03987955 6.17199e-08
1760478570.901 42.327 0.03996522 6.04794e-08
1760478570.968 42.435 0.04007416 5.29645e-08
1760478571.018 42.543 0.04023431 5.23684e-08
1760478571.068 42.650 0.04028832 5.13165e-08
1760478571.129 42.757 0.04040285 6.56257e-08
1760478571.137 42.864 0.04041589 3.59489e-08
1760478571.143 42.971 0.04043730 1.41589e-08
1760478571.150 43.077 0.04043730 5.65636e-08
1760478571.198 43.183 0.04049596 5.60436e-08
1760478571.205 43.289 0.04052669 -1.14855e-08
1760478571.253 43.394 0.04064401 2.93622e-08
1760478571.303 43.499 0.04079579 2.48863e-08
1760478571.386 43.604 0.04118780 4.30793e-08
1760478571.393 43.709 0.04120083 1.10881e-08
1760478571.400 43.813 0.04120083 4.24192e-08
1760478571.448 43.918 0.04140103 5.66683e-08
1760478571.455 44.022 0.04143734 -7.40250e-09
1760478571.503 44.125 0.04149972 3.40567e-08
1760478571.553 44.229 0.04161984 2.96447e-08
1760478571.603 44.332 0.04175579 2.68434e-08
1760478571.667 44.435 0.04185914 5.36285e-08
1760478571.717 44.538 0.04200999 5.44073e-08
1760478571.769 44.640 0.04213662 5.11929e-08
1760478571.819 44.743 0.04222880 5.13424e-08
1760478571.870 44.845 0.04228467 5.01476e-08
1760478571.919 44.947 0.04237313 4.77375e-08
1760478571.970 45.048 0.04246438 4.57080e-08
1760478572.020 45.149 0.04253235 4.21556e-08
1760478572.070 45.251 0.04263850 3.12548e-08
1760478572.120 45.352 0.04279307 2.80469e-08
1760478572.195 45.452 0.04287594 1.84751e-08
1760478572.247 45.553 0.04300537 7.82803e-08
1760478572.254 45.653 0.04299978 -6.61730e-09
1760478572.302 45.753 0.04308824 4.86944e-08
1760478572.352 45.853 0.04316739 4.59008e-08
1760478572.403 45.952 0.04327074 4.57449e-08
1760478572.453 46.052 0.04335734 4.51015e-08
1760478572.502 46.151 0.04346628 4.23062e-08
1760478572.553 46.250 0.04357802 4.05575e-08
1760478572.603 46.349 0.04371303 3.63620e-08
1760478572.653 46.447 0.04375493 1.78606e-08
1760478572.730 46.545 0.04390857 6.90629e-08
1760478572.739 46.644 0.04390857 2.06889e-08
1760478572.749 46.741 0.04393650 7.44728e-08
1760478572.798 46.839 0.04401565 5.64031e-08
1760478572.804 46.937 0.04401379 -1.21668e-08
1760478572.854 47.034 0.04411528 -8.72430e-09
1760478572.904 47.131 0.04423819 -9.19100e-09
1760478572.954 47.228 0.04439741 -9.68330e-09
1760478573.004 47.325 0.04458271 -9.66370e-09
1760478573.054 47.421 0.04469538 -9.87030e-09
1760478573.107 47.517 0.04481084 1.19834e-08
1760478573.113 47.614 0.04480991 7.19578e-08
1760478573.119 47.709 0.04480991 3.48203e-08
1760478573.167 47.805 0.04489743 5.83558e-08
1760478573.218 47.901 0.04494399 5.72720e-08
1760478573.288 47.996 0.04512463 -1.22270e-08
1760478573.338 48.091 0.04524195 -8.08390e-09
1760478573.346 48.186 0.04527734 7.65854e-08
1760478573.352 48.281 0.04533693 4.65598e-08
1760478573.400 48.376 0.04547567 5.58270e-08
1760478573.451 48.470 0.04551757 5.54099e-08
1760478573.501 48.564 0.04564048 5.58354e-08
1760478573.551 48.658 0.04582112 5.51312e-08
1760478573.601 48.752 0.04594030 5.64715e-08
1760478573.651 48.846 0.04601852 5.50306e-08
1760478573.701 48.939 0.04609394 5.36042e-08
1760478573.751 49.033 0.04618892 5.24234e-08
1760478573.828 49.126 0.04629227 6.78598e-08
1760478573.835 49.219 0.04629879 4.99804e-08
1760478573.883 49.311 0.04639377 6.31536e-08
1760478573.933 49.404 0.04647198 5.99030e-08
1760478574.001 49.497 0.04659582 4.84273e-08
1760478574.051 49.589 0.04670756 4.89423e-08
1760478574.101 49.681 0.04678577 5.00489e-08
1760478574.151 49.773 0.04685095 4.94999e-08
1760478574.201 49.865 0.04697573 4.99451e-08
1760478574.252 49.956 0.04703904 4.98229e-08
1760478574.301 50.048 0.04710888 4.87447e-08
1760478574.366 50.139 0.04719268 5.48488e-08
1760478574.416 50.230 0.04729138 5.51788e-08
1760478574.469 50.321 0.04741150 4.49378e-08
1760478574.479 50.412 0.04741150 1.01850e-08
1760478574.488 50.502 0.04743012 4.93461e-08
1760478574.537 50.593 0.04749530 2.43070e-09
1760478574.544 50.683 0.04754279 2.88346e-08
1760478574.550 50.773 0.04754930 7.60851e-08
1760478574.601 50.863 0.04761541 1.26278e-07
1760478574.610 50.953 0.04762473 1.11936e-07
1760478574.618 51.042 0.04762473 1.90596e-07
1760478574.628 51.132 0.04763311 1.85974e-07
1760478574.638 51.221 0.04769270 3.16064e-07
1760478574.648 51.310 0.04770667 5.61162e-07
1760478574.658 51.399 0.04771411 7.35395e-07
1760478574.668 51.488 0.04774950 1.19682e-06
1760478574.678 51.577 0.04780723 1.70421e-06
1760478574.688 51.666 0.04782120 3.38432e-06
1760478574.698 51.754 0.04786310 5.16313e-06
1760478574.708 51.842 0.04788824 7.62012e-06
1760478574.718 51.930 0.04792734 1.02561e-05
1760478574.728 52.018 0.04797390 1.28100e-05
1760478574.738 52.106 0.04803722 1.47545e-05
1760478574.748 52.194 0.04810798 1.64089e-05
1760478574.758 52.281 0.04815640 1.63887e-05
1760478574.768 52.369 0.04820110 1.55370e-05
1760478574.778 52.456 0.04826348 1.17927e-05
1760478574.788 52.543 0.04832308 8.02935e-06
1760478574.798 52.630 0.04836963 4.54744e-06
1760478574.808 52.717 0.04845064 2.20871e-06
1760478574.818 52.803 0.04852886 1.19970e-06
1760478574.828 52.890 0.04862570 5.44081e-07
1760478574.838 52.976 0.04869181 2.67119e-07
1760478574.848 53.062 0.04879144 1.43124e-07
1760478574.858 53.148 0.04888269 2.18827e-08
1760478574.868 53.234 0.04897580 7.01180e-08
1760478574.919 53.320 0.04952145 5.45068e-08
1760478574.967 53.406 0.04989483 5.50963e-08
1760478575.017 53.491 0.05031570 6.42317e-08
1760478575.085 53.577 0.05061181 4.96320e-08
1760478575.092 53.662 0.05063136 1.50276e-08
1760478575.099 53.747 0.05065743 4.88870e-08
1760478575.147 53.832 0.05068257 6.74934e-08
1760478575.154 53.917 0.05067047 -6.22010e-09
1760478575.202 54.002 0.05062670 4.20345e-08
1760478575.209 54.086 0.05061460 1.04590e-08
1760478575.218 54.171 0.05061460 5.43339e-08
1760478575.266 54.255 0.05070771 6.30334e-08
1760478575.316 54.339 0.05083342 8.18072e-08
1760478575.323 54.423 0.05088370 4.31820e-08
1760478575.329 54.507 0.05091722 1.31607e-07
1760478575.338 54.591 0.05091722 1.31885e-07
1760478575.348 54.675 0.05095726 2.07272e-07
1760478575.358 54.758 0.05101778 3.99867e-07
1760478575.368 54.842 0.05101778 7.04070e-07
1760478575.378 54.925 0.05106154 1.31807e-06
1760478575.388 55.008 0.05109134 2.56489e-06
1760478575.398 55.091 0.05110996 3.85488e-06
1760478575.408 55.174 0.05116490 6.73521e-06
1760478575.418 55.257 0.05120121 1.07083e-05
1760478575.448 55.340 0.05137254 1.79535e-05
1760478575.474 55.422 0.05145355 7.06345e-05
1760478575.480 55.505 0.05146938 7.38415e-05
1760478575.488 55.587 0.05146938 7.11172e-05
1760478575.498 55.669 0.05153549 6.96264e-05
1760478575.508 55.751 0.05160533 5.87950e-05
1760478575.518 55.833 0.05165654 4.36221e-05
1760478575.528 55.915 0.05169657 2.63472e-05
1760478575.538 55.997 0.05178131 1.16411e-05
1760478575.548 56.078 0.05185394 7.11619e-06
1760478575.558 56.160 0.05188746 5.40216e-06
1760478575.568 56.241 0.05196195 6.62561e-06
1760478575.578 56.322 0.05203179 8.30649e-06
1760478575.588 56.403 0.05208300 9.84568e-06
1760478575.598 56.484 0.05216959 1.00884e-05
1760478575.608 56.565 0.05222080 9.25038e-06
1760478575.618 56.646 0.05226923 7.21582e-06
1760478575.628 56.727 0.05237444 3.96363e-06
1760478575.638 56.807 0.05242845 1.68405e-06
1760478575.648 56.888 0.05248618 7.34696e-07
1760478575.658 56.968 0.05254111 3.75360e-07
1760478575.668 57.048 0.05264168 3.15874e-07
1760478575.678 57.128 0.05272176 3.78222e-07
1760478575.688 57.208 0.05276272 7.39382e-07
1760478575.698 57.288 0.05283256 1.12443e-06
1760478575.708 57.368 0.05292754 1.20383e-06
1760478575.718 57.447 0.05298992 1.28350e-06
1760478575.728 57.527 0.05303276 9.63098e-07
1760478575.738 57.606 0.05313053 5.83493e-07
1760478575.748 57.686 0.05321153 2.71813e-07
1760478575.757 57.765 0.05327019 1.08526e-07
1760478575.768 57.844 0.05336890 1.07677e-07
1760478575.777 57.923 0.05345829 4.09520e-08
1760478575.788 58.002 0.05351974 8.08725e-08
1760478575.797 58.080 0.05358492 5.21437e-08
1760478575.807 58.159 0.05371062 1.09541e-08
1760478575.817 58.238 0.05377859 8.54683e-08
1760478575.827 58.316 0.05383167 6.54109e-08
1760478575.837 58.394 0.05394527 1.86727e-07
1760478575.847 58.473 0.05403931 2.45713e-07
1760478575.857 58.551 0.05408959 1.85311e-07
1760478575.867 58.629 0.05412125 2.37229e-07
1760478575.877 58.707 0.05423205 1.12096e-07
1760478575.887 58.785 0.05430375 1.15091e-07
1760478575.897 58.862 0.05437080 5.30229e-08
1760478575.907 58.940 0.05445274 1.14524e-08
1760478575.917 59.017 0.05452257 8.71140e-08
1760478575.927 59.095 0.05459985 5.80490e-08
1760478575.937 59.172 0.05470693 1.47290e-07
1760478575.947 59.249 0.05473301 1.68284e-07
1760478575.957 59.326 0.05480657 1.47355e-07
1760478575.967 59.403 0.05487454 2.22265e-07
1760478576.005 59.480 0.05519578 5.30880e-08
1760478576.011 59.557 0.05525724 1.18690e-07
1760478576.017 59.634 0.05525724 1.03559e-07
1760478576.027 59.710 0.05532334 1.23648e-07
1760478576.037 59.787 0.05538852 1.54842e-06
1760478576.047 59.863 0.05543322 6.03221e-06
1760478576.057 59.940 0.05549374 1.24972e-05
1760478576.067 60.016 0.05555799 4.47713e-05
1760478576.077 60.092 0.05565390 8.53820e-05
1760478576.087 60.168 0.05571908 1.44865e-04
1760478576.097 60.244 0.05578519 1.73433e-04
1760478576.107 60.320 0.05585875 1.76843e-04
1760478576.117 60.396 0.05593417 1.59646e-04
1760478576.127 60.471 0.05596955 1.05225e-04
1760478576.137 60.547 0.05604777 5.48616e-05
1760478576.147 60.622 0.05609153 2.05828e-05
1760478576.157 60.698 0.05615205 8.56531e-06
1760478576.167 60.773 0.05624144 5.14755e-06
1760478576.177 60.848 0.05631128 3.01280e-06
1760478576.187 60.923 0.05636342 1.86197e-06
1760478576.197 60.998 0.05642301 9.48358e-07
1760478576.207 61.073 0.05646399 3.74704e-07
1760478576.217 61.148 0.05652916 1.49416e-07
1760478576.227 61.222 0.05655617 3.62965e-08
1760478576.237 61.297 0.05662321 8.11722e-08
1760478576.247 61.372 0.05669211 1.05327e-07
1760478576.257 61.446 0.05676754 4.63715e-07
1760478576.267 61.520 0.05681782 9.15585e-07
1760478576.277 61.595 0.05689510 1.80298e-06
1760478576.287 61.669 0.05697704 5.05734e-06
1760478576.297 61.743 0.05704315 9.43100e-06
1760478576.307 61.817 0.05707853 1.55498e-05
1760478576.317 61.891 0.05719120 2.01671e-05
1760478576.327 61.965 0.05726010 2.08268e-05
1760478576.337 62.038 0.05730945 1.95704e-05
1760478576.347 62.112 0.05736532 1.36283e-05
1760478576.357 62.186 0.05742491 7.77438e-06
1760478576.367 62.259 0.05752082 3.37478e-06
1760478576.377 62.332 0.05760090 1.52700e-06
1760478576.387 62.406 0.05765584 1.26508e-06
1760478576.397 62.479 0.05775360 1.02624e-06
1760478576.407 62.552 0.05784020 7.86866e-07
1760478576.417 62.625 0.05790817 6.80390e-07
1760478576.427 62.698 0.05799198 4.01624e-07
1760478576.437 62.771 0.05807950 2.64733e-07
1760478576.447 62.844 0.05812420 2.07255e-07
1760478576.457 62.916 0.05820055 1.63108e-07
1760478576.467 62.989 0.05826480 3.81509e-07
1760478576.477 63.062 0.05835605 3.84354e-07
1760478576.487 63.134 0.05842402 4.41681e-07
1760478576.497 63.206 0.05848734 3.91270e-07
1760478576.507 63.279 0.05858604 2.68601e-07
1760478576.563 63.351 0.05894825 5.54761e-07
1760478576.569 63.423 0.05904136 8.54621e-07
1760478576.577 63.495 0.05904136 1.53764e-06
1760478576.587 63.567 0.05911399 2.64991e-06
1760478576.597 63.639 0.05915310 3.35869e-06
1760478576.607 63.711 0.05924621 3.41874e-06
1760478576.617 63.782 0.05930860 3.40110e-06
1760478576.627 63.854 0.05934585 2.76684e-06
1760478576.637 63.926 0.05940916 1.71251e-06
1760478576.647 63.997 0.05947155 8.73833e-07
1760478576.657 64.068 0.05951717 4.36064e-07
1760478576.667 64.140 0.05956280 3.33810e-07
1760478576.677 64.211 0.05962240 3.03981e-07
1760478576.687 64.282 0.05965312 4.24668e-07
1760478576.697 64.353 0.05971085 6.61980e-07
1760478576.707 64.424 0.05974437 8.23520e-07
1760478576.717 64.495 0.05979465 1.06928e-06
1760478576.727 64.566 0.05984586 1.08898e-06
1760478576.737 64.637 0.05991011 1.08519e-06
1760478576.747 64.707 0.05992222 1.08004e-06
1760478576.757 64.778 0.05995201 8.70981e-07
1760478576.767 64.849 0.06004419 7.59843e-07
1760478576.777 64.919 0.06008889 4.60003e-07
1760478576.787 64.989 0.06009448 3.02055e-07
1760478576.797 65.060 0.06013731 2.37869e-07
1760478576.807 65.130 0.06020342 1.43059e-07
1760478576.817 65.200 0.06027977 1.98428e-07
1760478576.827 65.270 0.06034402 1.42660e-07
1760478576.837 65.340 0.06040362 1.76813e-07
1760478576.847 65.410 0.06043062 1.67008e-07
1760478576.858 65.480 0.06059077 3.56095e-07
1760478576.867 65.550 0.06059077 7.72442e-07
1760478576.879 65.619 0.06072392 1.71571e-06
1760478576.888 65.689 0.06081890 5.55199e-06
1760478576.897 65.759 0.06081890 9.09234e-06
1760478576.907 65.828 0.06087198 1.89894e-05
1760478576.917 65.897 0.06092784 4.84047e-05
1760478576.927 65.967 0.06099116 6.80509e-05
1760478576.937 66.036 0.06108055 9.16762e-05
1760478576.947 66.105 0.06115411 1.02644e-04
1760478576.957 66.174 0.06123325 9.76246e-05
1760478576.967 66.243 0.06130123 8.26406e-05
1760478576.977 66.312 0.06139527 5.20530e-05
1760478576.987 66.381 0.06147162 2.32498e-05
1760478576.997 66.450 0.06152936 7.16269e-06
1760478577.007 66.519 0.06158336 3.78528e-06
1760478577.017 66.588 0.06168485 2.20838e-06
1760478577.027 66.656 0.06173979 1.09436e-06
1760478577.037 66.725 0.06181801 6.89184e-07
1760478577.047 66.793 0.06190739 3.23391e-07
1760478577.057 66.862 0.06199027 1.61737e-07
1760478577.067 66.930 0.06203030 2.16844e-07
1760478577.108 66.998 0.06233013 7.71614e-07
1760478577.117 67.066 0.06233013 1.23274e-06
1760478577.127 67.135 0.06239811 1.25755e-06
1760478577.137 67.203 0.06245211 1.30705e-06
1760478577.147 67.271 0.06253126 1.14083e-06
1760478577.157 67.339 0.06259271 8.18759e-07
1760478577.167 67.406 0.06262903 5.82810e-07
1760478577.177 67.474 0.06270072 3.45740e-07
1760478577.187 67.542 0.06277056 2.95411e-07
1760478577.197 67.610 0.06281432 2.35780e-07
1760478577.207 67.677 0.06287112 1.82230e-07
1760478577.217 67.745 0.06291023 2.59155e-07
1760478577.227 67.812 0.06298472 2.44364e-07
1760478577.237 67.879 0.06302662 3.93792e-07
1760478577.247 67.947 0.06307038 5.29205e-07
1760478577.257 68.014 0.06310856 6.08778e-07
1760478577.267 68.081 0.06315139 7.46853e-07
1760478577.277 68.148 0.06322029 6.99668e-07
1760478577.287 68.215 0.06325568 7.29997e-07
1760478577.297 68.282 0.06330130 6.71940e-07
1760478577.307 68.349 0.06336648 5.91259e-07
1760478577.317 68.416 0.06340094 6.37623e-07
1760478577.327 68.483 0.06343352 6.34162e-07
1760478577.337 68.550 0.06349778 8.28807e-07
1760478577.347 68.616 0.06353129 1.22114e-06
1760478577.357 68.683 0.06358344 1.94488e-06
1760478577.367 68.749 0.06365327 4.49625e-06
1760478577.377 68.816 0.06370448 6.35155e-06
1760478577.387 68.882 0.06376408 9.67219e-06
1760478577.397 68.949 0.06383950 1.26930e-05
1760478577.407 69.015 0.06388606 1.36927e-05
1760478577.417 69.081 0.06392330 1.43055e-05
1760478577.427 69.147 0.06400896 1.35394e-05
1760478577.437 69.213 0.06407787 1.18884e-05
1760478577.447 69.279 0.06415516 8.63968e-06
1760478577.457 69.345 0.06420078 4.85599e-06
1760478577.467 69.411 0.06427713 2.40146e-06
1760478577.477 69.477 0.06433766 1.09897e-06
1760478577.487 69.543 0.06441867 7.97651e-07
1760478577.497 69.608 0.06448478 5.01170e-07
1760478577.507 69.674 0.06456951 3.08946e-07
1760478577.516 69.740 0.06462538 3.10440e-07
1760478577.526 69.805 0.06468869 2.71438e-07
1760478577.536 69.871 0.06479763 3.62894e-07
1760478577.547 69.936 0.06486561 4.11334e-07
1760478577.556 70.001 0.06492148 4.59189e-07
1760478577.566 70.067 0.06499597 7.73928e-07
1760478577.576 70.132 0.06504904 1.01173e-06
1760478577.586 70.197 0.06508815 1.26334e-06
1760478577.596 70.262 0.06519151 1.19137e-06
1760478577.606 70.327 0.06523806 1.10988e-06
1760478577.616 70.392 0.06530697 1.09236e-06
1760478577.660 70.457 0.06557420 6.23419e-07
1760478577.667 70.522 0.06557420 8.51761e-07
1760478577.676 70.587 0.06565893 8.03644e-07
1760478577.686 70.651 0.06571574 8.27997e-07
1760478577.696 70.716 0.06578929 6.97433e-07
1760478577.706 70.781 0.06583865 5.21136e-07
1760478577.716 70.845 0.06589544 3.80461e-07
1760478577.726 70.910 0.06594573 1.43096e-07
1760478577.736 70.974 0.06595969 1.37956e-07
1760478577.746 71.039 0.06603605 8.90712e-08
1760478577.756 71.103 0.06612543 7.28173e-08
1760478577.766 71.167 0.06618782 1.58917e-07
1760478577.776 71.231 0.06620924 1.20517e-07
1760478577.786 71.296 0.06624835 1.70347e-07
1760478577.796 71.360 0.06627535 1.16992e-07
1760478577.806 71.424 0.06634518 1.00290e-07
1760478577.816 71.488 0.06639267 1.62627e-07
1760478577.826 71.552 0.06645412 1.06482e-07
1760478577.836 71.615 0.06648951 1.41848e-07
1760478577.846 71.679 0.06653420 9.14438e-08
1760478577.856 71.743 0.06658635 7.75009e-08
1760478577.866 71.807 0.06663104 1.66352e-07
1760478577.876 71.870 0.06667015 1.44493e-07
1760478577.886 71.934 0.06669715 1.56203e-07
1760478577.896 71.997 0.06672695 2.05919e-07
1760478577.906 72.061 0.06681634 1.94792e-07
1760478577.916 72.124 0.06683775 2.91739e-07
1760478577.926 72.188 0.06688803 2.46115e-07
1760478577.936 72.251 0.06694111 2.85707e-07
1760478577.946 72.314 0.06703795 2.25316e-07
1760478577.956 72.377 0.06707147 1.79068e-07
1760478577.966 72.440 0.06714410 2.60082e-07
1760478577.976 72.504 0.06721393 2.05759e-07
1760478577.986 72.567 0.06725770 2.21116e-07
1760478577.996 72.630 0.06734895 2.17509e-07
1760478578.006 72.692 0.06738898 2.08478e-07
1760478578.016 72.755 0.06744392 3.21614e-07
1760478578.026 72.818 0.06748768 2.91858e-07
1760478578.036 72.881 0.06756497 3.40114e-07
1760478578.046 72.944 0.06763108 3.66240e-07
1760478578.056 73.006 0.06771116 5.33200e-07
1760478578.066 73.069 0.06776795 1.08151e-06
1760478578.076 73.131 0.06784338 2.07979e-06
1760478578.086 73.194 0.06788900 4.88041e-06
1760478578.096 73.256 0.06793090 7.36659e-06
1760478578.106 73.319 0.06802029 1.44455e-05
1760478578.116 73.381 0.06810130 3.76345e-05
1760478578.126 73.443 0.06817579 5.62707e-05
1760478578.136 73.505 0.06821304 7.94908e-05
1760478578.146 73.568 0.06830336 9.64082e-05
1760478578.156 73.630 0.06836947 1.01795e-04
1760478578.166 73.692 0.06843465 1.01825e-04
1760478578.210 73.754 0.06869164 4.60022e-05
1760478578.238 73.816 0.06886855 3.47980e-06
1760478578.246 73.878 0.06886855 2.38389e-06
1760478578.256 73.940 0.06893280 1.33858e-06
1760478578.266 74.001 0.06900450 1.00478e-06
1760478578.276 74.063 0.06907899 5.26880e-07
1760478578.286 74.125 0.06910414 3.08691e-07
1760478578.296 74.186 0.06915069 1.86804e-07
1760478578.306 74.248 0.06921214 1.09915e-07
1760478578.316 74.310 0.06924753 1.64511e-07
1760478578.326 74.371 0.06926243 9.69421e-08
1760478578.336 74.432 0.06930898 1.12890e-07
1760478578.346 74.494 0.06936578 8.24784e-08
1760478578.356 74.555 0.06940210 7.08442e-08
1760478578.366 74.617 0.06945890 1.36766e-07
1760478578.376 74.678 0.06949335 7.60367e-08
1760478578.386 74.739 0.06951011 1.23436e-07
1760478578.396 74.800 0.06950080 8.17072e-08
1760478578.406 74.861 0.06955387 8.00034e-08
1760478578.416 74.922 0.06961719 1.54500e-07
1760478578.426 74.983 0.06965350 9.45290e-08
1760478578.436 75.044 0.06970937 1.39692e-07
1760478578.446 75.105 0.06970285 9.71814e-08
1760478578.456 75.166 0.06973637 8.90798e-08
1760478578.466 75.227 0.06982390 1.44319e-07
1760478578.476 75.287 0.06987232 7.29000e-08
1760478578.486 75.348 0.06991795 1.06420e-07
1760478578.496 75.409 0.06994308 5.28166e-08
1760478578.506 75.469 0.06999989 4.22192e-08
1760478578.516 75.530 0.07005948 1.05596e-07
1760478578.567 75.590 0.07038817 1.07181e-07
1760478578.576 75.651 0.07044776 7.91854e-08
1760478578.586 75.711 0.07044776 1.09103e-07
1760478578.596 75.772 0.07048687 5.79972e-08
1760478578.606 75.832 0.07057160 2.94774e-08
1760478578.616 75.892 0.07065912 1.04159e-07
1760478578.667 75.952 0.07100923 1.04125e-07
1760478578.676 76.013 0.07107162 9.10606e-08
1760478578.686 76.073 0.07107162 1.52811e-07
1760478578.696 76.133 0.07112283 1.63073e-07
1760478578.706 76.193 0.07117777 2.28286e-07
1760478578.716 76.253 0.07121036 3.02250e-07
1760478578.763 76.313 0.07137424 3.37189e-07
1760478578.769 76.373 0.07140776 2.39383e-07
1760478578.776 76.432 0.07140776 2.57121e-07
1760478578.786 76.492 0.07144594 2.89245e-07
1760478578.798 76.552 0.07146828 2.49523e-07
1760478578.806 76.612 0.07151111 1.71894e-07
1760478578.816 76.671 0.07151111 2.11841e-07
1760478578.826 76.731 0.07154464 1.54883e-07
1760478578.836 76.790 0.07156978 2.09690e-07
1760478578.846 76.850 0.07157443 1.94444e-07
1760478578.856 76.909 0.07159585 2.26791e-07
1760478578.866 76.969 0.07162285 3.11882e-07
1760478578.876 77.028 0.07166010 3.08174e-07
1760478578.886 77.087 0.07166010 3.97225e-07
1760478578.896 77.147 0.07167965 3.88563e-07
1760478578.906 77.206 0.07172434 3.91449e-07
1760478578.916 77.265 0.07176904 4.83625e-07
1760478578.926 77.324 0.07178487 4.44339e-07
1760478578.936 77.383 0.07182584 4.98286e-07
1760478578.946 77.442 0.07186587 4.58053e-07
1760478578.956 77.501 0.07192919 4.14191e-07
1760478578.966 77.560 0.07200276 4.75008e-07
1760478578.976 77.619 0.07204559 4.10726e-07
1760478578.986 77.678 0.07207910 4.23156e-07
1760478578.996 77.737 0.07214615 3.45680e-07
1760478579.006 77.796 0.07221505 2.87558e-07
1760478579.016 77.855 0.07226999 3.38903e-07
1760478579.026 77.913 0.07230538 2.80093e-07
1760478579.036 77.972 0.07237334 3.21477e-07
1760478579.046 78.031 0.07244039 2.75816e-07
1760478579.056 78.089 0.07244784 2.27265e-07
1760478579.066 78.148 0.07254468 3.02535e-07
1760478579.076 78.206 0.07262009 2.25608e-07
1760478579.086 78.265 0.07270017 2.28283e-07
1760478579.096 78.323 0.07275046 1.86230e-07
1760478579.106 78.381 0.07279515 1.07298e-07
1760478579.116 78.440 0.07287337 1.34519e-07
1760478579.126 78.498 0.07295437 6.78109e-08
1760478579.136 78.556 0.07297672 1.18126e-07
1760478579.146 78.614 0.07302235 9.48835e-08
1760478579.156 78.672 0.07308473 1.30070e-07
1760478579.166 78.730 0.07318715 3.03302e-07
1760478579.176 78.788 0.07328306 3.48359e-07
1760478579.186 78.846 0.07329983 6.83622e-07
1760478579.196 78.904 0.07336687 1.07816e-06
1760478579.206 78.962 0.07342087 1.70846e-06
1760478579.216 79.020 0.07347860 3.65754e-06
1760478579.226 79.078 0.07352795 5.65862e-06
1760478579.236 79.136 0.07362293 9.42275e-06
1760478579.246 79.194 0.07366669 1.33320e-05
1760478579.256 79.251 0.07370859 1.62595e-05
1760478579.266 79.309 0.07376260 1.83317e-05
1760478579.313 79.367 0.07399631 1.70010e-05
1760478579.320 79.424 0.07403635 9.90138e-06
1760478579.326 79.482 0.07403635 7.45284e-06
1760478579.335 79.539 0.07413226 5.84651e-06
1760478579.345 79.597 0.07414716 3.73513e-06
1760478579.355 79.654 0.07420023 2.47599e-06
1760478579.365 79.711 0.07425144 1.60326e-06
1760478579.375 79.769 0.07431569 1.12341e-06
1760478579.385 79.826 0.07436039 8.00904e-07
1760478579.395 79.883 0.07441160 4.71293e-07
1760478579.405 79.940 0.07445722 2.74535e-07
1760478579.415 79.998 0.07450937 2.40552e-07
1760478579.425 80.055 0.07456058 1.11668e-07
1760478579.435 80.112 0.07456710 1.46404e-07
1760478579.445 80.169 0.07461086 8.80276e-08
1760478579.455 80.226 0.07468163 9.75537e-08
1760478579.465 80.283 0.07472446 1.40677e-07
1760478579.475 80.340 0.07472073 8.11615e-08
1760478579.485 80.397 0.07477940 1.23847e-07
1760478579.495 80.454 0.07484365 7.13860e-08
1760478579.505 80.510 0.07486879 8.40104e-08
1760478579.515 80.567 0.07489393 1.21792e-07
1760478579.525 80.624 0.07492838 5.36312e-08
1760478579.535 80.680 0.07500846 9.11103e-08
1760478579.545 80.737 0.07504570 3.85570e-08
1760478579.555 80.794 0.07510902 4.36261e-08
1760478579.565 80.850 0.07513509 8.23667e-08
1760478579.613 80.907 0.07539209 5.43161e-08
1760478579.620 80.963 0.07545912 -4.94990e-09
1760478579.668 81.020 0.07571984 6.10400e-09
1760478579.739 81.076 0.07605505 1.55017e-07
1760478579.746 81.132 0.07608112 2.57657e-07
1760478579.755 81.189 0.07608112 1.96412e-07
1760478579.765 81.245 0.07611650 3.38831e-07
1760478579.775 81.301 0.07617424 3.28804e-07
1760478579.785 81.358 0.07623197 3.96638e-07
1760478579.795 81.414 0.07623941 3.56392e-07
1760478579.805 81.470 0.07622917 3.38262e-07
1760478579.815 81.526 0.07625338 4.24461e-07
1760478579.862 81.582 0.07630739 4.00951e-07
1760478579.869 81.638 0.07630646 2.59847e-07
1760478579.875 81.694 0.07630646 2.75928e-07
1760478579.885 81.750 0.07632508 3.15909e-07
1760478579.895 81.806 0.07634836 2.49647e-07
1760478579.905 81.862 0.07638747 2.22971e-07
1760478579.915 81.918 0.07636605 2.63877e-07
1760478579.925 81.973 0.07637163 1.82555e-07
1760478579.935 82.029 0.07639957 2.05374e-07
1760478579.945 82.085 0.07639957 1.51598e-07
1760478579.955 82.140 0.07644147 1.49606e-07
1760478579.965 82.196 0.07650200 1.68871e-07
1760478579.975 82.252 0.07651410 8.73229e-08
1760478579.985 82.307 0.07658207 1.15142e-07
1760478579.995 82.363 0.07659045 6.43960e-08
1760478580.005 82.418 0.07666122 7.69659e-08
1760478580.015 82.474 0.07667332 1.14744e-07
1760478580.025 82.529 0.07674968 4.25599e-08
1760478580.035 82.584 0.07681392 8.33251e-08
1760478580.045 82.640 0.07682789 4.77255e-08
1760478580.055 82.695 0.07690704 6.76907e-08
1760478580.065 82.750 0.07694149 1.01413e-07
1760478580.113 82.806 0.07719662 7.79135e-08
1760478580.119 82.861 0.07725807 3.16170e-09
1760478580.125 82.916 0.07732139 3.53386e-08
1760478580.136 82.971 0.07732139 7.29497e-08
1760478580.145 83.026 0.07739402 3.17374e-08
1760478580.155 83.081 0.07742196 2.15570e-09
1760478580.165 83.136 0.07747130 8.23076e-08
1760478580.235 83.191 0.07783631 1.04231e-07
1760478580.248 83.246 0.07792197 2.39410e-07
1760478580.255 83.301 0.07792197 2.57940e-07
1760478580.265 83.356 0.07798064 4.49974e-07
1760478580.275 83.411 0.07800391 5.41984e-07
1760478580.285 83.465 0.07803092 8.16643e-07
1760478580.295 83.520 0.07807096 9.68970e-07
1760478580.305 83.575 0.07810913 1.44746e-06
1760478580.315 83.630 0.07814358 1.92684e-06
1760478580.325 83.684 0.07815382 2.49824e-06
1760478580.335 83.739 0.07820783 3.20738e-06
1760478580.345 83.793 0.07819666 4.54930e-06
1760478580.355 83.848 0.07821994 5.51232e-06
1760478580.365 83.902 0.07825253 7.48793e-06
1760478580.412 83.957 0.07833726 1.95690e-05
1760478580.422 84.011 0.07840244 3.75184e-05
1760478580.428 84.066 0.07839965 4.42433e-05
1760478580.435 84.120 0.07839965 4.98563e-05
1760478580.445 84.174 0.07843410 5.59589e-05
1760478580.455 84.229 0.07848065 6.69615e-05
1760478580.465 84.283 0.07852535 7.66955e-05
1760478580.475 84.337 0.07856632 8.57350e-05
1760478580.485 84.391 0.07859519 9.42945e-05
1760478580.495 84.446 0.07863802 1.01833e-04
1760478580.505 84.500 0.07867526 1.07569e-04
1760478580.515 84.554 0.07871717 1.12821e-04
1760478580.525 84.608 0.07875906 1.10668e-04
1760478580.535 84.662 0.07881027 1.09333e-04
1760478580.545 84.716 0.07888663 1.03963e-04
1760478580.555 84.770 0.07891735 9.61907e-05
1760478580.565 84.824 0.07895367 8.54431e-05
1760478580.575 84.878 0.07898161 7.11777e-05
1760478580.585 84.931 0.07902444 5.78662e-05
1760478580.595 84.985 0.07909241 4.31303e-05
1760478580.605 85.039 0.07915852 3.11725e-05
1760478580.615 85.093 0.07921160 2.21309e-05
1760478580.625 85.146 0.07924884 1.42624e-05
1760478580.635 85.200 0.07928050 1.08253e-05
1760478580.645 85.254 0.07933916 6.98221e-06
1760478580.655 85.307 0.07939596 4.94534e-06
1760478580.665 85.361 0.07943879 3.31702e-06
1760478580.675 85.414 0.07949559 1.73677e-06
1760478580.685 85.468 0.07955053 8.96682e-07
1760478580.695 85.521 0.07958405 4.55706e-07
1760478580.705 85.575 0.07963619 2.35271e-07
1760478580.715 85.628 0.07970696 9.80515e-08
1760478580.762 85.682 0.07994533 6.88699e-08
1760478580.768 85.735 0.07999468 3.78600e-10
1760478580.816 85.788 0.08026378 6.13054e-08
1760478580.867 85.842 0.08049749 6.11280e-08
1760478580.942 85.895 0.08075728 5.98275e-08
1760478580.964 85.948 0.08073679 5.24229e-08
1760478581.013 86.001 0.08079731 7.31115e-08
1760478581.063 86.054 0.08074331 7.95233e-08
1760478581.070 86.107 0.08076659 1.56256e-08
1760478581.076 86.160 0.08075728 5.20707e-08
1760478581.084 86.214 0.08075728 8.13850e-08
1760478581.095 86.267 0.08078428 3.63081e-08
1760478581.105 86.319 0.08077590 7.31459e-08
1760478581.114 86.372 0.08077869 9.53131e-08
1760478581.124 86.425 0.08076752 2.47574e-08
1760478581.134 86.478 0.08079825 7.98094e-08
1760478581.144 86.531 0.08083270 4.37006e-08
1760478581.154 86.584 0.08079731 7.67554e-08
1760478581.164 86.637 0.08083363 9.88118e-08
1760478581.174 86.689 0.08086250 2.83149e-08
1760478581.184 86.742 0.08086063 8.11209e-08
1760478581.194 86.795 0.08088019 3.69609e-08
1760478581.204 86.847 0.08089974 7.70157e-08
1760478581.214 86.900 0.08092582 9.40090e-08
1760478581.224 86.953 0.08096771 2.53806e-08
1760478581.234 87.005 0.08102265 7.62495e-08
1760478581.244 87.058 0.08104128 3.50734e-08
1760478581.254 87.110 0.08107200 6.87514e-08
1760478581.264 87.163 0.08112135 9.17223e-08
1760478581.313 87.215 0.08139324 8.43943e-08
1760478581.319 87.268 0.08143328 2.12339e-08
1760478581.326 87.320 0.08145283 5.56430e-08
1760478581.335 87.372 0.08145283 9.48110e-08
1760478581.345 87.425 0.08150312 6.01694e-08
1760478581.355 87.477 0.08161020 4.98789e-08
1760478581.365 87.529 0.08163999 9.48386e-08
1760478581.374 87.581 0.08167910 4.73100e-08
1760478581.384 87.633 0.08173776 7.95471e-08
1760478581.394 87.686 0.08177687 3.04576e-08
1760478581.404 87.738 0.08186067 6.49856e-08
1760478581.414 87.790 0.08191282 8.22211e-08
1760478581.498 87.842 0.08225082 6.70558e-08
1760478581.548 87.894 0.08240352 7.14463e-08
1760478581.600 87.946 0.08257579 6.98386e-08
1760478581.607 87.998 0.08259627 3.21809e-08
1760478581.615 88.050 0.08259627 7.10416e-08
1760478581.666 88.102 0.08266424 1.10974e-07
1760478581.675 88.154 0.08266703 7.97939e-08
1760478581.685 88.205 0.08266703 1.27500e-07
1760478581.695 88.257 0.08270614 9.49008e-08
1760478581.705 88.309 0.08269869 1.17389e-07
1760478581.715 88.361 0.08268100 1.82074e-07
1760478581.725 88.412 0.08271080 1.29969e-07
1760478581.735 88.464 0.08271732 1.82003e-07
1760478581.745 88.516 0.08273687 1.51867e-07
1760478581.754 88.567 0.08274153 1.92129e-07
1760478581.764 88.619 0.08275456 2.10230e-07
1760478581.774 88.671 0.08276387 1.91910e-07
1760478581.784 88.722 0.08276946 2.51604e-07
1760478581.794 88.774 0.08280578 2.32810e-07
1760478581.804 88.825 0.08282160 2.80535e-07
1760478581.814 88.877 0.08284581 3.61717e-07
1760478581.824 88.928 0.08285792 3.08911e-07
1760478581.834 88.979 0.08288864 4.01471e-07
1760478581.844 89.031 0.08292124 4.18426e-07
1760478581.854 89.082 0.08296593 5.42210e-07
1760478581.864 89.133 0.08297245 7.58781e-07
1760478581.874 89.185 0.08298641 8.57850e-07
1760478581.884 89.236 0.08304228 1.20162e-06
1760478581.894 89.287 0.08310373 1.52375e-06
1760478581.904 89.338 0.08316240 2.01304e-06
1760478581.914 89.390 0.08319964 2.70528e-06
1760478581.924 89.441 0.08326389 2.99749e-06
1760478581.934 89.492 0.08331324 3.65416e-06
1760478581.944 89.543 0.08335887 4.24266e-06
1760478581.954 89.594 0.08342125 4.84143e-06
1760478581.964 89.645 0.08346129 5.34236e-06
1760478581.974 89.696 0.08349202 5.33834e-06
1760478581.984 89.747 0.08357396 5.45934e-06
1760478581.994 89.798 0.08366242 5.28149e-06
1760478582.004 89.849 0.08371177 5.00008e-06
1760478582.051 89.899 0.08395666 3.16853e-06
1760478582.058 89.950 0.08402184 1.22352e-06
1760478582.065 90.001 0.08407770 1.02719e-06
1760478582.074 90.052 0.08407770 7.91099e-07
1760478582.084 90.103 0.08412426 6.11558e-07
1760478582.094 90.153 0.08418385 4.01645e-07
1760478582.104 90.204 0.08423507 3.18095e-07
1760478582.114 90.255 0.08426765 2.78077e-07
1760478582.125 90.305 0.08434029 1.18281e-07
1760478582.134 90.356 0.08434029 1.21364e-07
1760478582.144 90.407 0.08437939 5.12764e-08
1760478582.154 90.457 0.08443339 5.70258e-08
1760478582.164 90.508 0.08447809 8.39693e-08
1760478582.213 90.558 0.08465222 6.81658e-08
1760478582.220 90.609 0.08466898 -5.41070e-09
1760478582.226 90.659 0.08470808 4.57851e-08
1760478582.234 90.709 0.08470808 6.00816e-08
1760478582.244 90.760 0.08473415 2.40188e-08
1760478582.254 90.810 0.08474812 6.22743e-08
1760478582.264 90.860 0.08481330 5.89981e-08
1760478582.311 90.911 0.08500139 8.00020e-08
1760478582.317 90.961 0.08503584 4.52197e-08
1760478582.324 91.011 0.08503584 1.34016e-08
1760478582.334 91.062 0.08507402 5.41336e-08
1760478582.344 91.112 0.08509357 2.40663e-08
1760478582.354 91.162 0.08513454 6.12144e-08
1760478582.364 91.212 0.08516899 5.66860e-08
1760478582.374 91.262 0.08518482 -4.27580e-09
1760478582.384 91.312 0.08521834 5.73232e-08
1760478582.394 91.362 0.08529749 1.93896e-08
1760478582.404 91.412 0.08532449 6.05216e-08
1760478582.452 91.462 0.08548930 2.92333e-08
1760478582.458 91.512 0.08552096 2.36360e-08
1760478582.465 91.562 0.08557590 7.49883e-08
1760478582.533 91.612 0.08576120 7.04220e-08
1760478582.544 91.662 0.08579751 8.65093e-08
1760478582.551 91.712 0.08586269 7.35648e-08
1760478582.603 91.762 0.08599119 4.78432e-08
1760478582.610 91.811 0.08603215 5.20047e-08
1760478582.616 91.861 0.08604426 7.44261e-08
1760478582.664 91.911 0.08617741 5.60975e-08
1760478582.717 91.961 0.08626214 5.97534e-08
1760478582.767 92.010 0.08632919 5.98555e-08
1760478582.816 92.060 0.08643348 6.61205e-08
1760478582.867 92.110 0.08648282 7.60952e-08
1760478582.874 92.159 0.08648282 2.47529e-08
1760478582.883 92.209 0.08649213 7.46750e-08
1760478582.893 92.258 0.08649400 3.04746e-08
1760478582.903 92.308 0.08651727 7.57824e-08
1760478582.913 92.358 0.08653962 6.61227e-08
1760478582.923 92.407 0.08653962 2.20288e-08
1760478582.933 92.456 0.08653124 8.88237e-08
1760478582.943 92.506 0.08654428 4.71403e-08
1760478582.953 92.555 0.08655359 8.61107e-08
1760478582.963 92.605 0.08659270 7.26684e-08
1760478582.973 92.654 0.08657408 3.12592e-08
1760478582.983 92.703 0.08657687 9.90331e-08
1760478582.993 92.753 0.08660480 5.15003e-08
1760478583.003 92.802 0.08665881 9.58152e-08
1760478583.013 92.851 0.08667743 8.11456e-08
1760478583.023 92.900 0.08667929 4.02384e-08
1760478583.033 92.950 0.08671188 1.08272e-07
1760478583.043 92.999 0.08672305 6.46595e-08
1760478583.053 93.048 0.08673795 1.03477e-07
1760478583.063 93.097 0.08678637 8.85512e-08
1760478583.073 93.146 0.08681431 4.63010e-08
1760478583.083 93.195 0.08682641 1.12273e-07
1760478583.093 93.244 0.08686552 6.31726e-08
1760478583.103 93.293 0.08690742 1.09516e-07
1760478583.152 93.342 0.08718303 8.50502e-08
1760478583.159 93.391 0.08720632 4.83092e-08
1760478583.165 93.440 0.08725660 8.63654e-08
1760478583.213 93.489 0.08748100 6.25603e-08
1760478583.265 93.538 0.08776407 7.79584e-08
1760478583.274 93.587 0.08776407 4.08067e-08
1760478583.284 93.636 0.08783483 7.40706e-08
1760478583.294 93.684 0.08784135 3.68767e-08
1760478583.303 93.733 0.08785159 6.05178e-08
1760478583.314 93.782 0.08789815 8.66439e-08
1760478583.324 93.831 0.08792049 4.19894e-08
1760478583.334 93.879 0.08794098 9.57517e-08
1760478583.344 93.928 0.08794563 5.91483e-08
1760478583.353 93.977 0.08798847 9.08187e-08
1760478583.363 94.025 0.08801082 9.73157e-08
1760478583.373 94.074 0.08796239 3.45722e-08
1760478583.383 94.123 0.08798381 8.85533e-08
1760478583.393 94.171 0.08802292 4.46871e-08
1760478583.403 94.220 0.08801547 9.02209e-08
1760478583.413 94.268 0.08802478 8.87413e-08
1760478583.423 94.317 0.08803223 2.75265e-08
1760478583.433 94.365 0.08806109 8.76366e-08
1760478583.443 94.414 0.08808810 4.47505e-08
1760478583.453 94.462 0.08809276 8.02695e-08
1760478583.463 94.510 0.08808810 7.25474e-08
1760478583.474 94.559 0.08813186 1.72170e-08
1760478583.483 94.607 0.08815235 7.03647e-08
1760478583.493 94.655 0.08819425 2.61734e-08
1760478583.503 94.704 0.08822311 7.16212e-08
1760478583.513 94.752 0.08826129 5.52279e-08
1760478583.524 94.800 0.08830226 4.29420e-09
1760478583.533 94.848 0.08834230 5.66897e-08
1760478583.543 94.896 0.08840096 2.03629e-08
1760478583.553 94.945 0.08845869 6.36380e-08
1760478583.601 94.993 0.08872499 3.53258e-08
1760478583.608 95.041 0.08875665 1.07855e-08
1760478583.614 95.089 0.08878831 4.92241e-08
1760478583.702 95.137 0.08927529 9.51804e-08
1760478583.709 95.185 0.08927809 1.34044e-07
1760478583.715 95.233 0.08930044 1.96970e-07
1760478583.723 95.281 0.08930044 1.82712e-07
1760478583.733 95.329 0.08934234 2.62777e-07
1760478583.743 95.377 0.08939355 2.48488e-07
1760478583.753 95.425 0.08940379 3.45860e-07
1760478583.763 95.473 0.08944197 4.26358e-07
1760478583.773 95.521 0.08946525 4.42676e-07
1760478583.783 95.569 0.08947269 6.13901e-07
1760478583.793 95.616 0.08950249 6.78574e-07
1760478583.803 95.664 0.08950901 8.54932e-07
1760478583.813 95.712 0.08951274 1.03203e-06
1760478583.823 95.760 0.08953881 1.13526e-06
1760478583.833 95.807 0.08954067 1.39126e-06
1760478583.843 95.855 0.08953136 1.58312e-06
1760478583.853 95.903 0.08955091 1.94030e-06
1760478583.863 95.950 0.08957419 2.60001e-06
1760478583.873 95.998 0.08960585 2.75275e-06
1760478583.883 96.046 0.08961516 3.44306e-06
1760478583.893 96.093 0.08961702 4.08639e-06
1760478583.903 96.141 0.08964123 5.09071e-06
1760478583.913 96.188 0.08967568 6.52017e-06
1760478583.923 96.236 0.08967754 8.14224e-06
1760478583.933 96.283 0.08968127 9.67523e-06
1760478583.943 96.331 0.08976414 1.10536e-05
1760478583.953 96.378 0.08980790 1.33183e-05
1760478583.963 96.426 0.08984981 1.55714e-05
1760478583.973 96.473 0.08987308 1.75848e-05
1760478583.983 96.520 0.08990660 2.25855e-05
1760478583.993 96.568 0.08998296 2.36716e-05
1760478584.003 96.615 0.09005093 2.54698e-05
1760478584.013 96.662 0.09006769 2.77166e-05
1760478584.023 96.710 0.09014684 2.93415e-05
1760478584.033 96.757 0.09019433 3.11075e-05
1760478584.043 96.804 0.09022971 3.08662e-05
1760478584.053 96.851 0.09030886 3.03835e-05
1760478584.063 96.899 0.09038242 2.81511e-05
1760478584.073 96.946 0.09043642 2.54176e-05
1760478584.083 96.993 0.09048111 2.23447e-05
1760478584.093 97.040 0.09049322 1.93376e-05
1760478584.103 97.087 0.09053512 1.56210e-05
1760478584.113 97.134 0.09058540 1.29286e-05
1760478584.123 97.181 0.09065058 9.80162e-06
1760478584.133 97.228 0.09072134 6.74399e-06
1760478584.143 97.275 0.09078094 4.56299e-06
1760478584.153 97.322 0.09085171 2.97755e-06
1760478584.163 97.369 0.09091130 2.12230e-06
1760478584.173 97.416 0.09095786 1.54235e-06
1760478584.183 97.463 0.09100069 1.30131e-06
1760478584.193 97.510 0.09101093 1.02002e-06
1760478584.203 97.557 0.09104725 8.46664e-07
1760478584.234 97.604 0.09119529 6.31251e-07
1760478584.246 97.651 0.09125209 1.97588e-07
1760478584.253 97.697 0.09125209 8.17330e-08
1760478584.263 97.744 0.09132658 8.01352e-08
1760478584.273 97.791 0.09134427 -2.85700e-10
1760478584.283 97.838 0.09139083 4.24320e-08
1760478584.325 97.884 0.09160220 8.34175e-09
1760478584.339 97.931 0.09161244 5.99220e-09
1760478584.346 97.978 0.09163758 4.11415e-08
1760478584.353 98.024 0.09163758 -2.47610e-08
1760478584.394 98.071 0.09183964 1.21310e-08
1760478584.403 98.118 0.09183964 2.06624e-08
1760478584.413 98.164 0.09186478 4.65449e-09
1760478584.423 98.211 0.09188061 6.28760e-09
1760478584.433 98.257 0.09189458 1.50979e-08
1760478584.443 98.304 0.09191785 5.98470e-10
1760478584.453 98.350 0.09195417 1.98834e-08
1760478584.463 98.397 0.09199886 2.06541e-09
1760478584.473 98.443 0.09207522 1.63753e-09
1760478584.483 98.490 0.09209384 1.05590e-08
1760478584.493 98.536 0.09208173 -7.77033e-09
1760478584.503 98.582 0.09211991 1.07648e-08
1760478584.513 98.629 0.09212456 -9.84078e-09
1760478584.523 98.675 0.09216740 1.75331e-09
1760478584.533 98.721 0.09217485 3.31075e-09
1760478584.543 98.768 0.09223351 -9.60795e-09
1760478584.553 98.814 0.09225678 8.57113e-09
1760478584.563 98.860 0.09227634 -1.60640e-08
1760478584.573 98.906 0.09228845 3.35160e-10
1760478584.583 98.953 0.09232197 -2.69939e-09
1760478584.593 98.999 0.09234059 -1.69243e-08
1760478584.603 99.045 0.09237597 -8.41340e-10
1760478584.616 99.091 0.09248026 8.24130e-09
1760478584.622 99.137 0.09248026 -3.35410e-08
1760478584.632 99.183 0.09248957 2.28338e-08
1760478584.642 99.229 0.09253613 -3.22590e-08
1760478584.691 99.276 0.09274843 -4.95184e-08
1760478584.734 99.322 0.09299704 -1.80100e-09
1760478584.743 99.368 0.09299704 -1.78659e-08
1760478584.793 99.414 0.09326893 8.97145e-09
1760478584.807 99.460 0.09328942 4.35271e-08
1760478584.816 99.505 0.09332387 8.98240e-08
1760478584.824 99.551 0.09334435 5.43895e-08
1760478584.832 99.597 0.09334435 9.80817e-08
1760478584.842 99.643 0.09340022 7.15842e-08
1760478584.852 99.689 0.09343560 1.08172e-07
1760478584.862 99.735 0.09342629 6.60002e-08
1760478584.872 99.781 0.09347937 4.88353e-08
1760478584.882 99.827 0.09347285 1.16348e-07
1760478584.892 99.872 0.09349240 5.93176e-08
1760478584.902 99.918 0.09349334 1.01263e-07
1760478584.912 99.964 0.09348868 5.89885e-08
1760478584.922 100.010 0.09351382 3.32336e-08
1760478584.932 100.055 0.09351196 1.08425e-07
1760478584.942 100.101 0.09351847 5.96998e-08
1760478584.952 100.147 0.09351661 9.45514e-08
1760478584.962 100.192 0.09352592 5.56624e-08
1760478584.972 100.238 0.09358179 3.39279e-08
1760478584.982 100.283 0.09359576 1.05046e-07
1760478584.992 100.329 0.09363021 4.87374e-08
1760478585.002 100.375 0.09367025 9.16800e-08
1760478585.012 100.420 0.09365069 4.78625e-08
1760478585.022 100.466 0.09367397 2.87158e-08
1760478585.032 100.511 0.09374195 9.45850e-08
1760478585.080 100.557 0.09394028 6.06930e-08
1760478585.130 100.602 0.09416189 5.56063e-08
1760478585.198 100.647 0.09448965 6.87810e-08
1760478585.248 100.693 0.09465073 6.90621e-08
1760478585.345 100.738 0.09469915 8.58382e-08
1760478585.353 100.784 0.09469915 1.83440e-09
1760478585.362 100.829 0.09468518 4.34569e-08
1760478585.373 100.874 0.09467401 -5.79850e-09
1760478585.383 100.920 0.09468705 5.27134e-08
1760478585.392 100.965 0.09469264 1.36423e-08
1760478585.403 101.010 0.09469264 6.48701e-08
1760478585.412 101.055 0.09469450 4.57696e-08
1760478585.422 101.101 0.09468984 -3.92860e-09
1760478585.432 101.146 0.09469450 7.42732e-08
1760478585.497 101.191 0.09472895 6.83609e-08
1760478585.548 101.236 0.09486955 8.06968e-08
1760478585.600 101.281 0.09502691 9.40560e-08
1760478585.610 101.326 0.09505857 1.30235e-07
1760478585.616 101.372 0.09511351 1.34413e-07
1760478585.622 101.417 0.09511351 1.15313e-07
1760478585.632 101.462 0.09515355 1.81226e-07
1760478585.642 101.507 0.09516007 1.65845e-07
1760478585.652 101.552 0.09518241 1.98119e-07
1760478585.662 101.597 0.09521686 2.23120e-07
1760478585.672 101.642 0.09524573 2.27744e-07
1760478585.682 101.687 0.09525039 3.63935e-07
1760478585.692 101.732 0.09523828 3.63528e-07
1760478585.702 101.777 0.09527366 4.58767e-07
1760478585.712 101.822 0.09528949 4.39954e-07
1760478585.722 101.866 0.09529694 4.46267e-07
1760478585.732 101.911 0.09529508 5.88210e-07
1760478585.742 101.956 0.09529229 5.86732e-07
1760478585.752 102.001 0.09529694 7.06601e-07
1760478585.762 102.046 0.09531556 7.06009e-07
1760478585.772 102.091 0.09533232 7.14724e-07
1760478585.782 102.135 0.09534443 8.63478e-07
1760478585.792 102.180 0.09539750 9.08210e-07
1760478585.802 102.225 0.09540681 1.08003e-06
1760478585.812 102.270 0.09543568 1.14244e-06
1760478585.822 102.314 0.09544778 1.25788e-06
1760478585.832 102.359 0.09548689 1.56030e-06
1760478585.842 102.404 0.09555579 1.78535e-06
1760478585.879 102.448 0.09570105 4.55129e-06
1760478585.885 102.493 0.09574295 6.40642e-06
1760478585.893 102.537 0.09579696 8.81102e-06
1760478585.902 102.582 0.09579696 1.17522e-05
1760478585.912 102.627 0.09582583 1.79944e-05
1760478585.922 102.671 0.09586493 2.84861e-05
1760478585.932 102.716 0.09594501 3.56729e-05
1760478585.942 102.760 0.09599901 4.65888e-05
1760478585.952 102.805 0.09603999 6.04335e-05
1760478585.962 102.849 0.09609027 7.23268e-05
1760478585.972 102.893 0.09615265 8.66174e-05
1760478585.982 102.938 0.09618897 1.01286e-04
1760478585.992 102.982 0.09623366 1.10231e-04
1760478586.002 103.027 0.09625229 1.23735e-04
1760478586.012 103.071 0.09629419 1.30073e-04
1760478586.022 103.115 0.09632026 1.38682e-04
1760478586.032 103.160 0.09635750 1.45316e-04
1760478586.042 103.204 0.09642361 1.46050e-04
1760478586.052 103.248 0.09649810 1.47692e-04
1760478586.062 103.293 0.09652883 1.40350e-04
1760478586.072 103.337 0.09653907 1.34176e-04
1760478586.082 103.381 0.09656422 1.23817e-04
1760478586.092 103.425 0.09660798 1.12569e-04
1760478586.102 103.469 0.09663870 1.01890e-04
1760478586.112 103.514 0.09665546 9.11706e-05
1760478586.122 103.558 0.09670295 8.20646e-05
1760478586.132 103.602 0.09674951 7.08296e-05
1760478586.142 103.646 0.09677745 6.11780e-05
1760478586.152 103.690 0.09680631 5.17596e-05
1760478586.162 103.734 0.09686125 4.22456e-05
1760478586.172 103.778 0.09688080 3.42269e-05
1760478586.182 103.822 0.09690222 2.70974e-05
1760478586.192 103.866 0.09697484 1.91992e-05
1760478586.202 103.910 0.09701395 1.23917e-05
1760478586.212 103.954 0.09702978 8.97312e-06
1760478586.222 103.998 0.09707634 5.70819e-06
1760478586.232 104.042 0.09711731 3.78676e-06
1760478586.242 104.086 0.09712103 2.61134e-06
1760478586.252 104.130 0.09716666 1.92557e-06
1760478586.262 104.174 0.09723929 1.28528e-06
1760478586.272 104.218 0.09729515 9.52436e-07
1760478586.282 104.262 0.09733240 6.93351e-07
1760478586.292 104.305 0.09738361 4.00365e-07
1760478586.302 104.349 0.09739479 2.69819e-07
1760478586.312 104.393 0.09745345 1.62001e-07
1760478586.322 104.437 0.09750466 8.23011e-08
1760478586.332 104.481 0.09754190 1.01425e-07
1760478586.380 104.524 0.09774862 5.94846e-08
1760478586.453 104.568 0.09809127 -5.01310e-09
1760478586.462 104.612 0.09809127 7.12085e-08
1760478586.472 104.655 0.09814342 -1.84590e-09
1760478586.482 104.699 0.09820860 7.24577e-08
1760478586.531 104.743 0.09832499 6.29062e-08
1760478586.582 104.786 0.09836875 6.28563e-08
1760478586.632 104.830 0.09842555 6.24163e-08
1760478586.682 104.874 0.09843580 6.22656e-08
1760478586.750 104.917 0.09851028 4.98992e-08
1760478586.800 104.961 0.09858664 5.22538e-08
1760478586.806 105.004 0.09860061 1.46407e-08
1760478586.813 105.048 0.09861736 5.04045e-08
1760478586.821 105.091 0.09861736 -5.48800e-09
1760478586.831 105.135 0.09860712 7.36980e-08
1760478586.879 105.178 0.09867510 6.20860e-08
1760478586.929 105.222 0.09870955 6.24556e-08
1760478586.936 105.265 0.09871048 -2.19420e-09
1760478586.943 105.309 0.09874027 4.34809e-08
1760478586.951 105.352 0.09874027 6.24833e-08
1760478586.981 105.395 0.09876169 2.60277e-08
1760478586.992 105.439 0.09882128 5.34141e-08
1760478587.001 105.482 0.09882128 7.19796e-08
1760478587.011 105.525 0.09883618 3.17157e-08
1760478587.021 105.569 0.09885480 3.95167e-08
1760478587.031 105.612 0.09885853 8.65524e-08
1760478587.079 105.655 0.09897586 6.66654e-08
1760478587.085 105.699 0.09903638 4.47580e-09
1760478587.092 105.742 0.09901869 2.43860e-08
1760478587.101 105.785 0.09901869 7.08853e-08
1760478587.111 105.828 0.09902707 2.22268e-08
1760478587.121 105.871 0.09908200 3.78747e-08
1760478587.131 105.915 0.09909597 6.89302e-08
1760478587.172 105.958 0.09920118 5.89892e-09
1760478587.181 106.001 0.09920118 1.28620e-08
1760478587.191 106.044 0.09922819 -3.53351e-09
1760478587.201 106.087 0.09925892 4.82097e-09
1760478587.215 106.130 0.09935576 1.49840e-09
1760478587.221 106.173 0.09935576 -3.82712e-08
1760478587.231 106.216 0.09936320 1.03285e-08
1760478587.241 106.259 0.09939766 -6.00525e-08
1760478587.309 106.302 0.09962578 -3.47990e-08
1760478587.319 106.345 0.09963696 -1.09794e-07
1760478587.325 106.388 0.09966676 -8.37431e-08
1760478587.332 106.431 0.09967793 -4.33974e-08
1760478587.341 106.474 0.09967793 -7.85139e-08
1760478587.351 106.517 0.09973473 -3.93862e-08
1760478587.361 106.560 0.09975521 -8.86631e-08
1760478587.371 106.603 0.09978966 -5.64288e-08
1760478587.381 106.646 0.09979339 -2.61316e-08
1760478587.391 106.689 0.09983436 -8.46576e-08
1760478587.401 106.732 0.09983715 -3.35128e-08
1760478587.411 106.774 0.09986416 -7.67300e-08
1760478587.421 106.817 0.09991816 -4.72592e-08
1760478587.431 106.860 0.09991537 -1.08865e-08
1760478587.441 106.903 0.09991351 -7.22079e-08
1760478587.489 106.946 0.10007180 -4.91801e-08
1760478587.541 106.988 0.10023382 -4.24270e-08
1760478587.582 107.031 0.10040514 -2.43211e-09
1760478587.591 107.074 0.10040514 -1.72980e-08
1760478587.601 107.116 0.10043960 -1.98845e-09
1760478587.616 107.159 0.10046288 9.68160e-09
1760478587.623 107.202 0.10049826 -2.49085e-08
1760478587.631 107.244 0.10049826 6.19860e-09
1760478587.641 107.287 0.10056343 -3.14767e-08
1760478587.651 107.330 0.10059044 1.64547e-08
1760478587.661 107.372 0.10061185 -2.89095e-08
1760478587.671 107.415 0.10059975 -1.50150e-09
1760478587.711 107.457 0.10066959 1.57520e-09
1760478587.721 107.500 0.10066959 5.07591e-09
1760478587.731 107.542 0.10069938 -2.74524e-09
1760478587.741 107.585 0.10071428 -9.08518e-09
1760478587.751 107.627 0.10073290 7.75493e-09
1760478587.761 107.670 0.10070404 -1.40556e-08
1760478587.771 107.712 0.10072545 3.61082e-09
1760478587.781 107.755 0.10077666 -4.27380e-10
1760478587.791 107.797 0.10080553 -9.87896e-09
1760478587.801 107.839 0.10081856 3.73711e-09
1760478587.811 107.882 0.10086977 -1.57011e-08
1760478587.821 107.924 0.10085582 6.10294e-09
1760478587.831 107.967 0.10089585 -2.87558e-09
1760478587.841 108.009 0.10096662 -1.02563e-08
1760478587.851 108.051 0.10094706 6.21296e-09
1760478587.861 108.093 0.10095917 -1.44778e-08
1760478587.871 108.136 0.10098431 5.95142e-09
1760478587.881 108.178 0.10103086 -4.13967e-09
1760478587.891 108.220 0.10106997 -1.07176e-08
1760478587.901 108.263 0.10108488 2.45012e-09
1760478587.911 108.305 0.10113516 -1.64408e-08
1760478587.921 108.347 0.10119102 2.90367e-09
1760478587.931 108.389 0.10123851 -3.14644e-09
1760478587.941 108.431 0.10128413 -1.04257e-08
1760478587.951 108.473 0.10130742 5.71336e-09
1760478587.961 108.516 0.10136049 -1.27495e-08
1760478587.971 108.558 0.10139866 9.88887e-09
1760478587.981 108.600 0.10143777 -4.31230e-09
1760478587.991 108.642 0.10146012 -5.82779e-09
1760478588.001 108.684 0.10149457 8.92037e-09
1760478588.011 108.726 0.10153275 -2.47091e-09
1760478588.024 108.768 0.10164262 1.17414e-08
1760478588.031 108.810 0.10164262 6.09435e-08
1760478588.041 108.852 0.10169662 1.95138e-08
1760478588.070 108.894 0.10181581 8.94995e-08
1760478588.094 108.936 0.10196387 2.04074e-07
1760478588.101 108.978 0.10196387 1.92582e-07
1760478588.111 109.020 0.10198621 1.75680e-07
1760478588.121 109.062 0.10203277 1.99614e-07
1760478588.131 109.104 0.10207281 2.75443e-07
1760478588.141 109.146 0.10209515 2.41559e-07
1760478588.150 109.188 0.10213146 2.76384e-07
1760478588.161 109.229 0.10216872 2.51339e-07
1760478588.170 109.271 0.10221341 2.88079e-07
1760478588.180 109.313 0.10226276 3.36156e-07
1760478588.190 109.355 0.10228976 2.42564e-07
1760478588.200 109.397 0.10231583 2.83795e-07
1760478588.210 109.438 0.10234190 2.43287e-07
1760478588.220 109.480 0.10237635 2.70396e-07
1760478588.230 109.522 0.10242105 3.00119e-07
1760478588.243 109.564 0.10247971 2.80421e-07
1760478588.250 109.605 0.10247971 2.36343e-07
1760478588.260 109.647 0.10250113 1.88901e-07
1760478588.270 109.689 0.10252720 2.04003e-07
1760478588.280 109.730 0.10254489 1.92564e-07
1760478588.290 109.772 0.10258306 1.28812e-07
1760478588.300 109.814 0.10262777 1.63932e-07
1760478588.310 109.855 0.10265849 1.13678e-07
1760478588.320 109.897 0.10265570 1.44468e-07
1760478588.330 109.939 0.10268829 1.44918e-07
1760478588.340 109.980 0.10273763 5.70349e-08
1760478588.350 110.022 0.10275160 1.03787e-07
