1760478801.350 33.801 0.03274427 5.32161e-08
1760478801.357 33.936 0.03274334 -1.39725e-08
1760478801.405 34.071 0.03271913 4.65503e-08
1760478801.455 34.205 0.03270144 4.33213e-08
1760478801.505 34.338 0.03277686 2.86572e-08
1760478801.573 34.471 0.03296588 -1.31437e-08
1760478801.623 34.603 0.03310555 -1.35132e-08
1760478801.673 34.735 0.03326477 -1.39863e-08
1760478801.723 34.867 0.03338210 -1.42107e-08
1760478801.773 34.997 0.03345565 4.17801e-08
1760478801.780 35.128 0.03349011 1.52679e-07
1760478801.790 35.258 0.03349104 2.00881e-07
1760478801.801 35.387 0.03349104 3.60986e-07
1760478801.811 35.516 0.03351339 4.02487e-07
1760478801.821 35.645 0.03351152 6.70827e-07
1760478801.831 35.773 0.03355808 9.04446e-07
1760478801.841 35.900 0.03358881 1.33268e-06
1760478801.851 36.027 0.03358695 1.94758e-06
1760478801.903 36.154 0.03370706 1.28678e-05
1760478801.911 36.280 0.03372289 1.57249e-05
1760478801.920 36.406 0.03372289 1.89202e-05
1760478801.930 36.531 0.03382718 2.27380e-05
1760478801.940 36.656 0.03382718 2.39770e-05
1760478801.950 36.781 0.03390726 2.35227e-05
1760478801.960 36.905 0.03395195 2.05007e-05
1760478801.970 37.029 0.03400503 1.18849e-05
1760478801.980 37.152 0.03406834 5.94449e-06
1760478801.990 37.275 0.03413073 1.13098e-06
1760478802.000 37.397 0.03424433 4.38476e-07
1760478802.010 37.519 0.03435141 9.51558e-08
1760478802.020 37.641 0.03445290 7.77168e-08
1760478802.086 37.762 0.03513728 5.97431e-08
1760478802.136 37.883 0.03569038 7.87082e-08
1760478802.143 38.003 0.03579094 3.86444e-08
1760478802.150 38.124 0.03579094 8.20896e-08
1760478802.160 38.243 0.03586916 8.58580e-09
1760478802.170 38.363 0.03594923 7.77012e-08
1760478802.218 38.482 0.03634776 5.52081e-08
1760478802.268 38.600 0.03652747 5.43231e-08
1760478802.318 38.718 0.03671463 5.23480e-08
1760478802.368 38.836 0.03680029 5.29426e-08
1760478802.454 38.954 0.03696324 5.03148e-08
1760478802.503 39.071 0.03707404 5.55385e-08
1760478802.553 39.188 0.03712898 5.51993e-08
1760478802.620 39.304 0.03726493 5.23619e-08
1760478802.670 39.421 0.03738970 5.14959e-08
1760478802.720 39.536 0.03744370 5.12840e-08
1760478802.770 39.652 0.03755265 5.05470e-08
1760478802.821 39.767 0.03762155 4.99187e-08
1760478802.871 39.882 0.03777891 4.93421e-08
1760478802.921 39.996 0.03784130 3.71951e-08
1760478802.992 40.110 0.03800518 1.36868e-08
1760478803.000 40.224 0.03800518 6.70672e-08
1760478803.009 40.338 0.03803311 -1.45907e-08
1760478803.019 40.451 0.03805825 6.11588e-08
1760478803.069 40.564 0.03815882 5.28587e-08
1760478803.118 40.676 0.03828545 5.38665e-08
1760478803.169 40.788 0.03838881 5.56565e-08
1760478803.218 40.900 0.03857969 6.03848e-08
1760478803.283 41.012 0.03883109 5.05568e-08
1760478803.289 41.123 0.03883109 -1.19169e-08
1760478803.338 41.234 0.03898380 3.97839e-08
1760478803.344 41.345 0.03900801 1.54838e-08
1760478803.351 41.456 0.03900708 5.76244e-08
1760478803.400 41.566 0.03906946 4.86051e-08
1760478803.450 41.676 0.03917748 4.74350e-08
1760478803.528 41.785 0.03941305 9.20350e-09
1760478803.535 41.894 0.03944192 5.52239e-08
1760478803.583 42.003 0.03960300 5.28219e-08
1760478803.590 42.112 0.03963653 -1.26688e-08
1760478803.638 42.220 0.03976968 2.77561e-08
1760478803.645 42.329 0.03976688 1.69099e-08
1760478803.651 42.436 0.03979761 5.29174e-08
1760478803.699 42.544 0.03993076 6.62143e-08
1760478803.705 42.651 0.03995870 -9.87760e-09
1760478803.753 42.758 0.04009744 4.96721e-08
1760478803.804 42.865 0.04023711 4.78319e-08
1760478803.853 42.972 0.04045406 4.55998e-08
1760478803.904 43.078 0.04063470 3.35972e-08
1760478803.954 43.184 0.04082838 3.06249e-08
1760478804.004 43.290 0.04093359 1.64698e-08
1760478804.065 43.395 0.04098853 6.61071e-08
1760478804.072 43.500 0.04104347 -8.12630e-09
1760478804.120 43.605 0.04108444 4.75335e-08
1760478804.221 43.710 0.04126415 3.86454e-08
1760478804.271 43.815 0.04138426 3.41409e-08
1760478804.321 43.919 0.04149786 2.40201e-08
1760478804.389 44.023 0.04160029 -1.15928e-08
1760478804.441 44.126 0.04168037 1.79838e-08
1760478804.449 44.230 0.04168037 7.63367e-08
1760478804.498 44.333 0.04177814 6.95173e-08
1760478804.551 44.436 0.04182748 6.08056e-08
1760478804.625 44.539 0.04197833 1.41957e-08
1760478804.631 44.641 0.04199136 7.09521e-08
1760478804.639 44.744 0.04199136 2.42352e-08
1760478804.649 44.846 0.04204630 4.48020e-08
1760478804.658 44.948 0.04207796 -1.30599e-08
1760478804.668 45.049 0.04209751 7.23052e-08
1760478804.716 45.151 0.04222973 4.67911e-08
1760478804.784 45.252 0.04241410 5.42437e-08
1760478804.834 45.353 0.04264316 5.70740e-08
1760478804.885 45.453 0.04281728 5.55039e-08
1760478804.934 45.554 0.04304727 5.67121e-08
1760478804.984 45.654 0.04313945 5.76079e-08
1760478805.034 45.754 0.04315901 6.07817e-08
1760478805.085 45.854 0.04321767 5.93068e-08
1760478805.161 45.954 0.04333872 1.22771e-08
1760478805.168 46.053 0.04333872 5.96118e-08
1760478805.216 46.152 0.04345976 4.80693e-08
1760478805.267 46.251 0.04352587 4.67125e-08
1760478805.317 46.350 0.04363109 4.92533e-08
1760478805.367 46.448 0.04376052 5.17993e-08
1760478805.417 46.547 0.04384711 5.31747e-08
1760478805.467 46.645 0.04393371 5.27607e-08
1760478805.518 46.743 0.04405383 5.99363e-08
1760478805.569 46.840 0.04417394 5.91506e-08
1760478805.618 46.938 0.04420374 5.81488e-08
1760478805.698 47.035 0.04433689 6.93840e-08
1760478805.705 47.132 0.04434806 -1.42246e-08
1760478805.754 47.229 0.04446073 3.05042e-08
1760478805.804 47.326 0.04455478 2.53350e-08
1760478805.853 47.422 0.04464230 1.81172e-08
1760478805.904 47.519 0.04472517 1.30453e-08
1760478805.954 47.615 0.04483877 1.01705e-08
1760478806.005 47.711 0.04493840 -1.17723e-08
1760478806.055 47.806 0.04506690 -8.31490e-09
1760478806.105 47.902 0.04514419 -9.01340e-09
1760478806.155 47.997 0.04522147 -9.59540e-09
1760478806.233 48.092 0.04534252 4.75200e-08
1760478806.282 48.187 0.04540583 6.46112e-08
1760478806.288 48.282 0.04542632 -9.28290e-09
1760478806.337 48.377 0.04550081 9.95640e-09
1760478806.388 48.471 0.04557995 -7.68320e-09
1760478806.437 48.565 0.04567586 4.23820e-09
1760478806.491 48.659 0.04578760 1.74079e-08
1760478806.498 48.753 0.04582391 6.19028e-08
1760478806.508 48.847 0.04582391 -1.00994e-08
1760478806.518 48.940 0.04585837 7.30505e-08
1760478806.566 49.034 0.04591889 4.84300e-08
1760478806.616 49.127 0.04609115 4.70888e-08
1760478806.666 49.220 0.04621871 4.70346e-08
1760478806.717 49.313 0.04637049 5.15986e-08
1760478806.792 49.405 0.04656416 8.92390e-09
1760478806.799 49.498 0.04662655 3.99441e-08
1760478806.849 49.590 0.04672339 4.91536e-08
1760478806.915 49.682 0.04680812 5.10916e-08
1760478806.983 49.774 0.04687609 4.75035e-08
1760478807.033 49.866 0.04695152 5.17457e-08
1760478807.101 49.957 0.04709491 5.25232e-08
1760478807.151 50.049 0.04716568 5.45414e-08
1760478807.201 50.140 0.04722434 5.42196e-08
1760478807.251 50.231 0.04727462 5.23756e-08
1760478807.330 50.322 0.04742733 7.23205e-08
1760478807.337 50.413 0.04742733 2.77059e-08
1760478807.385 50.504 0.04750740 9.66634e-08
1760478807.392 50.594 0.04750368 6.48091e-08
1760478807.399 50.684 0.04749530 1.20285e-07
1760478807.407 50.774 0.04749530 7.95429e-08
1760478807.417 50.864 0.04751858 1.82318e-07
1760478807.427 50.954 0.04755861 1.52629e-07
1760478807.437 51.044 0.04759865 2.44029e-07
1760478807.447 51.133 0.04758096 2.56729e-07
1760478807.457 51.223 0.04759307 3.00430e-07
1760478807.467 51.312 0.04761914 4.50187e-07
1760478807.477 51.401 0.04765173 5.56006e-07
1760478807.487 51.490 0.04764614 8.16369e-07
1760478807.497 51.578 0.04767873 1.03748e-06
1760478807.507 51.667 0.04770201 1.43900e-06
1760478807.517 51.755 0.04779792 2.50479e-06
1760478807.527 51.844 0.04779792 3.12018e-06
1760478807.537 51.932 0.04781002 4.58936e-06
1760478807.547 52.020 0.04783144 7.14276e-06
1760478807.557 52.107 0.04789010 1.13587e-05
1760478807.567 52.195 0.04793107 1.57399e-05
1760478807.577 52.283 0.04799532 1.96691e-05
1760478807.587 52.370 0.04808843 2.36430e-05
1760478807.597 52.457 0.04814523 2.50542e-05
1760478807.607 52.544 0.04823276 2.47880e-05
1760478807.617 52.631 0.04831283 2.03742e-05
1760478807.627 52.718 0.04838639 1.20866e-05
1760478807.637 52.805 0.04849068 6.85964e-06
1760478807.647 52.891 0.04857262 3.24072e-06
1760478807.657 52.978 0.04866015 1.11550e-06
1760478807.667 53.064 0.04873836 4.36325e-07
1760478807.677 53.150 0.04886407 1.00194e-07
1760478807.687 53.236 0.04897860 8.96032e-08
1760478807.697 53.322 0.04909871 2.08645e-08
1760478807.707 53.407 0.04918065 4.21855e-08
1760478807.717 53.493 0.04929053 7.75288e-08
1760478807.765 53.578 0.04975982 5.76821e-08
1760478807.771 53.663 0.04985852 -1.10474e-08
1760478807.820 53.749 0.05029522 3.08639e-08
1760478807.827 53.834 0.05029522 2.34440e-08
1760478807.837 53.918 0.05035667 7.00656e-08
1760478807.884 54.003 0.05067326 7.86462e-08
1760478807.932 54.088 0.05083993 5.15584e-08
1760478807.982 54.172 0.05097122 1.31305e-07
1760478807.989 54.257 0.05094981 1.50466e-07
1760478807.999 54.341 0.05097495 4.33434e-07
1760478808.007 54.425 0.05097495 5.61724e-07
1760478808.017 54.509 0.05097495 8.76260e-07
1760478808.027 54.593 0.05101964 1.20164e-06
1760478808.037 54.676 0.05100754 1.78174e-06
1760478808.047 54.760 0.05101405 2.79006e-06
1760478808.057 54.843 0.05103827 3.65727e-06
1760478808.067 54.926 0.05106341 5.03853e-06
1760478808.077 55.010 0.05107830 6.70028e-06
1760478808.087 55.093 0.05108855 8.46694e-06
1760478808.097 55.176 0.05109134 1.15023e-05
1760478808.107 55.258 0.05110810 1.47175e-05
1760478808.117 55.341 0.05113417 1.87849e-05
1760478808.127 55.424 0.05116118 2.59358e-05
1760478808.137 55.506 0.05118538 3.27282e-05
1760478808.146 55.588 0.05122356 4.43939e-05
1760478808.157 55.671 0.05126639 5.83050e-05
1760478808.167 55.753 0.05132878 7.10665e-05
1760478808.176 55.835 0.05135019 8.39002e-05
1760478808.187 55.916 0.05141165 9.20815e-05
1760478808.196 55.998 0.05147031 9.64821e-05
1760478808.206 56.080 0.05155318 9.44561e-05
1760478808.216 56.161 0.05161371 8.55789e-05
1760478808.226 56.242 0.05166492 6.43828e-05
1760478808.236 56.324 0.05175710 3.90791e-05
1760478808.246 56.405 0.05184835 2.00535e-05
1760478808.256 56.486 0.05192936 1.19204e-05
1760478808.266 56.567 0.05203086 1.09800e-05
1760478808.276 56.647 0.05212955 1.22266e-05
1760478808.286 56.728 0.05221522 1.36294e-05
1760478808.296 56.809 0.05231019 1.28501e-05
1760478808.306 56.889 0.05238841 9.53776e-06
1760478808.316 56.969 0.05249735 4.47670e-06
1760478808.326 57.049 0.05260816 1.88637e-06
1760478808.336 57.130 0.05266868 8.80389e-07
1760478808.346 57.210 0.05277576 5.58869e-07
1760478808.356 57.289 0.05288284 8.80728e-07
1760478808.366 57.369 0.05297223 1.45239e-06
1760478808.376 57.449 0.05307838 1.60069e-06
1760478808.386 57.528 0.05316311 1.51142e-06
1760478808.437 57.608 0.05363892 1.98164e-07
1760478808.446 57.687 0.05363892 1.30043e-07
1760478808.457 57.766 0.05373669 9.68275e-08
1760478808.467 57.845 0.05379908 1.36992e-07
1760478808.477 57.924 0.05387450 1.34515e-07
1760478808.486 58.003 0.05394992 2.91757e-07
1760478808.497 58.082 0.05399648 3.85666e-07
1760478808.507 58.161 0.05405700 3.86332e-07
1760478808.517 58.239 0.05412777 4.35510e-07
1760478808.527 58.318 0.05420505 3.19154e-07
1760478808.537 58.396 0.05421995 2.41849e-07
1760478808.547 58.474 0.05425999 1.75801e-07
1760478808.557 58.552 0.05431679 9.05434e-08
1760478808.567 58.630 0.05437359 1.43236e-07
1760478808.576 58.708 0.05441642 7.89035e-08
1760478808.587 58.786 0.05445832 1.19516e-07
1760478808.597 58.864 0.05448346 8.46424e-08
1760478808.607 58.941 0.05454305 1.01461e-07
1760478808.617 59.019 0.05456167 2.35665e-07
1760478808.627 59.096 0.05461848 2.09580e-07
1760478808.636 59.174 0.05469204 2.87994e-07
1760478808.646 59.251 0.05475163 2.46468e-07
1760478808.657 59.328 0.05477770 2.30837e-07
1760478808.666 59.405 0.05481402 2.72217e-07
1760478808.676 59.482 0.05487547 1.77000e-07
1760478808.687 59.559 0.05493786 1.86009e-07
1760478808.696 59.635 0.05497789 1.21312e-07
1760478808.706 59.712 0.05502445 1.22405e-07
1760478808.716 59.788 0.05508218 1.51826e-07
1760478808.726 59.865 0.05514922 9.18612e-08
1760478808.736 59.941 0.05522278 4.69694e-07
1760478808.746 60.017 0.05530379 1.23000e-06
1760478808.756 60.094 0.05536338 6.18159e-06
1760478808.766 60.170 0.05546767 1.17433e-05
1760478808.776 60.245 0.05555148 3.71685e-05
1760478808.786 60.321 0.05563993 8.18826e-05
1760478808.796 60.397 0.05572653 1.48655e-04
1760478808.806 60.473 0.05581312 1.94476e-04
1760478808.816 60.548 0.05589227 2.05290e-04
1760478808.826 60.624 0.05597328 1.77728e-04
1760478808.836 60.699 0.05606825 1.08647e-04
1760478808.846 60.774 0.05614368 4.62665e-05
1760478808.856 60.850 0.05624517 2.04686e-05
1760478808.866 60.925 0.05631314 8.42787e-06
1760478808.876 61.000 0.05638298 4.83809e-06
1760478808.886 61.075 0.05644163 2.21575e-06
1760478808.896 61.149 0.05655151 6.13055e-07
1760478808.906 61.224 0.05663345 1.36552e-07
1760478808.916 61.299 0.05670608 9.03977e-08
1760478808.926 61.373 0.05678895 9.65202e-08
1760478808.936 61.448 0.05685971 6.77857e-07
1760478808.966 61.522 0.05714371 1.25370e-06
1760478808.995 61.596 0.05723776 2.45735e-05
1760478809.001 61.670 0.05731691 2.41698e-05
1760478809.007 61.745 0.05740536 2.23140e-05
1760478809.016 61.819 0.05740536 1.83912e-05
1760478809.026 61.892 0.05748916 9.65911e-06
1760478809.036 61.966 0.05752548 5.45152e-06
1760478809.046 62.040 0.05759531 3.16473e-06
1760478809.056 62.114 0.05765118 2.13781e-06
1760478809.066 62.187 0.05769029 1.73972e-06
1760478809.076 62.261 0.05772846 1.46806e-06
1760478809.086 62.334 0.05780389 1.25136e-06
1760478809.096 62.407 0.05784392 9.89673e-07
1760478809.106 62.481 0.05788210 6.80843e-07
1760478809.116 62.554 0.05796590 4.45416e-07
1760478809.126 62.627 0.05799384 2.54405e-07
1760478809.136 62.700 0.05805343 2.50665e-07
1760478809.146 62.773 0.05812606 2.58064e-07
1760478809.156 62.845 0.05818844 3.09362e-07
1760478809.166 62.918 0.05823035 4.52847e-07
1760478809.176 62.991 0.05825176 4.19362e-07
1760478809.186 63.063 0.05829273 4.82302e-07
1760478809.196 63.136 0.05834953 4.41449e-07
1760478809.206 63.208 0.05839888 4.27257e-07
1760478809.216 63.280 0.05846592 3.89701e-07
1760478809.226 63.353 0.05853111 2.20046e-07
1760478809.236 63.425 0.05858045 1.92815e-07
1760478809.246 63.497 0.05863819 1.90513e-07
1760478809.256 63.569 0.05871640 1.71705e-07
1760478809.266 63.640 0.05879275 3.02538e-07
1760478809.276 63.712 0.05884676 3.40521e-07
1760478809.286 63.784 0.05893708 7.14519e-07
1760478809.296 63.856 0.05895570 1.57326e-06
1760478809.306 63.927 0.05905347 3.21970e-06
1760478809.316 63.999 0.05913075 3.98380e-06
1760478809.326 64.070 0.05920152 4.23885e-06
1760478809.336 64.141 0.05928625 4.18877e-06
1760478809.346 64.213 0.05937005 3.55286e-06
1760478809.356 64.284 0.05946410 2.10834e-06
1760478809.366 64.355 0.05956559 9.30157e-07
1760478809.376 64.426 0.05959260 5.51824e-07
1760478809.386 64.497 0.05966523 4.35489e-07
1760478809.396 64.568 0.05974717 5.01796e-07
1760478809.406 64.638 0.05981420 8.84575e-07
1760478809.416 64.709 0.05989056 1.26408e-06
1760478809.426 64.780 0.05996412 1.32176e-06
1760478809.436 64.850 0.06004047 1.30542e-06
1760478809.446 64.921 0.06011869 1.08740e-06
1760478809.456 64.991 0.06018666 7.16132e-07
1760478809.466 65.061 0.06025184 4.19900e-07
1760478809.476 65.132 0.06033843 2.51691e-07
1760478809.486 65.202 0.06038871 2.69430e-07
1760478809.516 65.272 0.06056191 2.21158e-07
1760478809.526 65.342 0.06065875 1.10756e-06
1760478809.536 65.412 0.06070623 2.95728e-06
1760478809.542 65.482 0.06074069 4.93492e-06
1760478809.549 65.551 0.06079935 8.27279e-06
1760478809.556 65.621 0.06079935 1.34688e-05
1760478809.566 65.691 0.06089246 2.97914e-05
1760478809.576 65.760 0.06096043 4.82156e-05
1760478809.586 65.830 0.06102189 7.78926e-05
1760478809.596 65.899 0.06105354 1.01572e-04
1760478809.606 65.968 0.06112897 1.13080e-04
1760478809.616 66.038 0.06120625 1.11039e-04
1760478809.626 66.107 0.06127888 9.86269e-05
1760478809.636 66.176 0.06132637 7.42341e-05
1760478809.646 66.245 0.06136734 4.47411e-05
1760478809.656 66.314 0.06140924 2.17322e-05
1760478809.666 66.383 0.06149769 9.94092e-06
1760478809.676 66.452 0.06155915 5.98712e-06
1760478809.686 66.521 0.06156474 3.66288e-06
1760478809.696 66.589 0.06162713 2.28760e-06
1760478809.706 66.658 0.06168392 1.31465e-06
1760478809.716 66.726 0.06175469 9.45738e-07
1760478809.726 66.795 0.06181521 4.86502e-07
1760478809.736 66.863 0.06186736 2.91770e-07
1760478809.746 66.932 0.06192788 1.94438e-07
1760478809.756 67.000 0.06199213 1.85578e-07
1760478809.766 67.068 0.06207779 2.88244e-07
1760478809.776 67.136 0.06210666 3.01358e-07
1760478809.786 67.204 0.06217743 5.94913e-07
1760478809.796 67.272 0.06226122 8.95817e-07
1760478809.806 67.340 0.06232268 1.15830e-06
1760478809.816 67.408 0.06235899 1.29598e-06
1760478809.826 67.476 0.06244652 1.23206e-06
1760478809.836 67.544 0.06254615 1.19092e-06
1760478809.846 67.611 0.06262810 8.88992e-07
1760478809.856 67.679 0.06269141 5.13062e-07
1760478809.866 67.746 0.06275194 3.93644e-07
1760478809.876 67.814 0.06282642 2.59819e-07
1760478809.886 67.881 0.06287857 2.66105e-07
1760478809.896 67.949 0.06293723 2.32194e-07
1760478809.906 68.016 0.06301731 2.87311e-07
1760478809.916 68.083 0.06306294 4.60480e-07
1760478809.926 68.150 0.06310949 6.20196e-07
1760478809.935 68.217 0.06318957 8.44409e-07
1760478809.945 68.284 0.06329292 8.68076e-07
1760478809.955 68.351 0.06334786 8.54080e-07
1760478809.965 68.418 0.06341118 8.56652e-07
1760478809.975 68.485 0.06344563 7.53126e-07
1760478809.985 68.551 0.06352012 8.22297e-07
1760478809.995 68.618 0.06363465 1.12034e-06
1760478810.005 68.685 0.06367189 1.96230e-06
1760478810.015 68.751 0.06372497 4.67271e-06
1760478810.025 68.818 0.06377153 7.50811e-06
1760478810.072 68.884 0.06411605 1.62820e-05
1760478810.084 68.950 0.06416260 1.17048e-05
1760478810.104 69.017 0.06426037 3.22334e-06
1760478810.110 69.083 0.06434417 2.18956e-06
1760478810.119 69.149 0.06437490 1.49228e-06
1760478810.125 69.215 0.06437490 1.05684e-06
1760478810.135 69.281 0.06443822 8.32872e-07
1760478810.145 69.347 0.06448757 5.43790e-07
1760478810.155 69.413 0.06455368 4.24504e-07
1760478810.165 69.479 0.06462445 3.96577e-07
1760478810.175 69.545 0.06468590 3.09756e-07
1760478810.185 69.610 0.06474270 3.75201e-07
1760478810.195 69.676 0.06475387 3.82033e-07
1760478810.205 69.741 0.06480322 4.63207e-07
1760478810.215 69.807 0.06486189 5.79224e-07
1760478810.225 69.872 0.06491216 6.46833e-07
1760478810.235 69.938 0.06492334 8.52320e-07
1760478810.245 70.003 0.06496059 9.83363e-07
1760478810.255 70.068 0.06501738 1.04488e-06
1760478810.265 70.134 0.06504160 1.06994e-06
1760478810.275 70.199 0.06509839 9.54834e-07
1760478810.285 70.264 0.06514495 9.31265e-07
1760478810.295 70.329 0.06518406 8.52360e-07
1760478810.305 70.394 0.06524458 7.94964e-07
1760478810.315 70.459 0.06529673 7.03127e-07
1760478810.325 70.524 0.06533862 5.04327e-07
1760478810.335 70.588 0.06539077 5.45975e-07
1760478810.345 70.653 0.06544570 6.23289e-07
1760478810.355 70.718 0.06549413 7.45330e-07
1760478810.365 70.783 0.06552020 8.13395e-07
1760478810.375 70.847 0.06557699 7.28535e-07
1760478810.385 70.912 0.06568221 7.40418e-07
1760478810.395 70.976 0.06573063 6.57857e-07
1760478810.405 71.040 0.06576881 5.67625e-07
1760478810.415 71.105 0.06586844 4.03554e-07
1760478810.425 71.169 0.06590755 1.38155e-07
1760478810.435 71.233 0.06597273 1.33163e-07
1760478810.445 71.297 0.06604536 9.38066e-08
1760478810.455 71.361 0.06611985 1.40483e-07
1760478810.465 71.425 0.06620644 1.72468e-07
1760478810.475 71.489 0.06626883 1.12476e-07
1760478810.485 71.553 0.06635822 1.64525e-07
1760478810.495 71.617 0.06639267 1.25652e-07
1760478810.505 71.681 0.06646436 1.46186e-07
1760478810.515 71.745 0.06653886 1.58076e-07
1760478810.525 71.808 0.06663663 8.23235e-08
1760478810.535 71.872 0.06668970 1.41377e-07
1760478810.545 71.936 0.06672415 1.46941e-07
1760478810.555 71.999 0.06681168 1.86195e-07
1760478810.565 72.063 0.06688896 2.95945e-07
1760478810.575 72.126 0.06695880 2.38245e-07
1760478810.605 72.189 0.06717203 2.72609e-07
1760478810.628 72.253 0.06729028 2.50121e-07
1760478810.635 72.316 0.06729028 2.01882e-07
1760478810.646 72.379 0.06734429 1.94901e-07
1760478810.656 72.442 0.06744019 1.79390e-07
1760478810.665 72.505 0.06750351 2.73275e-07
1760478810.675 72.568 0.06753796 2.29578e-07
1760478810.685 72.631 0.06760966 3.00007e-07
1760478810.695 72.694 0.06766739 4.00829e-07
1760478810.705 72.757 0.06769440 6.95282e-07
1760478810.715 72.820 0.06774375 1.19673e-06
1760478810.725 72.883 0.06778471 1.77325e-06
1760478810.735 72.945 0.06781451 3.45852e-06
1760478810.745 73.008 0.06785176 5.04682e-06
1760478810.755 73.071 0.06791973 8.46734e-06
1760478810.765 73.133 0.06795046 1.39894e-05
1760478810.775 73.196 0.06800074 2.77840e-05
1760478810.785 73.258 0.06805754 3.81388e-05
1760478810.795 73.321 0.06810782 5.86205e-05
1760478810.805 73.383 0.06817579 8.18228e-05
1760478810.815 73.445 0.06821117 9.86687e-05
1760478810.825 73.507 0.06823352 1.08075e-04
1760478810.835 73.569 0.06827356 1.14599e-04
1760478810.845 73.632 0.06831453 1.14980e-04
1760478810.855 73.694 0.06836016 1.13241e-04
1760478810.865 73.756 0.06838437 1.04891e-04
1760478810.875 73.818 0.06844303 8.80855e-05
1760478810.885 73.880 0.06849890 6.70968e-05
1760478810.895 73.941 0.06855662 4.38342e-05
1760478810.905 74.003 0.06858829 2.72739e-05
1760478810.915 74.065 0.06864415 1.67387e-05
1760478810.925 74.127 0.06872516 1.15130e-05
1760478810.935 74.188 0.06882479 7.56795e-06
1760478810.945 74.250 0.06886669 4.55603e-06
1760478810.955 74.311 0.06890673 2.64977e-06
1760478810.965 74.373 0.06898122 1.42299e-06
1760478810.975 74.434 0.06903709 7.62542e-07
1760478810.985 74.496 0.06913021 3.63996e-07
1760478810.995 74.557 0.06915069 1.57449e-07
1760478811.005 74.618 0.06921214 1.29553e-07
1760478811.015 74.680 0.06932109 1.42460e-07
1760478811.025 74.741 0.06940116 5.62845e-08
1760478811.035 74.802 0.06947193 1.04267e-07
1760478811.045 74.863 0.06951942 6.61204e-08
1760478811.055 74.924 0.06954736 1.04751e-07
1760478811.065 74.985 0.06962743 1.20073e-07
1760478811.075 75.046 0.06967771 5.59973e-08
1760478811.085 75.107 0.06971868 1.16275e-07
1760478811.095 75.168 0.06980528 7.59824e-08
1760478811.105 75.229 0.06986394 1.18873e-07
1760478811.115 75.289 0.06991701 1.26458e-07
1760478811.125 75.350 0.06997847 4.56971e-08
1760478811.155 75.411 0.07018145 8.72739e-08
1760478811.166 75.471 0.07028947 9.86799e-08
1760478811.175 75.532 0.07028947 5.79450e-08
1760478811.185 75.592 0.07035279 1.03866e-07
1760478811.195 75.653 0.07038444 6.39628e-08
1760478811.205 75.713 0.07043938 9.83343e-08
1760478811.215 75.774 0.07049897 1.03625e-07
1760478811.225 75.834 0.07053435 2.60544e-08
1760478811.235 75.894 0.07058929 7.27673e-08
1760478811.245 75.954 0.07067123 6.50355e-08
1760478811.255 76.014 0.07070103 7.37514e-08
1760478811.265 76.075 0.07072989 8.66193e-08
1760478811.315 76.135 0.07102786 1.33612e-07
1760478811.325 76.195 0.07102786 1.01372e-07
1760478811.335 76.255 0.07107907 1.60134e-07
1760478811.345 76.315 0.07110514 1.69791e-07
1760478811.355 76.374 0.07115821 1.84694e-07
1760478811.365 76.434 0.07119732 2.84296e-07
1760478811.375 76.494 0.07124760 2.40434e-07
1760478811.385 76.554 0.07129230 2.72810e-07
1760478811.395 76.614 0.07135189 2.27380e-07
1760478811.405 76.673 0.07139938 2.38015e-07
1760478811.415 76.733 0.07143663 2.68395e-07
1760478811.425 76.792 0.07147666 1.71903e-07
1760478811.435 76.852 0.07150925 1.94411e-07
1760478811.445 76.911 0.07156698 2.00023e-07
1760478811.455 76.971 0.07162099 1.58441e-07
1760478811.465 77.030 0.07164240 1.85823e-07
1760478811.475 77.089 0.07167872 1.41580e-07
1760478811.485 77.149 0.07171131 2.46457e-07
1760478811.495 77.208 0.07177649 2.41646e-07
1760478811.505 77.267 0.07178673 3.12820e-07
1760478811.515 77.326 0.07180722 3.68834e-07
1760478811.525 77.385 0.07189102 2.97060e-07
1760478811.535 77.444 0.07192081 3.54144e-07
1760478811.545 77.503 0.07193292 3.22340e-07
1760478811.555 77.562 0.07200927 3.54697e-07
1760478811.565 77.621 0.07205769 3.80197e-07
1760478811.575 77.680 0.07209215 2.86381e-07
1760478811.585 77.739 0.07211263 3.18186e-07
1760478811.595 77.798 0.07218712 2.71391e-07
1760478811.605 77.857 0.07225323 3.13948e-07
1760478811.615 77.915 0.07232213 3.58418e-07
1760478811.625 77.974 0.07241059 2.82321e-07
1760478811.635 78.033 0.07246273 3.25515e-07
1760478811.645 78.091 0.07250836 2.88235e-07
1760478811.655 78.150 0.07256423 3.03143e-07
1760478811.665 78.208 0.07261730 3.16724e-07
1760478811.716 78.267 0.07298231 1.24455e-07
1760478811.725 78.325 0.07298231 9.33089e-08
1760478811.735 78.383 0.07305214 1.62235e-07
1760478811.745 78.442 0.07310801 1.70210e-07
1760478811.755 78.500 0.07319181 3.36088e-07
1760478811.765 78.558 0.07325234 5.30107e-07
1760478811.775 78.616 0.07329517 8.16664e-07
1760478811.785 78.674 0.07331845 1.33331e-06
1760478811.795 78.732 0.07337524 2.03055e-06
1760478811.805 78.790 0.07345253 3.74124e-06
1760478811.815 78.848 0.07349257 5.90081e-06
1760478811.825 78.906 0.07355216 9.27059e-06
1760478811.834 78.964 0.07361361 1.30332e-05
1760478811.844 79.022 0.07365179 1.67408e-05
1760478811.854 79.080 0.07367786 1.94000e-05
1760478811.864 79.138 0.07370021 2.07797e-05
1760478811.874 79.196 0.07374677 2.13257e-05
1760478811.884 79.253 0.07376912 2.13204e-05
1760478811.894 79.311 0.07381102 2.09909e-05
1760478811.904 79.369 0.07383709 1.98978e-05
1760478811.914 79.426 0.07385571 1.81517e-05
1760478811.924 79.484 0.07389016 1.63286e-05
1760478811.934 79.541 0.07395813 1.37012e-05
1760478811.944 79.599 0.07398142 1.08959e-05
1760478811.954 79.656 0.07405590 8.20924e-06
1760478811.964 79.713 0.07408570 6.27308e-06
1760478811.974 79.771 0.07412108 4.72050e-06
1760478811.984 79.828 0.07416485 3.66728e-06
1760478811.994 79.885 0.07421885 2.87126e-06
1760478812.004 79.943 0.07427286 2.28964e-06
1760478812.014 80.000 0.07431290 1.79663e-06
1760478812.024 80.057 0.07434921 1.30780e-06
1760478812.034 80.114 0.07437435 8.97259e-07
1760478812.044 80.171 0.07445164 5.06161e-07
1760478812.054 80.228 0.07451496 3.23143e-07
1760478812.064 80.285 0.07455220 1.85624e-07
1760478812.074 80.342 0.07463787 8.21731e-08
1760478812.084 80.399 0.07471235 1.11635e-07
1760478812.094 80.456 0.07474308 7.05224e-08
1760478812.104 80.512 0.07483526 1.09638e-07
1760478812.114 80.569 0.07490975 1.10085e-07
1760478812.124 80.626 0.07493862 3.92672e-08
1760478812.134 80.683 0.07500566 8.54416e-08
1760478812.144 80.739 0.07505129 4.21710e-08
1760478812.154 80.796 0.07511647 7.17038e-08
1760478812.164 80.852 0.07515744 7.02718e-08
1760478812.211 80.909 0.07547123 6.79029e-08
1760478812.217 80.965 0.07552524 3.98103e-08
1760478812.269 81.022 0.07579713 3.91411e-08
1760478812.317 81.078 0.07598615 9.18107e-08
1760478812.325 81.135 0.07598615 7.31610e-08
1760478812.334 81.191 0.07606716 1.47538e-07
1760478812.344 81.247 0.07606809 1.79347e-07
1760478812.354 81.303 0.07610906 2.03800e-07
1760478812.364 81.360 0.07613513 3.19001e-07
1760478812.374 81.416 0.07617051 2.58421e-07
1760478812.384 81.472 0.07619193 3.21263e-07
1760478812.394 81.528 0.07621893 2.93283e-07
1760478812.404 81.584 0.07625431 3.45566e-07
1760478812.414 81.640 0.07625617 3.78200e-07
1760478812.424 81.696 0.07625338 2.93654e-07
1760478812.434 81.752 0.07627386 3.29863e-07
1760478812.444 81.808 0.07627946 2.85312e-07
1760478812.454 81.864 0.07627200 3.14871e-07
1760478812.464 81.920 0.07634184 3.33243e-07
1760478812.474 81.975 0.07635115 2.34003e-07
1760478812.484 82.031 0.07637908 2.62955e-07
1760478812.494 82.087 0.07638561 2.04952e-07
1760478812.504 82.143 0.07638374 2.25478e-07
1760478812.514 82.198 0.07642564 2.00498e-07
1760478812.524 82.254 0.07644520 1.24773e-07
1760478812.534 82.309 0.07648616 1.65225e-07
1760478812.544 82.365 0.07652248 1.07450e-07
1760478812.554 82.420 0.07655041 1.28557e-07
1760478812.564 82.476 0.07660256 1.25326e-07
1760478812.574 82.531 0.07664073 4.33106e-08
1760478812.584 82.587 0.07668822 9.90338e-08
1760478812.594 82.642 0.07675992 5.06181e-08
1760478812.604 82.697 0.07684931 8.75372e-08
1760478812.614 82.752 0.07686793 9.40760e-08
1760478812.624 82.808 0.07694335 1.94269e-08
1760478812.668 82.863 0.07721617 1.25505e-08
1760478812.717 82.918 0.07757838 6.53111e-08
1760478812.724 82.973 0.07764170 2.03019e-08
1760478812.734 83.028 0.07764170 6.96513e-08
1760478812.744 83.083 0.07769105 2.98437e-08
1760478812.754 83.138 0.07774413 7.03220e-09
1760478812.764 83.193 0.07779999 8.94024e-08
1760478812.774 83.248 0.07784562 3.38654e-08
1760478812.815 83.303 0.07800298 7.20612e-07
1760478812.824 83.358 0.07800298 8.91518e-07
1760478812.834 83.413 0.07804954 1.30636e-06
1760478812.844 83.468 0.07807003 1.68393e-06
1760478812.854 83.522 0.07808399 2.36451e-06
1760478812.864 83.577 0.07812310 2.84313e-06
1760478812.874 83.632 0.07812310 3.45176e-06
1760478812.884 83.686 0.07810820 4.26796e-06
1760478812.894 83.741 0.07813055 5.12671e-06
1760478812.904 83.796 0.07814731 6.12834e-06
1760478812.914 83.850 0.07817431 7.41818e-06
1760478812.924 83.905 0.07819852 8.61884e-06
1760478812.934 83.959 0.07823018 1.06213e-05
1760478812.944 84.014 0.07823297 1.28512e-05
1760478812.954 84.068 0.07825346 1.54336e-05
1760478812.964 84.122 0.07830002 2.03940e-05
1760478812.974 84.177 0.07834657 2.67892e-05
1760478812.984 84.231 0.07839313 3.33804e-05
1760478812.994 84.285 0.07843317 4.16018e-05
1760478813.004 84.339 0.07844620 5.21521e-05
1760478813.014 84.394 0.07849276 6.30692e-05
1760478813.024 84.448 0.07852256 7.49546e-05
1760478813.034 84.502 0.07856166 8.73719e-05
1760478813.044 84.556 0.07860636 9.87440e-05
1760478813.054 84.610 0.07866223 1.09578e-04
1760478813.064 84.664 0.07873020 1.17070e-04
1760478813.074 84.718 0.07877676 1.22267e-04
1760478813.084 84.772 0.07879165 1.22490e-04
1760478813.094 84.826 0.07887639 1.17747e-04
1760478813.104 84.880 0.07896764 1.09965e-04
1760478813.114 84.934 0.07899092 9.88931e-05
1760478813.124 84.987 0.07903282 8.27673e-05
1760478813.134 85.041 0.07910545 6.58847e-05
1760478813.144 85.095 0.07917249 4.72753e-05
1760478813.154 85.149 0.07922929 3.16957e-05
1760478813.164 85.202 0.07928609 2.22795e-05
1760478813.174 85.256 0.07935686 1.51456e-05
1760478813.184 85.309 0.07939689 1.17402e-05
1760478813.194 85.363 0.07946393 8.15649e-06
1760478813.204 85.417 0.07952353 5.31715e-06
1760478813.214 85.470 0.07958312 2.85046e-06
1760478813.224 85.524 0.07962688 1.23799e-06
1760478813.234 85.577 0.07971907 6.82518e-07
1760478813.244 85.630 0.07974327 1.99855e-07
1760478813.254 85.684 0.07977307 3.25055e-08
1760478813.264 85.737 0.07983359 6.08778e-08
1760478813.311 85.790 0.08007569 7.40466e-08
1760478813.318 85.844 0.08014180 3.82378e-08
1760478813.360 85.897 0.08033547 5.87805e-08
1760478813.368 85.950 0.08039041 1.89070e-08
1760478813.417 86.003 0.08056174 5.58867e-08
1760478813.424 86.056 0.08056174 1.25413e-08
1760478813.434 86.110 0.08061202 4.91713e-08
1760478813.484 86.163 0.08075169 4.27719e-08
1760478813.494 86.216 0.08075169 1.26876e-08
1760478813.504 86.269 0.08076659 6.26661e-08
1760478813.514 86.322 0.08083643 7.69315e-08
1760478813.562 86.375 0.08090253 1.01041e-07
1760478813.569 86.428 0.08091930 2.93190e-08
1760478813.575 86.480 0.08094816 4.31722e-08
1760478813.584 86.533 0.08094816 8.59501e-08
1760478813.594 86.586 0.08093513 3.73950e-08
1760478813.604 86.639 0.08096585 6.50432e-08
1760478813.614 86.692 0.08098913 1.03030e-07
1760478813.663 86.744 0.08107666 7.56230e-08
1760478813.670 86.797 0.08113067 3.64660e-09
1760478813.676 86.850 0.08115581 5.12308e-08
1760478813.683 86.902 0.08115581 6.75699e-08
1760478813.693 86.955 0.08116139 1.89750e-08
1760478813.703 87.007 0.08116698 6.27454e-08
1760478813.713 87.060 0.08118653 5.13303e-08
1760478813.723 87.112 0.08122564 -3.63200e-09
1760478813.733 87.165 0.08126382 6.07470e-08
1760478813.743 87.217 0.08130572 2.54036e-08
1760478813.753 87.270 0.08135321 6.63578e-08
1760478813.763 87.322 0.08140069 5.67702e-08
1760478813.773 87.374 0.08142118 8.12430e-09
1760478813.783 87.427 0.08146308 6.90051e-08
1760478813.793 87.479 0.08153664 3.18857e-08
1760478813.803 87.531 0.08157016 7.84301e-08
1760478813.813 87.584 0.08159344 6.26992e-08
1760478813.823 87.636 0.08161951 1.18004e-08
1760478813.833 87.688 0.08165582 7.07786e-08
1760478813.843 87.740 0.08170145 3.40988e-08
1760478813.853 87.792 0.08174428 6.93843e-08
1760478813.863 87.844 0.08178339 5.39652e-08
1760478813.951 87.896 0.08221450 3.45219e-08
1760478813.957 87.948 0.08228993 1.76123e-08
1760478813.963 88.000 0.08228993 5.57562e-08
1760478814.011 88.052 0.08251340 7.98861e-08
1760478814.017 88.104 0.08253761 3.58755e-08
1760478814.023 88.156 0.08253761 2.05504e-08
1760478814.033 88.208 0.08258044 6.06795e-08
1760478814.043 88.259 0.08264655 3.47918e-08
1760478814.053 88.311 0.08266238 7.66355e-08
1760478814.063 88.363 0.08267076 7.53066e-08
1760478814.073 88.415 0.08270614 3.22674e-08
1760478814.083 88.466 0.08275828 1.09035e-07
1760478814.093 88.518 0.08273780 8.31512e-08
1760478814.103 88.570 0.08276946 1.46736e-07
1760478814.113 88.621 0.08277970 1.64013e-07
1760478814.123 88.673 0.08279274 1.29243e-07
1760478814.133 88.724 0.08282440 2.32678e-07
1760478814.143 88.776 0.08283278 2.10699e-07
1760478814.153 88.827 0.08285326 2.76334e-07
1760478814.163 88.879 0.08286257 3.28420e-07
1760478814.173 88.930 0.08290541 2.87805e-07
1760478814.183 88.982 0.08291751 3.87798e-07
1760478814.193 89.033 0.08292868 4.18431e-07
1760478814.203 89.084 0.08294451 5.52496e-07
1760478814.213 89.136 0.08298827 7.02008e-07
1760478814.223 89.187 0.08298827 7.64936e-07
1760478814.233 89.238 0.08303577 1.08133e-06
1760478814.243 89.289 0.08309070 1.38669e-06
1760478814.253 89.341 0.08311864 1.80576e-06
1760478814.263 89.392 0.08318940 2.42743e-06
1760478814.273 89.443 0.08323689 2.79451e-06
1760478814.283 89.494 0.08328996 3.37655e-06
1760478814.293 89.545 0.08333745 3.89402e-06
1760478814.303 89.596 0.08337190 4.63963e-06
1760478814.313 89.647 0.08343429 5.24849e-06
1760478814.323 89.698 0.08351064 5.58687e-06
1760478814.333 89.749 0.08356558 5.80002e-06
1760478814.343 89.800 0.08361027 5.72270e-06
1760478814.353 89.851 0.08363728 5.60654e-06
1760478814.363 89.902 0.08372946 5.28142e-06
1760478814.373 89.953 0.08377694 4.60636e-06
1760478814.383 90.003 0.08383375 3.92234e-06
1760478814.393 90.054 0.08391569 3.11150e-06
1760478814.403 90.105 0.08396131 2.37316e-06
1760478814.413 90.156 0.08403115 1.61522e-06
1760478814.423 90.206 0.08407491 1.14120e-06
1760478814.433 90.257 0.08411030 8.48125e-07
1760478814.443 90.308 0.08417920 6.04550e-07
1760478814.453 90.358 0.08422110 4.97331e-07
1760478814.506 90.409 0.08451906 4.51680e-08
1760478814.513 90.459 0.08451906 8.43323e-08
1760478814.562 90.510 0.08471274 6.86155e-08
1760478814.569 90.560 0.08477046 -8.89100e-10
1760478814.577 90.611 0.08481796 8.02395e-08
1760478814.584 90.661 0.08483099 3.68841e-08
1760478814.593 90.712 0.08483099 1.52435e-08
1760478814.603 90.762 0.08485054 6.38397e-08
1760478814.613 90.812 0.08492317 4.30095e-08
1760478814.623 90.863 0.08495483 7.48400e-10
1760478814.633 90.913 0.08499860 6.56980e-08
1760478814.643 90.963 0.08500698 2.54073e-08
1760478814.653 91.014 0.08503584 6.38100e-08
1760478814.663 91.064 0.08505260 4.31303e-08
1760478814.673 91.114 0.08507402 1.04530e-09
1760478814.683 91.164 0.08512430 6.62092e-08
1760478814.693 91.214 0.08511406 1.84436e-08
1760478814.703 91.264 0.08511778 6.47721e-08
1760478814.713 91.314 0.08514199 4.31657e-08
1760478814.723 91.365 0.08518575 8.46700e-10
1760478814.733 91.415 0.08522486 6.56695e-08
1760478814.743 91.465 0.08525466 2.68879e-08
1760478814.753 91.515 0.08524814 6.31169e-08
1760478814.763 91.564 0.08527235 4.37331e-08
1760478814.773 91.614 0.08533846 1.77690e-09
1760478814.783 91.664 0.08537664 6.30209e-08
1760478814.793 91.714 0.08541015 2.35129e-08
1760478814.803 91.764 0.08545485 6.76003e-08
1760478814.813 91.814 0.08550886 5.14997e-08
1760478814.823 91.864 0.08553866 8.72810e-09
1760478814.833 91.913 0.08557683 7.20016e-08
1760478814.843 91.963 0.08562711 3.77498e-08
1760478814.853 92.013 0.08565691 7.49511e-08
1760478814.863 92.062 0.08567739 6.18464e-08
1760478814.873 92.112 0.08576585 1.82500e-08
1760478814.883 92.162 0.08583010 8.13821e-08
1760478814.893 92.211 0.08587852 3.90490e-08
1760478814.903 92.261 0.08591297 8.02786e-08
1760478814.913 92.310 0.08597908 6.23984e-08
1760478814.923 92.360 0.08601446 1.43213e-08
1760478814.933 92.409 0.08608616 7.18053e-08
1760478814.943 92.459 0.08615413 3.45218e-08
1760478814.953 92.508 0.08618393 6.63388e-08
1760478814.963 92.558 0.08626587 5.23356e-08
1760478814.973 92.607 0.08633850 -2.39760e-09
1760478814.983 92.656 0.08639157 5.81415e-08
1760478815.058 92.706 0.08675472 4.66551e-08
1760478815.064 92.755 0.08681524 9.68392e-08
1760478815.073 92.804 0.08681524 5.32614e-08
1760478815.083 92.854 0.08686180 9.32255e-08
1760478815.093 92.903 0.08690556 6.04642e-08
1760478815.103 92.952 0.08695770 1.08548e-07
1760478815.113 93.001 0.08699402 1.25383e-07
1760478815.123 93.050 0.08700240 5.82247e-08
1760478815.133 93.099 0.08705361 1.17434e-07
1760478815.143 93.148 0.08706571 7.03417e-08
1760478815.153 93.198 0.08708806 9.99240e-08
1760478815.163 93.247 0.08712065 7.97475e-08
1760478815.173 93.296 0.08716907 2.88336e-08
1760478815.183 93.345 0.08719701 8.88633e-08
1760478815.193 93.394 0.08722028 4.15418e-08
1760478815.203 93.443 0.08725194 8.05059e-08
1760478815.213 93.491 0.08725939 5.61519e-08
1760478815.223 93.540 0.08726218 7.84260e-09
1760478815.232 93.589 0.08730129 7.36565e-08
1760478815.243 93.638 0.08734319 3.03098e-08
1760478815.253 93.687 0.08736461 6.76738e-08
1760478815.262 93.736 0.08735902 4.56903e-08
1760478815.272 93.784 0.08740371 -4.83610e-09
1760478815.283 93.833 0.08742886 6.33040e-08
1760478815.292 93.882 0.08746331 1.86329e-08
1760478815.302 93.930 0.08752290 6.67400e-08
1760478815.312 93.979 0.08758063 4.47303e-08
1760478815.322 94.028 0.08761043 1.35080e-09
1760478815.332 94.076 0.08764767 7.59541e-08
1760478815.342 94.125 0.08766257 3.52889e-08
1760478815.352 94.174 0.08771751 8.08314e-08
1760478815.362 94.222 0.08775382 6.09594e-08
1760478815.372 94.271 0.08779665 1.71255e-08
1760478815.382 94.319 0.08783669 8.93460e-08
1760478815.392 94.367 0.08791305 4.74330e-08
1760478815.402 94.416 0.08796892 9.57276e-08
1760478815.412 94.464 0.08801547 7.19450e-08
1760478815.422 94.513 0.08805551 2.86484e-08
1760478815.432 94.561 0.08812348 9.58819e-08
1760478815.442 94.609 0.08818401 5.25143e-08
1760478815.452 94.658 0.08822405 9.15483e-08
1760478815.462 94.706 0.08830506 6.11426e-08
1760478815.472 94.754 0.08836930 1.39012e-08
1760478815.482 94.803 0.08840654 7.85855e-08
1760478815.492 94.851 0.08844938 2.39473e-08
1760478815.502 94.899 0.08849780 6.77660e-08
1760478815.512 94.947 0.08858719 3.97651e-08
1760478815.522 94.995 0.08859557 -4.28730e-09
1760478815.532 95.043 0.08864213 6.22670e-08
1760478815.596 95.091 0.08895499 5.37292e-08
1760478815.667 95.139 0.08928182 1.33136e-07
1760478815.678 95.188 0.08928182 2.06842e-07
1760478815.687 95.236 0.08930602 1.96905e-07
1760478815.694 95.284 0.08932278 2.75067e-07
1760478815.702 95.331 0.08932278 2.12008e-07
1760478815.712 95.379 0.08934234 3.41728e-07
1760478815.722 95.427 0.08941776 3.23009e-07
1760478815.732 95.475 0.08946618 4.34815e-07
1760478815.742 95.523 0.08945687 4.76265e-07
1760478815.752 95.571 0.08945966 6.16259e-07
1760478815.762 95.619 0.08947176 7.48347e-07
1760478815.772 95.667 0.08948852 7.79876e-07
1760478815.782 95.714 0.08950156 9.73240e-07
1760478815.792 95.762 0.08949132 1.04069e-06
1760478815.802 95.810 0.08951553 1.21101e-06
1760478815.812 95.858 0.08949783 1.38661e-06
1760478815.822 95.905 0.08952670 1.50458e-06
1760478815.832 95.953 0.08958629 1.79119e-06
1760478815.842 96.001 0.08958071 1.95614e-06
1760478815.852 96.048 0.08958536 2.38024e-06
1760478815.862 96.096 0.08960585 2.85254e-06
1760478815.872 96.143 0.08962727 3.32982e-06
1760478815.882 96.191 0.08964961 4.34266e-06
1760478815.892 96.238 0.08966079 5.45833e-06
1760478815.902 96.286 0.08973435 6.82103e-06
1760478815.912 96.333 0.08977066 8.44436e-06
1760478815.922 96.381 0.08980976 1.02978e-05
1760478815.932 96.428 0.08982746 1.25450e-05
1760478815.942 96.476 0.08988705 1.42833e-05
1760478815.952 96.523 0.08993919 1.62324e-05
1760478815.962 96.570 0.09000065 1.86803e-05
1760478815.972 96.618 0.09002579 2.21082e-05
1760478815.982 96.665 0.09009563 2.34926e-05
1760478815.992 96.712 0.09015242 2.58910e-05
1760478816.002 96.759 0.09018781 2.78375e-05
1760478816.012 96.807 0.09023716 2.87281e-05
1760478816.022 96.854 0.09029675 2.85667e-05
1760478816.032 96.901 0.09038055 2.73253e-05
1760478816.042 96.948 0.09041594 2.53436e-05
1760478816.052 96.995 0.09042711 2.27766e-05
1760478816.062 97.043 0.09050439 1.98187e-05
1760478816.072 97.090 0.09056212 1.64099e-05
1760478816.082 97.137 0.09062544 1.38624e-05
1760478816.092 97.184 0.09065524 1.09718e-05
1760478816.102 97.231 0.09069527 8.06469e-06
1760478816.149 97.278 0.09094855 2.57910e-06
1760478816.157 97.325 0.09099510 1.13557e-06
1760478816.163 97.372 0.09104818 9.75842e-07
1760478816.172 97.419 0.09104818 8.16412e-07
1760478816.182 97.466 0.09107052 6.46621e-07
1760478816.192 97.512 0.09110963 4.22654e-07
1760478816.202 97.559 0.09118040 3.05979e-07
1760478816.212 97.606 0.09120367 2.00902e-07
1760478816.222 97.653 0.09126513 7.43701e-08
1760478816.232 97.700 0.09129586 9.39179e-08
1760478816.242 97.747 0.09131448 2.28753e-08
1760478816.252 97.793 0.09133217 5.82657e-08
1760478816.301 97.840 0.09149885 -2.55849e-08
1760478816.311 97.887 0.09153795 5.50220e-08
1760478816.320 97.934 0.09157333 -8.17240e-09
1760478816.369 97.980 0.09175956 -1.55388e-08
1760478816.375 98.027 0.09177260 4.76387e-08
1760478816.382 98.073 0.09177260 3.44484e-08
1760478816.423 98.120 0.09193089 -3.92270e-10
1760478816.432 98.167 0.09193089 1.85592e-08
1760478816.442 98.213 0.09195231 -2.63730e-10
1760478816.456 98.260 0.09199141 -1.25517e-08
1760478816.462 98.306 0.09200538 2.02503e-08
1760478816.472 98.353 0.09200538 -3.45972e-08
1760478816.482 98.399 0.09205101 3.10355e-08
1760478816.492 98.446 0.09209663 -1.63668e-08
1760478816.533 98.492 0.09220651 1.16115e-08
1760478816.542 98.539 0.09220651 -9.49897e-09
1760478816.552 98.585 0.09221023 1.47667e-08
1760478816.562 98.631 0.09227076 -1.04869e-08
1760478816.572 98.678 0.09225958 -2.49528e-09
1760478816.582 98.724 0.09226424 1.92754e-09
1760478816.592 98.770 0.09228845 -1.18452e-08
1760478816.602 98.816 0.09233593 5.78610e-09
1760478816.612 98.863 0.09237691 -1.69122e-08
1760478816.622 98.909 0.09238529 -8.83232e-09
1760478816.632 98.955 0.09240670 -3.75665e-09
1760478816.642 99.001 0.09242067 -1.79482e-08
1760478816.652 99.048 0.09248119 3.45492e-09
1760478816.701 99.094 0.09262831 -6.85679e-09
1760478816.715 99.140 0.09267766 -4.90430e-09
1760478816.722 99.186 0.09270280 -4.90288e-08
1760478816.732 99.232 0.09270280 -8.42990e-09
1760478816.742 99.278 0.09275494 -3.92270e-08
1760478816.783 99.324 0.09297004 1.44704e-09
1760478816.792 99.370 0.09297004 -1.53719e-08
1760478816.802 99.416 0.09301752 1.30999e-08
1760478816.812 99.462 0.09302590 2.90785e-09
1760478816.822 99.508 0.09306408 8.71386e-09
1760478816.838 99.554 0.09314789 1.66795e-08
1760478816.844 99.600 0.09318978 7.62621e-08
1760478816.852 99.646 0.09318978 -1.63000e-11
1760478816.862 99.692 0.09324099 7.89693e-08
1760478816.872 99.737 0.09326521 1.61936e-08
1760478816.882 99.783 0.09327266 9.30723e-08
1760478816.892 99.829 0.09331642 5.39701e-08
1760478816.902 99.875 0.09331921 9.86596e-08
1760478816.912 99.921 0.09334807 7.25795e-08
1760478816.922 99.966 0.09338812 3.48793e-08
1760478816.932 100.012 0.09338253 1.08702e-07
1760478816.942 100.058 0.09339463 6.41100e-08
1760478816.952 100.104 0.09345702 1.06723e-07
1760478816.962 100.149 0.09348589 7.22822e-08
1760478816.972 100.195 0.09352034 3.13965e-08
1760478816.982 100.240 0.09356782 1.03821e-07
1760478816.992 100.286 0.09357062 5.51345e-08
1760478817.002 100.332 0.09361904 9.52824e-08
1760478817.012 100.377 0.09364231 6.16960e-08
1760478817.022 100.423 0.09365814 2.34954e-08
1760478817.032 100.468 0.09368887 9.78662e-08
1760478817.042 100.514 0.09372332 4.66895e-08
1760478817.051 100.559 0.09376616 8.05439e-08
1760478817.062 100.605 0.09381830 4.51232e-08
1760478817.071 100.650 0.09386299 6.17250e-09
1760478817.081 100.695 0.09393842 7.61143e-08
1760478817.092 100.741 0.09396076 2.75503e-08
1760478817.101 100.786 0.09398963 7.03232e-08
1760478817.149 100.832 0.09423824 3.47903e-08
1760478817.155 100.877 0.09431832 1.55270e-08
1760478817.161 100.922 0.09431832 6.41297e-08
1760478817.171 100.967 0.09434997 -4.18190e-09
1760478817.181 101.013 0.09438071 6.84450e-08
1760478817.252 101.058 0.09474478 -1.56630e-09
1760478817.300 101.103 0.09488258 3.75480e-09
1760478817.350 101.148 0.09499805 5.57580e-09
1760478817.356 101.194 0.09501853 2.54655e-08
1760478817.362 101.239 0.09502505 6.33635e-08
1760478817.413 101.284 0.09506509 1.11212e-07
1760478817.422 101.329 0.09506230 6.58865e-08
1760478817.431 101.374 0.09506230 1.14689e-07
1760478817.441 101.419 0.09506602 9.74622e-08
1760478817.451 101.464 0.09506695 1.54079e-07
1760478817.461 101.509 0.09505857 1.23707e-07
1760478817.471 101.554 0.09502971 1.02388e-07
1760478817.481 101.599 0.09509675 1.88783e-07
1760478817.491 101.644 0.09509675 1.59816e-07
1760478817.501 101.689 0.09511071 1.51723e-07
1760478817.511 101.734 0.09513493 2.05163e-07
1760478817.521 101.779 0.09513958 1.82402e-07
1760478817.531 101.824 0.09513120 2.65165e-07
1760478817.541 101.869 0.09517403 2.56955e-07
1760478817.551 101.914 0.09516938 3.24643e-07
1760478817.561 101.959 0.09519731 3.35590e-07
1760478817.571 102.004 0.09522059 3.36294e-07
1760478817.581 102.048 0.09523828 4.35896e-07
1760478817.591 102.093 0.09528577 4.61945e-07
1760478817.601 102.138 0.09527925 5.60732e-07
1760478817.611 102.183 0.09529601 6.36046e-07
1760478817.621 102.227 0.09533698 6.80053e-07
1760478817.631 102.272 0.09539285 8.53532e-07
1760478817.641 102.317 0.09548317 9.41174e-07
1760478817.678 102.362 0.09563774 2.42819e-06
1760478817.685 102.406 0.09567405 2.99376e-06
1760478817.691 102.451 0.09567405 3.61908e-06
1760478817.701 102.495 0.09570292 4.56517e-06
1760478817.711 102.540 0.09575320 7.08770e-06
1760478817.721 102.585 0.09583793 1.07791e-05
1760478817.731 102.629 0.09587238 1.70181e-05
1760478817.741 102.674 0.09588635 2.63444e-05
1760478817.751 102.718 0.09596084 3.33565e-05
1760478817.781 102.763 0.09612379 4.39613e-05
1760478817.791 102.807 0.09617314 8.50666e-05
1760478817.801 102.852 0.09617314 9.11898e-05
1760478817.811 102.896 0.09620852 1.02310e-04
1760478817.821 102.940 0.09625973 1.08817e-04
1760478817.831 102.985 0.09629977 1.19380e-04
1760478817.841 103.029 0.09632957 1.25127e-04
1760478817.851 103.074 0.09636868 1.30722e-04
1760478817.861 103.118 0.09640592 1.35643e-04
1760478817.871 103.162 0.09643292 1.35690e-04
1760478817.881 103.207 0.09645621 1.34202e-04
1760478817.891 103.251 0.09645900 1.28507e-04
1760478817.901 103.295 0.09649159 1.22626e-04
1760478817.911 103.339 0.09653069 1.16194e-04
1760478817.921 103.384 0.09656608 1.08735e-04
1760478817.931 103.428 0.09659867 9.98685e-05
1760478817.941 103.472 0.09664988 9.02315e-05
1760478817.951 103.516 0.09669271 8.10561e-05
1760478817.961 103.560 0.09668713 7.24560e-05
1760478817.971 103.604 0.09674299 6.35771e-05
1760478817.981 103.649 0.09672903 5.70862e-05
1760478817.991 103.693 0.09679700 5.00867e-05
1760478818.001 103.737 0.09682400 4.24006e-05
1760478818.011 103.781 0.09685287 3.46900e-05
1760478818.021 103.825 0.09689756 2.83011e-05
1760478818.031 103.869 0.09695343 2.17396e-05
1760478818.041 103.913 0.09695436 1.51328e-05
1760478818.051 103.957 0.09702327 1.15899e-05
1760478818.061 104.001 0.09705306 7.70471e-06
1760478818.071 104.045 0.09709217 5.02689e-06
1760478818.081 104.089 0.09714338 3.46714e-06
1760478818.091 104.133 0.09717597 2.30695e-06
1760478818.101 104.177 0.09721135 1.55814e-06
1760478818.111 104.220 0.09727467 1.20437e-06
1760478818.121 104.264 0.09731191 7.46546e-07
1760478818.131 104.308 0.09732960 5.44965e-07
1760478818.141 104.352 0.09738827 3.11359e-07
1760478818.151 104.396 0.09745811 2.34405e-07
1760478818.161 104.440 0.09748138 1.44680e-07
1760478818.171 104.483 0.09756053 3.69171e-08
1760478818.181 104.527 0.09761267 8.88103e-08
1760478818.229 104.571 0.09779238 5.25738e-08
1760478818.279 104.614 0.09801306 5.04931e-08
1760478818.354 104.658 0.09828867 1.39360e-08
1760478818.361 104.702 0.09830637 5.21190e-08
1760478818.371 104.745 0.09830637 -7.05300e-09
1760478818.381 104.789 0.09832592 6.26428e-08
1760478818.446 104.833 0.09842462 6.45692e-08
1760478818.497 104.876 0.09843021 5.75162e-08
1760478818.546 104.920 0.09846745 6.41694e-08
1760478818.596 104.963 0.09852518 5.88938e-08
1760478818.664 105.007 0.09864157 5.66923e-08
1760478818.671 105.051 0.09865182 1.18975e-08
1760478818.681 105.094 0.09865182 5.81609e-08
1760478818.730 105.138 0.09869744 6.48211e-08
1760478818.797 105.181 0.09876541 6.90984e-08
1760478818.804 105.225 0.09877287 2.28609e-08
1760478818.811 105.268 0.09877287 6.68819e-08
1760478818.821 105.311 0.09877287 4.56400e-10
1760478818.831 105.355 0.09881942 5.94344e-08
1760478818.841 105.398 0.09883432 2.31818e-08
1760478818.851 105.442 0.09880825 6.61231e-08
1760478818.861 105.485 0.09881477 7.69316e-08
1760478818.908 105.528 0.09885573 2.93739e-08
1760478818.914 105.572 0.09888833 6.76343e-08
1760478818.921 105.615 0.09891998 2.34655e-08
1760478818.930 105.658 0.09891998 6.98049e-08
1760478818.980 105.701 0.09898051 5.35152e-08
1760478819.029 105.745 0.09913415 3.84832e-08
1760478819.035 105.788 0.09917511 -9.05860e-09
1760478819.076 105.831 0.09928126 1.26247e-09
1760478819.082 105.874 0.09933155 -3.95690e-09
1760478819.097 105.917 0.09939393 2.67280e-09
1760478819.103 105.961 0.09938462 -4.03597e-08
1760478819.110 106.004 0.09938462 1.49301e-08
1760478819.121 106.047 0.09938928 -7.28438e-08
1760478819.169 106.090 0.09946191 -7.00603e-08
1760478819.176 106.133 0.09948984 -1.00323e-08
1760478819.182 106.176 0.09948239 -6.56916e-08
1760478819.190 106.219 0.09948239 -7.34147e-08
1760478819.200 106.262 0.09950380 -2.88532e-08
1760478819.210 106.305 0.09953454 -7.54226e-08
1760478819.220 106.348 0.09955874 -9.81720e-08
1760478819.268 106.391 0.09962392 -1.02991e-07
1760478819.274 106.434 0.09966117 -2.36450e-08
1760478819.280 106.477 0.09966117 -3.87765e-08
1760478819.290 106.520 0.09968631 -7.39087e-08
1760478819.300 106.563 0.09969003 -3.46289e-08
1760478819.310 106.606 0.09970214 -7.35039e-08
1760478819.320 106.649 0.09971703 -9.68971e-08
1760478819.368 106.691 0.09990047 -8.37749e-08
1760478819.375 106.734 0.09990699 -4.77220e-09
1760478819.459 106.777 0.10017608 1.54710e-08
1760478819.503 106.820 0.10031296 -1.81300e-08
1760478819.511 106.863 0.10034462 -4.88279e-09
1760478819.520 106.905 0.10034462 -1.45990e-08
1760478819.530 106.948 0.10033531 -4.22004e-09
1760478819.540 106.991 0.10036790 -1.55783e-08
1760478819.550 107.034 0.10039397 6.70585e-09
1760478819.560 107.076 0.10043029 -1.71055e-08
1760478819.570 107.119 0.10040793 -5.59498e-09
1760478819.580 107.162 0.10043122 -1.12575e-09
1760478819.590 107.204 0.10042655 -1.31539e-08
1760478819.600 107.247 0.10042655 5.12643e-09
1760478819.610 107.290 0.10047684 -1.63639e-08
1760478819.620 107.332 0.10046288 -1.64295e-09
1760478819.630 107.375 0.10045729 -1.17030e-10
1760478819.640 107.417 0.10047777 -1.17205e-08
1760478819.650 107.460 0.10050012 9.76877e-09
1760478819.660 107.503 0.10050571 -1.43556e-08
1760478819.670 107.545 0.10048988 2.07470e-10
1760478819.680 107.588 0.10050198 9.97530e-10
1760478819.690 107.630 0.10051502 -1.11191e-08
1760478819.700 107.672 0.10054481 6.78521e-09
1760478819.710 107.715 0.10058206 -1.45261e-08
1760478819.720 107.757 0.10061185 2.30770e-10
1760478819.730 107.800 0.10064445 1.03628e-09
1760478819.740 107.842 0.10066028 -1.03178e-08
1760478819.750 107.885 0.10068914 1.13733e-08
1760478819.760 107.927 0.10073570 -1.26853e-08
1760478819.770 107.969 0.10077760 1.31697e-09
1760478819.780 108.012 0.10083532 1.30874e-09
1760478819.790 108.054 0.10084370 -1.02553e-08
1760478819.800 108.096 0.10091448 6.86422e-09
1760478819.810 108.139 0.10096848 -1.46307e-08
1760478819.820 108.181 0.10102621 -5.08800e-11
1760478819.830 108.223 0.10107090 2.44460e-10
1760478819.840 108.265 0.10109326 -1.15858e-08
1760478819.850 108.308 0.10114912 1.07586e-08
1760478819.860 108.350 0.10118543 -1.32043e-08
1760478819.870 108.392 0.10122920 5.04270e-10
1760478819.880 108.434 0.10129623 8.94250e-10
1760478819.890 108.476 0.10132976 -9.91183e-09
1760478819.900 108.518 0.10138470 7.60724e-09
1760478819.910 108.560 0.10142846 -1.25050e-08
1760478819.920 108.603 0.10143684 4.68512e-09
1760478819.930 108.645 0.10150108 7.66027e-09
1760478819.940 108.687 0.10158117 1.57048e-09
1760478819.953 108.729 0.10166683 8.78910e-09
1760478819.960 108.771 0.10166683 7.38110e-08
1760478819.991 108.813 0.10184747 1.16019e-08
1760478820.000 108.855 0.10184095 6.67060e-08
1760478820.010 108.897 0.10184095 1.11179e-07
1760478820.020 108.939 0.10185399 9.41859e-08
1760478820.030 108.981 0.10188565 1.81836e-07
1760478820.040 109.023 0.10192754 1.49537e-07
1760478820.050 109.065 0.10197783 1.40937e-07
1760478820.062 109.107 0.10206908 2.38262e-07
1760478820.070 109.148 0.10208491 1.95695e-07
1760478820.080 109.190 0.10214822 2.52543e-07
1760478820.090 109.232 0.10214822 2.27221e-07
1760478820.100 109.274 0.10218734 2.68080e-07
1760478820.110 109.316 0.10219293 2.32935e-07
1760478820.120 109.358 0.10223017 2.00617e-07
1760478820.130 109.399 0.10226183 2.83071e-07
1760478820.140 109.441 0.10230745 2.39240e-07
1760478820.150 109.483 0.10228697 2.80936e-07
1760478820.160 109.525 0.10231397 2.28298e-07
1760478820.170 109.566 0.10235121 1.82287e-07
1760478820.180 109.608 0.10241826 2.57517e-07
1760478820.190 109.650 0.10243688 2.03573e-07
1760478820.200 109.692 0.10247226 2.31630e-07
1760478820.212 109.733 0.10253372 2.11189e-07
1760478820.220 109.775 0.10255327 1.55789e-07
1760478820.230 109.817 0.10255327 1.96904e-07
1760478820.240 109.858 0.10263615 1.38772e-07
1760478820.250 109.900 0.10268549 1.72862e-07
1760478820.260 109.941 0.10268829 1.07716e-07
1760478820.270 109.983 0.10272925 7.03037e-08
1760478820.280 110.025 0.10276464 1.33621e-07
