1760476096.058 33.800 0.03273030 5.61135e-08
1760476096.066 33.935 0.03273030 -1.29221e-08
1760476096.076 34.070 0.03272285 7.00971e-08
1760476096.125 34.204 0.03274334 4.59919e-08
1760476096.175 34.337 0.03276010 4.56370e-08
1760476096.225 34.470 0.03281690 4.57631e-08
1760476096.275 34.602 0.03300312 4.53712e-08
1760476096.325 34.734 0.03317259 4.47181e-08
1760476096.376 34.866 0.03335416 4.47087e-08
1760476096.428 34.997 0.03353108 3.17416e-07
1760476096.436 35.127 0.03353108 4.72415e-07
1760476096.446 35.257 0.03355436 7.41942e-07
1760476096.456 35.386 0.03356273 1.18893e-06
1760476096.466 35.515 0.03357484 1.91820e-06
1760476096.476 35.644 0.03361861 3.97660e-06
1760476096.486 35.772 0.03364933 5.32491e-06
1760476096.496 35.899 0.03364933 8.72384e-06
1760476096.506 36.026 0.03364933 1.26591e-05
1760476096.516 36.153 0.03367913 1.72460e-05
1760476096.526 36.279 0.03368378 2.37448e-05
1760476096.536 36.405 0.03368378 2.67104e-05
1760476096.546 36.530 0.03373500 3.26000e-05
1760476096.556 36.655 0.03376572 3.73674e-05
1760476096.586 36.780 0.03388025 4.22334e-05
1760476096.609 36.904 0.03399013 2.67756e-05
1760476096.616 37.028 0.03404972 1.86504e-05
1760476096.626 37.151 0.03404972 8.30282e-06
1760476096.636 37.274 0.03410931 1.86363e-06
1760476096.646 37.396 0.03419311 5.71479e-07
1760476096.656 37.518 0.03429182 2.22108e-07
1760476096.666 37.640 0.03440169 1.86120e-08
1760476096.676 37.761 0.03451249 7.13854e-08
1760476096.724 37.882 0.03507676 6.79887e-08
1760476096.731 38.002 0.03520526 -1.46966e-08
1760476096.779 38.123 0.03580956 7.70435e-08
1760476096.786 38.242 0.03589709 4.37572e-08
1760476096.796 38.362 0.03589709 7.77896e-08
1760476096.806 38.481 0.03599858 3.78502e-08
1760476096.816 38.599 0.03609635 7.48313e-08
1760476096.826 38.718 0.03620995 6.86820e-08
1760476096.836 38.835 0.03632727 4.44770e-09
1760476096.846 38.953 0.03639059 6.40113e-08
1760476096.856 39.070 0.03646322 1.82778e-08
1760476096.866 39.187 0.03652560 5.97517e-08
1760476096.876 39.303 0.03655913 5.50424e-08
1760476096.923 39.420 0.03676677 7.12494e-08
1760476096.930 39.535 0.03678446 1.46101e-08
1760476096.936 39.651 0.03687664 1.87192e-08
1760476096.946 39.766 0.03687664 5.76783e-08
1760476096.994 39.881 0.03707963 5.71416e-08
1760476097.044 39.995 0.03736456 6.09794e-08
1760476097.094 40.109 0.03776867 5.45659e-08
1760476097.164 40.223 0.03822493 -8.54330e-09
1760476097.214 40.337 0.03837298 -1.05022e-08
1760476097.264 40.450 0.03845585 -1.16644e-08
1760476097.314 40.563 0.03843536 -1.37653e-08
1760476097.364 40.675 0.03845119 -1.44173e-08
1760476097.415 40.787 0.03851637 -1.47972e-08
1760476097.465 40.899 0.03860948 -1.50418e-08
1760476097.515 41.011 0.03875288 -1.43326e-08
1760476097.565 41.122 0.03886462 -1.35490e-08
1760476097.615 41.233 0.03902012 -1.34127e-08
1760476097.665 41.344 0.03907971 -1.25349e-08
1760476097.717 41.454 0.03922403 4.96879e-08
1760476097.725 41.565 0.03922403 7.02734e-08
1760476097.735 41.674 0.03926035 -9.29970e-09
1760476097.745 41.784 0.03924266 5.84890e-08
1760476097.796 41.893 0.03934973 5.19963e-08
1760476097.846 42.002 0.03947823 5.18868e-08
1760476097.896 42.111 0.03965329 5.26398e-08
1760476097.946 42.219 0.03984976 5.16932e-08
1760476097.996 42.327 0.04003598 5.12079e-08
1760476098.046 42.435 0.04016448 4.95567e-08
1760476098.096 42.543 0.04023711 4.94234e-08
1760476098.146 42.650 0.04030974 4.80615e-08
1760476098.196 42.757 0.04039540 4.81813e-08
1760476098.273 42.864 0.04049596 6.96672e-08
1760476098.280 42.971 0.04052669 2.70803e-08
1760476098.347 43.077 0.04064401 3.71481e-08
1760476098.397 43.183 0.04076134 3.43402e-08
1760476098.447 43.289 0.04085166 2.88506e-08
1760476098.495 43.394 0.04097457 5.54859e-08
1760476098.563 43.499 0.04108723 5.26692e-08
1760476098.613 43.604 0.04116172 5.27626e-08
1760476098.663 43.709 0.04127346 5.15599e-08
1760476098.713 43.813 0.04132933 5.02689e-08
1760476098.763 43.918 0.04144758 4.98144e-08
1760476098.839 44.022 0.04157794 5.15172e-08
1760476098.846 44.125 0.04159842 5.15715e-08
1760476098.895 44.229 0.04169619 5.66801e-08
1760476098.945 44.332 0.04180607 5.63038e-08
1760476098.995 44.435 0.04190663 5.59290e-08
1760476099.063 44.538 0.04200347 4.85807e-08
1760476099.113 44.640 0.04213941 4.89217e-08
1760476099.163 44.743 0.04224370 4.95847e-08
1760476099.213 44.845 0.04234706 4.94733e-08
1760476099.263 44.947 0.04237686 4.74170e-08
1760476099.313 45.048 0.04247555 4.97572e-08
1760476099.376 45.149 0.04260032 4.66366e-08
1760476099.444 45.251 0.04271951 5.48930e-08
1760476099.494 45.352 0.04277724 5.33551e-08
1760476099.544 45.452 0.04288898 5.84855e-08
1760476099.594 45.553 0.04297650 5.94071e-08
1760476099.644 45.653 0.04305193 6.30720e-08
1760476099.695 45.753 0.04314969 5.87533e-08
1760476099.745 45.853 0.04321767 5.94323e-08
1760476099.795 45.952 0.04333406 5.84265e-08
1760476099.845 46.052 0.04343462 5.89891e-08
1760476099.914 46.151 0.04355474 2.83829e-08
1760476099.964 46.250 0.04365996 2.70271e-08
1760476100.016 46.349 0.04372607 -1.22547e-08
1760476100.066 46.447 0.04383873 -1.18312e-08
1760476100.116 46.545 0.04386574 -1.18313e-08
1760476100.166 46.644 0.04395233 -1.17807e-08
1760476100.217 46.741 0.04406034 -1.15708e-08
1760476100.266 46.839 0.04411994 -1.07783e-08
1760476100.316 46.937 0.04424378 -1.07010e-08
1760476100.366 47.034 0.04433410 -1.07145e-08
1760476100.417 47.131 0.04445980 -6.78850e-09
1760476100.468 47.228 0.04451288 4.64842e-08
1760476100.475 47.325 0.04452498 7.41391e-08
1760476100.484 47.421 0.04452498 2.53951e-08
1760476100.493 47.517 0.04455478 7.08716e-08
1760476100.542 47.614 0.04465162 7.70693e-08
1760476100.550 47.709 0.04466279 -1.00518e-08
1760476100.599 47.805 0.04476056 -1.11279e-08
1760476100.650 47.901 0.04487881 -1.10712e-08
1760476100.700 47.996 0.04509018 -1.11800e-08
1760476100.750 48.091 0.04531551 -1.02037e-08
1760476100.800 48.186 0.04545611 -9.35270e-09
1760476100.850 48.281 0.04556133 -8.42430e-09
1760476100.857 48.376 0.04560230 4.43962e-08
1760476100.864 48.470 0.04560230 5.76047e-08
1760476100.873 48.564 0.04560603 1.24709e-08
1760476100.883 48.658 0.04561441 6.05631e-08
1760476100.931 48.752 0.04563769 3.51617e-08
1760476100.938 48.846 0.04563024 1.93207e-08
1760476100.944 48.939 0.04566934 5.70890e-08
1760476101.019 49.033 0.04583602 2.25404e-08
1760476101.026 49.126 0.04585837 7.03989e-08
1760476101.034 49.219 0.04585837 -6.45240e-09
1760476101.082 49.311 0.04607346 4.59040e-09
1760476101.132 49.404 0.04634442 -3.56500e-09
1760476101.182 49.497 0.04657627 -1.19256e-08
1760476101.233 49.589 0.04677181 -1.46077e-08
1760476101.243 49.681 0.04679974 5.18410e-08
1760476101.294 49.773 0.04690589 4.73199e-08
1760476101.344 49.865 0.04693662 5.19746e-08
1760476101.394 49.956 0.04698597 4.79788e-08
1760476101.444 50.048 0.04705766 5.16763e-08
1760476101.494 50.139 0.04713402 4.67652e-08
1760476101.557 50.230 0.04732118 6.13030e-08
1760476101.565 50.321 0.04731838 4.94909e-08
1760476101.617 50.412 0.04739753 -1.41096e-08
1760476101.669 50.502 0.04750461 7.60239e-08
1760476101.676 50.593 0.04750834 1.44390e-07
1760476101.683 50.683 0.04750834 1.02483e-07
1760476101.693 50.773 0.04751765 1.51873e-07
1760476101.703 50.863 0.04758003 2.30030e-07
1760476101.713 50.953 0.04759214 3.50289e-07
1760476101.723 51.042 0.04757631 4.05176e-07
1760476101.733 51.132 0.04760145 5.65529e-07
1760476101.743 51.221 0.04761635 7.23172e-07
1760476101.753 51.310 0.04765080 9.03206e-07
1760476101.763 51.399 0.04766570 1.52549e-06
1760476101.773 51.488 0.04769177 2.53035e-06
1760476101.783 51.577 0.04771411 3.21446e-06
1760476101.793 51.666 0.04774484 4.81445e-06
1760476101.803 51.754 0.04773646 7.41308e-06
1760476101.813 51.842 0.04777557 1.16874e-05
1760476101.823 51.930 0.04779792 1.85259e-05
1760476101.833 52.018 0.04786123 2.99106e-05
1760476101.843 52.106 0.04792641 3.86556e-05
1760476101.853 52.194 0.04793293 4.66333e-05
1760476101.863 52.281 0.04798973 5.73031e-05
1760476101.873 52.369 0.04804560 6.57893e-05
1760476101.883 52.456 0.04810240 7.17449e-05
1760476101.893 52.543 0.04819086 6.49996e-05
1760476101.903 52.630 0.04829701 4.89878e-05
1760476101.913 52.717 0.04838546 3.19509e-05
1760476101.923 52.803 0.04848696 1.20202e-05
1760476101.933 52.890 0.04857262 5.09182e-06
1760476101.943 52.976 0.04867784 1.23249e-06
1760476101.953 53.062 0.04873836 5.15308e-07
1760476101.963 53.148 0.04883148 2.13179e-07
1760476101.973 53.234 0.04891714 4.13192e-08
1760476101.983 53.320 0.04902888 7.96287e-08
1760476101.993 53.406 0.04911547 2.97832e-08
1760476102.003 53.491 0.04924583 3.16569e-08
1760476102.013 53.577 0.04939295 8.93031e-08
1760476102.061 53.662 0.04984455 6.75752e-08
1760476102.156 53.747 0.05062670 6.61490e-08
1760476102.165 53.832 0.05069095 6.95102e-08
1760476102.173 53.917 0.05069095 4.44380e-08
1760476102.183 54.002 0.05074961 7.90831e-08
1760476102.193 54.086 0.05079151 2.98613e-08
1760476102.203 54.171 0.05081851 3.96803e-08
1760476102.213 54.255 0.05083621 8.85121e-08
1760476102.264 54.339 0.05092466 2.49767e-07
1760476102.273 54.423 0.05092466 2.99942e-07
1760476102.283 54.507 0.05092839 5.21649e-07
1760476102.293 54.591 0.05093305 8.53116e-07
1760476102.303 54.675 0.05093397 1.05823e-06
1760476102.313 54.758 0.05092466 1.58840e-06
1760476102.323 54.842 0.05092932 1.95292e-06
1760476102.333 54.925 0.05096191 2.76769e-06
1760476102.343 55.008 0.05096191 3.38533e-06
1760476102.353 55.091 0.05099916 4.39135e-06
1760476102.363 55.174 0.05099916 6.81276e-06
1760476102.373 55.257 0.05103174 9.55814e-06
1760476102.383 55.340 0.05109413 1.44795e-05
1760476102.393 55.422 0.05114069 2.59339e-05
1760476102.403 55.505 0.05118725 3.38779e-05
1760476102.413 55.587 0.05122077 5.81995e-05
1760476102.423 55.669 0.05127105 8.59063e-05
1760476102.433 55.751 0.05131109 1.17465e-04
1760476102.443 55.833 0.05138744 1.56891e-04
1760476102.453 55.915 0.05144051 1.80293e-04
1760476102.463 55.997 0.05149266 2.00829e-04
1760476102.472 56.078 0.05158298 1.88270e-04
1760476102.482 56.160 0.05165281 1.60619e-04
1760476102.492 56.241 0.05171241 1.11535e-04
1760476102.502 56.322 0.05182414 6.15909e-05
1760476102.512 56.403 0.05187442 2.05655e-05
1760476102.522 56.484 0.05194333 9.92957e-06
1760476102.532 56.565 0.05206251 1.14040e-05
1760476102.542 56.646 0.05215749 1.49442e-05
1760476102.552 56.727 0.05223663 1.65811e-05
1760476102.562 56.807 0.05232602 1.43941e-05
1760476102.572 56.888 0.05243497 9.10281e-06
1760476102.582 56.968 0.05253087 3.75536e-06
1760476102.592 57.048 0.05260909 8.18778e-07
1760476102.602 57.128 0.05269103 5.66102e-07
1760476102.612 57.208 0.05279066 1.05572e-06
1760476102.622 57.288 0.05288656 2.78603e-06
1760476102.632 57.368 0.05297223 3.88024e-06
1760476102.642 57.447 0.05305045 4.26586e-06
1760476102.652 57.527 0.05313611 3.56984e-06
1760476102.662 57.606 0.05320408 2.12649e-06
1760476102.714 57.686 0.05372645 2.17826e-07
1760476102.722 57.765 0.05372645 2.03364e-07
1760476102.732 57.844 0.05378698 2.83935e-07
1760476102.742 57.923 0.05383260 3.37163e-07
1760476102.752 58.002 0.05388474 5.90006e-07
1760476102.762 58.080 0.05395085 8.77400e-07
1760476102.772 58.159 0.05403000 1.02966e-06
1760476102.782 58.238 0.05410821 1.05473e-06
1760476102.792 58.316 0.05415943 8.44623e-07
1760476102.802 58.394 0.05421995 6.13451e-07
1760476102.812 58.473 0.05429910 4.49674e-07
1760476102.822 58.551 0.05434566 2.95129e-07
1760476102.832 58.629 0.05438104 2.94685e-07
1760476102.842 58.707 0.05442759 2.33299e-07
1760476102.852 58.785 0.05446298 2.18008e-07
1760476102.862 58.862 0.05450953 2.75892e-07
1760476102.872 58.940 0.05454771 2.94775e-07
1760476102.882 59.017 0.05459706 4.25676e-07
1760476102.892 59.095 0.05464082 4.62991e-07
1760476102.908 59.172 0.05477025 4.84523e-07
1760476102.917 59.249 0.05479539 4.28955e-07
1760476102.927 59.326 0.05485871 4.48077e-07
1760476102.935 59.403 0.05492203 3.70848e-07
1760476102.942 59.480 0.05492203 3.91032e-07
1760476102.952 59.557 0.05494344 2.85493e-07
1760476102.962 59.634 0.05495555 2.91716e-07
1760476102.972 59.710 0.05502073 2.03475e-07
1760476102.982 59.787 0.05512595 3.39704e-07
1760476102.992 59.863 0.05519299 5.07670e-07
1760476103.002 59.940 0.05523954 1.20002e-06
1760476103.012 60.016 0.05533731 4.09546e-06
1760476103.022 60.092 0.05538201 9.87003e-06
1760476103.032 60.168 0.05547419 2.96046e-05
1760476103.042 60.244 0.05552354 6.29783e-05
1760476103.052 60.320 0.05560455 1.44841e-04
1760476103.062 60.396 0.05572932 2.60022e-04
1760476103.072 60.471 0.05577309 3.06449e-04
1760476103.082 60.547 0.05584757 3.15948e-04
1760476103.092 60.622 0.05596210 2.53865e-04
1760476103.102 60.698 0.05602542 1.23298e-04
1760476103.112 60.773 0.05611760 6.21612e-05
1760476103.122 60.848 0.05621817 1.41992e-05
1760476103.132 60.923 0.05629638 5.76231e-06
1760476103.142 60.998 0.05638949 3.14038e-06
1760476103.152 61.073 0.05646212 1.43844e-06
1760476103.162 61.148 0.05654872 4.32895e-07
1760476103.172 61.222 0.05665021 9.85064e-08
1760476103.182 61.297 0.05668094 1.25956e-07
1760476103.192 61.372 0.05678988 1.56046e-07
1760476103.202 61.446 0.05685040 6.31863e-07
1760476103.212 61.520 0.05692490 1.27885e-06
1760476103.274 61.595 0.05738581 2.09232e-05
1760476103.282 61.669 0.05738581 1.58825e-05
1760476103.292 61.743 0.05745937 1.10374e-05
1760476103.302 61.817 0.05750127 4.80396e-06
1760476103.312 61.891 0.05758135 2.18478e-06
1760476103.322 61.965 0.05769401 1.68429e-06
1760476103.332 62.038 0.05775640 1.49507e-06
1760476103.342 62.112 0.05778899 1.31343e-06
1760476103.352 62.186 0.05781506 1.18488e-06
1760476103.362 62.259 0.05788769 9.78809e-07
1760476103.372 62.332 0.05792866 6.98460e-07
1760476103.382 62.406 0.05796590 4.96619e-07
1760476103.392 62.479 0.05801246 2.96220e-07
1760476103.402 62.552 0.05805250 3.02347e-07
1760476103.412 62.625 0.05809254 3.62179e-07
1760476103.422 62.698 0.05816517 3.31188e-07
1760476103.432 62.771 0.05817913 4.33260e-07
1760476103.466 62.844 0.05834674 4.42572e-07
1760476103.473 62.916 0.05837933 4.75534e-07
1760476103.482 62.989 0.05837933 5.06410e-07
1760476103.492 63.062 0.05844637 4.04774e-07
1760476103.502 63.134 0.05849944 3.65541e-07
1760476103.512 63.206 0.05853855 3.32300e-07
1760476103.524 63.279 0.05865308 2.78957e-07
1760476103.532 63.351 0.05865308 2.62931e-07
1760476103.542 63.423 0.05872385 2.80597e-07
1760476103.552 63.495 0.05876854 4.72378e-07
1760476103.562 63.567 0.05884117 8.10826e-07
1760476103.572 63.639 0.05890356 1.42325e-06
1760476103.582 63.711 0.05895104 3.44784e-06
1760476103.592 63.782 0.05902274 4.93001e-06
1760476103.602 63.854 0.05906464 7.15711e-06
1760476103.612 63.926 0.05912237 8.64012e-06
1760476103.622 63.997 0.05920897 8.77213e-06
1760476103.632 64.068 0.05927228 8.09459e-06
1760476103.642 64.140 0.05933747 6.58204e-06
1760476103.652 64.211 0.05937192 4.50055e-06
1760476103.662 64.282 0.05942779 2.21272e-06
1760476103.672 64.353 0.05952834 6.79882e-07
1760476103.682 64.424 0.05961122 4.76179e-07
1760476103.692 64.495 0.05965405 4.11097e-07
1760476103.702 64.566 0.05974437 5.88227e-07
1760476103.712 64.637 0.05980210 8.13212e-07
1760476103.722 64.707 0.05984493 9.07987e-07
1760476103.732 64.778 0.05992315 1.03227e-06
1760476103.742 64.849 0.06000788 9.34931e-07
1760476103.752 64.919 0.06006933 8.22429e-07
1760476103.762 64.989 0.06016524 6.83869e-07
1760476103.772 65.060 0.06023787 3.97967e-07
1760476103.782 65.130 0.06027605 3.36777e-07
1760476103.829 65.200 0.06059450 3.78724e-07
1760476103.837 65.270 0.06069692 1.87609e-06
1760476103.848 65.340 0.06073416 5.96282e-06
1760476103.854 65.410 0.06080959 9.53970e-06
1760476103.862 65.480 0.06080959 1.40352e-05
1760476103.872 65.550 0.06091294 3.51389e-05
1760476103.882 65.619 0.06098464 5.84020e-05
1760476103.892 65.689 0.06099954 9.43687e-05
1760476103.902 65.759 0.06107217 1.30947e-04
1760476103.912 65.828 0.06114293 1.51399e-04
1760476103.925 65.897 0.06126212 1.42568e-04
1760476103.932 65.967 0.06126212 1.17928e-04
1760476103.942 66.036 0.06130775 9.87964e-05
1760476103.952 66.105 0.06135989 6.70348e-05
1760476103.962 66.174 0.06139714 3.16448e-05
1760476103.972 66.243 0.06144183 1.00796e-05
1760476103.984 66.312 0.06157870 4.98298e-06
1760476103.992 66.381 0.06157870 2.98268e-06
1760476104.001 66.450 0.06161222 2.11538e-06
1760476104.012 66.519 0.06165506 1.41282e-06
1760476104.022 66.588 0.06170627 8.89378e-07
1760476104.031 66.656 0.06175842 5.89149e-07
1760476104.041 66.725 0.06178821 3.20283e-07
1760476104.051 66.793 0.06183290 2.13974e-07
1760476104.061 66.862 0.06187667 1.96851e-07
1760476104.071 66.930 0.06195395 1.15822e-07
1760476104.081 66.998 0.06201168 1.68671e-07
1760476104.091 67.066 0.06205544 1.51712e-07
1760476104.101 67.135 0.06207221 1.96210e-07
1760476104.111 67.203 0.06213738 3.43313e-07
1760476104.121 67.271 0.06223422 4.09685e-07
1760476104.131 67.339 0.06231244 5.77508e-07
1760476104.141 67.406 0.06234689 6.09461e-07
1760476104.151 67.474 0.06239159 6.52400e-07
1760476104.161 67.542 0.06248097 6.28062e-07
1760476104.171 67.610 0.06256757 4.88198e-07
1760476104.181 67.677 0.06261413 4.06342e-07
1760476104.191 67.745 0.06270631 2.31208e-07
1760476104.201 67.812 0.06276125 2.20669e-07
1760476104.213 67.879 0.06289905 2.08012e-07
1760476104.221 67.947 0.06289905 1.55850e-07
1760476104.231 68.014 0.06298193 2.19700e-07
1760476104.241 68.081 0.06308807 2.28522e-07
1760476104.251 68.148 0.06314487 3.61410e-07
1760476104.261 68.215 0.06324264 4.85286e-07
1760476104.271 68.282 0.06329479 5.05494e-07
1760476104.281 68.349 0.06332458 5.57419e-07
1760476104.291 68.416 0.06340652 5.15593e-07
1760476104.301 68.483 0.06349311 5.78518e-07
1760476104.311 68.550 0.06356388 7.18828e-07
1760476104.321 68.616 0.06363000 9.37031e-07
1760476104.331 68.683 0.06367376 1.81418e-06
1760476104.382 68.749 0.06407694 1.48947e-05
1760476104.392 68.816 0.06407694 1.40901e-05
1760476104.402 68.882 0.06412722 1.22373e-05
1760476104.411 68.949 0.06416447 9.21622e-06
1760476104.421 69.015 0.06424640 5.19354e-06
1760476104.431 69.081 0.06427713 2.52689e-06
1760476104.442 69.147 0.06434417 1.13780e-06
1760476104.452 69.213 0.06440004 7.78268e-07
1760476104.462 69.279 0.06448198 5.45979e-07
1760476104.471 69.345 0.06453133 3.58171e-07
1760476104.481 69.411 0.06454530 3.20111e-07
1760476104.492 69.477 0.06459185 2.58523e-07
1760476104.502 69.543 0.06465983 3.26710e-07
1760476104.512 69.608 0.06469615 3.90633e-07
1760476104.522 69.674 0.06474270 3.64348e-07
1760476104.531 69.740 0.06478925 4.48360e-07
1760476104.541 69.805 0.06482650 4.28658e-07
1760476104.551 69.871 0.06485909 4.86387e-07
1760476104.561 69.936 0.06491310 5.06085e-07
1760476104.571 70.001 0.06496524 4.66304e-07
1760476104.581 70.067 0.06498014 5.37654e-07
1760476104.591 70.132 0.06503135 4.66075e-07
1760476104.601 70.197 0.06511236 4.66719e-07
1760476104.611 70.262 0.06512539 3.98460e-07
1760476104.621 70.327 0.06518778 3.12344e-07
1760476104.631 70.392 0.06524552 3.50779e-07
1760476104.641 70.457 0.06528183 2.93552e-07
1760476104.651 70.522 0.06531535 2.99031e-07
1760476104.661 70.587 0.06536098 2.39021e-07
1760476104.671 70.651 0.06539822 2.17874e-07
1760476104.681 70.716 0.06548295 3.21195e-07
1760476104.691 70.781 0.06555185 3.38208e-07
1760476104.701 70.845 0.06559376 3.81668e-07
1760476104.711 70.910 0.06567290 3.66063e-07
1760476104.721 70.974 0.06572039 2.65781e-07
1760476104.731 71.039 0.06580513 2.93633e-07
1760476104.741 71.103 0.06585447 1.56042e-07
1760476104.751 71.167 0.06594386 1.42754e-07
1760476104.761 71.231 0.06601835 7.32075e-08
1760476104.771 71.296 0.06608353 3.67813e-08
1760476104.781 71.360 0.06615244 1.28726e-07
1760476104.791 71.424 0.06621762 8.88795e-08
1760476104.801 71.488 0.06630421 1.39091e-07
1760476104.811 71.552 0.06637405 1.01231e-07
1760476104.821 71.615 0.06645412 7.82394e-08
1760476104.831 71.679 0.06648858 1.52940e-07
1760476104.841 71.743 0.06656679 1.09573e-07
1760476104.851 71.807 0.06663663 1.53520e-07
1760476104.861 71.870 0.06669063 1.35408e-07
1760476104.871 71.934 0.06679585 1.46928e-07
1760476104.881 71.997 0.06685172 2.65222e-07
1760476104.911 72.061 0.06706402 2.41292e-07
1760476104.938 72.124 0.06716831 1.77255e-07
1760476104.947 72.188 0.06727073 1.91597e-07
1760476104.956 72.251 0.06728749 1.34794e-07
1760476104.963 72.314 0.06737409 1.73827e-07
1760476104.971 72.377 0.06737409 1.19243e-07
1760476104.981 72.440 0.06741878 1.86294e-07
1760476105.005 72.504 0.06760035 2.03936e-07
1760476105.015 72.567 0.06760128 4.17609e-07
1760476105.021 72.630 0.06764318 5.03305e-07
1760476105.031 72.692 0.06764318 7.65606e-07
1760476105.041 72.755 0.06773257 1.15327e-06
1760476105.051 72.818 0.06778099 1.97954e-06
1760476105.061 72.881 0.06782476 4.07818e-06
1760476105.071 72.944 0.06784896 5.35285e-06
1760476105.081 73.006 0.06789645 8.86651e-06
1760476105.091 73.069 0.06790483 1.46261e-05
1760476105.101 73.131 0.06798677 2.74283e-05
1760476105.111 73.194 0.06803333 3.88602e-05
1760476105.121 73.256 0.06805847 5.48498e-05
1760476105.131 73.319 0.06808082 8.08247e-05
1760476105.141 73.381 0.06813575 1.05358e-04
1760476105.151 73.443 0.06818231 1.29687e-04
1760476105.161 73.505 0.06822235 1.39577e-04
1760476105.171 73.568 0.06827729 1.43540e-04
1760476105.181 73.630 0.06830429 1.45052e-04
1760476105.191 73.692 0.06834805 1.37724e-04
1760476105.201 73.754 0.06841602 1.27215e-04
1760476105.211 73.816 0.06847376 1.10425e-04
1760476105.221 73.878 0.06853707 8.60652e-05
1760476105.231 73.940 0.06858735 6.01901e-05
1760476105.241 74.001 0.06862832 3.48363e-05
1760476105.251 74.063 0.06868326 1.98908e-05
1760476105.261 74.125 0.06872795 1.04294e-05
1760476105.271 74.186 0.06879407 8.04687e-06
1760476105.281 74.248 0.06886390 4.81971e-06
1760476105.291 74.310 0.06892070 2.73989e-06
1760476105.301 74.371 0.06897563 1.18983e-06
1760476105.311 74.432 0.06904175 6.43233e-07
1760476105.321 74.494 0.06911158 2.52102e-07
1760476105.331 74.555 0.06918235 1.53120e-07
1760476105.341 74.617 0.06923356 6.62829e-08
1760476105.351 74.678 0.06930246 1.05824e-07
1760476105.361 74.739 0.06935368 5.35255e-08
1760476105.371 74.800 0.06942072 3.40870e-08
1760476105.381 74.861 0.06949614 1.01280e-07
1760476105.391 74.922 0.06958832 4.44740e-08
1760476105.401 74.983 0.06964233 9.00494e-08
1760476105.411 75.044 0.06969168 4.13456e-08
1760476105.421 75.105 0.06976710 3.64065e-08
1760476105.431 75.166 0.06983042 1.01625e-07
1760476105.461 75.227 0.07001292 5.20461e-08
1760476105.471 75.287 0.07012093 3.41505e-08
1760476105.481 75.348 0.07012093 7.91072e-08
1760476105.531 75.409 0.07044124 8.18340e-08
1760476105.541 75.469 0.07049152 5.07512e-08
1760476105.551 75.530 0.07049152 5.52296e-08
1760476105.600 75.590 0.07075038 4.82687e-08
1760476105.607 75.651 0.07079973 1.92339e-08
1760476105.613 75.711 0.07080625 6.81450e-08
1760476105.663 75.772 0.07098595 1.51762e-07
1760476105.672 75.832 0.07101017 1.08201e-07
1760476105.681 75.892 0.07101017 1.62453e-07
1760476105.691 75.952 0.07103158 1.33144e-07
1760476105.701 76.013 0.07102599 1.85030e-07
1760476105.711 76.073 0.07105765 1.44061e-07
1760476105.721 76.133 0.07110049 1.64718e-07
1760476105.731 76.193 0.07111166 2.12047e-07
1760476105.741 76.253 0.07111632 1.66183e-07
1760476105.751 76.313 0.07114146 1.34909e-07
1760476105.763 76.373 0.07118056 2.13214e-07
1760476105.771 76.432 0.07119732 1.61237e-07
1760476105.780 76.492 0.07119732 2.09762e-07
1760476105.790 76.552 0.07121409 1.47186e-07
1760476105.800 76.612 0.07125040 1.92119e-07
1760476105.810 76.671 0.07132582 1.39024e-07
1760476105.820 76.731 0.07132768 1.46905e-07
1760476105.830 76.790 0.07133793 1.84463e-07
1760476105.840 76.850 0.07137889 1.21827e-07
1760476105.850 76.909 0.07142732 1.50077e-07
1760476105.860 76.969 0.07140962 9.66334e-08
1760476105.870 77.028 0.07148784 1.09886e-07
1760476105.880 77.087 0.07153905 1.47747e-07
1760476105.890 77.147 0.07155860 8.59752e-08
1760476105.900 77.206 0.07161633 1.26421e-07
1760476105.910 77.265 0.07170665 8.83567e-08
1760476105.920 77.324 0.07176252 1.16065e-07
1760476105.935 77.383 0.07189102 1.19082e-07
1760476105.941 77.442 0.07197202 1.81973e-07
1760476105.950 77.501 0.07197202 1.81555e-07
1760476105.960 77.560 0.07200089 1.43732e-07
1760476105.993 77.619 0.07223647 1.67861e-07
1760476106.009 77.678 0.07231375 3.27322e-07
1760476106.015 77.737 0.07236869 3.31223e-07
1760476106.021 77.796 0.07244877 2.97950e-07
1760476106.030 77.855 0.07244877 3.74922e-07
1760476106.040 77.913 0.07247763 3.33439e-07
1760476106.050 77.972 0.07254374 3.55307e-07
1760476106.060 78.031 0.07262196 2.71744e-07
1760476106.070 78.089 0.07268900 2.21076e-07
1760476106.080 78.148 0.07274300 2.34649e-07
1760476106.090 78.206 0.07280632 1.13521e-07
1760476106.100 78.265 0.07287244 1.25574e-07
1760476106.110 78.323 0.07291713 6.47783e-08
1760476106.120 78.381 0.07297392 8.68903e-08
1760476106.130 78.440 0.07303166 1.39227e-07
1760476106.140 78.498 0.07308660 1.03194e-07
1760476106.150 78.556 0.07311825 1.78044e-07
1760476106.160 78.614 0.07317784 2.09782e-07
1760476106.170 78.672 0.07320206 3.67220e-07
1760476106.180 78.730 0.07324116 6.18491e-07
1760476106.190 78.788 0.07326910 9.10714e-07
1760476106.200 78.846 0.07332031 1.44176e-06
1760476106.210 78.904 0.07339294 2.65895e-06
1760476106.220 78.962 0.07344415 3.58528e-06
1760476106.230 79.020 0.07348139 5.12803e-06
1760476106.240 79.078 0.07351491 7.13089e-06
1760476106.250 79.136 0.07354192 9.33387e-06
1760476106.260 79.194 0.07356054 1.18267e-05
1760476106.270 79.251 0.07361361 1.45955e-05
1760476106.280 79.309 0.07370859 1.63627e-05
1760476106.290 79.367 0.07372814 1.72530e-05
1760476106.300 79.424 0.07379519 1.72194e-05
1760476106.310 79.482 0.07385851 1.64061e-05
1760476106.320 79.539 0.07388365 1.52293e-05
1760476106.330 79.597 0.07392555 1.34439e-05
1760476106.340 79.654 0.07401494 1.12219e-05
1760476106.350 79.711 0.07407453 8.38261e-06
1760476106.360 79.769 0.07414716 5.66235e-06
1760476106.370 79.826 0.07418067 3.54680e-06
1760476106.380 79.883 0.07423841 2.33283e-06
1760476106.390 79.940 0.07428124 1.50359e-06
1760476106.400 79.998 0.07434456 1.13835e-06
1760476106.410 80.055 0.07439484 7.50481e-07
1760476106.420 80.112 0.07446002 5.37179e-07
1760476106.430 80.169 0.07454010 3.72718e-07
1760476106.440 80.226 0.07460807 1.49639e-07
1760476106.450 80.283 0.07467325 1.39506e-07
1760476106.460 80.340 0.07473191 6.56729e-08
1760476106.470 80.397 0.07478778 8.44328e-08
1760476106.480 80.454 0.07482968 1.09761e-07
1760476106.490 80.510 0.07484737 3.15438e-08
1760476106.500 80.567 0.07490231 7.37742e-08
1760476106.510 80.624 0.07498704 3.26320e-08
1760476106.616 80.680 0.07559228 2.25016e-08
1760476106.660 80.737 0.07573195 1.10996e-08
1760476106.675 80.794 0.07581295 -6.00840e-09
1760476106.682 80.850 0.07585951 3.84558e-08
1760476106.690 80.907 0.07585951 -5.49630e-09
1760476106.700 80.963 0.07585858 5.00199e-08
1760476106.751 81.020 0.07597684 6.58980e-08
1760476106.760 81.076 0.07597311 1.71132e-07
1760476106.770 81.132 0.07597311 1.49947e-07
1760476106.780 81.189 0.07597591 1.87055e-07
1760476106.790 81.245 0.07600942 1.27974e-07
1760476106.800 81.301 0.07598708 1.88294e-07
1760476106.810 81.358 0.07600942 1.61961e-07
1760476106.820 81.414 0.07600756 1.49517e-07
1760476106.832 81.470 0.07602712 2.20963e-07
1760476106.840 81.526 0.07604667 1.90762e-07
1760476106.850 81.582 0.07604667 2.28162e-07
1760476106.862 81.638 0.07606250 2.26365e-07
1760476106.870 81.694 0.07606250 1.62699e-07
1760476106.880 81.750 0.07608112 2.66384e-07
1760476106.890 81.806 0.07612209 1.89689e-07
1760476106.900 81.862 0.07617982 2.35261e-07
1760476106.910 81.918 0.07619286 1.98124e-07
1760476106.920 81.973 0.07623662 2.24902e-07
1760476106.930 82.029 0.07628224 2.50837e-07
1760476106.940 82.085 0.07632042 1.71244e-07
1760476106.950 82.140 0.07636698 1.95838e-07
1760476106.960 82.196 0.07642192 1.76718e-07
1760476106.970 82.252 0.07643402 1.67913e-07
1760476106.980 82.307 0.07646196 1.63862e-07
1760476106.990 82.363 0.07653272 7.38486e-08
1760476107.000 82.418 0.07662304 1.14777e-07
1760476107.010 82.474 0.07664725 5.51710e-08
1760476107.020 82.529 0.07670032 8.51968e-08
1760476107.030 82.584 0.07674037 8.95812e-08
1760476107.040 82.640 0.07684000 2.46582e-08
1760476107.080 82.695 0.07711654 4.29395e-08
1760476107.141 82.750 0.07747410 2.76591e-08
1760476107.150 82.806 0.07747410 6.84382e-08
1760476107.199 82.861 0.07774506 7.62680e-08
1760476107.206 82.916 0.07780837 3.96211e-08
1760476107.214 82.971 0.07782048 1.07940e-07
1760476107.220 83.026 0.07782700 9.04322e-08
1760476107.230 83.081 0.07782700 1.76253e-07
1760476107.240 83.136 0.07785307 1.58571e-07
1760476107.250 83.191 0.07788752 3.10998e-07
1760476107.260 83.246 0.07789032 3.60121e-07
1760476107.270 83.301 0.07789683 5.38840e-07
1760476107.280 83.356 0.07791173 7.19392e-07
1760476107.290 83.411 0.07793874 7.94801e-07
1760476107.300 83.465 0.07797877 1.02598e-06
1760476107.310 83.520 0.07797877 1.19884e-06
1760476107.320 83.575 0.07799367 1.48620e-06
1760476107.330 83.630 0.07800298 1.79462e-06
1760476107.340 83.684 0.07800671 1.97503e-06
1760476107.350 83.739 0.07800950 2.44693e-06
1760476107.360 83.793 0.07800391 2.72844e-06
1760476107.370 83.848 0.07802905 3.38191e-06
1760476107.380 83.902 0.07803836 4.13557e-06
1760476107.390 83.957 0.07804767 4.83268e-06
1760476107.400 84.011 0.07810634 6.06139e-06
1760476107.410 84.066 0.07815289 7.83268e-06
1760476107.420 84.120 0.07817618 1.03168e-05
1760476107.430 84.174 0.07821156 1.38772e-05
1760476107.440 84.229 0.07828139 1.94669e-05
1760476107.450 84.283 0.07835309 2.87228e-05
1760476107.460 84.337 0.07837543 3.78087e-05
1760476107.470 84.391 0.07843782 5.04111e-05
1760476107.480 84.446 0.07851604 6.46818e-05
1760476107.490 84.500 0.07853745 7.97622e-05
1760476107.500 84.554 0.07858308 9.63094e-05
1760476107.510 84.608 0.07863429 1.14680e-04
1760476107.520 84.662 0.07870412 1.32434e-04
1760476107.530 84.716 0.07877117 1.42291e-04
1760476107.540 84.770 0.07885125 1.43301e-04
1760476107.549 84.824 0.07894622 1.32034e-04
1760476107.560 84.878 0.07898347 1.18826e-04
1760476107.569 84.931 0.07902723 1.02743e-04
1760476107.579 84.985 0.07911010 8.53148e-05
1760476107.589 85.039 0.07916970 6.14031e-05
1760476107.639 85.093 0.07943972 5.96277e-06
1760476107.646 85.146 0.07951980 4.82810e-06
1760476107.652 85.200 0.07958218 3.86292e-06
1760476107.659 85.254 0.07958218 2.83368e-06
1760476107.669 85.307 0.07962223 2.10819e-06
1760476107.679 85.361 0.07967995 1.26305e-06
1760476107.689 85.414 0.07971813 6.73819e-07
1760476107.699 85.468 0.07977121 4.13794e-07
1760476107.709 85.521 0.07981032 2.24469e-07
1760476107.719 85.575 0.07984756 1.54517e-07
1760476107.729 85.628 0.07989505 1.03841e-07
1760476107.739 85.682 0.07993602 1.83927e-08
1760476107.749 85.735 0.07996116 6.24588e-08
1760476107.759 85.788 0.08001330 1.47212e-08
1760476107.769 85.842 0.08005893 5.77628e-08
1760476107.817 85.895 0.08017160 2.99389e-08
1760476107.824 85.948 0.08024143 1.54841e-08
1760476107.830 86.001 0.08026937 4.81933e-08
1760476107.878 86.054 0.08041648 7.09722e-08
1760476107.884 86.107 0.08045838 2.74358e-08
1760476107.933 86.160 0.08068651 5.57307e-08
1760476107.939 86.214 0.08068651 2.33068e-08
1760476107.949 86.267 0.08072190 5.73830e-08
1760476107.997 86.319 0.08086063 6.95416e-08
1760476108.048 86.372 0.08101614 7.45292e-08
1760476108.098 86.425 0.08110180 6.00839e-08
1760476108.188 86.478 0.08119305 -6.93270e-09
1760476108.195 86.531 0.08121446 4.15872e-08
1760476108.202 86.584 0.08123775 -3.56269e-08
1760476108.243 86.637 0.08128803 1.12075e-08
1760476108.258 86.689 0.08128803 -5.64180e-09
1760476108.265 86.742 0.08130199 3.92847e-08
1760476108.271 86.795 0.08130013 -6.81600e-10
1760476108.279 86.847 0.08130013 5.30356e-08
1760476108.289 86.900 0.08130199 -2.98278e-08
1760476108.299 86.953 0.08130944 4.21131e-08
1760476108.340 87.005 0.08136159 1.56316e-08
1760476108.355 87.058 0.08138580 8.04150e-09
1760476108.362 87.110 0.08141280 5.67557e-08
1760476108.369 87.163 0.08141280 -1.74511e-08
1760476108.418 87.215 0.08154595 1.07375e-08
1760476108.486 87.268 0.08180201 -1.21434e-08
1760476108.536 87.320 0.08193982 -3.67460e-09
1760476108.542 87.372 0.08199475 5.13208e-08
1760476108.549 87.425 0.08199475 6.02238e-08
1760476108.597 87.477 0.08212139 5.06256e-08
1760476108.647 87.529 0.08215491 5.06903e-08
1760476108.724 87.581 0.08221636 1.98739e-08
1760476108.731 87.633 0.08222196 6.84287e-08
1760476108.780 87.686 0.08228155 6.16174e-08
1760476108.789 87.738 0.08228155 1.35530e-09
1760476108.799 87.790 0.08227130 7.81857e-08
1760476108.809 87.842 0.08229365 2.72798e-08
1760476108.819 87.894 0.08231879 6.79994e-08
1760476108.829 87.946 0.08235511 5.33040e-08
1760476108.839 87.998 0.08238304 1.37016e-08
1760476108.849 88.050 0.08237838 8.34425e-08
1760476108.859 88.102 0.08238770 4.02080e-08
1760476108.869 88.154 0.08240073 7.88973e-08
1760476108.879 88.205 0.08239980 5.92780e-08
1760476108.889 88.257 0.08240725 2.04943e-08
1760476108.899 88.309 0.08241656 9.17969e-08
1760476108.909 88.361 0.08246126 4.98160e-08
1760476108.919 88.412 0.08249943 9.77415e-08
1760476108.929 88.464 0.08249012 6.08792e-08
1760476108.939 88.516 0.08252457 4.70955e-08
1760476108.949 88.567 0.08257299 1.31426e-07
1760476108.959 88.619 0.08256927 8.63114e-08
1760476108.969 88.671 0.08260186 1.40586e-07
1760476108.979 88.722 0.08263631 1.12865e-07
1760476108.989 88.774 0.08265865 1.33739e-07
1760476108.999 88.825 0.08273315 2.44413e-07
1760476109.009 88.877 0.08274059 2.31877e-07
1760476109.019 88.928 0.08281043 3.64049e-07
1760476109.029 88.979 0.08283929 4.37610e-07
1760476109.039 89.031 0.08291751 5.44194e-07
1760476109.049 89.082 0.08295476 9.68987e-07
1760476109.059 89.133 0.08300038 1.31039e-06
1760476109.069 89.185 0.08305439 1.83128e-06
1760476109.079 89.236 0.08308325 2.72940e-06
1760476109.089 89.287 0.08316892 3.10270e-06
1760476109.099 89.338 0.08322758 4.30404e-06
1760476109.109 89.390 0.08325551 5.09952e-06
1760476109.119 89.441 0.08330672 6.11729e-06
1760476109.129 89.492 0.08338401 7.24062e-06
1760476109.139 89.543 0.08342311 8.08518e-06
1760476109.149 89.594 0.08349947 9.06149e-06
1760476109.159 89.645 0.08354324 9.43326e-06
1760476109.169 89.696 0.08360748 9.45991e-06
1760476109.179 89.747 0.08362796 9.11363e-06
1760476109.189 89.798 0.08367825 8.43750e-06
1760476109.199 89.849 0.08375832 7.82089e-06
1760476109.209 89.899 0.08381140 6.69536e-06
1760476109.219 89.950 0.08385516 5.79888e-06
1760476109.229 90.001 0.08390265 4.61647e-06
1760476109.277 90.052 0.08415685 1.66821e-06
1760476109.286 90.103 0.08418292 6.35989e-07
1760476109.292 90.153 0.08420807 5.67314e-07
1760476109.299 90.204 0.08420807 5.33936e-07
1760476109.309 90.255 0.08428162 4.37339e-07
1760476109.318 90.305 0.08436542 3.69978e-07
1760476109.329 90.356 0.08432353 2.57283e-07
1760476109.339 90.407 0.08439615 1.87529e-07
1760476109.349 90.457 0.08448647 1.54686e-07
1760476109.358 90.508 0.08448647 9.76424e-08
1760476109.368 90.558 0.08452930 1.12602e-07
1760476109.378 90.609 0.08455817 5.38307e-08
1760476109.388 90.659 0.08461311 5.34105e-08
1760476109.398 90.709 0.08462521 8.97605e-08
1760476109.447 90.760 0.08481982 5.61377e-08
1760476109.453 90.810 0.08484775 -2.98090e-09
1760476109.460 90.860 0.08484589 4.75600e-08
1760476109.468 90.911 0.08484589 6.56981e-08
1760476109.478 90.961 0.08489431 2.04640e-08
1760476109.488 91.011 0.08496414 3.11183e-08
1760476109.498 91.062 0.08499953 7.69709e-08
1760476109.546 91.112 0.08518482 6.31735e-08
1760476109.553 91.162 0.08521555 -1.62160e-09
1760476109.601 91.212 0.08538874 4.82683e-08
1760476109.609 91.262 0.08538874 2.33488e-08
1760476109.619 91.312 0.08544182 6.97672e-08
1760476109.629 91.362 0.08547347 3.34686e-08
1760476109.639 91.412 0.08554424 2.93990e-08
1760476109.649 91.462 0.08559266 8.56947e-08
1760476109.697 91.512 0.08569602 8.87117e-08
1760476109.704 91.562 0.08571557 2.45390e-08
1760476109.710 91.612 0.08575095 9.23888e-08
1760476109.718 91.662 0.08575095 8.51864e-08
1760476109.728 91.712 0.08577144 4.37395e-08
1760476109.738 91.762 0.08575747 6.35581e-08
1760476109.748 91.811 0.08579937 1.04896e-07
1760476109.833 91.861 0.08602005 6.74951e-08
1760476109.839 91.911 0.08605078 3.68501e-08
1760476109.848 91.961 0.08605078 7.75926e-08
1760476109.914 92.010 0.08626773 5.41944e-08
1760476109.967 92.060 0.08640926 6.99670e-08
1760476109.973 92.110 0.08644185 3.07451e-08
1760476109.979 92.159 0.08646420 8.33631e-08
1760476109.988 92.209 0.08646420 1.76945e-08
1760476109.998 92.258 0.08649307 1.07134e-07
1760476110.008 92.308 0.08647817 4.79696e-08
1760476110.018 92.358 0.08647817 9.70438e-08
1760476110.028 92.407 0.08651169 5.74266e-08
1760476110.038 92.456 0.08655359 8.22594e-08
1760476110.048 92.506 0.08653404 1.29109e-07
1760476110.058 92.555 0.08655359 7.27791e-08
1760476110.068 92.605 0.08657966 1.18366e-07
1760476110.078 92.654 0.08658804 7.77608e-08
1760476110.088 92.703 0.08656849 1.11296e-07
1760476110.098 92.753 0.08659177 1.47051e-07
1760476110.108 92.802 0.08660201 8.17746e-08
1760476110.118 92.851 0.08661597 1.27097e-07
1760476110.128 92.900 0.08660480 9.12925e-08
1760476110.138 92.950 0.08664204 1.40030e-07
1760476110.148 92.999 0.08665043 1.65031e-07
1760476110.158 93.048 0.08670909 9.14977e-08
1760476110.168 93.097 0.08675472 1.42072e-07
1760476110.178 93.146 0.08676310 1.06297e-07
1760476110.188 93.195 0.08680313 1.48755e-07
1760476110.198 93.244 0.08685807 1.71549e-07
1760476110.208 93.293 0.08690277 9.66310e-08
1760476110.218 93.342 0.08693535 1.42985e-07
1760476110.228 93.391 0.08697540 1.02100e-07
1760476110.238 93.440 0.08701450 1.42578e-07
1760476110.248 93.489 0.08707595 1.55700e-07
1760476110.258 93.538 0.08712065 7.18329e-08
1760476110.268 93.587 0.08717279 1.12261e-07
1760476110.278 93.636 0.08723611 6.41454e-08
1760476110.288 93.684 0.08730874 9.58608e-08
1760476110.298 93.733 0.08735995 1.06353e-07
1760476110.308 93.782 0.08740651 3.09809e-08
1760476110.318 93.831 0.08746051 6.66100e-08
1760476110.328 93.879 0.08754525 2.39066e-08
1760476110.338 93.928 0.08760391 6.69739e-08
1760476110.386 93.977 0.08784414 7.42283e-08
1760476110.393 94.025 0.08788046 3.35999e-08
1760476110.399 94.074 0.08797916 7.78111e-08
1760476110.447 94.123 0.08811603 7.01850e-08
1760476110.454 94.171 0.08816445 8.18090e-09
1760476110.461 94.220 0.08819053 8.92238e-08
1760476110.468 94.268 0.08819053 6.17441e-08
1760476110.478 94.317 0.08822218 2.28831e-08
1760476110.488 94.365 0.08827339 6.52082e-08
1760476110.498 94.414 0.08833299 7.87152e-08
1760476110.546 94.462 0.08846335 7.63767e-08
1760476110.552 94.510 0.08851177 5.26930e-09
1760476110.600 94.559 0.08858998 5.34622e-08
1760476110.608 94.607 0.08858998 1.37145e-08
1760476110.618 94.655 0.08861139 5.98321e-08
1760476110.628 94.704 0.08863561 1.39876e-08
1760476110.638 94.752 0.08864957 2.38420e-08
1760476110.648 94.800 0.08868123 8.14718e-08
1760476110.697 94.848 0.08876503 6.41411e-08
1760476110.704 94.896 0.08879390 -2.33190e-09
1760476110.710 94.945 0.08883952 4.50085e-08
1760476110.718 94.993 0.08883952 6.77649e-08
1760476110.728 95.041 0.08888608 2.13612e-08
1760476110.738 95.089 0.08891867 7.19650e-08
1760476110.748 95.137 0.08894288 8.21424e-08
1760476110.758 95.185 0.08892612 1.39368e-08
1760476110.768 95.233 0.08897175 7.34931e-08
1760476110.778 95.281 0.08903692 3.93771e-08
1760476110.788 95.329 0.08903413 8.99046e-08
1760476110.798 95.377 0.08903785 9.78022e-08
1760476110.808 95.425 0.08910024 3.86785e-08
1760476110.818 95.473 0.08914028 1.04447e-07
1760476110.828 95.521 0.08915145 7.36452e-08
1760476110.838 95.569 0.08919149 1.32962e-07
1760476110.848 95.616 0.08920453 1.46859e-07
1760476110.858 95.664 0.08921757 9.37210e-08
1760476110.868 95.712 0.08925388 1.78880e-07
1760476110.878 95.760 0.08929485 1.76278e-07
1760476110.888 95.807 0.08935165 2.06015e-07
1760476110.939 95.855 0.08958722 5.21572e-07
1760476110.948 95.903 0.08958722 1.66203e-06
1760476110.958 95.950 0.08968313 2.39955e-06
1760476110.968 95.998 0.08968313 3.00863e-06
1760476110.978 96.046 0.08976042 3.93326e-06
1760476110.988 96.093 0.08976880 5.18503e-06
1760476110.998 96.141 0.08979859 6.54581e-06
1760476111.008 96.188 0.08987495 8.06304e-06
1760476111.018 96.236 0.08991964 9.88838e-06
1760476111.028 96.283 0.08994105 1.13790e-05
1760476111.038 96.331 0.08996899 1.31690e-05
1760476111.048 96.378 0.09004069 1.47774e-05
1760476111.058 96.426 0.09008911 1.61406e-05
1760476111.068 96.473 0.09012914 1.73076e-05
1760476111.078 96.520 0.09016173 1.82747e-05
1760476111.088 96.568 0.09021109 1.87677e-05
1760476111.098 96.615 0.09022319 1.89294e-05
1760476111.108 96.662 0.09025298 1.84612e-05
1760476111.118 96.710 0.09032748 1.79225e-05
1760476111.128 96.757 0.09034051 1.70699e-05
1760476111.138 96.804 0.09038800 1.61238e-05
1760476111.148 96.851 0.09039918 1.50511e-05
1760476111.158 96.899 0.09044387 1.35615e-05
1760476111.168 96.946 0.09050439 1.22033e-05
1760476111.178 96.993 0.09050626 1.11515e-05
1760476111.188 97.040 0.09051836 9.67434e-06
1760476111.198 97.087 0.09055840 8.49043e-06
1760476111.208 97.134 0.09061334 7.04632e-06
1760476111.218 97.181 0.09061892 5.87579e-06
1760476111.229 97.228 0.09069714 4.42036e-06
1760476111.238 97.275 0.09069714 3.68879e-06
1760476111.248 97.322 0.09074928 2.78257e-06
1760476111.258 97.369 0.09076790 2.06348e-06
1760476111.268 97.416 0.09081167 1.55216e-06
1760476111.278 97.463 0.09087685 1.18539e-06
1760476111.287 97.510 0.09091688 9.24178e-07
1760476111.298 97.557 0.09094668 8.26574e-07
1760476111.308 97.604 0.09098672 6.22870e-07
1760476111.318 97.651 0.09104725 5.68854e-07
1760476111.328 97.697 0.09109380 4.19586e-07
1760476111.338 97.744 0.09112732 3.56131e-07
1760476111.348 97.791 0.09119995 2.93433e-07
1760476111.358 97.838 0.09134521 1.57003e-07
1760476111.368 97.884 0.09134521 1.62787e-07
1760476111.378 97.931 0.09137873 8.39729e-08
1760476111.388 97.978 0.09142435 9.91355e-08
1760476111.398 98.024 0.09148487 9.19748e-08
1760476111.408 98.071 0.09150443 2.54670e-09
1760476111.418 98.118 0.09155006 4.59820e-08
1760476111.488 98.164 0.09191413 1.34971e-08
1760476111.498 98.211 0.09191413 9.13094e-09
1760476111.508 98.257 0.09193648 7.90200e-09
1760476111.518 98.304 0.09199421 1.89721e-08
1760476111.528 98.350 0.09202493 2.05076e-09
1760476111.543 98.397 0.09213201 -7.35600e-10
1760476111.550 98.443 0.09213481 3.44132e-08
1760476111.558 98.490 0.09213481 -8.12510e-09
1760476111.567 98.536 0.09216926 2.17276e-08
1760476111.609 98.582 0.09234711 -8.82770e-09
1760476111.618 98.629 0.09234711 8.63169e-09
1760476111.628 98.675 0.09234804 -9.73204e-09
1760476111.638 98.721 0.09236759 1.05157e-08
1760476111.648 98.768 0.09241322 -2.49809e-09
1760476111.658 98.814 0.09244115 -7.13021e-09
1760476111.668 98.860 0.09244115 9.66720e-10
1760476111.677 98.906 0.09247188 -1.66722e-08
1760476111.688 98.953 0.09249702 2.24844e-09
1760476111.698 98.999 0.09249609 -1.55083e-08
1760476111.708 99.045 0.09250819 -1.47523e-08
1760476111.717 99.091 0.09253706 -6.84800e-09
1760476111.732 99.137 0.09261621 7.95940e-09
1760476111.739 99.183 0.09260783 -3.04919e-08
1760476111.780 99.229 0.09277915 -1.59883e-08
1760476111.788 99.276 0.09277915 -1.77345e-08
1760476111.802 99.322 0.09281826 -3.89447e-08
1760476111.810 99.368 0.09285830 3.14080e-08
1760476111.852 99.414 0.09302125 5.77069e-09
1760476111.858 99.460 0.09307525 -1.41492e-08
1760476111.868 99.505 0.09307525 4.37911e-09
1760476111.877 99.551 0.09311622 -7.59790e-09
1760476111.887 99.597 0.09313019 1.68125e-08
1760476111.897 99.643 0.09315720 -1.34570e-10
1760476111.907 99.689 0.09323913 1.92284e-08
1760476111.920 99.735 0.09328290 -1.14395e-08
1760476111.927 99.781 0.09328290 1.70914e-08
1760476111.937 99.827 0.09331269 5.94839e-08
1760476111.947 99.872 0.09334156 2.67278e-08
1760476111.957 99.918 0.09339277 1.89200e-09
1760476111.967 99.964 0.09345422 8.29631e-08
1760476112.030 100.010 0.09363766 7.02450e-08
1760476112.039 100.055 0.09363021 5.04792e-08
1760476112.047 100.101 0.09363021 9.92088e-08
1760476112.057 100.147 0.09366839 1.81686e-08
1760476112.067 100.192 0.09370936 8.41971e-08
1760476112.077 100.238 0.09375405 3.98346e-08
1760476112.087 100.283 0.09376988 7.98047e-08
1760476112.097 100.329 0.09380154 3.48692e-08
1760476112.147 100.375 0.09398683 5.78196e-08
1760476112.157 100.420 0.09398683 3.23700e-10
1760476112.167 100.466 0.09400359 6.66886e-08
1760476112.177 100.511 0.09405015 1.82058e-08
1760476112.187 100.557 0.09409205 5.58609e-08
1760476112.197 100.602 0.09414047 4.42352e-08
1760476112.207 100.647 0.09416375 -2.27470e-09
1760476112.217 100.693 0.09415351 6.60628e-08
1760476112.265 100.738 0.09432484 5.26751e-08
1760476112.315 100.784 0.09444961 5.13303e-08
1760476112.365 100.829 0.09460418 5.08543e-08
1760476112.415 100.874 0.09470102 5.12636e-08
1760476112.465 100.920 0.09479226 5.46991e-08
1760476112.533 100.965 0.09483137 8.57300e-08
1760476112.584 101.010 0.09486303 1.00180e-07
1760476112.591 101.055 0.09488352 4.81672e-08
1760476112.597 101.101 0.09490400 9.43179e-08
1760476112.607 101.146 0.09490400 3.03019e-08
1760476112.617 101.191 0.09489283 1.14232e-07
1760476112.627 101.236 0.09484534 6.46814e-08
1760476112.637 101.281 0.09487420 1.13441e-07
1760476112.647 101.326 0.09491145 7.68511e-08
1760476112.657 101.372 0.09493939 7.16978e-08
1760476112.667 101.417 0.09493380 1.36676e-07
1760476112.677 101.462 0.09493659 8.34692e-08
1760476112.687 101.507 0.09495987 1.31116e-07
1760476112.697 101.552 0.09497663 9.96431e-08
1760476112.707 101.597 0.09497570 1.00026e-07
1760476112.717 101.642 0.09499805 1.77001e-07
1760476112.727 101.687 0.09501760 1.25082e-07
1760476112.737 101.732 0.09501202 1.81243e-07
1760476112.747 101.777 0.09502691 1.55065e-07
1760476112.757 101.822 0.09504088 1.72051e-07
1760476112.767 101.866 0.09505019 2.27664e-07
1760476112.779 101.911 0.09513679 2.88252e-07
1760476112.787 101.956 0.09513679 2.89209e-07
1760476112.797 102.001 0.09518520 2.89409e-07
1760476112.807 102.046 0.09520662 3.42318e-07
1760476112.817 102.091 0.09522524 4.71603e-07
1760476112.827 102.135 0.09528297 4.99503e-07
1760476112.837 102.180 0.09533884 6.76543e-07
1760476112.847 102.225 0.09538633 8.12036e-07
1760476112.857 102.270 0.09544313 1.10889e-06
1760476112.867 102.314 0.09549341 1.51695e-06
1760476112.877 102.359 0.09551576 2.37195e-06
1760476112.886 102.404 0.09553997 3.72121e-06
1760476112.896 102.448 0.09559770 5.19523e-06
1760476112.906 102.493 0.09564332 6.99061e-06
1760476112.916 102.537 0.09571130 1.06477e-05
1760476112.926 102.582 0.09577275 1.55633e-05
1760476112.936 102.627 0.09580534 2.36771e-05
1760476112.946 102.671 0.09586214 2.86810e-05
1760476112.956 102.716 0.09593477 3.64257e-05
1760476112.966 102.760 0.09596177 4.51883e-05
1760476112.976 102.805 0.09599063 5.50819e-05
1760476112.986 102.849 0.09605582 6.50313e-05
1760476112.996 102.893 0.09607351 7.51708e-05
1760476113.006 102.938 0.09614707 8.42873e-05
1760476113.016 102.982 0.09621038 9.50333e-05
1760476113.026 103.027 0.09623925 1.03521e-04
1760476113.036 103.071 0.09629884 1.12458e-04
1760476113.046 103.115 0.09631188 1.16502e-04
1760476113.056 103.160 0.09634540 1.23457e-04
1760476113.066 103.204 0.09642547 1.24996e-04
1760476113.076 103.248 0.09646831 1.26691e-04
1760476113.086 103.293 0.09649997 1.25022e-04
1760476113.137 103.337 0.09667595 9.98022e-05
1760476113.147 103.381 0.09667595 7.81705e-05
1760476113.157 103.425 0.09672903 6.85884e-05
1760476113.167 103.469 0.09677745 5.97205e-05
1760476113.177 103.514 0.09680631 4.96742e-05
1760476113.187 103.558 0.09683890 4.10895e-05
1760476113.197 103.602 0.09685380 3.35555e-05
1760476113.207 103.646 0.09692177 2.72878e-05
1760476113.217 103.690 0.09697764 2.17270e-05
1760476113.227 103.734 0.09700278 1.59665e-05
1760476113.237 103.778 0.09701302 1.29310e-05
1760476113.247 103.822 0.09705678 9.19401e-06
1760476113.257 103.866 0.09709589 6.70882e-06
1760476113.267 103.910 0.09714245 5.41723e-06
1760476113.277 103.954 0.09716014 4.03340e-06
1760476113.287 103.998 0.09719645 3.37947e-06
1760476113.297 104.042 0.09724022 2.75062e-06
1760476113.306 104.086 0.09726536 2.19401e-06
1760476113.316 104.130 0.09731191 1.95849e-06
1760476113.326 104.174 0.09732309 1.57680e-06
1760476113.336 104.218 0.09735009 1.44573e-06
1760476113.346 104.262 0.09736313 1.19167e-06
1760476113.356 104.305 0.09740317 1.01062e-06
1760476113.366 104.349 0.09743855 8.90196e-07
1760476113.376 104.393 0.09744506 7.08536e-07
1760476113.386 104.437 0.09748883 6.19247e-07
1760476113.396 104.481 0.09752701 4.86011e-07
1760476113.406 104.524 0.09755494 3.99404e-07
1760476113.416 104.568 0.09756891 3.71374e-07
1760476113.426 104.612 0.09762105 1.94012e-07
1760476113.436 104.655 0.09764992 1.85669e-07
1760476113.446 104.699 0.09768810 1.55693e-07
1760476113.456 104.743 0.09777004 1.11755e-07
1760476113.466 104.786 0.09782404 1.14914e-07
1760476113.514 104.830 0.09800282 7.12211e-08
1760476113.521 104.874 0.09806800 -9.78140e-09
1760476113.569 104.917 0.09831754 5.07338e-08
1760476113.619 104.961 0.09850842 5.09321e-08
1760476113.711 105.004 0.09867882 3.22262e-08
1760476113.718 105.048 0.09869186 6.34577e-08
1760476113.768 105.091 0.09871793 6.52988e-08
1760476113.776 105.135 0.09871793 1.96407e-08
1760476113.786 105.178 0.09873841 7.14364e-08
1760476113.835 105.222 0.09871979 7.01773e-08
1760476113.842 105.265 0.09875703 2.89667e-08
1760476113.848 105.309 0.09871234 5.95560e-08
1760476113.856 105.352 0.09871234 5.76410e-09
1760476113.866 105.395 0.09873376 7.61202e-08
1760476113.914 105.439 0.09879335 8.28843e-08
1760476113.921 105.482 0.09881197 8.73830e-09
1760476113.927 105.525 0.09880080 2.84785e-08
1760476113.936 105.569 0.09880080 7.22749e-08
1760476113.946 105.612 0.09883246 2.83115e-08
1760476113.956 105.655 0.09886691 6.41935e-08
1760476113.966 105.699 0.09887809 7.25950e-08
1760476114.014 105.742 0.09903265 6.91389e-08
1760476114.021 105.785 0.09905220 -4.51060e-09
1760476114.062 105.828 0.09918722 7.28727e-09
1760476114.076 105.871 0.09922447 -2.28768e-08
1760476114.086 105.915 0.09922447 1.23971e-08
1760476114.096 105.958 0.09927381 -2.99139e-08
1760476114.145 106.001 0.09937252 -4.23313e-08
1760476114.151 106.044 0.09944515 -2.12286e-08
1760476114.157 106.087 0.09943583 -6.12440e-08
1760476114.166 106.130 0.09943583 -1.16968e-08
1760476114.176 106.173 0.09945818 -9.23386e-08
1760476114.252 106.216 0.09961554 -4.69980e-08
1760476114.261 106.259 0.09963882 -7.43150e-08
1760476114.267 106.302 0.09966396 -3.31264e-08
1760476114.276 106.345 0.09966396 -7.88161e-08
1760476114.286 106.388 0.09967234 -4.56838e-08
1760476114.296 106.431 0.09971797 -8.02917e-08
1760476114.306 106.474 0.09970121 -3.70778e-08
1760476114.316 106.517 0.09970493 -3.05308e-08
1760476114.326 106.560 0.09975615 -9.33391e-08
1760476114.374 106.603 0.09984553 -5.59941e-08
1760476114.381 106.646 0.09983715 1.64200e-09
1760476114.429 106.689 0.09998055 -1.50917e-08
1760476114.480 106.732 0.10012115 2.30768e-08
1760476114.487 106.774 0.10014815 -1.82679e-08
1760476114.496 106.817 0.10014815 -3.54441e-08
1760476114.538 106.860 0.10026548 -6.06255e-09
1760476114.546 106.903 0.10026548 -1.35984e-08
1760476114.556 106.946 0.10027479 5.14728e-09
1760476114.566 106.988 0.10030458 -6.19284e-09
1760476114.576 107.031 0.10030924 -1.19786e-08
1760476114.586 107.074 0.10034462 4.92500e-10
1760476114.596 107.116 0.10036045 -1.49699e-08
1760476114.606 107.159 0.10039397 6.70197e-09
1760476114.616 107.202 0.10039769 -1.32971e-08
1760476114.626 107.244 0.10044332 -7.03306e-09
1760476114.636 107.287 0.10044146 1.59788e-09
1760476114.646 107.330 0.10043588 -9.02436e-09
1760476114.656 107.372 0.10043681 9.07820e-09
1760476114.666 107.415 0.10041631 -1.23747e-08
1760476114.676 107.457 0.10045357 -3.75280e-09
1760476114.685 107.500 0.10051874 2.33289e-09
1760476114.695 107.542 0.10051595 -1.11929e-08
1760476114.705 107.585 0.10052526 8.61485e-09
1760476114.715 107.627 0.10054947 -1.11818e-08
1760476114.725 107.670 0.10058113 -2.51507e-09
1760476114.735 107.712 0.10058019 3.49273e-09
1760476114.745 107.755 0.10062861 -6.86302e-09
1760476114.755 107.797 0.10065562 1.12207e-08
1760476114.804 107.839 0.10084277 1.16312e-08
1760476114.811 107.882 0.10088375 -1.13831e-08
1760476114.817 107.924 0.10093310 9.27408e-09
1760476114.825 107.967 0.10093310 -5.99921e-09
1760476114.835 108.009 0.10096569 5.55598e-09
1760476114.845 108.051 0.10099548 -3.41603e-09
1760476114.855 108.093 0.10103366 1.36837e-08
1760476114.865 108.136 0.10109605 -9.01557e-09
1760476114.875 108.178 0.10115098 2.08876e-09
1760476114.885 108.220 0.10117985 7.62246e-09
1760476114.895 108.263 0.10121709 -3.99900e-09
1760476114.905 108.305 0.10128042 1.65194e-08
1760476114.915 108.347 0.10133907 -7.48670e-10
1760476114.925 108.389 0.10132883 1.07579e-08
1760476114.935 108.431 0.10136328 1.92645e-08
1760476114.945 108.473 0.10142008 1.62839e-08
1760476114.959 108.516 0.10150853 1.39590e-08
1760476114.966 108.558 0.10155230 7.50810e-08
1760476115.017 108.600 0.10167335 1.12568e-07
1760476115.026 108.642 0.10172176 7.17579e-08
1760476115.036 108.684 0.10172176 1.17088e-07
1760476115.046 108.726 0.10178695 9.57071e-08
1760476115.055 108.768 0.10179533 1.42057e-07
1760476115.065 108.810 0.10182792 1.39120e-07
1760476115.075 108.852 0.10184188 9.99445e-08
1760476115.085 108.894 0.10186423 1.85974e-07
1760476115.122 108.936 0.10200111 1.51526e-07
1760476115.128 108.978 0.10203463 2.16285e-07
1760476115.136 109.020 0.10204208 2.29078e-07
1760476115.145 109.062 0.10204208 1.81744e-07
1760476115.155 109.104 0.10210260 2.35444e-07
1760476115.166 109.146 0.10214822 2.47463e-07
1760476115.175 109.188 0.10214822 2.02338e-07
1760476115.185 109.229 0.10219012 2.56186e-07
1760476115.195 109.271 0.10222645 2.10470e-07
1760476115.205 109.313 0.10223203 2.49288e-07
1760476115.215 109.355 0.10222179 2.19010e-07
1760476115.225 109.397 0.10227579 1.72489e-07
1760476115.235 109.438 0.10231769 2.46376e-07
1760476115.245 109.480 0.10236890 2.13346e-07
1760476115.255 109.522 0.10236332 2.35416e-07
1760476115.265 109.564 0.10238287 2.02354e-07
1760476115.275 109.605 0.10240709 1.46309e-07
1760476115.285 109.647 0.10244619 2.13823e-07
1760476115.295 109.689 0.10246575 1.61665e-07
1760476115.305 109.730 0.10251975 2.02788e-07
1760476115.335 109.772 0.10262589 1.47838e-07
1760476115.358 109.814 0.10273950 9.19399e-08
1760476115.365 109.855 0.10273950 1.34745e-07
1760476115.375 109.897 0.10278140 4.96073e-08
1760476115.385 109.939 0.10279257 1.01329e-07
1760476115.396 109.980 0.10285681 5.20619e-08
1760476115.406 110.022 0.10289593 8.82568e-08
