1789979689.019 31.727 0.03409441 1.38875e-06
1789979689.024 31.873 0.03409441 1.00640e-06
1789979689.034 32.018 0.03408510 1.26677e-06
1789979689.044 32.162 0.03406276 1.06102e-06
1789979689.054 32.306 0.03406276 1.25630e-06
1789979689.064 32.449 0.03407207 1.54610e-06
1789979689.074 32.591 0.03405717 1.01489e-06
1789979689.084 32.733 0.03406183 1.31149e-06
1789979689.094 32.874 0.03407021 1.45950e-06
1789979689.104 33.014 0.03405531 1.37347e-06
1789979689.114 33.154 0.03407579 1.37545e-06
1789979689.124 33.293 0.03406369 1.15979e-06
1789979689.134 33.432 0.03407021 1.60497e-06
1789979689.144 33.570 0.03408231 1.06102e-06
1789979689.154 33.708 0.03407952 1.38564e-06
1789979689.164 33.845 0.03410838 1.39469e-06
1789979689.174 33.981 0.03413259 1.44875e-06
1789979689.184 34.117 0.03417263 1.51186e-06
1789979689.194 34.253 0.03422477 1.32111e-06
1789979689.204 34.388 0.03429368 1.45327e-06
1789979689.214 34.522 0.03434768 1.04036e-06
1789979689.224 34.656 0.03441752 1.38365e-06
1789979689.234 34.789 0.03450411 9.59708e-07
1789979689.244 34.922 0.03460561 1.09810e-06
1789979689.254 35.054 0.03473224 7.69243e-07
1789979689.264 35.186 0.03484863 6.33116e-07
1789979689.274 35.317 0.03498272 2.25018e-07
1789979689.284 35.448 0.03511308 5.91756e-08
1789979689.294 35.579 0.03523785 1.13513e-07
1789979689.304 35.708 0.03539055 1.10642e-08
1789979689.314 35.838 0.03555071 8.49294e-08
1789979689.324 35.967 0.03570900 8.51715e-09
1789979689.334 36.095 0.03587753 3.48369e-08
1789979689.344 36.223 0.03604700 2.09695e-08
1789979689.354 36.351 0.03620343 5.68706e-09
1789979689.364 36.478 0.03636452 4.84213e-08
1789979689.374 36.605 0.03653305 9.36617e-09
1789979689.384 36.731 0.03669228 1.61584e-08
1789979689.394 36.857 0.03684592 3.25729e-08
1789979689.404 36.982 0.03700607 4.27202e-09
1789979689.414 37.107 0.03713084 2.04035e-08
1789979689.424 37.232 0.03727238 8.23414e-09
1789979689.434 37.356 0.03741484 1.24793e-08
1789979689.444 37.479 0.03752657 1.38943e-08
1789979689.454 37.603 0.03765787 1.44194e-09
1789979689.464 37.726 0.03779102 1.78564e-08
1789979689.474 37.848 0.03792976 4.83804e-09
1789979689.484 37.970 0.03801821 1.04982e-08
1789979689.494 38.092 0.03811691 1.53093e-08
1789979689.504 38.213 0.03822772 3.09907e-10
1789979689.514 38.334 0.03831525 1.75734e-08
1789979689.524 38.455 0.03838881 1.44194e-09
1789979689.534 38.575 0.03851171 1.10642e-08
1789979689.544 38.695 0.03861228 1.36113e-08
1789979689.554 38.814 0.03870725 1.44194e-09
1789979689.564 38.933 0.03879571 1.72904e-08
1789979689.574 39.052 0.03889162 1.44194e-09
1789979689.584 39.170 0.03897542 1.19132e-08
1789979689.594 39.288 0.03907039 1.38943e-08
1789979689.604 39.406 0.03916816 3.09907e-10
1789979689.614 39.523 0.03925197 1.81394e-08
1789979689.624 39.640 0.03934508 1.72495e-09
1789979689.634 39.757 0.03943354 1.10642e-08
1789979689.644 39.873 0.03953131 1.30453e-08
1789979689.654 39.989 0.03961790 5.92915e-10
1789979689.664 40.104 0.03972312 1.75734e-08
1789979689.674 40.220 0.03982741 1.44194e-09
1789979689.684 40.335 0.03993449 1.10642e-08
1789979689.694 40.449 0.04005088 1.33283e-08
1789979689.704 40.564 0.04015330 3.09907e-10
1789979689.714 40.677 0.04027063 1.67244e-08
1789979689.724 40.791 0.04036747 2.68983e-11
1789979689.734 40.904 0.04048386 1.02152e-08
1789979689.744 41.017 0.04061608 1.16302e-08
1789979689.754 41.130 0.04070547 3.09907e-10
1789979689.764 41.243 0.04080324 1.70074e-08
1789979689.774 41.355 0.04092894 1.15893e-09
1789979689.784 41.466 0.04104626 1.10642e-08
1789979689.794 41.578 0.04117942 1.30453e-08
1789979689.804 41.689 0.04127253 5.92915e-10
1789979689.814 41.800 0.04139358 1.78564e-08
1789979689.824 41.911 0.04149693 8.75923e-10
1789979689.834 42.021 0.04159656 1.13472e-08
1789979689.844 42.131 0.04170644 1.30453e-08
1789979689.854 42.241 0.04183028 -5.39118e-10
1789979689.864 42.350 0.04194667 1.70074e-08
1789979689.874 42.459 0.04203699 2.68983e-11
1789979689.884 42.568 0.04213103 1.13472e-08
1789979689.894 42.677 0.04226419 1.16302e-08
1789979689.904 42.785 0.04236475 2.68983e-11
1789979689.914 42.893 0.04244855 1.72904e-08
1789979689.924 43.001 0.04253515 1.72495e-09
1789979689.934 43.108 0.04266085 1.16302e-08
1789979689.944 43.216 0.04276514 1.30453e-08
1789979689.954 43.323 0.04283311 3.09907e-10
1789979689.964 43.429 0.04294205 1.75734e-08
1789979689.974 43.536 0.04303703 1.15893e-09
1789979689.984 43.642 0.04315435 1.16302e-08
1789979689.994 43.748 0.04324001 1.19132e-08
1789979690.004 43.854 0.04334989 -1.10514e-09
1789979690.014 43.959 0.04346721 1.70074e-08
1789979690.024 44.064 0.04352494 8.75923e-10
1789979690.034 44.169 0.04361899 1.07812e-08
1789979690.044 44.274 0.04372421 1.21963e-08
1789979690.054 44.378 0.04381266 2.68983e-11
1789979690.064 44.482 0.04390578 1.64414e-08
1789979690.074 44.586 0.04400820 2.00796e-09
1789979690.084 44.690 0.04412087 1.13472e-08
1789979690.094 44.793 0.04420653 1.24793e-08
1789979690.104 44.897 0.04430989 5.92915e-10
1789979690.114 45.000 0.04438531 1.70074e-08
1789979690.124 45.102 0.04448029 2.00796e-09
1789979690.134 45.205 0.04458085 1.16302e-08
1789979690.144 45.307 0.04465348 1.13472e-08
1789979690.154 45.409 0.04475590 2.68983e-11
1789979690.164 45.511 0.04487229 1.72904e-08
1789979690.174 45.613 0.04497844 2.29096e-09
1789979690.184 45.714 0.04507156 1.13472e-08
1789979690.194 45.815 0.04517584 1.16302e-08
1789979690.204 45.916 0.04525685 1.44194e-09
1789979690.214 46.017 0.04536021 1.75734e-08
1789979690.224 46.117 0.04544308 1.44194e-09
1789979690.234 46.218 0.04555668 1.19132e-08
1789979690.244 46.318 0.04566562 1.16302e-08
1789979690.254 46.417 0.04576618 -2.56110e-10
1789979690.264 46.517 0.04583695 1.78564e-08
1789979690.274 46.616 0.04593751 8.75923e-10
1789979690.284 46.716 0.04603249 1.13472e-08
1789979690.294 46.815 0.04611629 1.10642e-08
1789979690.304 46.913 0.04618892 3.09907e-10
1789979690.314 47.012 0.04629600 1.81394e-08
1789979690.324 47.110 0.04639935 1.44194e-09
1789979690.334 47.208 0.04650830 1.24793e-08
1789979690.344 47.306 0.04659582 1.27623e-08
1789979690.354 47.404 0.04668242 1.72495e-09
1789979690.364 47.502 0.04678019 1.78564e-08
1789979690.374 47.599 0.04687144 1.72495e-09
1789979690.384 47.696 0.04696455 1.13472e-08
1789979690.394 47.793 0.04705766 1.10642e-08
1789979690.404 47.890 0.04712471 3.09907e-10
1789979690.414 47.986 0.04721782 1.75734e-08
1789979690.424 48.083 0.04732304 1.44194e-09
1789979690.434 48.179 0.04740684 1.10642e-08
1789979690.444 48.275 0.04750275 1.16302e-08
1789979690.454 48.371 0.04758376 -5.39118e-10
1789979690.464 48.466 0.04767222 1.78564e-08
1789979690.474 48.562 0.04778674 2.00796e-09
1789979690.484 48.657 0.04786961 1.10642e-08
1789979690.494 48.752 0.04794876 1.36113e-08
1789979690.504 48.847 0.04803349 2.35166e-08
1789979690.514 48.942 0.04813033 4.92703e-08
1789979690.524 49.036 0.04823555 1.39267e-07
1789979690.534 49.130 0.04830259 2.22471e-07
1789979690.544 49.224 0.04840874 5.49629e-07
1789979690.554 49.318 0.04849627 7.39810e-07
1789979690.564 49.412 0.04859217 8.94050e-07
1789979690.574 49.506 0.04866108 9.54048e-07
1789979690.584 49.599 0.04877095 7.51131e-07
1789979690.594 49.692 0.04885010 9.58576e-07
1789979690.604 49.786 0.04891714 7.35282e-07
1789979690.614 49.878 0.04901305 5.49063e-07
1789979690.624 49.971 0.04910430 4.59066e-07
1789979690.634 50.064 0.04918624 2.91808e-07
1789979690.644 50.156 0.04930356 2.91808e-07
1789979690.654 50.248 0.04940040 1.49172e-07
1789979690.664 50.340 0.04945161 9.76647e-08
1789979690.674 50.432 0.04952331 1.06438e-07
1789979690.684 50.524 0.04960059 3.45539e-08
1789979690.694 50.615 0.04970116 1.98375e-08
1789979690.704 50.707 0.04981196 3.13999e-09
1789979690.714 50.798 0.04990880 1.81394e-08
1789979690.724 50.889 0.05000377 2.57397e-09
1789979690.734 50.980 0.05007268 4.16291e-08
1789979690.744 51.071 0.05017231 9.36617e-09
1789979690.754 51.161 0.05025611 6.25308e-09
1789979690.764 51.252 0.05032129 1.78564e-08
1789979690.773 51.342 0.05041720 -5.39118e-10
1789979690.783 51.432 0.05051311 1.10642e-08
1789979690.793 51.522 0.05056525 2.06865e-08
1789979690.803 51.612 0.05067791 2.29096e-09
1789979690.813 51.701 0.05075986 1.84224e-08
1789979690.823 51.791 0.05084459 2.00796e-09
1789979690.833 51.880 0.05093957 1.24793e-08
1789979690.843 51.969 0.05103174 1.67244e-08
1789979690.853 52.058 0.05112579 2.57397e-09
1789979690.863 52.147 0.05118445 2.01205e-08
1789979690.873 52.236 0.05126546 1.75734e-08
1789979690.883 52.324 0.05136230 7.10620e-08
1789979690.893 52.412 0.05143120 1.86812e-07
1789979690.903 52.501 0.05151873 5.26988e-07
1789979690.913 52.589 0.05162674 1.55119e-06
1789979690.923 52.677 0.05170682 2.93001e-06
1789979690.933 52.765 0.05175524 6.50978e-06
1789979690.943 52.852 0.05183718 9.92739e-06
1789979690.953 52.940 0.05191725 9.14912e-06
1789979690.963 53.027 0.05203831 8.56103e-06
1789979690.973 53.114 0.05212769 5.57416e-06
1789979690.983 53.201 0.05220404 7.82153e-06
1789979690.993 53.288 0.05226271 4.49420e-06
1789979691.003 53.375 0.05235302 2.37928e-06
1789979691.013 53.462 0.05244614 2.10561e-06
1789979691.023 53.548 0.05250853 2.17212e-06
1789979691.033 53.635 0.05258861 5.34064e-07
1789979691.043 53.721 0.05266682 4.16049e-07
1789979691.053 53.807 0.05278228 2.59545e-07
1789979691.063 53.893 0.05285770 1.86812e-07
1789979691.073 53.979 0.05292661 3.38788e-07
1789979691.083 54.064 0.05302065 1.24267e-07
1789979691.093 54.150 0.05311749 4.92178e-07
1789979691.103 54.235 0.05317056 1.38418e-07
1789979691.113 54.321 0.05325157 3.96238e-07
1789979691.123 54.406 0.05333816 1.20871e-07
1789979691.133 54.491 0.05341452 1.14079e-07
1789979691.143 54.576 0.05349925 1.33324e-07
1789979691.153 54.661 0.05357840 7.24770e-08
1789979691.163 54.745 0.05364265 1.74926e-07
1789979691.173 54.830 0.05373483 3.99311e-08
1789979691.183 54.914 0.05381305 6.00246e-08
1789979691.193 54.998 0.05387915 3.08748e-08
1789979691.203 55.082 0.05398717 4.89873e-08
1789979691.213 55.166 0.05404117 9.59667e-08
1789979691.223 55.250 0.05412777 1.89884e-08
1789979691.233 55.334 0.05420691 9.14386e-08
1789979691.243 55.417 0.05429723 1.38943e-08
1789979691.253 55.501 0.05437638 5.37985e-08
1789979691.263 55.584 0.05443970 1.61584e-08
1789979691.273 55.667 0.05454212 7.38920e-08
1789979691.283 55.751 0.05462592 2.29506e-08
1789979691.293 55.833 0.05469483 5.69116e-08
1789979691.303 55.916 0.05478235 1.98375e-08
1789979691.313 55.999 0.05486336 3.45539e-08
1789979691.323 56.082 0.05491923 3.20068e-08
1789979691.333 56.164 0.05503004 9.34196e-08
1789979691.343 56.246 0.05510732 4.72893e-08
1789979691.353 56.329 0.05517157 3.76670e-08
1789979691.363 56.411 0.05522650 3.48369e-08
1789979691.373 56.493 0.05531403 3.51199e-08
1789979691.383 56.575 0.05539411 9.14386e-08
1789979691.393 56.656 0.05547698 5.74776e-08
1789979691.403 56.738 0.05553471 4.05861e-07
1789979691.413 56.820 0.05559431 5.27190e-06
1789979691.423 56.901 0.05569394 3.97827e-06
1789979691.433 56.982 0.05579636 1.36741e-05
1789979691.443 57.064 0.05586806 1.70861e-05
1789979691.453 57.145 0.05592486 4.86845e-05
1789979691.463 57.226 0.05601518 6.93962e-05
1789979691.473 57.306 0.05610736 7.03723e-05
1789979691.483 57.387 0.05618744 6.76271e-05
1789979691.493 57.468 0.05624982 2.63945e-05
1789979691.503 57.548 0.05634946 3.17966e-05
1789979691.513 57.629 0.05641091 2.43888e-05
1789979691.523 57.709 0.05644350 1.05777e-05
1789979691.533 57.789 0.05653196 7.57786e-06
1789979691.543 57.869 0.05662228 4.86664e-06
1789979691.553 57.949 0.05671167 2.95548e-06
1789979691.563 58.029 0.05678802 1.61657e-06
1789979691.573 58.108 0.05687182 1.71138e-06
1789979691.583 58.188 0.05695935 3.62560e-07
1789979691.593 58.268 0.05700591 2.02095e-07
1789979691.603 58.347 0.05706550 1.31743e-06
1789979691.613 58.426 0.05715023 4.29916e-07
1789979691.623 58.505 0.05724614 1.38167e-06
1789979691.633 58.584 0.05733180 1.13206e-06
1789979691.643 58.663 0.05738208 1.77930e-06
1789979691.653 58.742 0.05744820 1.98024e-06
1789979691.663 58.821 0.05752827 1.88967e-06
1789979691.673 58.900 0.05759717 2.63710e-06
1789979691.683 58.978 0.05768936 7.80281e-07
1789979691.693 59.057 0.05774895 1.23423e-06
1789979691.703 59.135 0.05781320 8.87258e-07
1789979691.713 59.213 0.05789421 2.49640e-07
1789979691.723 59.291 0.05796963 6.05381e-07
1789979691.733 59.369 0.05806553 7.17453e-07
1789979691.743 59.447 0.05813537 2.04925e-07
1789979691.753 59.525 0.05817820 2.77375e-07
1789979691.763 59.603 0.05827597 1.85114e-07
1789979691.773 59.680 0.05836909 4.10631e-08
1789979691.783 59.758 0.05842867 1.54266e-07
1789979691.793 59.835 0.05849665 2.57806e-08
1789979691.803 59.913 0.05857300 5.74776e-08
1789979691.813 59.990 0.05864004 5.54965e-08
1789979691.823 60.067 0.05872571 3.00299e-07
1789979691.833 60.144 0.05879182 1.90774e-07
1789979691.843 60.221 0.05886724 5.21004e-08
1789979691.853 60.298 0.05894359 2.15113e-07
1789979691.863 60.374 0.05901716 1.44078e-07
1789979691.873 60.451 0.05907581 1.98982e-07
1789979691.883 60.528 0.05913355 4.38407e-07
1789979691.893 60.604 0.05921456 3.59447e-07
1789979691.903 60.680 0.05931140 9.93952e-07
1789979691.913 60.757 0.05937005 5.28969e-07
1789979691.923 60.833 0.05944082 1.32932e-06
1789979691.933 60.909 0.05953487 1.79260e-06
1789979691.943 60.985 0.05958608 8.37165e-07
1789979691.953 61.061 0.05967081 9.05936e-07
1789979691.963 61.136 0.05974437 2.74828e-07
1789979691.973 61.212 0.05981793 3.47561e-07
1789979691.983 61.288 0.05989428 2.04925e-07
1789979691.993 61.363 0.05993525 4.73217e-07
1789979692.003 61.438 0.06001719 4.62179e-07
1789979692.013 61.514 0.06009634 3.06242e-07
1789979692.023 61.589 0.06016338 7.38395e-07
1789979692.033 61.664 0.06023135 9.51177e-08
1789979692.043 61.739 0.06029560 6.10759e-07
1789979692.053 61.814 0.06037102 1.55115e-07
1789979692.063 61.889 0.06045017 1.75775e-07
1789979692.073 61.964 0.06054515 5.95759e-07
1789979692.083 62.038 0.06058984 3.62520e-08
1789979692.093 62.113 0.06065409 5.44818e-07
1789979692.103 62.187 0.06073696 5.28686e-07
1789979692.113 62.262 0.06079841 2.98884e-07
1789979692.123 62.336 0.06086173 1.57214e-06
1789979692.133 62.410 0.06095019 3.13321e-06
1789979692.143 62.484 0.06105541 8.47301e-06
1789979692.153 62.558 0.06110103 2.21443e-05
1789979692.163 62.632 0.06117180 3.44237e-05
1789979692.173 62.706 0.06126398 5.02861e-05
1789979692.183 62.780 0.06131985 8.23209e-05
1789979692.193 62.854 0.06138875 7.82193e-05
1789979692.203 62.927 0.06147162 9.75663e-05
1789979692.213 63.001 0.06152098 6.59370e-05
1789979692.223 63.074 0.06157870 6.35693e-05
1789979692.233 63.147 0.06162806 3.62483e-05
1789979692.243 63.221 0.06173421 1.96411e-05
1789979692.253 63.294 0.06182080 1.56283e-05
1789979692.263 63.367 0.06187201 7.20457e-06
1789979692.273 63.440 0.06193719 9.90362e-06
1789979692.283 63.513 0.06201448 3.17057e-06
1789979692.293 63.586 0.06207593 2.65181e-06
1789979692.303 63.659 0.06214111 1.49742e-06
1789979692.313 63.731 0.06220722 1.40035e-06
1789979692.323 63.804 0.06228171 3.00105e-06
1789979692.333 63.876 0.06235155 8.54146e-07
1789979692.343 63.949 0.06243721 7.80847e-07
1789979692.353 64.021 0.06249588 1.55115e-07
1789979692.363 64.093 0.06254988 1.28743e-06
1789979692.373 64.166 0.06262158 8.12261e-07
1789979692.383 64.238 0.06268582 1.60865e-06
1789979692.393 64.310 0.06275287 9.95650e-07
1789979692.403 64.382 0.06282363 4.51991e-07
1789979692.413 64.453 0.06289160 1.01829e-06
1789979692.423 64.525 0.06296889 1.11249e-07
1789979692.433 64.597 0.06304618 4.96140e-07
1789979692.443 64.669 0.06311321 7.04960e-08
1789979692.453 64.740 0.06318771 7.27358e-07
1789979692.463 64.812 0.06322961 1.40965e-07
1789979692.473 64.883 0.06329013 7.97261e-07
1789979692.483 64.954 0.06337672 1.28319e-06
1789979692.493 65.025 0.06344656 8.69104e-08
1789979692.503 65.097 0.06352012 1.39214e-06
1789979692.513 65.168 0.06360672 1.05169e-06
1789979692.523 65.239 0.06365327 2.45961e-07
1789979692.533 65.310 0.06370541 8.26128e-07
1789979692.542 65.380 0.06377432 1.47474e-07
1789979692.552 65.451 0.06385812 8.27543e-07
1789979692.562 65.522 0.06391585 3.92276e-07
1789979692.572 65.592 0.06398569 1.77817e-06
1789979692.582 65.663 0.06405739 1.78496e-06
1789979692.592 65.733 0.06410953 1.13149e-06
1789979692.602 65.804 0.06416540 3.18302e-06
1789979692.612 65.874 0.06427062 2.87086e-06
1789979692.622 65.944 0.06432276 2.62380e-06
1789979692.632 66.014 0.06438421 2.14664e-06
1789979692.642 66.085 0.06447267 2.07448e-06
1789979692.652 66.155 0.06454251 8.87541e-07
1789979692.662 66.225 0.06460024 8.09996e-07
1789979692.672 66.294 0.06464959 1.88793e-07
1789979692.682 66.364 0.06472873 7.08680e-07
1789979692.692 66.434 0.06478832 2.30396e-07
1789979692.702 66.504 0.06484233 9.66217e-07
1789979692.712 66.573 0.06489447 8.43109e-07
1789979692.722 66.643 0.06497362 3.09355e-07
1789979692.732 66.712 0.06505836 6.81511e-07
1789979692.742 66.781 0.06510305 2.30962e-07
1789979692.752 66.851 0.06516357 5.64628e-07
1789979692.762 66.920 0.06523899 6.22079e-07
1789979692.772 66.989 0.06530510 2.26716e-07
1789979692.782 67.058 0.06539170 1.35479e-06
1789979692.792 67.127 0.06544012 2.44829e-07
1789979692.802 67.196 0.06550344 4.92703e-08
1789979692.812 67.265 0.06557141 1.56620e-06
1789979692.822 67.334 0.06563566 8.97405e-08
1789979692.832 67.402 0.06569525 1.58176e-06
1789979692.842 67.471 0.06576136 4.48595e-07
1789979692.852 67.539 0.06584609 3.35392e-07
1789979692.862 67.608 0.06588520 7.47169e-07
1789979692.872 67.676 0.06594480 3.11578e-08
1789979692.882 67.745 0.06600997 6.87737e-07
1789979692.892 67.813 0.06607981 3.89446e-07
1789979692.902 67.881 0.06616361 3.25769e-07
1789979692.912 67.949 0.06620830 4.16615e-07
1789979692.922 68.018 0.06630607 5.37985e-08
1789979692.932 68.086 0.06634425 2.79922e-07
1789979692.942 68.154 0.06639826 2.29547e-07
1789979692.952 68.221 0.06648578 2.12525e-08
1789979692.962 68.289 0.06653606 3.62843e-07
1789979692.972 68.357 0.06658728 1.83699e-07
1789979692.982 68.425 0.06666363 2.91768e-08
1789979692.992 68.492 0.06672509 2.25868e-07
1789979693.002 68.560 0.06678561 1.27623e-08
1789979693.012 68.627 0.06685544 4.45765e-07
1789979693.022 68.695 0.06692435 2.97428e-08
1789979693.032 68.762 0.06698394 1.02197e-06
1789979693.042 68.829 0.06704633 4.83405e-07
1789979693.052 68.897 0.06713013 6.76659e-08
1789979693.062 68.964 0.06722231 1.43795e-07
1789979693.072 69.031 0.06725583 5.26988e-07
1789979693.082 69.098 0.06730518 1.29645e-07
1789979693.092 69.165 0.06737967 4.34162e-07
1789979693.102 69.232 0.06743088 3.93974e-07
1789979693.112 69.299 0.06748024 2.12283e-07
1789979693.122 69.365 0.06755845 3.40203e-07
1789979693.132 69.432 0.06763387 3.51199e-08
1789979693.142 69.499 0.06769719 4.29916e-07
1789979693.152 69.565 0.06775957 3.07940e-07
1789979693.162 69.632 0.06781451 3.20068e-08
1789979693.172 69.698 0.06786293 7.83677e-07
1789979693.182 69.765 0.06793184 1.45441e-06
1789979693.192 69.831 0.06801657 2.16504e-06
1789979693.202 69.897 0.06808547 3.23028e-06
1789979693.212 69.963 0.06812271 6.02612e-06
1789979693.222 70.029 0.06818324 1.71642e-05
1789979693.232 70.095 0.06827077 2.47358e-05
1789979693.242 70.161 0.06833223 4.54596e-05
1789979693.252 70.227 0.06839088 5.28266e-05
1789979693.262 70.293 0.06843651 6.38042e-05
1789979693.272 70.359 0.06848586 9.20388e-05
1789979693.282 70.425 0.06856966 8.56556e-05
1789979693.292 70.491 0.06864415 1.06315e-04
1789979693.302 70.556 0.06870002 5.58393e-05
1789979693.312 70.622 0.06875775 9.69488e-05
1789979693.322 70.687 0.06882200 7.69483e-05
1789979693.332 70.753 0.06886669 6.49516e-05
1789979693.342 70.818 0.06893932 4.70963e-05
1789979693.352 70.883 0.06900730 1.19888e-05
1789979693.362 70.949 0.06906502 1.19240e-05
1789979693.372 71.014 0.06912369 7.61748e-06
1789979693.382 71.079 0.06919538 6.31705e-06
1789979693.392 71.144 0.06927453 8.42688e-06
1789979693.402 71.209 0.06933040 3.89988e-06
1789979693.412 71.274 0.06937044 5.46322e-06
1789979693.422 71.339 0.06943934 2.37758e-06
1789979693.432 71.404 0.06952780 2.89605e-06
1789979693.442 71.469 0.06957901 1.89137e-06
1789979693.452 71.534 0.06962650 1.68393e-06
1789979693.462 71.598 0.06968237 2.39682e-06
1789979693.472 71.663 0.06974661 1.42129e-06
1789979693.482 71.727 0.06982111 9.63387e-07
1789979693.492 71.792 0.06987418 7.93299e-07
1789979693.502 71.856 0.06994495 8.90654e-07
1789979693.512 71.921 0.07000547 5.45101e-07
1789979693.522 71.985 0.07006320 2.93790e-07
1789979693.532 72.049 0.07011442 2.47376e-07
1789979693.542 72.114 0.07017773 4.80292e-07
1789979693.552 72.178 0.07027178 8.71934e-08
1789979693.562 72.242 0.07031461 3.69636e-07
1789979693.572 72.306 0.07037141 2.05208e-07
1789979693.582 72.370 0.07043007 4.75198e-07
1789979693.592 72.434 0.07048501 2.21056e-07
1789979693.602 72.498 0.07053528 2.81054e-07
1789979693.612 72.561 0.07060047 3.52089e-07
1789979693.622 72.625 0.07068520 3.39879e-08
1789979693.632 72.689 0.07075131 1.81435e-07
1789979693.642 72.753 0.07080159 1.42946e-07
1789979693.652 72.816 0.07083790 2.05491e-07
1789979693.662 72.880 0.07091519 2.02095e-07
1789979693.672 72.943 0.07098130 2.25302e-07
1789979693.682 73.007 0.07103065 1.53700e-07
1789979693.692 73.070 0.07108558 8.83255e-08
1789979693.702 73.133 0.07116194 2.88937e-08
1789979693.712 73.197 0.07121874 2.47376e-07
1789979693.722 73.260 0.07126716 4.07801e-08
1789979693.732 73.323 0.07132117 1.85397e-07
1789979693.742 73.386 0.07140403 3.65350e-08
1789979693.752 73.449 0.07146177 4.43501e-07
1789979693.762 73.512 0.07151204 1.15211e-07
1789979693.772 73.575 0.07155581 5.71138e-07
1789979693.782 73.638 0.07161168 4.73500e-07
1789979693.792 73.701 0.07168151 3.82330e-08
1789979693.802 73.764 0.07174855 6.89152e-07
1789979693.812 73.826 0.07181280 8.77595e-08
1789979693.822 73.889 0.07186494 1.77473e-07
1789979693.832 73.952 0.07192640 3.84635e-07
1789979693.842 74.014 0.07200555 9.37026e-08
1789979693.852 74.077 0.07206048 1.97850e-07
1789979693.862 74.139 0.07212101 2.58130e-07
1789979693.872 74.202 0.07216477 1.69266e-07
1789979693.882 74.264 0.07222716 3.67655e-07
1789979693.892 74.326 0.07228209 1.40682e-07
1789979693.902 74.388 0.07234448 3.97088e-07
1789979693.912 74.451 0.07240128 1.23701e-07
1789979693.922 74.513 0.07246553 5.14253e-07
1789979693.932 74.575 0.07251301 1.72662e-07
1789979693.942 74.637 0.07258844 4.22558e-07
1789979693.952 74.699 0.07264245 3.56051e-07
1789979693.962 74.761 0.07270483 1.87095e-07
1789979693.972 74.823 0.07277001 5.00386e-07
1789979693.982 74.885 0.07282029 3.93974e-07
1789979693.992 74.946 0.07288919 3.85767e-07
1789979694.002 75.008 0.07295530 3.17279e-07
1789979694.012 75.070 0.07301117 4.39822e-07
1789979694.022 75.131 0.07307076 1.42946e-07
1789979694.032 75.193 0.07311546 5.68308e-07
1789979694.042 75.255 0.07315736 2.29547e-07
1789979694.052 75.316 0.07322813 8.12503e-08
1789979694.062 75.378 0.07330448 8.80425e-08
1789979694.072 75.439 0.07334452 3.11336e-07
1789979694.082 75.500 0.07338921 1.71813e-07
1789979694.092 75.562 0.07345160 1.59644e-07
1789979694.102 75.623 0.07353633 2.57281e-07
1789979694.112 75.684 0.07358941 3.57466e-07
1789979694.122 75.745 0.07362665 5.15102e-07
1789979694.132 75.806 0.07370394 3.96521e-07
1789979694.142 75.867 0.07376446 8.75654e-07
1789979694.152 75.928 0.07381660 9.80085e-07
1789979694.162 75.989 0.07386968 8.41410e-07
1789979694.172 76.050 0.07392927 1.97967e-06
1789979694.182 76.111 0.07399724 2.02750e-06
1789979694.192 76.172 0.07403263 2.81709e-06
1789979694.202 76.232 0.07408198 2.84369e-06
1789979694.212 76.293 0.07414622 2.24598e-06
1789979694.222 76.354 0.07419371 3.49518e-06
1789979694.232 76.414 0.07427286 3.13887e-06
1789979694.242 76.475 0.07433990 2.71747e-06
1789979694.252 76.535 0.07439018 1.91175e-06
1789979694.262 76.596 0.07443488 1.17593e-06
1789979694.272 76.656 0.07447585 1.16149e-06
1789979694.282 76.717 0.07453544 6.47267e-07
1789979694.292 76.777 0.07460248 3.35109e-07
1789979694.302 76.837 0.07466487 3.32845e-07
1789979694.311 76.897 0.07473377 2.02095e-07
1789979694.321 76.958 0.07480454 3.26052e-07
1789979694.331 77.018 0.07485482 2.60678e-07
1789979694.341 77.078 0.07489299 2.78507e-07
1789979694.351 77.138 0.07495911 2.94073e-07
1789979694.361 77.198 0.07500752 1.64738e-07
1789979694.371 77.258 0.07505780 3.70768e-07
1789979694.381 77.318 0.07513136 2.42282e-07
1789979694.391 77.377 0.07519096 1.76341e-07
1789979694.401 77.437 0.07525893 2.57281e-07
1789979694.411 77.497 0.07530828 1.23418e-07
1789979694.421 77.557 0.07535949 5.74776e-08
1789979694.431 77.616 0.07541722 1.83416e-07
1789979694.441 77.676 0.07547309 7.38920e-08
1789979694.451 77.736 0.07551220 2.09170e-07
1789979694.461 77.795 0.07556248 9.14386e-08
1789979694.471 77.855 0.07562114 1.44603e-08
1789979694.481 77.914 0.07569656 8.60614e-08
1789979694.491 77.973 0.07575802 6.25308e-09
1789979694.501 78.033 0.07581202 9.73817e-08
1789979694.511 78.092 0.07586696 2.83277e-08
1789979694.521 78.151 0.07590607 -1.01614e-08
1789979694.531 78.210 0.07599918 1.01910e-07
1789979694.541 78.270 0.07603736 4.64402e-08
1789979694.551 78.329 0.07606902 5.12105e-09
1789979694.561 78.388 0.07616120 1.20022e-07
1789979694.571 78.447 0.07622917 4.78553e-08
1789979694.581 78.506 0.07627946 3.85160e-08
1789979694.591 78.565 0.07632508 1.10400e-07
1789979694.601 78.624 0.07637629 7.95113e-09
1789979694.611 78.683 0.07640888 1.36437e-07
1789979694.621 78.741 0.07647965 2.71957e-08
1789979694.631 78.800 0.07652155 2.29264e-07
1789979694.641 78.859 0.07657835 1.90208e-07
1789979694.651 78.918 0.07664167 1.16060e-07
1789979694.661 78.976 0.07672268 1.87378e-07
1789979694.671 79.035 0.07678133 7.36090e-08
1789979694.681 79.093 0.07683721 9.37026e-08
1789979694.691 79.152 0.07686979 1.66436e-07
1789979694.701 79.210 0.07691914 8.26653e-08
1789979694.711 79.269 0.07698432 1.16060e-07
1789979694.721 79.327 0.07706161 1.27623e-08
1789979694.731 79.385 0.07712120 7.55901e-08
1789979694.741 79.444 0.07716590 3.37049e-08
1789979694.751 79.502 0.07722176 3.34219e-08
1789979694.761 79.560 0.07726087 5.71946e-08
1789979694.771 79.618 0.07731674 8.51715e-09
1789979694.781 79.676 0.07737074 6.22887e-08
1789979694.791 79.734 0.07742568 5.32325e-08
1789979694.801 79.792 0.07747875 2.46486e-08
1789979694.811 79.850 0.07753369 5.54965e-08
1789979694.821 79.908 0.07756535 8.51715e-09
1789979694.831 79.966 0.07763891 4.98364e-08
1789979694.841 80.024 0.07772458 1.38943e-08
1789979694.851 80.082 0.07777299 2.63467e-08
1789979694.861 80.140 0.07779906 2.15355e-08
1789979694.871 80.198 0.07787542 4.98364e-08
1789979694.881 80.255 0.07790801 1.10400e-07
1789979694.891 80.313 0.07796853 1.04740e-07
1789979694.901 80.370 0.07802533 7.53071e-08
1789979694.911 80.428 0.07807189 8.32313e-08
1789979694.921 80.486 0.07815104 2.30113e-07
1789979694.931 80.543 0.07817618 2.44546e-07
1789979694.941 80.601 0.07825253 5.34064e-07
1789979694.951 80.658 0.07831771 6.26041e-07
1789979694.961 80.715 0.07835867 2.24881e-06
1789979694.971 80.773 0.07842199 2.51937e-06
1789979694.981 80.830 0.07846948 3.68310e-06
1789979694.991 80.887 0.07852535 6.21178e-06
1789979695.001 80.944 0.07858495 9.08487e-06
1789979695.011 81.002 0.07861195 1.42549e-05
1789979695.021 81.059 0.07868364 1.50229e-05
1789979695.031 81.116 0.07873672 1.85620e-05
1789979695.041 81.173 0.07877489 2.71991e-05
1789979695.051 81.230 0.07884845 3.28669e-05
1789979695.061 81.287 0.07890153 3.65740e-05
1789979695.071 81.344 0.07895926 5.26931e-05
1789979695.081 81.401 0.07902537 6.08949e-05
1789979695.091 81.457 0.07908869 8.53714e-05
1789979695.101 81.514 0.07912686 8.46693e-05
1789979695.111 81.571 0.07918180 1.23083e-04
1789979695.121 81.628 0.07924977 1.00998e-04
1789979695.131 81.684 0.07930005 9.96237e-05
1789979695.141 81.741 0.07936244 1.40967e-04
1789979695.151 81.798 0.07941551 1.01462e-04
1789979695.161 81.854 0.07944903 9.56039e-05
1789979695.171 81.911 0.07950118 6.47837e-05
1789979695.181 81.967 0.07955984 6.15348e-05
1789979695.191 82.024 0.07961664 4.93816e-05
1789979695.201 82.080 0.07965947 3.71984e-05
1789979695.211 82.137 0.07969579 1.98607e-05
1789979695.221 82.193 0.07976283 1.25367e-05
1789979695.231 82.249 0.07981590 8.58565e-06
1789979695.241 82.305 0.07985687 5.98961e-06
1789979695.251 82.362 0.07991274 5.07097e-06
1789979695.261 82.418 0.07996209 5.23738e-06
1789979695.271 82.474 0.08001423 3.74083e-06
1789979695.281 82.530 0.08007290 4.06884e-06
1789979695.291 82.586 0.08013621 3.07661e-06
1789979695.301 82.642 0.08019674 4.55448e-06
1789979695.311 82.698 0.08024981 2.70530e-06
1789979695.321 82.754 0.08030847 3.37179e-06
1789979695.331 82.810 0.08035969 2.27513e-06
1789979695.341 82.866 0.08040903 1.70515e-06
1789979695.351 82.922 0.08046304 1.68789e-06
1789979695.361 82.978 0.08051984 1.39469e-06
1789979695.371 83.033 0.08054312 1.31545e-06
1789979695.381 83.089 0.08061388 1.28658e-06
1789979695.391 83.145 0.08068092 1.12527e-06
1789979695.401 83.200 0.08069303 1.02735e-06
1789979695.411 83.256 0.08076193 1.07489e-06
1789979695.421 83.312 0.08084481 7.66696e-07
1789979695.431 83.367 0.08085784 6.84341e-07
1789979695.441 83.423 0.08090719 6.42739e-07
1789979695.451 83.478 0.08097144 6.49814e-07
1789979695.461 83.534 0.08102359 6.71888e-07
1789979695.471 83.589 0.08108597 4.82273e-07
1789979695.481 83.644 0.08115301 5.14819e-07
1789979695.491 83.700 0.08119026 3.73881e-07
1789979695.501 83.755 0.08123775 3.62278e-07
1789979695.511 83.810 0.08129268 3.79541e-07
1789979695.521 83.865 0.08136345 3.78409e-07
1789979695.531 83.921 0.08141187 2.96620e-07
1789979695.541 83.976 0.08146029 2.47376e-07
1789979695.551 84.031 0.08151802 2.32377e-07
1789979695.561 84.086 0.08155898 4.46331e-07
1789979695.571 84.141 0.08160275 2.83884e-07
1789979695.581 84.196 0.08165861 2.21905e-07
1789979695.591 84.251 0.08172845 1.70964e-07
1789979695.601 84.306 0.08179736 2.16245e-07
1789979695.611 84.361 0.08182995 1.88793e-07
1789979695.621 84.415 0.08188302 1.06721e-07
1789979695.631 84.470 0.08193051 2.00680e-07
1789979695.641 84.525 0.08197706 2.16811e-07
1789979695.651 84.580 0.08201897 1.91341e-07
1789979695.661 84.635 0.08207204 1.80020e-07
1789979695.671 84.689 0.08214746 1.56814e-07
1789979695.681 84.744 0.08218936 1.28796e-07
1789979695.691 84.798 0.08224523 8.71934e-08
1789979695.701 84.853 0.08228713 1.01344e-07
1789979695.711 84.908 0.08233555 8.32313e-08
1789979695.721 84.962 0.08240259 1.12947e-07
1789979695.731 85.017 0.08246405 1.57663e-07
1789979695.741 85.071 0.08250316 9.76647e-08
1789979695.751 85.125 0.08255996 6.48358e-08
1789979695.761 85.180 0.08260093 8.71934e-08
1789979695.771 85.234 0.08264562 5.18174e-08
1789979695.781 85.288 0.08270521 1.10683e-07
1789979695.791 85.343 0.08276015 7.30430e-08
1789979695.801 85.397 0.08281043 5.26664e-08
1789979695.811 85.451 0.08287375 4.67233e-08
1789979695.821 85.505 0.08293241 5.35155e-08
1789979695.831 85.559 0.08296779 8.91745e-08
1789979695.841 85.613 0.08300503 5.43645e-08
1789979695.851 85.667 0.08306184 4.33272e-08
1789979695.861 85.721 0.08314471 8.20993e-08
1789979695.871 85.775 0.08316985 4.92703e-08
1789979695.881 85.829 0.08321082 8.40803e-08
1789979695.891 85.883 0.08327693 1.05872e-07
1789979695.901 85.937 0.08331976 1.22287e-07
1789979695.911 85.991 0.08337656 1.98699e-07
1789979695.921 86.045 0.08339797 2.07472e-07
1789979695.931 86.099 0.08345105 1.96435e-07
1789979695.941 86.152 0.08352833 2.55866e-07
1789979695.951 86.206 0.08358793 4.52557e-07
1789979695.961 86.260 0.08363448 3.83786e-07
1789979695.971 86.313 0.08367918 4.72085e-07
1789979695.981 86.367 0.08372294 5.42837e-07
1789979695.991 86.421 0.08376112 6.36229e-07
1789979696.001 86.474 0.08382630 1.11933e-06
1789979696.011 86.528 0.08388589 9.61972e-07
1789979696.021 86.581 0.08393710 1.77760e-06
1789979696.031 86.635 0.08397341 1.21300e-06
1789979696.041 86.688 0.08403580 1.54044e-06
1789979696.051 86.741 0.08410285 1.51639e-06
1789979696.061 86.795 0.08413823 1.35111e-06
1789979696.071 86.848 0.08418944 2.01222e-06
1789979696.081 86.901 0.08423320 1.26196e-06
1789979696.091 86.955 0.08427697 1.61600e-06
1789979696.101 87.008 0.08431700 8.58674e-07
1789979696.111 87.061 0.08437194 9.41029e-07
1789979696.121 87.114 0.08441850 6.31701e-07
1789979696.131 87.167 0.08447902 4.58217e-07
1789979696.141 87.220 0.08454514 3.41901e-07
1789979696.151 87.273 0.08458890 1.74360e-07
1789979696.161 87.326 0.08465873 2.18792e-07
1789979696.171 87.379 0.08469877 1.35588e-07
1789979696.181 87.432 0.08473788 1.05589e-07
1789979696.191 87.485 0.08477792 1.24834e-07
1789979696.201 87.538 0.08485054 7.64391e-08
1789979696.211 87.591 0.08490548 1.24267e-07
1789979696.221 87.644 0.08495949 7.27600e-08
1789979696.231 87.697 0.08499207 8.46464e-08
1789979696.241 87.749 0.08503863 5.71946e-08
1789979696.250 87.802 0.08510568 4.58742e-08
1789979696.260 87.855 0.08515316 6.90809e-08
1789979696.270 87.907 0.08519879 4.41762e-08
1789979696.280 87.960 0.08525000 5.69116e-08
1789979696.290 88.013 0.08530401 5.88926e-08
1789979696.300 88.065 0.08535522 4.44592e-08
1789979696.310 88.118 0.08539712 5.66285e-08
1789979696.320 88.170 0.08544740 3.39879e-08
1789979696.330 88.223 0.08548930 4.89873e-08
1789979696.340 88.275 0.08554145 4.75723e-08
1789979696.350 88.328 0.08557683 3.65350e-08
1789979696.360 88.380 0.08565505 7.07790e-08
1789979696.370 88.432 0.08569415 3.45539e-08
1789979696.380 88.485 0.08572488 6.05907e-08
1789979696.390 88.537 0.08581334 4.27611e-08
1789979696.400 88.589 0.08584127 3.73840e-08
1789979696.410 88.642 0.08587573 5.15344e-08
1789979696.420 88.694 0.08593252 2.09695e-08
1789979696.430 88.746 0.08599957 4.78553e-08
1789979696.440 88.798 0.08604612 2.94598e-08
1789979696.450 88.850 0.08609082 1.55924e-08
1789979696.460 88.902 0.08614017 4.24781e-08
1789979696.470 88.954 0.08617927 1.36113e-08
1789979696.480 89.006 0.08623421 3.76670e-08
1789979696.490 89.058 0.08629380 2.32336e-08
1789979696.500 89.110 0.08636550 2.15355e-08
1789979696.510 89.162 0.08638971 3.28559e-08
1789979696.520 89.214 0.08642603 1.07812e-08
1789979696.530 89.266 0.08647631 3.37049e-08
1789979696.540 89.318 0.08652752 1.89884e-08
1789979696.550 89.370 0.08657314 1.75734e-08
1789979696.560 89.421 0.08663460 3.03088e-08
1789979696.570 89.473 0.08669885 8.51715e-09
1789979696.580 89.525 0.08674354 3.03088e-08
1789979696.590 89.577 0.08678079 1.27623e-08
1789979696.600 89.628 0.08683479 2.01205e-08
1789979696.610 89.680 0.08687204 2.52146e-08
1789979696.620 89.732 0.08690649 1.81394e-08
1789979696.630 89.783 0.08694932 2.63467e-08
1789979696.640 89.835 0.08699588 2.40826e-08
1789979696.650 89.886 0.08704709 1.72904e-08
1789979696.660 89.938 0.08711227 3.14408e-08
1789979696.670 89.989 0.08717279 1.44603e-08
1789979696.680 90.040 0.08720632 3.31389e-08
1789979696.690 90.092 0.08726218 2.18185e-08
1789979696.700 90.143 0.08730409 1.78564e-08
1789979696.710 90.195 0.08734505 4.33272e-08
1789979696.720 90.246 0.08739906 1.64414e-08
1789979696.730 90.297 0.08746889 4.33272e-08
1789979696.740 90.348 0.08754432 3.05918e-08
1789979696.750 90.400 0.08755735 2.18185e-08
1789979696.760 90.451 0.08761322 4.13461e-08
1789979696.770 90.502 0.08766071 1.67244e-08
1789979696.780 90.553 0.08769050 3.99311e-08
1789979696.790 90.604 0.08774917 2.15355e-08
1789979696.800 90.655 0.08779759 2.57806e-08
1789979696.810 90.706 0.08783855 2.97428e-08
1789979696.820 90.757 0.08787673 1.10642e-08
1789979696.830 90.808 0.08795123 3.34219e-08
1789979696.840 90.859 0.08802757 1.72904e-08
1789979696.850 90.910 0.08804527 1.72904e-08
1789979696.860 90.961 0.08807600 3.28559e-08
1789979696.870 91.012 0.08814397 1.16302e-08
1789979696.880 91.063 0.08816631 4.10631e-08
1789979696.890 91.114 0.08823429 2.63467e-08
1789979696.900 91.164 0.08827153 4.16291e-08
1789979696.910 91.215 0.08832461 4.41762e-08
1789979696.920 91.266 0.08838513 2.83277e-08
1789979696.930 91.317 0.08842331 5.40815e-08
1789979696.940 91.367 0.08847638 5.18174e-08
1789979696.950 91.418 0.08852853 7.04960e-08
1789979696.960 91.469 0.08857694 5.88926e-08
1789979696.970 91.519 0.08862350 5.49305e-08
1789979696.980 91.570 0.08867192 9.68157e-08
1789979696.990 91.620 0.08873058 4.50252e-08
1789979697.000 91.671 0.08877900 8.86085e-08
1789979697.010 91.721 0.08883114 5.18174e-08
1789979697.020 91.772 0.08887398 8.29483e-08
1789979697.030 91.822 0.08892798 4.67233e-08
1789979697.040 91.873 0.08897175 1.00778e-07
1789979697.050 91.923 0.08899130 5.57795e-08
1789979697.060 91.973 0.08904530 4.16291e-08
1789979697.070 92.024 0.08910955 9.31366e-08
1789979697.080 92.074 0.08914959 3.48369e-08
1789979697.090 92.124 0.08919894 1.13796e-07
1789979697.100 92.174 0.08925481 2.77617e-08
1789979697.110 92.225 0.08929578 1.06155e-07
1789979697.120 92.275 0.08933861 6.17227e-08
1789979697.130 92.325 0.08937492 3.39879e-08
1789979697.140 92.375 0.08944290 8.83255e-08
1789979697.150 92.425 0.08949783 2.80447e-08
1789979697.160 92.475 0.08953322 8.63444e-08
1789979697.170 92.525 0.08958071 2.86107e-08
1789979697.180 92.575 0.08962633 7.81372e-08
1789979697.190 92.625 0.08968686 1.07853e-07
1789979697.200 92.675 0.08972597 7.50241e-08
1789979697.210 92.725 0.08976787 1.78888e-07
1789979697.220 92.775 0.08982932 1.23418e-07
1789979697.230 92.825 0.08987495 2.83318e-07
1789979697.240 92.875 0.08991498 1.70398e-07
1789979697.250 92.925 0.08996620 2.54734e-07
1789979697.260 92.974 0.09000158 2.92091e-07
1789979697.270 93.024 0.09002951 3.01148e-07
1789979697.280 93.074 0.09008725 4.31048e-07
1789979697.290 93.124 0.09016826 4.14917e-07
1789979697.300 93.173 0.09021295 6.11325e-07
1789979697.310 93.223 0.09026136 9.03672e-07
1789979697.320 93.273 0.09029116 5.86420e-07
1789979697.330 93.322 0.09033958 1.04291e-06
1789979697.340 93.372 0.09037310 7.76318e-07
1789979697.350 93.421 0.09041500 1.10602e-06
1789979697.360 93.471 0.09046528 1.87439e-06
1789979697.370 93.520 0.09049695 1.41026e-06
1789979697.380 93.570 0.09055374 2.00825e-06
1789979697.390 93.619 0.09063010 2.28560e-06
1789979697.400 93.669 0.09067479 2.40588e-06
1789979697.410 93.718 0.09071203 2.81992e-06
1789979697.420 93.768 0.09075580 2.76275e-06
1789979697.430 93.817 0.09080887 3.27415e-06
1789979697.440 93.866 0.09082657 3.83479e-06
1789979697.450 93.916 0.09089268 3.09614e-06
1789979697.460 93.965 0.09092526 4.04846e-06
1789979697.470 94.014 0.09096251 2.54257e-06
1789979697.480 94.063 0.09101093 2.91643e-06
1789979697.490 94.113 0.09107052 2.30768e-06
1789979697.500 94.162 0.09114315 2.46956e-06
1789979697.510 94.211 0.09118133 2.20551e-06
1789979697.520 94.260 0.09122881 1.56110e-06
1789979697.530 94.309 0.09126513 1.33413e-06
1789979697.540 94.358 0.09131262 8.04336e-07
1789979697.550 94.407 0.09136010 9.86311e-07
1789979697.560 94.456 0.09140573 6.02834e-07
1789979697.570 94.505 0.09145694 4.87650e-07
1789979697.580 94.554 0.09150536 3.72466e-07
1789979697.590 94.603 0.09155192 2.72564e-07
1789979697.600 94.652 0.09160406 3.05110e-07
1789979697.610 94.701 0.09163013 2.46527e-07
1789979697.620 94.750 0.09168321 3.10487e-07
1789979697.630 94.799 0.09173349 2.17377e-07
1789979697.640 94.847 0.09176329 1.73228e-07
1789979697.650 94.896 0.09180146 1.91341e-07
1789979697.660 94.945 0.09185454 1.45776e-07
1789979697.670 94.994 0.09191878 9.93628e-08
1789979697.680 95.042 0.09196627 1.27381e-07
1789979697.690 95.091 0.09201842 8.97405e-08
1789979697.700 95.140 0.09205287 1.00778e-07
1789979697.710 95.188 0.09208360 9.90798e-08
1789979697.720 95.237 0.09213853 1.05306e-07
1789979697.730 95.286 0.09219626 7.98352e-08
1789979697.740 95.334 0.09226424 5.66285e-08
1789979697.750 95.383 0.09231359 5.57795e-08
1789979697.760 95.431 0.09232383 5.60625e-08
1789979697.770 95.480 0.09237877 5.06854e-08
1789979697.780 95.528 0.09241508 5.23834e-08
1789979697.790 95.577 0.09245977 3.39879e-08
1789979697.800 95.625 0.09252495 3.87990e-08
1789979697.810 95.673 0.09257244 4.27611e-08
1789979697.820 95.722 0.09261621 3.05918e-08
1789979697.829 95.770 0.09267952 4.16291e-08
1789979697.839 95.819 0.09271118 2.86107e-08
1789979697.849 95.867 0.09274470 1.84224e-08
1789979697.859 95.915 0.09277636 2.40826e-08
1789979697.869 95.963 0.09284620 -3.65221e-09
1789979697.879 96.012 0.09288623 2.21015e-08
1789979697.889 96.060 0.09293093 -6.48229e-09
1789979697.899 96.108 0.09297935 -9.31237e-09
1789979697.909 96.156 0.09301566 8.80015e-09
1789979697.919 96.204 0.09305012 -2.96889e-08
1789979697.929 96.252 0.09310691 5.12105e-09
1789979697.939 96.300 0.09315254 -1.27085e-08
1789979697.949 96.348 0.09319816 -1.95007e-08
1789979697.959 96.396 0.09324379 -1.32745e-08
1789979697.969 96.444 0.09329128 -2.79909e-08
1789979697.979 96.492 0.09332107 -3.56321e-08
1789979697.989 96.540 0.09339836 -2.60099e-08
1789979697.999 96.588 0.09345236 -5.17635e-08
1789979698.009 96.636 0.09347471 -1.97837e-08
1789979698.019 96.684 0.09350730 -4.21413e-08
1789979698.029 96.732 0.09355851 -4.61034e-08
1789979698.039 96.780 0.09362183 -3.36510e-08
1789979698.049 96.828 0.09365256 -5.17635e-08
1789979698.059 96.875 0.09371215 -2.37458e-08
1789979698.069 96.923 0.09375684 -4.07262e-08
1789979698.079 96.971 0.09379502 -3.39341e-08
1789979698.089 97.019 0.09383134 -2.65759e-08
1789979698.099 97.066 0.09387324 -3.67641e-08
1789979698.109 97.114 0.09391142 -1.38405e-08
1789979698.119 97.162 0.09397007 -3.87452e-08
1789979698.129 97.209 0.09403153 -9.31237e-09
1789979698.139 97.257 0.09407995 -2.65759e-08
1789979698.149 97.305 0.09411067 -1.38405e-08
1789979698.159 97.352 0.09416841 -5.35026e-09
1789979698.169 97.400 0.09419541 -2.48778e-08
1789979698.179 97.447 0.09425407 7.95113e-09
1789979698.189 97.495 0.09431087 1.72495e-09
1789979698.199 97.542 0.09435184 4.83804e-09
1789979698.209 97.590 0.09439560 2.04035e-08
1789979698.219 97.637 0.09445054 -2.56110e-10
1789979698.229 97.684 0.09447568 2.37996e-08
1789979698.239 97.732 0.09450362 1.38943e-08
1789979698.249 97.779 0.09454272 1.27623e-08
1789979698.259 97.826 0.09458649 2.29506e-08
1789979698.269 97.874 0.09465911 6.53609e-09
1789979698.279 97.921 0.09471591 2.63467e-08
1789979698.289 97.968 0.09474478 1.36113e-08
1789979698.299 98.016 0.09478481 1.27623e-08
1789979698.309 98.063 0.09483231 2.32336e-08
1789979698.319 98.110 0.09487793 9.08316e-09
1789979698.329 98.157 0.09491425 2.57806e-08
1789979698.339 98.204 0.09495801 1.38943e-08
1789979698.349 98.251 0.09501760 1.30453e-08
1789979698.359 98.298 0.09505298 2.09695e-08
1789979698.369 98.346 0.09510233 5.40406e-09
1789979698.379 98.393 0.09512841 2.43656e-08
1789979698.389 98.440 0.09517124 2.69127e-08
1789979698.399 98.487 0.09524108 1.61584e-08
1789979698.409 98.534 0.09529787 2.04035e-08
1789979698.419 98.581 0.09533418 1.41773e-08
1789979698.429 98.628 0.09535933 2.15355e-08
1789979698.439 98.674 0.09541054 1.24793e-08
1789979698.449 98.721 0.09545989 2.43656e-08
1789979698.459 98.768 0.09550458 5.21004e-08
1789979698.469 98.815 0.09554183 1.01627e-07
1789979698.479 98.862 0.09557628 4.87043e-08
1789979698.489 98.909 0.09561911 1.62474e-07
1789979698.499 98.956 0.09567870 3.28600e-07
1789979698.509 99.002 0.09571130 5.16800e-07
1789979698.519 99.049 0.09577647 1.45214e-06
1789979698.529 99.096 0.09583327 1.01942e-06
1789979698.539 99.142 0.09584259 1.08168e-06
1789979698.549 99.189 0.09587238 2.49956e-06
1789979698.559 99.236 0.09592360 3.37801e-06
1789979698.569 99.282 0.09598598 5.16662e-06
1789979698.579 99.329 0.09601950 4.53240e-06
1789979698.589 99.376 0.09607723 7.18334e-06
1789979698.599 99.422 0.09614427 5.72359e-06
1789979698.609 99.469 0.09615731 7.00561e-06
1789979698.619 99.515 0.09619176 1.43672e-05
1789979698.629 99.562 0.09625601 8.81856e-06
1789979698.639 99.608 0.09628115 1.35901e-05
1789979698.649 99.655 0.09631932 1.34506e-05
1789979698.659 99.701 0.09637054 1.47119e-05
1789979698.669 99.748 0.09642268 2.14136e-05
1789979698.679 99.794 0.09645434 2.69469e-05
1789979698.689 99.840 0.09650835 2.75676e-05
1789979698.699 99.887 0.09654466 3.05963e-05
1789979698.709 99.933 0.09658656 3.84959e-05
1789979698.719 99.979 0.09663684 4.90312e-05
1789979698.729 100.026 0.09668713 7.05905e-05
1789979698.739 100.072 0.09671599 6.05499e-05
1789979698.749 100.118 0.09676906 6.41603e-05
1789979698.759 100.164 0.09682679 8.22414e-05
1789979698.769 100.211 0.09686125 6.77117e-05
1789979698.779 100.257 0.09691712 9.11697e-05
1789979698.789 100.303 0.09695901 1.05981e-04
1789979698.799 100.349 0.09699719 9.51129e-05
1789979698.809 100.395 0.09705492 1.42394e-04
1789979698.819 100.441 0.09709682 9.18863e-05
1789979698.829 100.487 0.09712290 1.22808e-04
1789979698.839 100.533 0.09715455 9.30497e-05
1789979698.849 100.579 0.09721508 9.90812e-05
1789979698.859 100.625 0.09725512 1.08605e-04
1789979698.869 100.671 0.09729981 7.61757e-05
1789979698.879 100.717 0.09733613 9.26832e-05
1789979698.889 100.763 0.09739199 6.33226e-05
1789979698.899 100.809 0.09742831 7.71455e-05
1789979698.909 100.855 0.09748138 5.86357e-05
1789979698.919 100.901 0.09753818 4.36716e-05
1789979698.929 100.947 0.09756612 4.40183e-05
1789979698.939 100.993 0.09760243 2.82250e-05
1789979698.949 101.039 0.09762478 2.75998e-05
1789979698.959 101.084 0.09768996 2.46600e-05
1789979698.969 101.130 0.09774396 1.71167e-05
1789979698.979 101.176 0.09779331 1.43137e-05
1789979698.989 101.222 0.09783056 1.06966e-05
1789979698.999 101.267 0.09787619 1.06162e-05
1789979699.009 101.313 0.09792553 7.49267e-06
1789979699.019 101.359 0.09797302 1.11854e-05
1789979699.029 101.404 0.09801027 5.42643e-06
1789979699.039 101.450 0.09804937 8.77413e-06
1789979699.049 101.496 0.09809034 5.04578e-06
1789979699.059 101.541 0.09813225 3.82262e-06
1789979699.069 101.587 0.09818439 5.74481e-06
1789979699.079 101.632 0.09821698 3.00756e-06
1789979699.089 101.678 0.09823933 4.81796e-06
1789979699.099 101.723 0.09829985 2.65663e-06
1789979699.109 101.769 0.09834268 2.43135e-06
1789979699.119 101.814 0.09837806 2.59833e-06
1789979699.129 101.860 0.09843580 2.12485e-06
1789979699.139 101.905 0.09847770 1.87665e-06
1789979699.149 101.951 0.09852053 1.69977e-06
1789979699.159 101.996 0.09855964 2.28136e-06
1789979699.169 102.041 0.09860992 1.43799e-06
1789979699.179 102.087 0.09866113 1.73232e-06
1789979699.189 102.132 0.09871141 1.33554e-06
1789979699.199 102.177 0.09875425 1.56252e-06
1789979699.209 102.223 0.09878870 1.35620e-06
1789979699.219 102.268 0.09883618 1.08904e-06
1789979699.229 102.313 0.09885201 1.18328e-06
1789979699.239 102.359 0.09890323 9.61123e-07
1789979699.249 102.404 0.09894047 9.76405e-07
1789979699.259 102.449 0.09897119 8.70843e-07
1789979699.269 102.494 0.09901589 7.66979e-07
1789979699.279 102.539 0.09907362 8.27826e-07
1789979699.289 102.584 0.09912577 7.42357e-07
1789979699.299 102.629 0.09915929 5.99721e-07
1789979699.309 102.675 0.09920212 7.03585e-07
1789979699.319 102.720 0.09924774 5.92646e-07
1789979699.329 102.765 0.09928126 6.83209e-07
1789979699.339 102.810 0.09933155 5.77081e-07
1789979699.349 102.855 0.09937810 5.88118e-07
1789979699.359 102.900 0.09941535 6.17551e-07
1789979699.369 102.945 0.09945818 5.11989e-07
1789979699.379 102.990 0.09951591 5.02083e-07
1789979699.389 103.035 0.09954850 4.68689e-07
1789979699.399 103.080 0.09958761 4.01333e-07
1789979699.409 103.124 0.09961926 4.47746e-07
1789979699.419 103.169 0.09965279 3.98786e-07
1789979699.429 103.214 0.09971238 4.03314e-07
1789979699.439 103.259 0.09976453 2.72564e-07
1789979699.449 103.304 0.09978315 3.10770e-07
1789979699.459 103.349 0.09982784 2.08321e-07
1789979699.469 103.393 0.09988930 2.85016e-07
1789979699.479 103.438 0.09992095 2.05208e-07
1789979699.489 103.483 0.09997216 2.91242e-07
1789979699.499 103.528 0.10001128 2.68036e-07
1789979699.509 103.572 0.10005597 1.40399e-07
1789979699.519 103.617 0.10009973 1.96435e-07
1789979699.529 103.662 0.10014908 8.23823e-08
1789979699.539 103.706 0.10019937 1.98133e-07
1789979699.549 103.751 0.10022544 9.31366e-08
1789979699.559 103.796 0.10024685 1.53983e-07
1789979699.569 103.840 0.10029248 1.59644e-07
1789979699.579 103.885 0.10034927 6.22887e-08
1789979699.589 103.929 0.10040048 1.03042e-07
1789979699.598 103.974 0.10042377 -1.95416e-09
1789979699.608 104.018 0.10047498 1.12664e-07
1789979699.618 104.063 0.10049360 -1.83686e-08
1789979699.628 104.107 0.10055599 7.55901e-08
1789979699.638 104.152 0.10061744 8.80425e-08
1789979699.648 104.196 0.10065097 8.63444e-08
1789979699.658 104.241 0.10068635 5.26664e-08
1789979699.668 104.285 0.10072918 6.05907e-08
1789979699.678 104.329 0.10077760 6.31377e-08
1789979699.688 104.374 0.10082136 -1.83686e-08
1789979699.698 104.418 0.10086327 8.46464e-08
1789979699.708 104.462 0.10088561 4.78553e-08
1789979699.718 104.507 0.10092099 4.10631e-08
1789979699.728 104.551 0.10100107 5.43645e-08
1789979699.738 104.595 0.10104204 2.18185e-08
1789979699.748 104.639 0.10107557 4.13461e-08
1789979699.758 104.684 0.10110257 5.88926e-08
1789979699.768 104.728 0.10114726 1.81394e-08
1789979699.778 104.772 0.10119568 5.21004e-08
1789979699.788 104.816 0.10124316 2.63467e-08
1789979699.798 104.860 0.10127947 3.79500e-08
1789979699.808 104.905 0.10132604 2.15355e-08
1789979699.818 104.949 0.10137352 1.04982e-08
1789979699.828 104.993 0.10140146 4.41762e-08
1789979699.838 105.037 0.10144615 1.36113e-08
1789979699.848 105.081 0.10148805 2.04035e-08
1789979699.858 105.125 0.10153648 3.17238e-08
1789979699.868 105.169 0.10158024 -1.01614e-08
1789979699.878 105.213 0.10161003 1.27623e-08
1789979699.888 105.257 0.10167148 -2.40288e-08
1789979699.898 105.301 0.10169849 1.16302e-08
1789979699.908 105.345 0.10173666 1.38943e-08
1789979699.918 105.389 0.10178043 -1.52555e-08
1789979699.928 105.433 0.10181861 1.53093e-08
1789979699.938 105.477 0.10188285 -9.02937e-09
1789979699.948 105.520 0.10193406 3.13999e-09
1789979699.958 105.564 0.10195268 4.83804e-09
1789979699.968 105.608 0.10197411 3.42300e-09
1789979699.978 105.652 0.10201973 2.09695e-08
1789979699.988 105.696 0.10207560 7.38511e-09
1789979699.998 105.740 0.10212867 2.12525e-08
1789979700.008 105.783 0.10216498 3.62520e-08
1789979700.018 105.827 0.10218734 1.47433e-08
1789979700.028 105.871 0.10221341 4.64402e-08
1789979700.038 105.915 0.10226555 2.52146e-08
1789979700.048 105.958 0.10232514 7.02129e-08
1789979700.058 106.002 0.10234656 5.86096e-08
1789979700.068 106.046 0.10239404 5.01194e-08
1789979700.078 106.089 0.10243688 1.16626e-07
1789979700.088 106.133 0.10248530 6.56848e-08
1789979700.098 106.176 0.10251975 1.56530e-07
1789979700.108 106.220 0.10256910 1.26815e-07
1789979700.118 106.264 0.10260820 1.05023e-07
1789979700.128 106.307 0.10263427 1.51719e-07
1789979700.138 106.351 0.10268084 2.35773e-07
1789979700.148 106.394 0.10271529 1.49455e-07
1789979700.158 106.438 0.10274601 1.87095e-07
1789979700.168 106.481 0.10280654 3.42467e-07
1789979700.178 106.525 0.10284657 1.91058e-07
1789979700.188 106.568 0.10290990 2.40867e-07
1789979700.198 106.611 0.10294155 2.30679e-07
1789979700.208 106.655 0.10295273 1.94454e-07
1789979700.218 106.698 0.10300766 3.34826e-07
1789979700.228 106.742 0.10305609 1.71813e-07
1789979700.238 106.785 0.10310078 3.12185e-07
1789979700.248 106.828 0.10315665 1.67851e-07
1789979700.258 106.872 0.10319855 2.20490e-07
1789979700.268 106.915 0.10323113 1.78605e-07
1789979700.278 106.958 0.10325348 1.19173e-07
1789979700.288 107.002 0.10329725 1.74077e-07
1789979700.298 107.045 0.10333915 9.65327e-08
1789979700.308 107.088 0.10336801 2.00680e-07
1789979700.318 107.131 0.10341178 6.85149e-08
1789979700.328 107.174 0.10347137 1.34739e-07
1789979700.338 107.218 0.10350395 9.00235e-08
1789979700.348 107.261 0.10356542 6.00246e-08
1789979700.358 107.304 0.10359521 7.44581e-08
1789979700.368 107.347 0.10364083 1.08702e-07
1789979700.378 107.390 0.10367342 5.63455e-08
1789979700.388 107.433 0.10371253 8.88915e-08
1789979700.398 107.476 0.10374047 4.53082e-08
1789979700.408 107.519 0.10377771 4.41762e-08
1789979700.418 107.562 0.10381682 7.07790e-08
1789979700.428 107.605 0.10388479 3.99311e-08
1789979700.438 107.648 0.10393041 1.70074e-08
1789979700.448 107.691 0.10396953 2.46486e-08
1789979700.458 107.734 0.10399839 2.37996e-08
1789979700.468 107.777 0.10404029 1.19132e-08
1789979700.478 107.820 0.10409430 2.26676e-08
1789979700.488 107.863 0.10410733 2.15355e-08
1789979700.498 107.906 0.10416133 1.53093e-08
1789979700.508 107.949 0.10418462 3.11578e-08
1789979700.518 107.992 0.10422745 4.83804e-09
1789979700.528 108.035 0.10429170 3.20068e-08
1789979700.538 108.078 0.10434291 8.51715e-09
1789979700.548 108.120 0.10436805 1.38943e-08
1789979700.558 108.163 0.10442020 1.92715e-08
1789979700.568 108.206 0.10445651 2.57397e-09
1789979700.578 108.249 0.10449469 2.23846e-08
1789979700.588 108.292 0.10452820 8.23414e-09
1789979700.598 108.334 0.10455986 1.89884e-08
1789979700.608 108.377 0.10460455 2.06865e-08
1789979700.618 108.420 0.10465019 7.10211e-09
1789979700.628 108.462 0.10467160 2.09695e-08
1789979700.638 108.505 0.10471350 6.81910e-09
1789979700.648 108.548 0.10475168 1.41773e-08
1789979700.658 108.590 0.10481128 2.09695e-08
1789979700.668 108.633 0.10485969 3.98901e-09
1789979700.678 108.676 0.10488576 2.18185e-08
1789979700.688 108.718 0.10493232 6.81910e-09
1789979700.698 108.761 0.10498353 1.36113e-08
1789979700.708 108.803 0.10503196 1.92715e-08
1789979700.718 108.846 0.10503939 3.70601e-09
1789979700.728 108.888 0.10506546 2.18185e-08
1789979700.738 108.931 0.10512600 8.23414e-09
1789979700.748 108.973 0.10517441 1.33283e-08
1789979700.758 109.016 0.10520514 2.18185e-08
1789979700.768 109.058 0.10524704 2.85698e-09
1789979700.778 109.101 0.10529826 2.43656e-08
1789979700.788 109.143 0.10531222 1.02152e-08
1789979700.798 109.185 0.10536530 1.38943e-08
1789979700.808 109.228 0.10542023 2.09695e-08
1789979700.818 109.270 0.10547051 4.27202e-09
1789979700.828 109.313 0.10549752 2.12525e-08
1789979700.838 109.355 0.10551149 1.84224e-08
1789979700.848 109.397 0.10557387 1.92715e-08
1789979700.858 109.440 0.10561949 1.84224e-08
1789979700.868 109.482 0.10566326 1.89884e-08
1789979700.878 109.524 0.10569679 2.26676e-08
1789979700.888 109.566 0.10574427 2.69127e-08
1789979700.898 109.609 0.10578245 1.92715e-08
1789979700.908 109.651 0.10581597 4.78553e-08
1789979700.918 109.693 0.10586345 1.61584e-08
1789979700.928 109.735 0.10591002 3.00258e-08
1789979700.938 109.777 0.10595005 5.26664e-08
1789979700.948 109.820 0.10598543 2.01205e-08
1789979700.958 109.862 0.10600778 2.97428e-08
1789979700.968 109.904 0.10605992 7.07790e-08
1789979700.978 109.946 0.10608506 4.10631e-08
1789979700.988 109.988 0.10613813 5.91756e-08
1789979700.998 110.030 0.10616421 2.80447e-08
