1789975698.076 31.726 0.03412328 1.28319e-06
1789975698.082 31.871 0.03412328 1.28403e-06
1789975698.092 32.016 0.03411304 1.29196e-06
1789975698.102 32.160 0.03408417 1.34941e-06
1789975698.112 32.304 0.03407765 1.36611e-06
1789975698.122 32.447 0.03408510 1.35762e-06
1789975698.132 32.589 0.03406276 1.43120e-06
1789975698.142 32.731 0.03404879 1.44507e-06
1789975698.152 32.872 0.03404972 1.47393e-06
1789975698.162 33.013 0.03405717 1.47789e-06
1789975698.172 33.152 0.03406834 1.53421e-06
1789975698.182 33.292 0.03407765 1.53336e-06
1789975698.192 33.430 0.03405437 1.54129e-06
1789975698.202 33.569 0.03405624 1.53308e-06
1789975698.212 33.706 0.03407952 1.53053e-06
1789975698.222 33.843 0.03409721 1.55516e-06
1789975698.232 33.980 0.03413818 1.52063e-06
1789975698.242 34.116 0.03415959 1.46403e-06
1789975698.252 34.251 0.03420149 1.41960e-06
1789975698.262 34.386 0.03425084 1.36950e-06
1789975698.272 34.520 0.03433837 1.25998e-06
1789975698.282 34.654 0.03443428 1.17394e-06
1789975698.292 34.787 0.03452739 1.02904e-06
1789975698.302 34.920 0.03462423 8.57824e-07
1789975698.312 35.053 0.03470431 6.19814e-07
1789975698.322 35.184 0.03482256 3.11902e-07
1789975698.332 35.316 0.03497340 1.21437e-07
1789975698.342 35.446 0.03510376 2.49316e-08
1789975698.352 35.577 0.03525740 1.64413e-08
1789975698.362 35.707 0.03541011 2.32335e-08
1789975698.372 35.836 0.03556002 5.68704e-09
1789975698.382 35.965 0.03571180 2.29505e-08
1789975698.392 36.093 0.03587381 1.36113e-08
1789975698.402 36.221 0.03603303 1.44603e-08
1789975698.412 36.349 0.03621181 2.37996e-08
1789975698.422 36.476 0.03635707 6.81907e-09
1789975698.432 36.603 0.03650885 2.32335e-08
1789975698.442 36.729 0.03666155 1.19132e-08
1789975698.452 36.855 0.03681891 1.24792e-08
1789975698.462 36.980 0.03698838 2.01204e-08
1789975698.472 37.105 0.03711408 2.00794e-09
1789975698.482 37.230 0.03725469 2.04034e-08
1789975698.492 37.354 0.03739622 7.66810e-09
1789975698.502 37.477 0.03752751 8.51712e-09
1789975698.512 37.601 0.03765507 1.67244e-08
1789975698.522 37.724 0.03777239 -5.39137e-10
1789975698.532 37.846 0.03786923 1.78564e-08
1789975698.542 37.968 0.03801635 7.10208e-09
1789975698.552 38.090 0.03813740 7.66810e-09
1789975698.562 38.211 0.03823517 1.61583e-08
1789975698.572 38.332 0.03833759 3.09887e-10
1789975698.582 38.453 0.03841953 1.87054e-08
1789975698.592 38.573 0.03851823 6.81907e-09
1789975698.602 38.693 0.03861414 9.36614e-09
1789975698.611 38.812 0.03870912 1.67244e-08
1789975698.621 38.931 0.03880130 2.68792e-11
1789975698.631 39.050 0.03887206 1.84224e-08
1789975698.641 39.168 0.03896983 6.81907e-09
1789975698.651 39.286 0.03905550 8.80013e-09
1789975698.661 39.404 0.03914396 1.64413e-08
1789975698.671 39.521 0.03923148 2.68792e-11
1789975698.681 39.638 0.03932273 1.81394e-08
1789975698.691 39.755 0.03943447 6.81907e-09
1789975698.701 39.871 0.03952386 9.08313e-09
1789975698.711 39.987 0.03961325 1.78564e-08
1789975698.721 40.102 0.03970822 1.44192e-09
1789975698.731 40.218 0.03980599 1.95544e-08
1789975698.741 40.333 0.03994380 6.25305e-09
1789975698.751 40.447 0.04005367 9.93216e-09
1789975698.761 40.561 0.04017379 1.78564e-08
1789975698.771 40.675 0.04027714 1.15891e-09
1789975698.781 40.789 0.04038143 1.87054e-08
1789975698.791 40.902 0.04048851 6.25305e-09
1789975698.801 41.015 0.04058349 9.64915e-09
1789975698.811 41.128 0.04068591 1.67244e-08
1789975698.821 41.240 0.04081720 5.92895e-10
1789975698.831 41.353 0.04091032 1.78564e-08
1789975698.841 41.464 0.04103416 5.68704e-09
1789975698.851 41.576 0.04117755 9.64915e-09
1789975698.861 41.687 0.04125949 1.78564e-08
1789975698.871 41.798 0.04136843 8.75903e-10
1789975698.881 41.908 0.04147645 1.95544e-08
1789975698.891 42.019 0.04160308 6.53606e-09
1789975698.901 42.129 0.04170923 1.02152e-08
1789975698.911 42.238 0.04180979 1.84224e-08
1789975698.921 42.348 0.04192991 1.15891e-09
1789975698.931 42.457 0.04205561 1.81394e-08
1789975698.941 42.566 0.04214872 5.40403e-09
1789975698.951 42.674 0.04223346 9.93216e-09
1789975698.961 42.783 0.04236475 1.64413e-08
1789975698.971 42.891 0.04247183 5.92895e-10
1789975698.981 42.999 0.04256774 1.78564e-08
1789975698.991 43.106 0.04266551 4.83801e-09
1789975699.001 43.213 0.04276048 1.10642e-08
1789975699.011 43.320 0.04284521 1.72904e-08
1789975699.021 43.427 0.04294485 2.68792e-11
1789975699.031 43.534 0.04306310 1.75734e-08
1789975699.041 43.640 0.04315435 3.13997e-09
1789975699.051 43.746 0.04325212 1.13472e-08
1789975699.061 43.851 0.04333592 1.64413e-08
1789975699.071 43.957 0.04343183 3.09887e-10
1789975699.081 44.062 0.04353798 1.64413e-08
1789975699.091 44.167 0.04363202 3.13997e-09
1789975699.101 44.271 0.04369720 1.04982e-08
1789975699.111 44.376 0.04379683 1.64413e-08
1789975699.121 44.480 0.04390298 2.68792e-11
1789975699.131 44.584 0.04397747 1.78564e-08
1789975699.141 44.688 0.04409759 3.98899e-09
1789975699.151 44.791 0.04420467 1.10642e-08
1789975699.161 44.894 0.04427730 1.67244e-08
1789975699.171 44.997 0.04437972 -2.56129e-10
1789975699.181 45.100 0.04447563 1.70074e-08
1789975699.191 45.203 0.04457154 3.42298e-09
1789975699.201 45.305 0.04466465 1.13472e-08
1789975699.211 45.407 0.04476708 1.50263e-08
1789975699.221 45.509 0.04485274 -1.95418e-09
1789975699.231 45.610 0.04495051 1.64413e-08
1789975699.241 45.712 0.04504548 3.98899e-09
1789975699.251 45.813 0.04515070 1.19132e-08
1789975699.261 45.914 0.04526058 1.55923e-08
1789975699.271 46.014 0.04536300 -2.56129e-10
1789975699.281 46.115 0.04546170 1.87054e-08
1789975699.291 46.215 0.04554923 4.27200e-09
1789975699.301 46.315 0.04564979 1.27622e-08
1789975699.311 46.415 0.04574663 1.64413e-08
1789975699.321 46.515 0.04584440 1.72493e-09
1789975699.331 46.614 0.04593006 1.92714e-08
1789975699.341 46.713 0.04601945 7.10208e-09
1789975699.351 46.812 0.04611070 1.44603e-08
1789975699.361 46.911 0.04620661 1.84224e-08
1789975699.371 47.010 0.04632673 2.85696e-09
1789975699.381 47.108 0.04642449 2.21015e-08
1789975699.391 47.206 0.04650178 8.23411e-09
1789975699.401 47.304 0.04659489 1.41773e-08
1789975699.411 47.402 0.04668987 1.89884e-08
1789975699.421 47.499 0.04678764 2.57395e-09
1789975699.431 47.597 0.04688261 2.01204e-08
1789975699.441 47.694 0.04695524 3.98899e-09
1789975699.451 47.791 0.04705487 1.04982e-08
1789975699.461 47.887 0.04714705 8.80013e-09
1789975699.471 47.984 0.04723365 -5.06727e-09
1789975699.481 48.080 0.04733235 1.55923e-08
1789975699.491 48.177 0.04741336 1.72493e-09
1789975699.501 48.273 0.04750461 1.04982e-08
1789975699.511 48.368 0.04761449 1.44603e-08
1789975699.521 48.464 0.04769270 -1.95418e-09
1789975699.531 48.559 0.04776812 1.78564e-08
1789975699.541 48.655 0.04786589 3.13997e-09
1789975699.551 48.750 0.04796087 1.13472e-08
1789975699.561 48.844 0.04802977 3.11578e-08
1789975699.571 48.939 0.04814337 1.07853e-07
1789975699.581 49.034 0.04823183 8.77352e-07
1789975699.591 49.128 0.04833518 3.49489e-06
1789975699.601 49.222 0.04841340 9.28439e-06
1789975699.611 49.316 0.04851210 1.88922e-05
1789975699.621 49.410 0.04859683 2.76372e-05
1789975699.631 49.503 0.04867598 2.93788e-05
1789975699.641 49.597 0.04876723 2.54470e-05
1789975699.651 49.690 0.04886593 1.87714e-05
1789975699.661 49.783 0.04894694 1.35340e-05
1789975699.671 49.876 0.04902701 8.85563e-06
1789975699.681 49.969 0.04909685 6.38299e-06
1789975699.691 50.061 0.04919276 4.29750e-06
1789975699.701 50.153 0.04928215 3.07774e-06
1789975699.711 50.246 0.04938550 1.78156e-06
1789975699.721 50.338 0.04948048 1.17225e-06
1789975699.731 50.430 0.04956242 4.70952e-07
1789975699.741 50.521 0.04965274 1.83133e-07
1789975699.751 50.613 0.04973002 5.86095e-08
1789975699.761 50.704 0.04982127 4.36101e-08
1789975699.771 50.795 0.04988552 2.09695e-08
1789975699.781 50.886 0.04996280 4.04970e-08
1789975699.791 50.977 0.05007082 1.95544e-08
1789975699.801 51.068 0.05018162 2.66296e-08
1789975699.811 51.159 0.05023469 2.54976e-08
1789975699.821 51.249 0.05033340 7.95110e-09
1789975699.831 51.339 0.05042930 1.67244e-08
1789975699.841 51.429 0.05048983 -7.04832e-09
1789975699.851 51.519 0.05057735 1.41773e-08
1789975699.861 51.609 0.05066395 2.43656e-08
1789975699.871 51.699 0.05075706 1.44603e-08
1789975699.881 51.788 0.05082317 3.76669e-08
1789975699.891 51.877 0.05092653 2.37996e-08
1789975699.901 51.966 0.05101498 4.72892e-08
1789975699.911 52.055 0.05109413 6.08736e-08
1789975699.921 52.144 0.05119097 8.29482e-08
1789975699.931 52.233 0.05124591 1.30777e-07
1789975699.941 52.321 0.05134274 1.68983e-07
1789975699.951 52.410 0.05142189 5.08309e-07
1789975699.961 52.498 0.05151314 2.95633e-06
1789975699.971 52.586 0.05159695 1.17998e-05
1789975699.981 52.674 0.05168633 2.96296e-05
1789975699.991 52.762 0.05175617 5.22609e-05
1789975700.001 52.850 0.05184090 8.71424e-05
1789975700.011 52.937 0.05193495 1.11727e-04
1789975700.021 53.024 0.05202806 1.24021e-04
1789975700.031 53.112 0.05208858 1.13333e-04
1789975700.041 53.199 0.05216773 7.89055e-05
1789975700.051 53.286 0.05226457 5.30043e-05
1789975700.061 53.372 0.05233533 3.33491e-05
1789975700.071 53.459 0.05242938 2.35511e-05
1789975700.081 53.546 0.05251132 1.68950e-05
1789975700.091 53.632 0.05259512 1.18340e-05
1789975700.101 53.718 0.05267240 8.24348e-06
1789975700.111 53.804 0.05275434 4.79362e-06
1789975700.121 53.890 0.05283629 2.91614e-06
1789975700.131 53.976 0.05291170 1.62195e-06
1789975700.141 54.062 0.05299830 8.62918e-07
1789975700.151 54.147 0.05306814 5.59251e-07
1789975700.161 54.233 0.05317801 4.81707e-07
1789975700.171 54.318 0.05323761 4.55104e-07
1789975700.181 54.403 0.05332606 4.20011e-07
1789975700.191 54.488 0.05340800 3.78975e-07
1789975700.201 54.573 0.05349367 3.36523e-07
1789975700.211 54.658 0.05356815 3.40203e-07
1789975700.221 54.742 0.05365475 3.50674e-07
1789975700.231 54.827 0.05373390 4.55670e-07
1789975700.241 54.911 0.05381212 5.53874e-07
1789975700.251 54.995 0.05390616 5.37742e-07
1789975700.261 55.079 0.05397972 6.27456e-07
1789975700.271 55.163 0.05405700 6.19531e-07
1789975700.281 55.247 0.05414267 8.04902e-07
1789975700.291 55.331 0.05424137 9.07633e-07
1789975700.301 55.415 0.05430375 1.16036e-06
1789975700.311 55.498 0.05437359 1.18668e-06
1789975700.321 55.581 0.05444156 1.04857e-06
1789975700.331 55.665 0.05453933 9.77537e-07
1789975700.341 55.748 0.05459241 5.94061e-07
1789975700.351 55.831 0.05468459 4.91329e-07
1789975700.361 55.913 0.05475442 4.68971e-07
1789975700.370 55.996 0.05485405 4.30765e-07
1789975700.380 56.079 0.05493506 4.46047e-07
1789975700.390 56.161 0.05501887 4.36425e-07
1789975700.400 56.244 0.05508404 4.61613e-07
1789975700.410 56.326 0.05515947 4.77461e-07
1789975700.420 56.408 0.05524699 4.14634e-07
1789975700.430 56.490 0.05531776 4.02464e-07
1789975700.440 56.572 0.05539411 3.71899e-07
1789975700.450 56.654 0.05546581 9.05370e-07
1789975700.460 56.735 0.05553099 2.83775e-06
1789975700.470 56.817 0.05561386 9.91549e-06
1789975700.480 56.898 0.05567997 3.20940e-05
1789975700.490 56.979 0.05577122 6.79780e-05
1789975700.500 57.061 0.05585595 1.07136e-04
1789975700.510 57.142 0.05592951 1.43548e-04
1789975700.520 57.223 0.05601239 1.83219e-04
1789975700.530 57.303 0.05607756 2.16871e-04
1789975700.540 57.384 0.05616975 2.26668e-04
1789975700.550 57.465 0.05625076 2.11476e-04
1789975700.560 57.545 0.05631314 1.77548e-04
1789975700.570 57.626 0.05639229 1.16299e-04
1789975700.580 57.706 0.05645933 7.08502e-05
1789975700.590 57.786 0.05656641 4.33322e-05
1789975700.600 57.866 0.05662879 2.86331e-05
1789975700.610 57.946 0.05669491 1.97984e-05
1789975700.620 58.026 0.05677126 1.27770e-05
1789975700.630 58.106 0.05682806 8.59187e-06
1789975700.640 58.185 0.05694166 4.86437e-06
1789975700.650 58.265 0.05703756 2.25532e-06
1789975700.660 58.344 0.05709995 1.73317e-06
1789975700.670 58.423 0.05715954 1.97429e-06
1789975700.680 58.502 0.05724055 2.54965e-06
1789975700.690 58.581 0.05732529 3.12557e-06
1789975700.700 58.660 0.05738022 3.73290e-06
1789975700.710 58.739 0.05746123 4.43589e-06
1789975700.720 58.818 0.05754130 4.78399e-06
1789975700.730 58.897 0.05761487 4.90569e-06
1789975700.740 58.975 0.05767725 4.60287e-06
1789975700.750 59.054 0.05774709 4.55363e-06
1789975700.760 59.132 0.05780203 3.57187e-06
1789975700.770 59.210 0.05788397 2.95293e-06
1789975700.780 59.288 0.05797056 2.61474e-06
1789975700.790 59.366 0.05806181 2.21768e-06
1789975700.800 59.444 0.05813165 1.89363e-06
1789975700.810 59.522 0.05821079 1.51044e-06
1789975700.820 59.600 0.05829273 1.37743e-06
1789975700.830 59.677 0.05835233 1.10149e-06
1789975700.840 59.755 0.05841936 6.74435e-07
1789975700.850 59.832 0.05848548 5.22460e-07
1789975700.860 59.910 0.05857114 5.46515e-07
1789975700.870 59.987 0.05865960 5.28120e-07
1789975700.880 60.064 0.05872571 6.86887e-07
1789975700.890 60.141 0.05878344 7.14905e-07
1789975700.900 60.218 0.05886258 9.96498e-07
1789975700.910 60.295 0.05893708 1.05763e-06
1789975700.920 60.371 0.05901995 1.18951e-06
1789975700.930 60.448 0.05911027 1.16262e-06
1789975700.940 60.524 0.05916241 1.52261e-06
1789975700.950 60.601 0.05922294 1.81779e-06
1789975700.960 60.677 0.05929929 2.07646e-06
1789975700.970 60.753 0.05938588 2.29409e-06
1789975700.980 60.830 0.05945944 2.75936e-06
1789975700.990 60.906 0.05953021 3.02142e-06
1789975701.000 60.982 0.05957304 2.92690e-06
1789975701.010 61.057 0.05966616 2.80945e-06
1789975701.020 61.133 0.05972761 2.29069e-06
1789975701.030 61.209 0.05980955 1.64006e-06
1789975701.040 61.284 0.05987008 1.01036e-06
1789975701.050 61.360 0.05994456 9.11313e-07
1789975701.060 61.435 0.05999857 8.18769e-07
1789975701.070 61.511 0.06009634 8.30372e-07
1789975701.080 61.586 0.06016617 1.00499e-06
1789975701.090 61.661 0.06024067 1.01716e-06
1789975701.100 61.736 0.06030305 1.18074e-06
1789975701.110 61.811 0.06035613 1.21272e-06
1789975701.120 61.886 0.06045390 1.21272e-06
1789975701.130 61.960 0.06052559 1.14423e-06
1789975701.140 62.035 0.06058239 1.13744e-06
1789975701.150 62.110 0.06067271 1.28602e-06
1789975701.160 62.184 0.06077514 1.61742e-06
1789975701.170 62.258 0.06081145 2.30060e-06
1789975701.180 62.333 0.06086918 3.49291e-06
1789975701.190 62.407 0.06095577 6.55251e-06
1789975701.200 62.481 0.06102282 1.87867e-05
1789975701.210 62.555 0.06107123 3.90415e-05
1789975701.220 62.629 0.06117366 5.60297e-05
1789975701.230 62.703 0.06125095 7.29462e-05
1789975701.240 62.777 0.06132264 8.80396e-05
1789975701.250 62.850 0.06137851 1.04912e-04
1789975701.260 62.924 0.06144648 1.19414e-04
1789975701.270 62.997 0.06152005 1.29693e-04
1789975701.280 63.071 0.06157870 1.27869e-04
1789975701.290 63.144 0.06164389 1.14792e-04
1789975701.300 63.218 0.06171092 9.72133e-05
1789975701.310 63.291 0.06178914 6.58396e-05
1789975701.320 63.364 0.06188319 3.60049e-05
1789975701.330 63.437 0.06193905 2.04623e-05
1789975701.340 63.510 0.06199120 1.29714e-05
1789975701.350 63.583 0.06205824 9.07298e-06
1789975701.360 63.655 0.06213459 7.07806e-06
1789975701.370 63.728 0.06220815 5.12615e-06
1789975701.380 63.801 0.06225564 4.37731e-06
1789975701.390 63.873 0.06234037 3.72158e-06
1789975701.400 63.945 0.06241673 3.25320e-06
1789975701.410 64.018 0.06248470 2.42201e-06
1789975701.420 64.090 0.06255919 1.93976e-06
1789975701.430 64.162 0.06263182 2.13617e-06
1789975701.440 64.234 0.06269513 1.36469e-06
1789975701.450 64.306 0.06274542 1.39073e-06
1789975701.460 64.378 0.06282177 1.41054e-06
1789975701.470 64.450 0.06288974 1.40686e-06
1789975701.480 64.522 0.06295399 1.03018e-06
1789975701.490 64.594 0.06302196 9.02256e-07
1789975701.500 64.665 0.06308994 6.24060e-07
1789975701.510 64.737 0.06318026 4.86235e-07
1789975701.520 64.808 0.06323147 5.59534e-07
1789975701.530 64.880 0.06330224 6.22361e-07
1789975701.540 64.951 0.06338231 6.82642e-07
1789975701.550 65.022 0.06344842 8.32919e-07
1789975701.560 65.093 0.06349684 8.86408e-07
1789975701.570 65.164 0.06357878 1.01461e-06
1789975701.580 65.235 0.06363465 1.24441e-06
1789975701.590 65.306 0.06369703 1.22432e-06
1789975701.600 65.377 0.06376687 1.16121e-06
1789975701.610 65.448 0.06385999 1.17366e-06
1789975701.620 65.518 0.06390747 1.27837e-06
1789975701.630 65.589 0.06398755 1.32733e-06
1789975701.640 65.660 0.06403970 1.53648e-06
1789975701.650 65.730 0.06412908 1.82911e-06
1789975701.660 65.800 0.06417657 2.12768e-06
1789975701.670 65.871 0.06423244 2.52927e-06
1789975701.680 65.941 0.06430414 3.06868e-06
1789975701.690 66.011 0.06436746 3.26934e-06
1789975701.700 66.081 0.06445591 3.08736e-06
1789975701.710 66.151 0.06450247 2.75907e-06
1789975701.720 66.221 0.06455740 2.34899e-06
1789975701.730 66.291 0.06463562 1.77902e-06
1789975701.740 66.361 0.06470918 1.16404e-06
1789975701.750 66.430 0.06478367 8.63767e-07
1789975701.760 66.500 0.06483209 7.36131e-07
1789975701.770 66.570 0.06489168 8.22731e-07
1789975701.780 66.639 0.06496617 8.64899e-07
1789975701.790 66.709 0.06503973 8.82163e-07
1789975701.800 66.778 0.06512353 8.90370e-07
1789975701.810 66.847 0.06520547 8.17637e-07
1789975701.820 66.916 0.06522689 7.93015e-07
1789975701.830 66.986 0.06527997 7.22829e-07
1789975701.840 67.055 0.06536656 6.69058e-07
1789975701.850 67.124 0.06545222 6.61700e-07
1789975701.860 67.193 0.06552206 6.82925e-07
1789975701.870 67.261 0.06556675 6.66511e-07
1789975701.880 67.330 0.06562542 6.19248e-07
1789975701.890 67.399 0.06570363 5.36327e-07
1789975701.900 67.467 0.06577998 5.17648e-07
1789975701.910 67.536 0.06583865 6.10758e-07
1789975701.920 67.605 0.06589451 5.34346e-07
1789975701.930 67.673 0.06598111 6.04532e-07
1789975701.940 67.741 0.06603232 6.21512e-07
1789975701.950 67.810 0.06607795 6.95377e-07
1789975701.960 67.878 0.06614685 6.52360e-07
1789975701.970 67.946 0.06623158 6.08777e-07
1789975701.980 68.014 0.06628187 5.05762e-07
1789975701.990 68.082 0.06633494 3.37938e-07
1789975702.000 68.150 0.06640850 2.26150e-07
1789975702.010 68.218 0.06650161 1.61624e-07
1789975702.020 68.286 0.06654258 1.30211e-07
1789975702.030 68.353 0.06658262 1.60209e-07
1789975702.040 68.421 0.06667666 1.55964e-07
1789975702.050 68.489 0.06673533 1.68417e-07
1789975702.060 68.556 0.06678188 1.50021e-07
1789975702.070 68.624 0.06684241 1.55115e-07
1789975702.080 68.691 0.06693273 1.98981e-07
1789975702.090 68.759 0.06700908 1.74643e-07
1789975702.100 68.826 0.06707240 2.25018e-07
1789975702.110 68.893 0.06713292 2.68601e-07
1789975702.120 68.960 0.06720741 3.30863e-07
1789975702.130 69.027 0.06725397 4.09256e-07
1789975702.139 69.094 0.06731263 4.28784e-07
1789975702.149 69.161 0.06736384 4.91895e-07
1789975702.159 69.228 0.06742809 4.92178e-07
1789975702.169 69.295 0.06748489 4.88499e-07
1789975702.179 69.362 0.06753610 4.03313e-07
1789975702.189 69.428 0.06763387 3.77559e-07
1789975702.199 69.495 0.06769905 3.61428e-07
1789975702.209 69.562 0.06774468 3.62277e-07
1789975702.219 69.628 0.06781824 4.30765e-07
1789975702.229 69.695 0.06788062 5.70854e-07
1789975702.239 69.761 0.06794580 6.78963e-07
1789975702.249 69.827 0.06798956 9.07068e-07
1789975702.259 69.894 0.06806778 1.47563e-06
1789975702.269 69.960 0.06813669 3.03982e-06
1789975702.279 70.026 0.06819721 7.07523e-06
1789975702.289 70.092 0.06825215 1.19084e-05
1789975702.299 70.158 0.06829498 1.82535e-05
1789975702.309 70.224 0.06837319 2.57071e-05
1789975702.319 70.290 0.06845513 3.53874e-05
1789975702.329 70.356 0.06850541 4.97443e-05
1789975702.339 70.421 0.06856501 6.67528e-05
1789975702.349 70.487 0.06862180 8.35290e-05
1789975702.359 70.553 0.06869537 1.07486e-04
1789975702.369 70.618 0.06877172 1.31581e-04
1789975702.379 70.684 0.06882852 1.36441e-04
1789975702.389 70.749 0.06888997 1.37476e-04
1789975702.399 70.815 0.06894770 1.23971e-04
1789975702.409 70.880 0.06902033 1.02904e-04
1789975702.419 70.945 0.06908365 7.23103e-05
1789975702.429 71.010 0.06914231 4.06456e-05
1789975702.439 71.076 0.06921214 2.24445e-05
1789975702.449 71.141 0.06926615 1.32609e-05
1789975702.459 71.206 0.06931643 9.18137e-06
1789975702.469 71.271 0.06937602 7.24022e-06
1789975702.479 71.336 0.06944772 6.03857e-06
1789975702.489 71.400 0.06950545 5.48359e-06
1789975702.499 71.465 0.06955574 4.94106e-06
1789975702.509 71.530 0.06962184 4.31788e-06
1789975702.519 71.595 0.06969634 3.88686e-06
1789975702.529 71.659 0.06975127 3.45301e-06
1789975702.539 71.724 0.06981180 3.08000e-06
1789975702.549 71.788 0.06986580 2.71407e-06
1789975702.559 71.853 0.06992446 2.36513e-06
1789975702.569 71.917 0.06998126 2.05042e-06
1789975702.579 71.981 0.07005948 1.73770e-06
1789975702.589 72.046 0.07012838 1.55459e-06
1789975702.599 72.110 0.07020380 1.34545e-06
1789975702.609 72.174 0.07025036 1.19036e-06
1789975702.619 72.238 0.07031088 1.11395e-06
1789975702.629 72.302 0.07037141 9.57443e-07
1789975702.639 72.366 0.07042448 8.81880e-07
1789975702.649 72.430 0.07049245 8.10845e-07
1789975702.659 72.494 0.07054088 6.81510e-07
1789975702.669 72.558 0.07059022 6.37927e-07
1789975702.679 72.622 0.07066192 5.69439e-07
1789975702.689 72.685 0.07071965 5.17083e-07
1789975702.699 72.749 0.07079135 4.75480e-07
1789975702.709 72.813 0.07088446 4.48878e-07
1789975702.719 72.876 0.07090681 4.33595e-07
1789975702.729 72.940 0.07095336 4.00200e-07
1789975702.739 73.003 0.07102599 3.73031e-07
1789975702.749 73.066 0.07109583 3.65107e-07
1789975702.759 73.130 0.07115635 3.27467e-07
1789975702.769 73.193 0.07120011 3.15864e-07
1789975702.779 73.256 0.07128205 3.11336e-07
1789975702.789 73.319 0.07133979 2.72847e-07
1789975702.799 73.382 0.07138355 3.00581e-07
1789975702.809 73.445 0.07144221 2.65771e-07
1789975702.819 73.508 0.07149342 2.73979e-07
1789975702.829 73.571 0.07157536 2.93223e-07
1789975702.839 73.634 0.07164426 2.89827e-07
1789975702.849 73.697 0.07167965 3.44731e-07
1789975702.859 73.760 0.07174390 3.81239e-07
1789975702.869 73.823 0.07181653 4.11238e-07
1789975702.879 73.885 0.07187705 3.81239e-07
1789975702.889 73.948 0.07191150 3.80673e-07
1789975702.899 74.010 0.07197482 3.73031e-07
1789975702.909 74.073 0.07204186 3.25203e-07
1789975702.919 74.135 0.07211170 2.96902e-07
1789975702.929 74.198 0.07216570 2.29263e-07
1789975702.939 74.260 0.07219829 1.93887e-07
1789975702.949 74.322 0.07227651 2.01246e-07
1789975702.959 74.385 0.07236776 2.06906e-07
1789975702.969 74.447 0.07241431 2.21056e-07
1789975702.979 74.509 0.07248974 2.56715e-07
1789975702.989 74.571 0.07254374 2.52470e-07
1789975702.999 74.633 0.07258937 2.84450e-07
1789975703.009 74.695 0.07262941 2.81337e-07
1789975703.019 74.757 0.07268528 2.81903e-07
1789975703.029 74.819 0.07276722 3.06808e-07
1789975703.039 74.881 0.07284170 3.00864e-07
1789975703.049 74.943 0.07287244 3.77559e-07
1789975703.059 75.004 0.07293668 3.88597e-07
1789975703.069 75.066 0.07298696 3.96521e-07
1789975703.079 75.128 0.07306704 4.06426e-07
1789975703.089 75.189 0.07311546 3.61994e-07
1789975703.099 75.251 0.07316760 3.64824e-07
1789975703.109 75.312 0.07323930 3.09638e-07
1789975703.119 75.374 0.07330355 2.49640e-07
1789975703.129 75.435 0.07335849 1.93887e-07
1789975703.139 75.496 0.07342925 1.40682e-07
1789975703.149 75.558 0.07349257 1.41814e-07
1789975703.159 75.619 0.07352982 1.16343e-07
1789975703.169 75.680 0.07358475 1.37852e-07
1789975703.179 75.741 0.07364155 1.81152e-07
1789975703.189 75.802 0.07371138 2.12566e-07
1789975703.199 75.863 0.07376446 3.17845e-07
1789975703.209 75.924 0.07379705 3.88880e-07
1789975703.219 75.985 0.07386223 5.26705e-07
1789975703.229 76.046 0.07393299 6.88868e-07
1789975703.239 76.107 0.07398514 8.79616e-07
1789975703.249 76.168 0.07403169 1.14649e-06
1789975703.259 76.228 0.07410526 1.51384e-06
1789975703.269 76.289 0.07414157 2.00231e-06
1789975703.279 76.350 0.07419651 2.72624e-06
1789975703.289 76.410 0.07426541 3.25349e-06
1789975703.299 76.471 0.07434735 3.52263e-06
1789975703.309 76.531 0.07441439 3.53706e-06
1789975703.319 76.592 0.07444046 3.45697e-06
1789975703.329 76.652 0.07447957 3.18557e-06
1789975703.339 76.713 0.07455034 2.77067e-06
1789975703.349 76.773 0.07460993 2.10589e-06
1789975703.359 76.833 0.07468163 1.41790e-06
1789975703.369 76.893 0.07471422 8.63484e-07
1789975703.379 76.954 0.07478591 5.62647e-07
1789975703.389 77.014 0.07484737 3.70767e-07
1789975703.399 77.074 0.07489299 3.11902e-07
1789975703.409 77.134 0.07494980 2.45395e-07
1789975703.419 77.194 0.07499821 2.26433e-07
1789975703.429 77.254 0.07504849 2.16245e-07
1789975703.439 77.314 0.07512671 1.88227e-07
1789975703.449 77.374 0.07518817 2.04359e-07
1789975703.459 77.433 0.07523472 2.04076e-07
1789975703.469 77.493 0.07528500 2.12000e-07
1789975703.479 77.553 0.07534739 2.09170e-07
1789975703.489 77.612 0.07539487 1.90774e-07
1789975703.499 77.672 0.07545726 1.83133e-07
1789975703.509 77.732 0.07551499 1.65870e-07
1789975703.519 77.791 0.07558390 1.50304e-07
1789975703.529 77.851 0.07563604 1.37852e-07
1789975703.539 77.910 0.07570122 9.31365e-08
1789975703.549 77.969 0.07575709 9.45515e-08
1789975703.559 78.029 0.07581668 7.19109e-08
1789975703.569 78.088 0.07586510 7.04959e-08
1789975703.579 78.147 0.07591445 7.10619e-08
1789975703.589 78.207 0.07598615 5.04023e-08
1789975703.599 78.266 0.07603549 6.62507e-08
1789975703.609 78.325 0.07608112 4.64402e-08
1789975703.619 78.384 0.07614351 4.92703e-08
1789975703.629 78.443 0.07620589 5.01193e-08
1789975703.639 78.502 0.07625245 3.59689e-08
1789975703.649 78.561 0.07632322 5.40814e-08
1789975703.659 78.620 0.07639026 4.13461e-08
1789975703.669 78.679 0.07643495 5.15343e-08
1789975703.679 78.737 0.07647033 5.77605e-08
1789975703.689 78.796 0.07653645 5.21004e-08
1789975703.699 78.855 0.07660442 7.89861e-08
1789975703.709 78.913 0.07664725 7.87031e-08
1789975703.719 78.972 0.07668170 1.01627e-07
1789975703.729 79.031 0.07674502 1.25965e-07
1789975703.739 79.089 0.07681672 1.26248e-07
1789975703.749 79.148 0.07687259 1.59926e-07
1789975703.759 79.206 0.07691635 1.39550e-07
1789975703.769 79.265 0.07697315 1.44078e-07
1789975703.779 79.323 0.07701970 1.42380e-07
1789975703.789 79.381 0.07709420 1.10400e-07
1789975703.799 79.440 0.07714727 1.12664e-07
1789975703.809 79.498 0.07720966 7.67220e-08
1789975703.819 79.556 0.07726180 7.16279e-08
1789975703.829 79.614 0.07729718 6.42697e-08
1789975703.839 79.672 0.07736329 4.50252e-08
1789975703.849 79.730 0.07742475 5.69115e-08
1789975703.859 79.788 0.07748061 3.87990e-08
1789975703.869 79.846 0.07752811 4.70062e-08
1789975703.879 79.904 0.07758211 4.81382e-08
1789975703.889 79.962 0.07763332 3.45538e-08
1789975703.899 80.020 0.07770782 5.12513e-08
1789975703.909 80.078 0.07774972 3.62519e-08
1789975703.919 80.136 0.07780186 4.64402e-08
1789975703.929 80.193 0.07785773 5.21004e-08
1789975703.939 80.251 0.07791359 4.53082e-08
1789975703.949 80.309 0.07796481 8.06842e-08
1789975703.959 80.366 0.07800578 8.29482e-08
1789975703.969 80.424 0.07807747 1.11532e-07
1789975703.979 80.481 0.07814358 1.53417e-07
1789975703.989 80.539 0.07818269 1.76624e-07
1789975703.999 80.596 0.07824228 2.29829e-07
1789975704.009 80.654 0.07828046 2.65488e-07
1789975704.019 80.711 0.07835402 3.31712e-07
1789975704.029 80.769 0.07841268 4.01332e-07
1789975704.038 80.826 0.07848065 4.67273e-07
1789975704.049 80.883 0.07853839 7.28490e-07
1789975704.058 80.940 0.07856911 1.38365e-06
1789975704.068 80.997 0.07863522 2.44663e-06
1789975704.078 81.055 0.07870319 3.82403e-06
1789975704.088 81.112 0.07873951 5.60981e-06
1789975704.098 81.169 0.07880283 8.14217e-06
1789975704.108 81.226 0.07885404 1.09097e-05
1789975704.118 81.283 0.07890898 1.37036e-05
1789975704.128 81.340 0.07896485 1.72794e-05
1789975704.138 81.396 0.07901885 2.20022e-05
1789975704.148 81.453 0.07905517 2.78732e-05
1789975704.158 81.510 0.07911476 3.55985e-05
1789975704.168 81.567 0.07916597 4.58490e-05
1789975704.178 81.624 0.07923301 5.81157e-05
1789975704.188 81.680 0.07929540 7.73405e-05
1789975704.198 81.737 0.07933916 9.97397e-05
1789975704.208 81.794 0.07939503 1.19745e-04
1789975704.218 81.850 0.07943134 1.25738e-04
1789975704.228 81.907 0.07949373 1.30411e-04
1789975704.238 81.963 0.07956170 1.28722e-04
1789975704.248 82.020 0.07960733 1.19298e-04
1789975704.258 82.076 0.07965668 1.09971e-04
1789975704.268 82.132 0.07971627 9.32928e-05
1789975704.278 82.189 0.07976748 7.01172e-05
1789975704.288 82.245 0.07984011 4.57616e-05
1789975704.298 82.301 0.07988853 3.13474e-05
1789975704.308 82.357 0.07991460 2.11096e-05
1789975704.318 82.414 0.07996302 1.39373e-05
1789975704.328 82.470 0.08004124 1.03895e-05
1789975704.338 82.526 0.08009617 8.12009e-06
1789975704.348 82.582 0.08011573 6.67449e-06
1789975704.358 82.638 0.08018742 5.64151e-06
1789975704.368 82.694 0.08024050 4.76362e-06
1789975704.378 82.750 0.08028147 4.10789e-06
1789975704.388 82.806 0.08033082 3.47621e-06
1789975704.398 82.862 0.08039041 3.10972e-06
1789975704.408 82.918 0.08045559 2.79190e-06
1789975704.418 82.973 0.08052170 2.44776e-06
1789975704.428 83.029 0.08057850 2.23353e-06
1789975704.438 83.085 0.08062040 2.06966e-06
1789975704.448 83.140 0.08066975 1.82147e-06
1789975704.458 83.196 0.08073866 1.75298e-06
1789975704.468 83.252 0.08076938 1.50676e-06
1789975704.478 83.307 0.08081687 1.47450e-06
1789975704.488 83.363 0.08088298 1.32931e-06
1789975704.498 83.418 0.08093885 1.30752e-06
1789975704.508 83.474 0.08097609 1.25036e-06
1789975704.518 83.529 0.08101799 1.15668e-06
1789975704.528 83.585 0.08109435 1.05791e-06
1789975704.538 83.640 0.08115208 9.38198e-07
1789975704.548 83.695 0.08119026 9.93385e-07
1789975704.558 83.751 0.08124053 8.43957e-07
1789975704.568 83.806 0.08131875 8.51881e-07
1789975704.578 83.861 0.08136345 7.45470e-07
1789975704.588 83.916 0.08140255 7.52828e-07
1789975704.598 83.971 0.08146308 6.79529e-07
1789975704.608 84.026 0.08151615 6.56322e-07
1789975704.618 84.082 0.08156736 6.82076e-07
1789975704.628 84.137 0.08161672 6.32550e-07
1789975704.638 84.192 0.08168190 5.47081e-07
1789975704.648 84.247 0.08170983 5.97740e-07
1789975704.658 84.301 0.08177221 4.75197e-07
1789975704.668 84.356 0.08182901 5.18498e-07
1789975704.678 84.411 0.08186998 5.03215e-07
1789975704.688 84.466 0.08193144 4.85669e-07
1789975704.698 84.521 0.08197055 3.94823e-07
1789975704.708 84.576 0.08204224 4.31331e-07
1789975704.718 84.630 0.08208321 3.87748e-07
1789975704.728 84.685 0.08212698 3.31146e-07
1789975704.738 84.740 0.08217353 3.54070e-07
1789975704.748 84.794 0.08223778 3.25486e-07
1789975704.758 84.849 0.08226292 3.28882e-07
1789975704.768 84.903 0.08232903 3.48410e-07
1789975704.778 84.958 0.08238863 3.35957e-07
1789975704.788 85.012 0.08245846 3.30863e-07
1789975704.798 85.067 0.08251247 2.72847e-07
1789975704.808 85.121 0.08254226 2.85865e-07
1789975704.818 85.175 0.08257951 2.92940e-07
1789975704.828 85.230 0.08263444 2.66337e-07
1789975704.838 85.284 0.08269590 2.65205e-07
1789975704.848 85.338 0.08275084 2.80488e-07
1789975704.858 85.392 0.08281416 2.45961e-07
1789975704.868 85.447 0.08285605 2.63224e-07
1789975704.878 85.501 0.08289889 2.42282e-07
1789975704.888 85.555 0.08296313 2.43697e-07
1789975704.898 85.609 0.08301994 2.51621e-07
1789975704.908 85.663 0.08308046 2.08321e-07
1789975704.918 85.717 0.08311305 2.30961e-07
1789975704.928 85.771 0.08317171 1.86246e-07
1789975704.938 85.825 0.08322013 2.04359e-07
1789975704.948 85.879 0.08327227 2.05774e-07
1789975704.958 85.933 0.08331790 1.90208e-07
1789975704.968 85.987 0.08335235 1.72096e-07
1789975704.978 86.040 0.08341567 1.95019e-07
1789975704.988 86.094 0.08346036 1.97000e-07
1789975704.998 86.148 0.08350506 2.19641e-07
1789975705.008 86.202 0.08357024 2.01812e-07
1789975705.018 86.255 0.08362796 2.47942e-07
1789975705.028 86.309 0.08367639 2.57847e-07
1789975705.038 86.363 0.08371456 2.78507e-07
1789975705.048 86.416 0.08376298 3.38504e-07
1789975705.058 86.470 0.08381885 3.63975e-07
1789975705.068 86.523 0.08388216 4.37557e-07
1789975705.078 86.577 0.08393524 4.78876e-07
1789975705.088 86.630 0.08398831 5.88117e-07
1789975705.098 86.684 0.08404232 7.34716e-07
1789975705.108 86.737 0.08407770 8.83295e-07
1789975705.118 86.790 0.08413730 1.06216e-06
1789975705.128 86.844 0.08419130 1.17026e-06
1789975705.138 86.897 0.08423414 1.21894e-06
1789975705.148 86.950 0.08427417 1.23253e-06
1789975705.158 87.003 0.08433284 1.23338e-06
1789975705.168 87.056 0.08438498 1.19970e-06
1789975705.178 87.110 0.08444737 1.11395e-06
1789975705.188 87.163 0.08450975 1.00131e-06
1789975705.198 87.216 0.08454979 8.76503e-07
1789975705.208 87.269 0.08459914 6.67360e-07
1789975705.218 87.322 0.08463731 5.33780e-07
1789975705.228 87.375 0.08468294 3.85767e-07
1789975705.238 87.428 0.08473136 2.93789e-07
1789975705.248 87.481 0.08476208 2.43131e-07
1789975705.258 87.534 0.08482354 1.69832e-07
1789975705.268 87.587 0.08486823 1.41248e-07
1789975705.278 87.639 0.08493993 9.96457e-08
1789975705.288 87.692 0.08498649 7.70051e-08
1789975705.298 87.745 0.08505539 7.98351e-08
1789975705.308 87.798 0.08508426 5.35154e-08
1789975705.318 87.850 0.08513920 6.08736e-08
1789975705.328 87.903 0.08519692 4.84213e-08
1789975705.338 87.956 0.08527142 3.87990e-08
1789975705.348 88.008 0.08529563 5.29494e-08
1789975705.358 88.061 0.08532915 2.94597e-08
1789975705.368 88.113 0.08536826 4.19121e-08
1789975705.378 88.166 0.08542691 3.39878e-08
1789975705.388 88.218 0.08547347 2.63466e-08
1789975705.398 88.271 0.08552282 4.21951e-08
1789975705.408 88.323 0.08559452 2.06865e-08
1789975705.418 88.376 0.08562897 3.73839e-08
1789975705.428 88.428 0.08568670 2.97427e-08
1789975705.438 88.480 0.08573326 2.80447e-08
1789975705.448 88.533 0.08579006 4.47421e-08
1789975705.458 88.585 0.08587107 2.66296e-08
1789975705.468 88.637 0.08588411 4.27611e-08
1789975705.478 88.689 0.08591390 3.45538e-08
1789975705.488 88.741 0.08597908 3.25728e-08
1789975705.498 88.794 0.08603215 4.78552e-08
1789975705.508 88.846 0.08608802 2.71956e-08
1789975705.518 88.898 0.08613830 4.16290e-08
1789975705.528 88.950 0.08618020 3.00257e-08
1789975705.538 89.002 0.08623328 2.46486e-08
1789975705.548 89.054 0.08627890 3.62519e-08
1789975705.558 89.106 0.08634315 1.53093e-08
1789975705.568 89.158 0.08637481 3.17238e-08
1789975705.578 89.210 0.08642882 2.06865e-08
1789975705.588 89.261 0.08647444 1.67244e-08
1789975705.598 89.313 0.08653311 3.11578e-08
1789975705.608 89.365 0.08656756 1.24792e-08
1789975705.618 89.417 0.08662063 2.91767e-08
1789975705.628 89.469 0.08667184 1.89884e-08
1789975705.638 89.520 0.08673237 1.58753e-08
1789975705.648 89.572 0.08677520 3.05917e-08
1789975705.658 89.624 0.08683200 1.21962e-08
1789975705.668 89.675 0.08687763 2.86107e-08
1789975705.678 89.727 0.08694001 1.89884e-08
1789975705.688 89.779 0.08696887 1.50263e-08
1789975705.698 89.830 0.08703126 2.83277e-08
1789975705.707 89.882 0.08710389 9.64915e-09
1789975705.717 89.933 0.08713369 2.86107e-08
1789975705.727 89.984 0.08716441 1.84224e-08
1789975705.737 90.036 0.08720818 1.44603e-08
1789975705.747 90.087 0.08725194 2.88937e-08
1789975705.757 90.139 0.08732550 1.21962e-08
1789975705.767 90.190 0.08735716 2.94597e-08
1789975705.777 90.241 0.08741675 1.95544e-08
1789975705.787 90.293 0.08746703 1.81394e-08
1789975705.797 90.344 0.08748565 3.28558e-08
1789975705.807 90.395 0.08754525 1.61583e-08
1789975705.817 90.446 0.08760577 3.48369e-08
1789975705.827 90.497 0.08764581 2.43656e-08
1789975705.837 90.549 0.08769050 2.21015e-08
1789975705.847 90.600 0.08773986 3.48369e-08
1789975705.857 90.651 0.08778269 1.72904e-08
1789975705.867 90.702 0.08785904 3.54029e-08
1789975705.877 90.753 0.08791118 2.32335e-08
1789975705.887 90.804 0.08792515 2.18185e-08
1789975705.897 90.855 0.08799033 3.25728e-08
1789975705.907 90.906 0.08804806 1.38943e-08
1789975705.917 90.957 0.08809276 3.08748e-08
1789975705.927 91.007 0.08814769 1.78564e-08
1789975705.937 91.058 0.08818587 1.61583e-08
1789975705.947 91.109 0.08821753 2.94597e-08
1789975705.957 91.160 0.08825756 1.16302e-08
1789975705.967 91.211 0.08831902 3.03087e-08
1789975705.977 91.261 0.08834509 1.87054e-08
1789975705.987 91.312 0.08841307 1.92714e-08
1789975705.997 91.363 0.08847173 3.34218e-08
1789975706.007 91.413 0.08852667 1.72904e-08
1789975706.017 91.464 0.08856484 3.73839e-08
1789975706.027 91.515 0.08862071 2.80447e-08
1789975706.037 91.565 0.08866354 3.11578e-08
1789975706.047 91.616 0.08871848 4.38931e-08
1789975706.057 91.666 0.08876969 2.74786e-08
1789975706.067 91.717 0.08881252 4.53082e-08
1789975706.077 91.767 0.08886746 3.31388e-08
1789975706.087 91.817 0.08890563 3.45538e-08
1789975706.097 91.868 0.08894753 4.78552e-08
1789975706.107 91.918 0.08900620 3.03087e-08
1789975706.117 91.969 0.08905275 4.67232e-08
1789975706.127 92.019 0.08910211 3.90820e-08
1789975706.137 92.069 0.08914307 3.90820e-08
1789975706.147 92.119 0.08919429 4.92703e-08
1789975706.157 92.170 0.08924177 3.14408e-08
1789975706.167 92.220 0.08927343 5.23834e-08
1789975706.177 92.270 0.08933023 3.56859e-08
1789975706.187 92.320 0.08938890 3.73839e-08
1789975706.197 92.370 0.08943731 4.70062e-08
1789975706.207 92.420 0.08948666 2.71956e-08
1789975706.217 92.470 0.08952019 4.55912e-08
1789975706.227 92.521 0.08956208 3.34218e-08
1789975706.237 92.571 0.08961051 3.31388e-08
1789975706.247 92.621 0.08966637 4.19121e-08
1789975706.257 92.670 0.08969524 2.40826e-08
1789975706.267 92.720 0.08976600 4.87042e-08
1789975706.277 92.770 0.08982652 5.12513e-08
1789975706.287 92.820 0.08986936 6.48357e-08
1789975706.297 92.870 0.08992523 9.22875e-08
1789975706.307 92.920 0.08995036 9.03064e-08
1789975706.317 92.970 0.08999320 1.31060e-07
1789975706.327 93.019 0.09003882 1.44927e-07
1789975706.337 93.069 0.09009935 1.62191e-07
1789975706.347 93.119 0.09015242 1.95585e-07
1789975706.357 93.169 0.09020550 2.15113e-07
1789975706.367 93.218 0.09023250 2.60960e-07
1789975706.377 93.268 0.09028372 3.01996e-07
1789975706.387 93.317 0.09033958 3.61145e-07
1789975706.397 93.367 0.09040197 4.29916e-07
1789975706.407 93.417 0.09042525 5.21328e-07
1789975706.417 93.466 0.09048577 6.86604e-07
1789975706.427 93.516 0.09053419 8.08864e-07
1789975706.437 93.565 0.09058819 9.79518e-07
1789975706.447 93.615 0.09062172 1.22092e-06
1789975706.457 93.664 0.09064593 1.39412e-06
1789975706.467 93.713 0.09071018 1.71788e-06
1789975706.477 93.763 0.09076325 2.09174e-06
1789975706.487 93.812 0.09080701 2.52842e-06
1789975706.497 93.861 0.09084053 2.86803e-06
1789975706.507 93.911 0.09088709 3.12302e-06
1789975706.517 93.960 0.09093364 3.40009e-06
1789975706.527 94.009 0.09098765 3.31773e-06
1789975706.537 94.059 0.09102396 3.21047e-06
1789975706.547 94.108 0.09108449 3.23283e-06
1789975706.557 94.157 0.09112732 3.12642e-06
1789975706.567 94.206 0.09118226 2.99255e-06
1789975706.577 94.255 0.09123999 2.76247e-06
1789975706.587 94.304 0.09127444 2.55502e-06
1789975706.597 94.353 0.09132565 1.99552e-06
1789975706.607 94.402 0.09136290 1.74788e-06
1789975706.617 94.451 0.09140946 1.43544e-06
1789975706.627 94.500 0.09145322 1.15385e-06
1789975706.637 94.549 0.09149605 9.88008e-07
1789975706.647 94.598 0.09155937 8.11128e-07
1789975706.657 94.647 0.09161058 7.03868e-07
1789975706.667 94.696 0.09163758 6.14720e-07
1789975706.677 94.745 0.09168879 5.02366e-07
1789975706.687 94.794 0.09172232 4.05294e-07
1789975706.697 94.843 0.09177539 3.23222e-07
1789975706.707 94.891 0.09183592 2.41999e-07
1789975706.717 94.940 0.09186012 2.06623e-07
1789975706.727 94.989 0.09190295 1.49172e-07
1789975706.737 95.038 0.09196348 1.31909e-07
1789975706.747 95.086 0.09199514 1.20588e-07
1789975706.757 95.135 0.09204728 8.57783e-08
1789975706.767 95.184 0.09209105 9.08724e-08
1789975706.777 95.232 0.09215064 6.93638e-08
1789975706.787 95.281 0.09221582 5.80435e-08
1789975706.797 95.329 0.09225678 6.22886e-08
1789975706.807 95.378 0.09226424 3.54029e-08
1789975706.817 95.426 0.09233407 4.61572e-08
1789975706.827 95.475 0.09237318 2.60636e-08
1789975706.837 95.523 0.09241508 2.94597e-08
1789975706.847 95.572 0.09248492 3.42709e-08
1789975706.857 95.620 0.09253333 1.27622e-08
1789975706.867 95.669 0.09255754 2.86107e-08
1789975706.877 95.717 0.09260038 1.33283e-08
1789975706.887 95.765 0.09265159 1.61583e-08
1789975706.897 95.814 0.09270653 2.01204e-08
1789975706.907 95.862 0.09274563 3.42298e-09
1789975706.917 95.910 0.09278660 1.89884e-08
1789975706.927 95.958 0.09285830 3.98899e-09
1789975706.937 96.007 0.09288251 8.80013e-09
1789975706.947 96.055 0.09291790 1.44603e-08
1789975706.957 96.103 0.09296538 -4.21824e-09
1789975706.967 96.151 0.09300449 1.13472e-08
1789975706.977 96.199 0.09306688 -4.21824e-09
1789975706.987 96.247 0.09312926 -2.56129e-10
1789975706.997 96.295 0.09315626 4.55501e-09
1789975707.007 96.344 0.09319816 -1.46895e-08
1789975707.017 96.392 0.09323355 8.75903e-10
1789975707.027 96.440 0.09329128 -1.58216e-08
1789975707.037 96.488 0.09332666 -1.12934e-08
1789975707.047 96.535 0.09337043 -6.48231e-09
1789975707.057 96.583 0.09343095 -2.79909e-08
1789975707.067 96.631 0.09346633 -1.07274e-08
1789975707.077 96.679 0.09351847 -2.54438e-08
1789975707.087 96.727 0.09355199 -2.48778e-08
1789975707.097 96.775 0.09361438 -1.86517e-08
1789975707.107 96.823 0.09365163 -3.78961e-08
1789975707.117 96.871 0.09370191 -2.23307e-08
1789975707.127 96.918 0.09376243 -3.84622e-08
1789975707.137 96.966 0.09378850 -3.53491e-08
1789975707.147 97.014 0.09384996 -2.96889e-08
1789975707.157 97.061 0.09389093 -4.80844e-08
1789975707.167 97.109 0.09390117 -2.99720e-08
1789975707.177 97.157 0.09396356 -4.32733e-08
1789975707.187 97.204 0.09402408 -3.47831e-08
1789975707.197 97.252 0.09406412 -2.71419e-08
1789975707.207 97.300 0.09410043 -4.04432e-08
1789975707.217 97.347 0.09415723 -2.23307e-08
1789975707.227 97.395 0.09419820 -3.33680e-08
1789975707.237 97.442 0.09423638 -2.37458e-08
1789975707.247 97.490 0.09430342 -1.75196e-08
1789975707.257 97.537 0.09433415 -2.74249e-08
1789975707.267 97.585 0.09437326 -5.39137e-10
1789975707.277 97.632 0.09442167 -7.33133e-09
1789975707.287 97.679 0.09447754 8.23411e-09
1789975707.297 97.727 0.09453434 1.70074e-08
1789975707.307 97.774 0.09455576 4.55501e-09
1789975707.317 97.821 0.09461256 2.49316e-08
1789975707.327 97.869 0.09466749 1.27622e-08
1789975707.337 97.916 0.09470009 1.87054e-08
1789975707.347 97.963 0.09472709 2.35165e-08
1789975707.357 98.011 0.09477271 8.80013e-09
1789975707.367 98.058 0.09480530 2.88937e-08
1789975707.377 98.105 0.09485558 1.10642e-08
1789975707.387 98.152 0.09493846 1.78564e-08
1789975707.397 98.199 0.09496173 2.26675e-08
1789975707.407 98.246 0.09498501 7.66810e-09
1789975707.417 98.293 0.09505671 2.57806e-08
1789975707.427 98.341 0.09509302 1.04982e-08
1789975707.437 98.388 0.09514144 1.75734e-08
1789975707.447 98.435 0.09521128 2.12525e-08
1789975707.457 98.482 0.09524480 6.53606e-09
1789975707.466 98.529 0.09526528 2.57806e-08
1789975707.476 98.576 0.09531277 9.93216e-09
1789975707.486 98.623 0.09534629 1.70074e-08
1789975707.496 98.669 0.09540681 2.04034e-08
1789975707.506 98.716 0.09546082 7.38509e-09
1789975707.516 98.763 0.09549248 2.74786e-08
1789975707.526 98.810 0.09552693 9.93216e-09
1789975707.536 98.857 0.09558466 2.21015e-08
1789975707.546 98.904 0.09564705 2.83277e-08
1789975707.556 98.950 0.09567032 2.86107e-08
1789975707.566 98.997 0.09571688 8.01181e-08
1789975707.576 99.044 0.09576809 1.27098e-07
1789975707.586 99.091 0.09579509 2.47376e-07
1789975707.596 99.137 0.09583886 4.10671e-07
1789975707.606 99.184 0.09589380 6.81793e-07
1789975707.616 99.231 0.09593104 9.02539e-07
1789975707.626 99.277 0.09598691 1.25715e-06
1789975707.636 99.324 0.09603068 1.61261e-06
1789975707.646 99.371 0.09606606 1.99919e-06
1789975707.656 99.417 0.09609865 2.44437e-06
1789975707.666 99.464 0.09614427 2.99369e-06
1789975707.676 99.510 0.09619083 3.34716e-06
1789975707.686 99.557 0.09623832 4.06091e-06
1789975707.696 99.603 0.09628394 4.83663e-06
1789975707.706 99.650 0.09633330 5.53934e-06
1789975707.716 99.696 0.09637240 6.10479e-06
1789975707.726 99.742 0.09643292 7.22777e-06
1789975707.736 99.789 0.09646645 8.27009e-06
1789975707.746 99.835 0.09649252 9.51560e-06
1789975707.756 99.882 0.09654559 1.15088e-05
1789975707.766 99.928 0.09661915 1.40893e-05
1789975707.776 99.974 0.09665733 1.76244e-05
1789975707.786 100.021 0.09668992 2.22207e-05
1789975707.796 100.067 0.09675044 2.77889e-05
1789975707.806 100.113 0.09678676 3.46261e-05
1789975707.816 100.159 0.09681748 4.00861e-05
1789975707.826 100.205 0.09686497 4.73546e-05
1789975707.836 100.252 0.09691898 5.58522e-05
1789975707.846 100.298 0.09695157 6.79477e-05
1789975707.856 100.344 0.09698788 7.84730e-05
1789975707.866 100.390 0.09702885 8.89780e-05
1789975707.876 100.436 0.09706703 9.85264e-05
1789975707.886 100.482 0.09711172 1.05162e-04
1789975707.896 100.528 0.09714524 1.12814e-04
1789975707.906 100.574 0.09720204 1.11872e-04
1789975707.916 100.620 0.09726257 1.08681e-04
1789975707.926 100.666 0.09731564 1.07823e-04
1789975707.936 100.712 0.09734823 1.02145e-04
1789975707.946 100.758 0.09738361 9.97683e-05
1789975707.956 100.804 0.09742551 9.21723e-05
1789975707.966 100.850 0.09746090 8.17842e-05
1789975707.976 100.896 0.09749721 7.52442e-05
1789975707.986 100.942 0.09756053 6.24619e-05
1789975707.996 100.988 0.09759126 5.35525e-05
1789975708.006 101.033 0.09764433 4.41122e-05
1789975708.016 101.079 0.09769089 3.69382e-05
1789975708.026 101.125 0.09772348 3.05720e-05
1789975708.036 101.171 0.09776444 2.59391e-05
1789975708.046 101.217 0.09781938 2.35307e-05
1789975708.056 101.262 0.09786408 2.17449e-05
1789975708.066 101.308 0.09791343 1.91339e-05
1789975708.076 101.354 0.09794229 1.74393e-05
1789975708.086 101.399 0.09798885 1.52601e-05
1789975708.096 101.445 0.09802610 1.34469e-05
1789975708.106 101.490 0.09807079 1.09256e-05
1789975708.116 101.536 0.09813131 9.29316e-06
1789975708.126 101.582 0.09818625 7.69643e-06
1789975708.136 101.627 0.09823002 6.48034e-06
1789975708.146 101.673 0.09826167 5.07493e-06
1789975708.156 101.718 0.09829240 4.10789e-06
1789975708.166 101.764 0.09836130 4.01138e-06
1789975708.176 101.809 0.09838272 2.96652e-06
1789975708.186 101.855 0.09840786 2.17211e-06
1789975708.196 101.900 0.09845163 1.77222e-06
1789975708.206 101.946 0.09850284 1.63468e-06
1789975708.216 101.991 0.09857453 1.59251e-06
1789975708.226 102.036 0.09861178 9.11030e-07
1789975708.236 102.082 0.09864064 8.78767e-07
1789975708.246 102.127 0.09869186 6.95944e-07
1789975708.256 102.172 0.09872445 5.69439e-07
1789975708.266 102.218 0.09876263 4.90197e-07
1789975708.276 102.263 0.09880546 3.99634e-07
1789975708.286 102.308 0.09885480 4.52840e-07
1789975708.296 102.353 0.09889950 3.21807e-07
1789975708.306 102.399 0.09892930 2.65488e-07
1789975708.316 102.444 0.09899727 2.35207e-07
1789975708.326 102.489 0.09903638 1.94170e-07
1789975708.336 102.534 0.09906617 1.82001e-07
1789975708.346 102.579 0.09911459 1.30211e-07
1789975708.356 102.624 0.09915929 9.99287e-08
1789975708.366 102.669 0.09919374 1.09268e-07
1789975708.376 102.714 0.09924030 7.81371e-08
1789975708.386 102.759 0.09925426 9.20045e-08
1789975708.396 102.805 0.09932224 5.83265e-08
1789975708.406 102.850 0.09937158 4.81382e-08
1789975708.416 102.895 0.09940045 5.49304e-08
1789975708.426 102.939 0.09942839 3.99310e-08
1789975708.436 102.984 0.09949542 4.30441e-08
1789975708.446 103.029 0.09953825 3.34218e-08
1789975708.456 103.074 0.09957457 2.52146e-08
1789975708.466 103.119 0.09964162 3.71009e-08
1789975708.476 103.164 0.09966676 2.26675e-08
1789975708.486 103.209 0.09970027 3.22898e-08
1789975708.496 103.254 0.09974777 3.17238e-08
1789975708.506 103.299 0.09980177 2.06865e-08
1789975708.516 103.343 0.09984553 3.85160e-08
1789975708.526 103.388 0.09986508 2.18185e-08
1789975708.536 103.433 0.09990047 3.31388e-08
1789975708.546 103.478 0.09997776 3.25728e-08
1789975708.556 103.522 0.10002617 2.52146e-08
1789975708.566 103.567 0.10004200 4.04970e-08
1789975708.576 103.612 0.10007832 2.06865e-08
1789975708.586 103.656 0.10010066 2.57806e-08
1789975708.596 103.701 0.10016677 1.64413e-08
1789975708.606 103.746 0.10021799 -1.95418e-09
1789975708.616 103.790 0.10025989 4.55501e-09
1789975708.626 103.835 0.10031203 -2.60099e-08
1789975708.636 103.879 0.10035579 -2.45948e-08
1789975708.646 103.924 0.10037721 -3.78961e-08
1789975708.656 103.968 0.10041631 -5.40276e-08
1789975708.666 104.013 0.10045357 -4.12922e-08
1789975708.676 104.057 0.10049733 -5.91217e-08
1789975708.686 104.102 0.10052805 -4.86504e-08
1789975708.696 104.146 0.10057647 -5.26125e-08
1789975708.706 104.191 0.10062675 -6.16688e-08
1789975708.716 104.235 0.10066959 -4.32733e-08
1789975708.726 104.280 0.10074315 -5.82727e-08
1789975708.736 104.324 0.10077666 -4.32733e-08
1789975708.746 104.368 0.10078784 -4.58204e-08
1789975708.756 104.413 0.10085675 -4.92164e-08
1789975708.766 104.457 0.10089120 -2.60099e-08
1789975708.776 104.501 0.10092193 -4.04432e-08
1789975708.786 104.546 0.10098245 -2.20477e-08
1789975708.796 104.590 0.10102155 -2.45948e-08
1789975708.806 104.634 0.10108674 -2.88399e-08
1789975708.816 104.678 0.10111840 -8.74637e-09
1789975708.826 104.723 0.10114074 -2.57268e-08
1789975708.836 104.767 0.10116681 -1.12934e-08
1789975708.846 104.811 0.10121244 -1.58216e-08
1789975708.856 104.855 0.10126365 -2.31798e-08
1789975708.866 104.899 0.10131207 -5.63328e-09
1789975708.876 104.943 0.10135025 -2.20477e-08
1789975708.886 104.987 0.10139215 -9.31238e-09
1789975708.896 105.031 0.10142194 -1.66706e-08
1789975708.906 105.076 0.10148246 -2.43118e-08
1789975708.916 105.120 0.10152717 -7.61434e-09
1789975708.926 105.164 0.10156906 -2.34628e-08
1789975708.936 105.208 0.10161096 -1.01614e-08
1789975708.946 105.252 0.10163703 -1.78026e-08
1789975708.956 105.296 0.10168266 -2.28968e-08
1789975708.966 105.339 0.10174319 -5.06727e-09
1789975708.976 105.383 0.10177857 -2.20477e-08
1789975708.986 105.427 0.10183071 -1.07274e-08
1789975708.996 105.471 0.10186330 -1.55386e-08
1789975709.006 105.515 0.10188937 -2.11987e-08
1789975709.016 105.559 0.10193872 -2.23718e-09
1789975709.026 105.603 0.10195642 -2.06327e-08
1789975709.036 105.647 0.10203463 -5.06727e-09
1789975709.046 105.690 0.10206536 -1.10104e-08
1789975709.056 105.734 0.10210167 -1.46895e-08
1789975709.066 105.778 0.10214450 4.55501e-09
1789975709.076 105.822 0.10218827 -1.07274e-08
1789975709.086 105.865 0.10219944 5.97005e-09
1789975709.096 105.909 0.10226462 1.44192e-09
1789975709.106 105.953 0.10232700 2.85696e-09
1789975709.116 105.996 0.10236890 2.63466e-08
1789975709.126 106.040 0.10237635 1.47433e-08
1789975709.136 106.084 0.10242757 3.48369e-08
1789975709.146 106.127 0.10248157 3.51199e-08
1789975709.156 106.171 0.10252068 3.99310e-08
1789975709.166 106.215 0.10257468 6.99299e-08
1789975709.176 106.258 0.10259703 5.80435e-08
1789975709.186 106.302 0.10263987 8.37972e-08
1789975709.196 106.345 0.10268177 9.28535e-08
1789975709.206 106.389 0.10272181 1.00778e-07
1789975709.216 106.432 0.10276929 1.36720e-07
1789975709.225 106.476 0.10280747 1.36154e-07
1789975709.235 106.519 0.10284657 1.68417e-07
1789975709.245 106.563 0.10288569 1.72662e-07
1789975709.255 106.606 0.10293317 1.85397e-07
1789975709.265 106.649 0.10298066 2.13415e-07
1789975709.275 106.693 0.10303559 1.97283e-07
1789975709.285 106.736 0.10305609 2.13415e-07
1789975709.295 106.780 0.10310637 2.00963e-07
1789975709.305 106.823 0.10315478 1.98699e-07
1789975709.315 106.866 0.10317713 2.14830e-07
1789975709.325 106.910 0.10323113 1.76907e-07
1789975709.335 106.953 0.10326838 1.91057e-07
1789975709.345 106.996 0.10331494 1.63322e-07
1789975709.355 107.039 0.10331867 1.48889e-07
1789975709.365 107.083 0.10336708 1.48889e-07
1789975709.375 107.126 0.10341550 1.17475e-07
1789975709.385 107.169 0.10344529 1.22003e-07
1789975709.395 107.212 0.10349092 9.76646e-08
1789975709.405 107.255 0.10354493 8.23822e-08
1789975709.415 107.298 0.10357845 8.54953e-08
1789975709.425 107.342 0.10361942 5.43644e-08
1789975709.435 107.385 0.10365573 6.90808e-08
1789975709.445 107.428 0.10369204 5.04023e-08
1789975709.455 107.471 0.10372930 4.72892e-08
1789975709.465 107.514 0.10379820 5.83265e-08
1789975709.475 107.557 0.10384755 3.59689e-08
1789975709.485 107.600 0.10386058 5.01193e-08
1789975709.495 107.643 0.10390434 3.87990e-08
1789975709.505 107.686 0.10394810 3.31388e-08
1789975709.515 107.729 0.10396860 4.58742e-08
1789975709.525 107.772 0.10403377 2.29505e-08
1789975709.535 107.815 0.10407381 4.04970e-08
1789975709.545 107.858 0.10410174 2.74786e-08
1789975709.555 107.901 0.10414457 1.89884e-08
1789975709.565 107.944 0.10419952 3.20068e-08
1789975709.575 107.986 0.10424980 1.33283e-08
1789975709.585 108.029 0.10427028 2.74786e-08
1789975709.595 108.072 0.10430194 1.70074e-08
1789975709.605 108.115 0.10435967 1.30453e-08
1789975709.615 108.158 0.10439132 2.46486e-08
1789975709.625 108.201 0.10443230 5.12102e-09
1789975709.635 108.243 0.10449282 2.37996e-08
1789975709.645 108.286 0.10453007 1.30453e-08
1789975709.655 108.329 0.10456545 7.66810e-09
1789975709.665 108.371 0.10460829 2.15355e-08
1789975709.675 108.414 0.10464926 2.85696e-09
1789975709.685 108.457 0.10468836 2.09695e-08
1789975709.695 108.500 0.10472561 1.04982e-08
1789975709.705 108.542 0.10475913 7.38509e-09
1789975709.715 108.585 0.10479730 1.98374e-08
1789975709.725 108.627 0.10483176 1.44192e-09
1789975709.735 108.670 0.10488297 1.92714e-08
1789975709.745 108.713 0.10493232 9.93216e-09
1789975709.755 108.755 0.10497142 7.95110e-09
1789975709.765 108.798 0.10500588 1.92714e-08
1789975709.775 108.840 0.10504872 2.29094e-09
1789975709.785 108.883 0.10508875 1.98374e-08
1789975709.795 108.925 0.10512134 9.36614e-09
1789975709.805 108.968 0.10516976 7.95110e-09
1789975709.815 109.010 0.10518838 1.95544e-08
1789975709.825 109.053 0.10523121 2.29094e-09
1789975709.835 109.095 0.10527683 1.92714e-08
1789975709.845 109.138 0.10532619 1.02152e-08
1789975709.855 109.180 0.10536064 6.81907e-09
1789975709.865 109.222 0.10540440 2.04034e-08
1789975709.875 109.265 0.10546865 3.42298e-09
1789975709.885 109.307 0.10548728 2.04034e-08
1789975709.895 109.349 0.10551707 9.93216e-09
1789975709.905 109.392 0.10554315 8.51712e-09
1789975709.915 109.434 0.10559342 2.15355e-08
1789975709.925 109.476 0.10565208 6.25305e-09
1789975709.935 109.519 0.10568002 2.26675e-08
1789975709.945 109.561 0.10574613 1.19132e-08
1789975709.955 109.603 0.10577313 1.27622e-08
1789975709.965 109.645 0.10580107 2.40826e-08
1789975709.975 109.687 0.10584017 8.51712e-09
1789975709.985 109.730 0.10590069 2.40826e-08
1789975709.995 109.772 0.10593795 1.36113e-08
1789975710.005 109.814 0.10598171 1.50263e-08
1789975710.015 109.856 0.10600126 2.71956e-08
1789975710.025 109.898 0.10605247 1.04982e-08
1789975710.035 109.940 0.10609623 2.94597e-08
1789975710.045 109.982 0.10611113 1.89884e-08
1789975710.055 110.025 0.10615211 1.72904e-08
