1789275014.973 31.726 0.03448828 7.53059e-08
1789275014.978 31.871 0.03448828 6.59668e-08
1789275014.988 32.016 0.03446128 7.13439e-08
1789275014.998 32.160 0.03444545 7.53059e-08
1789275015.008 32.304 0.03444731 8.77581e-08
1789275015.018 32.447 0.03444731 7.36079e-08
1789275015.028 32.589 0.03442962 9.85123e-08
1789275015.038 32.731 0.03443335 8.63431e-08
1789275015.048 32.872 0.03442031 9.34182e-08
1789275015.058 33.013 0.03441286 1.05587e-07
1789275015.068 33.152 0.03441100 9.45503e-08
1789275015.078 33.292 0.03441100 1.14361e-07
1789275015.088 33.430 0.03441938 1.01342e-07
1789275015.098 33.569 0.03442404 1.05304e-07
1789275015.108 33.706 0.03443428 1.11530e-07
1789275015.118 33.843 0.03445197 9.62483e-08
1789275015.128 33.980 0.03445197 1.08417e-07
1789275015.138 34.116 0.03450039 8.63431e-08
1789275015.148 34.251 0.03454974 8.23810e-08
1789275015.158 34.386 0.03462144 8.09660e-08
1789275015.168 34.520 0.03469220 5.77596e-08
1789275015.178 34.654 0.03475273 6.22877e-08
1789275015.188 34.787 0.03484305 3.71003e-08
1789275015.198 34.920 0.03494920 2.88931e-08
1789275015.208 35.053 0.03504231 2.80441e-08
1789275015.218 35.184 0.03516150 8.23378e-09
1789275015.228 35.316 0.03529278 2.18180e-08
1789275015.238 35.446 0.03543711 1.92710e-08
1789275015.248 35.577 0.03555536 2.40820e-08
1789275015.258 35.707 0.03570434 3.20062e-08
1789275015.268 35.836 0.03588778 1.78559e-08
1789275015.278 35.965 0.03603769 3.42702e-08
1789275015.288 36.093 0.03620902 1.95540e-08
1789275015.298 36.221 0.03634776 1.98370e-08
1789275015.308 36.349 0.03649209 2.69121e-08
1789275015.318 36.476 0.03669693 9.93181e-09
1789275015.328 36.603 0.03685057 2.26670e-08
1789275015.338 36.729 0.03698466 1.07808e-08
1789275015.348 36.855 0.03714574 9.93181e-09
1789275015.358 36.980 0.03729752 1.61579e-08
1789275015.368 37.105 0.03744184 4.27171e-09
1789275015.378 37.230 0.03757686 1.95540e-08
1789275015.388 37.354 0.03771932 5.12072e-09
1789275015.398 37.477 0.03785713 9.36580e-09
1789275015.408 37.601 0.03797352 1.58749e-08
1789275015.418 37.724 0.03809829 3.42269e-09
1789275015.428 37.846 0.03821841 1.98370e-08
1789275015.438 37.968 0.03834132 5.68673e-09
1789275015.448 38.090 0.03844374 9.64880e-09
1789275015.458 38.211 0.03854617 1.75729e-08
1789275015.468 38.332 0.03865232 5.92647e-10
1789275015.478 38.453 0.03874077 1.78559e-08
1789275015.488 38.573 0.03883389 5.40373e-09
1789275015.498 38.693 0.03893538 1.13468e-08
1789275015.508 38.812 0.03903129 1.64409e-08
1789275015.518 38.931 0.03911788 -1.38839e-09
1789275015.528 39.050 0.03920820 1.61579e-08
1789275015.538 39.168 0.03930132 3.42269e-09
1789275015.548 39.286 0.03940561 8.79979e-09
1789275015.558 39.404 0.03950058 1.67239e-08
1789275015.568 39.521 0.03958811 3.09642e-10
1789275015.578 39.638 0.03965701 1.53089e-08
1789275015.588 39.755 0.03975757 3.70570e-09
1789275015.598 39.871 0.03987117 9.64880e-09
1789275015.608 39.987 0.03996708 1.64409e-08
1789275015.618 40.102 0.04006391 3.09642e-10
1789275015.628 40.218 0.04015610 1.72899e-08
1789275015.638 40.333 0.04026318 4.55472e-09
1789275015.648 40.447 0.04037864 9.36580e-09
1789275015.658 40.561 0.04048106 1.64409e-08
1789275015.668 40.675 0.04057232 -2.80341e-09
1789275015.678 40.789 0.04068964 1.44599e-08
1789275015.688 40.902 0.04079299 2.85669e-09
1789275015.698 41.015 0.04091125 1.07808e-08
1789275015.708 41.128 0.04102485 1.53089e-08
1789275015.718 41.240 0.04112634 -2.80341e-09
1789275015.728 41.353 0.04123994 1.53089e-08
1789275015.738 41.464 0.04136843 3.13969e-09
1789275015.748 41.576 0.04148762 9.93181e-09
1789275015.758 41.687 0.04159656 1.58749e-08
1789275015.768 41.798 0.04169526 -3.36942e-09
1789275015.778 41.908 0.04178931 1.53089e-08
1789275015.788 42.019 0.04192898 3.70570e-09
1789275015.798 42.129 0.04202209 9.93181e-09
1789275015.808 42.238 0.04213103 1.58749e-08
1789275015.818 42.348 0.04223253 -2.23740e-09
1789275015.828 42.457 0.04234613 1.61579e-08
1789275015.838 42.566 0.04246438 3.70570e-09
1789275015.848 42.674 0.04256029 9.36580e-09
1789275015.858 42.783 0.04265526 1.67239e-08
1789275015.868 42.891 0.04275396 -2.80341e-09
1789275015.878 42.999 0.04286291 1.50259e-08
1789275015.888 43.106 0.04296254 4.27171e-09
1789275015.898 43.213 0.04307893 9.93181e-09
1789275015.908 43.320 0.04317111 1.47429e-08
1789275015.918 43.427 0.04327167 -3.65243e-09
1789275015.928 43.534 0.04335361 1.50259e-08
1789275015.938 43.640 0.04345418 3.42269e-09
1789275015.948 43.746 0.04355381 1.02148e-08
1789275015.958 43.851 0.04365810 1.50259e-08
1789275015.968 43.957 0.04376052 -3.36942e-09
1789275015.978 44.062 0.04385363 1.44599e-08
1789275015.988 44.167 0.04393930 3.42269e-09
1789275015.998 44.271 0.04403893 9.36580e-09
1789275016.008 44.376 0.04413670 1.38939e-08
1789275016.018 44.480 0.04421584 -3.65243e-09
1789275016.028 44.584 0.04430989 1.47429e-08
1789275016.038 44.688 0.04442349 3.42269e-09
1789275016.048 44.791 0.04450170 9.93181e-09
1789275016.058 44.894 0.04461996 1.64409e-08
1789275016.068 44.997 0.04470935 -1.67139e-09
1789275016.078 45.100 0.04480525 1.61579e-08
1789275016.088 45.203 0.04491233 4.55472e-09
1789275016.098 45.305 0.04501103 1.07808e-08
1789275016.108 45.407 0.04510228 1.70069e-08
1789275016.118 45.509 0.04518888 -1.95440e-09
1789275016.128 45.610 0.04526058 1.67239e-08
1789275016.138 45.712 0.04538907 4.83772e-09
1789275016.148 45.813 0.04549150 1.16298e-08
1789275016.158 45.914 0.04557716 1.67239e-08
1789275016.168 46.014 0.04567307 -5.39372e-10
1789275016.178 46.115 0.04576991 1.72899e-08
1789275016.188 46.215 0.04587699 6.25274e-09
1789275016.198 46.315 0.04595334 1.19128e-08
1789275016.208 46.415 0.04605856 1.78559e-08
1789275016.218 46.515 0.04615726 8.75652e-10
1789275016.228 46.614 0.04625689 1.84219e-08
1789275016.238 46.713 0.04635373 7.10176e-09
1789275016.248 46.812 0.04644498 1.21958e-08
1789275016.258 46.911 0.04653251 1.70069e-08
1789275016.268 47.010 0.04664890 -1.38839e-09
1789275016.278 47.108 0.04674387 1.53089e-08
1789275016.288 47.206 0.04683140 -2.56367e-10
1789275016.298 47.304 0.04692451 3.70570e-09
1789275016.308 47.402 0.04700273 8.79979e-09
1789275016.318 47.499 0.04710143 -1.12936e-08
1789275016.328 47.597 0.04718616 7.95077e-09
1789275016.338 47.694 0.04729604 -1.95440e-09
1789275016.348 47.791 0.04739660 7.66777e-09
1789275016.358 47.887 0.04747016 1.41769e-08
1789275016.368 47.984 0.04756514 -2.23740e-09
1789275016.378 48.080 0.04766104 1.70069e-08
1789275016.388 48.177 0.04776067 4.55472e-09
1789275016.398 48.273 0.04783144 1.53089e-08
1789275016.408 48.368 0.04791897 6.54007e-08
1789275016.418 48.464 0.04801487 1.73509e-07
1789275016.428 48.559 0.04809774 4.48872e-07
1789275016.438 48.655 0.04819086 1.59589e-06
1789275016.448 48.750 0.04826162 4.09539e-06
1789275016.458 48.844 0.04836591 9.53644e-06
1789275016.467 48.939 0.04847578 1.95803e-05
1789275016.477 49.034 0.04856145 3.66494e-05
1789275016.487 49.128 0.04864246 4.44148e-05
1789275016.497 49.222 0.04873557 3.80387e-05
1789275016.507 49.316 0.04882682 2.21933e-05
1789275016.517 49.410 0.04890411 6.71998e-06
1789275016.527 49.503 0.04898511 2.73866e-06
1789275016.537 49.597 0.04909033 1.05479e-06
1789275016.547 49.690 0.04916948 3.59160e-07
1789275016.557 49.783 0.04925700 2.12846e-07
1789275016.567 49.876 0.04937898 1.38699e-07
1789275016.577 49.969 0.04943672 1.15210e-07
1789275016.587 50.061 0.04952796 7.75700e-08
1789275016.597 50.153 0.04963784 5.91746e-08
1789275016.607 50.246 0.04971419 4.61564e-08
1789275016.617 50.338 0.04980451 2.06860e-08
1789275016.627 50.430 0.04987714 2.94591e-08
1789275016.637 50.521 0.04998143 1.10638e-08
1789275016.647 50.613 0.05004754 9.36580e-09
1789275016.657 50.704 0.05014624 4.55472e-09
1789275016.667 50.795 0.05023469 -1.83687e-08
1789275016.677 50.886 0.05031664 2.00767e-09
1789275016.687 50.977 0.05039858 -7.61449e-09
1789275016.697 51.068 0.05048517 3.98870e-09
1789275016.707 51.159 0.05058666 2.15350e-08
1789275016.717 51.249 0.05067605 1.41769e-08
1789275016.727 51.339 0.05074403 3.90813e-08
1789275016.737 51.429 0.05084087 2.54971e-08
1789275016.747 51.519 0.05093026 3.05912e-08
1789275016.757 51.609 0.05101033 3.17232e-08
1789275016.767 51.699 0.05109786 3.45532e-08
1789275016.777 51.788 0.05117607 1.95017e-07
1789275016.787 51.877 0.05125429 5.37736e-07
1789275016.797 51.966 0.05132692 1.30326e-06
1789275016.807 52.055 0.05143120 2.21765e-06
1789275016.817 52.144 0.05150197 5.09326e-06
1789275016.827 52.233 0.05157646 1.14880e-05
1789275016.837 52.321 0.05166678 2.76683e-05
1789275016.847 52.410 0.05176082 5.87903e-05
1789275016.857 52.498 0.05185953 1.04444e-04
1789275016.867 52.586 0.05193029 1.34590e-04
1789275016.877 52.674 0.05200851 1.46062e-04
1789275016.887 52.762 0.05209324 1.08340e-04
1789275016.897 52.850 0.05219008 4.80755e-05
1789275016.907 52.937 0.05225992 1.13729e-05
1789275016.917 53.024 0.05235862 4.40726e-06
1789275016.927 53.112 0.05242286 3.83587e-06
1789275016.937 53.199 0.05250760 3.51325e-06
1789275016.947 53.286 0.05258488 2.95233e-06
1789275016.957 53.372 0.05266589 1.98729e-06
1789275016.967 53.459 0.05275900 8.86398e-07
1789275016.977 53.546 0.05283629 4.07554e-07
1789275016.987 53.632 0.05293126 2.99446e-07
1789275016.997 53.718 0.05301413 3.48406e-07
1789275017.007 53.804 0.05308676 5.10001e-07
1789275017.017 53.890 0.05316498 7.49989e-07
1789275017.027 53.976 0.05322643 8.49324e-07
1789275017.037 54.062 0.05333072 7.42348e-07
1789275017.047 54.147 0.05340148 5.41415e-07
1789275017.057 54.233 0.05349367 2.56712e-07
1789275017.067 54.318 0.05358492 1.16059e-07
1789275017.077 54.403 0.05365941 1.26247e-07
1789275017.087 54.488 0.05374321 1.50302e-07
1789275017.097 54.573 0.05380560 1.80301e-07
1789275017.107 54.658 0.05388940 1.82848e-07
1789275017.117 54.742 0.05399555 1.68415e-07
1789275017.127 54.827 0.05407097 1.89074e-07
1789275017.137 54.911 0.05415105 2.71711e-07
1789275017.147 54.995 0.05421716 4.16893e-07
1789275017.157 55.079 0.05430468 4.72079e-07
1789275017.167 55.163 0.05438383 4.25666e-07
1789275017.177 55.247 0.05445739 3.09917e-07
1789275017.187 55.331 0.05455236 1.55679e-07
1789275017.197 55.415 0.05462034 8.83241e-08
1789275017.207 55.498 0.05470414 9.48333e-08
1789275017.217 55.581 0.05479167 9.25692e-08
1789275017.227 55.665 0.05485871 1.69264e-07
1789275017.237 55.748 0.05495182 2.49920e-07
1789275017.247 55.831 0.05503097 3.67367e-07
1789275017.257 55.913 0.05510546 4.52551e-07
1789275017.267 55.996 0.05518367 5.37736e-07
1789275017.277 56.079 0.05524979 8.09137e-07
1789275017.287 56.161 0.05534756 8.15646e-07
1789275017.297 56.244 0.05541459 1.77588e-06
1789275017.307 56.326 0.05548816 3.14251e-06
1789275017.317 56.408 0.05557010 4.09228e-06
1789275017.327 56.490 0.05562876 8.58753e-06
1789275017.337 56.572 0.05572373 1.57736e-05
1789275017.347 56.654 0.05578426 2.71620e-05
1789275017.357 56.735 0.05586340 8.52620e-05
1789275017.367 56.817 0.05597514 1.27884e-04
1789275017.377 56.898 0.05604218 1.95670e-04
1789275017.387 56.979 0.05612878 1.91829e-04
1789275017.397 57.061 0.05620140 1.72459e-04
1789275017.407 57.142 0.05627310 9.14086e-05
1789275017.417 57.223 0.05634759 4.47881e-05
1789275017.427 57.303 0.05641370 1.65838e-05
1789275017.437 57.384 0.05649285 7.23476e-06
1789275017.447 57.465 0.05657200 5.60550e-06
1789275017.457 57.545 0.05665300 3.54127e-06
1789275017.467 57.626 0.05673122 3.08874e-06
1789275017.477 57.706 0.05681595 2.95403e-06
1789275017.487 57.786 0.05690627 1.94710e-06
1789275017.497 57.866 0.05696400 1.30751e-06
1789275017.507 57.946 0.05702080 1.26647e-06
1789275017.517 58.026 0.05709530 1.23676e-06
1789275017.527 58.106 0.05718654 1.03073e-06
1789275017.537 58.185 0.05727035 1.69466e-06
1789275017.547 58.265 0.05732994 2.56603e-06
1789275017.557 58.344 0.05740536 3.73031e-06
1789275017.567 58.423 0.05750313 3.90238e-06
1789275017.577 58.502 0.05756272 3.49825e-06
1789275017.587 58.581 0.05765211 3.32109e-06
1789275017.597 58.660 0.05772195 1.89559e-06
1789275017.607 58.739 0.05776757 1.03497e-06
1789275017.617 58.818 0.05785882 8.93190e-07
1789275017.627 58.897 0.05793983 8.66304e-07
1789275017.637 58.975 0.05799850 1.04799e-06
1789275017.647 59.054 0.05808136 1.09610e-06
1789275017.657 59.132 0.05816610 7.18010e-07
1789275017.667 59.210 0.05824152 4.57645e-07
1789275017.677 59.288 0.05830856 2.91522e-07
1789275017.687 59.366 0.05840819 1.83697e-07
1789275017.697 59.444 0.05847896 2.08601e-07
1789275017.707 59.522 0.05853111 2.72277e-07
1789275017.717 59.600 0.05860559 3.56047e-07
1789275017.727 59.677 0.05867450 4.36703e-07
1789275017.737 59.755 0.05875551 4.22553e-07
1789275017.747 59.832 0.05882534 5.63772e-07
1789275017.757 59.910 0.05890356 5.49339e-07
1789275017.767 59.987 0.05897619 4.47457e-07
1789275017.777 60.064 0.05904881 4.46891e-07
1789275017.787 60.141 0.05911120 5.00379e-07
1789275017.797 60.218 0.05918756 7.26783e-07
1789275017.807 60.295 0.05925739 1.30524e-06
1789275017.817 60.371 0.05934212 2.08238e-06
1789275017.827 60.448 0.05940637 2.92318e-06
1789275017.837 60.524 0.05950693 3.17732e-06
1789275017.847 60.601 0.05957025 3.08393e-06
1789275017.857 60.677 0.05963077 2.47292e-06
1789275017.867 60.753 0.05970433 1.37515e-06
1789275017.877 60.830 0.05976672 6.33957e-07
1789275017.887 60.906 0.05984959 3.58594e-07
1789275017.897 60.982 0.05992315 4.15761e-07
1789275017.907 61.057 0.06000136 6.09902e-07
1789275017.917 61.133 0.06006375 8.20458e-07
1789275017.927 61.209 0.06012893 1.07969e-06
1789275017.937 61.284 0.06022204 1.02733e-06
1789275017.947 61.360 0.06028070 9.61677e-07
1789275017.957 61.435 0.06036171 1.12837e-06
1789275017.967 61.511 0.06044365 9.39037e-07
1789275017.977 61.586 0.06051349 1.09667e-06
1789275017.987 61.661 0.06057867 1.30723e-06
1789275017.997 61.736 0.06064757 1.67825e-06
1789275018.007 61.811 0.06072485 1.96578e-06
1789275018.017 61.886 0.06078538 2.15681e-06
1789275018.027 61.960 0.06084311 3.29958e-06
1789275018.037 62.035 0.06092505 5.15354e-06
1789275018.047 62.110 0.06099209 9.01005e-06
1789275018.057 62.184 0.06104982 1.58531e-05
1789275018.067 62.258 0.06112897 2.98618e-05
1789275018.077 62.333 0.06119694 5.55853e-05
1789275018.087 62.407 0.06129192 9.15719e-05
1789275018.097 62.481 0.06134871 1.22638e-04
1789275018.107 62.555 0.06142321 1.39264e-04
1789275018.117 62.629 0.06149211 1.36873e-04
1789275018.127 62.703 0.06154705 1.10139e-04
1789275018.137 62.777 0.06162433 7.93667e-05
1789275018.147 62.850 0.06169323 4.04734e-05
1789275018.157 62.924 0.06174910 1.62360e-05
1789275018.167 62.997 0.06182918 6.68375e-06
1789275018.177 63.071 0.06191857 4.74517e-06
1789275018.187 63.144 0.06199772 3.65136e-06
1789275018.197 63.218 0.06205359 2.94498e-06
1789275018.207 63.291 0.06211411 2.48198e-06
1789275018.217 63.364 0.06219512 2.08011e-06
1789275018.227 63.437 0.06225378 1.82173e-06
1789275018.237 63.510 0.06234875 1.64344e-06
1789275018.247 63.583 0.06239624 1.61315e-06
1789275018.257 63.655 0.06246049 1.63862e-06
1789275018.267 63.728 0.06253591 1.84692e-06
1789275018.277 63.801 0.06259643 1.89107e-06
1789275018.287 63.873 0.06267837 2.00625e-06
1789275018.297 63.945 0.06275752 1.98389e-06
1789275018.307 64.018 0.06282177 1.95050e-06
1789275018.317 64.090 0.06288974 1.59080e-06
1789275018.326 64.162 0.06295492 1.36581e-06
1789275018.336 64.234 0.06304524 1.06695e-06
1789275018.346 64.306 0.06308249 9.65639e-07
1789275018.356 64.378 0.06314301 7.53952e-07
1789275018.366 64.450 0.06321936 6.61409e-07
1789275018.376 64.522 0.06329479 7.34707e-07
1789275018.386 64.594 0.06336462 8.18477e-07
1789275018.396 64.665 0.06341863 9.70733e-07
1789275018.406 64.737 0.06350150 1.35222e-06
1789275018.416 64.808 0.06357692 1.34968e-06
1789275018.426 64.880 0.06363186 1.30468e-06
1789275018.436 64.951 0.06370076 1.10742e-06
1789275018.446 65.022 0.06377060 1.06045e-06
1789275018.456 65.093 0.06385347 9.76110e-07
1789275018.466 65.164 0.06391306 9.35075e-07
1789275018.476 65.235 0.06396055 1.19318e-06
1789275018.486 65.306 0.06404714 1.70966e-06
1789275018.496 65.377 0.06411884 2.46019e-06
1789275018.506 65.448 0.06418030 3.33948e-06
1789275018.516 65.518 0.06424827 3.87323e-06
1789275018.526 65.589 0.06430227 3.80163e-06
1789275018.536 65.660 0.06437677 3.39410e-06
1789275018.546 65.730 0.06445591 2.80149e-06
1789275018.556 65.800 0.06452481 1.76032e-06
1789275018.566 65.871 0.06458068 9.38471e-07
1789275018.576 65.941 0.06463096 6.64805e-07
1789275018.586 66.011 0.06472222 6.85464e-07
1789275018.596 66.081 0.06477436 8.80455e-07
1789275018.606 66.151 0.06484326 1.02394e-06
1789275018.616 66.221 0.06491310 1.04573e-06
1789275018.626 66.291 0.06495127 1.01007e-06
1789275018.636 66.361 0.06503322 9.48942e-07
1789275018.646 66.430 0.06512167 1.10120e-06
1789275018.656 66.500 0.06515799 9.20641e-07
1789275018.666 66.570 0.06525948 9.06774e-07
1789275018.676 66.639 0.06531907 9.48376e-07
1789275018.686 66.709 0.06537960 1.13403e-06
1789275018.696 66.778 0.06544570 1.19685e-06
1789275018.706 66.847 0.06551461 1.28374e-06
1789275018.716 66.916 0.06558724 1.31062e-06
1789275018.726 66.986 0.06563752 1.24780e-06
1789275018.736 67.055 0.06571853 1.12837e-06
1789275018.746 67.124 0.06579115 1.06384e-06
1789275018.756 67.193 0.06583492 1.09129e-06
1789275018.766 67.261 0.06591034 1.00328e-06
1789275018.776 67.330 0.06597366 9.87147e-07
1789275018.786 67.399 0.06602674 8.06873e-07
1789275018.796 67.467 0.06608819 8.30929e-07
1789275018.806 67.536 0.06616175 7.36405e-07
1789275018.816 67.605 0.06622413 5.54150e-07
1789275018.826 67.673 0.06629769 4.91040e-07
1789275018.836 67.741 0.06636846 3.95384e-07
1789275018.846 67.810 0.06643643 4.30477e-07
1789275018.856 67.878 0.06649230 4.24534e-07
1789275018.866 67.946 0.06655375 3.71046e-07
1789275018.876 68.014 0.06660869 3.85196e-07
1789275018.886 68.082 0.06670460 3.56896e-07
1789275018.896 68.150 0.06676326 3.83781e-07
1789275018.906 68.218 0.06680423 4.17176e-07
1789275018.916 68.286 0.06685544 5.46226e-07
1789275018.926 68.353 0.06693925 6.83483e-07
1789275018.936 68.421 0.06701933 8.13949e-07
1789275018.946 68.489 0.06707985 9.71299e-07
1789275018.956 68.556 0.06714223 1.09922e-06
1789275018.966 68.624 0.06721393 1.11252e-06
1789275018.976 68.691 0.06726607 9.67054e-07
1789275018.986 68.759 0.06733498 9.25169e-07
1789275018.996 68.826 0.06739736 7.35556e-07
1789275019.006 68.893 0.06746068 6.23769e-07
1789275019.016 68.960 0.06753051 4.96417e-07
1789275019.026 69.027 0.06759663 4.86512e-07
1789275019.036 69.094 0.06767578 4.74909e-07
1789275019.046 69.161 0.06770836 6.22071e-07
1789275019.056 69.228 0.06776795 7.77724e-07
1789275019.066 69.295 0.06783500 9.92524e-07
1789275019.076 69.362 0.06788900 1.26987e-06
1789275019.086 69.428 0.06795698 1.69806e-06
1789275019.096 69.495 0.06802123 2.42255e-06
1789275019.106 69.562 0.06808920 3.90181e-06
1789275019.116 69.628 0.06816369 6.50517e-06
1789275019.126 69.695 0.06823352 9.73879e-06
1789275019.136 69.761 0.06829870 1.54739e-05
1789275019.146 69.827 0.06834061 2.42632e-05
1789275019.156 69.894 0.06840951 3.89783e-05
1789275019.166 69.960 0.06847189 5.76592e-05
1789275019.176 70.026 0.06852962 8.77001e-05
1789275019.186 70.092 0.06859946 1.20728e-04
1789275019.196 70.158 0.06864415 1.37558e-04
1789275019.206 70.224 0.06870840 1.38273e-04
1789275019.216 70.290 0.06878754 1.29728e-04
1789275019.226 70.356 0.06883317 1.13886e-04
1789275019.236 70.421 0.06889742 9.74742e-05
1789275019.246 70.487 0.06894584 6.03613e-05
1789275019.256 70.553 0.06903709 3.14591e-05
1789275019.266 70.618 0.06909854 1.54229e-05
1789275019.276 70.684 0.06913765 9.20249e-06
1789275019.286 70.749 0.06921121 6.89742e-06
1789275019.296 70.815 0.06929501 5.60380e-06
1789275019.306 70.880 0.06934623 4.67866e-06
1789275019.316 70.945 0.06940210 4.14067e-06
1789275019.326 71.010 0.06945890 3.60155e-06
1789275019.336 71.076 0.06953804 3.14959e-06
1789275019.346 71.141 0.06959298 2.77828e-06
1789275019.356 71.206 0.06965816 2.46245e-06
1789275019.366 71.271 0.06973637 2.17860e-06
1789275019.376 71.336 0.06979131 1.98332e-06
1789275019.386 71.400 0.06985928 1.71362e-06
1789275019.396 71.465 0.06989932 1.59929e-06
1789275019.406 71.530 0.06995705 1.48269e-06
1789275019.416 71.595 0.07004365 1.36581e-06
1789275019.426 71.659 0.07009300 1.27411e-06
1789275019.436 71.724 0.07014980 1.24185e-06
1789275019.446 71.788 0.07020380 1.16629e-06
1789275019.456 71.853 0.07026712 1.16969e-06
1789275019.466 71.917 0.07033789 1.06582e-06
1789275019.476 71.981 0.07039655 9.97619e-07
1789275019.486 72.046 0.07046918 9.24037e-07
1789275019.496 72.110 0.07051480 8.55833e-07
1789275019.506 72.174 0.07056881 7.48291e-07
1789275019.516 72.238 0.07063864 6.41316e-07
1789275019.526 72.302 0.07069637 5.88677e-07
1789275019.536 72.366 0.07075783 4.95285e-07
1789275019.546 72.430 0.07080904 4.53117e-07
1789275019.556 72.494 0.07088819 4.14063e-07
1789275019.566 72.558 0.07093381 3.66518e-07
1789275019.576 72.622 0.07100737 3.47840e-07
1789275019.586 72.685 0.07106882 3.22652e-07
1789275019.596 72.749 0.07112004 3.52934e-07
1789275019.606 72.813 0.07118056 3.42179e-07
1789275019.616 72.876 0.07124481 3.35670e-07
1789275019.626 72.940 0.07129043 3.67367e-07
1789275019.636 73.003 0.07135655 3.44444e-07
1789275019.646 73.066 0.07142079 3.60858e-07
1789275019.656 73.130 0.07147480 3.71046e-07
1789275019.666 73.193 0.07154836 3.55764e-07
1789275019.676 73.256 0.07160516 4.20006e-07
1789275019.686 73.319 0.07166382 4.50853e-07
1789275019.696 73.382 0.07171224 4.43495e-07
1789275019.706 73.445 0.07177928 4.51136e-07
1789275019.716 73.508 0.07184260 4.57079e-07
1789275019.726 73.571 0.07189288 4.05007e-07
1789275019.736 73.634 0.07197296 3.94535e-07
1789275019.746 73.697 0.07201951 4.07837e-07
1789275019.756 73.760 0.07208935 3.80951e-07
1789275019.766 73.823 0.07214429 3.91705e-07
1789275019.776 73.885 0.07220201 3.99063e-07
1789275019.786 73.948 0.07227278 4.01611e-07
1789275019.796 74.010 0.07232865 3.55481e-07
1789275019.806 74.073 0.07237614 3.47557e-07
1789275019.816 74.135 0.07243946 3.59726e-07
1789275019.826 74.198 0.07249253 3.73027e-07
1789275019.836 74.260 0.07255306 3.46991e-07
1789275019.846 74.322 0.07259961 3.41897e-07
1789275019.856 74.385 0.07266758 3.74725e-07
1789275019.866 74.447 0.07274114 3.87743e-07
1789275019.876 74.509 0.07277839 4.45193e-07
1789275019.886 74.571 0.07283426 4.35005e-07
1789275019.896 74.633 0.07290409 4.39533e-07
1789275019.906 74.695 0.07297486 4.41231e-07
1789275019.916 74.757 0.07302700 4.23119e-07
1789275019.926 74.819 0.07308380 3.94535e-07
1789275019.936 74.881 0.07316667 3.32840e-07
1789275019.946 74.943 0.07320113 2.99446e-07
1789275019.956 75.004 0.07327189 2.61806e-07
1789275019.966 75.066 0.07330914 2.09733e-07
1789275019.976 75.128 0.07336966 2.08035e-07
1789275019.986 75.189 0.07345253 1.70679e-07
1789275019.995 75.251 0.07350653 1.85395e-07
1789275020.006 75.312 0.07356054 2.03507e-07
1789275020.016 75.374 0.07362665 2.49071e-07
1789275020.026 75.435 0.07366576 3.42462e-07
1789275020.035 75.496 0.07373094 4.55098e-07
1789275020.045 75.558 0.07379705 6.88011e-07
1789275020.055 75.619 0.07385105 9.85449e-07
1789275020.065 75.680 0.07391810 1.29336e-06
1789275020.075 75.741 0.07396279 1.71956e-06
1789275020.085 75.802 0.07402983 2.20463e-06
1789275020.095 75.863 0.07408943 2.80489e-06
1789275020.105 75.924 0.07414902 3.20138e-06
1789275020.115 75.985 0.07420023 3.45099e-06
1789275020.125 76.046 0.07424679 3.43995e-06
1789275020.135 76.107 0.07432407 3.28600e-06
1789275020.145 76.168 0.07436225 3.04176e-06
1789275020.155 76.228 0.07441439 2.67640e-06
1789275020.165 76.289 0.07448609 2.08719e-06
1789275020.175 76.350 0.07453172 1.51552e-06
1789275020.185 76.410 0.07459782 1.12327e-06
1789275020.195 76.471 0.07464997 8.19892e-07
1789275020.205 76.531 0.07471887 5.90941e-07
1789275020.215 76.592 0.07476450 4.45476e-07
1789275020.225 76.652 0.07482130 3.72178e-07
1789275020.235 76.713 0.07490324 2.96616e-07
1789275020.245 76.773 0.07494700 2.79352e-07
1789275020.255 76.833 0.07500287 2.71711e-07
1789275020.265 76.893 0.07506339 2.52467e-07
1789275020.275 76.954 0.07512019 2.65202e-07
1789275020.285 77.014 0.07519096 2.30393e-07
1789275020.295 77.074 0.07522727 2.29826e-07
1789275020.305 77.134 0.07528314 2.12563e-07
1789275020.315 77.194 0.07534273 1.89357e-07
1789275020.325 77.254 0.07538463 1.88791e-07
1789275020.335 77.314 0.07545819 1.42944e-07
1789275020.345 77.374 0.07551220 1.33888e-07
1789275020.355 77.433 0.07557458 1.22285e-07
1789275020.365 77.493 0.07563883 9.87953e-08
1789275020.375 77.553 0.07567608 1.03889e-07
1789275020.385 77.612 0.07574033 8.23810e-08
1789275020.395 77.672 0.07580644 8.29471e-08
1789275020.405 77.732 0.07584182 7.44569e-08
1789275020.415 77.791 0.07591724 7.02118e-08
1789275020.425 77.851 0.07596473 8.43621e-08
1789275020.435 77.910 0.07603270 7.02118e-08
1789275020.445 77.969 0.07607274 7.75700e-08
1789275020.455 78.029 0.07612954 8.18150e-08
1789275020.465 78.088 0.07617424 8.01170e-08
1789275020.475 78.147 0.07623755 1.09266e-07
1789275020.485 78.207 0.07631670 9.05882e-08
1789275020.495 78.266 0.07636232 1.15210e-07
1789275020.505 78.325 0.07640516 1.26247e-07
1789275020.515 78.384 0.07647778 1.20587e-07
1789275020.525 78.443 0.07653552 1.55962e-07
1789275020.535 78.502 0.07659697 1.37567e-07
1789275020.545 78.561 0.07663608 1.47755e-07
1789275020.555 78.620 0.07669846 1.53132e-07
1789275020.565 78.679 0.07676271 1.39548e-07
1789275020.575 78.737 0.07682137 1.65584e-07
1789275020.585 78.796 0.07687072 1.46340e-07
1789275020.595 78.855 0.07692380 1.52566e-07
1789275020.605 78.913 0.07698525 1.37567e-07
1789275020.615 78.972 0.07702902 1.22851e-07
1789275020.625 79.031 0.07707278 1.26247e-07
1789275020.635 79.089 0.07715286 9.79463e-08
1789275020.645 79.148 0.07720314 9.96443e-08
1789275020.655 79.206 0.07724411 8.46451e-08
1789275020.665 79.265 0.07730650 6.34197e-08
1789275020.675 79.323 0.07735491 8.12490e-08
1789275020.685 79.381 0.07742382 6.11557e-08
1789275020.695 79.440 0.07745734 6.65328e-08
1789275020.705 79.498 0.07752811 6.25707e-08
1789275020.715 79.556 0.07759142 4.95525e-08
1789275020.725 79.614 0.07763426 6.28537e-08
1789275020.735 79.672 0.07770222 4.70054e-08
1789275020.745 79.730 0.07775251 5.26655e-08
1789275020.755 79.788 0.07781024 5.54956e-08
1789275020.765 79.846 0.07786704 4.98355e-08
1789275020.775 79.904 0.07792197 8.49281e-08
1789275020.785 79.962 0.07798902 8.43621e-08
1789275020.795 80.020 0.07801788 1.17191e-07
1789275020.805 80.078 0.07809051 1.55396e-07
1789275020.815 80.136 0.07814731 2.04356e-07
1789275020.825 80.193 0.07820597 2.90107e-07
1789275020.835 80.251 0.07827395 3.72744e-07
1789275020.845 80.309 0.07830095 4.89908e-07
1789275020.855 80.366 0.07835867 6.72729e-07
1789275020.865 80.424 0.07843224 9.06774e-07
1789275020.875 80.481 0.07846017 1.38873e-06
1789275020.885 80.539 0.07853745 2.07021e-06
1789275020.895 80.596 0.07858401 3.06582e-06
1789275020.905 80.654 0.07863988 4.29264e-06
1789275020.915 80.711 0.07869481 6.42792e-06
1789275020.925 80.769 0.07873672 9.67964e-06
1789275020.935 80.826 0.07880189 1.48804e-05
1789275020.945 80.883 0.07885777 2.19210e-05
1789275020.955 80.940 0.07891364 3.09112e-05
1789275020.965 80.997 0.07895833 4.18199e-05
1789275020.975 81.055 0.07900768 5.40395e-05
1789275020.985 81.112 0.07907100 6.76204e-05
1789275020.995 81.169 0.07912965 8.35515e-05
1789275021.005 81.226 0.07918459 9.97708e-05
1789275021.015 81.283 0.07923301 1.11987e-04
1789275021.025 81.340 0.07927678 1.16894e-04
1789275021.035 81.396 0.07934475 1.17399e-04
1789275021.045 81.453 0.07938665 1.14101e-04
1789275021.055 81.510 0.07945183 1.10196e-04
1789275021.065 81.567 0.07950584 9.86863e-05
1789275021.075 81.624 0.07956263 8.48098e-05
1789275021.085 81.680 0.07962316 7.15844e-05
1789275021.095 81.737 0.07966319 5.25931e-05
1789275021.105 81.794 0.07972838 4.14144e-05
1789275021.115 81.850 0.07976841 3.27553e-05
1789275021.125 81.907 0.07980846 2.60837e-05
1789275021.135 81.963 0.07989877 2.02326e-05
1789275021.145 82.020 0.07993323 1.51051e-05
1789275021.155 82.076 0.07996861 1.15579e-05
1789275021.165 82.132 0.08001982 9.17646e-06
1789275021.175 82.189 0.08009338 7.45154e-06
1789275021.185 82.245 0.08015484 6.21849e-06
1789275021.195 82.301 0.08019208 5.00214e-06
1789275021.205 82.357 0.08025167 4.21538e-06
1789275021.215 82.414 0.08032151 3.82257e-06
1789275021.225 82.470 0.08034478 3.38986e-06
1789275021.235 82.526 0.08041462 2.87960e-06
1789275021.245 82.582 0.08045931 2.41830e-06
1789275021.255 82.638 0.08051425 2.03908e-06
1789275021.265 82.694 0.08057850 1.97710e-06
1789275021.275 82.750 0.08063437 1.81833e-06
1789275021.285 82.806 0.08069489 1.56872e-06
1789275021.295 82.862 0.08071817 1.42071e-06
1789275021.305 82.918 0.08076100 1.25006e-06
1789275021.315 82.973 0.08082618 1.16374e-06
1789275021.325 83.029 0.08088391 1.08761e-06
1789275021.335 83.085 0.08095375 9.83751e-07
1789275021.345 83.140 0.08100868 9.21490e-07
1789275021.355 83.196 0.08106176 8.46494e-07
1789275021.365 83.252 0.08109807 7.54517e-07
1789275021.375 83.307 0.08116605 7.04709e-07
1789275021.385 83.363 0.08122471 6.43014e-07
1789275021.395 83.418 0.08126102 6.02827e-07
1789275021.405 83.474 0.08132620 5.39717e-07
1789275021.415 83.529 0.08137928 5.02926e-07
1789275021.425 83.585 0.08141466 4.86512e-07
1789275021.435 83.640 0.08148170 4.49155e-07
1789275021.445 83.695 0.08152546 4.33307e-07
1789275021.455 83.751 0.08157482 4.00195e-07
1789275021.465 83.806 0.08162696 3.64254e-07
1789275021.475 83.861 0.08167259 3.55198e-07
1789275021.485 83.916 0.08173590 2.97748e-07
1789275021.495 83.971 0.08178712 2.90107e-07
1789275021.505 84.026 0.08185229 2.31242e-07
1789275021.515 84.082 0.08191934 2.23883e-07
1789275021.525 84.137 0.08194261 2.08035e-07
1789275021.535 84.192 0.08199103 1.65301e-07
1789275021.545 84.247 0.08204504 1.56811e-07
1789275021.555 84.301 0.08208880 1.47189e-07
1789275021.565 84.356 0.08216981 1.35303e-07
1789275021.575 84.411 0.08221543 1.48604e-07
1789275021.585 84.466 0.08227689 1.27096e-07
1789275021.595 84.521 0.08231972 1.39548e-07
1789275021.605 84.576 0.08235697 1.32756e-07
1789275021.615 84.630 0.08240632 1.21719e-07
1789275021.625 84.685 0.08244170 1.42944e-07
1789275021.635 84.740 0.08251340 1.16625e-07
1789275021.645 84.794 0.08255623 1.19738e-07
1789275021.655 84.849 0.08260837 1.34454e-07
1789275021.665 84.903 0.08267076 1.25398e-07
1789275021.675 84.958 0.08273128 1.39831e-07
1789275021.685 85.012 0.08278064 1.15776e-07
1789275021.695 85.067 0.08281322 1.32473e-07
1789275021.705 85.121 0.08288585 1.28511e-07
1789275021.715 85.175 0.08294172 1.23700e-07
1789275021.725 85.230 0.08298269 1.35869e-07
1789275021.735 85.284 0.08303670 1.09266e-07
1789275021.745 85.338 0.08309349 1.08701e-07
1789275021.755 85.392 0.08312981 1.19172e-07
1789275021.764 85.447 0.08317543 1.09833e-07
1789275021.774 85.501 0.08323224 1.17474e-07
1789275021.784 85.555 0.08328065 1.16059e-07
1789275021.794 85.609 0.08333187 1.33888e-07
1789275021.804 85.663 0.08339239 1.60773e-07
1789275021.814 85.717 0.08344733 2.04073e-07
1789275021.824 85.771 0.08349109 3.16426e-07
1789275021.834 85.825 0.08355627 4.33590e-07
1789275021.844 85.879 0.08359351 6.01695e-07
1789275021.854 85.933 0.08364845 7.66687e-07
1789275021.864 85.987 0.08370618 9.15547e-07
1789275021.874 86.040 0.08374436 1.12752e-06
1789275021.884 86.094 0.08381140 1.30326e-06
1789275021.894 86.148 0.08386727 1.57212e-06
1789275021.904 86.202 0.08391569 1.81182e-06
1789275021.914 86.255 0.08396690 2.00738e-06
1789275021.924 86.309 0.08398924 2.11521e-06
1789275021.934 86.363 0.08405815 2.12879e-06
1789275021.944 86.416 0.08410750 2.21029e-06
1789275021.954 86.470 0.08416151 2.13926e-06
1789275021.964 86.523 0.08422576 1.97880e-06
1789275021.974 86.577 0.08426765 1.93918e-06
1789275021.984 86.630 0.08432353 1.78607e-06
1789275021.994 86.684 0.08435053 1.64513e-06
1789275022.004 86.737 0.08441198 1.39156e-06
1789275022.014 86.790 0.08447251 1.14167e-06
1789275022.024 86.844 0.08450975 1.03356e-06
1789275022.034 86.897 0.08456655 8.81304e-07
1789275022.044 86.950 0.08459821 7.80271e-07
1789275022.054 87.003 0.08465873 6.95936e-07
1789275022.064 87.056 0.08472857 6.01695e-07
1789275022.074 87.110 0.08477513 5.61225e-07
1789275022.084 87.163 0.08481796 4.53400e-07
1789275022.094 87.216 0.08486544 3.88026e-07
1789275022.104 87.269 0.08493062 3.21237e-07
1789275022.114 87.322 0.08498091 2.57561e-07
1789275022.124 87.375 0.08501536 2.33506e-07
1789275022.134 87.428 0.08507960 1.83414e-07
1789275022.144 87.481 0.08511685 1.61905e-07
1789275022.154 87.534 0.08517737 1.47189e-07
1789275022.164 87.587 0.08523138 1.20304e-07
1789275022.174 87.639 0.08527607 1.26813e-07
1789275022.184 87.692 0.08532263 9.70973e-08
1789275022.194 87.745 0.08536919 8.97392e-08
1789275022.204 87.798 0.08541574 9.14372e-08
1789275022.214 87.850 0.08546696 7.95510e-08
1789275022.224 87.903 0.08551817 8.74751e-08
1789275022.234 87.956 0.08557217 7.04948e-08
1789275022.244 88.008 0.08564852 7.13439e-08
1789275022.254 88.061 0.08567832 6.28537e-08
1789275022.264 88.113 0.08572488 5.46466e-08
1789275022.274 88.166 0.08577889 7.04948e-08
1789275022.284 88.218 0.08582917 4.55904e-08
1789275022.294 88.271 0.08587107 5.35146e-08
1789275022.304 88.323 0.08591204 4.75715e-08
1789275022.314 88.376 0.08597350 4.16283e-08
1789275022.324 88.428 0.08602564 5.69106e-08
1789275022.334 88.480 0.08607592 3.51192e-08
1789275022.344 88.533 0.08612620 4.30434e-08
1789275022.354 88.585 0.08618207 4.21944e-08
1789275022.364 88.637 0.08622304 3.48362e-08
1789275022.374 88.689 0.08626121 4.87035e-08
1789275022.384 88.741 0.08631895 2.71951e-08
1789275022.394 88.794 0.08636084 3.71003e-08
1789275022.404 88.846 0.08641392 3.62512e-08
1789275022.414 88.898 0.08645861 2.80441e-08
1789275022.424 88.950 0.08651634 4.47414e-08
1789275022.434 89.002 0.08658059 2.43650e-08
1789275022.444 89.054 0.08661597 3.37042e-08
1789275022.454 89.106 0.08668209 3.22892e-08
1789275022.464 89.158 0.08672678 2.40820e-08
1789275022.474 89.210 0.08676589 4.30434e-08
1789275022.484 89.261 0.08680313 2.35160e-08
1789275022.494 89.313 0.08685621 3.42702e-08
1789275022.504 89.365 0.08690370 3.48362e-08
1789275022.514 89.417 0.08695491 2.77611e-08
1789275022.524 89.469 0.08701264 4.81375e-08
1789275022.534 89.520 0.08707130 2.97421e-08
1789275022.544 89.572 0.08710389 4.04963e-08
1789275022.554 89.624 0.08715417 4.21944e-08
1789275022.564 89.675 0.08719607 3.71003e-08
1789275022.574 89.727 0.08721377 5.57786e-08
1789275022.584 89.779 0.08729663 3.59683e-08
1789275022.594 89.830 0.08735716 4.89865e-08
1789275022.604 89.882 0.08739906 4.70054e-08
1789275022.614 89.933 0.08744748 3.96473e-08
1789275022.624 89.984 0.08749497 5.66276e-08
1789275022.634 90.036 0.08753501 3.56852e-08
1789275022.644 90.087 0.08758249 4.38924e-08
1789275022.654 90.139 0.08764116 4.33264e-08
1789275022.664 90.190 0.08771564 3.39872e-08
1789275022.674 90.241 0.08775010 5.01185e-08
1789275022.684 90.293 0.08778362 2.86101e-08
1789275022.694 90.344 0.08781714 3.71003e-08
1789275022.704 90.395 0.08788325 3.54022e-08
1789275022.714 90.446 0.08794936 2.66291e-08
1789275022.724 90.497 0.08797450 4.33264e-08
1789275022.734 90.549 0.08803316 2.43650e-08
1789275022.744 90.600 0.08808158 3.48362e-08
1789275022.754 90.651 0.08813000 3.39872e-08
1789275022.764 90.702 0.08817284 2.88931e-08
1789275022.774 90.753 0.08820635 4.50244e-08
1789275022.784 90.804 0.08826967 2.71951e-08
1789275022.794 90.855 0.08830971 3.90813e-08
1789275022.804 90.906 0.08835813 3.93643e-08
1789275022.814 90.957 0.08841120 3.11572e-08
1789275022.824 91.007 0.08846521 5.04015e-08
1789275022.834 91.058 0.08853318 2.97421e-08
1789275022.844 91.109 0.08857136 3.99303e-08
1789275022.854 91.160 0.08861139 4.13453e-08
1789275022.864 91.211 0.08864585 3.17232e-08
1789275022.874 91.261 0.08869613 4.75715e-08
1789275022.884 91.312 0.08875665 2.71951e-08
1789275022.894 91.363 0.08879576 3.85153e-08
1789275022.904 91.413 0.08884977 3.54022e-08
1789275022.914 91.464 0.08890191 3.00252e-08
1789275022.924 91.515 0.08895406 4.53074e-08
1789275022.934 91.565 0.08900620 2.91761e-08
1789275022.944 91.616 0.08904437 3.42702e-08
1789275022.954 91.666 0.08910304 3.39872e-08
1789275022.964 91.717 0.08914773 2.49311e-08
1789275022.974 91.767 0.08917753 4.38924e-08
1789275022.984 91.817 0.08922967 2.66291e-08
1789275022.994 91.868 0.08926784 3.37042e-08
1789275023.004 91.918 0.08933396 3.54022e-08
1789275023.014 91.969 0.08939914 3.14402e-08
1789275023.024 92.019 0.08942893 4.47414e-08
1789275023.034 92.069 0.08948759 2.66291e-08
1789275023.044 92.119 0.08951553 3.51192e-08
1789275023.054 92.170 0.08958629 3.62512e-08
1789275023.064 92.220 0.08962447 3.14402e-08
1789275023.074 92.270 0.08965054 4.95525e-08
1789275023.084 92.320 0.08971666 3.28552e-08
1789275023.094 92.370 0.08976135 4.64394e-08
1789275023.104 92.420 0.08982187 5.06845e-08
1789275023.114 92.470 0.08986936 4.92695e-08
1789275023.124 92.521 0.08990847 8.20980e-08
1789275023.134 92.571 0.08995689 9.45503e-08
1789275023.144 92.621 0.08998575 1.59358e-07
1789275023.154 92.670 0.09006862 2.23317e-07
1789275023.164 92.720 0.09010773 3.26048e-07
1789275023.174 92.770 0.09012728 4.92172e-07
1789275023.184 92.820 0.09018408 6.46976e-07
1789275023.194 92.870 0.09023436 8.17911e-07
1789275023.204 92.920 0.09026509 9.44980e-07
1789275023.214 92.970 0.09032189 1.13771e-06
1789275023.224 93.019 0.09036007 1.33694e-06
1789275023.234 93.069 0.09042711 1.60523e-06
1789275023.244 93.119 0.09046435 1.74956e-06
1789275023.254 93.169 0.09051650 1.97483e-06
1789275023.264 93.218 0.09057143 2.14011e-06
1789275023.274 93.268 0.09057888 2.46500e-06
1789275023.284 93.317 0.09063941 2.58924e-06
1789275023.294 93.367 0.09070458 2.68093e-06
1789275023.304 93.417 0.09076325 2.74829e-06
1789275023.314 93.466 0.09080701 2.72989e-06
1789275023.324 93.516 0.09085078 2.69452e-06
1789275023.334 93.565 0.09089547 2.60905e-06
1789275023.344 93.615 0.09093737 2.52132e-06
1789275023.354 93.664 0.09098393 2.37613e-06
1789275023.364 93.713 0.09103979 2.23888e-06
1789275023.374 93.763 0.09108635 2.07247e-06
1789275023.384 93.812 0.09114036 1.88569e-06
1789275023.394 93.861 0.09117295 1.66183e-06
1789275023.404 93.911 0.09123068 1.48552e-06
1789275023.414 93.960 0.09127817 1.34402e-06
1789275023.424 94.009 0.09131914 1.25430e-06
1789275023.434 94.059 0.09136569 1.14903e-06
1789275023.444 94.108 0.09140294 1.07601e-06
1789275023.454 94.157 0.09145415 1.00385e-06
1789275023.464 94.206 0.09149791 9.37622e-07
1789275023.474 94.255 0.09153795 8.64606e-07
1789275023.484 94.304 0.09160127 7.64989e-07
1789275023.494 94.353 0.09165062 7.05558e-07
1789275023.504 94.402 0.09168879 6.20373e-07
1789275023.514 94.451 0.09173349 5.11133e-07
1789275023.524 94.500 0.09178749 4.70098e-07
1789275023.534 94.549 0.09184616 3.86894e-07
1789275023.544 94.598 0.09187875 3.44444e-07
1789275023.553 94.647 0.09192251 2.97182e-07
1789275023.563 94.696 0.09196627 2.42845e-07
1789275023.573 94.745 0.09200817 2.19072e-07
1789275023.583 94.794 0.09206125 1.93602e-07
1789275023.593 94.843 0.09211712 1.79735e-07
1789275023.603 94.891 0.09216833 1.50868e-07
1789275023.613 94.940 0.09222233 1.26813e-07
1789275023.623 94.989 0.09226145 1.35020e-07
1789275023.633 95.038 0.09231359 1.03040e-07
1789275023.643 95.086 0.09233407 9.90783e-08
1789275023.653 95.135 0.09236853 8.71921e-08
1789275023.663 95.184 0.09244115 6.34197e-08
1789275023.673 95.232 0.09249050 7.38909e-08
1789275023.683 95.281 0.09253985 3.11572e-08
1789275023.693 95.329 0.09255289 4.78544e-08
1789275023.703 95.378 0.09260690 4.30434e-08
1789275023.713 95.426 0.09267114 2.74781e-08
1789275023.723 95.475 0.09271398 3.99303e-08
1789275023.733 95.523 0.09275960 1.30449e-08
1789275023.743 95.572 0.09279219 1.78559e-08
1789275023.753 95.620 0.09284340 1.44599e-08
1789275023.763 95.669 0.09289368 5.96974e-09
1789275023.773 95.717 0.09293745 1.64409e-08
1789275023.783 95.765 0.09299518 -3.65243e-09
1789275023.793 95.814 0.09302870 3.42269e-09
1789275023.803 95.862 0.09305663 -1.95440e-09
1789275023.813 95.910 0.09311343 -1.44066e-08
1789275023.823 95.958 0.09314975 -4.21843e-09
1789275023.833 96.007 0.09322517 -2.88398e-08
1789275023.843 96.055 0.09327173 -2.71418e-08
1789275023.853 96.103 0.09330618 -3.33679e-08
1789275023.863 96.151 0.09334528 -4.92161e-08
1789275023.873 96.199 0.09338905 -4.44051e-08
1789275023.883 96.247 0.09344305 -6.98754e-08
1789275023.893 96.295 0.09349520 -6.28003e-08
1789275023.903 96.344 0.09354361 -6.93094e-08
1789275023.913 96.392 0.09359110 -8.79877e-08
1789275023.923 96.440 0.09363394 -7.94976e-08
1789275023.933 96.488 0.09367025 -1.04685e-07
1789275023.943 96.535 0.09371495 -1.01572e-07
1789275023.953 96.583 0.09376522 -1.06383e-07
1789275023.963 96.631 0.09381458 -1.19401e-07
1789275023.973 96.679 0.09385555 -1.08930e-07
1789275023.983 96.727 0.09389186 -1.26193e-07
1789275023.993 96.775 0.09391980 -1.09779e-07
1789275024.003 96.823 0.09397939 -9.87419e-08
1789275024.013 96.871 0.09403712 -9.33648e-08
1789275024.023 96.918 0.09407157 -6.13853e-08
1789275024.033 96.966 0.09414513 -6.78944e-08
1789275024.043 97.014 0.09417120 -4.21410e-08
1789275024.053 97.061 0.09421031 -2.60098e-08
1789275024.063 97.109 0.09426245 -2.06327e-08
1789275024.073 97.157 0.09428945 3.13969e-09
1789275024.083 97.204 0.09434439 -9.59553e-09
1789275024.093 97.252 0.09439002 6.25274e-09
1789275024.103 97.300 0.09444495 9.64880e-09
1789275024.113 97.347 0.09448965 5.12072e-09
1789275024.123 97.395 0.09452037 1.95540e-08
1789275024.133 97.442 0.09458463 3.42269e-09
1789275024.143 97.490 0.09465166 1.36109e-08
1789275024.153 97.537 0.09468984 1.41769e-08
1789275024.163 97.585 0.09470753 8.51678e-09
1789275024.173 97.632 0.09475316 2.40820e-08
1789275024.183 97.679 0.09481275 5.12072e-09
1789275024.193 97.727 0.09484441 1.61579e-08
1789275024.203 97.774 0.09488165 1.58749e-08
1789275024.213 97.821 0.09495521 1.04978e-08
1789275024.223 97.869 0.09500363 2.37990e-08
1789275024.233 97.916 0.09503622 6.25274e-09
1789275024.243 97.963 0.09507812 1.75729e-08
1789275024.253 98.011 0.09511444 1.70069e-08
1789275024.263 98.058 0.09515634 1.13468e-08
1789275024.273 98.105 0.09519545 2.77611e-08
1789275024.283 98.152 0.09526621 1.16298e-08
1789275024.293 98.199 0.09530811 2.37990e-08
1789275024.303 98.246 0.09534443 2.80441e-08
1789275024.313 98.293 0.09539657 2.63461e-08
1789275024.323 98.341 0.09542264 4.75715e-08
1789275024.333 98.388 0.09548596 3.62512e-08
1789275024.343 98.435 0.09552786 5.63446e-08
1789275024.353 98.482 0.09556604 6.79478e-08
1789275024.363 98.529 0.09561725 7.61549e-08
1789275024.373 98.576 0.09565543 1.02474e-07
1789275024.383 98.623 0.09569174 1.03040e-07
1789275024.393 98.669 0.09572247 1.39265e-07
1789275024.403 98.716 0.09576064 1.56528e-07
1789275024.413 98.763 0.09580907 1.79169e-07
1789275024.423 98.810 0.09585655 2.41996e-07
1789275024.433 98.857 0.09591615 2.99729e-07
1789275024.443 98.904 0.09595432 4.52551e-07
1789275024.453 98.950 0.09600274 8.21024e-07
1789275024.463 98.997 0.09605675 1.36269e-06
1789275024.473 99.044 0.09609027 2.35293e-06
1789275024.483 99.091 0.09614241 4.09341e-06
1789275024.493 99.137 0.09618152 6.62828e-06
1789275024.503 99.184 0.09623087 9.16372e-06
1789275024.513 99.231 0.09628022 1.35243e-05
1789275024.523 99.277 0.09632770 1.72560e-05
1789275024.533 99.324 0.09636588 2.19700e-05
1789275024.543 99.371 0.09639102 2.64955e-05
1789275024.553 99.417 0.09644037 3.16216e-05
1789275024.563 99.464 0.09648414 3.55222e-05
1789275024.573 99.510 0.09652697 4.09641e-05
1789275024.583 99.557 0.09656515 4.51113e-05
1789275024.593 99.603 0.09661263 5.32607e-05
1789275024.603 99.650 0.09668247 5.81171e-05
1789275024.613 99.696 0.09673089 6.04448e-05
1789275024.623 99.742 0.09676161 6.97845e-05
1789275024.633 99.789 0.09681283 7.27057e-05
1789275024.643 99.835 0.09685007 7.60907e-05
1789275024.653 99.882 0.09688452 8.45573e-05
1789275024.663 99.928 0.09693760 8.39896e-05
1789275024.673 99.974 0.09696646 8.53964e-05
1789275024.683 100.021 0.09702233 8.76483e-05
1789275024.693 100.067 0.09708472 8.60307e-05
1789275024.703 100.113 0.09712662 8.37250e-05
1789275024.713 100.159 0.09716945 8.06601e-05
1789275024.723 100.205 0.09719180 7.81179e-05
1789275024.733 100.252 0.09724394 7.55940e-05
1789275024.743 100.298 0.09727188 7.17709e-05
1789275024.753 100.344 0.09731284 6.25246e-05
1789275024.763 100.390 0.09736034 5.59730e-05
1789275024.773 100.436 0.09741155 5.00457e-05
1789275024.783 100.482 0.09745345 4.55522e-05
1789275024.793 100.528 0.09749907 4.13428e-05
1789275024.803 100.574 0.09753632 4.02243e-05
1789275024.813 100.620 0.09758660 3.38384e-05
1789275024.823 100.666 0.09763967 3.12944e-05
1789275024.833 100.712 0.09765830 2.88153e-05
1789275024.843 100.758 0.09770392 2.69794e-05
1789275024.853 100.804 0.09776724 2.54065e-05
1789275024.863 100.850 0.09781100 2.35548e-05
1789275024.873 100.896 0.09783335 2.19530e-05
1789275024.883 100.942 0.09788828 2.01327e-05
1789275024.893 100.988 0.09792740 1.87573e-05
1789275024.903 101.033 0.09797954 1.69328e-05
1789275024.913 101.079 0.09802423 1.44392e-05
1789275024.923 101.125 0.09805775 1.30341e-05
1789275024.933 101.171 0.09811735 1.15197e-05
1789275024.943 101.217 0.09813783 1.09297e-05
1789275024.953 101.262 0.09820208 1.00866e-05
1789275024.963 101.308 0.09825981 8.74601e-06
1789275024.973 101.354 0.09826819 8.25018e-06
1789275024.983 101.399 0.09834175 7.39155e-06
1789275024.993 101.445 0.09836317 6.72903e-06
1789275025.003 101.490 0.09840879 6.06001e-06
1789275025.013 101.536 0.09846839 5.78125e-06
1789275025.023 101.582 0.09850563 5.19515e-06
1789275025.033 101.627 0.09855405 4.94101e-06
1789275025.043 101.673 0.09858850 4.47150e-06
1789275025.053 101.718 0.09862854 4.21708e-06
1789275025.063 101.764 0.09868068 3.87606e-06
1789275025.073 101.809 0.09870769 3.68107e-06
1789275025.083 101.855 0.09874865 3.01318e-06
1789275025.093 101.900 0.09879428 3.09525e-06
1789275025.103 101.946 0.09885294 2.90705e-06
1789275025.113 101.991 0.09887622 2.73838e-06
1789275025.123 102.036 0.09891254 2.50066e-06
1789275025.133 102.082 0.09897492 2.31246e-06
1789275025.143 102.127 0.09902613 2.17152e-06
1789275025.153 102.172 0.09907921 2.02153e-06
1789275025.163 102.218 0.09910156 1.72268e-06
1789275025.173 102.263 0.09913787 1.69551e-06
1789275025.183 102.308 0.09919653 1.26506e-06
1789275025.193 102.353 0.09922167 1.35845e-06
1789275025.203 102.399 0.09927102 1.33779e-06
1789275025.213 102.444 0.09931199 1.26025e-06
1789275025.223 102.489 0.09935203 1.16233e-06
1789275025.233 102.534 0.09940138 1.09186e-06
1789275025.243 102.579 0.09944328 1.00752e-06
1789275025.253 102.624 0.09948704 8.20175e-07
1789275025.263 102.669 0.09952988 5.62074e-07
1789275025.273 102.714 0.09957643 5.83300e-07
1789275025.283 102.759 0.09960995 7.27915e-07
1789275025.293 102.805 0.09965279 6.69050e-07
1789275025.303 102.850 0.09971610 5.64055e-07
1789275025.313 102.895 0.09973938 5.23869e-07
1789275025.322 102.939 0.09977291 4.46608e-07
1789275025.332 102.984 0.09983063 4.11233e-07
1789275025.342 103.029 0.09985298 3.80951e-07
1789275025.352 103.074 0.09990606 2.85012e-07
1789275025.362 103.119 0.09996285 2.83598e-07
1789275025.372 103.164 0.10000662 2.76239e-07
1789275025.382 103.209 0.10004200 2.25865e-07
1789275025.392 103.254 0.10008670 1.94451e-07
1789275025.402 103.299 0.10013884 8.40791e-08
1789275025.412 103.343 0.10018818 7.98340e-08
1789275025.422 103.388 0.10021147 3.45532e-08
1789275025.432 103.433 0.10026734 1.81389e-08
1789275025.442 103.478 0.10031482 4.07793e-08
1789275025.452 103.522 0.10035858 2.37990e-08
1789275025.462 103.567 0.10039490 -5.65742e-08
1789275025.472 103.612 0.10042377 -2.11987e-08
1789275025.482 103.656 0.10046474 -5.96873e-08
1789275025.492 103.701 0.10048895 -4.41221e-08
1789275025.502 103.746 0.10054388 -3.05379e-08
1789275025.512 103.790 0.10059509 -4.32731e-08
1789275025.522 103.835 0.10063140 -3.11039e-08
1789275025.532 103.879 0.10068449 -4.41221e-08
1789275025.542 103.924 0.10071521 -2.91228e-08
1789275025.552 103.968 0.10076922 -2.43118e-08
1789275025.562 104.013 0.10080925 -2.37458e-08
1789275025.572 104.057 0.10084743 -5.06745e-09
1789275025.582 104.102 0.10090889 -4.18580e-08
1789275025.592 104.146 0.10093775 -2.31797e-08
1789275025.602 104.191 0.10097034 -1.24256e-08
1789275025.612 104.235 0.10101969 -1.69536e-08
1789275025.622 104.280 0.10106159 -6.19947e-09
1789275025.632 104.324 0.10108488 -3.02549e-08
1789275025.642 104.368 0.10112864 -1.01615e-08
1789275025.652 104.413 0.10119009 -8.18050e-09
1789275025.662 104.457 0.10123571 -1.75197e-08
1789275025.672 104.501 0.10126551 -2.52041e-09
1789275025.682 104.546 0.10132138 -1.83687e-08
1789275025.692 104.590 0.10135956 -6.76548e-09
1789275025.702 104.634 0.10139401 -1.32746e-08
1789275025.712 104.678 0.10143870 -2.94058e-08
1789275025.722 104.723 0.10148991 -1.29916e-08
1789275025.732 104.767 0.10153089 -3.22359e-08
1789275025.742 104.811 0.10155417 -2.23307e-08
1789275025.752 104.855 0.10160910 -2.65758e-08
1789275025.762 104.899 0.10166217 -3.73300e-08
1789275025.772 104.943 0.10169849 -2.17647e-08
1789275025.782 104.987 0.10175157 -3.50659e-08
1789275025.792 105.031 0.10177485 -1.72367e-08
1789275025.802 105.076 0.10180836 -1.38406e-08
1789275025.812 105.120 0.10185213 -1.66706e-08
1789275025.822 105.164 0.10189123 1.72467e-09
1789275025.832 105.208 0.10193127 -1.35576e-08
1789275025.842 105.252 0.10196387 4.83772e-09
1789275025.852 105.296 0.10201135 9.93181e-09
1789275025.862 105.339 0.10205698 7.66777e-09
1789275025.872 105.383 0.10210167 2.66291e-08
1789275025.882 105.427 0.10214636 1.21958e-08
1789275025.892 105.471 0.10218827 3.54022e-08
1789275025.902 105.515 0.10222738 4.07793e-08
1789275025.912 105.559 0.10227207 3.93643e-08
1789275025.922 105.603 0.10232328 6.48347e-08
1789275025.932 105.647 0.10236890 5.40806e-08
1789275025.942 105.690 0.10238659 7.16269e-08
1789275025.952 105.734 0.10242105 7.70039e-08
1789275025.962 105.778 0.10245737 8.43621e-08
1789275025.972 105.822 0.10248716 1.16625e-07
1789275025.982 105.865 0.10254210 1.01625e-07
1789275025.992 105.909 0.10258772 1.18889e-07
1789275026.002 105.953 0.10263708 1.26247e-07
1789275026.012 105.996 0.10270318 1.31624e-07
1789275026.022 106.040 0.10273950 1.48887e-07
1789275026.032 106.084 0.10277860 1.27379e-07
1789275026.042 106.127 0.10278884 1.47472e-07
1789275026.052 106.171 0.10282981 1.51717e-07
1789275026.062 106.215 0.10289779 1.47755e-07
1789275026.072 106.258 0.10293969 1.57094e-07
1789275026.082 106.302 0.10298625 1.41246e-07
1789275026.092 106.345 0.10300673 1.48321e-07
1789275026.102 106.389 0.10305794 1.41246e-07
1789275026.112 106.432 0.10310357 1.25681e-07
1789275026.122 106.476 0.10313337 1.26813e-07
1789275026.132 106.519 0.10318365 1.10398e-07
1789275026.142 106.563 0.10321624 1.16908e-07
1789275026.152 106.606 0.10325441 1.04738e-07
1789275026.162 106.649 0.10331308 8.94562e-08
1789275026.172 106.693 0.10334567 9.79463e-08
1789275026.182 106.736 0.10340246 7.89850e-08
1789275026.192 106.780 0.10343133 9.05882e-08
1789275026.202 106.823 0.10348254 8.09660e-08
1789275026.212 106.866 0.10351233 7.10609e-08
1789275026.222 106.910 0.10354214 7.53059e-08
1789275026.232 106.953 0.10358497 5.43636e-08
1789275026.242 106.996 0.10362594 6.34197e-08
1789275026.252 107.039 0.10367622 6.14387e-08
1789275026.262 107.083 0.10371999 5.01185e-08
1789275026.272 107.126 0.10374420 6.20047e-08
1789275026.282 107.169 0.10378516 4.04963e-08
1789275026.292 107.212 0.10381961 5.49296e-08
1789275026.302 107.255 0.10387827 5.06845e-08
1789275026.312 107.298 0.10393041 4.02133e-08
1789275026.322 107.342 0.10394346 4.89865e-08
1789275026.332 107.385 0.10398443 3.14402e-08
1789275026.342 107.428 0.10402540 4.13453e-08
1789275026.352 107.471 0.10407288 3.68173e-08
1789275026.362 107.514 0.10412782 2.69121e-08
1789275026.372 107.557 0.10414271 3.71003e-08
1789275026.382 107.600 0.10419114 1.98370e-08
1789275026.392 107.643 0.10424142 3.17232e-08
1789275026.402 107.686 0.10427401 3.03081e-08
1789275026.412 107.729 0.10431777 2.04030e-08
1789275026.422 107.772 0.10435687 3.20062e-08
1789275026.432 107.815 0.10441554 1.44599e-08
1789275026.442 107.858 0.10442485 2.88931e-08
1789275026.452 107.901 0.10447327 2.71951e-08
1789275026.462 107.944 0.10450865 1.78559e-08
1789275026.472 107.986 0.10455986 3.11572e-08
1789275026.482 108.029 0.10460829 1.21958e-08
1789275026.492 108.072 0.10465577 2.49311e-08
1789275026.502 108.115 0.10469302 2.40820e-08
1789275026.512 108.158 0.10473399 1.36109e-08
1789275026.522 108.201 0.10477030 2.66291e-08
1789275026.532 108.243 0.10482337 1.19128e-08
1789275026.542 108.286 0.10484759 2.43650e-08
1789275026.552 108.329 0.10488576 2.09690e-08
1789275026.562 108.371 0.10493232 1.21958e-08
1789275026.572 108.414 0.10496491 2.54971e-08
1789275026.582 108.457 0.10501519 1.04978e-08
1789275026.592 108.500 0.10505337 2.23840e-08
1789275026.602 108.542 0.10510737 1.98370e-08
1789275026.612 108.585 0.10513903 1.24789e-08
1789275026.622 108.627 0.10516790 2.32330e-08
1789275026.632 108.670 0.10520700 9.93181e-09
1789275026.642 108.713 0.10524518 2.21010e-08
1789275026.652 108.755 0.10530478 1.89880e-08
1789275026.662 108.798 0.10534574 1.21958e-08
1789275026.672 108.840 0.10537461 2.37990e-08
1789275026.682 108.883 0.10541744 7.95077e-09
1789275026.692 108.925 0.10543978 2.06860e-08
1789275026.702 108.968 0.10549287 2.04030e-08
1789275026.712 109.010 0.10553477 1.19128e-08
1789275026.722 109.053 0.10555339 2.35160e-08
1789275026.732 109.095 0.10561763 9.64880e-09
1789275026.742 109.138 0.10566512 2.37990e-08
1789275026.752 109.180 0.10570982 1.92710e-08
1789275026.762 109.222 0.10574055 1.24789e-08
1789275026.772 109.265 0.10577034 2.71951e-08
1789275026.782 109.307 0.10584110 1.19128e-08
1789275026.792 109.349 0.10585507 2.32330e-08
1789275026.802 109.392 0.10588207 2.23840e-08
1789275026.812 109.434 0.10592397 1.30449e-08
1789275026.822 109.476 0.10596216 2.88931e-08
1789275026.832 109.519 0.10602454 1.24789e-08
1789275026.842 109.561 0.10606737 2.60631e-08
1789275026.852 109.603 0.10610554 1.89880e-08
1789275026.862 109.645 0.10611951 1.19128e-08
1789275026.872 109.687 0.10616608 2.69121e-08
1789275026.882 109.730 0.10623125 1.19128e-08
1789275026.892 109.772 0.10624522 2.23840e-08
1789275026.902 109.814 0.10629829 2.12520e-08
1789275026.912 109.856 0.10635043 1.27619e-08
1789275026.922 109.898 0.10638024 2.60631e-08
1789275026.932 109.940 0.10642586 1.02148e-08
1789275026.942 109.982 0.10646497 2.04030e-08
1789275026.952 110.025 0.10651338 1.70069e-08
