1789278526.907 31.727 0.03450318 2.49313e-08
1789278526.912 31.873 0.03450318 3.65346e-08
1789278526.922 32.018 0.03448270 4.58738e-08
1789278526.933 32.162 0.03447152 3.48365e-08
1789278526.942 32.306 0.03446594 3.42705e-08
1789278526.952 32.449 0.03446780 5.04019e-08
1789278526.962 32.591 0.03444545 3.93647e-08
1789278526.972 32.733 0.03446128 5.57790e-08
1789278526.982 32.874 0.03447152 4.16287e-08
1789278526.992 33.014 0.03445942 4.61568e-08
1789278527.002 33.154 0.03443614 5.97411e-08
1789278527.012 33.293 0.03443800 4.16287e-08
1789278527.022 33.432 0.03445942 6.34202e-08
1789278527.032 33.570 0.03447059 5.29490e-08
1789278527.042 33.708 0.03447990 5.09679e-08
1789278527.052 33.845 0.03449015 5.52130e-08
1789278527.062 33.981 0.03449946 3.99307e-08
1789278527.072 34.117 0.03454974 5.32320e-08
1789278527.082 34.253 0.03461119 3.62516e-08
1789278527.092 34.388 0.03465589 3.79496e-08
1789278527.102 34.522 0.03472666 4.02137e-08
1789278527.112 34.656 0.03481139 1.67241e-08
1789278527.122 34.789 0.03490357 2.83274e-08
1789278527.132 34.922 0.03499762 1.04980e-08
1789278527.142 35.054 0.03512239 1.19130e-08
1789278527.152 35.186 0.03523226 1.61581e-08
1789278527.162 35.317 0.03534213 3.13983e-09
1789278527.172 35.448 0.03548646 2.66294e-08
1789278527.182 35.579 0.03565220 1.61581e-08
1789278527.192 35.708 0.03577884 2.26673e-08
1789278527.202 35.838 0.03593992 2.91764e-08
1789278527.212 35.967 0.03609076 1.04980e-08
1789278527.222 36.095 0.03625464 2.35163e-08
1789278527.232 36.223 0.03640270 1.13470e-08
1789278527.242 36.351 0.03656564 1.58751e-08
1789278527.252 36.478 0.03671928 2.09692e-08
1789278527.262 36.605 0.03689061 5.92774e-10
1789278527.272 36.731 0.03705449 1.81392e-08
1789278527.282 36.857 0.03720347 4.83787e-09
1789278527.292 36.982 0.03736456 1.02150e-08
1789278527.302 37.107 0.03748840 1.44601e-08
1789278527.312 37.232 0.03764297 -3.36932e-09
1789278527.322 37.356 0.03778822 1.53091e-08
1789278527.332 37.479 0.03792324 3.42284e-09
1789278527.342 37.603 0.03804615 9.08297e-09
1789278527.352 37.726 0.03816626 1.27620e-08
1789278527.362 37.848 0.03826124 -3.08631e-09
1789278527.372 37.970 0.03839625 1.47431e-08
1789278527.382 38.092 0.03851265 3.42284e-09
1789278527.392 38.213 0.03858900 9.08297e-09
1789278527.402 38.334 0.03868304 1.33281e-08
1789278527.412 38.455 0.03879943 -2.80330e-09
1789278527.422 38.575 0.03890000 1.58751e-08
1789278527.432 38.695 0.03898101 3.42284e-09
1789278527.442 38.814 0.03907878 9.64898e-09
1789278527.452 38.933 0.03919331 1.27620e-08
1789278527.462 39.052 0.03924359 -3.08631e-09
1789278527.472 39.170 0.03934322 1.47431e-08
1789278527.482 39.288 0.03944564 4.55486e-09
1789278527.492 39.406 0.03953410 9.08297e-09
1789278527.502 39.523 0.03963466 1.27620e-08
1789278527.512 39.640 0.03969239 2.67610e-11
1789278527.522 39.757 0.03980599 1.55921e-08
1789278527.532 39.873 0.03993914 5.12088e-09
1789278527.542 39.989 0.04000805 1.02150e-08
1789278527.552 40.104 0.04008068 1.38941e-08
1789278527.562 40.220 0.04018124 3.09767e-10
1789278527.572 40.335 0.04028180 1.78562e-08
1789278527.582 40.449 0.04040285 4.83787e-09
1789278527.592 40.564 0.04051459 1.16300e-08
1789278527.602 40.677 0.04062167 1.30451e-08
1789278527.612 40.791 0.04075947 1.15879e-09
1789278527.622 40.904 0.04083396 1.81392e-08
1789278527.632 41.017 0.04095874 4.55486e-09
1789278527.642 41.130 0.04108444 1.19130e-08
1789278527.652 41.243 0.04117942 1.38941e-08
1789278527.662 41.355 0.04130139 8.75780e-10
1789278527.672 41.466 0.04140382 1.92712e-08
1789278527.682 41.578 0.04151090 3.98885e-09
1789278527.692 41.689 0.04163846 1.07810e-08
1789278527.702 41.800 0.04174648 1.36111e-08
1789278527.712 41.911 0.04185449 5.92774e-10
1789278527.722 42.021 0.04196250 1.84222e-08
1789278527.732 42.131 0.04208168 2.85683e-09
1789278527.742 42.241 0.04219342 1.19130e-08
1789278527.752 42.350 0.04229864 1.47431e-08
1789278527.762 42.459 0.04242713 2.00781e-09
1789278527.772 42.568 0.04252025 1.87052e-08
1789278527.782 42.677 0.04260964 2.00781e-09
1789278527.792 42.785 0.04272044 1.21960e-08
1789278527.802 42.893 0.04284149 1.44601e-08
1789278527.812 43.001 0.04292529 3.09767e-10
1789278527.822 43.108 0.04300537 1.78562e-08
1789278527.832 43.216 0.04311152 3.09767e-10
1789278527.842 43.323 0.04322326 1.13470e-08
1789278527.852 43.429 0.04330240 1.47431e-08
1789278527.862 43.536 0.04337038 -2.56245e-10
1789278527.872 43.642 0.04350818 1.70071e-08
1789278527.882 43.748 0.04361806 1.44179e-09
1789278527.892 43.854 0.04372700 1.19130e-08
1789278527.902 43.959 0.04383315 1.47431e-08
1789278527.912 44.064 0.04389926 5.92774e-10
1789278527.922 44.169 0.04399610 1.78562e-08
1789278527.932 44.274 0.04409852 5.92774e-10
1789278527.942 44.378 0.04417860 1.19130e-08
1789278527.952 44.482 0.04427078 1.27620e-08
1789278527.962 44.586 0.04438066 -1.38827e-09
1789278527.972 44.690 0.04448401 1.58751e-08
1789278527.982 44.793 0.04458085 -5.39252e-10
1789278527.992 44.897 0.04465720 9.64898e-09
1789278528.002 45.000 0.04475870 1.24790e-08
1789278528.012 45.102 0.04484901 -1.95428e-09
1789278528.022 45.205 0.04494678 1.64411e-08
1789278528.032 45.307 0.04505573 1.72480e-09
1789278528.042 45.409 0.04514232 1.07810e-08
1789278528.052 45.511 0.04522706 1.19130e-08
1789278528.062 45.613 0.04532762 -1.10526e-09
1789278528.072 45.714 0.04544401 1.67241e-08
1789278528.082 45.815 0.04553061 1.72480e-09
1789278528.092 45.916 0.04562837 1.07810e-08
1789278528.102 46.017 0.04571869 1.19130e-08
1789278528.112 46.117 0.04584626 -1.95428e-09
1789278528.122 46.218 0.04592820 1.72901e-08
1789278528.132 46.318 0.04601945 1.44179e-09
1789278528.142 46.417 0.04610605 1.07810e-08
1789278528.152 46.517 0.04619451 1.21960e-08
1789278528.162 46.616 0.04630997 -1.38827e-09
1789278528.172 46.716 0.04639842 1.87052e-08
1789278528.182 46.815 0.04648316 1.44179e-09
1789278528.192 46.913 0.04658093 1.21960e-08
1789278528.202 47.012 0.04666286 1.16300e-08
1789278528.212 47.110 0.04676715 2.85683e-09
1789278528.222 47.208 0.04685933 1.81392e-08
1789278528.232 47.306 0.04695710 8.75780e-10
1789278528.242 47.404 0.04703718 1.13470e-08
1789278528.252 47.502 0.04715357 9.93199e-09
1789278528.262 47.599 0.04724669 1.15879e-09
1789278528.272 47.696 0.04733421 1.81392e-08
1789278528.282 47.793 0.04741057 8.75780e-10
1789278528.292 47.890 0.04750461 1.16300e-08
1789278528.302 47.986 0.04761355 1.07810e-08
1789278528.312 48.083 0.04770201 2.85683e-09
1789278528.322 48.179 0.04777929 1.95542e-08
1789278528.332 48.275 0.04786496 2.29081e-09
1789278528.342 48.371 0.04795807 1.27620e-08
1789278528.352 48.466 0.04805584 1.78562e-08
1789278528.362 48.562 0.04814430 1.78562e-08
1789278528.372 48.657 0.04823276 9.65320e-08
1789278528.382 48.752 0.04831656 1.93320e-07
1789278528.392 48.847 0.04840129 5.04627e-07
1789278528.402 48.942 0.04850093 1.08479e-06
1789278528.412 49.036 0.04859124 2.01730e-06
1789278528.422 49.130 0.04868250 2.96905e-06
1789278528.432 49.224 0.04878399 3.64911e-06
1789278528.442 49.318 0.04885289 3.27186e-06
1789278528.452 49.412 0.04894508 2.72708e-06
1789278528.462 49.506 0.04904284 1.32987e-06
1789278528.472 49.599 0.04913130 3.89161e-07
1789278528.482 49.692 0.04922628 1.12663e-07
1789278528.492 49.786 0.04930077 7.19104e-08
1789278528.502 49.878 0.04940599 5.26660e-08
1789278528.512 49.971 0.04947675 3.08745e-08
1789278528.522 50.064 0.04956056 3.93647e-08
1789278528.532 50.156 0.04965460 1.41771e-08
1789278528.542 50.248 0.04974678 1.95542e-08
1789278528.552 50.340 0.04983803 1.72901e-08
1789278528.562 50.432 0.04990601 7.38493e-09
1789278528.571 50.524 0.04998608 2.06862e-08
1789278528.581 50.615 0.05009782 8.75780e-10
1789278528.591 50.707 0.05020490 9.93199e-09
1789278528.601 50.798 0.05028312 8.23395e-09
1789278528.611 50.889 0.05035574 -3.65232e-09
1789278528.621 50.980 0.05044886 1.24790e-08
1789278528.631 51.071 0.05054756 -3.93533e-09
1789278528.641 51.161 0.05063508 1.04980e-08
1789278528.651 51.252 0.05070771 1.19130e-08
1789278528.661 51.342 0.05079058 4.27186e-09
1789278528.671 51.432 0.05088183 1.67241e-08
1789278528.681 51.522 0.05097402 1.44179e-09
1789278528.691 51.612 0.05104572 1.33281e-08
1789278528.701 51.701 0.05113976 1.19130e-08
1789278528.711 51.791 0.05124777 1.13470e-08
1789278528.721 51.880 0.05132226 6.39862e-08
1789278528.731 51.969 0.05139489 1.31625e-07
1789278528.741 52.058 0.05145727 2.71147e-07
1789278528.751 52.147 0.05156435 5.36041e-07
1789278528.761 52.236 0.05165002 1.81919e-06
1789278528.771 52.324 0.05174407 5.23904e-06
1789278528.781 52.412 0.05182135 9.81809e-06
1789278528.791 52.501 0.05188187 1.56013e-05
1789278528.801 52.589 0.05199081 1.71989e-05
1789278528.811 52.677 0.05208393 1.30333e-05
1789278528.821 52.765 0.05213235 8.87256e-06
1789278528.831 52.852 0.05220218 2.84934e-06
1789278528.841 52.940 0.05231113 6.79808e-07
1789278528.851 53.027 0.05239865 5.69719e-07
1789278528.861 53.114 0.05250201 5.34909e-07
1789278528.871 53.201 0.05255881 4.52271e-07
1789278528.881 53.288 0.05263423 3.61426e-07
1789278528.891 53.375 0.05274038 2.38318e-07
1789278528.901 53.462 0.05282418 5.86091e-08
1789278528.911 53.548 0.05289867 4.53078e-08
1789278528.921 53.635 0.05296757 6.87973e-08
1789278528.931 53.721 0.05304672 6.56843e-08
1789278528.941 53.807 0.05313984 1.44643e-07
1789278528.951 53.893 0.05321432 1.61340e-07
1789278528.961 53.979 0.05329813 1.78038e-07
1789278528.971 54.064 0.05336238 1.52567e-07
1789278528.981 54.150 0.05344525 7.07784e-08
1789278528.991 54.235 0.05353743 4.04967e-08
1789278529.001 54.321 0.05361565 1.84222e-08
1789278529.011 54.406 0.05371807 4.55486e-09
1789278529.021 54.491 0.05379815 1.78562e-08
1789278529.031 54.576 0.05387729 -2.23729e-09
1789278529.041 54.661 0.05393130 5.68689e-09
1789278529.051 54.745 0.05401697 -3.65232e-09
1789278529.061 54.830 0.05411566 -1.27085e-08
1789278529.071 54.914 0.05416408 8.51695e-09
1789278529.081 54.998 0.05424882 -8.46343e-09
1789278529.091 55.082 0.05435124 8.23395e-09
1789278529.101 55.166 0.05443411 4.55486e-09
1789278529.111 55.250 0.05452071 3.09767e-10
1789278529.121 55.334 0.05457565 2.18183e-08
1789278529.131 55.417 0.05466689 5.96990e-09
1789278529.141 55.501 0.05476746 2.35163e-08
1789278529.151 55.584 0.05485778 1.87052e-08
1789278529.161 55.667 0.05491179 3.62516e-08
1789278529.171 55.751 0.05498255 6.17222e-08
1789278529.181 55.833 0.05507008 5.83261e-08
1789278529.191 55.916 0.05516133 6.70993e-08
1789278529.201 55.999 0.05522278 7.53065e-08
1789278529.211 56.082 0.05530565 3.96236e-07
1789278529.221 56.164 0.05536525 8.37726e-07
1789278529.231 56.246 0.05545091 1.11026e-06
1789278529.241 56.329 0.05552912 1.88230e-06
1789278529.251 56.411 0.05562783 3.64487e-06
1789278529.261 56.493 0.05571535 7.97515e-06
1789278529.271 56.575 0.05576656 1.41891e-05
1789278529.281 56.656 0.05582895 2.43343e-05
1789278529.291 56.738 0.05592020 4.60856e-05
1789278529.301 56.820 0.05600680 7.23778e-05
1789278529.311 56.901 0.05608874 9.58829e-05
1789278529.321 56.982 0.05615950 9.67741e-05
1789278529.331 57.064 0.05623865 7.31346e-05
1789278529.341 57.145 0.05631128 4.44054e-05
1789278529.351 57.226 0.05637366 1.15206e-05
1789278529.361 57.306 0.05647050 5.56195e-06
1789278529.371 57.387 0.05655524 3.46969e-06
1789278529.381 57.468 0.05662414 2.40502e-06
1789278529.391 57.548 0.05669211 1.60722e-06
1789278529.401 57.629 0.05676474 1.37063e-06
1789278529.411 57.709 0.05683644 8.19047e-07
1789278529.421 57.789 0.05691559 5.02646e-07
1789278529.431 57.869 0.05700684 3.97085e-07
1789278529.441 57.949 0.05707388 4.43781e-07
1789278529.451 58.029 0.05713440 4.46045e-07
1789278529.461 58.108 0.05722007 5.72549e-07
1789278529.471 58.188 0.05730666 9.31967e-07
1789278529.481 58.268 0.05738860 1.55005e-06
1789278529.491 58.347 0.05744075 2.08748e-06
1789278529.501 58.426 0.05752641 1.93381e-06
1789278529.511 58.505 0.05760649 1.42185e-06
1789278529.521 58.584 0.05767912 1.06838e-06
1789278529.531 58.663 0.05776664 3.91142e-07
1789278529.541 58.742 0.05784765 1.89641e-07
1789278529.551 58.821 0.05790073 1.23135e-07
1789278529.561 58.900 0.05797801 1.24267e-07
1789278529.571 58.978 0.05806460 9.56829e-08
1789278529.581 59.057 0.05811861 5.80431e-08
1789278529.591 59.135 0.05819217 7.30424e-08
1789278529.601 59.213 0.05827038 3.68176e-08
1789278529.611 59.291 0.05834581 2.83274e-08
1789278529.621 59.369 0.05842961 4.87039e-08
1789278529.631 59.447 0.05850596 3.48365e-08
1789278529.641 59.525 0.05855997 6.05901e-08
1789278529.651 59.603 0.05864377 4.04967e-08
1789278529.661 59.680 0.05872198 3.28555e-08
1789278529.671 59.758 0.05879275 3.71006e-08
1789278529.681 59.835 0.05887097 2.09692e-08
1789278529.691 59.913 0.05893428 4.44588e-08
1789278529.701 59.990 0.05901529 4.36097e-08
1789278529.711 60.067 0.05909817 7.75705e-08
1789278529.721 60.144 0.05917638 1.43794e-07
1789278529.731 60.221 0.05924621 3.09353e-07
1789278529.741 60.298 0.05931233 5.73398e-07
1789278529.751 60.374 0.05938774 7.63578e-07
1789278529.761 60.451 0.05945758 9.95926e-07
1789278529.771 60.528 0.05954511 8.09425e-07
1789278529.781 60.604 0.05960935 6.93110e-07
1789278529.791 60.680 0.05967640 4.46894e-07
1789278529.801 60.757 0.05975182 2.08037e-07
1789278529.811 60.833 0.05982910 9.90790e-08
1789278529.821 60.909 0.05989615 8.54947e-08
1789278529.831 60.985 0.05996598 9.34189e-08
1789278529.841 61.061 0.06004699 1.21436e-07
1789278529.851 61.136 0.06012334 1.85679e-07
1789278529.861 61.212 0.06015128 1.64736e-07
1789278529.871 61.288 0.06023042 1.72661e-07
1789278529.881 61.363 0.06033378 1.72378e-07
1789278529.891 61.438 0.06041386 1.46341e-07
1789278529.901 61.514 0.06046041 2.19923e-07
1789278529.911 61.589 0.06054235 4.93873e-07
1789278529.921 61.664 0.06061870 9.45268e-07
1789278529.931 61.739 0.06070530 1.40798e-06
1789278529.941 61.814 0.06075279 1.44930e-06
1789278529.951 61.889 0.06084031 3.32224e-06
1789278529.961 61.964 0.06090549 4.71972e-06
1789278529.971 62.038 0.06096509 6.55276e-06
1789278529.981 62.113 0.06106379 1.28171e-05
1789278529.991 62.187 0.06110662 2.36928e-05
1789278530.001 62.262 0.06116342 5.22640e-05
1789278530.011 62.336 0.06123605 7.56983e-05
1789278530.021 62.410 0.06132451 8.59038e-05
1789278530.031 62.484 0.06140831 1.12929e-04
1789278530.041 62.558 0.06146790 1.07629e-04
1789278530.051 62.632 0.06152377 8.80365e-05
1789278530.061 62.706 0.06159081 5.46036e-05
1789278530.071 62.780 0.06166158 2.78830e-05
1789278530.081 62.854 0.06176493 1.19477e-05
1789278530.091 62.927 0.06181521 5.38649e-06
1789278530.101 63.001 0.06185712 3.54072e-06
1789278530.111 63.074 0.06193998 2.09201e-06
1789278530.121 63.147 0.06204055 2.12484e-06
1789278530.131 63.221 0.06210852 1.75184e-06
1789278530.141 63.294 0.06216998 1.30101e-06
1789278530.151 63.367 0.06225191 1.12781e-06
1789278530.161 63.440 0.06230965 8.68290e-07
1789278530.171 63.513 0.06235341 6.80940e-07
1789278530.181 63.586 0.06245863 6.58300e-07
1789278530.191 63.659 0.06252660 4.46611e-07
1789278530.201 63.731 0.06258154 5.67738e-07
1789278530.211 63.804 0.06264392 5.56983e-07
1789278530.221 63.876 0.06271003 5.49342e-07
1789278530.231 63.949 0.06280221 3.93972e-07
1789278530.241 64.021 0.06286367 2.25300e-07
1789278530.251 64.093 0.06293630 1.40681e-07
1789278530.261 64.166 0.06299124 1.36719e-07
1789278530.271 64.238 0.06307504 1.20588e-07
1789278530.281 64.310 0.06313928 8.29476e-08
1789278530.291 64.382 0.06319236 9.99280e-08
1789278530.301 64.453 0.06325940 5.91751e-08
1789278530.311 64.525 0.06334134 5.54960e-08
1789278530.321 64.597 0.06340094 7.19104e-08
1789278530.331 64.669 0.06346425 5.71941e-08
1789278530.340 64.740 0.06355085 8.86078e-08
1789278530.350 64.812 0.06360113 8.52117e-08
1789278530.360 64.883 0.06365700 1.08984e-07
1789278530.370 64.954 0.06375197 1.46341e-07
1789278530.380 65.025 0.06382274 2.00395e-07
1789278530.390 65.097 0.06387116 4.54252e-07
1789278530.400 65.168 0.06394658 7.63295e-07
1789278530.410 65.239 0.06401269 1.09413e-06
1789278530.420 65.310 0.06408997 1.88004e-06
1789278530.430 65.380 0.06416726 2.28446e-06
1789278530.440 65.451 0.06422033 2.42596e-06
1789278530.450 65.522 0.06426969 2.15342e-06
1789278530.460 65.592 0.06433766 1.76259e-06
1789278530.470 65.663 0.06440284 1.29337e-06
1789278530.480 65.733 0.06447453 7.52824e-07
1789278530.490 65.804 0.06454437 3.70482e-07
1789278530.500 65.874 0.06461607 2.04357e-07
1789278530.510 65.944 0.06468217 1.90490e-07
1789278530.520 66.014 0.06476412 1.92188e-07
1789278530.530 66.085 0.06481439 1.99546e-07
1789278530.540 66.155 0.06487585 2.58412e-07
1789278530.550 66.225 0.06495872 3.36238e-07
1789278530.560 66.294 0.06500435 4.03877e-07
1789278530.570 66.364 0.06504718 5.23589e-07
1789278530.580 66.434 0.06511701 5.48776e-07
1789278530.590 66.504 0.06519430 6.35659e-07
1789278530.600 66.573 0.06530045 5.84718e-07
1789278530.610 66.643 0.06536191 7.15467e-07
1789278530.620 66.712 0.06541498 5.98302e-07
1789278530.630 66.781 0.06546619 5.09721e-07
1789278530.640 66.851 0.06552951 5.36041e-07
1789278530.650 66.920 0.06560772 3.09919e-07
1789278530.660 66.989 0.06568873 2.10301e-07
1789278530.670 67.058 0.06574367 1.55680e-07
1789278530.680 67.127 0.06582002 8.69097e-08
1789278530.690 67.196 0.06587775 1.03041e-07
1789278530.700 67.265 0.06593921 7.02124e-08
1789278530.710 67.334 0.06600252 8.49287e-08
1789278530.720 67.402 0.06605746 6.05901e-08
1789278530.730 67.471 0.06614871 2.54973e-08
1789278530.740 67.539 0.06620179 3.90816e-08
1789278530.750 67.608 0.06627628 1.07810e-08
1789278530.760 67.676 0.06633680 3.51196e-08
1789278530.770 67.745 0.06638802 3.79496e-08
1789278530.780 67.813 0.06644854 3.51196e-08
1789278530.790 67.881 0.06649975 3.59686e-08
1789278530.800 67.949 0.06657238 3.28555e-08
1789278530.810 68.018 0.06664408 4.24777e-08
1789278530.820 68.086 0.06670739 6.39862e-08
1789278530.830 68.154 0.06677164 9.45509e-08
1789278530.840 68.221 0.06685265 1.52567e-07
1789278530.850 68.289 0.06692621 1.47473e-07
1789278530.860 68.357 0.06699791 1.93037e-07
1789278530.870 68.425 0.06706774 2.12282e-07
1789278530.880 68.492 0.06711150 2.13697e-07
1789278530.890 68.560 0.06717482 1.90490e-07
1789278530.900 68.627 0.06725211 1.81717e-07
1789278530.910 68.695 0.06731542 1.80302e-07
1789278530.920 68.762 0.06734987 1.82000e-07
1789278530.930 68.829 0.06740295 1.46341e-07
1789278530.940 68.897 0.06747744 2.21055e-07
1789278530.950 68.964 0.06755845 3.02844e-07
1789278530.960 69.031 0.06762828 5.60380e-07
1789278530.970 69.098 0.06768509 6.45564e-07
1789278530.980 69.165 0.06775212 8.23293e-07
1789278530.990 69.232 0.06781265 1.54524e-06
1789278531.000 69.299 0.06787410 1.79231e-06
1789278531.010 69.365 0.06791973 2.26295e-06
1789278531.020 69.432 0.06798863 3.29649e-06
1789278531.030 69.499 0.06808082 6.40616e-06
1789278531.040 69.565 0.06813575 9.49886e-06
1789278531.050 69.632 0.06818696 1.44523e-05
1789278531.060 69.698 0.06824004 1.88440e-05
1789278531.070 69.765 0.06831174 3.59184e-05
1789278531.080 69.831 0.06840764 6.83254e-05
1789278531.090 69.897 0.06844582 9.68910e-05
1789278531.100 69.963 0.06850634 1.20290e-04
1789278531.110 70.029 0.06857339 1.56792e-04
1789278531.120 70.095 0.06863018 1.59323e-04
1789278531.130 70.161 0.06868978 1.47644e-04
1789278531.140 70.227 0.06875589 1.21329e-04
1789278531.150 70.293 0.06882293 9.02655e-05
1789278531.160 70.359 0.06888904 5.98777e-05
1789278531.170 70.425 0.06896167 3.17828e-05
1789278531.180 70.491 0.06901475 1.69264e-05
1789278531.190 70.556 0.06907247 8.49786e-06
1789278531.200 70.622 0.06912090 6.88671e-06
1789278531.210 70.687 0.06919538 4.97415e-06
1789278531.220 70.753 0.06926522 3.68902e-06
1789278531.230 70.818 0.06932946 3.38280e-06
1789278531.240 70.883 0.06939372 2.86886e-06
1789278531.250 70.949 0.06943282 2.87622e-06
1789278531.260 71.014 0.06948404 2.37671e-06
1789278531.270 71.079 0.06954921 2.23748e-06
1789278531.280 71.144 0.06962370 1.67344e-06
1789278531.290 71.209 0.06967771 1.33723e-06
1789278531.300 71.274 0.06972892 1.25318e-06
1789278531.310 71.339 0.06983135 1.10715e-06
1789278531.320 71.404 0.06989467 9.81776e-07
1789278531.330 71.469 0.06996078 8.76781e-07
1789278531.340 71.534 0.07001292 7.66691e-07
1789278531.350 71.598 0.07007903 7.47447e-07
1789278531.360 71.663 0.07013024 6.62262e-07
1789278531.370 71.727 0.07018239 7.27070e-07
1789278531.380 71.792 0.07024384 5.97736e-07
1789278531.390 71.856 0.07030809 5.76511e-07
1789278531.400 71.921 0.07035558 4.52837e-07
1789278531.410 71.985 0.07042448 4.27083e-07
1789278531.420 72.049 0.07048780 3.64539e-07
1789278531.430 72.114 0.07054273 2.94637e-07
1789278531.440 72.178 0.07063212 2.33790e-07
1789278531.450 72.242 0.07069451 1.58227e-07
1789278531.460 72.306 0.07075038 1.56529e-07
1789278531.470 72.370 0.07079228 1.40964e-07
1789278531.480 72.434 0.07085373 9.08718e-08
1789278531.490 72.498 0.07091426 1.11248e-07
1789278531.500 72.561 0.07096640 8.52117e-08
1789278531.510 72.625 0.07102786 1.19738e-07
1789278531.520 72.689 0.07109956 1.73510e-07
1789278531.530 72.753 0.07115263 1.79170e-07
1789278531.540 72.816 0.07121874 1.99829e-07
1789278531.550 72.880 0.07128671 1.64736e-07
1789278531.560 72.943 0.07133141 1.81151e-07
1789278531.570 73.007 0.07140403 1.79453e-07
1789278531.580 73.070 0.07146177 1.93886e-07
1789278531.590 73.133 0.07151763 2.92655e-07
1789278531.600 73.197 0.07158188 3.01429e-07
1789278531.610 73.260 0.07162099 3.17843e-07
1789278531.620 73.323 0.07167220 3.21239e-07
1789278531.630 73.386 0.07175601 2.92372e-07
1789278531.640 73.449 0.07181653 3.62558e-07
1789278531.650 73.512 0.07186401 5.01797e-07
1789278531.660 73.575 0.07195806 5.94057e-07
1789278531.670 73.638 0.07202696 7.22825e-07
1789278531.680 73.701 0.07208748 8.02633e-07
1789278531.690 73.764 0.07212194 9.95643e-07
1789278531.700 73.826 0.07218712 8.55555e-07
1789278531.710 73.889 0.07224112 9.72720e-07
1789278531.720 73.952 0.07231003 9.66494e-07
1789278531.730 74.014 0.07237241 7.21976e-07
1789278531.740 74.077 0.07241618 5.89812e-07
1789278531.750 74.139 0.07247670 5.77643e-07
1789278531.760 74.202 0.07253164 4.58780e-07
1789278531.770 74.264 0.07259216 4.15480e-07
1789278531.780 74.326 0.07264524 4.36706e-07
1789278531.790 74.388 0.07269179 4.89345e-07
1789278531.800 74.451 0.07274953 5.19344e-07
1789278531.810 74.513 0.07282401 5.30098e-07
1789278531.820 74.575 0.07286871 5.39720e-07
1789278531.830 74.637 0.07293203 5.27834e-07
1789278531.840 74.699 0.07300000 4.93873e-07
1789278531.850 74.761 0.07306145 3.77840e-07
1789278531.860 74.823 0.07310615 3.51804e-07
1789278531.870 74.885 0.07316481 3.13032e-07
1789278531.880 74.946 0.07323651 2.49072e-07
1789278531.890 75.008 0.07328586 2.32658e-07
1789278531.900 75.070 0.07335849 2.15112e-07
1789278531.910 75.131 0.07341436 2.13980e-07
1789278531.920 75.193 0.07348605 1.81717e-07
1789278531.930 75.255 0.07355030 2.74543e-07
1789278531.940 75.316 0.07361548 3.24069e-07
1789278531.950 75.378 0.07365924 3.66520e-07
1789278531.960 75.439 0.07367507 5.57833e-07
1789278531.970 75.500 0.07374305 1.03413e-06
1789278531.980 75.562 0.07381660 1.44308e-06
1789278531.990 75.623 0.07388458 2.13814e-06
1789278532.000 75.684 0.07395720 2.66680e-06
1789278532.010 75.745 0.07399818 3.37743e-06
1789278532.020 75.806 0.07406708 3.41818e-06
1789278532.030 75.867 0.07413226 3.86646e-06
1789278532.040 75.928 0.07418347 3.86590e-06
1789278532.050 75.989 0.07424958 3.50336e-06
1789278532.060 76.050 0.07430452 2.72028e-06
1789278532.070 76.111 0.07433990 2.23295e-06
1789278532.080 76.172 0.07440788 1.62194e-06
1789278532.089 76.232 0.07446840 8.61215e-07
1789278532.099 76.293 0.07452427 4.76044e-07
1789278532.109 76.354 0.07458758 3.60860e-07
1789278532.119 76.414 0.07464159 3.13881e-07
1789278532.129 76.475 0.07470770 3.02278e-07
1789278532.139 76.535 0.07474960 3.24069e-07
1789278532.149 76.596 0.07481105 3.39634e-07
1789278532.159 76.656 0.07486041 3.37936e-07
1789278532.169 76.717 0.07493769 3.03693e-07
1789278532.179 76.777 0.07499821 3.09070e-07
1789278532.189 76.837 0.07503266 3.85198e-07
1789278532.199 76.897 0.07509226 3.67935e-07
1789278532.209 76.958 0.07517419 3.29163e-07
1789278532.219 77.018 0.07523286 2.88410e-07
1789278532.229 77.078 0.07528128 2.77373e-07
1789278532.239 77.138 0.07533901 2.65770e-07
1789278532.249 77.198 0.07539115 1.44360e-07
1789278532.259 77.258 0.07544981 1.82000e-07
1789278532.269 77.318 0.07552337 2.18508e-07
1789278532.279 77.377 0.07558576 1.65019e-07
1789278532.289 77.437 0.07561648 1.71812e-07
1789278532.299 77.497 0.07567049 1.69831e-07
1789278532.309 77.557 0.07571146 1.65869e-07
1789278532.319 77.616 0.07578781 1.68133e-07
1789278532.329 77.676 0.07584369 1.90773e-07
1789278532.339 77.736 0.07589676 2.87561e-07
1789278532.349 77.795 0.07596473 3.14730e-07
1789278532.359 77.855 0.07603177 3.63124e-07
1789278532.369 77.914 0.07605971 4.98684e-07
1789278532.379 77.973 0.07609881 6.00849e-07
1789278532.389 78.033 0.07617889 5.56700e-07
1789278532.399 78.092 0.07624128 5.40003e-07
1789278532.409 78.151 0.07627666 5.43399e-07
1789278532.419 78.210 0.07634929 4.68968e-07
1789278532.429 78.270 0.07641447 5.90095e-07
1789278532.439 78.329 0.07646847 4.85666e-07
1789278532.449 78.388 0.07651038 4.95571e-07
1789278532.459 78.447 0.07656810 4.37838e-07
1789278532.469 78.506 0.07662956 4.98401e-07
1789278532.479 78.565 0.07668636 5.14816e-07
1789278532.489 78.624 0.07673478 5.46229e-07
1789278532.499 78.683 0.07678692 4.86515e-07
1789278532.509 78.741 0.07684745 4.51422e-07
1789278532.519 78.800 0.07691262 3.83784e-07
1789278532.529 78.859 0.07696291 3.17843e-07
1789278532.539 78.918 0.07701226 2.46525e-07
1789278532.549 78.976 0.07706626 2.24168e-07
1789278532.559 79.035 0.07712678 2.41148e-07
1789278532.569 79.093 0.07717800 2.17942e-07
1789278532.579 79.152 0.07723480 2.45959e-07
1789278532.589 79.210 0.07729160 1.91339e-07
1789278532.599 79.269 0.07734281 2.04357e-07
1789278532.609 79.327 0.07739589 2.07188e-07
1789278532.619 79.385 0.07745268 1.61623e-07
1789278532.629 79.444 0.07750948 1.36153e-07
1789278532.639 79.502 0.07757745 1.56529e-07
1789278532.649 79.560 0.07762681 1.15493e-07
1789278532.659 79.618 0.07768547 1.43794e-07
1789278532.669 79.676 0.07773109 1.52850e-07
1789278532.679 79.734 0.07779161 1.55397e-07
1789278532.689 79.792 0.07785214 2.30111e-07
1789278532.699 79.850 0.07791639 2.45393e-07
1789278532.709 79.908 0.07796015 2.79071e-07
1789278532.719 79.966 0.07801602 2.41714e-07
1789278532.729 80.024 0.07807189 3.74727e-07
1789278532.739 80.082 0.07814638 5.40852e-07
1789278532.749 80.140 0.07820690 7.04430e-07
1789278532.759 80.198 0.07822459 9.21496e-07
1789278532.769 80.255 0.07827022 1.10488e-06
1789278532.779 80.313 0.07832981 1.59392e-06
1789278532.789 80.370 0.07841455 2.11522e-06
1789278532.799 80.428 0.07847786 2.77717e-06
1789278532.809 80.486 0.07851604 3.87439e-06
1789278532.819 80.543 0.07857842 4.20720e-06
1789278532.829 80.601 0.07863522 7.27499e-06
1789278532.839 80.658 0.07866502 1.04831e-05
1789278532.849 80.715 0.07871996 1.51352e-05
1789278532.859 80.773 0.07878607 2.23391e-05
1789278532.869 80.830 0.07883914 2.96696e-05
1789278532.879 80.887 0.07889501 4.24272e-05
1789278532.889 80.944 0.07895833 7.09223e-05
1789278532.899 81.002 0.07899185 9.42867e-05
1789278532.909 81.059 0.07904772 1.22393e-04
1789278532.919 81.116 0.07910451 1.46975e-04
1789278532.929 81.173 0.07914641 1.50542e-04
1789278532.939 81.230 0.07922370 1.52771e-04
1789278532.949 81.287 0.07927864 1.55947e-04
1789278532.959 81.344 0.07932985 1.30141e-04
1789278532.969 81.401 0.07938479 1.32527e-04
1789278532.979 81.457 0.07943134 1.14094e-04
1789278532.989 81.514 0.07947790 9.20006e-05
1789278532.999 81.571 0.07954680 6.08764e-05
1789278533.009 81.628 0.07960081 4.27405e-05
1789278533.019 81.684 0.07964550 2.33127e-05
1789278533.029 81.741 0.07968275 1.69170e-05
1789278533.039 81.798 0.07974793 1.11816e-05
1789278533.049 81.854 0.07980846 9.73064e-06
1789278533.059 81.911 0.07988201 7.99892e-06
1789278533.069 81.967 0.07993136 7.30329e-06
1789278533.079 82.024 0.07997792 6.59068e-06
1789278533.089 82.080 0.08003658 5.86986e-06
1789278533.099 82.137 0.08008034 5.11678e-06
1789278533.109 82.193 0.08012690 4.33342e-06
1789278533.119 82.249 0.08019022 4.11607e-06
1789278533.129 82.305 0.08024888 3.86278e-06
1789278533.139 82.362 0.08029451 3.43969e-06
1789278533.149 82.418 0.08031406 3.37912e-06
1789278533.159 82.474 0.08038296 2.88839e-06
1789278533.169 82.530 0.08045280 2.56690e-06
1789278533.179 82.586 0.08049284 2.57991e-06
1789278533.189 82.642 0.08056360 2.20069e-06
1789278533.199 82.698 0.08061295 2.03682e-06
1789278533.209 82.754 0.08066509 1.87664e-06
1789278533.219 82.810 0.08074424 1.87636e-06
1789278533.229 82.866 0.08077124 1.46628e-06
1789278533.239 82.922 0.08080570 1.62137e-06
1789278533.249 82.978 0.08087739 1.50817e-06
1789278533.259 83.033 0.08091744 1.48128e-06
1789278533.269 83.089 0.08099006 1.35704e-06
1789278533.279 83.145 0.08103290 1.26337e-06
1789278533.289 83.200 0.08107200 8.66310e-07
1789278533.299 83.256 0.08114184 1.18752e-06
1789278533.309 83.312 0.08121260 1.24327e-06
1789278533.319 83.367 0.08125823 8.81592e-07
1789278533.329 83.423 0.08132154 9.67060e-07
1789278533.339 83.478 0.08137183 7.83955e-07
1789278533.349 83.534 0.08141652 8.36028e-07
1789278533.359 83.589 0.08145376 7.53390e-07
1789278533.369 83.644 0.08149381 6.45564e-07
1789278533.379 83.700 0.08155153 6.05377e-07
1789278533.389 83.755 0.08161206 4.35857e-07
1789278533.399 83.810 0.08167537 4.40385e-07
1789278533.409 83.865 0.08171262 4.32178e-07
1789278533.419 83.921 0.08176104 3.67935e-07
1789278533.429 83.976 0.08182436 3.05108e-07
1789278533.439 84.031 0.08188954 3.93972e-07
1789278533.449 84.086 0.08195192 3.18409e-07
1789278533.459 84.141 0.08199941 2.95485e-07
1789278533.469 84.196 0.08202642 3.60860e-07
1789278533.479 84.251 0.08206552 3.31144e-07
1789278533.489 84.306 0.08213536 3.54068e-07
1789278533.499 84.361 0.08219402 3.15579e-07
1789278533.509 84.415 0.08223872 2.70298e-07
1789278533.519 84.470 0.08229179 2.57846e-07
1789278533.529 84.525 0.08234486 1.94735e-07
1789278533.539 84.580 0.08237838 1.75774e-07
1789278533.549 84.635 0.08243611 1.23984e-07
1789278533.559 84.689 0.08251805 1.20305e-07
1789278533.569 84.744 0.08257858 8.63437e-08
1789278533.579 84.798 0.08261768 1.22286e-07
1789278533.589 84.853 0.08267356 1.11814e-07
1789278533.599 84.908 0.08270707 8.01176e-08
1789278533.609 84.962 0.08275270 1.11248e-07
1789278533.619 85.017 0.08280391 1.03607e-07
1789278533.629 85.071 0.08285605 9.22869e-08
1789278533.639 85.125 0.08290634 8.29476e-08
1789278533.649 85.180 0.08296779 8.60607e-08
1789278533.659 85.234 0.08301528 1.11531e-07
1789278533.669 85.288 0.08306463 1.04456e-07
1789278533.679 85.343 0.08312329 6.82313e-08
1789278533.689 85.397 0.08316426 1.08135e-07
1789278533.699 85.451 0.08323596 9.25699e-08
1789278533.709 85.505 0.08327320 1.20022e-07
1789278533.719 85.559 0.08332162 1.27663e-07
1789278533.729 85.613 0.08337377 1.58227e-07
1789278533.739 85.667 0.08343894 2.01244e-07
1789278533.749 85.721 0.08348364 2.28413e-07
1789278533.759 85.775 0.08353113 3.16145e-07
1789278533.769 85.829 0.08358420 3.99632e-07
1789278533.779 85.883 0.08362517 5.42833e-07
1789278533.789 85.937 0.08366242 7.19146e-07
1789278533.799 85.991 0.08373411 9.32533e-07
1789278533.809 86.045 0.08377043 8.98006e-07
1789278533.819 86.099 0.08383002 1.36780e-06
1789278533.829 86.152 0.08388216 1.71024e-06
1789278533.839 86.206 0.08393990 1.86362e-06
1789278533.849 86.260 0.08400787 2.04673e-06
1789278533.858 86.313 0.08406374 1.92872e-06
1789278533.868 86.367 0.08409353 2.00598e-06
1789278533.878 86.421 0.08415033 1.89645e-06
1789278533.888 86.474 0.08420992 1.73259e-06
1789278533.898 86.528 0.08426207 1.57666e-06
1789278533.908 86.581 0.08431328 1.35817e-06
1789278533.918 86.635 0.08436170 1.05196e-06
1789278533.928 86.688 0.08440825 7.52258e-07
1789278533.938 86.741 0.08444737 5.57833e-07
1789278533.948 86.795 0.08450137 4.01613e-07
1789278533.958 86.848 0.08455352 2.76807e-07
1789278533.968 86.901 0.08460845 2.19074e-07
1789278533.978 86.955 0.08465873 1.87377e-07
1789278533.988 87.008 0.08471460 1.67001e-07
1789278533.998 87.061 0.08476675 1.36153e-07
1789278534.008 87.114 0.08480771 1.49737e-07
1789278534.018 87.167 0.08485241 1.42096e-07
1789278534.028 87.220 0.08489710 1.29644e-07
1789278534.038 87.273 0.08492597 1.35304e-07
1789278534.048 87.326 0.08499674 1.17191e-07
1789278534.058 87.379 0.08503305 1.32191e-07
1789278534.068 87.432 0.08510382 1.26531e-07
1789278534.078 87.485 0.08516061 1.06437e-07
1789278534.088 87.538 0.08520530 9.87960e-08
1789278534.098 87.591 0.08526956 7.70045e-08
1789278534.108 87.644 0.08531518 9.17209e-08
1789278534.118 87.697 0.08535708 6.82313e-08
1789278534.128 87.749 0.08541574 5.71941e-08
1789278534.138 87.802 0.08546323 5.94581e-08
1789278534.148 87.855 0.08549582 4.53078e-08
1789278534.158 87.907 0.08554983 5.91751e-08
1789278534.168 87.960 0.08561594 4.53078e-08
1789278534.178 88.013 0.08567646 4.64398e-08
1789278534.188 88.065 0.08570346 5.12509e-08
1789278534.198 88.118 0.08576492 3.76666e-08
1789278534.208 88.170 0.08579192 5.66280e-08
1789278534.218 88.223 0.08585337 4.30437e-08
1789278534.228 88.275 0.08592135 4.24777e-08
1789278534.238 88.328 0.08596139 4.92699e-08
1789278534.248 88.380 0.08600701 3.87986e-08
1789278534.258 88.432 0.08604240 5.94581e-08
1789278534.268 88.485 0.08610478 4.33268e-08
1789278534.278 88.537 0.08616344 4.30437e-08
1789278534.288 88.589 0.08619604 5.06849e-08
1789278534.298 88.642 0.08626587 3.51196e-08
1789278534.308 88.694 0.08633012 4.98359e-08
1789278534.318 88.746 0.08636084 3.90816e-08
1789278534.328 88.798 0.08639064 3.99307e-08
1789278534.338 88.850 0.08643999 4.50248e-08
1789278534.348 88.902 0.08650051 3.56856e-08
1789278534.358 88.954 0.08654987 5.04019e-08
1789278534.368 89.006 0.08660294 4.07797e-08
1789278534.378 89.058 0.08666160 4.19117e-08
1789278534.388 89.110 0.08671467 5.43640e-08
1789278534.398 89.162 0.08675937 4.58738e-08
1789278534.408 89.214 0.08681431 5.71941e-08
1789278534.418 89.266 0.08688042 5.06849e-08
1789278534.428 89.318 0.08692418 6.82313e-08
1789278534.438 89.370 0.08696608 9.11548e-08
1789278534.448 89.421 0.08699960 7.19104e-08
1789278534.458 89.473 0.08704337 1.01626e-07
1789278534.468 89.525 0.08710203 9.65320e-08
1789278534.478 89.577 0.08715603 1.00494e-07
1789278534.488 89.628 0.08719421 9.90790e-08
1789278534.498 89.680 0.08722028 8.66267e-08
1789278534.508 89.732 0.08729011 9.62489e-08
1789278534.518 89.783 0.08732829 9.45509e-08
1789278534.528 89.835 0.08737019 7.53065e-08
1789278534.538 89.886 0.08742886 8.71927e-08
1789278534.548 89.938 0.08748100 5.71941e-08
1789278534.558 89.989 0.08754246 6.85143e-08
1789278534.568 90.040 0.08759553 4.47418e-08
1789278534.578 90.092 0.08763836 4.50248e-08
1789278534.588 90.143 0.08766909 4.70058e-08
1789278534.598 90.195 0.08771006 2.40823e-08
1789278534.608 90.246 0.08779293 3.73836e-08
1789278534.618 90.297 0.08785532 2.46483e-08
1789278534.628 90.348 0.08786463 3.39875e-08
1789278534.638 90.400 0.08792329 4.13457e-08
1789278534.648 90.451 0.08799685 2.83274e-08
1789278534.658 90.502 0.08800988 4.67228e-08
1789278534.668 90.553 0.08805365 3.82326e-08
1789278534.678 90.604 0.08812348 5.12509e-08
1789278534.688 90.655 0.08816631 6.56843e-08
1789278534.698 90.706 0.08820635 5.35150e-08
1789278534.708 90.757 0.08823894 8.37967e-08
1789278534.718 90.808 0.08831437 7.70045e-08
1789278534.728 90.859 0.08838885 8.94568e-08
1789278534.738 90.910 0.08844193 9.11548e-08
1789278534.748 90.961 0.08846800 8.26646e-08
1789278534.758 91.012 0.08851269 9.73810e-08
1789278534.768 91.063 0.08856391 8.20986e-08
1789278534.778 91.114 0.08861699 8.26646e-08
1789278534.788 91.164 0.08865982 8.91738e-08
1789278534.798 91.215 0.08870730 6.62503e-08
1789278534.808 91.266 0.08875107 8.40797e-08
1789278534.818 91.317 0.08879855 6.65333e-08
1789278534.828 91.367 0.08883300 5.88921e-08
1789278534.838 91.418 0.08886467 5.86091e-08
1789278534.848 91.469 0.08892891 3.51196e-08
1789278534.858 91.519 0.08897920 4.38928e-08
1789278534.868 91.570 0.08903785 3.00254e-08
1789278534.878 91.620 0.08909186 3.25725e-08
1789278534.888 91.671 0.08914959 3.42705e-08
1789278534.898 91.721 0.08919708 1.98372e-08
1789278534.908 91.772 0.08923991 3.45536e-08
1789278534.918 91.822 0.08927716 2.32333e-08
1789278534.928 91.873 0.08932465 2.83274e-08
1789278534.938 91.923 0.08936096 3.45536e-08
1789278534.948 91.973 0.08940938 2.32333e-08
1789278534.958 92.024 0.08947363 4.41758e-08
1789278534.968 92.074 0.08950436 3.59686e-08
1789278534.978 92.124 0.08954905 4.50248e-08
1789278534.988 92.174 0.08959188 4.64398e-08
1789278534.998 92.225 0.08964682 4.19117e-08
1789278535.008 92.275 0.08971479 6.68163e-08
1789278535.018 92.325 0.08975576 6.51182e-08
1789278535.028 92.375 0.08980232 7.92686e-08
1789278535.038 92.425 0.08984050 8.66267e-08
1789278535.048 92.475 0.08989822 9.48339e-08
1789278535.058 92.525 0.08995223 1.40115e-07
1789278535.068 92.575 0.08999041 1.48605e-07
1789278535.078 92.625 0.09002765 1.85113e-07
1789278535.088 92.675 0.09008538 2.69449e-07
1789278535.098 92.725 0.09013380 3.01146e-07
1789278535.108 92.775 0.09018502 4.55667e-07
1789278535.118 92.825 0.09024926 5.35475e-07
1789278535.128 92.875 0.09028278 6.95940e-07
1789278535.138 92.925 0.09031537 1.07177e-06
1789278535.148 92.974 0.09036286 1.16884e-06
1789278535.158 93.024 0.09042338 1.39610e-06
1789278535.168 93.074 0.09046249 1.67542e-06
1789278535.178 93.124 0.09051091 1.82400e-06
1789278535.188 93.173 0.09054350 2.59803e-06
1789278535.198 93.223 0.09059937 2.97074e-06
1789278535.208 93.273 0.09065337 3.20932e-06
1789278535.218 93.322 0.09071856 3.40686e-06
1789278535.228 93.372 0.09077908 3.42554e-06
1789278535.238 93.421 0.09080235 3.59930e-06
1789278535.248 93.471 0.09084333 3.54525e-06
1789278535.258 93.520 0.09088616 3.41790e-06
1789278535.268 93.570 0.09095134 3.21073e-06
1789278535.278 93.619 0.09097182 3.03386e-06
1789278535.288 93.669 0.09100907 2.59378e-06
1789278535.298 93.718 0.09105376 2.47916e-06
1789278535.308 93.768 0.09110032 1.97202e-06
1789278535.318 93.817 0.09117667 1.67910e-06
1789278535.328 93.866 0.09120647 1.31969e-06
1789278535.338 93.916 0.09122881 1.04206e-06
1789278535.348 93.965 0.09127724 7.79709e-07
1789278535.358 94.014 0.09135638 6.66790e-07
1789278535.368 94.063 0.09141504 4.72364e-07
1789278535.378 94.113 0.09144111 4.48026e-07
1789278535.388 94.162 0.09148581 3.60011e-07
1789278535.398 94.211 0.09154075 3.02278e-07
1789278535.408 94.260 0.09160220 2.62091e-07
1789278535.418 94.309 0.09164969 2.07754e-07
1789278535.428 94.358 0.09168135 1.89358e-07
1789278535.438 94.407 0.09175584 1.74642e-07
1789278535.448 94.456 0.09179122 1.45492e-07
1789278535.458 94.505 0.09182194 1.41247e-07
1789278535.468 94.554 0.09187782 1.06720e-07
1789278535.478 94.603 0.09191320 1.00211e-07
1789278535.488 94.652 0.09193369 9.90790e-08
1789278535.498 94.701 0.09199700 6.87973e-08
1789278535.508 94.750 0.09204449 7.33254e-08
1789278535.518 94.799 0.09207149 4.70058e-08
1789278535.528 94.847 0.09209943 5.63450e-08
1789278535.538 94.896 0.09215250 4.72888e-08
1789278535.548 94.945 0.09222699 2.77614e-08
1789278535.558 94.994 0.09229217 4.27607e-08
1789278535.568 95.042 0.09234338 1.95542e-08
1789278535.578 95.091 0.09238808 2.35163e-08
1789278535.588 95.140 0.09241694 1.81392e-08
1789278535.597 95.188 0.09244767 2.57382e-09
1789278535.607 95.237 0.09251285 1.72901e-08
1789278535.617 95.286 0.09256685 3.09767e-10
1789278535.627 95.334 0.09259292 3.98885e-09
1789278535.637 95.383 0.09266090 2.00781e-09
1789278535.647 95.431 0.09271211 -1.41236e-08
1789278535.657 95.480 0.09275029 -3.36932e-09
1789278535.667 95.528 0.09278101 -2.65758e-08
1789278535.677 95.577 0.09284620 -1.83687e-08
1789278535.687 95.625 0.09289834 -2.14817e-08
1789278535.697 95.673 0.09294583 -3.84621e-08
1789278535.707 95.722 0.09298587 -2.60098e-08
1789278535.717 95.770 0.09301845 -4.80843e-08
1789278535.727 95.819 0.09304918 -4.41222e-08
1789278535.737 95.867 0.09309388 -4.86503e-08
1789278535.747 95.915 0.09314975 -6.47816e-08
1789278535.757 95.963 0.09320561 -5.31784e-08
1789278535.767 96.012 0.09325403 -8.28940e-08
1789278535.777 96.060 0.09328476 -7.75169e-08
1789278535.787 96.108 0.09334528 -9.27992e-08
1789278535.797 96.156 0.09340022 -1.05817e-07
1789278535.807 96.204 0.09344678 -8.65731e-08
1789278535.817 96.252 0.09350637 -1.16006e-07
1789278535.827 96.300 0.09352685 -1.07798e-07
1789278535.837 96.348 0.09358644 -1.24496e-07
1789278535.847 96.396 0.09364138 -1.36382e-07
1789278535.857 96.444 0.09367770 -1.10346e-07
1789278535.867 96.492 0.09371029 -1.39778e-07
1789278535.877 96.540 0.09375312 -1.19402e-07
1789278535.887 96.588 0.09378198 -1.17421e-07
1789278535.897 96.636 0.09386486 -1.19402e-07
1789278535.907 96.684 0.09390582 -8.94031e-08
1789278535.917 96.732 0.09393935 -9.67613e-08
1789278535.927 96.780 0.09398497 -7.89319e-08
1789278535.937 96.828 0.09403153 -7.04417e-08
1789278535.947 96.875 0.09408740 -6.36496e-08
1789278535.957 96.923 0.09411905 -2.94059e-08
1789278535.967 96.971 0.09416841 -4.15751e-08
1789278535.977 97.019 0.09421031 -1.72366e-08
1789278535.987 97.066 0.09427735 -1.10526e-09
1789278535.997 97.114 0.09430994 -3.36932e-09
1789278536.007 97.162 0.09435464 1.72901e-08
1789278536.017 97.209 0.09441329 7.38493e-09
1789278536.027 97.257 0.09444402 2.01202e-08
1789278536.037 97.305 0.09446916 2.54973e-08
1789278536.047 97.352 0.09452224 2.37993e-08
1789278536.057 97.400 0.09456134 4.04967e-08
1789278536.067 97.447 0.09462187 2.29503e-08
1789278536.077 97.495 0.09466656 3.56856e-08
1789278536.087 97.542 0.09471871 3.62516e-08
1789278536.097 97.590 0.09476806 3.25725e-08
1789278536.107 97.637 0.09481089 4.67228e-08
1789278536.117 97.684 0.09483603 1.95542e-08
1789278536.127 97.732 0.09486862 4.27607e-08
1789278536.137 97.779 0.09493473 3.87986e-08
1789278536.147 97.826 0.09499898 3.28555e-08
1789278536.157 97.874 0.09504367 4.78548e-08
1789278536.167 97.921 0.09507347 3.99307e-08
1789278536.177 97.968 0.09509209 5.09679e-08
1789278536.187 98.016 0.09515075 7.44575e-08
1789278536.197 98.063 0.09521686 7.33254e-08
1789278536.207 98.110 0.09524387 1.04456e-07
1789278536.217 98.157 0.09529042 1.01343e-07
1789278536.227 98.204 0.09534350 1.41247e-07
1789278536.237 98.251 0.09539285 1.66435e-07
1789278536.247 98.298 0.09542171 1.95584e-07
1789278536.257 98.346 0.09544220 2.37752e-07
1789278536.267 98.393 0.09552786 2.67468e-07
1789278536.277 98.440 0.09555486 3.20673e-07
1789278536.287 98.487 0.09560235 3.64822e-07
1789278536.297 98.534 0.09566008 4.45196e-07
1789278536.307 98.581 0.09568336 5.92925e-07
1789278536.317 98.628 0.09575785 6.42451e-07
1789278536.327 98.674 0.09578951 7.93860e-07
1789278536.337 98.721 0.09582769 9.09609e-07
1789278536.347 98.768 0.09587890 1.09187e-06
1789278536.357 98.815 0.09591056 1.39921e-06
1789278536.367 98.862 0.09597481 1.63411e-06
1789278536.377 98.909 0.09601299 1.82570e-06
1789278536.387 98.956 0.09603533 2.13390e-06
1789278536.397 99.002 0.09607444 3.27186e-06
1789278536.407 99.049 0.09612751 3.66977e-06
1789278536.417 99.096 0.09617593 4.71237e-06
1789278536.427 99.142 0.09620852 7.62592e-06
1789278536.437 99.189 0.09628394 9.19491e-06
1789278536.447 99.236 0.09631281 1.28318e-05
1789278536.457 99.282 0.09635192 1.32374e-05
1789278536.467 99.329 0.09640406 2.61354e-05
1789278536.477 99.376 0.09644876 2.72903e-05
1789278536.487 99.422 0.09648507 3.12918e-05
1789278536.497 99.469 0.09653814 4.16195e-05
1789278536.507 99.515 0.09658656 4.86531e-05
1789278536.517 99.562 0.09664522 6.53043e-05
1789278536.527 99.608 0.09667315 9.00283e-05
1789278536.537 99.655 0.09671878 8.61062e-05
1789278536.547 99.701 0.09675230 9.71513e-05
1789278536.557 99.748 0.09680445 1.08417e-04
1789278536.567 99.794 0.09684262 1.29060e-04
1789278536.577 99.840 0.09689849 1.26183e-04
1789278536.587 99.887 0.09694598 1.28986e-04
1789278536.597 99.933 0.09699253 1.42837e-04
1789278536.607 99.979 0.09703351 1.36963e-04
1789278536.617 100.026 0.09706516 1.45637e-04
1789278536.627 100.072 0.09710055 1.35864e-04
1789278536.637 100.118 0.09715362 1.31665e-04
1789278536.647 100.164 0.09720763 1.26639e-04
1789278536.657 100.211 0.09725139 1.13935e-04
1789278536.667 100.257 0.09729050 1.05746e-04
1789278536.677 100.303 0.09733147 1.04948e-04
1789278536.687 100.349 0.09735009 8.98707e-05
1789278536.697 100.395 0.09739944 7.75356e-05
1789278536.707 100.441 0.09746555 6.64890e-05
1789278536.717 100.487 0.09751583 5.42173e-05
1789278536.727 100.533 0.09755121 4.85730e-05
1789278536.737 100.579 0.09760336 3.93696e-05
1789278536.747 100.625 0.09762943 3.17760e-05
1789278536.757 100.671 0.09764619 2.61286e-05
1789278536.767 100.717 0.09771696 1.92213e-05
1789278536.777 100.763 0.09776724 1.57782e-05
1789278536.787 100.809 0.09779704 1.44424e-05
1789278536.797 100.855 0.09784732 1.26281e-05
1789278536.807 100.901 0.09788922 8.62012e-06
1789278536.817 100.947 0.09794229 6.93850e-06
1789278536.827 100.993 0.09798326 6.56889e-06
1789278536.837 101.039 0.09801958 6.21683e-06
1789278536.847 101.084 0.09807265 4.05409e-06
1789278536.857 101.130 0.09810245 4.59549e-06
1789278536.867 101.176 0.09815832 4.28899e-06
1789278536.877 101.222 0.09819835 3.24498e-06
1789278536.887 101.267 0.09826540 2.77915e-06
1789278536.897 101.313 0.09829985 2.69142e-06
1789278536.907 101.359 0.09833803 2.27993e-06
1789278536.917 101.404 0.09836503 2.26238e-06
1789278536.927 101.450 0.09840227 1.84608e-06
1789278536.937 101.496 0.09845535 1.79712e-06
1789278536.947 101.541 0.09850935 1.58005e-06
1789278536.957 101.587 0.09853356 1.61430e-06
1789278536.967 101.632 0.09858105 1.37006e-06
1789278536.977 101.678 0.09863040 1.23139e-06
1789278536.987 101.723 0.09867603 1.22827e-06
1789278536.997 101.769 0.09871513 1.02479e-06
1789278537.007 101.814 0.09874586 8.81875e-07
1789278537.017 101.860 0.09880732 9.31684e-07
1789278537.027 101.905 0.09883804 8.91780e-07
1789278537.037 101.951 0.09888740 8.42254e-07
1789278537.047 101.996 0.09893209 6.80940e-07
1789278537.057 102.041 0.09896468 6.46414e-07
1789278537.067 102.087 0.09902148 6.62262e-07
1789278537.077 102.132 0.09905872 5.75662e-07
1789278537.087 102.177 0.09910528 5.42833e-07
1789278537.097 102.223 0.09913787 4.53403e-07
1789278537.107 102.268 0.09917511 4.33876e-07
1789278537.117 102.313 0.09923843 4.14348e-07
1789278537.127 102.359 0.09927381 4.22555e-07
1789278537.137 102.404 0.09929616 4.11801e-07
1789278537.147 102.449 0.09933434 2.68600e-07
1789278537.157 102.494 0.09937996 2.72279e-07
1789278537.167 102.539 0.09942466 3.28031e-07
1789278537.177 102.584 0.09949263 1.96150e-07
1789278537.187 102.629 0.09954943 2.55299e-07
1789278537.197 102.675 0.09959133 2.27281e-07
1789278537.207 102.720 0.09962764 2.86995e-07
1789278537.217 102.765 0.09966024 2.02659e-07
1789278537.227 102.810 0.09969655 2.00112e-07
1789278537.237 102.855 0.09974962 1.86528e-07
1789278537.247 102.900 0.09978315 1.42662e-07
1789278537.257 102.945 0.09981760 1.66152e-07
1789278537.267 102.990 0.09987905 1.05022e-07
1789278537.277 103.035 0.09992095 9.14378e-08
1789278537.287 103.080 0.09996285 6.68163e-08
1789278537.297 103.124 0.10001966 4.13457e-08
1789278537.307 103.169 0.10004666 4.44588e-08
1789278537.317 103.214 0.10009042 7.38493e-09
1789278537.327 103.259 0.10011463 -8.18043e-09
1789278537.337 103.304 0.10013046 -2.09157e-08
1789278537.347 103.349 0.10019192 -5.31784e-08
1789278537.357 103.393 0.10023754 -5.26124e-08
1789278537.367 103.438 0.10028037 -9.05351e-08
1789278537.376 103.483 0.10035300 -9.02521e-08
1789278537.386 103.528 0.10039769 -9.59122e-08
1789278537.396 103.572 0.10043308 -1.13742e-07
1789278537.406 103.617 0.10046474 -1.01006e-07
1789278537.416 103.662 0.10051129 -1.20817e-07
1789278537.426 103.706 0.10055040 -8.45920e-08
1789278537.436 103.751 0.10059044 -9.19502e-08
1789278537.446 103.796 0.10063514 -1.02987e-07
1789278537.456 103.840 0.10066400 -8.82711e-08
1789278537.466 103.885 0.10072732 -8.88371e-08
1789278537.476 103.929 0.10077108 -7.24228e-08
1789278537.486 103.974 0.10083253 -7.94979e-08
1789278537.496 104.018 0.10084836 -7.10077e-08
1789278537.506 104.063 0.10088468 -4.86503e-08
1789278537.516 104.107 0.10091448 -5.60084e-08
1789278537.526 104.152 0.10095451 -4.94993e-08
1789278537.536 104.196 0.10100759 -4.41222e-08
1789278537.546 104.241 0.10106345 -4.63862e-08
1789278537.556 104.285 0.10111933 -3.61980e-08
1789278537.566 104.329 0.10115657 -4.86503e-08
1789278537.576 104.374 0.10117892 -3.05379e-08
1789278537.586 104.418 0.10122082 -3.90281e-08
1789278537.596 104.462 0.10127947 -4.46882e-08
1789278537.606 104.507 0.10130556 -2.91229e-08
1789278537.616 104.551 0.10136421 -4.58202e-08
1789278537.626 104.595 0.10138935 -2.85569e-08
1789278537.636 104.639 0.10143218 -4.07261e-08
1789278537.646 104.684 0.10147036 -3.93111e-08
1789278537.656 104.728 0.10150946 -2.54438e-08
1789278537.666 104.772 0.10156627 -5.09143e-08
1789278537.676 104.816 0.10159048 -3.39340e-08
1789278537.686 104.860 0.10164262 -4.55372e-08
1789278537.696 104.905 0.10169197 -4.49712e-08
1789278537.706 104.949 0.10173388 -3.05379e-08
1789278537.716 104.993 0.10176460 -5.03483e-08
1789278537.726 105.037 0.10180836 -3.36510e-08
1789278537.736 105.081 0.10185957 -4.29902e-08
1789278537.746 105.125 0.10187540 -3.53490e-08
1789278537.756 105.169 0.10193406 -2.37458e-08
1789278537.766 105.213 0.10197504 -3.90281e-08
1789278537.776 105.257 0.10202253 -1.63876e-08
1789278537.786 105.301 0.10205977 -1.10105e-08
1789278537.796 105.345 0.10210539 -3.65232e-09
1789278537.806 105.389 0.10215474 1.21960e-08
1789278537.816 105.433 0.10217803 1.16300e-08
1789278537.826 105.477 0.10223669 5.32320e-08
1789278537.836 105.520 0.10227300 3.59686e-08
1789278537.846 105.564 0.10232049 6.99294e-08
1789278537.856 105.608 0.10234376 7.58725e-08
1789278537.866 105.652 0.10237914 7.47405e-08
1789278537.876 105.696 0.10243502 1.08418e-07
1789278537.886 105.740 0.10247413 1.12380e-07
1789278537.896 105.783 0.10250671 1.29644e-07
1789278537.906 105.827 0.10255327 1.47756e-07
1789278537.916 105.871 0.10259982 1.76623e-07
1789278537.926 105.915 0.10264359 1.94452e-07
1789278537.936 105.958 0.10268549 1.95584e-07
1789278537.946 106.002 0.10272088 1.90773e-07
1789278537.956 106.046 0.10275812 2.15678e-07
1789278537.966 106.089 0.10280467 2.25866e-07
1789278537.976 106.133 0.10283912 2.35771e-07
1789278537.986 106.176 0.10289127 2.30111e-07
1789278537.996 106.220 0.10293783 2.36054e-07
1789278538.006 106.264 0.10296949 2.49638e-07
1789278538.016 106.307 0.10302256 2.07471e-07
1789278538.026 106.351 0.10304211 2.29545e-07
1789278538.036 106.394 0.10308309 2.21055e-07
1789278538.046 106.438 0.10312778 2.10584e-07
1789278538.056 106.481 0.10318458 2.08319e-07
1789278538.066 106.525 0.10322834 1.77189e-07
1789278538.076 106.568 0.10326653 1.75208e-07
1789278538.086 106.611 0.10330563 1.58793e-07
1789278538.096 106.655 0.10335405 1.52284e-07
1789278538.106 106.698 0.10340060 1.47756e-07
1789278538.116 106.742 0.10342574 1.17191e-07
1789278538.126 106.785 0.10344809 1.18040e-07
1789278538.136 106.828 0.10347788 9.93620e-08
1789278538.146 106.872 0.10353283 8.94568e-08
1789278538.156 106.915 0.10360266 9.14378e-08
1789278538.166 106.958 0.10364735 6.65333e-08
1789278538.176 107.002 0.10367994 7.21934e-08
1789278538.186 107.045 0.10372277 5.83261e-08
1789278538.196 107.088 0.10375537 4.70058e-08
1789278538.206 107.131 0.10379820 4.87039e-08
1789278538.216 107.174 0.10383544 2.35163e-08
1789278538.226 107.218 0.10385220 4.87039e-08
1789278538.236 107.261 0.10390621 2.97424e-08
1789278538.246 107.304 0.10397139 2.77614e-08
1789278538.256 107.347 0.10401236 3.14405e-08
1789278538.266 107.390 0.10404122 1.58751e-08
1789278538.276 107.433 0.10407847 3.14405e-08
1789278538.286 107.476 0.10411850 1.95542e-08
1789278538.296 107.519 0.10416785 1.70071e-08
1789278538.306 107.562 0.10422931 2.69124e-08
1789278538.316 107.605 0.10426190 1.38941e-08
1789278538.326 107.648 0.10427773 3.08745e-08
1789278538.336 107.691 0.10433825 1.53091e-08
1789278538.346 107.734 0.10439413 1.70071e-08
1789278538.356 107.777 0.10440996 2.80444e-08
1789278538.366 107.820 0.10444813 1.30451e-08
1789278538.376 107.863 0.10448537 3.05915e-08
1789278538.386 107.906 0.10451983 1.72901e-08
1789278538.396 107.949 0.10455800 2.01202e-08
1789278538.406 107.992 0.10458221 2.63464e-08
1789278538.416 108.035 0.10462226 1.44601e-08
1789278538.426 108.078 0.10468371 3.03085e-08
1789278538.436 108.120 0.10472654 1.70071e-08
1789278538.446 108.163 0.10476471 1.92712e-08
1789278538.456 108.206 0.10482059 2.49313e-08
1789278538.466 108.249 0.10486528 1.24790e-08
1789278538.476 108.292 0.10488949 2.91764e-08
1789278538.486 108.334 0.10492580 1.44601e-08
1789278538.496 108.377 0.10499656 1.47431e-08
1789278538.506 108.420 0.10502170 2.35163e-08
1789278538.516 108.462 0.10505803 1.02150e-08
1789278538.526 108.505 0.10509713 2.57803e-08
1789278538.536 108.548 0.10513996 1.19130e-08
1789278538.546 108.590 0.10517907 1.50261e-08
1789278538.556 108.633 0.10521073 2.23843e-08
1789278538.566 108.676 0.10525357 9.08297e-09
1789278538.576 108.718 0.10531409 2.43653e-08
1789278538.586 108.761 0.10535412 1.10640e-08
1789278538.596 108.803 0.10539137 1.67241e-08
1789278538.606 108.846 0.10542768 2.26673e-08
1789278538.616 108.888 0.10545654 7.10192e-09
1789278538.626 108.931 0.10550683 2.46483e-08
1789278538.636 108.973 0.10556549 1.07810e-08
1789278538.646 109.016 0.10560553 1.53091e-08
1789278538.656 109.058 0.10563532 2.46483e-08
1789278538.666 109.101 0.10566605 5.68689e-09
1789278538.676 109.143 0.10569865 2.35163e-08
1789278538.686 109.185 0.10574055 1.19130e-08
1789278538.696 109.228 0.10575731 1.55921e-08
1789278538.706 109.270 0.10581690 2.37993e-08
1789278538.716 109.313 0.10587742 8.79996e-09
1789278538.726 109.355 0.10591745 2.52143e-08
1789278538.736 109.397 0.10593795 1.30451e-08
1789278538.746 109.440 0.10597892 1.67241e-08
1789278538.756 109.482 0.10603106 2.40823e-08
1789278538.766 109.524 0.10605061 5.96990e-09
1789278538.776 109.566 0.10609530 2.46483e-08
1789278538.786 109.609 0.10614932 1.10640e-08
1789278538.796 109.651 0.10620146 1.53091e-08
1789278538.806 109.693 0.10623125 2.32333e-08
1789278538.816 109.735 0.10626291 4.27186e-09
1789278538.826 109.777 0.10628991 2.32333e-08
1789278538.836 109.820 0.10635229 1.13470e-08
1789278538.846 109.862 0.10639141 1.70071e-08
1789278538.856 109.904 0.10643424 2.12522e-08
1789278538.866 109.946 0.10647800 2.00781e-09
1789278538.876 109.988 0.10651711 2.32333e-08
1789278538.886 110.030 0.10655156 9.36597e-09
