1789272287.574 31.726 0.03449480 4.64395e-08
1789272287.581 31.871 0.03449480 5.26656e-08
1789272287.591 32.016 0.03446407 6.08727e-08
1789272287.600 32.160 0.03446221 5.46466e-08
1789272287.610 32.304 0.03444918 5.35146e-08
1789272287.620 32.447 0.03442497 6.87969e-08
1789272287.630 32.589 0.03443614 5.37976e-08
1789272287.640 32.731 0.03444825 7.47400e-08
1789272287.650 32.872 0.03443335 6.76649e-08
1789272287.660 33.013 0.03441286 6.73818e-08
1789272287.670 33.152 0.03440262 8.32301e-08
1789272287.680 33.292 0.03442869 6.54008e-08
1789272287.690 33.430 0.03440634 8.57772e-08
1789272287.700 33.569 0.03442031 7.61550e-08
1789272287.710 33.706 0.03445011 7.19099e-08
1789272287.720 33.843 0.03445663 8.46452e-08
1789272287.730 33.980 0.03449667 6.14387e-08
1789272287.740 34.116 0.03451994 7.55890e-08
1789272287.750 34.251 0.03458233 5.69107e-08
1789272287.760 34.386 0.03464937 4.53075e-08
1789272287.770 34.520 0.03469220 5.35146e-08
1789272287.780 34.654 0.03476576 2.91762e-08
1789272287.790 34.787 0.03483187 3.99304e-08
1789272287.800 34.920 0.03493243 2.15350e-08
1789272287.810 35.053 0.03503672 9.93183e-09
1789272287.820 35.184 0.03516429 1.78560e-08
1789272287.830 35.316 0.03529837 5.40375e-09
1789272287.840 35.446 0.03543432 2.74781e-08
1789272287.850 35.577 0.03558330 2.06860e-08
1789272287.860 35.707 0.03571831 1.84220e-08
1789272287.870 35.836 0.03586822 3.28552e-08
1789272287.880 35.965 0.03603490 1.36109e-08
1789272287.890 36.093 0.03619598 3.05912e-08
1789272287.900 36.221 0.03635986 1.67239e-08
1789272287.910 36.349 0.03651443 1.21959e-08
1789272287.920 36.476 0.03668669 2.49311e-08
1789272287.930 36.603 0.03686174 6.81877e-09
1789272287.940 36.729 0.03699490 2.04030e-08
1789272287.950 36.855 0.03716157 9.64882e-09
1789272287.960 36.980 0.03731055 7.38478e-09
1789272287.970 37.105 0.03745767 1.89880e-08
1789272287.980 37.230 0.03761131 8.75668e-10
1789272287.990 37.354 0.03774353 1.75730e-08
1789272288.000 37.477 0.03787203 7.38478e-09
1789272288.010 37.601 0.03799773 4.55473e-09
1789272288.020 37.724 0.03810574 1.89880e-08
1789272288.030 37.846 0.03822399 2.29069e-09
1789272288.040 37.968 0.03834039 1.75730e-08
1789272288.050 38.090 0.03845026 8.51680e-09
1789272288.060 38.211 0.03855082 7.10178e-09
1789272288.070 38.332 0.03864952 1.98370e-08
1789272288.080 38.453 0.03875474 1.15867e-09
1789272288.090 38.573 0.03885530 1.67239e-08
1789272288.100 38.693 0.03893817 7.66779e-09
1789272288.110 38.812 0.03902756 5.12074e-09
1789272288.120 38.931 0.03911695 1.87050e-08
1789272288.130 39.050 0.03921938 2.00769e-09
1789272288.140 39.168 0.03930784 1.70069e-08
1789272288.150 39.286 0.03941585 7.10178e-09
1789272288.160 39.404 0.03949685 6.81877e-09
1789272288.170 39.521 0.03957786 1.98370e-08
1789272288.180 39.638 0.03968029 1.72468e-09
1789272288.190 39.755 0.03976968 1.72900e-08
1789272288.200 39.871 0.03987769 7.66779e-09
1789272288.210 39.987 0.03996429 6.25276e-09
1789272288.220 40.102 0.04005274 1.98370e-08
1789272288.230 40.218 0.04017006 1.72468e-09
1789272288.240 40.333 0.04026225 1.75730e-08
1789272288.250 40.447 0.04035536 7.38478e-09
1789272288.260 40.561 0.04046710 6.25276e-09
1789272288.270 40.675 0.04058814 1.75730e-08
1789272288.280 40.789 0.04070081 8.75668e-10
1789272288.290 40.902 0.04079299 1.67239e-08
1789272288.300 41.015 0.04090380 4.83774e-09
1789272288.310 41.128 0.04101926 6.81877e-09
1789272288.320 41.240 0.04114496 1.81390e-08
1789272288.330 41.353 0.04125484 -5.39357e-10
1789272288.340 41.464 0.04135261 1.61579e-08
1789272288.350 41.576 0.04149134 5.40375e-09
1789272288.360 41.687 0.04159842 7.38478e-09
1789272288.370 41.798 0.04171016 1.61579e-08
1789272288.380 41.908 0.04183121 -1.38837e-09
1789272288.390 42.019 0.04192246 1.55919e-08
1789272288.400 42.129 0.04202209 5.12074e-09
1789272288.410 42.238 0.04212545 6.53577e-09
1789272288.420 42.348 0.04227443 1.84220e-08
1789272288.430 42.457 0.04237592 -8.22362e-10
1789272288.440 42.566 0.04245786 1.64409e-08
1789272288.450 42.674 0.04258077 5.68675e-09
1789272288.460 42.783 0.04268413 6.53577e-09
1789272288.470 42.891 0.04278190 1.70069e-08
1789272288.480 42.999 0.04288898 -1.95438e-09
1789272288.490 43.106 0.04296254 1.61579e-08
1789272288.500 43.213 0.04308451 5.68675e-09
1789272288.510 43.320 0.04320370 7.10178e-09
1789272288.520 43.427 0.04328285 1.44599e-08
1789272288.530 43.534 0.04337969 -2.52039e-09
1789272288.540 43.640 0.04346721 1.64409e-08
1789272288.550 43.746 0.04357336 5.12074e-09
1789272288.560 43.851 0.04365903 5.68675e-09
1789272288.570 43.957 0.04375400 1.30449e-08
1789272288.580 44.062 0.04383687 -3.36941e-09
1789272288.590 44.167 0.04393557 1.61579e-08
1789272288.600 44.271 0.04405010 4.83774e-09
1789272288.610 44.376 0.04412925 5.96976e-09
1789272288.620 44.480 0.04423354 1.30449e-08
1789272288.630 44.584 0.04433503 -3.93542e-09
1789272288.640 44.688 0.04441883 1.53089e-08
1789272288.650 44.791 0.04451660 6.25276e-09
1789272288.660 44.894 0.04461809 7.38478e-09
1789272288.670 44.997 0.04471307 1.44599e-08
1789272288.680 45.100 0.04479873 -4.21842e-09
1789272288.690 45.203 0.04490674 1.53089e-08
1789272288.700 45.305 0.04501010 5.40375e-09
1789272288.710 45.407 0.04509390 6.25276e-09
1789272288.720 45.509 0.04519912 1.33279e-08
1789272288.730 45.610 0.04530248 -3.65241e-09
1789272288.740 45.712 0.04539838 1.61579e-08
1789272288.750 45.813 0.04549988 5.96976e-09
1789272288.760 45.914 0.04557903 6.53577e-09
1789272288.770 46.014 0.04569169 1.36109e-08
1789272288.780 46.115 0.04579318 -2.80340e-09
1789272288.790 46.215 0.04587792 1.67239e-08
1789272288.800 46.315 0.04597476 7.38478e-09
1789272288.810 46.415 0.04607718 7.95079e-09
1789272288.820 46.515 0.04617961 1.41769e-08
1789272288.830 46.614 0.04628482 -3.08640e-09
1789272288.840 46.713 0.04635745 1.72900e-08
1789272288.850 46.812 0.04645150 5.96976e-09
1789272288.860 46.911 0.04655206 7.38478e-09
1789272288.870 47.010 0.04663400 1.30449e-08
1789272288.880 47.108 0.04675039 -3.65241e-09
1789272288.890 47.206 0.04682954 1.41769e-08
1789272288.900 47.304 0.04693848 3.70572e-09
1789272288.910 47.402 0.04702321 2.29069e-09
1789272288.920 47.499 0.04711819 1.02148e-08
1789272288.930 47.597 0.04720944 -4.21842e-09
1789272288.940 47.694 0.04728486 1.55919e-08
1789272288.950 47.791 0.04737984 5.40375e-09
1789272288.960 47.887 0.04746737 6.53577e-09
1789272288.970 47.984 0.04755861 1.24789e-08
1789272288.980 48.080 0.04764894 -1.67138e-09
1789272288.990 48.177 0.04775322 1.89880e-08
1789272289.000 48.273 0.04786217 6.53577e-09
1789272289.010 48.368 0.04793759 1.38939e-08
1789272289.020 48.464 0.04800370 4.64395e-08
1789272289.030 48.559 0.04810240 1.14927e-07
1789272289.040 48.655 0.04818248 2.94635e-07
1789272289.050 48.750 0.04829049 8.44514e-07
1789272289.060 48.844 0.04837988 2.39680e-06
1789272289.070 48.939 0.04846647 6.74375e-06
1789272289.080 49.034 0.04854655 1.13845e-05
1789272289.090 49.128 0.04862849 1.25366e-05
1789272289.100 49.222 0.04872998 1.12432e-05
1789272289.110 49.316 0.04881565 6.32491e-06
1789272289.120 49.410 0.04891807 3.58202e-06
1789272289.130 49.503 0.04901119 1.88569e-06
1789272289.140 49.597 0.04908009 6.21506e-07
1789272289.150 49.690 0.04918251 1.78603e-07
1789272289.160 49.783 0.04925887 7.67210e-08
1789272289.170 49.876 0.04935571 5.74767e-08
1789272289.180 49.969 0.04944230 3.25722e-08
1789272289.190 50.061 0.04951120 4.47415e-08
1789272289.200 50.153 0.04962108 2.21010e-08
1789272289.210 50.246 0.04971885 1.75730e-08
1789272289.220 50.338 0.04979427 2.06860e-08
1789272289.230 50.430 0.04986969 4.55473e-09
1789272289.240 50.521 0.04996932 1.70069e-08
1789272289.250 50.613 0.05005406 -2.56352e-10
1789272289.260 50.704 0.05014530 -2.80340e-09
1789272289.270 50.795 0.05023749 3.13971e-09
1789272289.280 50.886 0.05033060 -8.46350e-09
1789272289.290 50.977 0.05040603 1.19129e-08
1789272289.300 51.068 0.05050286 2.57370e-09
1789272289.310 51.159 0.05057921 9.36582e-09
1789272289.320 51.249 0.05067791 1.87050e-08
1789272289.329 51.339 0.05075241 7.38478e-09
1789272289.339 51.429 0.05083528 2.37991e-08
1789272289.349 51.519 0.05093305 1.16299e-08
1789272289.359 51.609 0.05101685 1.38939e-08
1789272289.369 51.699 0.05108762 4.30434e-08
1789272289.379 51.788 0.05117514 8.63432e-08
1789272289.389 51.877 0.05124777 2.26714e-07
1789272289.399 51.966 0.05135950 5.20190e-07
1789272289.409 52.055 0.05144796 1.16120e-06
1789272289.419 52.144 0.05150756 2.55726e-06
1789272289.429 52.233 0.05159229 5.24949e-06
1789272289.439 52.321 0.05167143 1.17985e-05
1789272289.449 52.410 0.05175710 3.16176e-05
1789272289.459 52.498 0.05184090 5.44604e-05
1789272289.469 52.586 0.05192657 7.61796e-05
1789272289.479 52.674 0.05201316 7.07668e-05
1789272289.489 52.762 0.05211465 4.84369e-05
1789272289.499 52.850 0.05219008 1.76454e-05
1789272289.509 52.937 0.05224874 4.79809e-06
1789272289.519 53.024 0.05233161 2.40953e-06
1789272289.529 53.112 0.05243310 2.29208e-06
1789272289.539 53.199 0.05252156 2.14860e-06
1789272289.549 53.286 0.05259326 1.43543e-06
1789272289.559 53.372 0.05267333 1.00328e-06
1789272289.569 53.459 0.05275528 3.61141e-07
1789272289.579 53.546 0.05284746 1.33039e-07
1789272289.589 53.632 0.05293033 1.56811e-07
1789272289.599 53.718 0.05302158 1.78603e-07
1789272289.609 53.804 0.05309048 3.68216e-07
1789272289.619 53.890 0.05316777 5.30944e-07
1789272289.629 53.976 0.05326088 5.25850e-07
1789272289.639 54.062 0.05334189 4.76607e-07
1789272289.649 54.147 0.05342476 2.82466e-07
1789272289.659 54.233 0.05350018 1.20870e-07
1789272289.669 54.318 0.05359889 7.50230e-08
1789272289.679 54.403 0.05367710 6.73818e-08
1789272289.689 54.488 0.05373669 1.01059e-07
1789272289.699 54.573 0.05382701 8.83242e-08
1789272289.709 54.658 0.05390616 7.10609e-08
1789272289.719 54.742 0.05398810 5.32316e-08
1789272289.729 54.827 0.05407376 2.32331e-08
1789272289.739 54.911 0.05415291 9.11543e-08
1789272289.749 54.995 0.05424323 1.23983e-07
1789272289.759 55.079 0.05432051 1.35869e-07
1789272289.769 55.163 0.05439873 1.48604e-07
1789272289.779 55.247 0.05448067 7.41740e-08
1789272289.789 55.331 0.05454957 3.76663e-08
1789272289.799 55.415 0.05462592 2.21010e-08
1789272289.809 55.498 0.05470228 4.44584e-08
1789272289.819 55.581 0.05479260 6.56838e-08
1789272289.829 55.665 0.05486150 9.17203e-08
1789272289.839 55.748 0.05493692 1.47472e-07
1789272289.849 55.831 0.05504214 2.62938e-07
1789272289.859 55.913 0.05510546 3.09634e-07
1789272289.869 55.996 0.05518367 5.71697e-07
1789272289.879 56.079 0.05527213 7.83951e-07
1789272289.889 56.161 0.05533452 1.56872e-06
1789272289.899 56.244 0.05541459 2.70669e-06
1789272289.909 56.326 0.05549747 3.25091e-06
1789272289.919 56.408 0.05557755 7.15326e-06
1789272289.929 56.490 0.05567066 1.27783e-05
1789272289.939 56.572 0.05573118 1.93208e-05
1789272289.949 56.654 0.05582243 4.80164e-05
1789272289.959 56.735 0.05588761 1.06938e-04
1789272289.969 56.817 0.05595652 1.81990e-04
1789272289.979 56.898 0.05604125 2.04830e-04
1789272289.989 56.979 0.05609898 2.04372e-04
1789272289.999 57.061 0.05619954 1.76334e-04
1789272290.009 57.142 0.05628148 9.74743e-05
1789272290.019 57.223 0.05634666 4.67977e-05
1789272290.029 57.303 0.05641836 1.77824e-05
1789272290.039 57.384 0.05648261 7.25854e-06
1789272290.049 57.465 0.05658969 4.95007e-06
1789272290.059 57.545 0.05666046 3.33043e-06
1789272290.069 57.626 0.05673029 2.40161e-06
1789272290.079 57.706 0.05681595 1.68362e-06
1789272290.089 57.786 0.05688858 1.20704e-06
1789272290.099 57.866 0.05696959 9.60263e-07
1789272290.109 57.946 0.05704408 8.53570e-07
1789272290.119 58.026 0.05710181 9.01115e-07
1789272290.129 58.106 0.05719772 1.02734e-06
1789272290.139 58.185 0.05727407 1.78635e-06
1789272290.149 58.265 0.05734670 3.06327e-06
1789272290.159 58.344 0.05742584 4.17180e-06
1789272290.169 58.423 0.05747985 4.64782e-06
1789272290.179 58.502 0.05756272 4.31755e-06
1789272290.189 58.581 0.05765211 3.04205e-06
1789272290.199 58.660 0.05773871 1.72975e-06
1789272290.209 58.739 0.05780389 9.00832e-07
1789272290.219 58.818 0.05787186 6.75560e-07
1789272290.229 58.897 0.05795473 6.52353e-07
1789272290.239 58.975 0.05802363 6.41316e-07
1789272290.249 59.054 0.05809906 5.14530e-07
1789272290.259 59.132 0.05817355 3.81234e-07
1789272290.269 59.210 0.05824990 3.10483e-07
1789272290.279 59.288 0.05832160 1.44359e-07
1789272290.289 59.366 0.05839422 1.45208e-07
1789272290.299 59.444 0.05847989 1.63037e-07
1789272290.309 59.522 0.05854600 2.24450e-07
1789272290.319 59.600 0.05862328 2.38317e-07
1789272290.329 59.677 0.05868288 2.72561e-07
1789272290.339 59.755 0.05876296 2.76240e-07
1789272290.349 59.832 0.05882627 2.39449e-07
1789272290.359 59.910 0.05888587 2.30676e-07
1789272290.369 59.987 0.05897898 2.33506e-07
1789272290.379 60.064 0.05907395 1.55113e-07
1789272290.389 60.141 0.05913168 2.87843e-07
1789272290.399 60.218 0.05920618 6.18959e-07
1789272290.409 60.295 0.05926856 1.18157e-06
1789272290.419 60.371 0.05935236 1.83956e-06
1789272290.429 60.448 0.05943803 2.23548e-06
1789272290.439 60.524 0.05948645 2.34699e-06
1789272290.449 60.601 0.05955535 2.09398e-06
1789272290.459 60.677 0.05961867 1.46316e-06
1789272290.469 60.753 0.05971271 7.20274e-07
1789272290.479 60.830 0.05979372 3.48406e-07
1789272290.489 60.906 0.05986076 2.52750e-07
1789272290.499 60.982 0.05992873 2.98880e-07
1789272290.509 61.057 0.05999298 5.07738e-07
1789272290.519 61.133 0.06007306 7.28765e-07
1789272290.529 61.209 0.06015221 6.69333e-07
1789272290.539 61.284 0.06020342 9.68187e-07
1789272290.549 61.360 0.06027698 7.26784e-07
1789272290.559 61.435 0.06035054 8.80738e-07
1789272290.569 61.511 0.06042503 8.99700e-07
1789272290.579 61.586 0.06049579 8.56400e-07
1789272290.589 61.661 0.06056656 1.54637e-06
1789272290.599 61.736 0.06064757 1.82286e-06
1789272290.609 61.811 0.06071554 2.39963e-06
1789272290.619 61.886 0.06077234 3.25374e-06
1789272290.629 61.960 0.06086080 4.61555e-06
1789272290.639 62.035 0.06092412 8.11633e-06
1789272290.649 62.110 0.06099861 1.29489e-05
1789272290.659 62.184 0.06106379 2.05306e-05
1789272290.669 62.258 0.06114386 4.58418e-05
1789272290.679 62.333 0.06122487 8.54633e-05
1789272290.689 62.407 0.06128633 1.21045e-04
1789272290.699 62.481 0.06135803 1.50926e-04
1789272290.709 62.555 0.06141948 1.59583e-04
1789272290.719 62.629 0.06149956 1.44790e-04
1789272290.729 62.703 0.06155450 1.08455e-04
1789272290.739 62.777 0.06161595 6.10535e-05
1789272290.749 62.850 0.06169696 3.06803e-05
1789272290.759 62.924 0.06175469 1.38460e-05
1789272290.769 62.997 0.06183943 7.44334e-06
1789272290.779 63.071 0.06192602 4.85837e-06
1789272290.789 63.144 0.06198468 3.56334e-06
1789272290.799 63.218 0.06207407 3.02846e-06
1789272290.809 63.291 0.06212249 2.39736e-06
1789272290.819 63.364 0.06218488 1.91229e-06
1789272290.829 63.437 0.06225750 1.67853e-06
1789272290.839 63.510 0.06232361 1.61202e-06
1789272290.849 63.583 0.06240928 1.52514e-06
1789272290.859 63.655 0.06248283 1.66636e-06
1789272290.869 63.728 0.06256105 1.80418e-06
1789272290.879 63.801 0.06261878 1.96068e-06
1789272290.889 63.873 0.06266813 2.01276e-06
1789272290.899 63.945 0.06274262 1.86248e-06
1789272290.909 64.018 0.06282363 1.46203e-06
1789272290.919 64.090 0.06287764 1.21865e-06
1789272290.929 64.162 0.06295027 1.04884e-06
1789272290.939 64.234 0.06301544 9.91959e-07
1789272290.949 64.306 0.06308901 5.08587e-07
1789272290.959 64.378 0.06316815 4.38118e-07
1789272290.969 64.450 0.06322123 5.78772e-07
1789272290.979 64.522 0.06330782 7.47443e-07
1789272290.989 64.594 0.06335251 8.38571e-07
1789272290.999 64.665 0.06341956 1.12271e-06
1789272291.009 64.737 0.06348940 9.71866e-07
1789272291.019 64.808 0.06358344 1.14761e-06
1789272291.029 64.880 0.06363093 1.37628e-06
1789272291.039 64.951 0.06368586 1.09865e-06
1789272291.049 65.022 0.06376501 8.17062e-07
1789272291.059 65.093 0.06383671 6.70748e-07
1789272291.069 65.164 0.06391771 9.64225e-07
1789272291.079 65.235 0.06399779 1.44335e-06
1789272291.089 65.306 0.06405273 2.50547e-06
1789272291.099 65.377 0.06411418 3.58994e-06
1789272291.109 65.448 0.06416633 4.15199e-06
1789272291.119 65.518 0.06423337 4.32604e-06
1789272291.128 65.589 0.06431065 4.20067e-06
1789272291.138 65.660 0.06437397 3.30836e-06
1789272291.148 65.730 0.06445591 2.27369e-06
1789272291.158 65.800 0.06450340 1.22232e-06
1789272291.168 65.871 0.06456020 7.50273e-07
1789272291.178 65.941 0.06464866 6.67070e-07
1789272291.188 66.011 0.06471477 8.35174e-07
1789272291.198 66.081 0.06478646 1.01828e-06
1789272291.208 66.151 0.06484513 1.01800e-06
1789272291.218 66.221 0.06492148 1.13233e-06
1789272291.228 66.291 0.06498573 1.12044e-06
1789272291.238 66.361 0.06503042 1.12327e-06
1789272291.248 66.430 0.06509094 1.04120e-06
1789272291.258 66.500 0.06516637 8.98568e-07
1789272291.268 66.570 0.06523434 1.03837e-06
1789272291.278 66.639 0.06531814 1.28034e-06
1789272291.288 66.709 0.06536749 1.38732e-06
1789272291.298 66.778 0.06543826 1.44194e-06
1789272291.308 66.847 0.06551089 1.55287e-06
1789272291.318 66.916 0.06558259 1.43260e-06
1789272291.328 66.986 0.06563659 9.72149e-07
1789272291.338 67.055 0.06569432 1.17167e-06
1789272291.348 67.124 0.06575298 1.19572e-06
1789272291.358 67.193 0.06581909 1.14139e-06
1789272291.368 67.261 0.06592059 9.60263e-07
1789272291.378 67.330 0.06599321 1.09582e-06
1789272291.388 67.399 0.06603325 1.06582e-06
1789272291.398 67.467 0.06610867 9.49508e-07
1789272291.408 67.536 0.06616454 6.63673e-07
1789272291.418 67.605 0.06624555 4.79720e-07
1789272291.428 67.673 0.06630887 3.62273e-07
1789272291.438 67.741 0.06633494 3.18407e-07
1789272291.448 67.810 0.06640105 3.62556e-07
1789272291.458 67.878 0.06648858 3.69631e-07
1789272291.468 67.946 0.06655748 3.58594e-07
1789272291.478 68.014 0.06661987 2.26714e-07
1789272291.488 68.082 0.06667946 3.13313e-07
1789272291.498 68.150 0.06675488 3.99630e-07
1789272291.508 68.218 0.06682937 5.37170e-07
1789272291.518 68.286 0.06688431 5.50754e-07
1789272291.528 68.353 0.06695321 7.97818e-07
1789272291.538 68.421 0.06700722 1.07233e-06
1789272291.548 68.489 0.06708823 1.06950e-06
1789272291.558 68.556 0.06712547 1.18214e-06
1789272291.568 68.624 0.06717855 1.61344e-06
1789272291.578 68.691 0.06726142 1.16091e-06
1789272291.588 68.759 0.06731170 9.48376e-07
1789272291.598 68.826 0.06737781 9.16397e-07
1789272291.608 68.893 0.06745137 6.68485e-07
1789272291.618 68.960 0.06752120 7.11784e-07
1789272291.628 69.027 0.06759197 5.96318e-07
1789272291.638 69.094 0.06763573 7.53386e-07
1789272291.648 69.161 0.06771302 9.03096e-07
1789272291.658 69.228 0.06776702 1.29789e-06
1789272291.668 69.295 0.06783593 1.66211e-06
1789272291.678 69.362 0.06790856 1.81522e-06
1789272291.688 69.428 0.06795604 2.59886e-06
1789272291.698 69.495 0.06802309 3.70032e-06
1789272291.708 69.562 0.06808733 5.08987e-06
1789272291.718 69.628 0.06814879 8.21227e-06
1789272291.728 69.695 0.06822421 1.29002e-05
1789272291.738 69.761 0.06827263 2.03631e-05
1789272291.748 69.827 0.06834619 3.60308e-05
1789272291.758 69.894 0.06839740 6.29095e-05
1789272291.768 69.960 0.06844954 1.01089e-04
1789272291.778 70.026 0.06853148 1.41208e-04
1789272291.788 70.092 0.06860877 1.70342e-04
1789272291.798 70.158 0.06867768 1.77969e-04
1789272291.808 70.224 0.06871678 1.74852e-04
1789272291.818 70.290 0.06876985 1.61825e-04
1789272291.828 70.356 0.06884435 1.22068e-04
1789272291.838 70.421 0.06889556 8.08803e-05
1789272291.848 70.487 0.06897191 4.60636e-05
1789272291.858 70.553 0.06902964 2.37535e-05
1789272291.868 70.618 0.06906596 1.22131e-05
1789272291.878 70.684 0.06915441 7.80842e-06
1789272291.888 70.749 0.06921587 6.63253e-06
1789272291.898 70.815 0.06928105 5.92615e-06
1789272291.908 70.880 0.06933319 5.47787e-06
1789272291.918 70.945 0.06939278 4.72055e-06
1789272291.928 71.010 0.06946355 4.03738e-06
1789272291.938 71.076 0.06953245 3.81324e-06
1789272291.948 71.141 0.06960508 3.23534e-06
1789272291.958 71.206 0.06966282 2.92743e-06
1789272291.968 71.271 0.06974289 2.68037e-06
1789272291.978 71.336 0.06980248 2.21284e-06
1789272291.988 71.400 0.06985463 2.05040e-06
1789272291.998 71.465 0.06992167 2.07502e-06
1789272292.008 71.530 0.06998219 1.98135e-06
1789272292.018 71.595 0.07003899 1.82682e-06
1789272292.028 71.659 0.07009672 1.87890e-06
1789272292.038 71.724 0.07015631 1.88484e-06
1789272292.048 71.788 0.07023174 1.62165e-06
1789272292.058 71.853 0.07027084 1.47392e-06
1789272292.068 71.917 0.07033044 1.31996e-06
1789272292.078 71.981 0.07041331 1.40967e-06
1789272292.088 72.046 0.07045800 1.25657e-06
1789272292.098 72.110 0.07052877 1.20902e-06
1789272292.108 72.174 0.07059953 9.09605e-07
1789272292.118 72.238 0.07064143 6.83201e-07
1789272292.128 72.302 0.07070475 5.32925e-07
1789272292.138 72.366 0.07076807 4.54816e-07
1789272292.148 72.430 0.07083418 4.47741e-07
1789272292.158 72.494 0.07088633 3.36520e-07
1789272292.168 72.558 0.07095336 3.49821e-07
1789272292.178 72.622 0.07100551 2.24167e-07
1789272292.188 72.685 0.07107348 3.96800e-07
1789272292.198 72.749 0.07114146 4.21987e-07
1789272292.208 72.813 0.07118335 3.52085e-07
1789272292.218 72.876 0.07125692 4.81135e-07
1789272292.228 72.940 0.07131744 3.15294e-07
1789272292.238 73.003 0.07136772 4.92738e-07
1789272292.248 73.066 0.07144407 4.68117e-07
1789272292.258 73.130 0.07148039 4.36986e-07
1789272292.268 73.193 0.07154371 4.00196e-07
1789272292.278 73.256 0.07160888 7.76309e-07
1789272292.288 73.319 0.07167406 8.39703e-07
1789272292.298 73.382 0.07173459 7.71781e-07
1789272292.308 73.445 0.07178301 9.01681e-07
1789272292.318 73.508 0.07183329 7.95554e-07
1789272292.328 73.571 0.07189102 6.97634e-07
1789272292.338 73.634 0.07196085 7.65838e-07
1789272292.348 73.697 0.07203069 5.63207e-07
1789272292.358 73.760 0.07208190 6.95653e-07
1789272292.368 73.823 0.07214987 6.34524e-07
1789272292.378 73.885 0.07222343 6.52353e-07
1789272292.388 73.948 0.07228209 8.65173e-07
1789272292.398 74.010 0.07233331 7.55933e-07
1789272292.408 74.073 0.07236683 7.46311e-07
1789272292.418 74.135 0.07242922 6.67070e-07
1789272292.428 74.198 0.07250091 4.77173e-07
1789272292.438 74.260 0.07256609 5.24718e-07
1789272292.448 74.322 0.07263127 4.93304e-07
1789272292.458 74.385 0.07267783 5.22454e-07
1789272292.468 74.447 0.07274487 5.21039e-07
1789272292.478 74.509 0.07280632 5.79621e-07
1789272292.488 74.571 0.07287150 6.43580e-07
1789272292.498 74.633 0.07293947 6.33958e-07
1789272292.508 74.695 0.07298790 5.73112e-07
1789272292.518 74.757 0.07303445 6.03676e-07
1789272292.528 74.819 0.07310149 6.52636e-07
1789272292.538 74.881 0.07315550 6.17261e-07
1789272292.548 74.943 0.07321323 4.35854e-07
1789272292.558 75.004 0.07328027 4.21138e-07
1789272292.568 75.066 0.07334173 3.39067e-07
1789272292.578 75.128 0.07340132 2.55297e-07
1789272292.588 75.189 0.07346091 2.49920e-07
1789272292.598 75.251 0.07351584 2.51901e-07
1789272292.608 75.312 0.07356427 2.61523e-07
1789272292.618 75.374 0.07363317 3.43312e-07
1789272292.628 75.435 0.07368531 4.74626e-07
1789272292.638 75.496 0.07371883 6.64239e-07
1789272292.648 75.558 0.07379612 9.12435e-07
1789272292.658 75.619 0.07388085 1.24355e-06
1789272292.668 75.680 0.07392834 1.73258e-06
1789272292.678 75.741 0.07398700 2.34020e-06
1789272292.688 75.802 0.07404659 3.34118e-06
1789272292.698 75.863 0.07409036 3.90634e-06
1789272292.708 75.924 0.07414809 4.53631e-06
1789272292.718 75.985 0.07422165 4.58159e-06
1789272292.728 76.046 0.07426262 4.45226e-06
1789272292.738 76.107 0.07431383 4.28161e-06
1789272292.748 76.168 0.07437435 3.60438e-06
1789272292.758 76.228 0.07443860 2.82357e-06
1789272292.768 76.289 0.07449912 2.02917e-06
1789272292.778 76.350 0.07456617 1.10148e-06
1789272292.788 76.410 0.07461458 6.71598e-07
1789272292.798 76.471 0.07468442 4.98682e-07
1789272292.808 76.531 0.07471980 4.01045e-07
1789272292.818 76.592 0.07480081 4.00479e-07
1789272292.828 76.652 0.07485854 4.01045e-07
1789272292.838 76.713 0.07490975 4.61325e-07
1789272292.848 76.773 0.07495725 4.30760e-07
1789272292.858 76.833 0.07500101 5.12832e-07
1789272292.868 76.893 0.07506991 4.92172e-07
1789272292.878 76.954 0.07512578 5.73395e-07
1789272292.887 77.014 0.07516861 5.05191e-07
1789272292.898 77.074 0.07524682 4.93021e-07
1789272292.907 77.134 0.07528780 4.47741e-07
1789272292.917 77.194 0.07533901 4.30760e-07
1789272292.927 77.254 0.07541629 3.80951e-07
1789272292.937 77.314 0.07547588 3.49821e-07
1789272292.947 77.374 0.07553920 2.10865e-07
1789272292.957 77.433 0.07558390 1.79452e-07
1789272292.967 77.493 0.07564628 1.66717e-07
1789272292.977 77.553 0.07571053 1.44642e-07
1789272292.987 77.612 0.07575430 1.51434e-07
1789272292.997 77.672 0.07580830 1.05588e-07
1789272293.007 77.732 0.07586417 1.32756e-07
1789272293.017 77.791 0.07593679 1.32473e-07
1789272293.027 77.851 0.07597870 1.14644e-07
1789272293.037 77.910 0.07602246 1.38982e-07
1789272293.047 77.969 0.07609602 1.39831e-07
1789272293.057 78.029 0.07616120 1.29926e-07
1789272293.067 78.088 0.07620683 1.80018e-07
1789272293.077 78.147 0.07626083 2.28412e-07
1789272293.087 78.207 0.07632508 2.72843e-07
1789272293.097 78.266 0.07638467 2.40864e-07
1789272293.107 78.325 0.07641819 2.71146e-07
1789272293.117 78.384 0.07647592 3.22086e-07
1789272293.127 78.443 0.07654017 2.81334e-07
1789272293.137 78.502 0.07659976 3.81800e-07
1789272293.147 78.561 0.07667239 3.43878e-07
1789272293.157 78.620 0.07670591 3.91989e-07
1789272293.167 78.679 0.07676644 3.55764e-07
1789272293.177 78.737 0.07683627 3.28313e-07
1789272293.187 78.796 0.07689493 3.16992e-07
1789272293.197 78.855 0.07695173 2.66051e-07
1789272293.207 78.913 0.07701132 2.62938e-07
1789272293.217 78.972 0.07705230 2.06054e-07
1789272293.227 79.031 0.07709140 1.61623e-07
1789272293.237 79.089 0.07714075 1.52566e-07
1789272293.247 79.148 0.07722083 1.30775e-07
1789272293.257 79.206 0.07725156 1.29926e-07
1789272293.267 79.265 0.07731581 1.03041e-07
1789272293.277 79.323 0.07737074 1.23417e-07
1789272293.287 79.381 0.07742475 1.19455e-07
1789272293.297 79.440 0.07748899 9.14373e-08
1789272293.307 79.498 0.07754207 1.12946e-07
1789272293.317 79.556 0.07760167 1.01059e-07
1789272293.327 79.614 0.07766777 9.79464e-08
1789272293.337 79.672 0.07771247 1.18889e-07
1789272293.347 79.730 0.07777299 1.34454e-07
1789272293.357 79.788 0.07782886 1.65868e-07
1789272293.367 79.846 0.07787449 1.76056e-07
1789272293.377 79.904 0.07792756 2.13412e-07
1789272293.387 79.962 0.07797877 2.95484e-07
1789272293.397 80.020 0.07806816 3.09068e-07
1789272293.407 80.078 0.07809796 3.83782e-07
1789272293.417 80.136 0.07815289 5.14813e-07
1789272293.427 80.193 0.07821156 5.88111e-07
1789272293.437 80.251 0.07827581 7.23953e-07
1789272293.447 80.309 0.07832888 9.37056e-07
1789272293.457 80.366 0.07836892 1.23931e-06
1789272293.467 80.424 0.07843689 1.68334e-06
1789272293.477 80.481 0.07849276 2.20605e-06
1789272293.487 80.539 0.07856352 3.18581e-06
1789272293.497 80.596 0.07861846 4.38774e-06
1789272293.507 80.654 0.07863988 6.35943e-06
1789272293.517 80.711 0.07870412 9.36721e-06
1789272293.527 80.769 0.07875348 1.37054e-05
1789272293.537 80.826 0.07879817 1.98008e-05
1789272293.547 80.883 0.07885777 2.64964e-05
1789272293.557 80.940 0.07891642 3.46998e-05
1789272293.567 80.997 0.07898067 4.47111e-05
1789272293.577 81.055 0.07903095 6.17410e-05
1789272293.587 81.112 0.07907844 8.03304e-05
1789272293.597 81.169 0.07913710 1.05793e-04
1789272293.607 81.226 0.07918832 1.30434e-04
1789272293.617 81.283 0.07924698 1.52731e-04
1789272293.627 81.340 0.07930005 1.58912e-04
1789272293.637 81.396 0.07933264 1.51600e-04
1789272293.647 81.453 0.07938758 1.49808e-04
1789272293.657 81.510 0.07944903 1.36001e-04
1789272293.667 81.567 0.07949839 1.20112e-04
1789272293.677 81.624 0.07956729 1.03001e-04
1789272293.687 81.680 0.07961012 7.54444e-05
1789272293.697 81.737 0.07966878 4.76901e-05
1789272293.707 81.794 0.07971907 2.89149e-05
1789272293.717 81.850 0.07978517 2.00843e-05
1789272293.727 81.907 0.07984291 1.52141e-05
1789272293.737 81.963 0.07989039 1.27135e-05
1789272293.747 82.020 0.07994999 1.03855e-05
1789272293.757 82.076 0.08000120 9.50334e-06
1789272293.767 82.132 0.08005520 8.05690e-06
1789272293.777 82.189 0.08010176 7.05195e-06
1789272293.787 82.245 0.08016135 6.80800e-06
1789272293.797 82.301 0.08021070 5.92870e-06
1789272293.807 82.357 0.08026005 5.44363e-06
1789272293.817 82.414 0.08032058 5.03497e-06
1789272293.827 82.470 0.08037365 4.31614e-06
1789272293.837 82.526 0.08042579 3.67117e-06
1789272293.847 82.582 0.08049563 3.50985e-06
1789272293.857 82.638 0.08053474 3.07601e-06
1789272293.867 82.694 0.08059247 2.99082e-06
1789272293.877 82.750 0.08062320 2.60933e-06
1789272293.887 82.806 0.08067906 2.51651e-06
1789272293.897 82.862 0.08074331 2.19841e-06
1789272293.907 82.918 0.08078521 2.13870e-06
1789272293.917 82.973 0.08085505 1.79937e-06
1789272293.927 83.029 0.08091557 1.70089e-06
1789272293.937 83.085 0.08093699 1.59278e-06
1789272293.947 83.140 0.08099751 1.53561e-06
1789272293.957 83.196 0.08105059 1.40543e-06
1789272293.967 83.252 0.08110831 1.31515e-06
1789272293.977 83.307 0.08115860 1.27355e-06
1789272293.987 83.363 0.08119770 1.05196e-06
1789272293.997 83.418 0.08126754 1.02734e-06
1789272294.007 83.474 0.08132527 9.50074e-07
1789272294.017 83.529 0.08137276 9.20925e-07
1789272294.027 83.585 0.08143514 8.70267e-07
1789272294.037 83.640 0.08148915 8.02912e-07
1789272294.047 83.695 0.08154502 6.99898e-07
1789272294.057 83.751 0.08159530 6.88012e-07
1789272294.067 83.806 0.08165396 6.24053e-07
1789272294.077 83.861 0.08170238 5.73961e-07
1789272294.087 83.916 0.08175080 5.69999e-07
1789272294.097 83.971 0.08180574 4.53118e-07
1789272294.107 84.026 0.08186440 3.97083e-07
1789272294.117 84.082 0.08191096 3.97932e-07
1789272294.127 84.137 0.08195751 3.35105e-07
1789272294.137 84.192 0.08201431 3.08785e-07
1789272294.147 84.247 0.08208135 2.86145e-07
1789272294.157 84.301 0.08211488 2.66617e-07
1789272294.167 84.356 0.08215398 2.43128e-07
1789272294.177 84.411 0.08220519 2.43977e-07
1789272294.187 84.466 0.08228993 2.13695e-07
1789272294.197 84.521 0.08232624 2.11148e-07
1789272294.207 84.576 0.08237280 2.30676e-07
1789272294.217 84.630 0.08243332 1.97281e-07
1789272294.227 84.685 0.08248453 1.29360e-07
1789272294.237 84.740 0.08254319 1.52283e-07
1789272294.247 84.794 0.08258789 1.12663e-07
1789272294.257 84.849 0.08262513 1.12946e-07
1789272294.267 84.903 0.08268100 1.07852e-07
1789272294.277 84.958 0.08273315 1.00776e-07
1789272294.287 85.012 0.08278995 1.10682e-07
1789272294.297 85.067 0.08284209 8.52112e-08
1789272294.307 85.121 0.08289517 8.49282e-08
1789272294.317 85.175 0.08294358 8.23811e-08
1789272294.327 85.230 0.08299759 7.58720e-08
1789272294.337 85.284 0.08304414 8.12491e-08
1789272294.347 85.338 0.08309908 6.51178e-08
1789272294.357 85.392 0.08314657 7.36080e-08
1789272294.367 85.447 0.08320150 7.95511e-08
1789272294.377 85.501 0.08324527 7.16269e-08
1789272294.387 85.555 0.08328810 1.01909e-07
1789272294.397 85.609 0.08335142 1.08984e-07
1789272294.407 85.663 0.08340263 1.56811e-07
1789272294.417 85.717 0.08347247 2.02375e-07
1789272294.427 85.771 0.08352088 2.65202e-07
1789272294.437 85.825 0.08356744 3.46708e-07
1789272294.447 85.879 0.08361214 4.18874e-07
1789272294.457 85.933 0.08367918 5.55283e-07
1789272294.467 85.987 0.08372108 6.77824e-07
1789272294.477 86.040 0.08377229 8.27250e-07
1789272294.487 86.094 0.08381512 1.01262e-06
1789272294.497 86.148 0.08387006 1.21044e-06
1789272294.507 86.202 0.08393524 1.35987e-06
1789272294.517 86.255 0.08397341 1.58995e-06
1789272294.527 86.309 0.08401718 1.91371e-06
1789272294.537 86.363 0.08407212 2.07955e-06
1789272294.547 86.416 0.08411123 2.07502e-06
1789272294.557 86.470 0.08414847 2.06200e-06
1789272294.567 86.523 0.08423507 1.94682e-06
1789272294.577 86.577 0.08426021 1.89531e-06
1789272294.587 86.630 0.08428814 1.72523e-06
1789272294.597 86.684 0.08437753 1.56108e-06
1789272294.607 86.737 0.08443061 1.28232e-06
1789272294.617 86.790 0.08448833 9.79507e-07
1789272294.627 86.844 0.08453489 8.25552e-07
1789272294.637 86.897 0.08458983 6.64239e-07
1789272294.647 86.950 0.08463173 5.16228e-07
1789272294.656 87.003 0.08466339 3.92838e-07
1789272294.666 87.056 0.08471460 3.40199e-07
1789272294.676 87.110 0.08476768 2.62089e-07
1789272294.686 87.163 0.08481702 2.31242e-07
1789272294.696 87.216 0.08488500 1.81433e-07
1789272294.706 87.269 0.08492783 1.77754e-07
1789272294.716 87.322 0.08497625 1.52283e-07
1789272294.726 87.375 0.08502653 1.33322e-07
1789272294.736 87.428 0.08508426 1.27662e-07
1789272294.746 87.481 0.08513547 1.09267e-07
1789272294.756 87.534 0.08518389 1.26813e-07
1789272294.766 87.587 0.08522766 9.42673e-08
1789272294.776 87.639 0.08528166 8.83242e-08
1789272294.786 87.692 0.08532077 1.00776e-07
1789272294.796 87.745 0.08537384 7.98341e-08
1789272294.806 87.798 0.08543158 9.05883e-08
1789272294.816 87.850 0.08547068 7.98341e-08
1789272294.826 87.903 0.08552468 7.13439e-08
1789272294.836 87.956 0.08557869 8.63432e-08
1789272294.846 88.008 0.08562618 6.25708e-08
1789272294.856 88.061 0.08567274 7.75700e-08
1789272294.866 88.113 0.08572860 6.76649e-08
1789272294.876 88.166 0.08577982 6.05897e-08
1789272294.886 88.218 0.08581148 7.21929e-08
1789272294.896 88.271 0.08587759 5.74767e-08
1789272294.906 88.323 0.08592414 7.38910e-08
1789272294.916 88.376 0.08598188 5.74767e-08
1789272294.926 88.428 0.08603215 5.06846e-08
1789272294.936 88.480 0.08608336 6.45518e-08
1789272294.946 88.533 0.08613272 4.19114e-08
1789272294.956 88.585 0.08618579 6.05897e-08
1789272294.966 88.637 0.08625190 4.64395e-08
1789272294.976 88.689 0.08628821 3.90813e-08
1789272294.986 88.741 0.08634688 5.32316e-08
1789272294.996 88.794 0.08640368 3.28552e-08
1789272295.006 88.846 0.08642789 4.92695e-08
1789272295.016 88.898 0.08648469 3.42703e-08
1789272295.026 88.950 0.08652380 2.71951e-08
1789272295.036 89.002 0.08656663 4.70055e-08
1789272295.046 89.054 0.08663553 2.66291e-08
1789272295.056 89.106 0.08668954 4.61565e-08
1789272295.066 89.158 0.08672399 3.62513e-08
1789272295.076 89.210 0.08677148 3.05912e-08
1789272295.086 89.261 0.08681338 4.36094e-08
1789272295.096 89.313 0.08688414 2.83272e-08
1789272295.106 89.365 0.08693163 4.70055e-08
1789272295.116 89.417 0.08697260 4.04964e-08
1789272295.126 89.469 0.08702381 3.96474e-08
1789272295.136 89.520 0.08707595 5.52126e-08
1789272295.146 89.572 0.08711972 3.96474e-08
1789272295.156 89.624 0.08715510 5.20996e-08
1789272295.166 89.675 0.08722121 5.04015e-08
1789272295.176 89.727 0.08726684 4.67225e-08
1789272295.186 89.779 0.08731712 6.42688e-08
1789272295.196 89.830 0.08737299 4.64395e-08
1789272295.206 89.882 0.08741117 6.31368e-08
1789272295.216 89.933 0.08746517 4.87035e-08
1789272295.226 89.984 0.08749031 4.33264e-08
1789272295.236 90.036 0.08756946 5.88917e-08
1789272295.246 90.087 0.08762067 3.65343e-08
1789272295.256 90.139 0.08764581 5.29486e-08
1789272295.266 90.190 0.08769795 3.99304e-08
1789272295.276 90.241 0.08774544 3.28552e-08
1789272295.286 90.293 0.08778827 4.72885e-08
1789272295.296 90.344 0.08785717 2.83272e-08
1789272295.306 90.395 0.08789256 4.21944e-08
1789272295.316 90.446 0.08794843 2.88932e-08
1789272295.326 90.497 0.08800616 2.71951e-08
1789272295.336 90.549 0.08804247 4.10624e-08
1789272295.346 90.600 0.08809276 2.60631e-08
1789272295.356 90.651 0.08813372 4.53075e-08
1789272295.366 90.702 0.08817842 3.68173e-08
1789272295.376 90.753 0.08821380 4.16284e-08
1789272295.386 90.804 0.08826222 5.52126e-08
1789272295.396 90.855 0.08834323 4.21944e-08
1789272295.406 90.906 0.08839816 6.00237e-08
1789272295.416 90.957 0.08844286 5.40806e-08
1789272295.426 91.007 0.08847266 5.49296e-08
1789272295.436 91.058 0.08851829 7.16269e-08
1789272295.446 91.109 0.08857508 5.46466e-08
1789272295.456 91.160 0.08863002 7.21929e-08
1789272295.466 91.211 0.08868123 5.97407e-08
1789272295.476 91.261 0.08872034 6.11557e-08
1789272295.486 91.312 0.08875572 7.30420e-08
1789272295.496 91.363 0.08881718 5.52126e-08
1789272295.506 91.413 0.08885349 6.70988e-08
1789272295.516 91.464 0.08889074 5.57786e-08
1789272295.526 91.515 0.08895684 5.52126e-08
1789272295.536 91.565 0.08901178 7.04949e-08
1789272295.546 91.616 0.08906765 4.50244e-08
1789272295.556 91.666 0.08909931 6.45518e-08
1789272295.566 91.717 0.08915332 5.29486e-08
1789272295.576 91.767 0.08919708 5.54956e-08
1789272295.586 91.817 0.08923619 6.48348e-08
1789272295.596 91.868 0.08928647 4.78545e-08
1789272295.606 91.918 0.08933209 6.28538e-08
1789272295.616 91.969 0.08938051 5.32316e-08
1789272295.626 92.019 0.08944104 5.71937e-08
1789272295.636 92.069 0.08949690 7.13439e-08
1789272295.646 92.119 0.08955464 5.29486e-08
1789272295.656 92.170 0.08957512 7.13439e-08
1789272295.666 92.220 0.08961796 7.24759e-08
1789272295.676 92.270 0.08967382 7.55890e-08
1789272295.686 92.320 0.08970548 9.42673e-08
1789272295.696 92.370 0.08977811 8.69092e-08
1789272295.706 92.420 0.08984422 1.10965e-07
1789272295.716 92.470 0.08989543 1.16342e-07
1789272295.726 92.521 0.08992895 1.47755e-07
1789272295.736 92.571 0.08997179 1.78320e-07
1789272295.746 92.621 0.08999972 2.04073e-07
1789272295.756 92.670 0.09004069 2.70862e-07
1789272295.766 92.720 0.09009190 3.43312e-07
1789272295.776 92.770 0.09015988 4.80286e-07
1789272295.786 92.820 0.09019712 6.46127e-07
1789272295.796 92.870 0.09025298 7.16312e-07
1789272295.806 92.920 0.09029861 9.44697e-07
1789272295.816 92.970 0.09034982 1.14393e-06
1789272295.826 93.019 0.09038242 1.47788e-06
1789272295.836 93.069 0.09043270 1.60551e-06
1789272295.846 93.119 0.09050253 1.83928e-06
1789272295.856 93.169 0.09054536 2.05153e-06
1789272295.866 93.218 0.09057516 2.33595e-06
1789272295.876 93.268 0.09062451 2.51622e-06
1789272295.886 93.317 0.09067665 2.68631e-06
1789272295.896 93.367 0.09071856 3.02309e-06
1789272295.906 93.417 0.09075952 3.20676e-06
1789272295.916 93.466 0.09083122 3.24213e-06
1789272295.926 93.516 0.09086567 3.24836e-06
1789272295.936 93.565 0.09091781 3.19657e-06
1789272295.946 93.615 0.09096065 3.27921e-06
1789272295.956 93.664 0.09098393 3.00894e-06
1789272295.966 93.713 0.09103979 2.89404e-06
1789272295.976 93.763 0.09110125 2.59405e-06
1789272295.986 93.812 0.09114222 2.55245e-06
1789272295.996 93.861 0.09119343 2.09653e-06
1789272296.006 93.911 0.09123254 1.88909e-06
1789272296.016 93.960 0.09129586 1.64117e-06
1789272296.026 94.009 0.09133310 1.41845e-06
1789272296.036 94.059 0.09136383 1.31119e-06
1789272296.046 94.108 0.09141225 1.11252e-06
1789272296.056 94.157 0.09146532 9.69036e-07
1789272296.066 94.206 0.09151281 8.79323e-07
1789272296.076 94.255 0.09156868 7.21406e-07
1789272296.086 94.304 0.09161710 6.09619e-07
1789272296.096 94.353 0.09164876 4.80003e-07
1789272296.106 94.402 0.09169810 4.43496e-07
1789272296.116 94.451 0.09174094 3.32557e-07
1789272296.126 94.500 0.09178284 3.23501e-07
1789272296.136 94.549 0.09183871 2.80202e-07
1789272296.146 94.598 0.09190109 2.09167e-07
1789272296.156 94.647 0.09192438 2.18790e-07
1789272296.166 94.696 0.09198303 1.81716e-07
1789272296.176 94.745 0.09203146 1.66434e-07
1789272296.186 94.794 0.09207149 1.51717e-07
1789272296.196 94.843 0.09212643 1.20021e-07
1789272296.206 94.891 0.09217485 1.23983e-07
1789272296.216 94.940 0.09220557 1.04456e-07
1789272296.226 94.989 0.09225678 8.91732e-08
1789272296.236 95.038 0.09230148 8.43621e-08
1789272296.246 95.086 0.09235083 5.23826e-08
1789272296.256 95.135 0.09238529 7.41740e-08
1789272296.266 95.184 0.09244767 5.40806e-08
1789272296.276 95.232 0.09248306 5.04015e-08
1789272296.286 95.281 0.09253706 5.09676e-08
1789272296.296 95.329 0.09258641 2.49311e-08
1789272296.306 95.378 0.09262272 4.36094e-08
1789272296.316 95.426 0.09268511 2.04030e-08
1789272296.326 95.475 0.09274563 2.37991e-08
1789272296.336 95.523 0.09279033 2.35161e-08
1789272296.346 95.572 0.09281547 -2.56352e-10
1789272296.356 95.620 0.09285644 1.84220e-08
1789272296.366 95.669 0.09289089 3.70572e-09
1789272296.376 95.717 0.09294117 3.09658e-10
1789272296.386 95.765 0.09300542 5.12074e-09
1789272296.396 95.814 0.09304453 -1.97837e-08
1789272296.406 95.862 0.09308829 -2.80340e-09
1789272296.416 95.910 0.09313578 -2.31797e-08
1789272296.425 95.958 0.09316558 -2.99719e-08
1789272296.436 96.007 0.09321585 -2.43118e-08
1789272296.446 96.055 0.09327545 -4.72351e-08
1789272296.455 96.103 0.09331176 -3.36509e-08
1789272296.465 96.151 0.09336112 -5.57252e-08
1789272296.475 96.199 0.09338812 -5.99703e-08
1789272296.485 96.247 0.09344491 -6.30834e-08
1789272296.495 96.295 0.09350823 -7.94976e-08
1789272296.505 96.344 0.09354455 -6.98755e-08
1789272296.515 96.392 0.09358924 -9.44969e-08
1789272296.525 96.440 0.09361718 -9.98739e-08
1789272296.535 96.488 0.09368794 -9.93079e-08
1789272296.545 96.535 0.09375126 -1.18835e-07
1789272296.555 96.583 0.09376336 -1.02987e-07
1789272296.565 96.631 0.09381458 -1.18552e-07
1789272296.575 96.679 0.09386486 -1.17420e-07
1789272296.585 96.727 0.09391328 -1.09213e-07
1789272296.595 96.775 0.09394866 -1.19401e-07
1789272296.605 96.823 0.09400825 -9.11008e-08
1789272296.615 96.871 0.09404922 -9.16668e-08
1789272296.625 96.918 0.09409485 -7.69506e-08
1789272296.635 96.966 0.09413768 -5.28952e-08
1789272296.645 97.014 0.09417399 -4.75181e-08
1789272296.655 97.061 0.09422893 -1.35576e-08
1789272296.665 97.109 0.09429690 -1.69536e-08
1789272296.675 97.157 0.09432949 -1.95438e-09
1789272296.685 97.204 0.09437698 1.27619e-08
1789272296.695 97.252 0.09442540 7.38478e-09
1789272296.705 97.300 0.09445706 2.77611e-08
1789272296.715 97.347 0.09449430 1.70069e-08
1789272296.725 97.395 0.09453807 2.15350e-08
1789272296.735 97.442 0.09458369 2.77611e-08
1789272296.745 97.490 0.09465073 1.70069e-08
1789272296.755 97.537 0.09467401 3.56853e-08
1789272296.765 97.585 0.09473454 1.98370e-08
1789272296.775 97.632 0.09476340 2.26670e-08
1789272296.785 97.679 0.09480624 3.11572e-08
1789272296.795 97.727 0.09486769 1.64409e-08
1789272296.805 97.774 0.09490028 3.39873e-08
1789272296.815 97.821 0.09494125 1.84220e-08
1789272296.825 97.869 0.09498594 2.26670e-08
1789272296.835 97.916 0.09502412 3.25722e-08
1789272296.845 97.963 0.09509488 2.26670e-08
1789272296.855 98.011 0.09512655 5.04015e-08
1789272296.865 98.058 0.09516565 3.79493e-08
1789272296.875 98.105 0.09522245 5.09676e-08
1789272296.885 98.152 0.09525039 7.07779e-08
1789272296.895 98.199 0.09530160 6.56838e-08
1789272296.905 98.246 0.09535374 1.05305e-07
1789272296.915 98.293 0.09539285 1.06437e-07
1789272296.925 98.341 0.09543661 1.29077e-07
1789272296.935 98.388 0.09547944 1.65302e-07
1789272296.945 98.435 0.09553717 1.72094e-07
1789272296.955 98.482 0.09556231 2.19356e-07
1789272296.965 98.529 0.09560701 2.28129e-07
1789272296.975 98.576 0.09565170 2.90956e-07
1789272296.985 98.623 0.09570850 3.37369e-07
1789272296.995 98.669 0.09575133 3.84914e-07
1789272297.005 98.716 0.09577275 4.58495e-07
1789272297.015 98.763 0.09582489 5.69150e-07
1789272297.025 98.810 0.09587983 6.43014e-07
1789272297.035 98.857 0.09592825 8.41967e-07
1789272297.045 98.904 0.09597387 1.00413e-06
1789272297.055 98.950 0.09602230 1.40458e-06
1789272297.065 98.997 0.09605954 1.97710e-06
1789272297.075 99.044 0.09610051 2.51651e-06
1789272297.085 99.091 0.09615079 4.03822e-06
1789272297.095 99.137 0.09619176 5.28713e-06
1789272297.105 99.184 0.09623832 7.81181e-06
1789272297.115 99.231 0.09627556 8.81790e-06
1789272297.125 99.277 0.09631746 1.52597e-05
1789272297.135 99.324 0.09636775 1.78701e-05
1789272297.145 99.371 0.09641616 2.28895e-05
1789272297.155 99.417 0.09645434 3.07907e-05
1789272297.165 99.464 0.09650742 3.37696e-05
1789272297.175 99.510 0.09654559 4.41695e-05
1789272297.185 99.557 0.09658377 5.19858e-05
1789272297.195 99.603 0.09664057 5.70437e-05
1789272297.205 99.650 0.09668713 6.34894e-05
1789272297.215 99.696 0.09673461 7.30221e-05
1789272297.225 99.742 0.09676813 8.04351e-05
1789272297.235 99.789 0.09681935 8.47323e-05
1789272297.245 99.835 0.09686031 8.08520e-05
1789272297.255 99.882 0.09690315 9.08715e-05
1789272297.265 99.928 0.09695064 9.50136e-05
1789272297.275 99.974 0.09698974 9.78487e-05
1789272297.285 100.021 0.09704375 9.60655e-05
1789272297.295 100.067 0.09708006 9.61380e-05
1789272297.305 100.113 0.09710334 9.79704e-05
1789272297.315 100.159 0.09714059 9.35445e-05
1789272297.325 100.205 0.09718807 8.76277e-05
1789272297.335 100.252 0.09726163 8.32465e-05
1789272297.345 100.298 0.09729050 8.83372e-05
1789272297.355 100.344 0.09733240 7.57743e-05
1789272297.365 100.390 0.09737803 7.83658e-05
1789272297.375 100.436 0.09741341 6.75825e-05
1789272297.385 100.482 0.09745624 5.95222e-05
1789272297.395 100.528 0.09748976 5.10354e-05
1789272297.405 100.574 0.09753166 5.06831e-05
1789272297.415 100.620 0.09760150 4.33887e-05
1789272297.425 100.666 0.09764340 3.60815e-05
1789272297.435 100.712 0.09768065 3.49959e-05
1789272297.445 100.758 0.09772813 2.94826e-05
1789272297.455 100.804 0.09778866 2.57558e-05
1789272297.465 100.850 0.09782869 2.27290e-05
1789272297.475 100.896 0.09784918 2.05739e-05
1789272297.485 100.942 0.09790970 1.82009e-05
1789272297.495 100.988 0.09795626 1.66189e-05
1789272297.505 101.033 0.09798326 1.35925e-05
1789272297.515 101.079 0.09803541 1.11541e-05
1789272297.525 101.125 0.09808569 1.09577e-05
1789272297.535 101.171 0.09811642 9.73653e-06
1789272297.545 101.217 0.09815459 7.52230e-06
1789272297.555 101.262 0.09821791 5.34429e-06
1789272297.565 101.308 0.09826912 6.31415e-06
1789272297.575 101.354 0.09827657 5.83700e-06
1789272297.585 101.399 0.09832779 5.67343e-06
1789272297.595 101.445 0.09839389 4.73357e-06
1789272297.605 101.490 0.09841251 3.73173e-06
1789272297.615 101.536 0.09847676 3.56136e-06
1789272297.625 101.582 0.09851866 3.52853e-06
1789272297.635 101.627 0.09855033 3.27383e-06
1789272297.645 101.673 0.09859409 2.94243e-06
1789272297.655 101.718 0.09863412 2.54509e-06
1789272297.665 101.764 0.09869837 2.49698e-06
1789272297.675 101.809 0.09871513 2.48679e-06
1789272297.685 101.855 0.09875983 1.96974e-06
1789272297.695 101.900 0.09882128 1.83107e-06
1789272297.705 101.946 0.09885667 1.84635e-06
1789272297.715 101.991 0.09889205 1.54608e-06
1789272297.725 102.036 0.09893861 1.32845e-06
1789272297.735 102.082 0.09898237 1.44307e-06
1789272297.745 102.127 0.09902707 1.01885e-06
1789272297.755 102.172 0.09907734 9.38188e-07
1789272297.765 102.218 0.09912111 8.90077e-07
1789272297.775 102.263 0.09915370 9.84601e-07
1789272297.785 102.308 0.09919001 7.32161e-07
1789272297.795 102.353 0.09924774 7.67253e-07
1789272297.805 102.399 0.09928219 8.38571e-07
1789272297.815 102.444 0.09934179 6.64522e-07
1789272297.825 102.489 0.09937996 6.29996e-07
1789272297.835 102.534 0.09939207 5.44811e-07
1789272297.845 102.579 0.09945353 5.44528e-07
1789272297.855 102.624 0.09950567 5.25850e-07
1789272297.865 102.669 0.09955968 4.05573e-07
1789272297.875 102.714 0.09958388 4.51137e-07
1789272297.885 102.759 0.09962858 3.64820e-07
1789272297.895 102.805 0.09967420 3.47274e-07
1789272297.905 102.850 0.09969748 2.78787e-07
1789272297.915 102.895 0.09974962 2.55014e-07
1789272297.925 102.939 0.09978966 2.66334e-07
1789272297.935 102.984 0.09982784 2.40581e-07
1789272297.945 103.029 0.09988743 1.57660e-07
1789272297.955 103.074 0.09993213 1.48038e-07
1789272297.965 103.119 0.09997123 1.23700e-07
1789272297.975 103.164 0.10000848 8.52112e-08
1789272297.985 103.209 0.10004573 7.04949e-08
1789272297.995 103.254 0.10008949 5.01185e-08
1789272298.005 103.299 0.10012859 5.43636e-08
1789272298.015 103.343 0.10018539 2.15350e-08
1789272298.025 103.388 0.10022358 -8.22362e-10
1789272298.035 103.433 0.10025989 -1.10537e-09
1789272298.045 103.478 0.10031948 -3.39339e-08
1789272298.055 103.522 0.10035300 -5.34612e-08
1789272298.065 103.567 0.10038838 -4.38391e-08
1789272298.075 103.612 0.10044426 -6.61964e-08
1789272298.085 103.656 0.10047684 -5.82723e-08
1789272298.095 103.701 0.10050664 -7.18565e-08
1789272298.105 103.746 0.10055412 -5.20462e-08
1789272298.115 103.790 0.10061837 -7.10075e-08
1789272298.125 103.835 0.10063792 -5.11972e-08
1789272298.135 103.879 0.10067145 -5.09142e-08
1789272298.145 103.924 0.10072639 -6.05363e-08
1789272298.155 103.968 0.10077760 -4.15750e-08
1789272298.165 104.013 0.10080646 -5.00652e-08
1789272298.175 104.057 0.10085396 -4.49711e-08
1789272298.185 104.102 0.10090144 -2.85568e-08
1789272298.195 104.146 0.10093775 -4.72351e-08
1789272298.205 104.191 0.10096848 -2.94059e-08
1789272298.215 104.235 0.10103086 -3.16699e-08
1789272298.225 104.280 0.10107743 -2.09157e-08
1789272298.235 104.324 0.10111467 -1.89347e-08
1789272298.245 104.368 0.10116309 -3.81790e-08
1789272298.255 104.413 0.10119475 -6.19946e-09
1789272298.265 104.457 0.10124037 -2.57268e-08
1789272298.275 104.501 0.10127016 -1.49726e-08
1789272298.285 104.546 0.10130556 -1.46896e-08
1789272298.295 104.590 0.10136980 -3.42169e-08
1789272298.305 104.634 0.10141077 -1.01615e-08
1789272298.315 104.678 0.10143684 -2.60098e-08
1789272298.325 104.723 0.10148339 -2.26137e-08
1789272298.335 104.767 0.10154486 -2.20477e-08
1789272298.345 104.811 0.10156906 -3.78960e-08
1789272298.355 104.855 0.10160445 -1.92177e-08
1789272298.365 104.899 0.10163797 -3.30849e-08
1789272298.375 104.943 0.10167986 -2.82738e-08
1789272298.385 104.987 0.10174319 -2.57268e-08
1789272298.395 105.031 0.10178509 -4.27071e-08
1789272298.404 105.076 0.10182419 -1.63876e-08
1789272298.414 105.120 0.10186609 -2.91229e-08
1789272298.424 105.164 0.10191172 -1.46896e-08
1789272298.434 105.208 0.10194151 -6.19946e-09
1789272298.444 105.252 0.10199459 -1.72366e-08
1789272298.454 105.296 0.10203463 5.12074e-09
1789272298.464 105.339 0.10208584 -8.22362e-10
1789272298.474 105.383 0.10212867 1.72900e-08
1789272298.484 105.427 0.10215847 3.05912e-08
1789272298.494 105.471 0.10220224 2.52141e-08
1789272298.504 105.515 0.10223576 6.05897e-08
1789272298.514 105.559 0.10228883 4.13454e-08
1789272298.524 105.603 0.10233259 6.59668e-08
1789272298.534 105.647 0.10236983 8.43621e-08
1789272298.544 105.690 0.10242478 7.95511e-08
1789272298.554 105.734 0.10244154 1.14927e-07
1789272298.564 105.778 0.10249554 1.08701e-07
1789272298.574 105.822 0.10253372 1.29077e-07
1789272298.584 105.865 0.10257282 1.43510e-07
1789272298.594 105.909 0.10263427 1.29643e-07
1789272298.604 105.953 0.10267246 1.59642e-07
1789272298.614 105.996 0.10270877 1.45208e-07
1789272298.624 106.040 0.10274136 1.64453e-07
1789272298.634 106.084 0.10279164 1.73792e-07
1789272298.644 106.127 0.10284938 1.62471e-07
1789272298.654 106.171 0.10287452 1.84546e-07
1789272298.664 106.215 0.10289965 1.74075e-07
1789272298.674 106.258 0.10293969 1.76622e-07
1789272298.684 106.302 0.10296576 1.78603e-07
1789272298.694 106.345 0.10302535 1.55679e-07
1789272298.704 106.389 0.10307471 1.79735e-07
1789272298.714 106.432 0.10311847 1.57094e-07
1789272298.724 106.476 0.10313244 1.56528e-07
1789272298.734 106.519 0.10319203 1.55113e-07
1789272298.744 106.563 0.10322648 1.41529e-07
1789272298.754 106.606 0.10324231 1.53415e-07
1789272298.764 106.649 0.10331215 1.21719e-07
1789272298.774 106.693 0.10335405 1.34737e-07
1789272298.784 106.736 0.10338850 1.20021e-07
1789272298.794 106.780 0.10343598 9.37013e-08
1789272298.804 106.823 0.10349464 1.08135e-07
1789272298.814 106.866 0.10352817 8.60602e-08
1789272298.824 106.910 0.10355238 1.01909e-07
1789272298.834 106.953 0.10358962 9.65314e-08
1789272298.844 106.996 0.10362594 7.67210e-08
1789272298.854 107.039 0.10366411 8.52112e-08
1789272298.864 107.083 0.10372930 6.73818e-08
1789272298.874 107.126 0.10377027 7.10609e-08
1789272298.884 107.169 0.10381217 6.73818e-08
1789272298.894 107.212 0.10384755 4.98355e-08
1789272298.904 107.255 0.10387362 6.28538e-08
1789272298.914 107.298 0.10391924 4.24774e-08
1789272298.924 107.342 0.10394253 4.87035e-08
1789272298.934 107.385 0.10401236 4.41754e-08
1789272298.944 107.428 0.10405985 2.52141e-08
1789272298.954 107.471 0.10409802 4.50244e-08
1789272298.964 107.514 0.10412130 2.74781e-08
1789272298.974 107.557 0.10415109 3.54023e-08
1789272298.984 107.600 0.10420976 3.65343e-08
1789272298.994 107.643 0.10426563 2.29501e-08
1789272299.004 107.686 0.10427773 3.87983e-08
1789272299.014 107.729 0.10433732 1.89880e-08
1789272299.024 107.772 0.10436713 2.88932e-08
1789272299.034 107.815 0.10441275 3.11572e-08
1789272299.044 107.858 0.10446303 1.21959e-08
1789272299.054 107.901 0.10448817 3.17232e-08
1789272299.064 107.944 0.10453565 1.92710e-08
1789272299.074 107.986 0.10456452 2.40821e-08
1789272299.084 108.029 0.10461107 2.52141e-08
1789272299.094 108.072 0.10466415 1.04978e-08
1789272299.104 108.115 0.10469860 3.22892e-08
1789272299.114 108.158 0.10473957 1.53089e-08
1789272299.124 108.201 0.10476285 2.63461e-08
1789272299.134 108.243 0.10481592 2.46481e-08
1789272299.144 108.286 0.10485690 1.27619e-08
1789272299.154 108.329 0.10488949 3.00252e-08
1789272299.164 108.371 0.10494535 1.21959e-08
1789272299.174 108.414 0.10497701 2.23840e-08
1789272299.184 108.457 0.10502077 2.29501e-08
1789272299.194 108.500 0.10505337 9.08281e-09
1789272299.204 108.542 0.10509527 2.83272e-08
1789272299.214 108.585 0.10512972 1.24789e-08
1789272299.224 108.627 0.10517348 2.09690e-08
1789272299.234 108.670 0.10521911 2.18180e-08
1789272299.244 108.713 0.10527219 9.93183e-09
1789272299.254 108.755 0.10530664 2.80442e-08
1789272299.264 108.798 0.10536995 1.16299e-08
1789272299.274 108.840 0.10537833 2.15350e-08
1789272299.284 108.883 0.10542209 2.32331e-08
1789272299.294 108.925 0.10546399 1.33279e-08
1789272299.304 108.968 0.10549659 3.34212e-08
1789272299.314 109.010 0.10554315 1.55919e-08
1789272299.324 109.053 0.10557480 2.66291e-08
1789272299.334 109.095 0.10561670 2.69121e-08
1789272299.344 109.138 0.10567164 1.84220e-08
1789272299.354 109.180 0.10569212 3.87983e-08
1789272299.364 109.222 0.10573775 1.92710e-08
1789272299.374 109.265 0.10578338 3.31382e-08
1789272299.384 109.307 0.10582435 3.11572e-08
1789272299.394 109.349 0.10587556 2.32331e-08
1789272299.404 109.392 0.10590814 4.38924e-08
1789272299.414 109.434 0.10595936 2.57801e-08
1789272299.424 109.476 0.10600126 3.68173e-08
1789272299.434 109.519 0.10603478 3.56853e-08
1789272299.444 109.561 0.10606644 2.57801e-08
1789272299.454 109.603 0.10609437 4.55905e-08
1789272299.464 109.645 0.10614094 2.80442e-08
1789272299.474 109.687 0.10617539 3.71003e-08
1789272299.484 109.730 0.10622567 3.45533e-08
1789272299.494 109.772 0.10628526 2.69121e-08
1789272299.504 109.814 0.10632157 4.50244e-08
1789272299.514 109.856 0.10635695 2.52141e-08
1789272299.524 109.898 0.10638117 3.34212e-08
1789272299.534 109.940 0.10642865 3.37043e-08
1789272299.544 109.982 0.10648452 2.52141e-08
1789272299.554 110.025 0.10651245 4.10624e-08
