1789278759.395 31.726 0.03449201 4.07796e-08
1789278759.401 31.871 0.03449201 3.17234e-08
1789278759.411 32.016 0.03448735 3.03084e-08
1789278759.421 32.160 0.03448083 3.71005e-08
1789278759.431 32.304 0.03445849 4.44587e-08
1789278759.441 32.447 0.03444731 2.83274e-08
1789278759.451 32.589 0.03444266 4.89868e-08
1789278759.461 32.731 0.03446035 3.87986e-08
1789278759.471 32.872 0.03445569 4.67228e-08
1789278759.481 33.013 0.03444825 5.09679e-08
1789278759.491 33.152 0.03446966 4.02136e-08
1789278759.501 33.292 0.03443800 5.74770e-08
1789278759.511 33.430 0.03443241 4.61568e-08
1789278759.521 33.569 0.03445104 5.18169e-08
1789278759.531 33.706 0.03447618 5.37979e-08
1789278759.541 33.843 0.03449667 4.07796e-08
1789278759.551 33.980 0.03450784 5.43639e-08
1789278759.561 34.116 0.03452460 3.96476e-08
1789278759.571 34.251 0.03455998 4.24777e-08
1789278759.581 34.386 0.03462982 4.10626e-08
1789278759.591 34.520 0.03471362 2.26672e-08
1789278759.601 34.654 0.03480673 3.68175e-08
1789278759.611 34.787 0.03488215 1.64411e-08
1789278759.621 34.920 0.03497806 1.72901e-08
1789278759.631 35.053 0.03508607 1.70071e-08
1789278759.641 35.184 0.03519501 2.00778e-09
1789278759.651 35.316 0.03534120 2.32333e-08
1789278759.661 35.446 0.03547063 1.30450e-08
1789278759.671 35.577 0.03561216 2.35163e-08
1789278759.681 35.707 0.03578070 2.74783e-08
1789278759.691 35.836 0.03592595 1.24790e-08
1789278759.701 35.965 0.03608611 2.97424e-08
1789278759.711 36.093 0.03625185 1.21960e-08
1789278759.721 36.221 0.03639804 1.87051e-08
1789278759.731 36.349 0.03656099 2.06862e-08
1789278759.741 36.476 0.03672208 5.68686e-09
1789278759.751 36.603 0.03688223 2.06862e-08
1789278759.761 36.729 0.03705170 3.70582e-09
1789278759.771 36.855 0.03719509 1.27620e-08
1789278759.781 36.980 0.03734221 1.58751e-08
1789278759.791 37.105 0.03747071 2.85680e-09
1789278759.801 37.230 0.03761876 1.81391e-08
1789278759.811 37.354 0.03777146 1.72478e-09
1789278759.821 37.477 0.03790182 1.16300e-08
1789278759.831 37.601 0.03802752 1.38940e-08
1789278759.841 37.724 0.03816626 -1.38829e-09
1789278759.851 37.846 0.03826869 1.61581e-08
1789278759.861 37.968 0.03838136 1.15876e-09
1789278759.871 38.090 0.03846795 1.04980e-08
1789278759.881 38.211 0.03856572 1.19130e-08
1789278759.891 38.332 0.03870260 -1.95430e-09
1789278759.901 38.453 0.03880502 1.53091e-08
1789278759.911 38.573 0.03889441 8.75759e-10
1789278759.921 38.693 0.03896611 1.02150e-08
1789278759.931 38.812 0.03908716 1.21960e-08
1789278759.941 38.931 0.03917282 -1.38829e-09
1789278759.951 39.050 0.03926593 1.53091e-08
1789278759.961 39.168 0.03935905 1.15876e-09
1789278759.971 39.286 0.03942050 1.10640e-08
1789278759.981 39.404 0.03951175 1.24790e-08
1789278759.991 39.521 0.03961790 -1.10528e-09
1789278760.001 39.638 0.03970822 1.70071e-08
1789278760.011 39.755 0.03981065 1.72478e-09
1789278760.021 39.871 0.03990004 1.21960e-08
1789278760.031 39.987 0.04002388 1.07810e-08
1789278760.041 40.102 0.04012258 8.75759e-10
1789278760.051 40.218 0.04020638 1.70071e-08
1789278760.061 40.333 0.04031439 5.92753e-10
1789278760.071 40.447 0.04042613 1.02150e-08
1789278760.081 40.561 0.04052669 1.38940e-08
1789278760.091 40.675 0.04061608 -8.22278e-10
1789278760.101 40.789 0.04073340 1.67241e-08
1789278760.111 40.902 0.04085166 5.92753e-10
1789278760.121 41.015 0.04094197 1.19130e-08
1789278760.131 41.128 0.04106861 1.44601e-08
1789278760.141 41.240 0.04119524 -1.38829e-09
1789278760.151 41.353 0.04130232 1.67241e-08
1789278760.161 41.464 0.04139171 2.00778e-09
1789278760.171 41.576 0.04150718 1.02150e-08
1789278760.181 41.687 0.04163102 1.24790e-08
1789278760.191 41.798 0.04173623 -1.67130e-09
1789278760.200 41.908 0.04183866 2.01202e-08
1789278760.211 42.019 0.04196157 1.15876e-09
1789278760.220 42.129 0.04206027 1.21960e-08
1789278760.230 42.238 0.04217852 1.24790e-08
1789278760.240 42.348 0.04231447 5.96987e-09
1789278760.250 42.457 0.04243086 1.98372e-08
1789278760.260 42.566 0.04252770 2.57380e-09
1789278760.270 42.674 0.04261150 1.21960e-08
1789278760.280 42.783 0.04269065 1.24790e-08
1789278760.290 42.891 0.04280611 5.68686e-09
1789278760.300 42.999 0.04292808 1.95542e-08
1789278760.310 43.106 0.04303889 1.72478e-09
1789278760.320 43.213 0.04314411 1.21960e-08
1789278760.330 43.320 0.04323629 1.21960e-08
1789278760.340 43.427 0.04331637 4.83785e-09
1789278760.350 43.534 0.04341600 2.06862e-08
1789278760.360 43.640 0.04349422 1.15876e-09
1789278760.370 43.746 0.04360316 1.21960e-08
1789278760.380 43.851 0.04370838 1.24790e-08
1789278760.390 43.957 0.04381732 4.83785e-09
1789278760.400 44.062 0.04389740 1.92712e-08
1789278760.410 44.167 0.04398772 8.75759e-10
1789278760.420 44.271 0.04407617 1.21960e-08
1789278760.430 44.376 0.04416184 1.27620e-08
1789278760.440 44.480 0.04426426 3.42282e-09
1789278760.450 44.584 0.04434248 1.53091e-08
1789278760.460 44.688 0.04445328 2.67406e-11
1789278760.470 44.791 0.04456409 1.27620e-08
1789278760.480 44.894 0.04465813 1.19130e-08
1789278760.490 44.997 0.04474473 2.29079e-09
1789278760.500 45.100 0.04483691 1.41770e-08
1789278760.510 45.203 0.04494958 -2.56266e-10
1789278760.520 45.305 0.04503711 1.21960e-08
1789278760.530 45.407 0.04512184 1.04980e-08
1789278760.540 45.509 0.04521216 2.29079e-09
1789278760.550 45.610 0.04531086 1.53091e-08
1789278760.560 45.712 0.04541421 -5.39272e-10
1789278760.570 45.813 0.04552968 1.21960e-08
1789278760.580 45.914 0.04561999 9.93196e-09
1789278760.590 46.014 0.04570287 2.00778e-09
1789278760.600 46.115 0.04578667 1.50261e-08
1789278760.610 46.215 0.04589747 -2.56266e-10
1789278760.620 46.315 0.04600362 1.27620e-08
1789278760.630 46.415 0.04607811 9.93196e-09
1789278760.640 46.515 0.04617309 2.57380e-09
1789278760.650 46.614 0.04628762 1.64411e-08
1789278760.660 46.713 0.04640587 3.09747e-10
1789278760.670 46.812 0.04648502 1.38940e-08
1789278760.680 46.911 0.04656696 9.36594e-09
1789278760.690 47.010 0.04667776 1.15876e-09
1789278760.700 47.108 0.04677553 1.89881e-08
1789278760.710 47.206 0.04686213 2.29079e-09
1789278760.720 47.304 0.04693848 1.24790e-08
1789278760.730 47.402 0.04704184 7.10190e-09
1789278760.740 47.499 0.04713681 -5.39272e-10
1789278760.750 47.597 0.04721223 1.92712e-08
1789278760.760 47.694 0.04733794 2.00778e-09
1789278760.770 47.791 0.04743012 1.36110e-08
1789278760.780 47.887 0.04750834 9.36594e-09
1789278760.790 47.984 0.04760424 5.92753e-10
1789278760.800 48.080 0.04769829 2.04032e-08
1789278760.810 48.177 0.04777091 3.42282e-09
1789278760.820 48.273 0.04786310 1.41770e-08
1789278760.830 48.368 0.04795342 1.24790e-08
1789278760.840 48.464 0.04804653 1.95542e-08
1789278760.850 48.559 0.04812661 6.76652e-08
1789278760.860 48.655 0.04823555 2.02659e-07
1789278760.870 48.750 0.04832121 4.55101e-07
1789278760.880 48.844 0.04839850 1.41562e-06
1789278760.890 48.939 0.04848882 3.38903e-06
1789278760.900 49.034 0.04856517 4.78481e-06
1789278760.910 49.128 0.04867039 5.92646e-06
1789278760.920 49.222 0.04875512 5.43799e-06
1789278760.930 49.316 0.04885569 3.78240e-06
1789278760.940 49.410 0.04893949 2.49727e-06
1789278760.950 49.503 0.04904098 1.28969e-06
1789278760.960 49.597 0.04912385 4.25102e-07
1789278760.970 49.690 0.04919648 1.36436e-07
1789278760.980 49.783 0.04929053 6.39861e-08
1789278760.990 49.876 0.04937060 3.51195e-08
1789278761.000 49.969 0.04946651 4.55907e-08
1789278761.010 50.061 0.04954659 1.87051e-08
1789278761.020 50.153 0.04964063 2.57803e-08
1789278761.030 50.246 0.04973281 1.41770e-08
1789278761.040 50.338 0.04980730 9.08294e-09
1789278761.050 50.430 0.04991066 2.23842e-08
1789278761.060 50.521 0.04999446 1.44177e-09
1789278761.070 50.613 0.05009130 7.95091e-09
1789278761.080 50.704 0.05019373 1.44177e-09
1789278761.090 50.795 0.05027474 -2.80332e-09
1789278761.100 50.886 0.05035388 1.13470e-08
1789278761.110 50.977 0.05043396 -5.63338e-09
1789278761.120 51.068 0.05052707 1.16300e-08
1789278761.130 51.159 0.05060901 6.81889e-09
1789278761.140 51.249 0.05070492 5.40386e-09
1789278761.150 51.339 0.05078220 1.78561e-08
1789278761.160 51.429 0.05086787 3.09747e-10
1789278761.170 51.519 0.05094050 1.53091e-08
1789278761.180 51.609 0.05103920 9.36594e-09
1789278761.190 51.699 0.05112858 7.38490e-09
1789278761.200 51.788 0.05121704 5.09679e-08
1789278761.210 51.877 0.05129898 1.37002e-07
1789278761.220 51.966 0.05136788 3.46143e-07
1789278761.230 52.055 0.05146007 7.39805e-07
1789278761.240 52.144 0.05153921 1.48468e-06
1789278761.250 52.233 0.05160626 4.15965e-06
1789278761.260 52.321 0.05172731 9.23140e-06
1789278761.270 52.410 0.05180832 2.41563e-05
1789278761.280 52.498 0.05189770 3.84897e-05
1789278761.290 52.586 0.05197685 4.30390e-05
1789278761.300 52.674 0.05205320 3.78473e-05
1789278761.310 52.762 0.05212955 2.04107e-05
1789278761.320 52.850 0.05221801 6.67246e-06
1789278761.330 52.937 0.05230088 2.22587e-06
1789278761.340 53.024 0.05237444 1.29676e-06
1789278761.350 53.112 0.05246010 1.17082e-06
1789278761.360 53.199 0.05255136 9.96209e-07
1789278761.370 53.286 0.05263982 7.60464e-07
1789278761.380 53.372 0.05273572 3.75576e-07
1789278761.390 53.459 0.05281487 1.22851e-07
1789278761.400 53.546 0.05287446 9.11547e-08
1789278761.410 53.632 0.05297875 7.27593e-08
1789278761.420 53.718 0.05303183 1.26813e-07
1789278761.430 53.804 0.05312866 2.10300e-07
1789278761.440 53.890 0.05319570 2.64920e-07
1789278761.450 53.976 0.05327578 2.68883e-07
1789278761.460 54.062 0.05337262 1.98414e-07
1789278761.470 54.147 0.05344338 1.20587e-07
1789278761.480 54.233 0.05353650 4.64397e-08
1789278761.490 54.318 0.05361285 1.81391e-08
1789278761.500 54.403 0.05369386 2.26672e-08
1789278761.510 54.488 0.05378045 2.67406e-11
1789278761.520 54.573 0.05386146 1.21960e-08
1789278761.530 54.658 0.05392199 -2.56266e-10
1789278761.540 54.742 0.05400299 -9.59547e-09
1789278761.550 54.827 0.05408587 5.96987e-09
1789278761.560 54.911 0.05417898 -5.06737e-09
1789278761.570 54.995 0.05427768 2.29502e-08
1789278761.580 55.079 0.05434659 1.55921e-08
1789278761.590 55.163 0.05440618 1.27620e-08
1789278761.600 55.247 0.05449091 2.26672e-08
1789278761.610 55.331 0.05457471 3.42282e-09
1789278761.620 55.415 0.05464734 2.57803e-08
1789278761.630 55.498 0.05472928 2.06862e-08
1789278761.640 55.581 0.05482612 3.45535e-08
1789278761.650 55.665 0.05490527 7.98345e-08
1789278761.660 55.748 0.05496765 9.51168e-08
1789278761.670 55.831 0.05503749 1.47190e-07
1789278761.680 55.913 0.05512967 1.80302e-07
1789278761.690 55.996 0.05521068 2.86995e-07
1789278761.700 56.079 0.05529262 5.61228e-07
1789278761.710 56.161 0.05537083 1.08253e-06
1789278761.720 56.244 0.05544905 2.24738e-06
1789278761.730 56.326 0.05552168 3.51383e-06
1789278761.740 56.408 0.05560455 5.43233e-06
1789278761.750 56.490 0.05568276 1.00417e-05
1789278761.760 56.572 0.05576098 2.03114e-05
1789278761.770 56.654 0.05583826 4.11559e-05
1789278761.780 56.735 0.05593138 9.01279e-05
1789278761.790 56.817 0.05598724 1.29118e-04
1789278761.800 56.898 0.05605894 1.56203e-04
1789278761.810 56.979 0.05614368 1.52179e-04
1789278761.820 57.061 0.05622189 1.04271e-04
1789278761.830 57.142 0.05632339 5.18179e-05
1789278761.840 57.223 0.05640346 2.04928e-05
1789278761.850 57.303 0.05647237 8.38720e-06
1789278761.860 57.384 0.05654872 4.34813e-06
1789278761.870 57.465 0.05661762 3.10121e-06
1789278761.880 57.545 0.05670887 2.28389e-06
1789278761.890 57.626 0.05677778 1.57948e-06
1789278761.900 57.706 0.05684296 1.25346e-06
1789278761.910 57.786 0.05693514 8.61497e-07
1789278761.919 57.866 0.05698635 6.84619e-07
1789278761.929 57.946 0.05708691 5.69718e-07
1789278761.940 58.026 0.05716047 5.45946e-07
1789278761.949 58.106 0.05722752 7.52540e-07
1789278761.959 58.185 0.05730200 1.31176e-06
1789278761.969 58.265 0.05737743 2.23153e-06
1789278761.979 58.344 0.05743144 2.63538e-06
1789278761.989 58.423 0.05752175 2.56152e-06
1789278761.999 58.502 0.05761673 2.18455e-06
1789278762.009 58.581 0.05766236 1.42157e-06
1789278762.019 58.660 0.05773498 6.54903e-07
1789278762.029 58.739 0.05780668 3.14447e-07
1789278762.039 58.818 0.05790817 2.27281e-07
1789278762.049 58.897 0.05796404 2.05489e-07
1789278762.059 58.975 0.05803388 1.61340e-07
1789278762.069 59.054 0.05814003 1.42662e-07
1789278762.079 59.132 0.05818937 9.00227e-08
1789278762.089 59.210 0.05826294 6.28541e-08
1789278762.099 59.288 0.05833929 6.48351e-08
1789278762.109 59.366 0.05840354 6.28541e-08
1789278762.119 59.444 0.05849851 1.01909e-07
1789278762.129 59.522 0.05857673 1.02192e-07
1789278762.139 59.600 0.05864097 9.17207e-08
1789278762.149 59.677 0.05870802 9.70979e-08
1789278762.159 59.755 0.05878810 6.39861e-08
1789278762.169 59.832 0.05886538 6.31371e-08
1789278762.179 59.910 0.05894359 4.75718e-08
1789278762.189 59.987 0.05900412 6.42691e-08
1789278762.199 60.064 0.05908234 1.10116e-07
1789278762.209 60.141 0.05915403 1.85396e-07
1789278762.219 60.218 0.05924528 3.91707e-07
1789278762.229 60.295 0.05930022 7.30466e-07
1789278762.239 60.371 0.05935795 1.09102e-06
1789278762.249 60.448 0.05945479 1.19007e-06
1789278762.259 60.524 0.05952276 1.14677e-06
1789278762.269 60.601 0.05958887 9.67059e-07
1789278762.279 60.677 0.05967267 5.53021e-07
1789278762.289 60.753 0.05973692 2.59826e-07
1789278762.299 60.830 0.05981886 1.51152e-07
1789278762.309 60.906 0.05988125 1.19455e-07
1789278762.319 60.982 0.05995667 1.78321e-07
1789278762.329 61.057 0.06002557 2.61524e-07
1789278762.339 61.133 0.06007306 3.33974e-07
1789278762.349 61.209 0.06015500 3.68218e-07
1789278762.359 61.284 0.06025836 3.47275e-07
1789278762.369 61.360 0.06033005 3.02843e-07
1789278762.379 61.435 0.06040547 2.83599e-07
1789278762.389 61.511 0.06046414 3.95386e-07
1789278762.399 61.586 0.06054329 5.87831e-07
1789278762.409 61.661 0.06062336 9.71304e-07
1789278762.419 61.736 0.06067364 1.44364e-06
1789278762.429 61.811 0.06075186 2.19106e-06
1789278762.439 61.886 0.06082076 3.73571e-06
1789278762.449 61.960 0.06090084 5.59959e-06
1789278762.459 62.035 0.06097347 9.18160e-06
1789278762.469 62.110 0.06104144 1.54454e-05
1789278762.479 62.184 0.06111314 2.94519e-05
1789278762.489 62.258 0.06116435 5.50289e-05
1789278762.499 62.333 0.06121370 8.86044e-05
1789278762.509 62.407 0.06129285 1.15531e-04
1789278762.519 62.481 0.06137199 1.32287e-04
1789278762.529 62.555 0.06145300 1.22636e-04
1789278762.539 62.629 0.06152005 1.03429e-04
1789278762.549 62.703 0.06158708 6.73926e-05
1789278762.559 62.777 0.06165413 3.48248e-05
1789278762.569 62.850 0.06170627 1.49880e-05
1789278762.579 62.924 0.06177890 7.19404e-06
1789278762.589 62.997 0.06185339 4.26691e-06
1789278762.599 63.071 0.06195489 2.99536e-06
1789278762.609 63.144 0.06201448 2.33483e-06
1789278762.619 63.218 0.06210200 1.91598e-06
1789278762.629 63.291 0.06217463 1.42213e-06
1789278762.639 63.364 0.06225285 1.14564e-06
1789278762.649 63.437 0.06230592 9.63946e-07
1789278762.659 63.510 0.06235899 8.62913e-07
1789278762.669 63.583 0.06243721 8.74516e-07
1789278762.679 63.655 0.06250425 9.26023e-07
1789278762.689 63.728 0.06257688 9.05646e-07
1789278762.699 63.801 0.06264299 8.51592e-07
1789278762.709 63.873 0.06271749 8.50177e-07
1789278762.719 63.945 0.06278732 7.26221e-07
1789278762.729 64.018 0.06285715 4.80854e-07
1789278762.739 64.090 0.06291674 3.04258e-07
1789278762.749 64.162 0.06299868 2.17093e-07
1789278762.759 64.234 0.06309739 1.80302e-07
1789278762.769 64.306 0.06315418 1.72377e-07
1789278762.779 64.378 0.06318305 1.44643e-07
1789278762.789 64.450 0.06324078 1.20304e-07
1789278762.799 64.522 0.06332831 1.25399e-07
1789278762.809 64.594 0.06339907 1.14078e-07
1789278762.819 64.665 0.06346891 1.29927e-07
1789278762.829 64.737 0.06353688 1.09550e-07
1789278762.839 64.808 0.06359926 1.27946e-07
1789278762.849 64.880 0.06367748 1.58227e-07
1789278762.859 64.951 0.06373894 1.81717e-07
1789278762.869 65.022 0.06378829 2.56430e-07
1789278762.879 65.093 0.06387954 3.74444e-07
1789278762.889 65.164 0.06395962 7.25938e-07
1789278762.899 65.235 0.06399779 1.41845e-06
1789278762.909 65.306 0.06405366 2.12597e-06
1789278762.919 65.377 0.06414118 2.61585e-06
1789278762.929 65.448 0.06421661 2.81028e-06
1789278762.939 65.518 0.06427807 2.65378e-06
1789278762.949 65.589 0.06434045 2.37020e-06
1789278762.959 65.660 0.06441680 1.70118e-06
1789278762.969 65.730 0.06448385 9.57437e-07
1789278762.979 65.800 0.06455554 4.25951e-07
1789278762.989 65.871 0.06462165 2.80203e-07
1789278762.999 65.941 0.06467100 2.48506e-07
1789278763.009 66.011 0.06476318 2.32092e-07
1789278763.019 66.081 0.06482371 2.67751e-07
1789278763.029 66.151 0.06488516 3.03126e-07
1789278763.039 66.221 0.06494010 3.73595e-07
1789278763.049 66.291 0.06501273 4.88212e-07
1789278763.059 66.361 0.06505929 5.08872e-07
1789278763.069 66.430 0.06511981 6.11886e-07
1789278763.079 66.500 0.06518778 7.50276e-07
1789278763.089 66.570 0.06526321 9.68191e-07
1789278763.099 66.639 0.06535911 9.26306e-07
1789278763.109 66.709 0.06542243 9.76115e-07
1789278763.119 66.778 0.06548016 8.79610e-07
1789278763.129 66.847 0.06552858 7.75464e-07
1789278763.139 66.916 0.06559469 5.33776e-07
1789278763.149 66.986 0.06569432 2.99730e-07
1789278763.159 67.055 0.06577160 1.95584e-07
1789278763.169 67.124 0.06581723 1.80302e-07
1789278763.179 67.193 0.06586472 1.62189e-07
1789278763.189 67.261 0.06594480 1.45492e-07
1789278763.199 67.330 0.06601835 1.64170e-07
1789278763.209 67.399 0.06606770 1.25682e-07
1789278763.219 67.467 0.06611798 1.20304e-07
1789278763.229 67.536 0.06618037 8.26645e-08
1789278763.239 67.605 0.06625952 7.27593e-08
1789278763.249 67.673 0.06632749 6.93633e-08
1789278763.259 67.741 0.06638336 6.42691e-08
1789278763.269 67.810 0.06645505 9.03057e-08
1789278763.279 67.878 0.06651465 6.37031e-08
1789278763.289 67.946 0.06658076 7.21933e-08
1789278763.299 68.014 0.06663570 8.23815e-08
1789278763.309 68.082 0.06671298 9.05887e-08
1789278763.319 68.150 0.06677630 1.67566e-07
1789278763.329 68.218 0.06686010 2.11149e-07
1789278763.339 68.286 0.06690387 2.68034e-07
1789278763.349 68.353 0.06695787 2.71430e-07
1789278763.359 68.421 0.06703329 3.61709e-07
1789278763.369 68.489 0.06711243 4.11518e-07
1789278763.379 68.556 0.06718041 3.96235e-07
1789278763.389 68.624 0.06723721 3.42464e-07
1789278763.399 68.691 0.06728377 2.94353e-07
1789278763.409 68.759 0.06735826 2.53034e-07
1789278763.419 68.826 0.06741505 2.83316e-07
1789278763.429 68.893 0.06748210 2.96334e-07
1789278763.439 68.960 0.06754448 4.10386e-07
1789278763.449 69.027 0.06760221 5.83302e-07
1789278763.459 69.094 0.06768695 7.72917e-07
1789278763.469 69.161 0.06776330 9.94510e-07
1789278763.479 69.228 0.06781917 1.38987e-06
1789278763.489 69.295 0.06787597 1.93070e-06
1789278763.499 69.362 0.06795604 2.49699e-06
1789278763.509 69.428 0.06800447 3.62109e-06
1789278763.519 69.495 0.06805195 5.04008e-06
1789278763.529 69.562 0.06812271 7.81298e-06
1789278763.539 69.628 0.06816648 1.07279e-05
1789278763.549 69.695 0.06824097 1.71629e-05
1789278763.559 69.761 0.06830429 3.00635e-05
1789278763.569 69.827 0.06836947 5.82883e-05
1789278763.579 69.894 0.06842720 9.56813e-05
1789278763.589 69.960 0.06848586 1.21868e-04
1789278763.599 70.026 0.06856966 1.44418e-04
1789278763.609 70.092 0.06862274 1.58059e-04
1789278763.619 70.158 0.06867395 1.53484e-04
1789278763.629 70.224 0.06874658 1.36521e-04
1789278763.639 70.290 0.06881269 1.06147e-04
1789278763.649 70.356 0.06888252 6.82458e-05
1789278763.659 70.421 0.06893839 3.76551e-05
1789278763.669 70.487 0.06898774 1.88879e-05
1789278763.679 70.553 0.06906037 1.15730e-05
1789278763.689 70.618 0.06913765 7.52544e-06
1789278763.699 70.684 0.06919352 5.73005e-06
1789278763.708 70.749 0.06925777 4.69057e-06
1789278763.718 70.815 0.06932853 4.15031e-06
1789278763.728 70.880 0.06938068 3.50223e-06
1789278763.738 70.945 0.06942817 3.21837e-06
1789278763.748 71.010 0.06949800 2.85641e-06
1789278763.758 71.076 0.06956318 2.51680e-06
1789278763.768 71.141 0.06961253 2.17549e-06
1789278763.778 71.206 0.06969913 1.85457e-06
1789278763.788 71.271 0.06975779 1.72806e-06
1789278763.798 71.336 0.06983600 1.47364e-06
1789278763.808 71.400 0.06988349 1.32393e-06
1789278763.818 71.465 0.06994215 1.21639e-06
1789278763.828 71.530 0.06999616 1.15667e-06
1789278763.838 71.595 0.07005854 1.07885e-06
1789278763.848 71.659 0.07012931 1.06187e-06
1789278763.858 71.724 0.07017959 9.98756e-07
1789278763.868 71.788 0.07024757 1.08337e-06
1789278763.878 71.853 0.07031927 9.50645e-07
1789278763.888 71.917 0.07036396 8.10839e-07
1789278763.898 71.981 0.07043100 7.83671e-07
1789278763.908 72.046 0.07047942 6.58865e-07
1789278763.918 72.110 0.07055484 4.96420e-07
1789278763.928 72.174 0.07060791 3.79821e-07
1789278763.938 72.238 0.07066658 3.11334e-07
1789278763.948 72.302 0.07074758 2.60675e-07
1789278763.958 72.366 0.07080532 2.12281e-07
1789278763.968 72.430 0.07085094 1.90773e-07
1789278763.978 72.494 0.07091240 1.79453e-07
1789278763.988 72.558 0.07097571 1.83698e-07
1789278763.998 72.622 0.07103531 2.34073e-07
1789278764.008 72.685 0.07107627 2.61808e-07
1789278764.018 72.749 0.07114146 2.83882e-07
1789278764.028 72.813 0.07122247 2.68317e-07
1789278764.038 72.876 0.07129137 2.57562e-07
1789278764.048 72.940 0.07135375 2.75392e-07
1789278764.058 73.003 0.07139007 2.50487e-07
1789278764.068 73.066 0.07144966 2.80769e-07
1789278764.078 73.130 0.07152880 2.73128e-07
1789278764.088 73.193 0.07158374 3.32559e-07
1789278764.098 73.256 0.07164426 3.48973e-07
1789278764.108 73.319 0.07171410 3.05390e-07
1789278764.118 73.382 0.07175786 3.41615e-07
1789278764.128 73.445 0.07180070 3.96235e-07
1789278764.138 73.508 0.07187240 4.30479e-07
1789278764.148 73.571 0.07193850 5.67171e-07
1789278764.158 73.634 0.07200462 6.16131e-07
1789278764.168 73.697 0.07206141 6.28300e-07
1789278764.178 73.760 0.07210239 8.92911e-07
1789278764.188 73.823 0.07216849 8.79893e-07
1789278764.198 73.885 0.07223833 9.44701e-07
1789278764.208 73.948 0.07231934 1.01489e-06
1789278764.218 74.010 0.07235193 7.66974e-07
1789278764.228 74.073 0.07241711 6.31130e-07
1789278764.238 74.135 0.07248322 5.48210e-07
1789278764.248 74.198 0.07252699 4.46893e-07
1789278764.258 74.260 0.07259123 4.22838e-07
1789278764.268 74.322 0.07266852 4.42931e-07
1789278764.278 74.385 0.07273090 4.72364e-07
1789278764.288 74.447 0.07278956 5.31512e-07
1789278764.298 74.509 0.07283891 5.84718e-07
1789278764.308 74.571 0.07291713 5.40569e-07
1789278764.318 74.633 0.07295158 5.75095e-07
1789278764.328 74.695 0.07300093 5.43965e-07
1789278764.338 74.757 0.07304935 4.91326e-07
1789278764.348 74.819 0.07310708 4.08405e-07
1789278764.358 74.881 0.07319088 3.67086e-07
1789278764.368 74.943 0.07324302 3.19258e-07
1789278764.378 75.004 0.07331566 2.30960e-07
1789278764.388 75.066 0.07336873 2.30111e-07
1789278764.398 75.128 0.07342832 2.36337e-07
1789278764.408 75.189 0.07348605 2.52468e-07
1789278764.418 75.251 0.07355496 2.91240e-07
1789278764.428 75.312 0.07360058 3.39917e-07
1789278764.438 75.374 0.07365273 4.09537e-07
1789278764.448 75.435 0.07371325 5.81321e-07
1789278764.458 75.496 0.07378308 7.76313e-07
1789278764.468 75.558 0.07382964 1.17422e-06
1789278764.478 75.619 0.07387434 1.75636e-06
1789278764.488 75.680 0.07393393 2.40275e-06
1789278764.498 75.741 0.07398886 3.45044e-06
1789278764.508 75.802 0.07405032 3.93098e-06
1789278764.518 75.863 0.07411643 4.08267e-06
1789278764.528 75.924 0.07418067 4.01136e-06
1789278764.538 75.985 0.07424492 3.79061e-06
1789278764.548 76.046 0.07428682 3.49430e-06
1789278764.558 76.107 0.07436039 2.73358e-06
1789278764.568 76.168 0.07439763 2.02720e-06
1789278764.578 76.228 0.07446747 1.16488e-06
1789278764.588 76.289 0.07452613 6.75279e-07
1789278764.598 76.350 0.07457734 4.63874e-07
1789278764.608 76.410 0.07465928 3.72180e-07
1789278764.618 76.471 0.07468628 3.41615e-07
1789278764.628 76.531 0.07474029 3.20673e-07
1789278764.638 76.592 0.07479616 3.54917e-07
1789278764.648 76.652 0.07487251 3.57464e-07
1789278764.658 76.713 0.07493769 3.55199e-07
1789278764.668 76.773 0.07498238 3.86330e-07
1789278764.678 76.833 0.07502615 3.81519e-07
1789278764.688 76.893 0.07508109 3.44728e-07
1789278764.698 76.954 0.07514812 3.78406e-07
1789278764.708 77.014 0.07520865 3.27748e-07
1789278764.718 77.074 0.07528500 2.96334e-07
1789278764.728 77.134 0.07533808 2.49638e-07
1789278764.738 77.194 0.07540233 2.34073e-07
1789278764.748 77.254 0.07544795 2.10017e-07
1789278764.758 77.314 0.07550848 1.68981e-07
1789278764.768 77.374 0.07557552 1.89641e-07
1789278764.778 77.433 0.07561835 1.41530e-07
1789278764.788 77.493 0.07565094 1.87943e-07
1789278764.798 77.553 0.07572263 1.76623e-07
1789278764.808 77.612 0.07578502 1.55397e-07
1789278764.818 77.672 0.07584089 1.79736e-07
1789278764.828 77.732 0.07589955 1.75774e-07
1789278764.838 77.791 0.07594890 2.13979e-07
1789278764.848 77.851 0.07600384 2.66619e-07
1789278764.858 77.910 0.07605785 3.22371e-07
1789278764.868 77.969 0.07612768 3.82934e-07
1789278764.878 78.029 0.07617610 5.35757e-07
1789278764.888 78.088 0.07624966 4.33309e-07
1789278764.898 78.147 0.07629715 5.15381e-07
1789278764.908 78.207 0.07634929 4.91326e-07
1789278764.918 78.266 0.07640516 5.10853e-07
1789278764.928 78.325 0.07648337 5.13966e-07
1789278764.938 78.384 0.07652341 4.95570e-07
1789278764.948 78.443 0.07656624 4.55950e-07
1789278764.958 78.502 0.07662677 4.42931e-07
1789278764.968 78.561 0.07667425 4.31045e-07
1789278764.978 78.620 0.07673012 4.34158e-07
1789278764.988 78.679 0.07679623 4.23687e-07
1789278764.998 78.737 0.07684093 4.10103e-07
1789278765.008 78.796 0.07689400 3.52652e-07
1789278765.018 78.855 0.07695639 3.30861e-07
1789278765.028 78.913 0.07702157 2.55581e-07
1789278765.038 78.972 0.07706347 2.19922e-07
1789278765.048 79.031 0.07713330 1.91056e-07
1789278765.058 79.089 0.07718638 1.89924e-07
1789278765.068 79.148 0.07724504 2.04640e-07
1789278765.078 79.206 0.07729160 1.79170e-07
1789278765.088 79.265 0.07735026 1.91339e-07
1789278765.098 79.323 0.07742475 1.64170e-07
1789278765.108 79.381 0.07745268 1.34455e-07
1789278765.118 79.440 0.07751693 1.52001e-07
1789278765.128 79.498 0.07758304 1.31342e-07
1789278765.138 79.556 0.07762774 1.43228e-07
1789278765.148 79.614 0.07770222 1.44643e-07
1789278765.158 79.672 0.07775716 1.65868e-07
1789278765.168 79.730 0.07780465 2.08885e-07
1789278765.178 79.788 0.07785959 2.29828e-07
1789278765.188 79.846 0.07791918 2.79920e-07
1789278765.198 79.904 0.07797039 3.09069e-07
1789278765.208 79.962 0.07802719 3.73595e-07
1789278765.218 80.020 0.07807561 5.34625e-07
1789278765.228 80.078 0.07815104 5.40285e-07
1789278765.238 80.136 0.07818921 7.06127e-07
1789278765.248 80.193 0.07822366 8.82157e-07
1789278765.258 80.251 0.07826184 1.22912e-06
1789278765.268 80.309 0.07832981 1.61543e-06
1789278765.278 80.366 0.07840430 2.13446e-06
1789278765.288 80.424 0.07845086 3.02395e-06
1789278765.298 80.481 0.07851138 3.74618e-06
1789278765.308 80.539 0.07856259 5.00867e-06
1789278765.318 80.596 0.07862033 7.44903e-06
1789278765.328 80.654 0.07866874 9.77138e-06
1789278765.338 80.711 0.07873392 1.34386e-05
1789278765.348 80.769 0.07879165 1.86549e-05
1789278765.358 80.826 0.07884752 2.76531e-05
1789278765.368 80.883 0.07889780 3.70209e-05
1789278765.378 80.940 0.07896019 5.32649e-05
1789278765.388 80.997 0.07901606 7.91025e-05
1789278765.398 81.055 0.07907286 1.01109e-04
1789278765.408 81.112 0.07913803 1.24680e-04
1789278765.418 81.169 0.07918832 1.48957e-04
1789278765.428 81.226 0.07922463 1.56157e-04
1789278765.438 81.283 0.07926747 1.54589e-04
1789278765.448 81.340 0.07932426 1.50591e-04
1789278765.458 81.396 0.07939503 1.44699e-04
1789278765.468 81.453 0.07947510 1.24318e-04
1789278765.478 81.510 0.07952166 1.04325e-04
1789278765.488 81.567 0.07954122 7.61966e-05
1789278765.497 81.624 0.07961757 4.93187e-05
1789278765.507 81.680 0.07964737 3.05970e-05
1789278765.517 81.737 0.07970137 2.06821e-05
1789278765.527 81.794 0.07976190 1.46886e-05
1789278765.537 81.850 0.07981683 1.20261e-05
1789278765.547 81.907 0.07986711 1.01450e-05
1789278765.557 81.963 0.07990156 9.04349e-06
1789278765.567 82.020 0.07995743 7.90637e-06
1789278765.577 82.076 0.08002727 7.18216e-06
1789278765.587 82.132 0.08007383 6.52106e-06
1789278765.597 82.189 0.08012411 5.82203e-06
1789278765.607 82.245 0.08018556 5.47252e-06
1789278765.617 82.301 0.08022187 4.82528e-06
1789278765.627 82.357 0.08028519 4.64444e-06
1789278765.637 82.414 0.08035316 4.15937e-06
1789278765.647 82.470 0.08041276 3.92051e-06
1789278765.657 82.526 0.08045373 3.65420e-06
1789278765.667 82.582 0.08050122 3.30582e-06
1789278765.677 82.638 0.08055988 2.93339e-06
1789278765.687 82.694 0.08059433 2.90961e-06
1789278765.697 82.750 0.08065299 2.44463e-06
1789278765.707 82.806 0.08072376 2.31190e-06
1789278765.717 82.862 0.08076473 2.33285e-06
1789278765.727 82.918 0.08083270 2.17125e-06
1789278765.737 82.973 0.08086995 1.94767e-06
1789278765.747 83.029 0.08094816 1.90013e-06
1789278765.757 83.085 0.08098634 1.67712e-06
1789278765.767 83.140 0.08102824 1.72042e-06
1789278765.777 83.196 0.08107945 1.48496e-06
1789278765.787 83.252 0.08114370 1.38053e-06
1789278765.797 83.307 0.08119491 1.45185e-06
1789278765.807 83.363 0.08122564 1.26167e-06
1789278765.817 83.418 0.08128709 1.24582e-06
1789278765.827 83.474 0.08136252 1.07517e-06
1789278765.837 83.529 0.08140721 1.09951e-06
1789278765.847 83.585 0.08146122 9.19231e-07
1789278765.857 83.640 0.08151615 8.85270e-07
1789278765.867 83.695 0.08156551 8.09424e-07
1789278765.877 83.751 0.08162137 7.18579e-07
1789278765.887 83.806 0.08166327 6.44715e-07
1789278765.897 83.861 0.08171169 6.10754e-07
1789278765.907 83.916 0.08177128 5.43965e-07
1789278765.917 83.971 0.08181319 4.99250e-07
1789278765.927 84.026 0.08186905 4.20008e-07
1789278765.937 84.082 0.08192958 4.14065e-07
1789278765.947 84.137 0.08198731 4.18593e-07
1789278765.957 84.192 0.08206087 3.78972e-07
1789278765.967 84.247 0.08210090 3.80387e-07
1789278765.977 84.301 0.08214933 3.22654e-07
1789278765.987 84.356 0.08219029 3.13598e-07
1789278765.997 84.411 0.08223312 2.65486e-07
1789278766.007 84.466 0.08228899 2.60675e-07
1789278766.017 84.521 0.08235511 2.46808e-07
1789278766.027 84.576 0.08238676 1.89924e-07
1789278766.037 84.630 0.08244170 1.85679e-07
1789278766.047 84.685 0.08249198 1.54548e-07
1789278766.057 84.740 0.08254692 1.30493e-07
1789278766.067 84.794 0.08260093 1.27380e-07
1789278766.077 84.849 0.08267169 1.19172e-07
1789278766.087 84.903 0.08271639 1.23700e-07
1789278766.097 84.958 0.08276946 9.93619e-08
1789278766.107 85.012 0.08282254 1.06437e-07
1789278766.117 85.067 0.08286909 9.99279e-08
1789278766.127 85.121 0.08295103 9.96449e-08
1789278766.137 85.175 0.08298734 9.25698e-08
1789278766.147 85.230 0.08303018 8.80417e-08
1789278766.157 85.284 0.08308046 1.00777e-07
1789278766.167 85.338 0.08312702 8.77586e-08
1789278766.177 85.392 0.08317357 8.71926e-08
1789278766.187 85.447 0.08322758 1.02475e-07
1789278766.197 85.501 0.08327227 9.48338e-08
1789278766.207 85.555 0.08333187 1.21719e-07
1789278766.217 85.609 0.08337656 1.61623e-07
1789278766.227 85.663 0.08343243 1.77472e-07
1789278766.237 85.717 0.08346223 2.37469e-07
1789278766.247 85.771 0.08353392 2.81335e-07
1789278766.257 85.825 0.08358886 3.60860e-07
1789278766.267 85.879 0.08363355 4.75194e-07
1789278766.277 85.933 0.08369780 6.19244e-07
1789278766.287 85.987 0.08371642 7.87633e-07
1789278766.297 86.040 0.08379836 9.80360e-07
1789278766.307 86.094 0.08386633 1.20988e-06
1789278766.317 86.148 0.08391476 1.54722e-06
1789278766.327 86.202 0.08393990 1.70655e-06
1789278766.337 86.255 0.08399577 1.87183e-06
1789278766.347 86.309 0.08406746 1.98107e-06
1789278766.357 86.363 0.08410285 1.91315e-06
1789278766.367 86.416 0.08415219 1.86673e-06
1789278766.377 86.470 0.08419502 1.77476e-06
1789278766.387 86.523 0.08425369 1.62448e-06
1789278766.397 86.577 0.08429093 1.39157e-06
1789278766.407 86.630 0.08434866 1.17111e-06
1789278766.417 86.684 0.08439801 9.45550e-07
1789278766.427 86.737 0.08444923 6.97637e-07
1789278766.437 86.790 0.08450975 5.28965e-07
1789278766.447 86.844 0.08455445 3.69633e-07
1789278766.457 86.897 0.08459076 2.78505e-07
1789278766.467 86.950 0.08463452 2.25583e-07
1789278766.477 87.003 0.08471274 1.78604e-07
1789278766.487 87.056 0.08476675 1.72660e-07
1789278766.497 87.110 0.08481144 1.47756e-07
1789278766.507 87.163 0.08486451 1.47756e-07
1789278766.517 87.216 0.08490455 1.38983e-07
1789278766.527 87.269 0.08493900 1.21153e-07
1789278766.537 87.322 0.08499022 1.31625e-07
1789278766.547 87.375 0.08505446 1.05871e-07
1789278766.557 87.428 0.08510382 1.07569e-07
1789278766.567 87.481 0.08515968 1.10399e-07
1789278766.577 87.534 0.08520437 8.66266e-08
1789278766.587 87.587 0.08525931 9.90789e-08
1789278766.597 87.639 0.08531145 7.67214e-08
1789278766.607 87.692 0.08535522 7.81364e-08
1789278766.617 87.745 0.08540084 7.38913e-08
1789278766.627 87.798 0.08545020 6.05901e-08
1789278766.637 87.850 0.08549954 7.13443e-08
1789278766.647 87.903 0.08555542 5.06848e-08
1789278766.657 87.956 0.08559080 5.86090e-08
1789278766.667 88.008 0.08564201 5.37979e-08
1789278766.677 88.061 0.08570440 4.19116e-08
1789278766.687 88.113 0.08575933 6.34201e-08
1789278766.697 88.166 0.08582265 4.44587e-08
1789278766.707 88.218 0.08584313 4.89868e-08
1789278766.717 88.271 0.08590180 4.61568e-08
1789278766.727 88.323 0.08594928 4.07796e-08
1789278766.737 88.376 0.08598094 5.49299e-08
1789278766.747 88.428 0.08605171 3.87986e-08
1789278766.757 88.480 0.08611223 4.64397e-08
1789278766.767 88.533 0.08614855 4.53077e-08
1789278766.777 88.585 0.08619511 3.48365e-08
1789278766.787 88.637 0.08626773 5.20999e-08
1789278766.797 88.689 0.08633105 3.20064e-08
1789278766.807 88.741 0.08636736 4.04966e-08
1789278766.817 88.794 0.08641019 3.90816e-08
1789278766.827 88.846 0.08646048 3.03084e-08
1789278766.837 88.898 0.08650238 4.53077e-08
1789278766.847 88.950 0.08655825 2.83274e-08
1789278766.857 89.002 0.08659549 3.82326e-08
1789278766.867 89.054 0.08664298 3.79496e-08
1789278766.877 89.106 0.08669885 3.03084e-08
1789278766.887 89.158 0.08674541 4.92698e-08
1789278766.897 89.210 0.08681058 3.11574e-08
1789278766.907 89.261 0.08684876 4.16287e-08
1789278766.917 89.313 0.08689811 4.87038e-08
1789278766.927 89.365 0.08697353 4.38927e-08
1789278766.937 89.417 0.08702009 6.08731e-08
1789278766.947 89.469 0.08706106 4.81378e-08
1789278766.957 89.520 0.08709179 5.83260e-08
1789278766.967 89.572 0.08712996 6.82312e-08
1789278766.977 89.624 0.08719141 5.57790e-08
1789278766.987 89.675 0.08723425 7.58724e-08
1789278766.997 89.727 0.08729849 6.03071e-08
1789278767.007 89.779 0.08732736 6.42691e-08
1789278767.017 89.830 0.08740092 6.39861e-08
1789278767.027 89.882 0.08744096 5.12509e-08
1789278767.037 89.933 0.08749031 6.20051e-08
1789278767.047 89.984 0.08753408 4.16287e-08
1789278767.057 90.036 0.08758715 4.64397e-08
1789278767.067 90.087 0.08763371 4.07796e-08
1789278767.077 90.139 0.08769050 2.80443e-08
1789278767.087 90.190 0.08772216 4.36097e-08
1789278767.097 90.241 0.08777617 1.92712e-08
1789278767.107 90.293 0.08784135 3.08744e-08
1789278767.117 90.344 0.08787208 3.03084e-08
1789278767.127 90.395 0.08792701 2.29502e-08
1789278767.137 90.446 0.08796985 3.68175e-08
1789278767.147 90.497 0.08802292 2.04032e-08
1789278767.157 90.549 0.08806762 3.68175e-08
1789278767.167 90.600 0.08811790 3.68175e-08
1789278767.177 90.651 0.08816911 3.28555e-08
1789278767.187 90.702 0.08821194 5.04018e-08
1789278767.197 90.753 0.08827432 4.02136e-08
1789278767.207 90.804 0.08829761 5.94580e-08
1789278767.217 90.855 0.08835347 6.17221e-08
1789278767.227 90.906 0.08838699 5.83260e-08
1789278767.237 90.957 0.08845124 7.67214e-08
1789278767.247 91.007 0.08851735 6.20051e-08
1789278767.257 91.058 0.08853877 7.67214e-08
1789278767.266 91.109 0.08859557 7.30423e-08
1789278767.276 91.160 0.08863468 6.22881e-08
1789278767.286 91.211 0.08870265 7.67214e-08
1789278767.296 91.261 0.08875759 5.74770e-08
1789278767.306 91.312 0.08881066 5.94580e-08
1789278767.316 91.363 0.08884045 5.35149e-08
1789278767.326 91.413 0.08887491 3.71005e-08
1789278767.336 91.464 0.08892612 5.06848e-08
1789278767.346 91.515 0.08898664 2.97424e-08
1789278767.356 91.565 0.08901644 3.96476e-08
1789278767.366 91.616 0.08907790 2.86104e-08
1789278767.376 91.666 0.08913004 2.01202e-08
1789278767.386 91.717 0.08918125 4.33267e-08
1789278767.396 91.767 0.08923526 2.01202e-08
1789278767.406 91.817 0.08926505 3.20064e-08
1789278767.416 91.868 0.08932185 2.91764e-08
1789278767.426 91.918 0.08937958 2.09692e-08
1789278767.436 91.969 0.08941776 4.24777e-08
1789278767.446 92.019 0.08945221 2.97424e-08
1789278767.456 92.069 0.08949225 4.30437e-08
1789278767.466 92.119 0.08955557 3.76666e-08
1789278767.476 92.170 0.08961051 3.62515e-08
1789278767.486 92.220 0.08966917 6.37031e-08
1789278767.496 92.270 0.08971106 4.64397e-08
1789278767.506 92.320 0.08975762 6.82312e-08
1789278767.516 92.370 0.08979487 6.39861e-08
1789278767.526 92.420 0.08985726 7.24763e-08
1789278767.536 92.470 0.08991033 1.07286e-07
1789278767.546 92.521 0.08995503 1.08984e-07
1789278767.556 92.571 0.08998016 1.50869e-07
1789278767.566 92.621 0.09001182 1.88509e-07
1789278767.576 92.670 0.09007700 2.30677e-07
1789278767.586 92.720 0.09011704 3.27465e-07
1789278767.596 92.770 0.09018781 4.10386e-07
1789278767.606 92.820 0.09022785 5.29814e-07
1789278767.616 92.870 0.09026416 6.57167e-07
1789278767.626 92.920 0.09030699 9.32815e-07
1789278767.636 92.970 0.09036286 1.22516e-06
1789278767.646 93.019 0.09044201 1.48185e-06
1789278767.656 93.069 0.09047180 1.75042e-06
1789278767.666 93.119 0.09050719 2.07559e-06
1789278767.676 93.169 0.09054816 2.31162e-06
1789278767.686 93.218 0.09059750 2.61359e-06
1789278767.696 93.268 0.09065431 2.95631e-06
1789278767.706 93.317 0.09068503 3.13460e-06
1789278767.716 93.367 0.09073066 3.30044e-06
1789278767.726 93.417 0.09079304 3.37742e-06
1789278767.736 93.466 0.09085078 3.59505e-06
1789278767.746 93.516 0.09089826 3.32988e-06
1789278767.756 93.565 0.09095320 3.20026e-06
1789278767.766 93.615 0.09097462 2.96735e-06
1789278767.776 93.664 0.09102117 2.74519e-06
1789278767.786 93.713 0.09106587 2.50322e-06
1789278767.796 93.763 0.09111428 2.19757e-06
1789278767.806 93.812 0.09116084 1.83532e-06
1789278767.816 93.861 0.09122416 1.64486e-06
1789278767.826 93.911 0.09124744 1.30016e-06
1789278767.836 93.960 0.09128562 1.11677e-06
1789278767.846 94.009 0.09135824 9.49795e-07
1789278767.856 94.059 0.09138618 7.16881e-07
1789278767.866 94.108 0.09144484 6.12452e-07
1789278767.876 94.157 0.09151188 4.79722e-07
1789278767.886 94.206 0.09154447 3.99348e-07
1789278767.896 94.255 0.09157333 3.35106e-07
1789278767.906 94.304 0.09162455 2.94070e-07
1789278767.916 94.353 0.09167948 2.34639e-07
1789278767.926 94.402 0.09173722 2.03225e-07
1789278767.936 94.451 0.09178936 1.91056e-07
1789278767.946 94.500 0.09182009 1.52001e-07
1789278767.956 94.549 0.09186292 1.50020e-07
1789278767.966 94.598 0.09190575 1.25399e-07
1789278767.976 94.647 0.09196162 1.09267e-07
1789278767.986 94.696 0.09200072 1.08701e-07
1789278767.996 94.745 0.09205380 8.06835e-08
1789278768.006 94.794 0.09208173 8.97397e-08
1789278768.016 94.843 0.09212270 6.87972e-08
1789278768.026 94.891 0.09216647 5.80430e-08
1789278768.036 94.940 0.09223630 6.42691e-08
1789278768.046 94.989 0.09227076 4.19116e-08
1789278768.056 95.038 0.09233500 4.95528e-08
1789278768.066 95.086 0.09238435 3.51195e-08
1789278768.076 95.135 0.09241974 2.60633e-08
1789278768.086 95.184 0.09248119 3.68175e-08
1789278768.096 95.232 0.09252030 1.44601e-08
1789278768.106 95.281 0.09256406 2.74783e-08
1789278768.116 95.329 0.09259665 1.36110e-08
1789278768.126 95.378 0.09265904 8.23392e-09
1789278768.136 95.426 0.09269629 1.53091e-08
1789278768.146 95.475 0.09275960 -5.06737e-09
1789278768.156 95.523 0.09279591 7.95091e-09
1789278768.166 95.572 0.09282757 -7.61443e-09
1789278768.176 95.620 0.09289275 -1.12935e-08
1789278768.186 95.669 0.09290765 -3.08633e-09
1789278768.196 95.717 0.09296911 -2.71418e-08
1789278768.206 95.765 0.09301938 -1.55386e-08
1789278768.216 95.814 0.09306967 -3.11039e-08
1789278768.226 95.862 0.09311436 -3.95941e-08
1789278768.236 95.910 0.09316930 -3.28020e-08
1789278768.246 95.958 0.09319072 -5.74234e-08
1789278768.256 96.007 0.09324193 -5.11973e-08
1789278768.266 96.055 0.09328662 -6.56306e-08
1789278768.276 96.103 0.09332573 -7.32717e-08
1789278768.286 96.151 0.09338625 -6.84606e-08
1789278768.296 96.199 0.09344584 -9.36481e-08
1789278768.306 96.247 0.09348216 -8.43089e-08
1789278768.316 96.295 0.09353710 -1.04402e-07
1789278768.326 96.344 0.09358179 -1.09779e-07
1789278768.336 96.392 0.09359855 -1.09496e-07
1789278768.346 96.440 0.09365814 -1.28175e-07
1789278768.356 96.488 0.09370191 -1.12043e-07
1789278768.366 96.535 0.09374195 -1.25628e-07
1789278768.376 96.583 0.09380805 -1.20817e-07
1789278768.386 96.631 0.09384717 -1.06100e-07
1789278768.396 96.679 0.09388906 -1.17987e-07
1789278768.406 96.727 0.09392631 -9.08181e-08
1789278768.416 96.775 0.09397194 -9.73272e-08
1789278768.426 96.823 0.09401942 -7.89318e-08
1789278768.436 96.871 0.09408460 -5.96875e-08
1789278768.446 96.918 0.09412278 -6.25175e-08
1789278768.456 96.966 0.09416468 -2.74248e-08
1789278768.466 97.014 0.09420844 -2.54438e-08
1789278768.476 97.061 0.09424383 -1.38406e-08
1789278768.486 97.109 0.09430342 7.38490e-09
1789278768.496 97.157 0.09434066 -4.78436e-09
1789278768.506 97.204 0.09437791 1.92712e-08
1789278768.516 97.252 0.09442819 1.36110e-08
1789278768.526 97.300 0.09447848 1.87051e-08
1789278768.536 97.347 0.09451758 2.88934e-08
1789278768.546 97.395 0.09458463 1.21960e-08
1789278768.556 97.442 0.09461908 3.42705e-08
1789278768.566 97.490 0.09466470 2.35163e-08
1789278768.576 97.537 0.09472523 2.54973e-08
1789278768.586 97.585 0.09476433 3.00254e-08
1789278768.596 97.632 0.09479599 1.27620e-08
1789278768.606 97.679 0.09483510 3.45535e-08
1789278768.616 97.727 0.09489469 2.40823e-08
1789278768.626 97.774 0.09493846 2.60633e-08
1789278768.636 97.821 0.09497384 3.85156e-08
1789278768.646 97.869 0.09500922 2.60633e-08
1789278768.656 97.916 0.09505392 5.20999e-08
1789278768.666 97.963 0.09511351 4.75718e-08
1789278768.676 98.011 0.09513493 5.63450e-08
1789278768.686 98.058 0.09518055 7.81364e-08
1789278768.696 98.105 0.09523921 7.81364e-08
1789278768.706 98.152 0.09529601 1.20587e-07
1789278768.716 98.199 0.09534163 1.19455e-07
1789278768.726 98.246 0.09539471 1.46341e-07
1789278768.736 98.293 0.09541892 1.94169e-07
1789278768.746 98.341 0.09546362 2.11432e-07
1789278768.756 98.388 0.09551203 2.55581e-07
1789278768.766 98.435 0.09553903 2.91806e-07
1789278768.776 98.482 0.09558094 3.52086e-07
1789278768.786 98.529 0.09563587 4.08122e-07
1789278768.796 98.576 0.09569361 4.74911e-07
1789278768.806 98.623 0.09573923 6.04528e-07
1789278768.816 98.669 0.09576996 6.67355e-07
1789278768.826 98.716 0.09581838 7.68389e-07
1789278768.836 98.763 0.09585841 9.42720e-07
1789278768.846 98.810 0.09591708 1.00696e-06
1789278768.856 98.857 0.09594780 1.37317e-06
1789278768.866 98.904 0.09600088 1.68901e-06
1789278768.876 98.950 0.09604930 2.00116e-06
1789278768.886 98.997 0.09609027 2.90961e-06
1789278768.896 99.044 0.09614334 3.72495e-06
1789278768.906 99.091 0.09619362 4.65859e-06
1789278768.916 99.137 0.09623646 5.83335e-06
1789278768.926 99.184 0.09626625 8.52530e-06
1789278768.936 99.231 0.09630536 1.20224e-05
1789278768.946 99.277 0.09633702 1.43380e-05
1789278768.956 99.324 0.09640127 2.12444e-05
1789278768.966 99.371 0.09645154 2.99452e-05
1789278768.976 99.417 0.09649624 3.60813e-05
1789278768.986 99.464 0.09652976 4.64212e-05
1789278768.996 99.510 0.09655956 5.59110e-05
1789278769.006 99.557 0.09660705 6.70878e-05
1789278769.016 99.603 0.09665919 7.37322e-05
1789278769.025 99.650 0.09670482 8.36753e-05
1789278769.035 99.696 0.09673927 9.25920e-05
1789278769.045 99.742 0.09678024 1.00580e-04
1789278769.055 99.789 0.09685007 1.05202e-04
1789278769.065 99.835 0.09689849 1.16003e-04
1789278769.075 99.882 0.09695064 1.19611e-04
1789278769.085 99.928 0.09698043 1.25716e-04
1789278769.095 99.974 0.09701582 1.30565e-04
1789278769.105 100.021 0.09706237 1.25595e-04
1789278769.115 100.067 0.09710986 1.23767e-04
1789278769.125 100.113 0.09716480 1.19703e-04
1789278769.135 100.159 0.09719738 1.16813e-04
1789278769.145 100.205 0.09724301 1.10417e-04
1789278769.155 100.252 0.09729422 1.00990e-04
1789278769.165 100.298 0.09733520 9.48272e-05
1789278769.175 100.344 0.09736406 8.57427e-05
1789278769.185 100.390 0.09740130 7.83061e-05
1789278769.195 100.436 0.09746276 7.09907e-05
1789278769.205 100.482 0.09752142 6.06298e-05
1789278769.215 100.528 0.09754283 5.21977e-05
1789278769.225 100.574 0.09757822 4.56141e-05
1789278769.235 100.620 0.09763688 3.81572e-05
1789278769.245 100.666 0.09769741 3.29187e-05
1789278769.255 100.712 0.09771882 2.78959e-05
1789278769.265 100.758 0.09776073 2.49100e-05
1789278769.275 100.804 0.09781659 1.90161e-05
1789278769.285 100.850 0.09785104 1.68853e-05
1789278769.295 100.896 0.09787619 1.45004e-05
1789278769.305 100.942 0.09789667 1.17663e-05
1789278769.315 100.988 0.09796650 1.00343e-05
1789278769.325 101.033 0.09802423 8.32267e-06
1789278769.335 101.079 0.09804286 6.76218e-06
1789278769.345 101.125 0.09807731 6.97670e-06
1789278769.355 101.171 0.09812293 5.53195e-06
1789278769.365 101.217 0.09818811 5.37488e-06
1789278769.375 101.262 0.09825143 4.26153e-06
1789278769.385 101.308 0.09830264 4.20040e-06
1789278769.395 101.354 0.09834175 3.49345e-06
1789278769.405 101.399 0.09836224 3.19998e-06
1789278769.415 101.445 0.09839296 2.87254e-06
1789278769.425 101.490 0.09847211 2.40841e-06
1789278769.435 101.536 0.09850842 2.48397e-06
1789278769.445 101.582 0.09856057 2.16785e-06
1789278769.455 101.627 0.09859223 1.75127e-06
1789278769.465 101.673 0.09863506 1.70627e-06
1789278769.475 101.718 0.09866392 1.51439e-06
1789278769.485 101.764 0.09873003 1.27921e-06
1789278769.495 101.809 0.09877566 1.26223e-06
1789278769.505 101.855 0.09880732 1.15214e-06
1789278769.515 101.900 0.09885667 1.15356e-06
1789278769.525 101.946 0.09888647 9.59418e-07
1789278769.535 101.991 0.09891347 9.25457e-07
1789278769.545 102.036 0.09896375 9.20929e-07
1789278769.555 102.082 0.09902148 8.80176e-07
1789278769.565 102.127 0.09906990 8.07443e-07
1789278769.575 102.172 0.09908479 6.65374e-07
1789278769.585 102.218 0.09913135 6.74997e-07
1789278769.595 102.263 0.09920305 6.11320e-07
1789278769.605 102.308 0.09921795 5.59813e-07
1789278769.615 102.353 0.09926450 5.10287e-07
1789278769.625 102.399 0.09931293 4.80005e-07
1789278769.635 102.444 0.09936134 4.91326e-07
1789278769.645 102.489 0.09940510 4.03310e-07
1789278769.655 102.534 0.09942279 4.13499e-07
1789278769.665 102.579 0.09948146 3.65105e-07
1789278769.675 102.624 0.09952150 3.01994e-07
1789278769.685 102.669 0.09955874 3.33691e-07
1789278769.695 102.714 0.09960437 3.07088e-07
1789278769.705 102.759 0.09966489 2.86995e-07
1789278769.715 102.805 0.09969748 2.57845e-07
1789278769.725 102.850 0.09974311 2.28696e-07
1789278769.735 102.895 0.09980177 2.00112e-07
1789278769.745 102.939 0.09983901 1.77189e-07
1789278769.755 102.984 0.09985950 1.81151e-07
1789278769.765 103.029 0.09990419 1.09550e-07
1789278769.775 103.074 0.09993958 1.05022e-07
1789278769.785 103.119 0.09999731 9.17207e-08
1789278769.795 103.164 0.10004666 5.66280e-08
1789278769.805 103.209 0.10008763 5.06848e-08
1789278769.815 103.254 0.10013139 1.72901e-08
1789278769.825 103.299 0.10016118 5.96987e-09
1789278769.835 103.343 0.10020961 -1.95430e-09
1789278769.845 103.388 0.10027199 -3.70470e-08
1789278769.855 103.433 0.10028596 -4.12921e-08
1789278769.865 103.478 0.10031669 -6.36495e-08
1789278769.875 103.522 0.10037628 -6.61966e-08
1789278769.885 103.567 0.10041817 -7.21397e-08
1789278769.895 103.612 0.10047126 -8.74220e-08
1789278769.905 103.656 0.10051129 -7.01587e-08
1789278769.915 103.701 0.10054388 -8.40259e-08
1789278769.925 103.746 0.10058951 -8.14789e-08
1789278769.935 103.790 0.10062116 -7.15737e-08
1789278769.945 103.835 0.10066214 -8.28939e-08
1789278769.955 103.879 0.10072173 -6.25175e-08
1789278769.965 103.924 0.10075246 -7.18567e-08
1789278769.975 103.968 0.10078132 -5.88384e-08
1789278769.985 104.013 0.10083719 -5.31783e-08
1789278769.995 104.057 0.10088654 -6.05365e-08
1789278770.005 104.102 0.10091261 -3.87451e-08
1789278770.015 104.146 0.10099083 -5.31783e-08
1789278770.025 104.191 0.10104855 -3.93111e-08
1789278770.035 104.235 0.10106159 -3.28020e-08
1789278770.045 104.280 0.10108860 -3.90281e-08
1789278770.055 104.324 0.10111746 -2.14817e-08
1789278770.065 104.368 0.10114726 -3.39340e-08
1789278770.075 104.413 0.10121244 -2.65758e-08
1789278770.085 104.457 0.10126365 -2.43118e-08
1789278770.095 104.501 0.10132604 -3.90281e-08
1789278770.105 104.546 0.10135863 -1.86517e-08
1789278770.115 104.590 0.10140146 -3.98771e-08
1789278770.125 104.634 0.10144894 -2.88399e-08
1789278770.135 104.678 0.10147129 -3.02549e-08
1789278770.145 104.723 0.10151972 -4.27071e-08
1789278770.155 104.767 0.10156627 -2.60098e-08
1789278770.165 104.811 0.10159327 -4.21411e-08
1789278770.175 104.855 0.10165007 -3.30849e-08
1789278770.185 104.899 0.10171338 -3.67640e-08
1789278770.195 104.943 0.10172457 -4.63862e-08
1789278770.205 104.987 0.10178509 -2.62928e-08
1789278770.215 105.031 0.10182885 -4.35562e-08
1789278770.225 105.076 0.10183909 -3.22359e-08
1789278770.235 105.120 0.10189403 -3.16699e-08
1789278770.245 105.164 0.10194430 -3.64810e-08
1789278770.255 105.208 0.10196759 -1.35576e-08
1789278770.265 105.252 0.10201322 -2.60098e-08
1789278770.275 105.296 0.10207653 -8.74645e-09
1789278770.285 105.339 0.10209981 -5.06737e-09
1789278770.295 105.383 0.10215940 9.36594e-09
1789278770.305 105.427 0.10217988 3.25724e-08
1789278770.315 105.471 0.10221713 3.20064e-08
1789278770.325 105.515 0.10226741 5.71940e-08
1789278770.335 105.559 0.10231397 6.39861e-08
1789278770.345 105.603 0.10235028 7.81364e-08
1789278770.355 105.647 0.10237170 1.10116e-07
1789278770.365 105.690 0.10240895 1.08701e-07
1789278770.375 105.734 0.10247226 1.30493e-07
1789278770.385 105.778 0.10252254 1.48322e-07
1789278770.395 105.822 0.10256537 1.54548e-07
1789278770.405 105.865 0.10259144 1.80585e-07
1789278770.415 105.909 0.10264639 1.75774e-07
1789278770.425 105.953 0.10269294 1.99829e-07
1789278770.435 105.996 0.10272832 1.96433e-07
1789278770.445 106.040 0.10274601 1.95584e-07
1789278770.455 106.084 0.10280188 2.17093e-07
1789278770.465 106.127 0.10283169 1.94169e-07
1789278770.475 106.171 0.10286800 2.07470e-07
1789278770.485 106.215 0.10292666 2.08885e-07
1789278770.495 106.258 0.10297042 1.98131e-07
1789278770.505 106.302 0.10300301 2.04074e-07
1789278770.515 106.345 0.10305609 1.93037e-07
1789278770.525 106.389 0.10309985 1.84830e-07
1789278770.535 106.432 0.10314175 1.84264e-07
1789278770.545 106.476 0.10317992 1.71529e-07
1789278770.555 106.519 0.10322462 1.74925e-07
1789278770.565 106.563 0.10326746 1.44360e-07
1789278770.575 106.606 0.10330284 1.49171e-07
1789278770.585 106.649 0.10334008 1.46907e-07
1789278770.595 106.693 0.10338943 1.23983e-07
1789278770.605 106.736 0.10340619 1.27663e-07
1789278770.615 106.780 0.10346112 1.06437e-07
1789278770.625 106.823 0.10350583 1.08418e-07
1789278770.635 106.866 0.10355238 9.90789e-08
1789278770.645 106.910 0.10358218 8.49286e-08
1789278770.655 106.953 0.10362035 8.80417e-08
1789278770.665 106.996 0.10367808 6.62502e-08
1789278770.675 107.039 0.10372649 7.04953e-08
1789278770.685 107.083 0.10376002 6.39861e-08
1789278770.695 107.126 0.10380192 5.04018e-08
1789278770.705 107.169 0.10382148 5.66280e-08
1789278770.715 107.212 0.10386989 3.85156e-08
1789278770.725 107.255 0.10391365 4.16287e-08
1789278770.735 107.298 0.10394253 3.85156e-08
1789278770.745 107.342 0.10398722 2.57803e-08
1789278770.755 107.385 0.10403936 3.65345e-08
1789278770.765 107.428 0.10408312 1.84221e-08
1789278770.775 107.471 0.10410454 2.97424e-08
1789278770.785 107.514 0.10413806 2.74783e-08
1789278770.794 107.557 0.10418648 1.98372e-08
1789278770.804 107.600 0.10423956 3.03084e-08
1789278770.814 107.643 0.10428890 1.55921e-08
1789278770.824 107.686 0.10431684 2.63463e-08
1789278770.834 107.729 0.10438482 2.29502e-08
1789278770.844 107.772 0.10440251 1.61581e-08
1789278770.854 107.815 0.10442765 3.03084e-08
1789278770.864 107.858 0.10446768 1.44601e-08
1789278770.874 107.901 0.10450772 2.49313e-08
1789278770.884 107.944 0.10455148 2.06862e-08
1789278770.894 107.986 0.10461853 1.38940e-08
1789278770.904 108.029 0.10465857 2.80443e-08
1789278770.914 108.072 0.10468278 1.27620e-08
1789278770.924 108.115 0.10472468 2.43653e-08
1789278770.934 108.158 0.10477123 1.84221e-08
1789278770.944 108.201 0.10481873 1.13470e-08
1789278770.954 108.243 0.10486062 2.57803e-08
1789278770.964 108.286 0.10488856 1.16300e-08
1789278770.974 108.329 0.10493046 2.15352e-08
1789278770.984 108.371 0.10497887 1.58751e-08
1789278770.994 108.414 0.10501891 8.51693e-09
1789278771.004 108.457 0.10504220 2.60633e-08
1789278771.014 108.500 0.10508596 1.07810e-08
1789278771.024 108.542 0.10511855 2.18182e-08
1789278771.034 108.585 0.10518465 1.41770e-08
1789278771.044 108.627 0.10523214 8.23392e-09
1789278771.054 108.670 0.10526100 2.77613e-08
1789278771.064 108.713 0.10530198 9.36594e-09
1789278771.074 108.755 0.10533178 2.12522e-08
1789278771.084 108.798 0.10538206 1.44601e-08
1789278771.094 108.840 0.10543606 1.07810e-08
1789278771.104 108.883 0.10547144 2.97424e-08
1789278771.114 108.925 0.10549752 1.02150e-08
1789278771.124 108.968 0.10551894 2.12522e-08
1789278771.134 109.010 0.10555804 1.55921e-08
1789278771.144 109.053 0.10561856 1.02150e-08
1789278771.154 109.095 0.10566884 2.83274e-08
1789278771.164 109.138 0.10568002 1.07810e-08
1789278771.174 109.180 0.10572006 2.35163e-08
1789278771.184 109.222 0.10579734 1.44601e-08
1789278771.194 109.265 0.10584762 1.41770e-08
1789278771.204 109.307 0.10586624 2.83274e-08
1789278771.214 109.349 0.10589883 1.10640e-08
1789278771.224 109.392 0.10593888 2.35163e-08
1789278771.234 109.434 0.10600499 1.53091e-08
1789278771.244 109.476 0.10604037 1.16300e-08
1789278771.254 109.519 0.10607016 3.08744e-08
1789278771.264 109.561 0.10610648 8.79993e-09
1789278771.274 109.603 0.10614094 2.52143e-08
1789278771.284 109.645 0.10617446 1.36110e-08
1789278771.294 109.687 0.10622380 1.07810e-08
1789278771.304 109.730 0.10626756 2.52143e-08
1789278771.314 109.772 0.10630295 8.23392e-09
1789278771.324 109.814 0.10633926 1.89881e-08
1789278771.334 109.856 0.10636905 1.38940e-08
1789278771.344 109.898 0.10640072 1.24790e-08
1789278771.354 109.940 0.10645752 2.23842e-08
1789278771.364 109.982 0.10649942 5.96987e-09
1789278771.374 110.025 0.10652363 2.12522e-08
