1789271650.685 31.725 0.03447618 3.85153e-08
1789271650.691 31.870 0.03447618 5.12505e-08
1789271650.701 32.015 0.03447897 4.81374e-08
1789271650.711 32.159 0.03447432 4.64394e-08
1789271650.721 32.303 0.03445197 4.04963e-08
1789271650.731 32.446 0.03444266 6.17216e-08
1789271650.741 32.588 0.03442404 4.78544e-08
1789271650.751 32.730 0.03443148 5.91746e-08
1789271650.761 32.871 0.03442962 5.60615e-08
1789271650.771 33.012 0.03440355 5.26655e-08
1789271650.781 33.152 0.03440821 7.16268e-08
1789271650.791 33.291 0.03440541 5.60615e-08
1789271650.801 33.430 0.03439238 6.85137e-08
1789271650.811 33.568 0.03443893 6.20046e-08
1789271650.821 33.705 0.03445756 5.35145e-08
1789271650.831 33.842 0.03446594 7.24758e-08
1789271650.841 33.979 0.03449853 5.20995e-08
1789271650.851 34.115 0.03453484 5.91746e-08
1789271650.861 34.250 0.03457767 4.81374e-08
1789271650.871 34.385 0.03463168 3.93643e-08
1789271650.881 34.519 0.03469127 5.15335e-08
1789271650.891 34.653 0.03476390 2.71951e-08
1789271650.901 34.787 0.03483653 3.20061e-08
1789271650.911 34.919 0.03495013 2.01200e-08
1789271650.921 35.052 0.03505907 1.13468e-08
1789271650.930 35.183 0.03517919 2.21010e-08
1789271650.940 35.315 0.03531606 7.10174e-09
1789271650.950 35.446 0.03544177 2.40820e-08
1789271650.960 35.576 0.03560099 2.15350e-08
1789271650.970 35.706 0.03576021 1.70069e-08
1789271650.980 35.835 0.03588592 3.17231e-08
1789271650.990 35.964 0.03603676 1.13468e-08
1789271651.000 36.092 0.03618574 2.37990e-08
1789271651.010 36.220 0.03637011 1.61579e-08
1789271651.020 36.348 0.03654144 1.13468e-08
1789271651.030 36.475 0.03669042 2.49310e-08
1789271651.040 36.602 0.03684964 2.57367e-09
1789271651.050 36.728 0.03699862 1.50259e-08
1789271651.060 36.854 0.03715598 1.04978e-08
1789271651.070 36.979 0.03732080 6.25273e-09
1789271651.080 37.104 0.03746698 1.98370e-08
1789271651.090 37.229 0.03760572 -8.22390e-10
1789271651.100 37.353 0.03773049 1.33278e-08
1789271651.110 37.476 0.03788320 7.66775e-09
1789271651.120 37.600 0.03801356 3.42268e-09
1789271651.130 37.723 0.03811784 1.72899e-08
1789271651.140 37.845 0.03824169 -2.23741e-09
1789271651.150 37.967 0.03835342 1.30448e-08
1789271651.160 38.089 0.03844933 6.25273e-09
1789271651.170 38.210 0.03855920 3.13968e-09
1789271651.180 38.331 0.03864859 1.61579e-08
1789271651.190 38.452 0.03874916 -2.23741e-09
1789271651.200 38.572 0.03884972 1.33278e-08
1789271651.210 38.692 0.03894469 7.38475e-09
1789271651.220 38.811 0.03902663 2.29066e-09
1789271651.230 38.930 0.03913092 1.58749e-08
1789271651.240 39.049 0.03924079 -2.23741e-09
1789271651.250 39.167 0.03930411 1.53089e-08
1789271651.260 39.285 0.03938977 6.81874e-09
1789271651.270 39.403 0.03947544 2.57367e-09
1789271651.280 39.520 0.03958252 1.61579e-08
1789271651.290 39.637 0.03968681 -2.52042e-09
1789271651.300 39.754 0.03976595 1.50259e-08
1789271651.310 39.870 0.03987490 6.81874e-09
1789271651.320 39.986 0.03996429 1.15864e-09
1789271651.330 40.101 0.04008161 1.58749e-08
1789271651.340 40.217 0.04018496 -5.39385e-10
1789271651.350 40.332 0.04027621 1.70069e-08
1789271651.360 40.446 0.04038050 7.10174e-09
1789271651.370 40.560 0.04048106 2.57367e-09
1789271651.380 40.674 0.04058814 1.78559e-08
1789271651.390 40.788 0.04071198 5.92634e-10
1789271651.400 40.901 0.04081441 1.81389e-08
1789271651.410 41.014 0.04092708 7.95075e-09
1789271651.420 41.127 0.04103136 3.42268e-09
1789271651.430 41.239 0.04114217 1.75729e-08
1789271651.440 41.351 0.04126508 2.66242e-11
1789271651.450 41.463 0.04137588 1.70069e-08
1789271651.460 41.575 0.04151555 7.10174e-09
1789271651.470 41.686 0.04162170 3.70568e-09
1789271651.480 41.797 0.04170364 1.75729e-08
1789271651.490 41.907 0.04183400 1.44165e-09
1789271651.500 42.018 0.04193922 1.67239e-08
1789271651.510 42.128 0.04206213 6.53573e-09
1789271651.520 42.237 0.04217573 3.98869e-09
1789271651.530 42.347 0.04226419 1.98370e-08
1789271651.540 42.456 0.04237220 2.00766e-09
1789271651.550 42.565 0.04246717 1.81389e-08
1789271651.560 42.673 0.04259008 6.81874e-09
1789271651.570 42.782 0.04270182 6.25273e-09
1789271651.580 42.890 0.04278655 2.06860e-08
1789271651.590 42.998 0.04289363 2.29066e-09
1789271651.600 43.105 0.04298954 1.67239e-08
1789271651.610 43.212 0.04309103 6.25273e-09
1789271651.620 43.319 0.04318415 6.25273e-09
1789271651.630 43.426 0.04325677 1.95539e-08
1789271651.640 43.532 0.04337503 2.66242e-11
1789271651.650 43.639 0.04347652 1.67239e-08
1789271651.660 43.745 0.04357243 5.40371e-09
1789271651.670 43.850 0.04366554 5.96972e-09
1789271651.680 43.956 0.04375866 1.81389e-08
1789271651.690 44.061 0.04386294 -8.22390e-10
1789271651.700 44.166 0.04396071 1.67239e-08
1789271651.710 44.270 0.04405476 5.96972e-09
1789271651.720 44.375 0.04414135 7.66775e-09
1789271651.730 44.479 0.04425309 1.70069e-08
1789271651.740 44.583 0.04434062 2.66242e-11
1789271651.750 44.687 0.04442628 1.58749e-08
1789271651.760 44.790 0.04454919 5.96972e-09
1789271651.770 44.893 0.04465255 7.66775e-09
1789271651.780 44.996 0.04472052 1.41769e-08
1789271651.790 45.099 0.04481643 -3.65244e-09
1789271651.800 45.201 0.04489930 1.61579e-08
1789271651.810 45.304 0.04501103 5.12071e-09
1789271651.820 45.406 0.04511159 5.96972e-09
1789271651.830 45.508 0.04520471 1.41769e-08
1789271651.840 45.609 0.04530527 -3.65244e-09
1789271651.850 45.711 0.04540397 1.61579e-08
1789271651.860 45.812 0.04550546 6.53573e-09
1789271651.870 45.913 0.04559672 7.10174e-09
1789271651.880 46.013 0.04567493 1.47429e-08
1789271651.890 46.114 0.04578667 -2.80342e-09
1789271651.900 46.214 0.04589189 1.64409e-08
1789271651.910 46.314 0.04597848 5.96972e-09
1789271651.920 46.414 0.04606321 8.23376e-09
1789271651.930 46.513 0.04616098 1.41769e-08
1789271651.940 46.613 0.04625317 -2.23741e-09
1789271651.950 46.712 0.04635932 1.64409e-08
1789271651.960 46.811 0.04646547 5.40371e-09
1789271651.970 46.910 0.04655206 5.96972e-09
1789271651.980 47.008 0.04664331 1.27618e-08
1789271651.990 47.107 0.04673363 -3.65244e-09
1789271652.000 47.205 0.04683233 1.58749e-08
1789271652.010 47.303 0.04692358 5.40371e-09
1789271652.020 47.401 0.04699900 4.55470e-09
1789271652.030 47.498 0.04710329 1.10638e-08
1789271652.040 47.595 0.04719734 -2.52042e-09
1789271652.050 47.693 0.04728859 1.72899e-08
1789271652.060 47.789 0.04739008 5.68672e-09
1789271652.070 47.886 0.04747947 6.25273e-09
1789271652.080 47.983 0.04757724 1.30448e-08
1789271652.090 48.079 0.04766942 1.15864e-09
1789271652.100 48.175 0.04774950 1.89879e-08
1789271652.110 48.271 0.04783702 7.66775e-09
1789271652.120 48.367 0.04793014 1.58749e-08
1789271652.130 48.463 0.04801860 4.50244e-08
1789271652.140 48.558 0.04810985 8.91731e-08
1789271652.150 48.653 0.04820017 2.60108e-07
1789271652.160 48.748 0.04827466 6.42164e-07
1789271652.170 48.843 0.04836963 1.69296e-06
1789271652.180 48.938 0.04846368 4.23802e-06
1789271652.190 49.032 0.04856797 6.98600e-06
1789271652.200 49.127 0.04864804 8.45366e-06
1789271652.210 49.221 0.04873091 7.16768e-06
1789271652.220 49.315 0.04882868 4.84224e-06
1789271652.230 49.408 0.04891342 3.02082e-06
1789271652.240 49.502 0.04901957 1.64485e-06
1789271652.250 49.595 0.04908381 6.26599e-07
1789271652.260 49.689 0.04918158 1.96149e-07
1789271652.270 49.782 0.04926632 8.71921e-08
1789271652.280 49.875 0.04935757 6.59667e-08
1789271652.290 49.967 0.04945720 3.48362e-08
1789271652.300 50.060 0.04953634 4.19113e-08
1789271652.310 50.152 0.04962667 1.98370e-08
1789271652.320 50.244 0.04970954 1.75729e-08
1789271652.330 50.336 0.04978589 2.32330e-08
1789271652.340 50.428 0.04988552 3.70568e-09
1789271652.350 50.520 0.04997305 1.58749e-08
1789271652.360 50.611 0.05007175 -8.22390e-10
1789271652.370 50.703 0.05013041 1.72465e-09
1789271652.380 50.794 0.05021421 8.79977e-09
1789271652.390 50.885 0.05031105 -5.91647e-09
1789271652.400 50.976 0.05041254 1.27618e-08
1789271652.410 51.067 0.05049542 1.15864e-09
1789271652.420 51.157 0.05058387 9.36578e-09
1789271652.430 51.248 0.05066022 1.81389e-08
1789271652.440 51.338 0.05075706 3.09629e-10
1789271652.450 51.428 0.05081666 1.72899e-08
1789271652.460 51.518 0.05092466 6.25273e-09
1789271652.470 51.608 0.05100381 1.78559e-08
1789271652.480 51.697 0.05108482 5.18165e-08
1789271652.490 51.787 0.05116863 1.25964e-07
1789271652.500 51.876 0.05126826 3.13030e-07
1789271652.510 51.965 0.05135578 5.61508e-07
1789271652.520 52.054 0.05142562 1.01403e-06
1789271652.530 52.143 0.05152059 2.06511e-06
1789271652.540 52.232 0.05160905 4.82073e-06
1789271652.550 52.320 0.05170030 1.14795e-05
1789271652.560 52.408 0.05177107 2.80636e-05
1789271652.570 52.497 0.05184370 4.60104e-05
1789271652.580 52.585 0.05193309 5.36068e-05
1789271652.590 52.673 0.05204575 4.71557e-05
1789271652.600 52.761 0.05209138 3.09805e-05
1789271652.610 52.848 0.05220404 1.11515e-05
1789271652.620 52.936 0.05230554 3.70427e-06
1789271652.630 53.023 0.05237072 2.14379e-06
1789271652.640 53.110 0.05245824 1.95021e-06
1789271652.650 53.197 0.05251504 1.74758e-06
1789271652.660 53.284 0.05260257 1.29449e-06
1789271652.670 53.371 0.05268916 7.86779e-07
1789271652.680 53.458 0.05276831 3.22935e-07
1789271652.689 53.544 0.05284746 1.50868e-07
1789271652.699 53.631 0.05294244 1.42661e-07
1789271652.709 53.717 0.05303089 1.63320e-07
1789271652.719 53.803 0.05310538 2.43411e-07
1789271652.729 53.889 0.05317522 3.39632e-07
1789271652.739 53.975 0.05324506 3.39066e-07
1789271652.749 54.060 0.05334003 2.94917e-07
1789271652.759 54.146 0.05343873 1.82565e-07
1789271652.769 54.231 0.05351043 8.15320e-08
1789271652.779 54.317 0.05357933 4.50244e-08
1789271652.789 54.402 0.05366034 1.21958e-08
1789271652.799 54.487 0.05374507 2.35160e-08
1789271652.809 54.572 0.05382143 3.98869e-09
1789271652.819 54.656 0.05391361 3.13968e-09
1789271652.829 54.741 0.05399182 1.72465e-09
1789271652.839 54.825 0.05407562 -1.32746e-08
1789271652.849 54.910 0.05414267 1.78559e-08
1789271652.859 54.994 0.05421995 1.64409e-08
1789271652.869 55.078 0.05429817 2.91761e-08
1789271652.879 55.162 0.05437918 3.17231e-08
1789271652.889 55.246 0.05448533 1.30448e-08
1789271652.899 55.330 0.05454585 2.71951e-08
1789271652.909 55.413 0.05462220 1.36109e-08
1789271652.919 55.497 0.05470693 3.08741e-08
1789271652.929 55.580 0.05478422 4.92694e-08
1789271652.939 55.663 0.05486988 6.85137e-08
1789271652.949 55.746 0.05493972 1.47472e-07
1789271652.959 55.829 0.05502538 2.40864e-07
1789271652.969 55.912 0.05510453 4.10383e-07
1789271652.979 55.995 0.05518926 7.59611e-07
1789271652.989 56.077 0.05523954 1.22770e-06
1789271652.999 56.160 0.05531776 2.06964e-06
1789271653.009 56.242 0.05541459 2.85554e-06
1789271653.019 56.324 0.05549374 4.70073e-06
1789271653.029 56.407 0.05556172 7.05873e-06
1789271653.039 56.489 0.05565390 1.23136e-05
1789271653.049 56.570 0.05572466 2.34846e-05
1789271653.059 56.652 0.05581592 4.61615e-05
1789271653.069 56.734 0.05588668 8.88377e-05
1789271653.079 56.815 0.05595838 1.33326e-04
1789271653.089 56.897 0.05604497 1.70184e-04
1789271653.099 56.978 0.05611947 1.69948e-04
1789271653.109 57.059 0.05618557 1.34424e-04
1789271653.119 57.140 0.05626938 8.69951e-05
1789271653.129 57.221 0.05635504 3.68934e-05
1789271653.139 57.302 0.05642674 1.37798e-05
1789271653.149 57.383 0.05649657 7.10259e-06
1789271653.159 57.463 0.05658783 4.01756e-06
1789271653.169 57.544 0.05665766 2.85696e-06
1789271653.179 57.624 0.05674239 2.04106e-06
1789271653.189 57.704 0.05681130 1.50618e-06
1789271653.199 57.785 0.05686996 1.11705e-06
1789271653.209 57.865 0.05697704 9.33659e-07
1789271653.219 57.945 0.05703756 7.70082e-07
1789271653.229 58.024 0.05711019 8.32909e-07
1789271653.239 58.104 0.05717816 1.04148e-06
1789271653.249 58.184 0.05724800 1.62023e-06
1789271653.259 58.263 0.05734018 2.47349e-06
1789271653.269 58.343 0.05742491 3.38165e-06
1789271653.279 58.422 0.05749382 3.44589e-06
1789271653.289 58.501 0.05755807 3.08195e-06
1789271653.299 58.580 0.05763721 2.24963e-06
1789271653.309 58.659 0.05772660 1.22600e-06
1789271653.319 58.738 0.05778620 5.56697e-07
1789271653.329 58.817 0.05786534 3.71895e-07
1789271653.339 58.895 0.05794262 2.71428e-07
1789271653.349 58.974 0.05800501 2.66334e-07
1789271653.359 59.052 0.05808789 1.87659e-07
1789271653.369 59.130 0.05818006 1.53698e-07
1789271653.379 59.209 0.05824338 1.07568e-07
1789271653.389 59.287 0.05831415 7.27588e-08
1789271653.399 59.365 0.05838305 1.00493e-07
1789271653.409 59.443 0.05847058 9.53992e-08
1789271653.419 59.521 0.05853855 1.25964e-07
1789271653.429 59.598 0.05861770 1.32190e-07
1789271653.439 59.676 0.05867636 1.06436e-07
1789271653.449 59.753 0.05874061 1.10398e-07
1789271653.459 59.831 0.05884303 7.61549e-08
1789271653.469 59.908 0.05889518 7.61549e-08
1789271653.479 59.985 0.05896501 8.52110e-08
1789271653.489 60.062 0.05902554 1.20304e-07
1789271653.499 60.139 0.05911772 2.33788e-07
1789271653.509 60.216 0.05920431 4.38401e-07
1789271653.519 60.293 0.05926018 7.56498e-07
1789271653.529 60.370 0.05935329 1.13006e-06
1789271653.539 60.446 0.05944641 1.37515e-06
1789271653.549 60.523 0.05948458 1.42128e-06
1789271653.559 60.599 0.05955908 1.22487e-06
1789271653.569 60.676 0.05961680 9.05642e-07
1789271653.579 60.752 0.05968664 5.00945e-07
1789271653.589 60.828 0.05978627 2.37185e-07
1789271653.599 60.904 0.05983655 2.11714e-07
1789271653.609 60.980 0.05991942 2.28411e-07
1789271653.619 61.056 0.06000323 2.97748e-07
1789271653.629 61.132 0.06007493 4.24251e-07
1789271653.639 61.207 0.06013452 4.50287e-07
1789271653.649 61.283 0.06020063 5.02643e-07
1789271653.659 61.358 0.06028443 5.35754e-07
1789271653.669 61.434 0.06035613 6.46409e-07
1789271653.679 61.509 0.06042876 7.59045e-07
1789271653.689 61.584 0.06051255 1.12412e-06
1789271653.699 61.659 0.06058984 1.69636e-06
1789271653.709 61.734 0.06066247 2.39962e-06
1789271653.719 61.809 0.06072672 3.30297e-06
1789271653.729 61.884 0.06079655 4.68715e-06
1789271653.739 61.959 0.06086639 6.83742e-06
1789271653.749 62.033 0.06091760 1.11159e-05
1789271653.759 62.108 0.06101537 1.79422e-05
1789271653.769 62.182 0.06107310 3.25815e-05
1789271653.779 62.257 0.06112897 5.63570e-05
1789271653.789 62.331 0.06121836 8.44079e-05
1789271653.799 62.405 0.06128912 1.16708e-04
1789271653.809 62.480 0.06135337 1.38514e-04
1789271653.819 62.554 0.06141855 1.41740e-04
1789271653.829 62.627 0.06148931 1.29633e-04
1789271653.839 62.701 0.06156008 9.78531e-05
1789271653.849 62.775 0.06163178 6.32516e-05
1789271653.859 62.849 0.06169975 2.75050e-05
1789271653.869 62.922 0.06175097 1.29019e-05
1789271653.879 62.996 0.06182080 6.70922e-06
1789271653.889 63.069 0.06190274 4.08095e-06
1789271653.899 63.143 0.06196699 2.98120e-06
1789271653.909 63.216 0.06205359 2.33283e-06
1789271653.919 63.289 0.06212994 1.90154e-06
1789271653.929 63.362 0.06218488 1.52231e-06
1789271653.939 63.435 0.06225098 1.26392e-06
1789271653.949 63.508 0.06231430 1.11620e-06
1789271653.959 63.581 0.06239904 1.01601e-06
1789271653.969 63.654 0.06246235 1.04658e-06
1789271653.979 63.726 0.06256291 1.06327e-06
1789271653.989 63.799 0.06260574 1.03016e-06
1789271653.999 63.871 0.06266161 1.02592e-06
1789271654.009 63.944 0.06275194 8.87246e-07
1789271654.019 64.016 0.06280594 6.79804e-07
1789271654.029 64.088 0.06290092 5.01228e-07
1789271654.039 64.161 0.06295585 3.23218e-07
1789271654.049 64.233 0.06302382 2.59825e-07
1789271654.059 64.305 0.06311228 2.15393e-07
1789271654.069 64.377 0.06316815 1.96998e-07
1789271654.079 64.448 0.06323426 1.88225e-07
1789271654.089 64.520 0.06330317 1.77754e-07
1789271654.099 64.592 0.06334879 1.74640e-07
1789271654.109 64.664 0.06343818 1.76621e-07
1789271654.119 64.735 0.06350336 2.00960e-07
1789271654.129 64.807 0.06356481 2.01809e-07
1789271654.139 64.878 0.06364862 2.01243e-07
1789271654.149 64.949 0.06371472 2.57844e-07
1789271654.159 65.020 0.06378084 3.23218e-07
1789271654.169 65.092 0.06383205 4.72361e-07
1789271654.179 65.163 0.06390095 8.09703e-07
1789271654.189 65.234 0.06397079 1.36750e-06
1789271654.199 65.305 0.06402852 2.05379e-06
1789271654.209 65.375 0.06411139 2.87224e-06
1789271654.219 65.446 0.06417285 3.35080e-06
1789271654.229 65.517 0.06424175 3.46825e-06
1789271654.239 65.587 0.06432276 3.12978e-06
1789271654.249 65.658 0.06437584 2.64386e-06
1789271654.259 65.728 0.06445125 1.79314e-06
1789271654.269 65.799 0.06451550 9.81204e-07
1789271654.279 65.869 0.06457416 4.91606e-07
1789271654.289 65.939 0.06464028 3.49254e-07
1789271654.299 66.009 0.06470453 3.23218e-07
1789271654.309 66.080 0.06477715 3.19822e-07
1789271654.319 66.150 0.06483023 3.84347e-07
1789271654.329 66.219 0.06490285 4.28496e-07
1789271654.339 66.289 0.06498014 4.80851e-07
1789271654.349 66.359 0.06505649 5.85563e-07
1789271654.359 66.429 0.06512353 6.81502e-07
1789271654.369 66.498 0.06518033 7.87629e-07
1789271654.379 66.568 0.06524830 8.75077e-07
1789271654.389 66.637 0.06529673 9.80921e-07
1789271654.399 66.707 0.06535911 1.02648e-06
1789271654.409 66.776 0.06545688 1.00583e-06
1789271654.419 66.846 0.06550902 8.88661e-07
1789271654.429 66.915 0.06557048 7.06972e-07
1789271654.439 66.984 0.06563100 5.48490e-07
1789271654.449 67.053 0.06569898 3.57744e-07
1789271654.458 67.122 0.06577812 2.53033e-07
1789271654.469 67.191 0.06583306 2.51618e-07
1789271654.478 67.260 0.06590568 2.26147e-07
1789271654.488 67.328 0.06597180 2.02658e-07
1789271654.498 67.397 0.06602767 2.08318e-07
1789271654.508 67.466 0.06609657 1.68131e-07
1789271654.518 67.534 0.06615896 1.33322e-07
1789271654.528 67.603 0.06623344 1.10398e-07
1789271654.538 67.671 0.06629490 9.68142e-08
1789271654.548 67.740 0.06636474 1.14926e-07
1789271654.558 67.808 0.06644016 9.37012e-08
1789271654.568 67.876 0.06649416 1.05870e-07
1789271654.578 67.944 0.06656865 1.09832e-07
1789271654.588 68.012 0.06663756 1.05870e-07
1789271654.598 68.080 0.06668319 1.40963e-07
1789271654.608 68.148 0.06673440 1.66150e-07
1789271654.618 68.216 0.06680516 2.45392e-07
1789271654.628 68.284 0.06689082 2.95483e-07
1789271654.638 68.352 0.06694111 3.51801e-07
1789271654.648 68.419 0.06699697 4.24817e-07
1789271654.658 68.487 0.06706774 4.95568e-07
1789271654.668 68.555 0.06711337 4.90191e-07
1789271654.678 68.622 0.06717948 4.63871e-07
1789271654.688 68.689 0.06727073 4.32741e-07
1789271654.698 68.757 0.06732660 4.39816e-07
1789271654.708 68.824 0.06739364 4.61890e-07
1789271654.718 68.891 0.06744857 5.28396e-07
1789271654.728 68.958 0.06751189 6.92256e-07
1789271654.738 69.026 0.06757335 8.19891e-07
1789271654.748 69.093 0.06764318 1.20704e-06
1789271654.758 69.160 0.06771023 1.38958e-06
1789271654.768 69.226 0.06777075 1.84522e-06
1789271654.778 69.293 0.06783965 2.41887e-06
1789271654.788 69.360 0.06789552 2.75706e-06
1789271654.798 69.427 0.06795698 3.89049e-06
1789271654.808 69.493 0.06803612 5.47730e-06
1789271654.818 69.560 0.06810782 7.23193e-06
1789271654.828 69.626 0.06815531 1.07392e-05
1789271654.838 69.693 0.06820559 1.65931e-05
1789271654.848 69.759 0.06827542 2.74846e-05
1789271654.858 69.825 0.06835178 4.59617e-05
1789271654.868 69.892 0.06839926 7.33752e-05
1789271654.878 69.958 0.06847934 1.06871e-04
1789271654.888 70.024 0.06853614 1.36352e-04
1789271654.898 70.090 0.06860598 1.57887e-04
1789271654.908 70.156 0.06868047 1.63877e-04
1789271654.918 70.222 0.06872051 1.56159e-04
1789271654.928 70.288 0.06877823 1.36676e-04
1789271654.938 70.354 0.06882945 1.08261e-04
1789271654.948 70.420 0.06890953 7.11284e-05
1789271654.958 70.485 0.06898774 3.76807e-05
1789271654.968 70.551 0.06903709 1.98327e-05
1789271654.978 70.616 0.06911158 1.07463e-05
1789271654.988 70.682 0.06915721 7.49512e-06
1789271654.998 70.747 0.06920749 6.01670e-06
1789271655.008 70.813 0.06928384 4.88186e-06
1789271655.018 70.878 0.06934251 4.18340e-06
1789271655.028 70.943 0.06940861 3.76059e-06
1789271655.038 71.009 0.06948217 3.30269e-06
1789271655.048 71.074 0.06953711 2.92205e-06
1789271655.058 71.139 0.06959577 2.42707e-06
1789271655.068 71.204 0.06964605 2.23095e-06
1789271655.078 71.269 0.06971030 1.91965e-06
1789271655.088 71.334 0.06976990 1.59759e-06
1789271655.098 71.399 0.06982483 1.44646e-06
1789271655.108 71.463 0.06991981 1.39213e-06
1789271655.118 71.528 0.06996450 1.26534e-06
1789271655.128 71.593 0.07002689 1.13374e-06
1789271655.138 71.657 0.07007810 1.05196e-06
1789271655.148 71.722 0.07013490 1.08507e-06
1789271655.158 71.786 0.07019635 1.10346e-06
1789271655.168 71.851 0.07027084 1.04262e-06
1789271655.178 71.915 0.07035651 8.61493e-07
1789271655.188 71.980 0.07040306 8.28381e-07
1789271655.198 72.044 0.07044031 7.40933e-07
1789271655.208 72.108 0.07051387 6.66786e-07
1789271655.218 72.172 0.07057998 5.06322e-07
1789271655.228 72.236 0.07064981 3.84347e-07
1789271655.238 72.300 0.07069172 3.21237e-07
1789271655.248 72.364 0.07075783 2.95483e-07
1789271655.258 72.428 0.07081742 2.16525e-07
1789271655.268 72.492 0.07087329 2.18789e-07
1789271655.278 72.556 0.07094498 2.04639e-07
1789271655.288 72.620 0.07100086 2.39166e-07
1789271655.298 72.683 0.07106417 2.80484e-07
1789271655.308 72.747 0.07112749 2.59542e-07
1789271655.318 72.811 0.07117497 2.66900e-07
1789271655.328 72.874 0.07126530 2.73409e-07
1789271655.338 72.938 0.07131651 3.03408e-07
1789271655.348 73.001 0.07136306 2.80484e-07
1789271655.358 73.064 0.07144966 2.39449e-07
1789271655.368 73.128 0.07149808 2.94351e-07
1789271655.378 73.191 0.07155209 3.11615e-07
1789271655.388 73.254 0.07161540 3.46990e-07
1789271655.398 73.317 0.07167965 3.67367e-07
1789271655.408 73.380 0.07174762 3.49254e-07
1789271655.418 73.444 0.07179139 4.20572e-07
1789271655.428 73.507 0.07184260 3.91705e-07
1789271655.438 73.569 0.07190499 4.57645e-07
1789271655.448 73.632 0.07195713 5.24434e-07
1789271655.458 73.695 0.07203814 5.38585e-07
1789271655.468 73.758 0.07207445 6.64522e-07
1789271655.478 73.821 0.07213963 7.36688e-07
1789271655.488 73.883 0.07219363 8.23570e-07
1789271655.498 73.946 0.07225602 8.15363e-07
1789271655.508 74.009 0.07232400 7.68384e-07
1789271655.518 74.071 0.07237241 7.06972e-07
1789271655.528 74.133 0.07244691 6.01128e-07
1789271655.538 74.196 0.07252046 5.02643e-07
1789271655.548 74.258 0.07255864 4.52268e-07
1789271655.558 74.321 0.07261637 4.15477e-07
1789271655.568 74.383 0.07266945 4.68399e-07
1789271655.578 74.445 0.07272997 4.89908e-07
1789271655.588 74.507 0.07279701 5.19057e-07
1789271655.598 74.569 0.07286685 5.72828e-07
1789271655.608 74.631 0.07291433 5.80186e-07
1789271655.618 74.693 0.07296183 5.59810e-07
1789271655.628 74.755 0.07302886 5.32924e-07
1789271655.638 74.817 0.07310894 4.93304e-07
1789271655.648 74.879 0.07314526 3.90573e-07
1789271655.658 74.941 0.07320392 3.23218e-07
1789271655.668 75.002 0.07325699 2.86993e-07
1789271655.678 75.064 0.07331845 2.19072e-07
1789271655.688 75.126 0.07337338 2.20487e-07
1789271655.698 75.187 0.07343856 2.30392e-07
1789271655.708 75.249 0.07351305 2.43411e-07
1789271655.718 75.310 0.07354564 3.07370e-07
1789271655.728 75.372 0.07361548 3.63122e-07
1789271655.738 75.433 0.07366204 4.68399e-07
1789271655.748 75.494 0.07371883 6.13015e-07
1789271655.758 75.556 0.07379053 8.71964e-07
1789271655.768 75.617 0.07384547 1.32251e-06
1789271655.778 75.678 0.07392089 1.90408e-06
1789271655.788 75.739 0.07397862 2.64669e-06
1789271655.798 75.800 0.07403263 3.55796e-06
1789271655.808 75.861 0.07409408 4.11067e-06
1789271655.818 75.922 0.07414902 4.34952e-06
1789271655.828 75.983 0.07420209 4.29179e-06
1789271655.838 76.044 0.07424120 4.06001e-06
1789271655.848 76.105 0.07431662 3.66635e-06
1789271655.858 76.166 0.07438087 2.99393e-06
1789271655.868 76.227 0.07442184 2.11266e-06
1789271655.878 76.287 0.07450285 1.25261e-06
1789271655.888 76.348 0.07454848 8.16778e-07
1789271655.898 76.408 0.07458851 5.37735e-07
1789271655.908 76.469 0.07465835 4.01893e-07
1789271655.918 76.530 0.07473750 3.56896e-07
1789271655.928 76.590 0.07477753 3.25482e-07
1789271655.938 76.650 0.07482130 3.32557e-07
1789271655.948 76.711 0.07489951 3.36519e-07
1789271655.958 76.771 0.07494793 3.23218e-07
1789271655.968 76.831 0.07499821 3.35104e-07
1789271655.978 76.892 0.07506433 3.15577e-07
1789271655.988 76.952 0.07511740 3.25482e-07
1789271655.998 77.012 0.07517606 3.26048e-07
1789271656.008 77.072 0.07524217 2.71145e-07
1789271656.018 77.132 0.07528407 2.45958e-07
1789271656.028 77.192 0.07532690 2.08601e-07
1789271656.038 77.252 0.07538370 1.91904e-07
1789271656.048 77.312 0.07544795 1.74640e-07
1789271656.058 77.372 0.07550941 1.39265e-07
1789271656.068 77.431 0.07557552 1.50585e-07
1789271656.078 77.491 0.07564815 1.39265e-07
1789271656.088 77.551 0.07569284 1.38699e-07
1789271656.098 77.610 0.07574126 1.35869e-07
1789271656.108 77.670 0.07579247 1.09266e-07
1789271656.118 77.730 0.07584369 1.38982e-07
1789271656.128 77.789 0.07591724 1.33039e-07
1789271656.138 77.849 0.07597311 1.36435e-07
1789271656.148 77.908 0.07603643 1.86527e-07
1789271656.158 77.967 0.07609788 2.38034e-07
1789271656.168 78.027 0.07613606 2.88974e-07
1789271656.178 78.086 0.07619100 3.18124e-07
1789271656.188 78.145 0.07625990 2.91238e-07
1789271656.198 78.205 0.07632508 3.25199e-07
1789271656.208 78.264 0.07639026 3.19822e-07
1789271656.217 78.323 0.07642006 3.63688e-07
1789271656.228 78.382 0.07646847 3.65952e-07
1789271656.238 78.441 0.07650758 3.79819e-07
1789271656.247 78.500 0.07658580 4.03874e-07
1789271656.257 78.559 0.07666587 3.93120e-07
1789271656.267 78.618 0.07672361 4.16610e-07
1789271656.277 78.677 0.07676737 4.03308e-07
1789271656.287 78.735 0.07679623 3.72178e-07
1789271656.297 78.794 0.07686514 3.46141e-07
1789271656.307 78.853 0.07692566 2.81333e-07
1789271656.317 78.911 0.07698525 2.54165e-07
1789271656.327 78.970 0.07704577 1.98130e-07
1789271656.337 79.029 0.07708954 1.72659e-07
1789271656.347 79.087 0.07713982 1.60207e-07
1789271656.357 79.146 0.07720593 1.46340e-07
1789271656.367 79.204 0.07726552 1.48321e-07
1789271656.377 79.263 0.07731022 1.41246e-07
1789271656.387 79.321 0.07737819 1.29360e-07
1789271656.397 79.379 0.07744058 1.26813e-07
1789271656.407 79.438 0.07748434 1.17191e-07
1789271656.417 79.496 0.07754766 1.26530e-07
1789271656.427 79.554 0.07760074 1.29643e-07
1789271656.437 79.612 0.07765660 1.50302e-07
1789271656.447 79.670 0.07771060 1.77187e-07
1789271656.457 79.728 0.07777020 1.77187e-07
1789271656.467 79.786 0.07781303 2.29543e-07
1789271656.477 79.844 0.07787356 2.56712e-07
1789271656.487 79.902 0.07791080 3.26614e-07
1789271656.497 79.960 0.07797412 3.83498e-07
1789271656.507 80.018 0.07802533 4.63022e-07
1789271656.517 80.076 0.07808492 5.20189e-07
1789271656.527 80.134 0.07815476 6.20939e-07
1789271656.537 80.191 0.07819852 7.54517e-07
1789271656.547 80.249 0.07825253 9.93090e-07
1789271656.557 80.307 0.07830933 1.29845e-06
1789271656.567 80.364 0.07835867 1.74164e-06
1789271656.577 80.422 0.07842293 2.38576e-06
1789271656.587 80.479 0.07848811 3.12468e-06
1789271656.597 80.537 0.07854211 4.12878e-06
1789271656.607 80.594 0.07860915 5.34825e-06
1789271656.617 80.652 0.07865571 7.27013e-06
1789271656.627 80.709 0.07869947 9.67369e-06
1789271656.637 80.766 0.07874324 1.31691e-05
1789271656.647 80.824 0.07879910 2.00656e-05
1789271656.657 80.881 0.07884380 2.94022e-05
1789271656.667 80.938 0.07890898 3.97390e-05
1789271656.677 80.995 0.07896950 5.68313e-05
1789271656.687 81.052 0.07901419 7.68649e-05
1789271656.697 81.110 0.07907193 9.96927e-05
1789271656.707 81.167 0.07912779 1.22395e-04
1789271656.717 81.224 0.07916970 1.40078e-04
1789271656.727 81.281 0.07925071 1.51023e-04
1789271656.737 81.337 0.07928981 1.50560e-04
1789271656.747 81.394 0.07935219 1.46432e-04
1789271656.757 81.451 0.07940527 1.38540e-04
1789271656.767 81.508 0.07944065 1.22455e-04
1789271656.777 81.565 0.07951328 1.02291e-04
1789271656.787 81.621 0.07956077 7.83309e-05
1789271656.797 81.678 0.07961757 5.81790e-05
1789271656.807 81.735 0.07966785 3.54916e-05
1789271656.817 81.791 0.07971069 2.48351e-05
1789271656.827 81.848 0.07976283 1.70944e-05
1789271656.837 81.905 0.07982521 1.29192e-05
1789271656.847 81.961 0.07987456 9.83614e-06
1789271656.857 82.017 0.07993509 7.99830e-06
1789271656.867 82.074 0.07999840 7.08816e-06
1789271656.877 82.130 0.08005427 6.22386e-06
1789271656.887 82.187 0.08008965 5.40994e-06
1789271656.897 82.243 0.08014739 4.93195e-06
1789271656.907 82.299 0.08021722 4.48933e-06
1789271656.917 82.355 0.08025726 4.02548e-06
1789271656.927 82.412 0.08030940 3.77446e-06
1789271656.937 82.468 0.08036900 3.36863e-06
1789271656.947 82.524 0.08041648 3.07798e-06
1789271656.957 82.580 0.08047328 2.88724e-06
1789271656.967 82.636 0.08051891 2.54933e-06
1789271656.977 82.692 0.08058316 2.42396e-06
1789271656.987 82.748 0.08062226 2.28048e-06
1789271656.997 82.804 0.08068279 2.09992e-06
1789271657.007 82.860 0.08072748 1.91314e-06
1789271657.017 82.915 0.08075728 1.80531e-06
1789271657.027 82.971 0.08084108 1.67909e-06
1789271657.037 83.027 0.08089974 1.55089e-06
1789271657.047 83.083 0.08095747 1.46033e-06
1789271657.057 83.138 0.08101148 1.39552e-06
1789271657.067 83.194 0.08105804 1.29194e-06
1789271657.077 83.250 0.08110552 1.24383e-06
1789271657.087 83.305 0.08116512 1.14393e-06
1789271657.097 83.361 0.08121912 1.06101e-06
1789271657.107 83.416 0.08126475 1.03441e-06
1789271657.117 83.472 0.08131503 1.01997e-06
1789271657.127 83.527 0.08136997 9.16396e-07
1789271657.137 83.583 0.08141931 8.34890e-07
1789271657.147 83.638 0.08146587 7.79704e-07
1789271657.157 83.693 0.08152360 7.15462e-07
1789271657.167 83.748 0.08156364 7.08387e-07
1789271657.177 83.804 0.08163161 6.11600e-07
1789271657.187 83.859 0.08168469 5.66036e-07
1789271657.197 83.914 0.08174428 5.19340e-07
1789271657.207 83.969 0.08180667 4.60758e-07
1789271657.217 84.024 0.08184671 4.57645e-07
1789271657.227 84.079 0.08189327 4.03025e-07
1789271657.237 84.134 0.08193610 4.03308e-07
1789271657.247 84.189 0.08198451 3.56047e-07
1789271657.257 84.244 0.08203573 3.28878e-07
1789271657.267 84.299 0.08209252 3.62556e-07
1789271657.277 84.354 0.08215957 3.05672e-07
1789271657.287 84.409 0.08219867 2.77937e-07
1789271657.297 84.464 0.08226199 2.67183e-07
1789271657.307 84.519 0.08231600 2.32939e-07
1789271657.317 84.573 0.08236814 2.27279e-07
1789271657.327 84.628 0.08241842 1.98979e-07
1789271657.337 84.683 0.08247522 1.88225e-07
1789271657.347 84.737 0.08252923 1.77471e-07
1789271657.357 84.792 0.08257579 1.43510e-07
1789271657.367 84.847 0.08262141 1.58509e-07
1789271657.377 84.901 0.08267169 1.25398e-07
1789271657.387 84.956 0.08272104 1.35020e-07
1789271657.397 85.010 0.08278529 1.27379e-07
1789271657.407 85.064 0.08284302 1.09832e-07
1789271657.417 85.119 0.08288399 1.20304e-07
1789271657.427 85.173 0.08292868 1.00776e-07
1789271657.437 85.228 0.08297710 1.10398e-07
1789271657.447 85.282 0.08303204 1.07851e-07
1789271657.457 85.336 0.08310094 8.06829e-08
1789271657.467 85.390 0.08314378 1.01059e-07
1789271657.477 85.444 0.08320709 8.63430e-08
1789271657.487 85.499 0.08323968 9.62482e-08
1789271657.497 85.553 0.08329183 1.08134e-07
1789271657.507 85.607 0.08335514 1.12097e-07
1789271657.517 85.661 0.08339704 1.44925e-07
1789271657.527 85.715 0.08344826 1.55113e-07
1789271657.537 85.769 0.08348085 2.16242e-07
1789271657.547 85.823 0.08354602 2.62372e-07
1789271657.557 85.877 0.08360934 3.35104e-07
1789271657.567 85.931 0.08364472 4.78588e-07
1789271657.577 85.984 0.08369687 6.00279e-07
1789271657.587 86.038 0.08374343 8.04043e-07
1789271657.597 86.092 0.08379743 9.97901e-07
1789271657.607 86.146 0.08385609 1.22119e-06
1789271657.617 86.199 0.08391848 1.45722e-06
1789271657.627 86.253 0.08396597 1.60325e-06
1789271657.637 86.307 0.08400787 1.70202e-06
1789271657.647 86.360 0.08406932 1.75267e-06
1789271657.657 86.414 0.08412799 1.78239e-06
1789271657.667 86.467 0.08415778 1.70372e-06
1789271657.677 86.521 0.08423227 1.57636e-06
1789271657.687 86.574 0.08425648 1.45354e-06
1789271657.697 86.628 0.08430955 1.23110e-06
1789271657.707 86.681 0.08436822 1.01573e-06
1789271657.717 86.735 0.08442129 8.17061e-07
1789271657.727 86.788 0.08447344 6.51220e-07
1789271657.737 86.841 0.08452930 5.21038e-07
1789271657.747 86.895 0.08456469 3.93403e-07
1789271657.757 86.948 0.08458424 2.92936e-07
1789271657.767 87.001 0.08465035 2.45958e-07
1789271657.777 87.054 0.08471274 1.93036e-07
1789271657.787 87.107 0.08478350 1.69263e-07
1789271657.797 87.161 0.08482540 1.44642e-07
1789271657.807 87.214 0.08486917 1.17757e-07
1789271657.817 87.267 0.08490735 1.29926e-07
1789271657.827 87.320 0.08496414 1.04738e-07
1789271657.837 87.373 0.08503677 1.07002e-07
1789271657.847 87.426 0.08506843 9.48332e-08
1789271657.857 87.479 0.08512989 8.43620e-08
1789271657.867 87.531 0.08517272 9.62482e-08
1789271657.877 87.584 0.08522672 7.24758e-08
1789271657.887 87.637 0.08527049 7.81359e-08
1789271657.897 87.690 0.08531145 6.76647e-08
1789271657.907 87.743 0.08536267 5.74766e-08
1789271657.917 87.795 0.08541760 7.30418e-08
1789271657.927 87.848 0.08547906 5.32315e-08
1789271657.937 87.901 0.08552096 6.17216e-08
1789271657.947 87.953 0.08557590 5.35145e-08
1789271657.957 88.006 0.08563921 4.64394e-08
1789271657.967 88.059 0.08569043 6.11556e-08
1789271657.977 88.111 0.08573698 4.13453e-08
1789271657.987 88.164 0.08577144 5.20995e-08
1789271657.997 88.216 0.08581706 4.70054e-08
1789271658.007 88.269 0.08585244 4.24773e-08
1789271658.017 88.321 0.08590925 5.63446e-08
1789271658.026 88.373 0.08598281 3.56852e-08
1789271658.036 88.426 0.08601633 4.72884e-08
1789271658.046 88.478 0.08608336 3.99303e-08
1789271658.056 88.530 0.08613737 3.34212e-08
1789271658.066 88.583 0.08616996 4.95524e-08
1789271658.076 88.635 0.08621838 2.66291e-08
1789271658.086 88.687 0.08626959 3.93643e-08
1789271658.096 88.739 0.08632267 3.37042e-08
1789271658.106 88.791 0.08636736 3.00251e-08
1789271658.116 88.843 0.08642416 4.38923e-08
1789271658.126 88.896 0.08648841 2.60630e-08
1789271658.136 88.948 0.08650144 3.85153e-08
1789271658.146 89.000 0.08655545 3.17231e-08
1789271658.156 89.052 0.08661504 2.86101e-08
1789271658.166 89.104 0.08666812 4.44583e-08
1789271658.176 89.155 0.08671840 2.35160e-08
1789271658.186 89.207 0.08676217 3.82323e-08
1789271658.196 89.259 0.08680593 3.39872e-08
1789271658.206 89.311 0.08685156 3.14401e-08
1789271658.216 89.363 0.08691208 4.89864e-08
1789271658.226 89.415 0.08697633 2.91761e-08
1789271658.236 89.466 0.08700147 4.89864e-08
1789271658.246 89.518 0.08705733 4.27603e-08
1789271658.256 89.570 0.08708526 3.90813e-08
1789271658.266 89.621 0.08714300 5.71936e-08
1789271658.276 89.673 0.08720073 3.87983e-08
1789271658.286 89.725 0.08726777 5.57785e-08
1789271658.296 89.776 0.08732643 4.72884e-08
1789271658.306 89.828 0.08735995 4.19113e-08
1789271658.316 89.879 0.08740371 5.49295e-08
1789271658.326 89.931 0.08744934 3.39872e-08
1789271658.336 89.982 0.08749962 4.89864e-08
1789271658.346 90.034 0.08755549 3.85153e-08
1789271658.356 90.085 0.08759180 3.25722e-08
1789271658.366 90.136 0.08764581 4.36093e-08
1789271658.376 90.188 0.08769795 2.18180e-08
1789271658.386 90.239 0.08775196 3.68172e-08
1789271658.396 90.290 0.08780410 2.80441e-08
1789271658.406 90.342 0.08784228 2.01200e-08
1789271658.416 90.393 0.08789070 3.73832e-08
1789271658.426 90.444 0.08796054 1.72899e-08
1789271658.436 90.495 0.08799499 3.90813e-08
1789271658.446 90.546 0.08804433 2.86101e-08
1789271658.456 90.597 0.08807600 2.83271e-08
1789271658.466 90.648 0.08812162 4.67224e-08
1789271658.476 90.699 0.08818866 3.25722e-08
1789271658.486 90.750 0.08822963 5.43635e-08
1789271658.496 90.801 0.08827619 5.09675e-08
1789271658.506 90.852 0.08832740 5.06845e-08
1789271658.516 90.903 0.08836092 6.85137e-08
1789271658.526 90.954 0.08842517 5.66275e-08
1789271658.536 91.005 0.08847266 7.72869e-08
1789271658.546 91.056 0.08851642 6.42687e-08
1789271658.556 91.107 0.08855646 6.22876e-08
1789271658.566 91.157 0.08861139 7.64379e-08
1789271658.576 91.208 0.08867378 5.74766e-08
1789271658.586 91.259 0.08870358 7.10608e-08
1789271658.596 91.310 0.08876317 5.74766e-08
1789271658.606 91.360 0.08881997 4.67224e-08
1789271658.616 91.411 0.08885815 6.08726e-08
1789271658.626 91.462 0.08892053 4.04963e-08
1789271658.636 91.512 0.08894381 5.18165e-08
1789271658.646 91.563 0.08899037 4.04963e-08
1789271658.656 91.613 0.08904158 3.65342e-08
1789271658.666 91.664 0.08910117 4.75714e-08
1789271658.676 91.714 0.08915238 2.66291e-08
1789271658.686 91.765 0.08917753 4.16283e-08
1789271658.696 91.815 0.08922315 2.83271e-08
1789271658.706 91.866 0.08928088 3.00251e-08
1789271658.716 91.916 0.08932465 4.30433e-08
1789271658.726 91.966 0.08938517 2.49310e-08
1789271658.736 92.017 0.08943731 4.33263e-08
1789271658.746 92.067 0.08948759 3.28552e-08
1789271658.756 92.117 0.08953601 3.45532e-08
1789271658.766 92.167 0.08956581 5.04015e-08
1789271658.776 92.218 0.08961889 3.62512e-08
1789271658.786 92.268 0.08964775 5.71936e-08
1789271658.796 92.318 0.08970548 5.12505e-08
1789271658.806 92.368 0.08976787 6.00236e-08
1789271658.816 92.418 0.08980325 8.15320e-08
1789271658.826 92.468 0.08985632 7.19098e-08
1789271658.836 92.518 0.08991126 1.02757e-07
1789271658.846 92.568 0.08995875 1.09266e-07
1789271658.856 92.618 0.08999413 1.41812e-07
1789271658.866 92.668 0.09004069 1.89923e-07
1789271658.876 92.718 0.09008259 2.18506e-07
1789271658.886 92.768 0.09013101 3.28312e-07
1789271658.896 92.818 0.09018222 4.16892e-07
1789271658.906 92.868 0.09022691 5.58678e-07
1789271658.916 92.917 0.09026695 7.47725e-07
1789271658.926 92.967 0.09033027 9.37904e-07
1789271658.936 93.017 0.09037124 1.24468e-06
1789271658.946 93.067 0.09042432 1.56391e-06
1789271658.956 93.117 0.09047180 1.83361e-06
1789271658.966 93.166 0.09052581 2.19558e-06
1789271658.976 93.216 0.09057143 2.46868e-06
1789271658.986 93.266 0.09060775 2.75649e-06
1789271658.996 93.315 0.09066548 3.07657e-06
1789271659.006 93.365 0.09070738 3.23675e-06
1789271659.016 93.414 0.09074649 3.32844e-06
1789271659.026 93.464 0.09080608 3.42467e-06
1789271659.036 93.513 0.09084426 3.36354e-06
1789271659.046 93.563 0.09089174 3.26109e-06
1789271659.056 93.612 0.09094482 3.11704e-06
1789271659.066 93.662 0.09098206 2.92007e-06
1789271659.076 93.711 0.09103979 2.72479e-06
1789271659.086 93.760 0.09106773 2.44434e-06
1789271659.096 93.810 0.09112639 2.18992e-06
1789271659.106 93.859 0.09119343 1.89135e-06
1789271659.116 93.908 0.09123068 1.69183e-06
1789271659.126 93.958 0.09127817 1.45071e-06
1789271659.136 94.007 0.09131914 1.24553e-06
1789271659.146 94.056 0.09137035 1.06214e-06
1789271659.156 94.105 0.09142622 9.34508e-07
1789271659.166 94.154 0.09144670 8.08854e-07
1789271659.176 94.204 0.09150257 6.22071e-07
1789271659.186 94.253 0.09154633 5.46792e-07
1789271659.196 94.302 0.09158544 4.38118e-07
1789271659.206 94.351 0.09163665 3.53782e-07
1789271659.216 94.400 0.09169066 3.10200e-07
1789271659.226 94.449 0.09174653 2.45392e-07
1789271659.236 94.498 0.09178749 2.28128e-07
1789271659.246 94.547 0.09182940 1.84546e-07
1789271659.256 94.596 0.09185733 1.61056e-07
1789271659.266 94.645 0.09191320 1.46057e-07
1789271659.276 94.694 0.09196348 1.16341e-07
1789271659.286 94.743 0.09201097 1.19172e-07
1789271659.296 94.791 0.09207615 9.25691e-08
1789271659.306 94.840 0.09210129 8.43620e-08
1789271659.316 94.889 0.09216833 8.09660e-08
1789271659.326 94.938 0.09222699 5.77596e-08
1789271659.336 94.986 0.09224747 7.10608e-08
1789271659.346 95.035 0.09229217 4.87034e-08
1789271659.356 95.084 0.09233128 4.36093e-08
1789271659.366 95.133 0.09237784 4.61564e-08
1789271659.376 95.181 0.09242998 2.37990e-08
1789271659.386 95.230 0.09247653 3.76662e-08
1789271659.396 95.278 0.09251657 2.15350e-08
1789271659.406 95.327 0.09256034 1.92709e-08
1789271659.416 95.375 0.09260783 2.26670e-08
1789271659.426 95.424 0.09267207 7.38475e-09
1789271659.436 95.472 0.09270653 1.95539e-08
1789271659.446 95.521 0.09275960 1.44165e-09
1789271659.456 95.569 0.09280709 5.92634e-10
1789271659.466 95.618 0.09283968 6.25273e-09
1789271659.476 95.666 0.09289275 -1.12936e-08
1789271659.486 95.715 0.09295141 8.75638e-10
1789271659.496 95.763 0.09299424 -2.00667e-08
1789271659.506 95.811 0.09303708 -2.09157e-08
1789271659.516 95.859 0.09308363 -1.63876e-08
1789271659.526 95.908 0.09312367 -3.90280e-08
1789271659.536 95.956 0.09315068 -2.77078e-08
1789271659.546 96.004 0.09320003 -4.78011e-08
1789271659.556 96.052 0.09325403 -4.83671e-08
1789271659.566 96.101 0.09330990 -4.75181e-08
1789271659.576 96.149 0.09336298 -7.29884e-08
1789271659.586 96.197 0.09340767 -6.13853e-08
1789271659.596 96.245 0.09344398 -8.26106e-08
1789271659.606 96.293 0.09348589 -8.37426e-08
1789271659.616 96.341 0.09352965 -8.28936e-08
1789271659.626 96.389 0.09357900 -1.07515e-07
1789271659.636 96.437 0.09361718 -9.64778e-08
1789271659.646 96.485 0.09366839 -1.12326e-07
1789271659.656 96.533 0.09370284 -1.08081e-07
1789271659.666 96.581 0.09374753 -1.02704e-07
1789271659.676 96.629 0.09380899 -1.21382e-07
1789271659.686 96.677 0.09383320 -9.81758e-08
1789271659.696 96.725 0.09390024 -1.07798e-07
1789271659.706 96.772 0.09393656 -9.42138e-08
1789271659.716 96.820 0.09396635 -8.03465e-08
1789271659.726 96.868 0.09403805 -8.96857e-08
1789271659.736 96.916 0.09406319 -6.25173e-08
1789271659.746 96.964 0.09411533 -6.36493e-08
1789271659.755 97.011 0.09417120 -4.41220e-08
1789271659.766 97.059 0.09420751 -2.77078e-08
1789271659.775 97.107 0.09428201 -3.13869e-08
1789271659.785 97.154 0.09432204 -2.80342e-09
1789271659.795 97.202 0.09435184 -6.76549e-09
1789271659.805 97.250 0.09438909 7.38475e-09
1789271659.815 97.297 0.09444495 1.64409e-08
1789271659.825 97.345 0.09447475 3.42268e-09
1789271659.835 97.392 0.09450827 2.43650e-08
1789271659.845 97.440 0.09457531 1.58749e-08
1789271659.855 97.487 0.09461535 2.12520e-08
1789271659.865 97.535 0.09464235 2.74781e-08
1789271659.875 97.582 0.09471126 1.21958e-08
1789271659.885 97.630 0.09475595 3.17231e-08
1789271659.895 97.677 0.09480530 1.84219e-08
1789271659.905 97.724 0.09486862 2.49310e-08
1789271659.915 97.772 0.09491238 3.08741e-08
1789271659.925 97.819 0.09494590 1.75729e-08
1789271659.935 97.866 0.09496918 4.10623e-08
1789271659.945 97.914 0.09500829 3.51192e-08
1789271659.955 97.961 0.09505578 4.50244e-08
1789271659.965 98.008 0.09511071 5.80426e-08
1789271659.975 98.055 0.09515541 5.54955e-08
1789271659.985 98.102 0.09520383 8.97391e-08
1789271659.995 98.150 0.09525225 8.74751e-08
1789271660.005 98.197 0.09530346 1.12945e-07
1789271660.015 98.244 0.09534536 1.45208e-07
1789271660.025 98.291 0.09539005 1.62754e-07
1789271660.035 98.338 0.09542264 2.10582e-07
1789271660.045 98.385 0.09547106 2.29260e-07
1789271660.055 98.432 0.09551203 2.62089e-07
1789271660.065 98.479 0.09555300 3.34255e-07
1789271660.075 98.526 0.09560049 3.67933e-07
1789271660.085 98.573 0.09565263 4.53117e-07
1789271660.095 98.620 0.09570943 5.43961e-07
1789271660.105 98.667 0.09576251 6.38768e-07
1789271660.115 98.714 0.09578393 7.22254e-07
1789271660.125 98.761 0.09581651 8.72247e-07
1789271660.135 98.808 0.09586214 1.01177e-06
1789271660.145 98.854 0.09592639 1.29477e-06
1789271660.155 98.901 0.09596363 1.43203e-06
1789271660.165 98.948 0.09599343 1.72268e-06
1789271660.175 98.995 0.09603254 2.39368e-06
1789271660.185 99.041 0.09608468 2.86828e-06
1789271660.195 99.088 0.09615824 3.90379e-06
1789271660.205 99.135 0.09618152 4.96053e-06
1789271660.215 99.182 0.09621411 6.78591e-06
1789271660.225 99.228 0.09628208 8.89260e-06
1789271660.235 99.275 0.09632584 1.13530e-05
1789271660.245 99.321 0.09637985 1.44205e-05
1789271660.255 99.368 0.09641523 1.88128e-05
1789271660.265 99.415 0.09645993 2.66013e-05
1789271660.275 99.461 0.09649624 3.49658e-05
1789271660.285 99.508 0.09653162 4.12375e-05
1789271660.295 99.554 0.09658284 5.11180e-05
1789271660.305 99.601 0.09663312 5.88803e-05
1789271660.315 99.647 0.09667968 6.74757e-05
1789271660.325 99.694 0.09672251 7.92003e-05
1789271660.335 99.740 0.09675882 8.34420e-05
1789271660.345 99.786 0.09680538 9.06501e-05
1789271660.355 99.833 0.09684542 9.72990e-05
1789271660.365 99.879 0.09689011 1.03593e-04
1789271660.375 99.925 0.09693201 1.08464e-04
1789271660.385 99.972 0.09696181 1.10985e-04
1789271660.395 100.018 0.09701489 1.14234e-04
1789271660.405 100.064 0.09705027 1.12283e-04
1789271660.415 100.110 0.09710148 1.10649e-04
1789271660.425 100.157 0.09714617 1.08386e-04
1789271660.435 100.203 0.09720111 1.02057e-04
1789271660.445 100.249 0.09725698 9.96310e-05
1789271660.455 100.295 0.09727746 9.15840e-05
1789271660.465 100.341 0.09731378 8.48423e-05
1789271660.475 100.387 0.09737616 8.06646e-05
1789271660.485 100.434 0.09743017 7.18498e-05
1789271660.495 100.480 0.09746369 6.49864e-05
1789271660.505 100.526 0.09748324 5.55434e-05
1789271660.515 100.572 0.09754843 4.86027e-05
1789271660.525 100.618 0.09759684 4.35847e-05
1789271660.535 100.664 0.09762291 3.64971e-05
1789271660.545 100.710 0.09767599 3.22982e-05
1789271660.555 100.756 0.09772068 2.65241e-05
1789271660.565 100.802 0.09775606 2.38488e-05
1789271660.575 100.847 0.09781287 2.00942e-05
1789271660.585 100.893 0.09785290 1.75786e-05
1789271660.595 100.939 0.09789574 1.47799e-05
1789271660.605 100.985 0.09794695 1.25380e-05
1789271660.615 101.031 0.09798699 1.07468e-05
1789271660.625 101.077 0.09802610 9.22371e-06
1789271660.635 101.122 0.09807172 8.13358e-06
1789271660.645 101.168 0.09811549 6.78761e-06
1789271660.655 101.214 0.09814435 5.94878e-06
1789271660.665 101.260 0.09818718 5.02364e-06
1789271660.675 101.305 0.09825329 4.78790e-06
1789271660.685 101.351 0.09828309 4.08463e-06
1789271660.695 101.397 0.09834268 3.67484e-06
1789271660.705 101.442 0.09837062 3.34995e-06
1789271660.715 101.488 0.09840507 3.05506e-06
1789271660.725 101.533 0.09846932 2.73159e-06
1789271660.735 101.579 0.09850563 2.42877e-06
1789271660.745 101.625 0.09854195 2.20576e-06
1789271660.755 101.670 0.09857733 1.97172e-06
1789271660.765 101.716 0.09862854 1.76767e-06
1789271660.775 101.761 0.09867044 1.58485e-06
1789271660.785 101.807 0.09870024 1.53646e-06
1789271660.795 101.852 0.09874958 1.44929e-06
1789271660.805 101.898 0.09879894 1.26194e-06
1789271660.815 101.943 0.09883897 1.10686e-06
1789271660.825 101.988 0.09886598 9.88279e-07
1789271660.835 102.034 0.09889857 9.86298e-07
1789271660.845 102.079 0.09896654 8.62059e-07
1789271660.855 102.124 0.09900937 8.02062e-07
1789271660.865 102.170 0.09905034 7.22538e-07
1789271660.875 102.215 0.09911459 6.53767e-07
1789271660.885 102.260 0.09913787 6.76408e-07
1789271660.895 102.305 0.09919467 5.90657e-07
1789271660.905 102.351 0.09923564 5.24717e-07
1789271660.915 102.396 0.09925706 4.87927e-07
1789271660.925 102.441 0.09930175 4.61890e-07
1789271660.935 102.486 0.09935482 4.10666e-07
1789271660.945 102.531 0.09938928 3.75291e-07
1789271660.955 102.577 0.09944608 3.95667e-07
1789271660.965 102.622 0.09949915 3.48688e-07
1789271660.975 102.667 0.09952615 3.23501e-07
1789271660.985 102.712 0.09956154 3.23501e-07
1789271660.995 102.757 0.09961461 2.79635e-07
1789271661.005 102.802 0.09964906 2.51901e-07
1789271661.015 102.847 0.09967700 2.17657e-07
1789271661.025 102.892 0.09973007 2.14827e-07
1789271661.035 102.937 0.09978966 1.84263e-07
1789271661.045 102.982 0.09983901 1.62471e-07
1789271661.055 103.027 0.09987347 1.37284e-07
1789271661.065 103.072 0.09990885 1.20304e-07
1789271661.075 103.117 0.09997123 8.60600e-08
1789271661.085 103.161 0.10000010 7.81359e-08
1789271661.095 103.206 0.10004852 5.12505e-08
1789271661.105 103.251 0.10007925 3.85153e-08
1789271661.115 103.296 0.10012673 2.29500e-08
1789271661.125 103.341 0.10019377 -9.31253e-09
1789271661.135 103.385 0.10023568 -3.08643e-09
1789271661.145 103.430 0.10026734 -3.11039e-08
1789271661.155 103.475 0.10029713 -3.50659e-08
1789271661.165 103.520 0.10034462 -5.54422e-08
1789271661.175 103.564 0.10040514 -7.01584e-08
1789271661.185 103.609 0.10043029 -6.22343e-08
1789271661.195 103.654 0.10046288 -7.41205e-08
1789271661.205 103.698 0.10050105 -6.76114e-08
1789271661.215 103.743 0.10054947 -6.11023e-08
1789271661.225 103.788 0.10058206 -7.58185e-08
1789271661.235 103.832 0.10062116 -6.05363e-08
1789271661.245 103.877 0.10067890 -7.83655e-08
1789271661.255 103.921 0.10072080 -6.47813e-08
1789271661.265 103.966 0.10074408 -5.37442e-08
1789271661.275 104.010 0.10078411 -5.88383e-08
1789271661.285 104.055 0.10082974 -3.87450e-08
1789271661.295 104.099 0.10089120 -5.17631e-08
1789271661.305 104.144 0.10093496 -3.39339e-08
1789271661.315 104.188 0.10097779 -2.71418e-08
1789271661.325 104.233 0.10102341 -3.64809e-08
1789271661.335 104.277 0.10105693 -2.11987e-08
1789271661.345 104.321 0.10109977 -3.28019e-08
1789271661.355 104.366 0.10114726 -1.86517e-08
1789271661.365 104.410 0.10118450 -1.92177e-08
1789271661.375 104.454 0.10122175 -2.71418e-08
1789271661.385 104.499 0.10125247 -1.38406e-08
1789271661.395 104.543 0.10129811 -2.94058e-08
1789271661.405 104.587 0.10134559 -1.44066e-08
1789271661.415 104.631 0.10139587 -1.69536e-08
1789271661.425 104.676 0.10142473 -2.71418e-08
1789271661.435 104.720 0.10145453 -1.32746e-08
1789271661.445 104.764 0.10151227 -3.16699e-08
1789271661.455 104.808 0.10156441 -1.75197e-08
1789271661.465 104.852 0.10160445 -2.17647e-08
1789271661.475 104.896 0.10164541 -3.19529e-08
1789271661.485 104.941 0.10169011 -1.63876e-08
1789271661.495 104.985 0.10173481 -3.36509e-08
1789271661.505 105.029 0.10175343 -1.97837e-08
1789271661.515 105.073 0.10180836 -2.23307e-08
1789271661.525 105.117 0.10186795 -3.11039e-08
1789271661.535 105.161 0.10188099 -1.29916e-08
1789271661.544 105.205 0.10193592 -2.68588e-08
1789271661.554 105.249 0.10197225 -8.74652e-09
1789271661.564 105.293 0.10200577 -9.59553e-09
1789271661.574 105.337 0.10205605 -1.35576e-08
1789271661.584 105.381 0.10210167 9.08277e-09
1789271661.594 105.425 0.10215753 5.40371e-09
1789271661.604 105.469 0.10218362 2.91761e-08
1789271661.614 105.512 0.10222272 3.39872e-08
1789271661.624 105.556 0.10227859 3.54022e-08
1789271661.634 105.600 0.10229814 6.54007e-08
1789271661.644 105.644 0.10235028 6.37027e-08
1789271661.654 105.688 0.10238287 8.43620e-08
1789271661.664 105.731 0.10241174 9.59652e-08
1789271661.674 105.775 0.10246202 1.01908e-07
1789271661.684 105.819 0.10250392 1.33039e-07
1789271661.694 105.863 0.10255420 1.29360e-07
1789271661.704 105.906 0.10260170 1.52000e-07
1789271661.714 105.950 0.10263520 1.57943e-07
1789271661.724 105.994 0.10269201 1.57094e-07
1789271661.734 106.037 0.10272274 1.78886e-07
1789271661.744 106.081 0.10276929 1.76056e-07
1789271661.754 106.125 0.10281119 1.84829e-07
1789271661.764 106.168 0.10286148 1.84546e-07
1789271661.774 106.212 0.10289500 1.79735e-07
1789271661.784 106.255 0.10292293 1.92470e-07
1789271661.794 106.299 0.10297694 1.75207e-07
1789271661.804 106.343 0.10300952 1.80018e-07
1789271661.814 106.386 0.10303932 1.68131e-07
1789271661.824 106.430 0.10309147 1.57094e-07
1789271661.834 106.473 0.10312313 1.66716e-07
1789271661.844 106.516 0.10317992 1.47189e-07
1789271661.854 106.560 0.10320693 1.49453e-07
1789271661.864 106.603 0.10324603 1.39548e-07
1789271661.874 106.647 0.10328234 1.27662e-07
1789271661.884 106.690 0.10333077 1.41529e-07
1789271661.894 106.733 0.10337733 1.12662e-07
1789271661.904 106.777 0.10341457 1.15209e-07
1789271661.914 106.820 0.10346950 9.82292e-08
1789271661.924 106.864 0.10350302 8.83241e-08
1789271661.934 106.907 0.10352724 1.01342e-07
1789271661.944 106.950 0.10358031 7.41738e-08
1789271661.954 106.993 0.10363804 8.29470e-08
1789271661.964 107.037 0.10367528 7.07778e-08
1789271661.974 107.080 0.10370973 6.11556e-08
1789271661.984 107.123 0.10374606 7.19098e-08
1789271661.994 107.166 0.10379541 4.58734e-08
1789271662.004 107.209 0.10382241 5.35145e-08
1789271662.014 107.253 0.10387734 4.44583e-08
1789271662.024 107.296 0.10391459 3.51192e-08
1789271662.034 107.339 0.10395277 4.67224e-08
1789271662.044 107.382 0.10398443 2.32330e-08
1789271662.054 107.425 0.10401795 3.45532e-08
1789271662.064 107.468 0.10407381 2.77611e-08
1789271662.074 107.511 0.10411478 2.18180e-08
1789271662.084 107.554 0.10415761 3.73832e-08
1789271662.094 107.597 0.10421349 1.72899e-08
1789271662.104 107.640 0.10422093 2.88931e-08
1789271662.114 107.683 0.10427308 2.26670e-08
1789271662.124 107.726 0.10430380 1.87049e-08
1789271662.134 107.769 0.10434663 3.31382e-08
1789271662.144 107.812 0.10439878 1.19128e-08
1789271662.154 107.855 0.10442392 2.69121e-08
1789271662.164 107.898 0.10447606 1.89879e-08
1789271662.174 107.941 0.10454590 1.53089e-08
1789271662.184 107.984 0.10458035 3.03081e-08
1789271662.194 108.027 0.10460550 1.04978e-08
1789271662.204 108.069 0.10463995 2.46480e-08
1789271662.214 108.112 0.10467253 1.67239e-08
1789271662.224 108.155 0.10471630 1.30448e-08
1789271662.234 108.198 0.10476751 2.74781e-08
1789271662.244 108.241 0.10481778 8.23376e-09
1789271662.254 108.283 0.10485504 2.29500e-08
1789271662.264 108.326 0.10488763 1.58749e-08
1789271662.274 108.369 0.10491463 1.16298e-08
1789271662.284 108.411 0.10496491 2.57800e-08
1789271662.294 108.454 0.10502543 7.38475e-09
1789271662.304 108.497 0.10505058 2.18180e-08
1789271662.314 108.539 0.10509341 1.36109e-08
1789271662.324 108.582 0.10514089 1.04978e-08
1789271662.334 108.625 0.10517162 2.32330e-08
1789271662.344 108.667 0.10521445 3.98869e-09
1789271662.354 108.710 0.10524704 2.12520e-08
1789271662.364 108.752 0.10529733 1.24788e-08
1789271662.374 108.795 0.10533271 9.08277e-09
1789271662.384 108.837 0.10536343 2.32330e-08
1789271662.394 108.880 0.10541464 5.68672e-09
1789271662.404 108.922 0.10544816 2.26670e-08
1789271662.414 108.965 0.10549566 1.33278e-08
1789271662.424 109.007 0.10553942 9.93179e-09
1789271662.434 109.050 0.10557760 2.46480e-08
1789271662.444 109.092 0.10562601 7.38475e-09
1789271662.454 109.135 0.10565208 2.63461e-08
1789271662.464 109.177 0.10568467 1.36109e-08
1789271662.474 109.220 0.10572098 9.93179e-09
1789271662.484 109.262 0.10576196 2.52140e-08
1789271662.494 109.304 0.10581876 8.23376e-09
1789271662.504 109.347 0.10585600 2.69121e-08
1789271662.514 109.389 0.10589418 1.50259e-08
1789271662.524 109.431 0.10592864 1.07808e-08
1789271662.534 109.473 0.10597985 2.54970e-08
1789271662.544 109.516 0.10601057 9.36578e-09
1789271662.554 109.558 0.10604409 2.69121e-08
1789271662.564 109.600 0.10609716 1.53089e-08
1789271662.574 109.642 0.10615489 1.19128e-08
1789271662.584 109.685 0.10618656 2.83271e-08
1789271662.594 109.727 0.10623032 1.07808e-08
1789271662.604 109.769 0.10625732 2.63461e-08
1789271662.614 109.811 0.10629829 1.50259e-08
1789271662.624 109.853 0.10632995 1.33278e-08
1789271662.634 109.895 0.10636348 2.60630e-08
1789271662.644 109.938 0.10642679 8.79977e-09
1789271662.654 109.980 0.10645379 2.46480e-08
1789271662.664 110.022 0.10648731 1.27618e-08
