1760549838.872 33.801 0.03270795 2.29521e-08
1760549838.878 33.936 0.03270330 8.37940e-09
1760549838.885 34.071 0.03272471 4.55562e-08
1760549838.933 34.205 0.03270330 5.84860e-08
1760549838.942 34.338 0.03270330 -9.99760e-09
1760549838.953 34.471 0.03269492 7.28200e-08
1760549839.019 34.603 0.03274893 5.83212e-08
1760549839.069 34.735 0.03287463 5.75265e-08
1760549839.119 34.867 0.03312976 5.61733e-08
1760549839.170 34.997 0.03340631 5.53456e-08
1760549839.222 35.128 0.03361953 3.11359e-07
1760549839.229 35.258 0.03364468 7.65556e-07
1760549839.239 35.387 0.03368658 2.14056e-06
1760549839.246 35.516 0.03371358 4.20503e-06
1760549839.252 35.645 0.03371358 6.22610e-06
1760549839.262 35.773 0.03373965 9.18454e-06
1760549839.272 35.900 0.03377503 1.85434e-05
1760549839.282 36.027 0.03377317 2.37465e-05
1760549839.292 36.154 0.03380204 2.97047e-05
1760549839.302 36.280 0.03380483 3.31540e-05
1760549839.312 36.406 0.03382345 3.64418e-05
1760549839.322 36.531 0.03383835 3.89402e-05
1760549839.332 36.656 0.03383835 4.04459e-05
1760549839.342 36.781 0.03385418 3.88340e-05
1760549839.352 36.905 0.03387280 3.65845e-05
1760549839.362 37.029 0.03389888 3.28955e-05
1760549839.372 37.152 0.03392122 2.72819e-05
1760549839.400 37.275 0.03404413 2.05140e-05
1760549839.427 37.397 0.03424340 2.83253e-07
1760549839.433 37.519 0.03435886 1.89424e-07
1760549839.442 37.641 0.03435886 5.50561e-08
1760549839.452 37.762 0.03444452 9.92909e-08
1760549839.500 37.883 0.03501996 4.78841e-08
1760549839.550 38.003 0.03567269 8.30350e-08
1760549839.556 38.124 0.03580118 2.97849e-08
1760549839.562 38.243 0.03580118 4.41040e-08
1760549839.572 38.363 0.03591385 8.50856e-08
1760549839.582 38.482 0.03602000 3.53492e-08
1760549839.592 38.600 0.03613546 4.51673e-08
1760549839.602 38.718 0.03622206 8.75611e-08
1760549839.649 38.836 0.03657123 5.89132e-08
1760549839.655 38.954 0.03661779 -3.40860e-09
1760549839.703 39.071 0.03676584 5.42600e-08
1760549839.712 39.188 0.03676584 9.36270e-09
1760549839.722 39.304 0.03680588 5.98854e-08
1760549839.771 39.421 0.03693531 4.99360e-08
1760549839.820 39.536 0.03710663 4.48238e-08
1760549839.871 39.652 0.03734128 4.09217e-08
1760549839.921 39.767 0.03758524 1.48837e-08
1760549839.997 39.882 0.03786830 6.97167e-08
1760549840.004 39.996 0.03790182 4.86491e-08
1760549840.012 40.110 0.03790182 9.69180e-09
1760549840.022 40.224 0.03790461 5.72592e-08
1760549840.087 40.338 0.03801914 3.95210e-08
1760549840.138 40.451 0.03808898 3.69307e-08
1760549840.188 40.564 0.03820817 2.69040e-08
1760549840.255 40.676 0.03846143 -9.05240e-09
1760549840.323 40.788 0.03865232 -7.46320e-09
1760549840.373 40.900 0.03876405 -7.67630e-09
1760549840.423 41.012 0.03883947 -6.50290e-09
1760549840.473 41.123 0.03887951 4.94600e-10
1760549840.535 41.234 0.03896425 5.71919e-08
1760549840.585 41.345 0.03905922 5.79909e-08
1760549840.637 41.456 0.03915420 3.75022e-08
1760549840.687 41.566 0.03926407 3.34847e-08
1760549840.694 41.676 0.03927804 4.22740e-09
1760549840.701 41.785 0.03927804 4.84031e-08
1760549840.749 41.894 0.03940095 5.30397e-08
1760549840.754 42.003 0.03942702 -6.38230e-09
1760549840.803 42.112 0.03953131 5.56581e-08
1760549840.852 42.220 0.03967098 5.98046e-08
1760549840.903 42.329 0.03983486 5.37034e-08
1760549840.953 42.436 0.04005367 5.92191e-08
1760549840.961 42.544 0.04005367 8.25880e-09
1760549840.971 42.651 0.04008347 6.09795e-08
1760549841.019 42.758 0.04024363 5.53588e-08
1760549841.094 42.865 0.04040937 9.62280e-09
1760549841.101 42.972 0.04040937 5.05489e-08
1760549841.151 43.078 0.04052948 5.86883e-08
1760549841.199 43.184 0.04065332 4.90248e-08
1760549841.205 43.290 0.04069523 -1.10303e-08
1760549841.253 43.395 0.04081069 5.37340e-08
1760549841.261 43.500 0.04081069 4.21170e-09
1760549841.271 43.605 0.04083583 5.90532e-08
1760549841.320 43.710 0.04097363 5.19047e-08
1760549841.370 43.815 0.04110585 4.97617e-08
1760549841.419 43.919 0.04129115 4.89885e-08
1760549841.470 44.023 0.04148762 4.68942e-08
1760549841.520 44.126 0.04164684 4.42713e-08
1760549841.570 44.230 0.04176696 3.92879e-08
1760549841.633 44.333 0.04188056 4.77613e-08
1760549841.683 44.436 0.04192991 4.66679e-08
1760549841.735 44.539 0.04201278 6.01822e-08
1760549841.785 44.641 0.04208355 6.01357e-08
1760549841.835 44.744 0.04218318 5.99750e-08
1760549841.903 44.846 0.04231167 4.98935e-08
1760549841.953 44.948 0.04239082 5.49787e-08
1760549841.961 45.049 0.04239082 1.18813e-08
1760549841.971 45.151 0.04242900 5.82478e-08
1760549842.018 45.252 0.04252025 5.38133e-08
1760549842.086 45.353 0.04265526 4.01016e-08
1760549842.161 45.453 0.04284335 3.56477e-08
1760549842.172 45.554 0.04287222 -1.38436e-08
1760549842.219 45.654 0.04300258 4.58632e-08
1760549842.272 45.754 0.04313107 -1.39882e-08
1760549842.322 45.854 0.04321301 -1.31610e-08
1760549842.371 45.954 0.04329961 -1.25824e-08
1760549842.422 46.053 0.04340017 -1.26719e-08
1760549842.472 46.152 0.04348397 -1.23728e-08
1760549842.522 46.251 0.04357709 -1.22326e-08
1760549842.572 46.350 0.04365716 -1.28822e-08
1760549842.622 46.448 0.04376145 -1.36163e-08
1760549842.696 46.547 0.04389740 -1.13670e-08
1760549842.747 46.645 0.04399330 6.56897e-08
1760549842.754 46.743 0.04401565 -5.53740e-09
1760549842.803 46.840 0.04409479 4.67472e-08
1760549842.852 46.938 0.04417580 4.90029e-08
1760549842.860 47.035 0.04417580 8.24050e-09
1760549842.870 47.132 0.04418512 5.67059e-08
1760549842.918 47.229 0.04428102 5.80418e-08
1760549842.968 47.326 0.04438252 5.76464e-08
1760549843.019 47.422 0.04454453 5.67268e-08
1760549843.068 47.519 0.04472238 5.69441e-08
1760549843.118 47.615 0.04486391 5.62026e-08
1760549843.168 47.711 0.04499613 5.68360e-08
1760549843.238 47.806 0.04508925 -5.40240e-09
1760549843.288 47.902 0.04515629 -5.07530e-09
1760549843.341 47.997 0.04521868 2.22371e-08
1760549843.350 48.092 0.04521868 6.62708e-08
1760549843.398 48.187 0.04528292 5.41511e-08
1760549843.448 48.282 0.04537790 5.61196e-08
1760549843.453 48.377 0.04539559 -1.17620e-09
1760549843.502 48.471 0.04550733 5.68479e-08
1760549843.510 48.565 0.04550733 1.57198e-08
1760549843.520 48.659 0.04552316 6.44921e-08
1760549843.530 48.753 0.04554178 1.29303e-08
1760549843.540 48.847 0.04557995 3.60204e-08
1760549843.550 48.940 0.04557903 7.96832e-08
1760549843.615 49.034 0.04580064 5.36912e-08
1760549843.683 49.127 0.04610046 6.01463e-08
1760549843.733 49.220 0.04631741 4.53454e-08
1760549843.797 49.313 0.04655020 1.84130e-08
1760549843.804 49.405 0.04658186 1.12841e-08
1760549843.810 49.498 0.04660886 3.10316e-09
1760549843.824 49.590 0.04660886 -1.02360e-09
1760549843.829 49.682 0.04660886 5.86867e-08
1760549843.839 49.774 0.04663586 2.83970e-08
1760549843.849 49.866 0.04664797 6.57568e-08
1760549843.897 49.957 0.04670104 5.22910e-08
1760549843.947 50.049 0.04674760 5.24614e-08
1760549843.997 50.140 0.04689658 5.13469e-08
1760549844.004 50.231 0.04693662 -1.35750e-08
1760549844.052 50.322 0.04717499 4.26433e-08
1760549844.102 50.413 0.04740964 2.80920e-08
1760549844.152 50.504 0.04757258 3.22970e-08
1760549844.159 50.594 0.04757258 1.06434e-08
1760549844.169 50.684 0.04760983 6.27704e-08
1760549844.179 50.774 0.04762566 4.80476e-08
1760549844.189 50.864 0.04766383 3.44191e-07
1760549844.199 50.954 0.04766849 7.20639e-07
1760549844.209 51.044 0.04767408 1.02503e-06
1760549844.219 51.133 0.04769456 1.97540e-06
1760549844.229 51.223 0.04770760 3.42227e-06
1760549844.239 51.312 0.04774205 4.50143e-06
1760549844.249 51.401 0.04772622 5.48648e-06
1760549844.259 51.490 0.04776347 8.13395e-06
1760549844.269 51.578 0.04776067 1.07419e-05
1760549844.279 51.667 0.04775881 1.53866e-05
1760549844.289 51.755 0.04779978 2.17850e-05
1760549844.299 51.844 0.04782771 2.56955e-05
1760549844.350 51.932 0.04805398 5.98654e-05
1760549844.359 52.020 0.04805398 8.91404e-05
1760549844.369 52.107 0.04812288 9.04755e-05
1760549844.379 52.195 0.04818155 9.03013e-05
1760549844.389 52.283 0.04825138 7.40480e-05
1760549844.399 52.370 0.04830818 5.15085e-05
1760549844.409 52.457 0.04839105 2.55494e-05
1760549844.419 52.544 0.04847020 1.07789e-05
1760549844.429 52.631 0.04857355 5.94699e-06
1760549844.439 52.718 0.04867318 2.16272e-06
1760549844.449 52.805 0.04874767 8.54693e-07
1760549844.459 52.891 0.04884638 3.39878e-07
1760549844.469 52.978 0.04895159 9.46350e-08
1760549844.479 53.064 0.04900932 3.79006e-08
1760549844.489 53.150 0.04910244 5.21585e-08
1760549844.499 53.236 0.04915830 8.79562e-08
1760549844.547 53.322 0.04956056 7.13758e-08
1760549844.554 53.407 0.04962853 1.01518e-08
1760549844.560 53.493 0.04970767 4.02085e-08
1760549844.569 53.578 0.04970767 7.28593e-08
1760549844.579 53.663 0.04976447 1.47296e-08
1760549844.589 53.749 0.04984455 2.80780e-08
1760549844.599 53.834 0.04989111 6.61294e-08
1760549844.649 53.918 0.05027474 1.18574e-07
1760549844.659 54.003 0.05027474 7.16946e-08
1760549844.669 54.088 0.05033991 1.14471e-07
1760549844.679 54.172 0.05039113 5.68569e-08
1760549844.689 54.257 0.05043303 7.25439e-08
1760549844.699 54.341 0.05048238 9.79693e-08
1760549844.747 54.425 0.05074123 6.91527e-08
1760549844.754 54.509 0.05081013 6.48340e-09
1760549844.760 54.593 0.05084831 4.21167e-08
1760549844.769 54.676 0.05084831 7.41482e-08
1760549844.779 54.760 0.05088183 2.87465e-08
1760549844.789 54.843 0.05093305 7.50419e-08
1760549844.799 54.926 0.05096657 1.45503e-07
1760549844.809 55.010 0.05101219 1.35557e-07
1760549844.819 55.093 0.05107644 3.97816e-07
1760549844.829 55.176 0.05110531 8.58801e-07
1760549844.839 55.258 0.05115931 2.61903e-06
1760549844.849 55.341 0.05119935 1.23045e-05
1760549844.906 55.424 0.05148056 2.15972e-04
1760549844.913 55.506 0.05153363 2.35762e-04
1760549844.919 55.588 0.05157460 2.29799e-04
1760549844.929 55.671 0.05157460 2.31415e-04
1760549844.939 55.753 0.05163605 2.00487e-04
1760549844.949 55.835 0.05169192 1.42868e-04
1760549844.959 55.916 0.05177572 7.45035e-05
1760549844.969 55.998 0.05184835 3.60316e-05
1760549844.979 56.080 0.05189211 2.18702e-05
1760549844.989 56.161 0.05196661 1.67563e-05
1760549844.999 56.242 0.05201875 2.22253e-05
1760549845.009 56.324 0.05209324 2.52839e-05
1760549845.019 56.405 0.05217797 2.54289e-05
1760549845.029 56.486 0.05222267 2.30834e-05
1760549845.039 56.567 0.05229250 1.91861e-05
1760549845.049 56.647 0.05234837 9.50371e-06
1760549845.059 56.728 0.05242100 4.40204e-06
1760549845.069 56.809 0.05247501 2.44970e-06
1760549845.079 56.889 0.05252436 1.12630e-06
1760549845.089 56.969 0.05260257 1.02617e-06
1760549845.099 57.049 0.05266496 1.76170e-06
1760549845.109 57.130 0.05271989 3.66440e-06
1760549845.119 57.210 0.05277762 5.13455e-06
1760549845.129 57.289 0.05285211 6.95111e-06
1760549845.139 57.369 0.05291916 7.58229e-06
1760549845.149 57.449 0.05297502 7.22774e-06
1760549845.159 57.528 0.05304765 5.33034e-06
1760549845.169 57.608 0.05312587 2.87929e-06
1760549845.179 57.687 0.05317522 9.72284e-07
1760549845.189 57.766 0.05326368 5.22433e-07
1760549845.199 57.845 0.05333165 2.78848e-07
1760549845.209 57.924 0.05341545 1.21955e-07
1760549845.219 58.003 0.05348436 1.21620e-07
1760549845.229 58.082 0.05355326 6.25958e-08
1760549845.239 58.161 0.05363520 9.00149e-08
1760549845.249 58.239 0.05370783 1.55264e-07
1760549845.259 58.318 0.05379163 1.29532e-07
1760549845.269 58.396 0.05386612 2.91255e-07
1760549845.279 58.474 0.05394434 3.71567e-07
1760549845.289 58.552 0.05402721 4.32988e-07
1760549845.299 58.630 0.05408959 5.04059e-07
1760549845.309 58.708 0.05419667 3.52898e-07
1760549845.319 58.786 0.05426930 2.50158e-07
1760549845.329 58.864 0.05433635 1.84648e-07
1760549845.339 58.941 0.05442852 1.26495e-07
1760549845.349 59.019 0.05450395 1.82614e-07
1760549845.359 59.096 0.05457099 1.86373e-07
1760549845.369 59.174 0.05465572 3.36597e-07
1760549845.379 59.251 0.05472369 4.76301e-07
1760549845.389 59.328 0.05481867 5.35320e-07
1760549845.399 59.405 0.05487454 5.82277e-07
1760549845.409 59.482 0.05495741 4.58826e-07
1760549845.462 59.559 0.05538852 2.56902e-07
1760549845.471 59.635 0.05544067 8.88838e-06
1760549845.482 59.712 0.05553564 3.11913e-05
1760549845.489 59.788 0.05559617 6.60270e-05
1760549845.498 59.865 0.05559617 1.17445e-04
1760549845.509 59.941 0.05566041 2.61908e-04
1760549845.518 60.017 0.05573770 3.57870e-04
1760549845.528 60.094 0.05578240 4.42772e-04
1760549845.539 60.170 0.05585502 4.21084e-04
1760549845.548 60.245 0.05590996 3.47114e-04
1760549845.558 60.321 0.05597234 2.45154e-04
1760549845.568 60.397 0.05602728 8.37619e-05
1760549845.578 60.473 0.05609898 3.82401e-05
1760549845.589 60.548 0.05619675 1.33307e-05
1760549845.598 60.624 0.05619675 7.14328e-06
1760549845.608 60.699 0.05623772 4.69164e-06
1760549845.618 60.774 0.05628614 2.35252e-06
1760549845.628 60.850 0.05633642 8.72730e-07
1760549845.638 60.925 0.05638298 4.08447e-07
1760549845.648 61.000 0.05641836 2.59563e-07
1760549845.658 61.075 0.05646678 1.17881e-07
1760549845.668 61.149 0.05650775 1.34379e-07
1760549845.678 61.224 0.05654593 8.68724e-08
1760549845.688 61.299 0.05660831 1.56528e-07
1760549845.698 61.373 0.05665300 6.53753e-07
1760549845.708 61.448 0.05672098 1.13341e-06
1760549845.719 61.522 0.05683644 3.55430e-06
1760549845.728 61.596 0.05683644 4.67622e-06
1760549845.741 61.670 0.05696959 1.07565e-05
1760549845.750 61.745 0.05702453 2.47211e-05
1760549845.758 61.819 0.05702453 2.98903e-05
1760549845.768 61.892 0.05709902 3.75072e-05
1760549845.778 61.966 0.05716792 4.04904e-05
1760549845.788 62.040 0.05725079 4.13600e-05
1760549845.798 62.114 0.05732901 3.29662e-05
1760549845.808 62.187 0.05740443 2.28411e-05
1760549845.818 62.261 0.05748358 8.26354e-06
1760549845.828 62.334 0.05754969 3.66246e-06
1760549845.838 62.407 0.05764652 1.69880e-06
1760549845.848 62.481 0.05770891 1.26632e-06
1760549845.858 62.554 0.05781692 9.75385e-07
1760549845.868 62.627 0.05787745 8.27517e-07
1760549845.878 62.700 0.05795380 5.53863e-07
1760549845.888 62.773 0.05804226 3.74839e-07
1760549845.898 62.845 0.05811396 2.68424e-07
1760549845.908 62.918 0.05818751 1.89989e-07
1760549845.918 62.991 0.05828901 2.66196e-07
1760549845.928 63.063 0.05834301 2.43422e-07
1760549845.938 63.136 0.05842030 2.55459e-07
1760549845.948 63.208 0.05849944 3.08376e-07
1760549845.958 63.280 0.05857114 2.31540e-07
1760549845.992 63.353 0.05883372 1.79333e-07
1760549846.020 63.425 0.05903950 5.32566e-06
1760549846.029 63.497 0.05903950 7.64591e-06
1760549846.039 63.569 0.05911213 1.12582e-05
1760549846.048 63.640 0.05917638 1.45292e-05
1760549846.058 63.712 0.05923970 1.49388e-05
1760549846.068 63.784 0.05928625 1.41756e-05
1760549846.078 63.856 0.05934212 1.20415e-05
1760549846.088 63.927 0.05941848 7.40703e-06
1760549846.098 63.999 0.05946689 3.49250e-06
1760549846.108 64.070 0.05954790 1.47919e-06
1760549846.118 64.141 0.05958701 8.16270e-07
1760549846.128 64.213 0.05961680 5.23511e-07
1760549846.138 64.284 0.05967919 4.86126e-07
1760549846.148 64.355 0.05971830 6.56744e-07
1760549846.158 64.426 0.05975648 7.63468e-07
1760549846.168 64.497 0.05980676 9.58481e-07
1760549846.178 64.568 0.05985145 9.37757e-07
1760549846.188 64.638 0.05990453 9.46190e-07
1760549846.198 64.709 0.05993991 1.03632e-06
1760549846.208 64.780 0.05998833 8.77110e-07
1760549846.218 64.850 0.06003116 8.06615e-07
1760549846.228 64.921 0.06007027 6.09268e-07
1760549846.238 64.991 0.06012427 4.72321e-07
1760549846.248 65.061 0.06015686 4.29808e-07
1760549846.258 65.132 0.06022204 3.79166e-07
1760549846.268 65.202 0.06028443 3.91586e-07
1760549846.278 65.272 0.06032261 3.32256e-07
1760549846.288 65.342 0.06040827 2.94848e-07
1760549846.298 65.412 0.06046134 5.11480e-07
1760549846.308 65.482 0.06051721 8.74572e-07
1760549846.318 65.551 0.06059915 2.04014e-06
1760549846.330 65.621 0.06071927 1.10085e-05
1760549846.340 65.691 0.06078072 2.13623e-05
1760549846.348 65.760 0.06078072 3.36996e-05
1760549846.358 65.830 0.06088222 5.77759e-05
1760549846.368 65.899 0.06093901 9.08551e-05
1760549846.378 65.968 0.06100140 1.45800e-04
1760549846.388 66.038 0.06108800 2.14806e-04
1760549846.398 66.107 0.06114759 2.34627e-04
1760549846.408 66.176 0.06123605 2.23479e-04
1760549846.418 66.245 0.06131799 1.82516e-04
1760549846.428 66.314 0.06138689 1.14997e-04
1760549846.438 66.383 0.06147535 6.79566e-05
1760549846.448 66.452 0.06153401 2.24906e-05
1760549846.458 66.521 0.06160291 6.47991e-06
1760549846.468 66.589 0.06168299 2.89197e-06
1760549846.478 66.658 0.06173886 1.24655e-06
1760549846.488 66.726 0.06182825 5.63649e-07
1760549846.498 66.795 0.06190460 3.16434e-07
1760549846.508 66.863 0.06197630 1.68357e-07
1760549846.518 66.932 0.06203217 2.05118e-07
1760549846.568 67.000 0.06239345 6.48533e-07
1760549846.578 67.068 0.06239345 8.40006e-07
1760549846.588 67.136 0.06246421 7.15653e-07
1760549846.598 67.204 0.06251170 7.01636e-07
1760549846.608 67.272 0.06259457 5.50651e-07
1760549846.618 67.340 0.06265044 4.10100e-07
1760549846.628 67.408 0.06269606 2.81636e-07
1760549846.638 67.476 0.06276683 1.83577e-07
1760549846.648 67.544 0.06282457 2.50836e-07
1760549846.658 67.611 0.06286274 1.80069e-07
1760549846.668 67.679 0.06290557 2.20937e-07
1760549846.678 67.746 0.06296330 2.10277e-07
1760549846.688 67.814 0.06302382 2.44504e-07
1760549846.698 67.881 0.06306107 4.07527e-07
1760549846.708 67.949 0.06310390 4.01567e-07
1760549846.718 68.016 0.06315698 4.87314e-07
1760549846.728 68.083 0.06317560 4.63602e-07
1760549846.738 68.150 0.06322309 4.78628e-07
1760549846.748 68.217 0.06331527 5.61010e-07
1760549846.758 68.284 0.06331527 5.56591e-07
1760549846.768 68.351 0.06336183 6.22362e-07
1760549846.778 68.418 0.06339814 7.59415e-07
1760549846.788 68.485 0.06344377 9.11698e-07
1760549846.798 68.551 0.06347822 1.58751e-06
1760549846.808 68.618 0.06353409 2.76736e-06
1760549846.818 68.685 0.06358995 4.56670e-06
1760549846.828 68.751 0.06362906 7.58827e-06
1760549846.838 68.818 0.06371379 1.25266e-05
1760549846.848 68.884 0.06381994 2.16362e-05
1760549846.858 68.950 0.06381994 2.31785e-05
1760549846.868 69.017 0.06388326 2.58849e-05
1760549846.878 69.083 0.06392982 2.63819e-05
1760549846.888 69.149 0.06399500 2.53199e-05
1760549846.898 69.215 0.06405180 2.29785e-05
1760549846.908 69.281 0.06413932 1.43718e-05
1760549846.918 69.347 0.06421568 9.39404e-06
1760549846.928 69.413 0.06425944 4.78309e-06
1760549846.938 69.479 0.06436093 2.58132e-06
1760549846.948 69.545 0.06441587 1.15079e-06
1760549846.958 69.610 0.06448570 6.40270e-07
1760549846.968 69.676 0.06456299 4.82282e-07
1760549846.978 69.741 0.06460489 3.67975e-07
1760549846.988 69.807 0.06469335 4.49511e-07
1760549846.998 69.872 0.06476505 6.06368e-07
1760549847.008 69.938 0.06483675 6.40071e-07
1760549847.018 70.003 0.06489540 7.78230e-07
1760549847.028 70.068 0.06497735 8.07607e-07
1760549847.038 70.134 0.06506301 8.95434e-07
1760549847.048 70.199 0.06512633 8.71083e-07
1760549847.058 70.264 0.06518592 7.68836e-07
1760549847.068 70.329 0.06524923 7.42131e-07
1760549847.098 70.394 0.06550064 5.32262e-07
1760549847.121 70.459 0.06559283 3.56452e-07
1760549847.129 70.524 0.06566638 4.10093e-07
1760549847.138 70.588 0.06566638 3.72665e-07
1760549847.148 70.653 0.06573343 4.25349e-07
1760549847.158 70.718 0.06579302 3.26632e-07
1760549847.168 70.783 0.06586006 2.81185e-07
1760549847.178 70.847 0.06589544 1.84815e-07
1760549847.188 70.912 0.06594200 1.09347e-07
1760549847.198 70.976 0.06599880 1.33330e-07
1760549847.208 71.040 0.06606398 7.34896e-08
1760549847.218 71.105 0.06610681 1.31731e-07
1760549847.228 71.169 0.06615151 1.05726e-07
1760549847.238 71.233 0.06622320 1.46746e-07
1760549847.248 71.297 0.06624462 1.93689e-07
1760549847.258 71.361 0.06630235 1.41779e-07
1760549847.268 71.425 0.06634704 1.79686e-07
1760549847.277 71.489 0.06638522 1.43105e-07
1760549847.288 71.553 0.06645505 1.66135e-07
1760549847.297 71.617 0.06648672 2.06567e-07
1760549847.307 71.681 0.06653886 1.52891e-07
1760549847.317 71.745 0.06657145 1.59009e-07
1760549847.327 71.808 0.06660404 2.25986e-07
1760549847.337 71.872 0.06666642 2.58605e-07
1760549847.347 71.936 0.06670181 4.25397e-07
1760549847.357 71.999 0.06675395 4.01665e-07
1760549847.367 72.063 0.06680050 4.69946e-07
1760549847.377 72.126 0.06684893 4.10662e-07
1760549847.387 72.189 0.06692062 4.13136e-07
1760549847.397 72.253 0.06696811 4.47925e-07
1760549847.407 72.316 0.06703795 3.69114e-07
1760549847.417 72.379 0.06708730 3.35450e-07
1760549847.427 72.442 0.06714968 2.20712e-07
1760549847.437 72.505 0.06721393 1.86705e-07
1760549847.447 72.568 0.06726142 2.17440e-07
1760549847.457 72.631 0.06732566 1.50105e-07
1760549847.467 72.694 0.06739364 1.95070e-07
1760549847.477 72.757 0.06745230 1.68276e-07
1760549847.487 72.820 0.06754541 2.33170e-07
1760549847.497 72.883 0.06759570 4.35862e-07
1760549847.507 72.945 0.06765994 6.57958e-07
1760549847.517 73.008 0.06774002 1.45495e-06
1760549847.527 73.071 0.06778751 3.38362e-06
1760549847.537 73.133 0.06784803 4.86799e-06
1760549847.547 73.196 0.06792252 9.10865e-06
1760549847.557 73.258 0.06799608 2.81465e-05
1760549847.567 73.321 0.06806406 4.43789e-05
1760549847.577 73.383 0.06812644 7.20378e-05
1760549847.587 73.445 0.06819441 1.21586e-04
1760549847.597 73.507 0.06824097 1.71773e-04
1760549847.607 73.569 0.06830708 2.04487e-04
1760549847.647 73.632 0.06853148 2.15762e-04
1760549847.658 73.694 0.06866464 9.03635e-05
1760549847.667 73.756 0.06866464 6.81956e-05
1760549847.677 73.818 0.06871119 4.09864e-05
1760549847.687 73.880 0.06877265 2.55320e-05
1760549847.697 73.941 0.06882014 1.34464e-05
1760549847.707 74.003 0.06888997 7.41561e-06
1760549847.717 74.065 0.06894863 4.08138e-06
1760549847.727 74.127 0.06898401 2.16854e-06
1760549847.737 74.188 0.06904454 7.52437e-07
1760549847.747 74.250 0.06909854 5.27767e-07
1760549847.757 74.311 0.06914510 2.05840e-07
1760549847.767 74.373 0.06918421 1.28157e-07
1760549847.777 74.434 0.06922704 7.55149e-08
1760549847.787 74.496 0.06929129 9.13327e-08
1760549847.797 74.557 0.06931550 1.22474e-07
1760549847.807 74.618 0.06936113 5.27270e-08
1760549847.817 74.680 0.06940768 9.55179e-08
1760549847.827 74.741 0.06944679 4.89383e-08
1760549847.837 74.802 0.06949707 7.43956e-08
1760549847.847 74.863 0.06952687 1.12372e-07
1760549847.857 74.924 0.06956132 5.22522e-08
1760549847.867 74.985 0.06961719 9.69787e-08
1760549847.877 75.046 0.06964698 5.75670e-08
1760549847.887 75.107 0.06971682 8.51767e-08
1760549847.897 75.168 0.06976524 1.18310e-07
1760549847.907 75.229 0.06980993 5.78335e-08
1760549847.917 75.289 0.06983973 9.77032e-08
1760549847.927 75.350 0.06990398 4.95122e-08
1760549847.937 75.411 0.06997102 7.22780e-08
1760549847.947 75.471 0.07002689 1.03360e-07
1760549847.957 75.532 0.07008927 4.72625e-08
1760549847.967 75.592 0.07012931 9.83158e-08
1760549847.977 75.653 0.07016935 5.81281e-08
1760549847.987 75.713 0.07025222 9.15727e-08
1760549847.997 75.774 0.07030995 1.33009e-07
1760549848.007 75.834 0.07037234 6.19130e-08
1760549848.017 75.894 0.07045987 9.38930e-08
1760549848.027 75.954 0.07051573 3.06016e-08
1760549848.037 76.014 0.07058743 3.95298e-08
1760549848.047 76.075 0.07063771 6.15858e-08
1760549848.095 76.135 0.07093847 1.33578e-07
1760549848.102 76.195 0.07102786 9.87730e-08
1760549848.108 76.255 0.07108931 1.65932e-07
1760549848.118 76.315 0.07113401 1.64139e-07
1760549848.129 76.374 0.07118615 2.67863e-07
1760549848.137 76.434 0.07118615 2.19952e-07
1760549848.147 76.494 0.07122805 3.08356e-07
1760549848.157 76.554 0.07129602 2.82334e-07
1760549848.205 76.614 0.07154557 1.76324e-07
1760549848.211 76.673 0.07161354 1.82381e-07
1760549848.221 76.733 0.07163961 1.41486e-07
1760549848.227 76.792 0.07163961 1.98901e-07
1760549848.237 76.852 0.07167686 1.59286e-07
1760549848.247 76.911 0.07172062 2.38891e-07
1760549848.257 76.971 0.07176532 2.52734e-07
1760549848.267 77.030 0.07181001 3.31761e-07
1760549848.277 77.089 0.07184167 3.02445e-07
1760549848.287 77.149 0.07187612 3.06326e-07
1760549848.297 77.208 0.07189847 3.85743e-07
1760549848.307 77.267 0.07195061 3.52217e-07
1760549848.317 77.326 0.07196458 4.17091e-07
1760549848.327 77.385 0.07197296 3.55393e-07
1760549848.337 77.444 0.07202603 3.20402e-07
1760549848.347 77.503 0.07205117 4.05129e-07
1760549848.357 77.562 0.07208562 3.87027e-07
1760549848.367 77.621 0.07214336 4.29397e-07
1760549848.377 77.680 0.07215173 4.50963e-07
1760549848.387 77.739 0.07220761 4.18256e-07
1760549848.397 77.798 0.07225137 5.41809e-07
1760549848.407 77.857 0.07227930 5.15246e-07
1760549848.417 77.915 0.07234262 5.57065e-07
1760549848.427 77.974 0.07237800 5.19110e-07
1760549848.437 78.033 0.07245156 4.77399e-07
1760549848.447 78.091 0.07248694 5.44437e-07
1760549848.457 78.150 0.07255026 4.46613e-07
1760549848.467 78.208 0.07259682 4.21147e-07
1760549848.477 78.267 0.07264710 2.82835e-07
1760549848.487 78.325 0.07270390 1.98896e-07
1760549848.497 78.383 0.07275884 2.19090e-07
1760549848.507 78.442 0.07283146 1.23884e-07
1760549848.517 78.500 0.07289385 1.52402e-07
1760549848.527 78.558 0.07292365 8.64512e-08
1760549848.537 78.616 0.07302328 1.13334e-07
1760549848.547 78.674 0.07308380 1.73587e-07
1760549848.557 78.732 0.07314060 1.74807e-07
1760549848.567 78.790 0.07320671 3.98660e-07
1760549848.577 78.848 0.07325513 6.61332e-07
1760549848.587 78.906 0.07332124 1.10245e-06
1760549848.597 78.964 0.07337804 1.82767e-06
1760549848.607 79.022 0.07343484 3.79622e-06
1760549848.617 79.080 0.07351398 6.41563e-06
1760549848.627 79.138 0.07358196 1.16552e-05
1760549848.637 79.196 0.07364993 1.83718e-05
1760549848.647 79.253 0.07369462 2.24559e-05
1760549848.657 79.311 0.07374863 2.49293e-05
1760549848.667 79.369 0.07382591 2.56641e-05
1760549848.677 79.426 0.07388178 2.58308e-05
1760549848.687 79.484 0.07392834 2.47098e-05
1760549848.697 79.541 0.07396093 2.09051e-05
1760549848.707 79.599 0.07401773 1.54799e-05
1760549848.754 79.656 0.07429520 5.34409e-06
1760549848.786 79.713 0.07443208 1.28177e-06
1760549848.792 79.771 0.07447305 7.35098e-07
1760549848.799 79.828 0.07454010 5.24431e-07
1760549848.807 79.885 0.07454010 3.79548e-07
1760549848.817 79.943 0.07458944 3.13334e-07
1760549848.827 80.000 0.07463228 1.86763e-07
1760549848.837 80.057 0.07469559 1.35614e-07
1760549848.847 80.114 0.07473284 1.47867e-07
1760549848.857 80.171 0.07476636 7.66547e-08
1760549848.867 80.228 0.07481943 1.14438e-07
1760549848.877 80.285 0.07484830 6.43943e-08
1760549848.887 80.342 0.07489393 7.67306e-08
1760549848.897 80.399 0.07493024 1.11699e-07
1760549848.907 80.456 0.07496096 3.96102e-08
1760549848.917 80.512 0.07499821 7.78061e-08
1760549848.927 80.569 0.07504291 2.56974e-08
1760549848.937 80.626 0.07507271 5.07784e-08
1760549848.947 80.683 0.07508947 7.93323e-08
1760549849.012 80.739 0.07533342 3.79262e-08
1760549849.019 80.796 0.07535949 -5.85090e-09
1760549849.069 80.852 0.07563232 -2.58518e-08
1760549849.077 80.909 0.07563232 4.49939e-08
1760549849.119 80.965 0.07585579 7.20983e-09
1760549849.127 81.022 0.07585579 1.69732e-08
1760549849.141 81.078 0.07594145 6.00144e-08
1760549849.147 81.135 0.07596846 1.18959e-07
1760549849.157 81.191 0.07596846 1.05830e-07
1760549849.166 81.247 0.07600663 1.87853e-07
1760549849.176 81.303 0.07602339 1.86838e-07
1760549849.186 81.360 0.07606809 2.39427e-07
1760549849.196 81.416 0.07609509 3.31423e-07
1760549849.206 81.472 0.07611650 3.20517e-07
1760549849.216 81.528 0.07613513 3.84774e-07
1760549849.226 81.584 0.07613699 3.50992e-07
1760549849.236 81.640 0.07615840 3.74972e-07
1760549849.246 81.696 0.07615747 4.37430e-07
1760549849.256 81.752 0.07619007 4.00275e-07
1760549849.266 81.808 0.07621893 4.48901e-07
1760549849.311 81.864 0.07633532 4.15578e-07
1760549849.317 81.920 0.07634463 2.93517e-07
1760549849.327 81.975 0.07634463 3.49476e-07
1760549849.336 82.031 0.07638561 2.41352e-07
1760549849.346 82.087 0.07641168 2.94887e-07
1760549849.356 82.143 0.07646940 2.00740e-07
1760549849.366 82.198 0.07651689 1.97768e-07
1760549849.376 82.254 0.07654669 1.95092e-07
1760549849.386 82.309 0.07662211 1.00263e-07
1760549849.396 82.365 0.07665749 1.62750e-07
1760549849.406 82.420 0.07671522 7.65550e-08
1760549849.416 82.476 0.07677202 1.13636e-07
1760549849.426 82.531 0.07681858 6.03320e-08
1760549849.436 82.587 0.07687910 5.87606e-08
1760549849.446 82.642 0.07690797 1.08819e-07
1760549849.456 82.697 0.07696384 4.81210e-08
1760549849.466 82.752 0.07702343 8.73820e-08
1760549849.476 82.808 0.07707464 3.92797e-08
1760549849.486 82.863 0.07712306 6.24041e-08
1760549849.496 82.918 0.07716124 9.67220e-08
1760549849.544 82.973 0.07740892 7.66292e-08
1760549849.551 83.028 0.07745268 1.39362e-08
1760549849.558 83.083 0.07751228 6.25221e-08
1760549849.566 83.138 0.07751228 7.33068e-08
1760549849.577 83.193 0.07755418 2.63690e-08
1760549849.586 83.248 0.07762401 2.18247e-08
1760549849.596 83.303 0.07764822 9.00036e-08
1760549849.647 83.358 0.07793687 1.69434e-07
1760549849.656 83.413 0.07793687 1.34225e-07
1760549849.666 83.468 0.07797784 2.31877e-07
1760549849.677 83.522 0.07801322 3.48031e-07
1760549849.687 83.577 0.07806444 6.97192e-07
1760549849.697 83.632 0.07809889 1.43529e-06
1760549849.707 83.686 0.07816780 1.76638e-06
1760549849.717 83.741 0.07816780 2.42728e-06
1760549849.727 83.796 0.07821435 4.47177e-06
1760549849.737 83.850 0.07827022 5.46334e-06
1760549849.746 83.905 0.07827208 1.10412e-05
1760549849.757 83.959 0.07834005 1.57312e-05
1760549849.767 84.014 0.07834005 2.01080e-05
1760549849.777 84.068 0.07836240 3.58837e-05
1760549849.787 84.122 0.07842106 4.40919e-05
1760549849.797 84.177 0.07843503 6.21729e-05
1760549849.807 84.231 0.07846482 7.48958e-05
1760549849.817 84.285 0.07849742 9.43889e-05
1760549849.862 84.339 0.07866967 1.33270e-04
1760549849.869 84.394 0.07868550 1.56133e-04
1760549849.876 84.448 0.07868550 1.56407e-04
1760549849.886 84.502 0.07874603 1.62079e-04
1760549849.896 84.556 0.07877955 1.60572e-04
1760549849.906 84.610 0.07882797 1.55357e-04
1760549849.916 84.664 0.07889035 1.42686e-04
1760549849.926 84.718 0.07892480 1.32749e-04
1760549849.936 84.772 0.07897695 1.04341e-04
1760549849.946 84.826 0.07900395 8.55585e-05
1760549849.956 84.880 0.07905982 7.02758e-05
1760549849.966 84.934 0.07912034 5.98503e-05
1760549849.976 84.987 0.07916225 4.34813e-05
1760549849.986 85.041 0.07922277 3.71655e-05
1760549849.996 85.095 0.07925815 2.65975e-05
1760549850.006 85.149 0.07928981 1.81880e-05
1760549850.016 85.202 0.07935592 1.39528e-05
1760549850.026 85.256 0.07939410 9.85420e-06
1760549850.036 85.309 0.07944903 6.79922e-06
1760549850.046 85.363 0.07949746 5.36394e-06
1760549850.056 85.417 0.07954308 3.61284e-06
1760549850.066 85.470 0.07958964 2.69079e-06
1760549850.076 85.524 0.07962036 1.60865e-06
1760549850.086 85.577 0.07968182 1.15174e-06
1760549850.096 85.630 0.07970975 5.98288e-07
1760549850.106 85.684 0.07976283 3.39354e-07
1760549850.116 85.737 0.07981032 1.91517e-07
1760549850.126 85.790 0.07985687 1.04767e-07
1760549850.136 85.844 0.07991740 9.88963e-08
1760549850.146 85.897 0.07994533 1.10063e-07
1760549850.194 85.950 0.08019394 6.09992e-08
1760549850.200 86.003 0.08024516 -7.80430e-09
1760549850.229 86.056 0.08040624 6.26953e-08
1760549850.277 86.110 0.08066230 6.76937e-08
1760549850.286 86.163 0.08066230 -3.94380e-09
1760549850.296 86.216 0.08068185 7.71910e-08
1760549850.345 86.269 0.08088857 6.85129e-08
1760549850.439 86.322 0.08106642 3.03260e-08
1760549850.448 86.375 0.08108690 6.48015e-08
1760549850.456 86.428 0.08108690 2.89899e-08
1760549850.466 86.480 0.08110180 6.86585e-08
1760549850.476 86.533 0.08110180 1.40076e-08
1760549850.486 86.586 0.08111949 4.21314e-08
1760549850.496 86.639 0.08110459 8.04937e-08
1760549850.544 86.692 0.08117443 4.80945e-08
1760549850.594 86.744 0.08121633 4.97102e-08
1760549850.600 86.797 0.08124613 -1.46499e-08
1760549850.648 86.850 0.08138673 4.09739e-08
1760549850.656 86.902 0.08138673 1.82300e-08
1760549850.666 86.955 0.08141187 6.12684e-08
1760549850.676 87.007 0.08141652 1.82201e-08
1760549850.686 87.060 0.08146867 4.45373e-08
1760549850.696 87.112 0.08150126 8.26535e-08
1760549850.761 87.165 0.08168375 5.27877e-08
1760549850.766 87.217 0.08168748 -9.15110e-09
1760549850.814 87.270 0.08178805 5.20413e-08
1760549850.821 87.322 0.08179550 1.15403e-08
1760549850.827 87.374 0.08183739 5.06299e-08
1760549850.835 87.427 0.08183739 -8.07590e-09
1760549850.845 87.479 0.08185974 7.19054e-08
1760549850.893 87.531 0.08195006 5.60992e-08
1760549850.900 87.584 0.08198731 -1.26637e-08
1760549850.976 87.636 0.08217819 5.79666e-08
1760549850.986 87.688 0.08217819 -9.96750e-09
1760549850.995 87.740 0.08219309 7.09781e-08
1760549851.043 87.792 0.08232158 5.22434e-08
1760549851.050 87.844 0.08235418 -7.18060e-09
1760549851.100 87.896 0.08241749 -1.30281e-08
1760549851.150 87.948 0.08251340 -2.69050e-09
1760549851.156 88.000 0.08254599 3.93790e-08
1760549851.165 88.052 0.08254599 6.72342e-08
1760549851.175 88.104 0.08255716 2.32909e-08
1760549851.185 88.156 0.08258789 5.67250e-08
1760549851.195 88.208 0.08259161 9.07066e-08
1760549851.246 88.259 0.08269311 1.63938e-07
1760549851.255 88.311 0.08269311 1.38278e-07
1760549851.266 88.363 0.08270987 1.77573e-07
1760549851.278 88.415 0.08273128 3.53412e-07
1760549851.289 88.466 0.08274525 2.89315e-07
1760549851.295 88.518 0.08274525 4.54474e-07
1760549851.305 88.570 0.08277970 3.73415e-07
1760549851.315 88.621 0.08280671 4.74722e-07
1760549851.325 88.673 0.08282626 4.99237e-07
1760549851.335 88.724 0.08285512 6.39778e-07
1760549851.345 88.776 0.08286443 8.90437e-07
1760549851.355 88.827 0.08290634 9.95985e-07
1760549851.365 88.879 0.08292962 1.37917e-06
1760549851.375 88.930 0.08296220 1.54723e-06
1760549851.385 88.982 0.08299479 2.04836e-06
1760549851.395 89.033 0.08300038 2.88309e-06
1760549851.405 89.084 0.08303297 3.63128e-06
1760549851.415 89.136 0.08308232 4.60759e-06
1760549851.425 89.187 0.08311771 5.18157e-06
1760549851.435 89.238 0.08316892 6.36399e-06
1760549851.445 89.289 0.08317171 7.59238e-06
1760549851.455 89.341 0.08321454 8.53626e-06
1760549851.465 89.392 0.08326762 9.17117e-06
1760549851.475 89.443 0.08330021 9.57884e-06
1760549851.506 89.494 0.08351902 1.06219e-05
1760549851.515 89.545 0.08351902 1.15942e-05
1760549851.526 89.596 0.08354509 1.13853e-05
1760549851.535 89.647 0.08361214 1.11292e-05
1760549851.545 89.698 0.08365404 9.88825e-06
1760549851.555 89.749 0.08367732 8.68543e-06
1760549851.565 89.800 0.08373132 7.90557e-06
1760549851.575 89.851 0.08377881 6.53367e-06
1760549851.585 89.902 0.08386447 6.06998e-06
1760549851.595 89.953 0.08390172 4.60499e-06
1760549851.605 90.003 0.08394641 3.94700e-06
1760549851.615 90.054 0.08400787 3.23980e-06
1760549851.625 90.105 0.08404511 2.43873e-06
1760549851.635 90.156 0.08408888 2.00795e-06
1760549851.645 90.206 0.08413078 1.63612e-06
1760549851.655 90.257 0.08419968 1.16413e-06
1760549851.665 90.308 0.08422669 1.02200e-06
1760549851.675 90.358 0.08425834 7.29061e-07
1760549851.685 90.409 0.08433377 5.78345e-07
1760549851.695 90.459 0.08435611 4.41325e-07
1760549851.705 90.510 0.08438963 3.61735e-07
1760549851.715 90.560 0.08445761 2.93409e-07
1760549851.725 90.611 0.08449206 2.06299e-07
1760549851.735 90.661 0.08453396 1.50418e-07
1760549851.745 90.712 0.08455910 1.37565e-07
1760549851.755 90.762 0.08462148 6.16894e-08
1760549851.765 90.812 0.08465128 8.09707e-08
1760549851.775 90.863 0.08467736 3.49538e-08
1760549851.785 90.913 0.08474346 6.07026e-08
1760549851.795 90.963 0.08476675 9.10022e-08
1760549851.843 91.014 0.08500418 7.29901e-08
1760549851.850 91.064 0.08504143 1.18543e-08
1760549851.856 91.114 0.08508519 5.07498e-08
1760549851.865 91.164 0.08508519 7.69549e-08
1760549851.875 91.214 0.08513454 2.66440e-08
1760549851.885 91.264 0.08518948 5.47775e-08
1760549851.895 91.314 0.08521276 9.00607e-08
1760549851.943 91.365 0.08546975 7.68568e-08
1760549851.949 91.415 0.08550234 1.50216e-08
1760549851.955 91.465 0.08550234 4.36360e-08
1760549851.965 91.515 0.08553493 8.00488e-08
1760549851.975 91.564 0.08558335 3.86597e-08
1760549851.985 91.614 0.08563363 7.06315e-08
1760549851.995 91.664 0.08565970 1.08528e-07
1760549852.005 91.714 0.08570719 4.34389e-08
1760549852.015 91.764 0.08573419 8.82380e-08
1760549852.063 91.814 0.08590273 1.05729e-07
1760549852.069 91.864 0.08590738 4.55801e-08
1760549852.076 91.913 0.08593997 9.43143e-08
1760549852.085 91.963 0.08593997 2.26901e-08
1760549852.095 92.013 0.08596232 9.94856e-08
1760549852.142 92.062 0.08610944 7.25405e-08
1760549852.149 92.112 0.08613830 6.64290e-09
1760549852.155 92.162 0.08613830 2.78498e-08
1760549852.165 92.211 0.08616996 6.14669e-08
1760549852.175 92.261 0.08620535 1.65133e-08
1760549852.185 92.310 0.08625656 4.49067e-08
1760549852.195 92.360 0.08627518 8.26814e-08
1760549852.263 92.409 0.08650331 9.49950e-08
1760549852.272 92.459 0.08652100 7.52134e-08
1760549852.278 92.508 0.08656849 1.24412e-07
1760549852.285 92.558 0.08656849 6.44373e-08
1760549852.295 92.607 0.08658990 1.48665e-07
1760549852.305 92.656 0.08662995 9.00576e-08
1760549852.315 92.706 0.08667464 1.38821e-07
1760549852.325 92.755 0.08670164 1.08485e-07
1760549852.335 92.804 0.08673143 1.39762e-07
1760549852.345 92.854 0.08675844 1.81263e-07
1760549852.355 92.903 0.08678265 1.30390e-07
1760549852.365 92.952 0.08680779 1.65537e-07
1760549852.375 93.001 0.08685156 1.28701e-07
1760549852.385 93.050 0.08688973 1.53775e-07
1760549852.395 93.099 0.08689997 1.84414e-07
1760549852.405 93.148 0.08692884 1.21710e-07
1760549852.415 93.198 0.08695863 1.58606e-07
1760549852.425 93.247 0.08699122 1.18264e-07
1760549852.435 93.296 0.08702661 1.38578e-07
1760549852.445 93.345 0.08704523 1.63637e-07
1760549852.455 93.394 0.08707502 1.00208e-07
1760549852.465 93.443 0.08711972 1.32287e-07
1760549852.475 93.491 0.08712717 8.52391e-08
1760549852.485 93.540 0.08719421 1.02443e-07
1760549852.495 93.589 0.08722959 1.31366e-07
1760549852.505 93.638 0.08725380 6.35626e-08
1760549852.515 93.687 0.08731153 9.47944e-08
1760549852.525 93.736 0.08735343 5.23877e-08
1760549852.535 93.784 0.08740558 8.01442e-08
1760549852.545 93.833 0.08743165 1.05740e-07
1760549852.555 93.882 0.08748659 4.47645e-08
1760549852.565 93.930 0.08752942 7.86135e-08
1760549852.606 93.979 0.08777058 9.21111e-08
1760549852.615 94.028 0.08777058 9.24389e-08
1760549852.624 94.076 0.08782179 5.64603e-08
1760549852.634 94.125 0.08790653 6.99748e-08
1760549852.644 94.174 0.08796798 1.17100e-07
1760549852.654 94.222 0.08800802 5.61824e-08
1760549852.664 94.271 0.08807600 9.21707e-08
1760549852.674 94.319 0.08809834 5.24895e-08
1760549852.684 94.367 0.08816538 7.21750e-08
1760549852.694 94.416 0.08819704 1.08494e-07
1760549852.704 94.464 0.08825291 3.86139e-08
1760549852.714 94.513 0.08830785 8.01642e-08
1760549852.724 94.561 0.08833299 3.60592e-08
1760549852.734 94.609 0.08836465 6.23233e-08
1760549852.744 94.658 0.08839630 9.19017e-08
1760549852.792 94.706 0.08856670 6.80866e-08
1760549852.799 94.754 0.08860208 -1.99220e-09
1760549852.804 94.803 0.08860208 2.32225e-08
1760549852.814 94.851 0.08863375 6.34078e-08
1760549852.824 94.899 0.08865144 2.00703e-08
1760549852.834 94.947 0.08872313 4.43473e-08
1760549852.844 94.995 0.08874362 8.32592e-08
1760549852.892 95.043 0.08890005 7.75083e-08
1760549852.899 95.091 0.08893822 6.72540e-09
1760549852.904 95.139 0.08897268 3.57924e-08
1760549852.914 95.188 0.08897268 7.81435e-08
1760549852.924 95.236 0.08899968 3.33940e-08
1760549852.934 95.284 0.08903413 6.15381e-08
1760549852.944 95.331 0.08906114 9.66280e-08
1760549852.992 95.379 0.08923805 1.03570e-07
1760549852.998 95.427 0.08929206 2.64163e-08
1760549853.004 95.475 0.08929206 5.10465e-08
1760549853.014 95.523 0.08932465 1.37830e-07
1760549853.024 95.571 0.08933116 1.28130e-07
1760549853.034 95.619 0.08937679 1.62741e-07
1760549853.044 95.667 0.08941776 2.50805e-07
1760549853.054 95.714 0.08943080 3.18379e-07
1760549853.064 95.762 0.08946152 5.21525e-07
1760549853.074 95.810 0.08950436 6.66867e-07
1760549853.084 95.858 0.08954067 9.94816e-07
1760549853.094 95.905 0.08954812 1.82058e-06
1760549853.105 95.953 0.08963471 2.40514e-06
1760549853.135 96.001 0.08971758 3.02613e-06
1760549853.159 96.048 0.08978463 8.45792e-06
1760549853.165 96.096 0.08980139 8.75442e-06
1760549853.174 96.143 0.08980139 9.22429e-06
1760549853.184 96.191 0.08983584 1.10921e-05
1760549853.194 96.238 0.08988053 1.26202e-05
1760549853.204 96.286 0.08992057 1.34375e-05
1760549853.214 96.333 0.08995409 1.50007e-05
1760549853.224 96.381 0.08998575 1.62815e-05
1760549853.234 96.428 0.09004069 1.57864e-05
1760549853.244 96.476 0.09008538 1.76980e-05
1760549853.254 96.523 0.09010866 1.78681e-05
1760549853.264 96.570 0.09015708 1.75805e-05
1760549853.274 96.618 0.09019898 1.68880e-05
1760549853.284 96.665 0.09022971 1.57153e-05
1760549853.294 96.712 0.09025298 1.61563e-05
1760549853.304 96.759 0.09029861 1.50386e-05
1760549853.314 96.807 0.09034424 1.45011e-05
1760549853.324 96.854 0.09038055 1.32755e-05
1760549853.334 96.901 0.09043083 1.28719e-05
1760549853.344 96.948 0.09045597 1.17952e-05
1760549853.354 96.995 0.09049415 1.05811e-05
1760549853.364 97.043 0.09052395 9.61195e-06
1760549853.374 97.090 0.09056305 8.47417e-06
1760549853.384 97.137 0.09061799 7.58884e-06
1760549853.394 97.184 0.09065896 6.54146e-06
1760549853.404 97.231 0.09068410 5.99508e-06
1760549853.414 97.278 0.09072507 5.32626e-06
1760549853.424 97.325 0.09077628 4.63696e-06
1760549853.434 97.372 0.09082098 4.02828e-06
1760549853.444 97.419 0.09085450 3.57003e-06
1760549853.454 97.466 0.09090664 2.62586e-06
1760549853.464 97.512 0.09094948 2.06236e-06
1760549853.474 97.559 0.09099044 1.43202e-06
1760549853.484 97.606 0.09105563 1.28095e-06
1760549853.494 97.653 0.09110870 9.92060e-07
1760549853.504 97.700 0.09114036 8.18673e-07
1760549853.514 97.747 0.09119064 5.64057e-07
1760549853.524 97.793 0.09124092 3.65047e-07
1760549853.534 97.840 0.09129306 2.93383e-07
1760549853.544 97.887 0.09132379 2.31992e-07
1760549853.554 97.934 0.09136755 1.41156e-07
1760549853.564 97.980 0.09141039 1.18329e-07
1760549853.574 98.027 0.09145136 4.48985e-08
1760549853.584 98.073 0.09152678 5.41088e-08
1760549853.594 98.120 0.09155006 7.89950e-08
1760549853.613 98.167 0.09164783 3.41166e-08
1760549853.654 98.213 0.09183219 5.09386e-09
1760549853.693 98.260 0.09200072 1.91046e-08
1760549853.700 98.306 0.09204077 -3.56749e-08
1760549853.741 98.353 0.09220557 2.22709e-09
1760549853.766 98.399 0.09228845 -8.11193e-09
1760549853.774 98.446 0.09233128 -5.61550e-10
1760549853.784 98.492 0.09233128 4.43175e-09
1760549853.794 98.539 0.09235642 -7.99917e-09
1760549853.804 98.585 0.09239273 -1.43713e-08
1760549853.814 98.631 0.09240577 -2.54866e-09
1760549853.828 98.678 0.09244394 1.50948e-08
1760549853.834 98.724 0.09244394 -2.91378e-08
1760549853.844 98.770 0.09244581 2.65488e-08
1760549853.854 98.816 0.09247746 -3.90817e-08
1760549853.895 98.863 0.09252775 -8.54698e-09
1760549853.909 98.909 0.09255103 -5.93230e-09
1760549853.916 98.955 0.09256220 -5.19571e-08
1760549853.924 99.001 0.09256220 -9.78130e-09
1760549853.990 99.048 0.09274563 1.78284e-08
1760549853.999 99.094 0.09278288 -5.28140e-08
1760549854.007 99.140 0.09281826 1.44694e-08
1760549854.048 99.186 0.09293372 -9.93139e-09
1760549854.055 99.232 0.09296911 -1.47243e-08
1760549854.064 99.278 0.09296911 7.53601e-09
1760549854.074 99.324 0.09300821 -1.14153e-08
1760549854.084 99.370 0.09304174 1.33971e-08
1760549854.094 99.416 0.09305943 7.86532e-09
1760549854.104 99.462 0.09311436 6.02962e-09
1760549854.117 99.508 0.09315533 1.26748e-08
1760549854.124 99.554 0.09315533 6.21422e-08
1760549854.134 99.600 0.09318420 3.29339e-08
1760549854.144 99.646 0.09319351 6.74440e-08
1760549854.192 99.692 0.09330245 6.39342e-08
1760549854.221 99.737 0.09337974 -5.79890e-09
1760549854.232 99.783 0.09339650 5.19980e-09
1760549854.238 99.829 0.09340953 3.23245e-08
1760549854.244 99.875 0.09340953 7.93606e-08
1760549854.292 99.921 0.09354268 7.91502e-08
1760549854.298 99.966 0.09358831 1.66183e-08
1760549854.304 100.012 0.09358831 4.27097e-08
1760549854.314 100.058 0.09362742 8.52492e-08
1760549854.324 100.104 0.09365814 4.41773e-08
1760549854.334 100.149 0.09370563 6.47059e-08
1760549854.344 100.195 0.09371681 9.83612e-08
1760549854.391 100.240 0.09386206 8.63346e-08
1760549854.398 100.286 0.09389000 8.24360e-09
1760549854.404 100.332 0.09390862 4.17068e-08
1760549854.413 100.377 0.09390862 8.06688e-08
1760549854.423 100.423 0.09393376 3.34855e-08
1760549854.433 100.468 0.09396635 5.90874e-08
1760549854.443 100.514 0.09397939 8.79591e-08
1760549854.509 100.559 0.09419355 6.19984e-08
1760549854.577 100.605 0.09440305 6.28697e-08
1760549854.627 100.650 0.09453155 6.29721e-08
1760549854.677 100.695 0.09463118 6.47724e-08
1760549854.727 100.741 0.09466935 6.75461e-08
1760549854.779 100.786 0.09469543 5.96758e-08
1760549854.786 100.832 0.09466935 2.05210e-08
1760549854.794 100.877 0.09466935 5.89645e-08
1760549854.842 100.922 0.09470381 6.07241e-08
1760549854.847 100.967 0.09472523 2.89010e-09
1760549854.855 101.013 0.09472523 8.47233e-08
1760549854.863 101.058 0.09472523 6.85798e-08
1760549854.873 101.103 0.09472429 2.09278e-08
1760549854.883 101.148 0.09475223 5.23383e-08
1760549854.893 101.194 0.09475223 8.16851e-08
1760549854.941 101.239 0.09480717 7.31112e-08
1760549854.947 101.284 0.09484627 5.64830e-09
1760549854.953 101.329 0.09484627 3.07585e-08
1760549854.963 101.374 0.09487514 6.84776e-08
1760549854.973 101.419 0.09488258 2.45498e-08
1760549854.983 101.464 0.09491425 5.69150e-08
1760549854.993 101.509 0.09492449 8.65727e-08
1760549855.041 101.554 0.09505019 7.58619e-08
1760549855.048 101.599 0.09511071 1.06181e-08
1760549855.055 101.644 0.09514610 5.50000e-08
1760549855.063 101.689 0.09514610 8.84147e-08
1760549855.073 101.734 0.09515727 3.27735e-08
1760549855.083 101.779 0.09520569 7.59882e-08
1760549855.093 101.824 0.09523176 1.24183e-07
1760549855.103 101.869 0.09526249 7.22861e-08
1760549855.113 101.914 0.09529229 1.47104e-07
1760549855.123 101.959 0.09532208 5.06197e-07
1760549855.133 102.004 0.09538074 4.99712e-07
1760549855.143 102.048 0.09540123 9.01416e-07
1760549855.153 102.093 0.09542357 1.34687e-06
1760549855.163 102.138 0.09545989 2.20393e-06
1760549855.173 102.183 0.09548410 3.06906e-06
1760549855.183 102.227 0.09551110 3.81473e-06
1760549855.193 102.272 0.09554369 5.34802e-06
1760549855.203 102.317 0.09558932 7.34936e-06
1760549855.213 102.362 0.09560515 8.84385e-06
1760549855.223 102.406 0.09563308 1.09893e-05
1760549855.233 102.451 0.09568616 1.35683e-05
1760549855.243 102.495 0.09569826 1.78710e-05
1760549855.253 102.540 0.09572992 2.28023e-05
1760549855.263 102.585 0.09576064 2.44943e-05
1760549855.273 102.629 0.09579789 2.95170e-05
1760549855.283 102.674 0.09585841 3.32113e-05
1760549855.331 102.718 0.09603533 4.92362e-05
1760549855.338 102.763 0.09606978 6.49574e-05
1760549855.345 102.807 0.09612565 6.80513e-05
1760549855.353 102.852 0.09612565 7.24796e-05
1760549855.363 102.896 0.09617779 7.33315e-05
1760549855.373 102.940 0.09622900 8.23266e-05
1760549855.383 102.985 0.09628022 8.47892e-05
1760549855.393 103.029 0.09630536 8.66303e-05
1760549855.403 103.074 0.09636123 8.67846e-05
1760549855.413 103.118 0.09640499 8.47412e-05
1760549855.423 103.162 0.09642641 8.27747e-05
1760549855.433 103.207 0.09648972 8.31848e-05
1760549855.443 103.251 0.09652231 7.97045e-05
1760549855.453 103.295 0.09656422 7.69993e-05
1760549855.463 103.339 0.09659587 7.09582e-05
1760549855.473 103.384 0.09663498 6.76225e-05
1760549855.483 103.428 0.09667315 6.37156e-05
1760549855.493 103.472 0.09669085 5.96180e-05
1760549855.503 103.516 0.09672903 5.51774e-05
1760549855.513 103.560 0.09676813 5.14198e-05
1760549855.523 103.604 0.09677837 4.34112e-05
1760549855.533 103.649 0.09682586 4.27615e-05
1760549855.543 103.693 0.09684355 3.72841e-05
1760549855.553 103.737 0.09689476 3.51975e-05
1760549855.563 103.781 0.09693201 3.09964e-05
1760549855.573 103.825 0.09694598 2.79728e-05
1760549855.583 103.869 0.09700091 2.67247e-05
1760549855.593 103.913 0.09701582 2.47943e-05
1760549855.603 103.957 0.09706889 2.14738e-05
1760549855.613 104.001 0.09710334 1.92197e-05
1760549855.634 104.045 0.09719459 1.21447e-05
1760549855.643 104.089 0.09719459 9.85979e-06
1760549855.653 104.133 0.09724581 8.25325e-06
1760549855.663 104.177 0.09730353 6.99128e-06
1760549855.673 104.220 0.09733147 5.04116e-06
1760549855.683 104.264 0.09739013 4.05452e-06
1760549855.693 104.308 0.09741155 3.03639e-06
1760549855.703 104.352 0.09745717 2.16759e-06
1760549855.714 104.396 0.09755587 1.34127e-06
1760549855.727 104.440 0.09760708 8.39810e-07
1760549855.733 104.483 0.09760708 7.60047e-07
1760549855.743 104.527 0.09764433 5.51369e-07
1760549855.753 104.571 0.09770579 4.00293e-07
1760549855.763 104.614 0.09773465 2.51436e-07
1760549855.773 104.658 0.09775606 1.60052e-07
1760549855.783 104.702 0.09782497 1.18607e-07
1760549855.793 104.745 0.09784452 1.18272e-07
1760549855.882 104.789 0.09822070 1.00923e-08
1760549855.889 104.833 0.09825329 7.11894e-08
1760549855.895 104.876 0.09827285 3.78939e-08
1760549855.903 104.920 0.09827285 1.14745e-08
1760549855.913 104.963 0.09829519 6.13455e-08
1760549855.923 105.007 0.09834920 1.22412e-08
1760549855.933 105.051 0.09839203 4.17088e-08
1760549855.943 105.094 0.09841251 7.12905e-08
1760549855.991 105.138 0.09854940 5.90030e-08
1760549855.997 105.181 0.09857453 -1.07374e-08
1760549856.046 105.225 0.09866858 3.14134e-08
1760549856.053 105.268 0.09866858 1.46305e-08
1760549856.063 105.311 0.09868162 5.95016e-08
1760549856.073 105.355 0.09870769 1.32968e-08
1760549856.083 105.398 0.09873562 4.36683e-08
1760549856.093 105.442 0.09874214 7.62198e-08
1760549856.140 105.485 0.09883897 6.07186e-08
1760549856.147 105.528 0.09885573 -1.10027e-08
1760549856.195 105.572 0.09896561 3.58228e-08
1760549856.239 105.615 0.09905034 1.52168e-08
1760549856.253 105.658 0.09911552 -3.56270e-09
1760549856.263 105.701 0.09911552 3.57114e-08
1760549856.273 105.745 0.09912856 -1.10250e-08
1760549856.283 105.788 0.09916208 -3.69162e-08
1760549856.293 105.831 0.09917791 3.33219e-08
1760549856.302 105.874 0.09919932 -3.27182e-08
1760549856.344 105.917 0.09928033 -1.51068e-08
1760549856.358 105.961 0.09931571 -1.31504e-08
1760549856.365 106.004 0.09933434 -6.38602e-08
1760549856.372 106.047 0.09933434 -2.23300e-10
1760549856.442 106.090 0.09943397 -3.26197e-08
1760549856.448 106.133 0.09945166 -6.30916e-08
1760549856.454 106.176 0.09948332 -9.02730e-09
1760549856.462 106.219 0.09948332 -2.31255e-08
1760549856.472 106.262 0.09950660 -7.17169e-08
1760549856.482 106.305 0.09953732 -4.67385e-08
1760549856.492 106.348 0.09956712 -7.61860e-09
1760549856.502 106.391 0.09958202 -6.19795e-08
1760549856.550 106.434 0.09969934 -5.25699e-08
1760549856.601 106.477 0.09982970 -5.45910e-08
1760549856.668 106.520 0.09999452 -4.72183e-08
1760549856.715 106.563 0.10010252 -1.73950e-08
1760549856.722 106.606 0.10010252 -1.44117e-08
1760549856.732 106.649 0.10013511 -1.01480e-10
1760549856.742 106.691 0.10014442 -9.95767e-09
1760549856.752 106.734 0.10015560 -1.33101e-08
1760549856.762 106.777 0.10015560 4.27647e-09
1760549856.772 106.820 0.10016770 -1.62458e-08
1760549856.782 106.863 0.10019377 4.52978e-09
1760549856.792 106.905 0.10019284 -6.79382e-09
1760549856.802 106.948 0.10020308 -1.28553e-08
1760549856.812 106.991 0.10021240 1.55815e-09
1760549856.822 107.034 0.10021054 -1.55964e-08
1760549856.832 107.076 0.10022078 6.73770e-09
1760549856.842 107.119 0.10021613 -6.15656e-09
1760549856.852 107.162 0.10023475 -9.97381e-09
1760549856.862 107.204 0.10024592 6.84383e-09
1760549856.872 107.247 0.10025523 -1.35974e-08
1760549856.882 107.290 0.10028317 6.99541e-09
1760549856.892 107.332 0.10030179 -4.70086e-09
1760549856.902 107.375 0.10032600 -9.36940e-09
1760549856.912 107.417 0.10033438 3.07385e-09
1760549856.922 107.460 0.10034555 -1.41979e-08
1760549856.932 107.503 0.10039676 7.42608e-09
1760549856.942 107.545 0.10041167 -4.08197e-09
1760549856.972 107.588 0.10051036 -9.02408e-09
1760549856.981 107.630 0.10057554 -8.62831e-09
1760549856.987 107.672 0.10061185 -6.90533e-09
1760549856.993 107.715 0.10066307 8.59905e-09
1760549857.002 107.757 0.10066307 -8.23936e-09
1760549857.012 107.800 0.10070683 4.36590e-09
1760549857.022 107.842 0.10074501 -1.25544e-08
1760549857.032 107.885 0.10079715 7.37879e-09
1760549857.042 107.927 0.10083346 -1.41056e-09
1760549857.052 107.969 0.10089306 -6.42732e-09
1760549857.062 108.012 0.10093775 1.03777e-08
1760549857.072 108.054 0.10098617 -8.83650e-09
1760549857.082 108.096 0.10103552 1.27560e-08
1760549857.092 108.139 0.10105693 1.26303e-09
1760549857.102 108.181 0.10111467 -1.57257e-09
1760549857.112 108.223 0.10116402 1.34100e-08
1760549857.122 108.265 0.10119288 -2.87407e-09
1760549857.136 108.308 0.10127761 -2.37460e-09
1760549857.142 108.350 0.10127761 3.64057e-08
1760549857.152 108.392 0.10132231 -1.24047e-08
1760549857.162 108.434 0.10135025 4.25671e-08
1760549857.210 108.476 0.10153368 6.65289e-08
1760549857.217 108.518 0.10156627 3.14933e-08
1760549857.224 108.560 0.10161655 6.79772e-08
1760549857.232 108.603 0.10161655 1.28133e-08
1760549857.242 108.645 0.10163331 1.00659e-07
1760549857.252 108.687 0.10167986 3.93117e-08
1760549857.262 108.729 0.10172642 9.28920e-08
1760549857.272 108.771 0.10176181 5.33175e-08
1760549857.291 108.813 0.10181768 1.08019e-07
1760549857.296 108.855 0.10186051 5.36836e-08
1760549857.302 108.897 0.10186051 8.23803e-08
1760549857.312 108.939 0.10189309 1.19185e-07
1760549857.322 108.981 0.10190427 8.47428e-08
1760549857.332 109.023 0.10194244 1.24655e-07
1760549857.342 109.065 0.10196944 1.61225e-07
1760549857.352 109.107 0.10201415 9.70697e-08
1760549857.362 109.148 0.10203463 1.54058e-07
1760549857.372 109.190 0.10206629 1.12047e-07
1760549857.382 109.232 0.10210074 1.49420e-07
1760549857.392 109.274 0.10212495 1.82795e-07
1760549857.402 109.316 0.10216219 1.13488e-07
1760549857.412 109.358 0.10218548 1.69034e-07
1760549857.422 109.399 0.10221062 1.20514e-07
1760549857.432 109.441 0.10225996 1.54799e-07
1760549857.442 109.483 0.10227859 1.81015e-07
1760549857.452 109.525 0.10231769 1.12403e-07
1760549857.462 109.566 0.10235028 1.57096e-07
1760549857.472 109.608 0.10237821 1.10571e-07
1760549857.482 109.650 0.10243223 1.41254e-07
1760549857.530 109.692 0.10261565 1.45330e-07
1760549857.537 109.733 0.10266687 1.13746e-07
1760549857.544 109.775 0.10271343 1.00527e-07
1760549857.552 109.817 0.10271343 8.54418e-08
1760549857.562 109.858 0.10274415 1.20923e-07
1760549857.572 109.900 0.10276836 6.85117e-08
1760549857.582 109.941 0.10283819 9.97644e-08
1760549857.592 109.983 0.10289500 1.19273e-07
1760549857.602 110.025 0.10292386 5.06942e-08
