1747820284.100 42.742 0.03516335 5.37705e-08
1747820284.106 42.913 0.03515777 -9.97010e-09
1747820284.112 43.083 0.03515777 3.10571e-08
1747820284.122 43.252 0.03516894 5.30381e-08
1747820284.132 43.421 0.03514566 3.31296e-08
1747820284.142 43.589 0.03512797 1.18820e-08
1747820284.152 43.756 0.03513449 8.31794e-08
1747820284.200 43.923 0.03511308 5.09195e-08
1747820284.206 44.089 0.03512518 -1.08433e-08
1747820284.212 44.255 0.03512518 3.27702e-08
1747820284.222 44.420 0.03513449 5.12027e-08
1747820284.232 44.584 0.03514194 3.13496e-08
1747820284.242 44.748 0.03516708 1.67384e-08
1747820284.252 44.911 0.03518850 8.60688e-08
1747820284.300 45.073 0.03547715 5.11817e-08
1747820284.368 45.235 0.03613546 3.89286e-08
1747820284.418 45.396 0.03670438 1.10551e-07
1747820284.428 45.557 0.03680774 4.97337e-07
1747820284.434 45.717 0.03688502 1.12079e-06
1747820284.445 45.877 0.03698931 3.35939e-06
1747820284.452 46.036 0.03698931 4.78527e-06
1747820284.462 46.195 0.03706939 6.45286e-06
1747820284.472 46.352 0.03714574 6.39760e-06
1747820284.482 46.510 0.03719416 5.61109e-06
1747820284.492 46.667 0.03725003 3.77085e-06
1747820284.502 46.823 0.03730962 2.15372e-06
1747820284.512 46.979 0.03733662 5.11609e-07
1747820284.522 47.134 0.03734687 3.03650e-07
1747820284.532 47.289 0.03737573 1.80937e-07
1747820284.542 47.444 0.03740273 7.20807e-08
1747820284.552 47.597 0.03740460 1.05188e-07
1747820284.652 47.751 0.03779660 4.11887e-08
1747820284.700 47.904 0.03828359 4.97447e-08
1747820284.750 48.056 0.03883854 5.61016e-08
1747820284.800 48.208 0.03917748 5.14443e-08
1747820284.868 48.359 0.03929759 4.36606e-08
1747820284.919 48.510 0.03930504 4.45830e-08
1747820284.968 48.661 0.03924452 4.39281e-08
1747820285.036 48.811 0.03931249 4.86819e-08
1747820285.086 48.960 0.03942981 4.64782e-08
1747820285.093 49.109 0.03945216 2.39328e-08
1747820285.102 49.258 0.03945216 5.68663e-08
1747820285.150 49.406 0.03961511 4.73989e-08
1747820285.223 49.554 0.03983206 -1.65895e-08
1747820285.232 49.701 0.03983206 5.31538e-08
1747820285.242 49.848 0.03987210 -1.19072e-08
1747820285.252 49.994 0.03991773 7.19182e-08
1747820285.302 50.140 0.04009557 4.98730e-08
1747820285.352 50.286 0.04028832 4.95780e-08
1747820285.402 50.431 0.04047920 4.77823e-08
1747820285.452 50.576 0.04071012 4.71950e-08
1747820285.502 50.720 0.04087680 4.76117e-08
1747820285.553 50.864 0.04101460 4.92697e-08
1747820285.621 51.008 0.04112913 4.09964e-08
1747820285.627 51.151 0.04112169 2.37061e-08
1747820285.634 51.293 0.04113007 4.11387e-08
1747820285.642 51.436 0.04113007 -1.72880e-09
1747820285.651 51.578 0.04115241 6.63925e-08
1747820285.699 51.719 0.04126415 5.68070e-08
1747820285.706 51.860 0.04125670 -1.87809e-08
1747820285.713 52.001 0.04126787 3.07652e-08
1747820285.721 52.142 0.04126787 4.66075e-08
1747820285.752 52.282 0.04138426 2.34790e-08
1747820285.805 52.421 0.04160401 3.25137e-08
1747820285.811 52.560 0.04160401 2.14730e-08
1747820285.821 52.699 0.04167385 4.20260e-08
1747820285.832 52.838 0.04173065 2.53494e-08
1747820285.881 52.976 0.04214407 8.39512e-08
1747820285.892 53.114 0.04214407 3.79000e-09
1747820285.902 53.251 0.04222694 7.20502e-08
1747820285.950 53.388 0.04260032 4.17223e-08
1747820286.000 53.525 0.04292529 4.07638e-08
1747820286.050 53.662 0.04312083 4.13170e-08
1747820286.100 53.798 0.04332009 4.08293e-08
1747820286.151 53.933 0.04342438 4.14948e-08
1747820286.157 54.069 0.04344393 -6.00000e-12
1747820286.163 54.204 0.04344766 7.86338e-08
1747820286.171 54.338 0.04344766 4.66323e-08
1747820286.181 54.473 0.04348863 2.56603e-08
1747820286.191 54.607 0.04347094 3.74849e-08
1747820286.201 54.741 0.04348956 7.93547e-08
1747820286.211 54.874 0.04351470 -2.51620e-09
1747820286.221 55.007 0.04351004 4.21567e-08
1747820286.231 55.140 0.04351470 1.95859e-08
1747820286.241 55.272 0.04353518 3.97957e-08
1747820286.251 55.404 0.04354915 8.17168e-08
1747820286.280 55.536 0.04362457 -3.77410e-09
1747820286.334 55.667 0.04391974 4.59824e-08
1747820286.341 55.799 0.04391974 -5.26800e-10
1747820286.351 55.929 0.04399517 8.35321e-08
1747820286.401 56.060 0.04442721 4.05053e-08
1747820286.407 56.190 0.04451101 -3.29690e-09
1747820286.412 56.320 0.04466000 4.62346e-08
1747820286.421 56.450 0.04466000 4.53617e-08
1747820286.431 56.579 0.04477173 2.09866e-08
1747820286.441 56.708 0.04486485 4.17887e-08
1747820286.451 56.837 0.04494120 8.01665e-08
1747820286.499 56.966 0.04535555 7.15398e-08
1747820286.505 57.094 0.04541328 -1.13601e-08
1747820286.511 57.222 0.04545891 2.44826e-08
1747820286.521 57.349 0.04545891 3.50487e-08
1747820286.531 57.477 0.04550640 1.84629e-08
1747820286.541 57.604 0.04555668 4.16557e-08
1747820286.551 57.730 0.04562651 7.34872e-08
1747820286.599 57.857 0.04588257 7.53894e-08
1747820286.605 57.983 0.04591144 -1.05609e-08
1747820286.611 58.109 0.04591144 2.64280e-08
1747820286.621 58.235 0.04594403 4.04348e-08
1747820286.669 58.360 0.04620940 4.10882e-08
1747820286.736 58.485 0.04668056 4.74506e-08
1747820286.786 58.610 0.04701856 4.58810e-08
1747820286.860 58.735 0.04735097 2.32278e-08
1747820286.867 58.859 0.04737332 4.14957e-08
1747820286.928 58.983 0.04746085 2.53809e-08
1747820286.934 59.107 0.04746271 4.22454e-08
1747820286.941 59.230 0.04746271 6.28230e-09
1747820286.951 59.354 0.04746085 7.91679e-08
1747820286.961 59.477 0.04745061 -3.02280e-09
1747820286.971 59.599 0.04746550 3.83177e-08
1747820286.981 59.722 0.04746643 3.27186e-08
1747820286.991 59.844 0.04745061 2.25890e-09
1747820287.001 59.966 0.04745992 7.37665e-08
1747820287.011 60.088 0.04747295 4.66600e-10
1747820287.021 60.210 0.04748413 3.70814e-08
1747820287.031 60.331 0.04749157 2.30974e-08
1747820287.041 60.452 0.04752603 3.40311e-08
1747820287.051 60.573 0.04753999 8.18443e-08
1747820287.061 60.693 0.04756327 1.55990e-09
1747820287.071 60.814 0.04759586 3.79362e-08
1747820287.081 60.934 0.04762193 2.98192e-08
1747820287.091 61.054 0.04766942 3.50456e-08
1747820287.101 61.173 0.04774019 8.02631e-08
1747820287.111 61.293 0.04781002 1.12669e-08
1747820287.121 61.412 0.04785658 3.83220e-08
1747820287.131 61.531 0.04794410 2.47958e-08
1747820287.141 61.649 0.04802325 3.29511e-08
1747820287.151 61.768 0.04812568 7.45424e-08
1747820287.199 61.886 0.04861918 6.50030e-08
1747820287.205 62.004 0.04874302 -1.35170e-08
1747820287.210 62.122 0.04885941 2.59111e-08
1747820287.220 62.239 0.04885941 5.23083e-08
1747820287.230 62.357 0.04896742 2.68863e-08
1747820287.240 62.474 0.04909406 4.58866e-08
1747820287.250 62.591 0.04922255 6.51356e-08
1747820287.298 62.707 0.04978961 7.80024e-08
1747820287.303 62.824 0.04987155 4.63700e-08
1747820287.351 62.940 0.05032408 4.98672e-08
1747820287.426 63.056 0.05070305 2.81767e-08
1747820287.433 63.172 0.05073937 4.80325e-08
1747820287.483 63.288 0.05082690 4.41966e-08
1747820287.533 63.403 0.05086601 4.46421e-08
1747820287.583 63.518 0.05093491 4.35510e-08
1747820287.633 63.633 0.05104665 4.52498e-08
1747820287.684 63.748 0.05111834 4.15934e-08
1747820287.691 63.863 0.05112486 1.72100e-09
1747820287.700 63.977 0.05112486 8.33908e-08
1747820287.748 64.091 0.05129060 8.18577e-08
1747820287.755 64.205 0.05128129 2.40447e-08
1747820287.761 64.319 0.05130643 3.00588e-08
1747820287.770 64.432 0.05130643 5.14349e-08
1747820287.780 64.546 0.05133064 3.82212e-08
1747820287.790 64.659 0.05135578 6.07488e-08
1747820287.800 64.772 0.05138465 8.03912e-08
1747820287.810 64.885 0.05141537 6.47523e-08
1747820287.820 64.997 0.05145262 1.11109e-07
1747820287.830 65.109 0.05146938 1.03794e-07
1747820287.840 65.222 0.05148987 1.46618e-07
1747820287.850 65.334 0.05151966 1.94200e-07
1747820287.860 65.445 0.05154759 1.99683e-07
1747820287.870 65.557 0.05159042 3.46812e-07
1747820287.880 65.668 0.05162674 4.20240e-07
1747820287.890 65.780 0.05167330 6.63713e-07
1747820287.900 65.891 0.05169751 1.26773e-06
1747820287.910 66.002 0.05183532 3.17203e-06
1747820287.920 66.112 0.05183532 4.26206e-06
1747820287.930 66.223 0.05188560 7.43459e-06
1747820287.982 66.333 0.05235023 4.14675e-05
1747820287.990 66.443 0.05235023 4.09216e-05
1747820288.000 66.553 0.05243776 3.79575e-05
1747820288.010 66.663 0.05253739 3.24820e-05
1747820288.020 66.772 0.05262864 2.51006e-05
1747820288.030 66.882 0.05272362 9.50732e-06
1747820288.040 66.991 0.05282977 2.54946e-06
1747820288.050 67.100 0.05294616 5.14531e-07
1747820288.060 67.209 0.05305696 1.26125e-07
1747820288.070 67.318 0.05316684 9.56647e-08
1747820288.080 67.426 0.05325530 5.99556e-08
1747820288.090 67.534 0.05333537 7.44892e-08
1747820288.100 67.642 0.05342569 8.14125e-08
1747820288.110 67.750 0.05352253 1.53381e-08
1747820288.120 67.858 0.05363706 8.16766e-08
1747820288.130 67.966 0.05368361 5.63704e-08
1747820288.140 68.073 0.05374600 8.01397e-08
1747820288.150 68.181 0.05381956 8.61148e-08
1747820288.160 68.288 0.05387822 2.09838e-08
1747820288.170 68.395 0.05393409 9.41963e-08
1747820288.180 68.502 0.05400393 7.44055e-08
1747820288.190 68.608 0.05406911 8.75434e-08
1747820288.200 68.715 0.05414360 9.87821e-08
1747820288.210 68.821 0.05420226 1.15938e-08
1747820288.220 68.927 0.05425999 7.14450e-08
1747820288.268 69.033 0.05457378 7.21122e-08
1747820288.275 69.139 0.05464175 5.20858e-08
1747820288.280 69.245 0.05473487 1.19234e-07
1747820288.290 69.350 0.05473487 7.37046e-08
1747820288.300 69.455 0.05480284 8.39656e-08
1747820288.310 69.561 0.05488385 9.69720e-09
1747820288.320 69.666 0.05496858 7.96161e-08
1747820288.330 69.770 0.05504959 5.33279e-08
1747820288.340 69.875 0.05514643 9.00036e-08
1747820288.350 69.980 0.05519857 1.24106e-07
1747820288.360 70.084 0.05527586 1.32584e-07
1747820288.370 70.188 0.05537456 4.37051e-07
1747820288.380 70.292 0.05544346 6.97308e-07
1747820288.390 70.396 0.05553006 2.02484e-06
1747820288.400 70.500 0.05559989 1.61876e-05
1747820288.410 70.604 0.05568649 3.88309e-05
1747820288.420 70.707 0.05577495 6.25079e-05
1747820288.430 70.810 0.05581312 1.00900e-04
1747820288.440 70.914 0.05587551 1.51886e-04
1747820288.450 71.017 0.05596210 1.74405e-04
1747820288.460 71.119 0.05603939 1.79811e-04
1747820288.470 71.222 0.05611016 1.68687e-04
1747820288.480 71.325 0.05616788 1.50396e-04
1747820288.490 71.427 0.05626472 1.19590e-04
1747820288.539 71.529 0.05661483 1.05929e-05
1747820288.559 71.632 0.05680664 8.53490e-06
1747820288.566 71.733 0.05684668 7.20925e-06
1747820288.573 71.835 0.05690907 5.30111e-06
1747820288.580 71.937 0.05690907 3.90294e-06
1747820288.590 72.039 0.05701149 1.73589e-06
1747820288.600 72.140 0.05710274 4.54581e-07
1747820288.610 72.241 0.05717816 3.09474e-07
1747820288.620 72.342 0.05726290 4.70057e-07
1747820288.630 72.443 0.05733646 5.93143e-07
1747820288.640 72.544 0.05743050 6.57973e-07
1747820288.650 72.645 0.05747892 6.47460e-07
1747820288.659 72.745 0.05755807 5.82765e-07
1747820288.670 72.846 0.05763814 6.19035e-07
1747820288.680 72.946 0.05767353 5.50101e-07
1747820288.690 73.046 0.05773591 5.05437e-07
1747820288.699 73.146 0.05778713 4.30357e-07
1747820288.709 73.246 0.05784579 3.53226e-07
1747820288.720 73.346 0.05791469 4.79224e-07
1747820288.729 73.445 0.05794635 4.67824e-07
1747820288.739 73.545 0.05802177 5.26517e-07
1747820288.749 73.644 0.05811209 5.06558e-07
1747820288.759 73.743 0.05814375 4.29506e-07
1747820288.769 73.843 0.05820241 5.13155e-07
1747820288.779 73.941 0.05826387 5.21528e-07
1747820288.789 74.040 0.05831694 5.56513e-07
1747820288.799 74.139 0.05839888 5.97137e-07
1747820288.809 74.237 0.05845754 5.21889e-07
1747820288.819 74.336 0.05852738 5.66514e-07
1747820288.829 74.434 0.05860839 5.02759e-07
1747820288.839 74.532 0.05867636 4.92645e-07
1747820288.849 74.630 0.05875272 4.19229e-07
1747820288.859 74.728 0.05885886 3.11932e-07
1747820288.869 74.826 0.05891939 3.25489e-07
1747820288.879 74.924 0.05899946 2.86821e-07
1747820288.889 75.021 0.05909258 3.55348e-07
1747820288.899 75.118 0.05918941 4.61234e-07
1747820288.909 75.216 0.05926297 5.37741e-07
1747820288.919 75.313 0.05933653 7.52441e-07
1747820288.929 75.410 0.05945200 7.55646e-07
1747820288.939 75.507 0.05955256 7.37003e-07
1747820288.949 75.603 0.05960935 6.80437e-07
1747820288.959 75.700 0.05971178 5.34570e-07
1747820288.969 75.797 0.05982817 6.11894e-07
1747820288.979 75.893 0.05987008 7.66287e-07
1747820288.989 75.989 0.05996691 1.90407e-06
1747820288.999 76.085 0.06005816 1.13626e-05
1747820289.009 76.181 0.06014476 7.28620e-05
1747820289.019 76.277 0.06023508 1.50145e-04
1747820289.029 76.373 0.06033099 3.28801e-04
1747820289.039 76.469 0.06040547 4.51340e-04
1747820289.049 76.564 0.06047717 5.99658e-04
1747820289.059 76.660 0.06055725 6.60204e-04
1747820289.109 76.755 0.06095670 4.68070e-04
1747820289.117 76.850 0.06104516 2.04586e-05
1747820289.124 76.945 0.06110010 4.53283e-06
1747820289.130 77.040 0.06114945 1.85764e-06
1747820289.139 77.135 0.06114945 7.17718e-07
1747820289.149 77.230 0.06122301 4.21269e-07
1747820289.159 77.324 0.06130123 2.01051e-07
1747820289.169 77.419 0.06135616 2.65524e-07
1747820289.179 77.513 0.06144090 4.18951e-07
1747820289.189 77.607 0.06151353 1.07641e-06
1747820289.199 77.702 0.06159081 2.86840e-06
1747820289.209 77.796 0.06162060 4.96842e-06
1747820289.219 77.889 0.06166251 9.84982e-06
1747820289.229 77.983 0.06173793 1.52449e-05
1747820289.239 78.077 0.06179193 2.50599e-05
1747820289.249 78.171 0.06183663 3.10572e-05
1747820289.259 78.264 0.06190739 3.55722e-05
1747820289.269 78.357 0.06195582 3.72359e-05
1747820289.279 78.451 0.06200423 3.63574e-05
1747820289.289 78.544 0.06206104 3.61555e-05
1747820289.299 78.637 0.06211690 3.47517e-05
1747820289.309 78.730 0.06216252 3.09621e-05
1747820289.319 78.822 0.06223515 2.65263e-05
1747820289.329 78.915 0.06229568 2.06852e-05
1747820289.339 79.008 0.06237203 1.19774e-05
1747820289.349 79.100 0.06242324 6.11005e-06
1747820289.359 79.192 0.06250239 2.87471e-06
1747820289.369 79.285 0.06255826 2.25250e-06
1747820289.379 79.377 0.06264299 1.81922e-06
1747820289.389 79.469 0.06269886 1.68175e-06
1747820289.399 79.561 0.06275380 1.31213e-06
1747820289.409 79.653 0.06284226 9.83945e-07
1747820289.419 79.744 0.06293443 9.36165e-07
1747820289.429 79.836 0.06302476 7.14120e-07
1747820289.439 79.928 0.06310297 6.02303e-07
1747820289.449 80.019 0.06316908 6.34978e-07
1747820289.459 80.110 0.06324916 6.09428e-07
1747820289.469 80.201 0.06332738 7.09666e-07
1747820289.479 80.293 0.06341118 6.94511e-07
1747820289.489 80.384 0.06348473 7.52638e-07
1747820289.499 80.474 0.06356761 7.36247e-07
1747820289.509 80.565 0.06367003 6.92446e-07
1747820289.519 80.656 0.06375849 8.02493e-07
1747820289.529 80.746 0.06382926 1.08770e-06
1747820289.539 80.837 0.06393913 2.00388e-06
1747820289.549 80.927 0.06402014 3.72073e-06
1747820289.559 81.018 0.06407322 4.86471e-06
1747820289.569 81.108 0.06415516 5.95865e-06
1747820289.579 81.198 0.06424640 5.95193e-06
1747820289.589 81.288 0.06431624 5.78752e-06
1747820289.599 81.378 0.06440470 5.47751e-06
1747820289.609 81.468 0.06448850 4.91697e-06
1747820289.638 81.557 0.06468776 3.79724e-06
1747820289.664 81.647 0.06490472 1.19697e-06
1747820289.670 81.736 0.06494662 1.21449e-06
1747820289.679 81.826 0.06494662 1.19670e-06
1747820289.689 81.915 0.06501552 1.26031e-06
1747820289.699 82.004 0.06508443 1.28208e-06
1747820289.709 82.093 0.06514495 1.25549e-06
1747820289.719 82.182 0.06519896 1.33494e-06
1747820289.729 82.271 0.06527810 1.21045e-06
1747820289.739 82.360 0.06537029 1.10995e-06
1747820289.749 82.449 0.06539822 1.04205e-06
1747820289.759 82.537 0.06545874 3.59558e-06
1747820289.769 82.626 0.06551834 6.05240e-06
1747820289.779 82.714 0.06557979 1.08876e-05
1747820289.789 82.803 0.06562914 1.82529e-05
1747820289.799 82.891 0.06569245 2.80813e-05
1747820289.809 82.979 0.06575764 3.55744e-05
1747820289.819 83.067 0.06581258 5.10627e-05
1747820289.829 83.155 0.06586472 7.75075e-05
1747820289.839 83.243 0.06590941 1.61205e-04
1747820289.849 83.331 0.06596621 2.50674e-04
1747820289.859 83.418 0.06600532 3.05554e-04
1747820289.869 83.506 0.06604908 3.97514e-04
1747820289.879 83.593 0.06612916 4.76067e-04
1747820289.889 83.681 0.06618782 5.15761e-04
1747820289.899 83.768 0.06623717 5.07359e-04
1747820289.909 83.855 0.06628931 5.07065e-04
1747820289.919 83.942 0.06635356 4.97920e-04
1747820289.929 84.029 0.06641315 4.71021e-04
1747820289.939 84.116 0.06649044 4.38555e-04
1747820289.949 84.203 0.06656679 3.71335e-04
1747820289.959 84.290 0.06662825 2.72420e-04
1747820289.969 84.377 0.06672043 1.22615e-04
1747820289.979 84.463 0.06678654 4.44486e-05
1747820289.989 84.550 0.06685265 9.34609e-06
1747820289.999 84.636 0.06692900 3.77503e-06
1747820290.009 84.723 0.06699511 1.27774e-06
1747820290.019 84.809 0.06707240 8.21356e-07
1747820290.029 84.895 0.06714410 5.04915e-07
1747820290.039 84.981 0.06723069 4.38292e-07
1747820290.049 85.067 0.06731915 4.01139e-07
1747820290.059 85.153 0.06739364 4.45186e-07
1747820290.069 85.239 0.06747558 7.96196e-07
1747820290.079 85.324 0.06754914 1.14826e-06
1747820290.089 85.410 0.06763946 1.36977e-06
1747820290.099 85.496 0.06770929 1.41526e-06
1747820290.109 85.581 0.06779310 1.39110e-06
1747820290.119 85.666 0.06787410 1.60290e-06
1747820290.129 85.752 0.06793090 1.69806e-06
1747820290.139 85.837 0.06801378 1.84204e-06
1747820290.149 85.922 0.06808268 1.93372e-06
1747820290.159 86.007 0.06814507 2.51033e-06
1747820290.188 86.092 0.06834898 3.08196e-06
1747820290.199 86.177 0.06848958 3.63907e-06
1747820290.209 86.262 0.06848958 3.52365e-06
1747820290.219 86.346 0.06854266 3.77215e-06
1747820290.229 86.431 0.06861156 3.82087e-06
1747820290.239 86.515 0.06867581 3.95600e-06
1747820290.249 86.600 0.06873633 4.13186e-06
1747820290.259 86.684 0.06880245 4.19436e-06
1747820290.269 86.769 0.06888066 4.63122e-06
1747820290.279 86.853 0.06895050 5.97198e-06
1747820290.289 86.937 0.06899799 7.58673e-06
1747820290.299 87.021 0.06905385 9.71793e-06
1747820290.309 87.105 0.06910506 1.29405e-05
1747820290.319 87.189 0.06916000 1.80816e-05
1747820290.329 87.273 0.06923263 2.63960e-05
1747820290.339 87.356 0.06927639 2.93852e-05
1747820290.349 87.440 0.06934157 3.05341e-05
1747820290.359 87.524 0.06937696 3.01768e-05
1747820290.369 87.607 0.06944772 2.91839e-05
1747820290.379 87.690 0.06953245 2.78055e-05
1747820290.389 87.774 0.06959112 2.68493e-05
1747820290.399 87.857 0.06962836 2.48406e-05
1747820290.409 87.940 0.06968423 2.28276e-05
1747820290.419 88.023 0.06973079 2.05424e-05
1747820290.429 88.106 0.06977362 1.57438e-05
1747820290.439 88.189 0.06984904 1.15390e-05
1747820290.449 88.272 0.06989932 5.96558e-06
1747820290.458 88.355 0.06996171 2.75109e-06
1747820290.469 88.438 0.07002596 1.89978e-06
1747820290.478 88.520 0.07010417 1.61260e-06
1747820290.488 88.603 0.07016097 1.69609e-06
1747820290.498 88.685 0.07023360 1.87821e-06
1747820290.508 88.768 0.07028760 2.13577e-06
1747820290.518 88.850 0.07034999 2.28250e-06
1747820290.528 88.932 0.07043193 2.36371e-06
1747820290.538 89.014 0.07051480 2.60831e-06
1747820290.548 89.096 0.07057067 3.06742e-06
1747820290.558 89.178 0.07064609 3.59717e-06
1747820290.568 89.260 0.07073734 3.95834e-06
1747820290.578 89.342 0.07080438 3.81078e-06
1747820290.588 89.424 0.07087049 3.81051e-06
1747820290.598 89.506 0.07093567 3.27499e-06
1747820290.608 89.587 0.07102599 2.92934e-06
1747820290.618 89.669 0.07108093 2.98689e-06
1747820290.628 89.750 0.07114704 2.46688e-06
1747820290.638 89.832 0.07122898 2.08397e-06
1747820290.648 89.913 0.07127740 1.39587e-06
1747820290.658 89.994 0.07134165 7.27869e-07
1747820290.668 90.076 0.07143290 4.81423e-07
1747820290.678 90.157 0.07150460 2.79988e-07
1747820290.688 90.238 0.07157443 2.35922e-07
1747820290.730 90.319 0.07190126 1.24513e-07
1747820290.740 90.400 0.07195899 9.96686e-08
1747820290.749 90.480 0.07195899 1.77433e-07
1747820290.758 90.561 0.07201207 1.38823e-07
1747820290.768 90.642 0.07208470 2.68179e-07
1747820290.778 90.722 0.07215546 3.02199e-07
1747820290.788 90.803 0.07222902 3.54169e-07
1747820290.798 90.883 0.07227371 3.77212e-07
1747820290.808 90.964 0.07232120 3.77763e-07
1747820290.818 91.044 0.07238266 5.22376e-07
1747820290.828 91.124 0.07244039 5.63359e-07
1747820290.838 91.205 0.07250091 6.76647e-07
1747820290.848 91.285 0.07254002 7.39368e-07
1747820290.858 91.365 0.07259868 7.80094e-07
1747820290.868 91.445 0.07263313 9.03856e-07
1747820290.878 91.525 0.07269831 8.87053e-07
1747820290.888 91.604 0.07274859 9.33301e-07
1747820290.898 91.684 0.07279794 9.55720e-07
1747820290.908 91.764 0.07283705 9.57086e-07
1747820290.918 91.844 0.07288733 1.12541e-06
1747820290.928 91.923 0.07293668 1.15404e-06
1747820290.938 92.003 0.07299441 1.28684e-06
1747820290.948 92.082 0.07305773 1.81306e-06
1747820290.958 92.161 0.07311174 3.82821e-06
1747820290.968 92.241 0.07316388 6.31289e-06
1747820290.978 92.320 0.07322533 1.06179e-05
1747820290.988 92.399 0.07326072 1.56546e-05
1747820290.998 92.478 0.07330821 2.49294e-05
1747820291.008 92.557 0.07338735 2.96416e-05
1747820291.018 92.636 0.07343577 3.98711e-05
1747820291.028 92.715 0.07349257 5.46812e-05
1747820291.038 92.794 0.07357078 7.17962e-05
1747820291.048 92.873 0.07362759 9.07011e-05
1747820291.058 92.951 0.07366669 1.16430e-04
1747820291.068 93.030 0.07372721 1.40446e-04
1747820291.078 93.108 0.07381288 1.71227e-04
1747820291.088 93.187 0.07389575 1.98322e-04
1747820291.098 93.265 0.07397490 2.42466e-04
1747820291.108 93.344 0.07403263 2.72678e-04
1747820291.118 93.422 0.07409408 3.22258e-04
1747820291.128 93.500 0.07415181 3.74468e-04
1747820291.138 93.578 0.07424399 4.12354e-04
1747820291.148 93.656 0.07432873 4.20768e-04
1747820291.158 93.734 0.07437994 4.20579e-04
1747820291.168 93.812 0.07445816 4.01825e-04
1747820291.178 93.890 0.07451496 3.80650e-04
1747820291.188 93.968 0.07457734 3.62159e-04
1747820291.198 94.046 0.07464904 3.29730e-04
1747820291.208 94.123 0.07473097 2.93776e-04
1747820291.218 94.201 0.07479336 2.51078e-04
1747820291.228 94.279 0.07485016 2.00563e-04
1747820291.260 94.356 0.07510623 1.45469e-04
1747820291.270 94.434 0.07516395 6.10457e-05
1747820291.278 94.511 0.07516395 5.22370e-05
1747820291.288 94.588 0.07524124 4.44885e-05
1747820291.298 94.666 0.07528872 3.44042e-05
1747820291.308 94.743 0.07533621 2.70570e-05
1747820291.318 94.820 0.07538277 2.15538e-05
1747820291.328 94.897 0.07546657 1.71361e-05
1747820291.338 94.974 0.07554851 1.46657e-05
1747820291.348 95.051 0.07558855 1.19556e-05
1747820291.358 95.128 0.07563604 1.00897e-05
1747820291.368 95.205 0.07569656 8.61399e-06
1747820291.378 95.281 0.07573474 7.23860e-06
1747820291.388 95.358 0.07577850 6.03124e-06
1747820291.398 95.435 0.07584648 4.72888e-06
1747820291.408 95.511 0.07590421 3.64897e-06
1747820291.418 95.588 0.07595635 2.94430e-06
1747820291.428 95.664 0.07599918 2.32326e-06
1747820291.438 95.741 0.07603549 1.91510e-06
1747820291.448 95.817 0.07609975 1.57926e-06
1747820291.458 95.893 0.07613420 1.35595e-06
1747820291.468 95.969 0.07616772 1.16748e-06
1747820291.478 96.045 0.07624873 9.84668e-07
1747820291.488 96.122 0.07632042 8.64755e-07
1747820291.498 96.198 0.07636512 7.77978e-07
1747820291.508 96.274 0.07642750 6.84574e-07
1747820291.518 96.349 0.07646754 7.28982e-07
1747820291.528 96.425 0.07654017 6.77648e-07
1747820291.538 96.501 0.07659231 6.61621e-07
1747820291.548 96.577 0.07666867 6.00219e-07
1747820291.558 96.652 0.07671336 5.32212e-07
1747820291.568 96.728 0.07674968 5.90059e-07
1747820291.578 96.804 0.07685024 5.18208e-07
1747820291.588 96.879 0.07690611 5.22601e-07
1747820291.598 96.954 0.07695546 4.82360e-07
1747820291.608 97.030 0.07701598 4.44200e-07
1747820291.618 97.105 0.07708861 5.13120e-07
1747820291.628 97.180 0.07715379 4.46069e-07
1747820291.638 97.256 0.07723107 4.47544e-07
1747820291.648 97.331 0.07729812 4.05698e-07
1747820291.658 97.406 0.07735677 3.59646e-07
1747820291.668 97.481 0.07740706 4.11386e-07
1747820291.678 97.556 0.07749459 3.72652e-07
1747820291.688 97.631 0.07757187 3.92054e-07
1747820291.698 97.706 0.07762867 3.91418e-07
1747820291.708 97.780 0.07767336 3.87463e-07
1747820291.718 97.855 0.07772830 4.71143e-07
1747820291.728 97.930 0.07780837 4.27496e-07
1747820291.738 98.004 0.07787262 4.64802e-07
1747820291.748 98.079 0.07792477 4.74092e-07
1747820291.758 98.153 0.07799740 4.83186e-07
1747820291.768 98.228 0.07807189 5.86150e-07
1747820291.821 98.302 0.07839592 6.86459e-07
1747820291.828 98.377 0.07839592 7.21486e-07
1747820291.838 98.451 0.07846762 7.59837e-07
1747820291.848 98.525 0.07853652 7.63373e-07
1747820291.860 98.599 0.07864919 7.79575e-07
1747820291.868 98.673 0.07864919 8.06264e-07
1747820291.878 98.747 0.07871717 8.04638e-07
1747820291.888 98.821 0.07877489 8.28504e-07
1747820291.898 98.895 0.07879724 8.24398e-07
1747820291.908 98.969 0.07885777 8.03588e-07
1747820291.918 99.043 0.07890711 9.24692e-07
1747820291.928 99.117 0.07896298 9.60364e-07
1747820291.938 99.191 0.07900861 1.11160e-06
1747820291.948 99.264 0.07906262 1.33511e-06
1747820291.958 99.338 0.07910917 1.51344e-06
1747820291.968 99.411 0.07912221 1.82612e-06
1747820291.978 99.485 0.07917063 2.27962e-06
1747820291.988 99.558 0.07921718 2.41735e-06
1747820291.998 99.632 0.07923115 2.95455e-06
1747820292.008 99.705 0.07925815 3.39043e-06
1747820292.018 99.778 0.07931774 4.07160e-06
1747820292.028 99.852 0.07937455 4.70388e-06
1747820292.038 99.925 0.07940807 5.44564e-06
1747820292.048 99.998 0.07945369 6.08869e-06
1747820292.058 100.071 0.07951328 6.89162e-06
1747820292.068 100.144 0.07955239 7.85038e-06
1747820292.078 100.217 0.07960267 8.52083e-06
1747820292.088 100.290 0.07963340 9.18734e-06
1747820292.098 100.363 0.07968275 9.87322e-06
1747820292.108 100.436 0.07973769 1.05095e-05
1747820292.118 100.508 0.07980939 1.11430e-05
1747820292.128 100.581 0.07987829 1.16043e-05
1747820292.138 100.654 0.07994533 1.22836e-05
1747820292.148 100.726 0.07999840 1.28182e-05
1747820292.158 100.799 0.08006731 1.32932e-05
1747820292.168 100.871 0.08012969 1.40088e-05
1747820292.178 100.944 0.08017160 1.42438e-05
1747820292.188 101.016 0.08025261 1.46438e-05
1747820292.198 101.089 0.08030475 1.45839e-05
1747820292.208 101.161 0.08036714 1.45975e-05
1747820292.217 101.233 0.08045280 1.47748e-05
1747820292.228 101.305 0.08049936 1.40499e-05
1747820292.238 101.377 0.08056453 1.41049e-05
1747820292.248 101.450 0.08063716 1.34780e-05
1747820292.257 101.522 0.08068651 1.29458e-05
1747820292.267 101.594 0.08074424 1.24855e-05
1747820292.277 101.665 0.08083270 1.13857e-05
1747820292.287 101.737 0.08089788 1.04992e-05
1747820292.297 101.809 0.08097889 9.48838e-06
1747820292.307 101.881 0.08103662 8.50251e-06
1747820292.317 101.953 0.08108131 7.63520e-06
1747820292.327 102.024 0.08114370 6.79366e-06
1747820292.371 102.096 0.08143142 4.99075e-06
1747820292.378 102.168 0.08150498 4.65854e-06
1747820292.387 102.239 0.08150498 4.56287e-06
1747820292.397 102.311 0.08152360 4.22461e-06
1747820292.407 102.382 0.08157295 3.97276e-06
1747820292.417 102.453 0.08165861 3.89944e-06
1747820292.427 102.525 0.08172659 3.64031e-06
1747820292.437 102.596 0.08176290 3.44219e-06
1747820292.447 102.667 0.08180108 3.21317e-06
1747820292.457 102.738 0.08185509 2.98652e-06
1747820292.467 102.809 0.08192306 2.91864e-06
1747820292.477 102.881 0.08197148 2.68842e-06
1747820292.487 102.952 0.08200779 2.45769e-06
1747820292.497 103.023 0.08204783 2.20286e-06
1747820292.507 103.094 0.08211581 1.99323e-06
1747820292.517 103.164 0.08216888 1.76523e-06
1747820292.527 103.235 0.08220333 1.59271e-06
1747820292.537 103.306 0.08223872 1.44685e-06
1747820292.547 103.377 0.08228527 1.26510e-06
1747820292.557 103.447 0.08232158 1.12312e-06
1747820292.567 103.518 0.08236907 1.08201e-06
1747820292.577 103.589 0.08240911 9.04356e-07
1747820292.587 103.659 0.08244357 8.43407e-07
1747820292.597 103.730 0.08249105 7.31842e-07
1747820292.607 103.800 0.08252271 6.82572e-07
1747820292.617 103.871 0.08256647 7.10709e-07
1747820292.627 103.941 0.08261955 5.88762e-07
1747820292.637 104.011 0.08268473 5.96481e-07
1747820292.647 104.081 0.08272756 5.47906e-07
1747820292.657 104.152 0.08278157 5.26984e-07
1747820292.667 104.222 0.08283836 5.67121e-07
1747820292.677 104.292 0.08292030 4.75210e-07
1747820292.687 104.362 0.08295289 4.77978e-07
1747820292.697 104.432 0.08300318 4.28052e-07
1747820292.707 104.502 0.08308139 4.29815e-07
1747820292.717 104.572 0.08315123 4.80023e-07
1747820292.727 104.642 0.08321640 3.85735e-07
1747820292.737 104.712 0.08326017 4.09807e-07
1747820292.747 104.781 0.08333187 3.86854e-07
1747820292.757 104.851 0.08339518 4.14601e-07
1747820292.767 104.921 0.08346781 4.81716e-07
1747820292.777 104.991 0.08351250 3.98941e-07
1747820292.787 105.060 0.08358327 4.14796e-07
1747820292.797 105.130 0.08364193 3.80649e-07
1747820292.807 105.199 0.08369501 3.61971e-07
1747820292.817 105.269 0.08374901 4.37671e-07
1747820292.827 105.338 0.08383188 3.21249e-07
1747820292.837 105.407 0.08389427 3.37775e-07
1747820292.847 105.477 0.08395107 3.01291e-07
1747820292.857 105.546 0.08400508 3.02668e-07
1747820292.867 105.615 0.08404698 3.56672e-07
1747820292.877 105.685 0.08409819 2.56664e-07
1747820292.923 105.754 0.08439150 4.83876e-07
1747820292.929 105.823 0.08446133 1.90320e-06
1747820292.937 105.892 0.08446133 3.04664e-06
1747820292.947 105.961 0.08448089 4.35218e-06
1747820292.957 106.030 0.08453210 7.29464e-06
1747820292.967 106.099 0.08460938 1.02125e-05
1747820292.977 106.168 0.08464290 1.38833e-05
1747820292.987 106.236 0.08468294 1.86534e-05
1747820292.997 106.305 0.08475091 2.79844e-05
1747820293.007 106.374 0.08478816 3.33162e-05
1747820293.017 106.443 0.08482727 4.16243e-05
1747820293.027 106.511 0.08491479 5.03303e-05
1747820293.037 106.580 0.08495483 5.98029e-05
1747820293.047 106.648 0.08500418 6.78688e-05
1747820293.057 106.717 0.08504329 7.57623e-05
1747820293.067 106.785 0.08508240 8.43478e-05
1747820293.077 106.854 0.08511126 9.00416e-05
1747820293.087 106.922 0.08515782 9.58480e-05
1747820293.097 106.991 0.08520717 1.00530e-04
1747820293.107 107.059 0.08524442 1.06036e-04
1747820293.117 107.127 0.08528818 1.08505e-04
1747820293.127 107.195 0.08534591 1.13069e-04
1747820293.137 107.264 0.08537105 1.18484e-04
1747820293.147 107.332 0.08540829 1.21172e-04
1747820293.157 107.400 0.08546696 1.26504e-04
1747820293.167 107.468 0.08551630 1.29249e-04
1747820293.177 107.536 0.08556100 1.31520e-04
1747820293.187 107.604 0.08562245 1.34411e-04
1747820293.197 107.672 0.08569043 1.33941e-04
1747820293.207 107.740 0.08572674 1.37082e-04
1747820293.217 107.807 0.08577237 1.40121e-04
1747820293.227 107.875 0.08580496 1.40978e-04
1747820293.237 107.943 0.08587293 1.42343e-04
1747820293.247 108.011 0.08592973 1.39900e-04
1747820293.257 108.078 0.08599491 1.44847e-04
1747820293.267 108.146 0.08603960 1.45305e-04
1747820293.277 108.214 0.08608430 1.41483e-04
1747820293.287 108.281 0.08614855 1.41701e-04
1747820293.297 108.349 0.08622397 1.37707e-04
1747820293.307 108.416 0.08630497 1.34027e-04
1747820293.317 108.483 0.08633477 1.29293e-04
1747820293.327 108.551 0.08638878 1.20774e-04
1747820293.337 108.618 0.08646048 1.15378e-04
1747820293.347 108.685 0.08652938 1.08263e-04
1747820293.357 108.753 0.08656849 9.96256e-05
1747820293.367 108.820 0.08663646 9.13995e-05
1747820293.377 108.887 0.08669326 8.40746e-05
1747820293.387 108.954 0.08674261 7.79954e-05
1747820293.397 109.021 0.08681338 7.10536e-05
1747820293.407 109.088 0.08687204 6.58793e-05
1747820293.417 109.155 0.08692977 6.05876e-05
1747820293.427 109.222 0.08699122 5.59218e-05
1747820293.473 109.289 0.08723984 4.52262e-05
1747820293.480 109.356 0.08730874 4.12989e-05
1747820293.487 109.423 0.08730874 3.96372e-05
1747820293.497 109.489 0.08735995 3.89815e-05
1747820293.507 109.556 0.08739440 3.73357e-05
1747820293.517 109.623 0.08746703 3.70723e-05
1747820293.527 109.690 0.08752010 3.48538e-05
1747820293.537 109.756 0.08757318 3.29988e-05
1747820293.547 109.823 0.08761601 3.18372e-05
1747820293.557 109.889 0.08765699 3.20831e-05
1747820293.567 109.956 0.08771751 3.04500e-05
1747820293.577 110.022 0.08776220 2.82608e-05
1747820293.587 110.089 0.08780596 2.65578e-05
1747820293.597 110.155 0.08781621 2.50014e-05
1747820293.607 110.221 0.08786556 2.37121e-05
1747820293.617 110.288 0.08791305 2.22769e-05
1747820293.627 110.354 0.08796519 2.11286e-05
1747820293.637 110.420 0.08799964 1.84197e-05
1747820293.647 110.486 0.08804527 1.70097e-05
1747820293.657 110.553 0.08806762 1.60743e-05
1747820293.667 110.619 0.08810579 1.44603e-05
1747820293.677 110.685 0.08815421 1.40226e-05
1747820293.687 110.751 0.08820263 1.28383e-05
1747820293.697 110.817 0.08822963 1.17029e-05
1747820293.707 110.883 0.08827432 1.01869e-05
1747820293.717 110.949 0.08832275 9.29302e-06
1747820293.727 111.014 0.08839351 8.24733e-06
1747820293.737 111.080 0.08843448 7.67203e-06
1747820293.747 111.146 0.08844845 6.89547e-06
1747820293.757 111.212 0.08850524 6.38322e-06
1747820293.767 111.278 0.08857043 5.88889e-06
1747820293.777 111.343 0.08861977 5.28285e-06
1747820293.787 111.409 0.08870078 4.85893e-06
1747820293.797 111.474 0.08874083 4.37815e-06
1747820293.807 111.540 0.08878459 3.96882e-06
1747820293.817 111.606 0.08884884 3.74525e-06
1747820293.827 111.671 0.08889167 3.38688e-06
1747820293.837 111.736 0.08894102 3.20616e-06
1747820293.847 111.802 0.08900061 2.84270e-06
1747820293.857 111.867 0.08907510 2.62408e-06
1747820293.867 111.933 0.08912911 2.54006e-06
1747820293.877 111.998 0.08920267 2.31094e-06
1747820293.887 112.063 0.08927716 2.25898e-06
1747820293.897 112.128 0.08930975 1.92398e-06
1747820293.907 112.193 0.08937958 1.99128e-06
1747820293.917 112.259 0.08943359 1.72090e-06
1747820293.927 112.324 0.08948201 1.59754e-06
1747820293.937 112.389 0.08952950 1.49981e-06
1747820293.947 112.454 0.08960398 1.32664e-06
1747820293.957 112.519 0.08965706 1.31021e-06
1747820293.967 112.584 0.08970641 1.29051e-06
1747820293.977 112.649 0.08974924 1.16727e-06
1747820294.023 112.714 0.09002300 1.05804e-06
1747820294.029 112.778 0.09004813 1.12421e-06
1747820294.036 112.843 0.09004813 1.10916e-06
1747820294.046 112.908 0.09010307 1.11848e-06
1747820294.056 112.973 0.09017570 1.13784e-06
1747820294.066 113.037 0.09022505 1.21417e-06
1747820294.076 113.102 0.09026881 1.14815e-06
1747820294.086 113.167 0.09030792 1.20723e-06
1747820294.096 113.231 0.09035727 1.15886e-06
1747820294.106 113.296 0.09040569 1.18408e-06
1747820294.116 113.360 0.09047180 1.29147e-06
1747820294.126 113.425 0.09052115 1.19092e-06
1747820294.136 113.489 0.09055840 1.24213e-06
1747820294.146 113.554 0.09059564 1.18373e-06
1747820294.156 113.618 0.09063941 1.19135e-06
1747820294.166 113.682 0.09065337 1.24947e-06
1747820294.176 113.746 0.09069248 1.11301e-06
1747820294.186 113.811 0.09074463 1.15114e-06
1747820294.196 113.875 0.09076697 1.11189e-06
1747820294.206 113.939 0.09082284 1.10247e-06
1747820294.216 114.003 0.09088057 1.15142e-06
1747820294.226 114.067 0.09091875 1.06613e-06
1747820294.236 114.131 0.09095599 1.05438e-06
1747820294.246 114.195 0.09097555 9.62248e-07
1747820294.256 114.259 0.09101279 1.01082e-06
1747820294.266 114.323 0.09106121 1.09622e-06
1747820294.276 114.387 0.09110497 9.89769e-07
1747820294.286 114.451 0.09116084 9.88858e-07
1747820294.296 114.515 0.09120181 9.34190e-07
1747820294.306 114.579 0.09123626 9.51229e-07
1747820294.316 114.643 0.09129120 9.79756e-07
1747820294.326 114.706 0.09136569 8.83808e-07
1747820294.336 114.770 0.09143460 8.93847e-07
1747820294.346 114.834 0.09146532 8.41630e-07
1747820294.356 114.897 0.09151281 8.39514e-07
1747820294.366 114.961 0.09156588 8.70982e-07
1747820294.376 115.025 0.09162176 7.42906e-07
1747820294.386 115.088 0.09168041 7.53154e-07
1747820294.396 115.152 0.09172046 7.13440e-07
1747820294.406 115.215 0.09180332 6.98906e-07
1747820294.416 115.279 0.09187316 6.94455e-07
1747820294.426 115.342 0.09191878 5.70868e-07
1747820294.436 115.405 0.09198676 5.94570e-07
1747820294.446 115.469 0.09204077 5.38711e-07
1747820294.456 115.532 0.09208080 5.26653e-07
1747820294.466 115.595 0.09215902 5.45754e-07
1747820294.476 115.658 0.09221023 4.29781e-07
1747820294.486 115.722 0.09226424 4.42294e-07
1747820294.496 115.785 0.09232383 4.08818e-07
1747820294.506 115.848 0.09236853 4.14413e-07
1747820294.516 115.911 0.09240670 4.31099e-07
1747820294.526 115.974 0.09244860 3.26951e-07
1747820294.572 116.037 0.09270000 2.79917e-07
1747820294.578 116.100 0.09277263 3.19772e-07
1747820294.586 116.163 0.09277263 3.26212e-07
1747820294.596 116.226 0.09281640 2.98764e-07
1747820294.606 116.289 0.09285271 3.18807e-07
1747820294.616 116.352 0.09289275 3.45724e-07
1747820294.626 116.414 0.09295328 2.54430e-07
1747820294.636 116.477 0.09301566 3.00182e-07
1747820294.646 116.540 0.09302870 2.86165e-07
1747820294.656 116.603 0.09309201 3.05076e-07
1747820294.666 116.665 0.09312181 3.26380e-07
1747820294.676 116.728 0.09318420 2.34822e-07
1747820294.686 116.791 0.09321120 2.71201e-07
1747820294.696 116.853 0.09325124 2.56175e-07
1747820294.706 116.916 0.09329593 2.73700e-07
1747820294.716 116.978 0.09336298 3.01221e-07
1747820294.726 117.041 0.09336577 2.08435e-07
1747820294.736 117.103 0.09340208 2.45647e-07
1747820294.746 117.166 0.09345143 2.26657e-07
1747820294.756 117.228 0.09348402 2.47124e-07
1747820294.766 117.290 0.09351289 2.58544e-07
1747820294.778 117.353 0.09361066 2.56852e-07
1747820294.786 117.415 0.09361066 2.25977e-07
1747820294.796 117.477 0.09363580 1.99799e-07
1747820294.806 117.539 0.09368887 2.20183e-07
1747820294.817 117.601 0.09377081 2.10348e-07
1747820294.826 117.664 0.09377081 1.81979e-07
1747820294.836 117.726 0.09382575 1.99542e-07
1747820294.846 117.788 0.09387696 1.74791e-07
1747820294.856 117.850 0.09392166 1.95457e-07
1747820294.866 117.912 0.09394400 1.82001e-07
1747820294.876 117.974 0.09399894 1.20772e-07
1747820294.886 118.036 0.09405481 1.75104e-07
1747820294.896 118.098 0.09410974 1.53803e-07
1747820294.906 118.160 0.09415910 1.76178e-07
1747820294.916 118.221 0.09423358 1.85673e-07
1747820294.926 118.283 0.09428666 1.00383e-07
1747820294.936 118.345 0.09432856 1.69647e-07
1747820294.946 118.407 0.09438257 1.42483e-07
1747820294.956 118.468 0.09445985 1.60479e-07
1747820294.966 118.530 0.09451293 1.48019e-07
1747820294.976 118.592 0.09455017 9.10987e-08
1747820294.986 118.653 0.09459859 1.56189e-07
1747820294.996 118.715 0.09465911 1.30744e-07
1747820295.006 118.777 0.09471033 1.48060e-07
1747820295.016 118.838 0.09477178 1.34744e-07
1747820295.026 118.900 0.09483231 7.84863e-08
1747820295.036 118.961 0.09489562 1.50651e-07
1747820295.046 119.023 0.09494125 1.19519e-07
1747820295.056 119.084 0.09497197 1.34063e-07
1747820295.066 119.145 0.09501202 1.21860e-07
1747820295.076 119.207 0.09507999 6.97297e-08
1747820295.125 119.268 0.09532674 1.09622e-07
1747820295.132 119.329 0.09536771 1.40195e-07
1747820295.139 119.390 0.09541333 5.96109e-08
1747820295.146 119.452 0.09541333 1.22436e-07
1747820295.156 119.513 0.09545058 1.27728e-07
1747820295.166 119.574 0.09550924 1.18948e-07
1747820295.176 119.635 0.09558373 6.59401e-08
1747820295.186 119.696 0.09562749 1.40230e-07
1747820295.196 119.757 0.09565170 1.09456e-07
1747820295.206 119.818 0.09567870 1.28003e-07
1747820295.216 119.879 0.09574016 1.17969e-07
1747820295.226 119.940 0.09579603 6.43272e-08
1747820295.236 120.001 0.09583234 1.41740e-07
1747820295.246 120.062 0.09588169 1.10724e-07
1747820295.256 120.123 0.09590404 1.28590e-07
1747820295.266 120.184 0.09592266 1.14927e-07
1747820295.276 120.245 0.09596363 6.83156e-08
1747820295.286 120.305 0.09601112 1.41325e-07
1747820295.296 120.366 0.09603533 1.08109e-07
1747820295.306 120.427 0.09607258 1.26913e-07
1747820295.316 120.488 0.09609865 1.60044e-07
1747820295.326 120.548 0.09613776 6.15102e-08
1747820295.336 120.609 0.09618897 1.44185e-07
1747820295.346 120.669 0.09622622 1.06409e-07
1747820295.356 120.730 0.09626998 1.27006e-07
1747820295.366 120.791 0.09631932 1.17246e-07
1747820295.376 120.851 0.09637240 6.61464e-08
1747820295.386 120.911 0.09642361 1.45982e-07
1747820295.396 120.972 0.09645621 1.04253e-07
1747820295.406 121.032 0.09650276 1.23332e-07
1747820295.416 121.093 0.09654280 1.12142e-07
1747820295.426 121.153 0.09659774 6.00061e-08
1747820295.436 121.213 0.09664708 1.55170e-07
1747820295.446 121.274 0.09669178 1.30213e-07
1747820295.456 121.334 0.09671320 1.87224e-07
1747820295.466 121.394 0.09677558 2.56297e-07
1747820295.476 121.454 0.09686590 2.37503e-07
1747820295.486 121.515 0.09691153 3.95135e-07
1747820295.496 121.575 0.09695343 5.03277e-07
1747820295.506 121.635 0.09700837 6.33188e-07
1747820295.516 121.695 0.09705585 8.03001e-07
1747820295.526 121.755 0.09711545 1.00764e-06
1747820295.536 121.815 0.09714338 1.38047e-06
1747820295.546 121.875 0.09718528 1.72581e-06
1747820295.556 121.935 0.09724674 2.05993e-06
1747820295.566 121.995 0.09731750 2.56475e-06
1747820295.576 122.055 0.09737244 2.75905e-06
1747820295.586 122.115 0.09741899 3.26455e-06
1747820295.596 122.175 0.09747766 3.60281e-06
1747820295.606 122.234 0.09753818 3.97723e-06
1747820295.616 122.294 0.09756705 4.45296e-06
1747820295.626 122.354 0.09761360 4.52628e-06
1747820295.658 122.414 0.09780821 4.95469e-06
1747820295.681 122.473 0.09788550 6.40568e-06
1747820295.687 122.533 0.09793019 6.58477e-06
1747820295.696 122.593 0.09793019 6.58941e-06
1747820295.706 122.652 0.09800003 6.40469e-06
1747820295.716 122.712 0.09804565 6.54405e-06
1747820295.726 122.771 0.09808848 6.65159e-06
1747820295.736 122.831 0.09814063 6.76438e-06
1747820295.746 122.890 0.09816204 6.87009e-06
1747820295.756 122.950 0.09820673 6.90980e-06
1747820295.766 123.009 0.09827378 6.89018e-06
1747820295.776 123.069 0.09832499 6.97369e-06
1747820295.786 123.128 0.09834175 7.04764e-06
1747820295.795 123.187 0.09837993 6.96756e-06
1747820295.805 123.247 0.09842183 6.99764e-06
1747820295.815 123.306 0.09846932 6.93401e-06
1747820295.826 123.365 0.09851680 6.74038e-06
1747820295.835 123.425 0.09854567 6.78037e-06
1747820295.845 123.484 0.09856988 6.66148e-06
1747820295.855 123.543 0.09861550 6.63306e-06
1747820295.865 123.602 0.09863971 6.51842e-06
1747820295.875 123.661 0.09870117 6.37922e-06
1747820295.885 123.720 0.09872910 6.31960e-06
1747820295.895 123.779 0.09874958 6.18804e-06
1747820295.905 123.839 0.09879149 6.10099e-06
1747820295.915 123.898 0.09882315 5.96466e-06
1747820295.925 123.957 0.09886132 5.78908e-06
1747820295.935 124.015 0.09891347 5.81234e-06
1747820295.945 124.074 0.09897586 5.64377e-06
1747820295.955 124.133 0.09900193 5.45466e-06
1747820295.965 124.192 0.09905872 5.37943e-06
1747820295.975 124.251 0.09907921 5.14668e-06
1747820295.985 124.310 0.09914439 5.10092e-06
1747820295.995 124.369 0.09919653 4.78865e-06
1747820296.005 124.427 0.09924495 4.69556e-06
1747820296.015 124.486 0.09930082 4.54971e-06
1747820296.025 124.545 0.09935203 4.33774e-06
1747820296.035 124.604 0.09940324 4.23259e-06
1747820296.045 124.662 0.09943863 4.05135e-06
1747820296.055 124.721 0.09948332 3.92150e-06
1747820296.065 124.779 0.09955502 3.77233e-06
1747820296.075 124.838 0.09961554 3.54437e-06
1747820296.085 124.897 0.09965279 3.48029e-06
1747820296.095 124.955 0.09970307 3.31053e-06
1747820296.105 125.014 0.09976173 3.25160e-06
1747820296.115 125.072 0.09983901 3.11956e-06
1747820296.125 125.130 0.09984367 2.94017e-06
1747820296.135 125.189 0.09987440 2.99120e-06
1747820296.145 125.247 0.09993678 2.72181e-06
1747820296.155 125.306 0.10000662 2.70827e-06
1747820296.165 125.364 0.10005969 2.58470e-06
1747820296.175 125.422 0.10009321 2.49665e-06
1747820296.206 125.480 0.10028782 2.42570e-06
1747820296.216 125.539 0.10035207 2.29963e-06
1747820296.226 125.597 0.10035207 2.09748e-06
1747820296.236 125.655 0.10039210 1.99961e-06
1747820296.246 125.713 0.10042655 2.04768e-06
1747820296.256 125.771 0.10049267 2.05684e-06
1747820296.266 125.830 0.10054202 2.03179e-06
1747820296.276 125.888 0.10058206 1.89251e-06
1747820296.285 125.946 0.10060254 1.86372e-06
1747820296.295 126.004 0.10063885 1.83242e-06
1747820296.305 126.062 0.10066773 1.87765e-06
1747820296.315 126.120 0.10073011 1.77835e-06
1747820296.325 126.178 0.10079342 1.66831e-06
1747820296.335 126.236 0.10081670 1.70208e-06
1747820296.345 126.293 0.10085208 1.59037e-06
1747820296.355 126.351 0.10089306 1.53172e-06
1747820296.365 126.409 0.10091727 1.47629e-06
1747820296.375 126.467 0.10097686 1.35662e-06
1747820296.385 126.525 0.10102341 1.41059e-06
1747820296.395 126.582 0.10107090 9.67657e-07
1747820296.405 126.640 0.10112026 9.99357e-07
1747820296.415 126.698 0.10113050 1.01385e-06
1747820296.425 126.756 0.10117054 8.61299e-07
1747820296.435 126.813 0.10122454 9.01676e-07
1747820296.445 126.871 0.10124409 8.20855e-07
1747820296.455 126.929 0.10128692 7.74660e-07
1747820296.465 126.986 0.10135397 7.40946e-07
1747820296.475 127.044 0.10140332 6.07149e-07
1747820296.485 127.101 0.10143498 6.59519e-07
1747820296.495 127.159 0.10148153 5.61665e-07
1747820296.505 127.216 0.10150108 5.02388e-07
1747820296.515 127.274 0.10155510 4.57419e-07
1747820296.525 127.331 0.10159700 3.35508e-07
1747820296.535 127.388 0.10164076 4.10197e-07
1747820296.545 127.446 0.10169197 3.16690e-07
1747820296.555 127.503 0.10172828 3.32007e-07
1747820296.565 127.560 0.10180092 2.85066e-07
1747820296.575 127.618 0.10184561 2.04431e-07
1747820296.585 127.675 0.10188285 2.88127e-07
1747820296.595 127.732 0.10193592 2.44433e-07
1747820296.605 127.789 0.10201228 2.57169e-07
1747820296.615 127.847 0.10204394 2.54373e-07
1747820296.625 127.904 0.10211005 1.59526e-07
1747820296.635 127.961 0.10214822 2.34580e-07
1747820296.645 128.018 0.10219012 2.08297e-07
1747820296.668 128.075 0.10233073 1.97292e-07
1747820296.676 128.132 0.10239685 1.81410e-07
1747820296.685 128.189 0.10239685 1.97217e-07
1747820296.695 128.246 0.10243036 1.65126e-07
1747820296.705 128.303 0.10246481 1.87318e-07
1747820296.715 128.360 0.10251230 1.61421e-07
1747820296.768 128.417 0.10280747 1.54216e-07
1747820296.779 128.474 0.10283912 1.66551e-07
1747820296.785 128.531 0.10283912 1.58328e-07
1747820296.795 128.588 0.10290245 1.42577e-07
1747820296.805 128.645 0.10296111 1.61836e-07
1747820296.815 128.701 0.10298345 1.37914e-07
1747820296.825 128.758 0.10299742 1.02147e-07
1747820296.835 128.815 0.10303932 1.86383e-07
1747820296.845 128.872 0.10308216 1.36705e-07
1747820296.855 128.928 0.10312313 1.64678e-07
1747820296.865 128.985 0.10316875 1.55109e-07
1747820296.875 129.042 0.10320506 1.43898e-07
1747820296.885 129.098 0.10323020 2.48205e-07
1747820296.895 129.155 0.10325255 2.63332e-07
1747820296.905 129.212 0.10328701 3.49637e-07
1747820296.915 129.268 0.10331587 4.21808e-07
1747820296.925 129.325 0.10333449 5.06676e-07
1747820296.935 129.381 0.10336615 9.32041e-07
1747820296.945 129.438 0.10340805 1.14480e-06
1747820296.955 129.494 0.10341736 1.77754e-06
1747820296.965 129.551 0.10344995 2.29333e-06
1747820296.975 129.607 0.10347230 2.50121e-06
1747820296.985 129.663 0.10352165 3.15601e-06
1747820296.995 129.720 0.10354307 4.08629e-06
1747820297.005 129.776 0.10357007 5.15202e-06
1747820297.015 129.832 0.10362594 6.20895e-06
1747820297.025 129.889 0.10367156 7.32166e-06
1747820297.035 129.945 0.10370508 9.36555e-06
1747820297.045 130.001 0.10373116 1.12476e-05
1747820297.055 130.058 0.10379354 1.47310e-05
1747820297.065 130.114 0.10383265 1.72226e-05
1747820297.075 130.170 0.10388293 2.04022e-05
1747820297.085 130.226 0.10393972 2.56875e-05
1747820297.095 130.282 0.10396487 2.77403e-05
1747820297.105 130.338 0.10401702 3.12909e-05
1747820297.115 130.394 0.10407288 3.61246e-05
1747820297.125 130.450 0.10411012 4.08390e-05
1747820297.135 130.506 0.10415390 4.53077e-05
1747820297.145 130.562 0.10421814 4.97508e-05
1747820297.155 130.618 0.10426470 5.44425e-05
1747820297.165 130.674 0.10433546 5.81935e-05
1747820297.175 130.730 0.10439692 6.13242e-05
1747820297.185 130.786 0.10442299 7.09328e-05
1747820297.195 130.842 0.10449189 7.22385e-05
1747820297.205 130.898 0.10453472 7.48695e-05
1747820297.215 130.954 0.10456172 8.04840e-05
1747820297.225 131.010 0.10464088 8.30023e-05
1747820297.235 131.065 0.10468743 8.21122e-05
1747820297.245 131.121 0.10472281 8.50815e-05
1747820297.255 131.177 0.10478985 8.79762e-05
1747820297.265 131.233 0.10483176 8.86586e-05
1747820297.275 131.288 0.10487832 8.72909e-05
1747820297.304 131.344 0.10500215 8.72942e-05
1747820297.329 131.400 0.10513903 8.28062e-05
1747820297.336 131.455 0.10517721 8.27897e-05
1747820297.349 131.511 0.10520700 8.52059e-05
1747820297.355 131.566 0.10520700 8.28694e-05
1747820297.365 131.622 0.10524145 8.23549e-05
1747820297.375 131.677 0.10527964 7.98049e-05
1747820297.385 131.733 0.10533736 7.82668e-05
1747820297.395 131.788 0.10537926 7.62091e-05
1747820297.405 131.844 0.10541278 7.31849e-05
1747820297.415 131.899 0.10547237 7.21653e-05
1747820297.425 131.955 0.10548635 6.98122e-05
1747820297.435 132.010 0.10550963 6.75121e-05
1747820297.445 132.065 0.10555618 6.64458e-05
1747820297.455 132.121 0.10558411 6.32717e-05
1747820297.465 132.176 0.10562322 6.17010e-05
1747820297.475 132.231 0.10568374 6.01686e-05
1747820297.485 132.287 0.10570517 6.08459e-05
1747820297.495 132.342 0.10571541 5.93808e-05
1747820297.505 132.397 0.10576196 5.71681e-05
1747820297.515 132.452 0.10580572 5.57188e-05
1747820297.525 132.508 0.10585135 5.40008e-05
1747820297.535 132.563 0.10586811 5.34471e-05
1747820297.545 132.618 0.10591933 5.23037e-05
1747820297.555 132.673 0.10595378 4.98725e-05
1747820297.565 132.728 0.10597705 4.92251e-05
1747820297.575 132.783 0.10602268 4.77525e-05
1747820297.584 132.838 0.10607109 4.71450e-05
1747820297.594 132.893 0.10607296 4.52250e-05
1747820297.604 132.948 0.10613534 4.43415e-05
1747820297.614 133.003 0.10619308 4.35314e-05
1747820297.624 133.058 0.10621822 4.15648e-05
1747820297.634 133.113 0.10625639 4.11651e-05
1747820297.644 133.168 0.10631877 3.90041e-05
1747820297.654 133.223 0.10638210 3.87789e-05
1747820297.664 133.278 0.10640631 3.77748e-05
1747820297.674 133.332 0.10644169 3.68181e-05
1747820297.684 133.387 0.10649197 3.56959e-05
1747820297.694 133.442 0.10654970 3.47078e-05
1747820297.704 133.497 0.10661302 3.46134e-05
1747820297.714 133.552 0.10665026 3.39640e-05
1747820297.724 133.606 0.10668285 3.29807e-05
1747820297.734 133.661 0.10673779 3.22171e-05
1747820297.744 133.716 0.10679179 3.07741e-05
1747820297.754 133.770 0.10682718 3.07607e-05
1747820297.764 133.825 0.10686629 2.96775e-05
1747820297.774 133.880 0.10691470 2.92474e-05
1747820297.784 133.934 0.10698174 2.85888e-05
1747820297.794 133.989 0.10704134 2.55432e-05
1747820297.804 134.043 0.10708790 2.74460e-05
1747820297.814 134.098 0.10710931 2.72024e-05
1747820297.824 134.152 0.10716332 2.49926e-05
1747820297.857 134.207 0.10736258 2.53855e-05
1747820297.873 134.261 0.10738865 2.33157e-05
1747820297.879 134.316 0.10743148 2.39326e-05
1747820297.885 134.370 0.10746315 2.38824e-05
1747820297.894 134.425 0.10746315 2.33962e-05
1747820297.904 134.479 0.10749760 2.33137e-05
1747820297.914 134.533 0.10754043 2.25750e-05
1747820297.924 134.588 0.10758419 2.20542e-05
1747820297.934 134.642 0.10764657 2.04620e-05
1747820297.944 134.696 0.10768102 2.00950e-05
1747820297.954 134.750 0.10773504 2.02394e-05
1747820297.985 134.805 0.10787004 1.56652e-05
1747820297.994 134.859 0.10787004 1.43991e-05
1747820298.004 134.913 0.10789984 1.49041e-05
1747820298.014 134.967 0.10792778 1.42649e-05
1747820298.024 135.021 0.10796130 1.51160e-05
1747820298.034 135.076 0.10800599 1.48349e-05
1747820298.044 135.130 0.10802368 1.36537e-05
1747820298.054 135.184 0.10805720 1.34643e-05
1747820298.064 135.238 0.10810655 1.13845e-05
1747820298.074 135.292 0.10815405 1.12617e-05
1747820298.084 135.346 0.10818384 1.10274e-05
1747820298.094 135.400 0.10823598 1.03186e-05
1747820298.104 135.454 0.10826019 9.92160e-06
1747820298.114 135.508 0.10828161 9.15710e-06
1747820298.124 135.562 0.10833095 8.65749e-06
1747820298.134 135.616 0.10837100 8.01676e-06
1747820298.144 135.670 0.10840545 7.42501e-06
1747820298.154 135.723 0.10844921 7.15904e-06
1747820298.164 135.777 0.10846597 6.60167e-06
1747820298.174 135.831 0.10851998 6.11471e-06
1747820298.184 135.885 0.10855908 5.69527e-06
1747820298.194 135.939 0.10858423 5.26269e-06
1747820298.204 135.992 0.10863544 5.12713e-06
1747820298.214 136.046 0.10866431 4.57036e-06
1747820298.224 136.100 0.10870527 4.04662e-06
1747820298.234 136.154 0.10876766 4.00632e-06
1747820298.244 136.207 0.10881236 3.63679e-06
1747820298.254 136.261 0.10884029 3.52890e-06
1747820298.264 136.315 0.10888126 3.25232e-06
1747820298.274 136.368 0.10892223 3.05230e-06
1747820298.284 136.422 0.10893992 2.96732e-06
1747820298.294 136.475 0.10898927 2.73226e-06
1747820298.304 136.529 0.10906842 2.63134e-06
1747820298.314 136.582 0.10912894 2.52598e-06
1747820298.324 136.636 0.10916246 2.42772e-06
1747820298.334 136.689 0.10919691 2.32370e-06
1747820298.344 136.743 0.10922484 2.11627e-06
1747820298.354 136.796 0.10928817 2.15670e-06
1747820298.364 136.850 0.10930400 1.94234e-06
1747820298.374 136.903 0.10935521 1.84174e-06
1747820298.422 136.957 0.10958799 1.70285e-06
1747820298.429 137.010 0.10965130 1.57435e-06
1747820298.435 137.063 0.10969507 1.51492e-06
1747820298.444 137.117 0.10969507 1.41546e-06
1747820298.454 137.170 0.10973232 1.41916e-06
1747820298.464 137.223 0.10976118 1.29414e-06
1747820298.474 137.276 0.10980681 1.22676e-06
1747820298.484 137.330 0.10986733 1.24642e-06
1747820298.494 137.383 0.10989527 1.19462e-06
1747820298.504 137.436 0.10995020 1.22588e-06
1747820298.514 137.489 0.10998559 1.19500e-06
1747820298.524 137.542 0.11002748 1.20660e-06
1747820298.534 137.596 0.11007031 1.16492e-06
1747820298.544 137.649 0.11009266 1.10722e-06
1747820298.554 137.702 0.11012990 1.08603e-06
1747820298.564 137.755 0.11014295 1.06751e-06
1747820298.574 137.808 0.11017926 1.01079e-06
1747820298.584 137.861 0.11023699 1.10187e-06
1747820298.594 137.914 0.11025468 1.03411e-06
1747820298.604 137.967 0.11027051 1.06240e-06
1747820298.614 138.020 0.11029192 1.02531e-06
1747820298.624 138.073 0.11035711 9.76407e-07
1747820298.634 138.126 0.11037666 1.01840e-06
1747820298.644 138.179 0.11040273 9.41675e-07
1747820298.654 138.232 0.11044370 9.70100e-07
1747820298.664 138.285 0.11047070 9.45122e-07
1747820298.674 138.337 0.11050515 9.11389e-07
1747820298.684 138.390 0.11056755 9.95171e-07
1747820298.694 138.443 0.11057686 9.21351e-07
1747820298.704 138.496 0.11061131 9.05101e-07
1747820298.714 138.549 0.11064762 8.92374e-07
1747820298.724 138.601 0.11070721 8.82538e-07
1747820298.734 138.654 0.11075656 9.51181e-07
1747820298.744 138.707 0.11079754 8.85949e-07
1747820298.754 138.759 0.11083292 8.74752e-07
1747820298.764 138.812 0.11088040 8.64550e-07
1747820298.774 138.865 0.11092137 8.27820e-07
1747820298.784 138.917 0.11096793 8.81116e-07
1747820298.794 138.970 0.11103032 8.27011e-07
1747820298.804 139.023 0.11107594 8.16175e-07
1747820298.814 139.075 0.11111877 8.10464e-07
1747820298.824 139.128 0.11115974 7.19485e-07
