1747826326.969 42.743 0.03514101 5.61317e-08
1747826327.018 42.914 0.03510283 7.14282e-08
1747826327.027 43.084 0.03510283 -5.48720e-09
1747826327.036 43.253 0.03511773 8.80430e-08
1747826327.102 43.422 0.03511773 5.90845e-08
1747826327.152 43.590 0.03521643 6.10146e-08
1747826327.202 43.757 0.03537472 5.70129e-08
1747826327.208 43.924 0.03541383 -1.68002e-08
1747826327.216 44.090 0.03541383 3.81619e-08
1747826327.226 44.256 0.03548553 4.76033e-08
1747826327.236 44.420 0.03552650 6.55476e-08
1747826327.284 44.585 0.03574438 7.41322e-08
1747826327.291 44.748 0.03578442 -1.15620e-09
1747826327.298 44.911 0.03581887 3.22513e-08
1747826327.306 45.074 0.03581887 4.34454e-08
1747826327.316 45.236 0.03586264 2.33687e-08
1747826327.326 45.397 0.03590640 3.90816e-08
1747826327.336 45.558 0.03593806 6.52827e-08
1747826327.401 45.718 0.03633845 5.53907e-08
1747826327.407 45.878 0.03640456 -1.54297e-08
1747826327.416 46.037 0.03640456 2.75703e-08
1747826327.426 46.195 0.03646508 4.64133e-08
1747826327.436 46.353 0.03652933 1.97972e-07
1747826327.446 46.511 0.03659824 5.87905e-07
1747826327.456 46.668 0.03667552 9.66640e-07
1747826327.466 46.824 0.03676025 1.47594e-06
1747826327.519 46.980 0.03727982 4.57509e-06
1747826327.526 47.135 0.03727982 3.16867e-06
1747826327.537 47.290 0.03737666 6.59464e-07
1747826327.546 47.444 0.03746046 1.95976e-07
1747826327.556 47.598 0.03753868 8.15956e-08
1747826327.566 47.752 0.03763459 3.83637e-08
1747826327.576 47.904 0.03773049 5.15813e-08
1747826327.586 48.057 0.03780126 6.94211e-08
1747826327.635 48.209 0.03821189 5.57706e-08
1747826327.641 48.360 0.03828452 -1.32173e-08
1747826327.647 48.511 0.03834318 3.60635e-08
1747826327.656 48.661 0.03834318 5.00627e-08
1747826327.666 48.811 0.03843071 2.88879e-08
1747826327.676 48.961 0.03852382 5.29519e-08
1747826327.686 49.110 0.03858900 8.79690e-08
1747826327.696 49.259 0.03865604 7.72900e-09
1747826327.706 49.407 0.03872588 6.01396e-08
1747826327.716 49.555 0.03880037 3.20145e-08
1747826327.726 49.702 0.03888324 5.31068e-08
1747826327.736 49.849 0.03896145 7.32752e-08
1747826327.784 49.995 0.03932180 8.01230e-08
1747826327.790 50.141 0.03940374 3.02783e-08
1747826327.797 50.287 0.03949220 2.85755e-08
1747826327.806 50.432 0.03949220 4.51309e-08
1747826327.816 50.577 0.03959369 2.29993e-08
1747826327.826 50.721 0.03969705 4.38112e-08
1747826327.836 50.865 0.03976782 6.22406e-08
1747826327.884 51.008 0.04025945 7.62717e-08
1747826327.890 51.152 0.04036840 1.24009e-08
1747826327.897 51.294 0.04047920 2.43917e-08
1747826327.906 51.437 0.04047920 3.99674e-08
1747826327.955 51.579 0.04092056 4.94045e-08
1747826328.005 51.720 0.04134795 4.84547e-08
1747826328.084 51.861 0.04184890 7.32242e-08
1747826328.091 52.002 0.04188522 -1.58530e-09
1747826328.097 52.142 0.04193363 2.62692e-08
1747826328.106 52.282 0.04193363 4.67964e-08
1747826328.161 52.422 0.04206492 1.90025e-08
1747826328.167 52.561 0.04208913 7.54215e-08
1747826328.176 52.700 0.04208913 -1.79475e-08
1747826328.186 52.839 0.04209751 6.20123e-08
1747826328.234 52.977 0.04216176 7.80981e-08
1747826328.240 53.115 0.04218318 4.78400e-09
1747826328.246 53.252 0.04222042 2.63754e-08
1747826328.256 53.389 0.04222042 3.96054e-08
1747826328.266 53.526 0.04226232 2.23350e-08
1747826328.276 53.662 0.04227350 4.45030e-08
1747826328.286 53.798 0.04231912 5.72711e-08
1747826328.296 53.934 0.04233868 -1.14839e-08
1747826328.306 54.070 0.04238523 4.69824e-08
1747826328.316 54.205 0.04242900 2.27123e-08
1747826328.326 54.339 0.04248766 4.31265e-08
1747826328.336 54.474 0.04256960 5.50178e-08
1747826328.401 54.608 0.04304262 5.73345e-08
1747826328.408 54.741 0.04315808 -1.74708e-08
1747826328.416 54.875 0.04315808 3.68807e-08
1747826328.426 55.008 0.04325026 4.63889e-08
1747826328.436 55.141 0.04333592 5.59392e-08
1747826328.446 55.273 0.04343369 -2.12051e-08
1747826328.456 55.405 0.04355753 4.87191e-08
1747826328.504 55.537 0.04404545 3.93319e-08
1747826328.553 55.668 0.04449239 4.11070e-08
1747826328.623 55.800 0.04492537 3.83933e-08
1747826328.630 55.930 0.04496447 1.95570e-08
1747826328.636 56.061 0.04499613 4.05762e-08
1747826328.684 56.191 0.04512184 7.56063e-08
1747826328.691 56.321 0.04512742 -2.42240e-09
1747826328.698 56.451 0.04516746 2.78235e-08
1747826328.705 56.580 0.04516746 4.47068e-08
1747826328.715 56.709 0.04515536 2.40314e-08
1747826328.725 56.838 0.04519726 4.37978e-08
1747826328.735 56.966 0.04519074 4.68958e-08
1747826328.745 57.095 0.04519726 -1.98546e-08
1747826328.755 57.222 0.04520936 4.78889e-08
1747826328.803 57.350 0.04530434 3.98590e-08
1747826328.854 57.477 0.04550453 4.13968e-08
1747826328.904 57.604 0.04586116 4.25452e-08
1747826328.954 57.731 0.04626155 4.43968e-08
1747826329.004 57.858 0.04659582 4.51242e-08
1747826329.054 57.984 0.04676994 4.54596e-08
1747826329.104 58.110 0.04679695 4.57211e-08
1747826329.182 58.236 0.04682302 7.81438e-08
1747826329.189 58.361 0.04682861 4.77527e-08
1747826329.196 58.486 0.04682768 1.85128e-08
1747826329.205 58.611 0.04682768 4.44310e-08
1747826329.253 58.736 0.04692172 4.32023e-08
1747826329.304 58.860 0.04701856 4.50160e-08
1747826329.353 58.984 0.04718896 4.64333e-08
1747826329.404 59.108 0.04740032 4.73615e-08
1747826329.453 59.231 0.04759214 4.90327e-08
1747826329.504 59.355 0.04770760 4.88676e-08
1747826329.554 59.478 0.04782026 4.99251e-08
1747826329.604 59.600 0.04788637 5.02493e-08
1747826329.654 59.723 0.04794969 5.06270e-08
1747826329.721 59.845 0.04807540 4.66511e-08
1747826329.770 59.967 0.04816292 4.73514e-08
1747826329.823 60.089 0.04827466 9.26870e-09
1747826329.830 60.211 0.04832121 2.86919e-08
1747826329.836 60.332 0.04831470 4.62425e-08
1747826329.884 60.453 0.04841526 5.50311e-08
1747826329.891 60.574 0.04844226 -1.24350e-08
1747826329.897 60.694 0.04845251 3.53645e-08
1747826329.905 60.815 0.04845251 4.63813e-08
1747826329.953 60.935 0.04853444 3.73319e-08
1747826330.003 61.055 0.04867784 3.83465e-08
1747826330.053 61.174 0.04890783 4.10774e-08
1747826330.103 61.294 0.04914527 4.25366e-08
1747826330.155 61.413 0.04938084 4.76893e-08
1747826330.203 61.532 0.04949724 4.65906e-08
1747826330.280 61.650 0.04961456 3.35564e-08
1747826330.287 61.769 0.04962760 5.98247e-08
1747826330.336 61.887 0.04965739 4.85813e-08
1747826330.386 62.005 0.04972909 5.53469e-08
1747826330.436 62.123 0.04981662 4.95107e-08
1747826330.486 62.240 0.04995070 5.65488e-08
1747826330.554 62.358 0.05010713 4.88711e-08
1747826330.561 62.475 0.05011644 3.34263e-08
1747826330.567 62.592 0.05013693 4.63585e-08
1747826330.574 62.708 0.05013693 -1.10281e-08
1747826330.584 62.825 0.05016207 3.64621e-08
1747826330.594 62.941 0.05018255 -1.06152e-08
1747826330.604 63.057 0.05022073 6.28274e-08
1747826330.652 63.173 0.05030174 4.33147e-08
1747826330.702 63.289 0.05041534 4.09580e-08
1747826330.709 63.404 0.05045817 2.61380e-09
1747826330.715 63.519 0.05050380 8.12196e-08
1747826330.724 63.634 0.05050380 4.61758e-08
1747826330.734 63.749 0.05052893 3.08730e-08
1747826330.744 63.864 0.05058481 -2.20251e-08
1747826330.754 63.978 0.05062112 6.17475e-08
1747826330.840 64.092 0.05110717 -7.24210e-09
1747826330.846 64.206 0.05118818 3.12263e-08
1747826330.854 64.320 0.05118818 4.28893e-08
1747826330.903 64.433 0.05153177 5.43163e-08
1747826330.955 64.547 0.05177200 8.97333e-07
1747826330.965 64.660 0.05177200 1.24556e-06
1747826330.975 64.773 0.05188280 2.59961e-06
1747826330.985 64.886 0.05188280 3.74693e-06
1747826330.994 64.998 0.05190609 5.62832e-06
1747826331.004 65.111 0.05193216 9.54651e-06
1747826331.014 65.223 0.05196195 1.28592e-05
1747826331.024 65.335 0.05200199 1.49606e-05
1747826331.034 65.446 0.05201037 2.06667e-05
1747826331.044 65.558 0.05201130 2.70369e-05
1747826331.054 65.669 0.05206531 3.13110e-05
1747826331.064 65.781 0.05208579 3.81766e-05
1747826331.074 65.892 0.05210534 3.83258e-05
1747826331.084 66.003 0.05213328 3.99203e-05
1747826331.094 66.113 0.05216215 3.77955e-05
1747826331.104 66.224 0.05217984 3.72651e-05
1747826331.114 66.334 0.05219380 3.68221e-05
1747826331.124 66.444 0.05221336 3.54434e-05
1747826331.134 66.554 0.05227109 3.74803e-05
1747826331.144 66.664 0.05231764 3.61274e-05
1747826331.154 66.773 0.05232323 3.22941e-05
1747826331.164 66.883 0.05239772 2.99146e-05
1747826331.174 66.992 0.05249922 2.45096e-05
1747826331.184 67.101 0.05255881 1.35875e-05
1747826331.194 67.210 0.05262026 6.28055e-06
1747826331.204 67.319 0.05271431 2.31119e-06
1747826331.214 67.427 0.05278880 9.26769e-07
1747826331.224 67.535 0.05291730 5.66239e-07
1747826331.235 67.644 0.05307093 1.25946e-07
1747826331.244 67.752 0.05307093 1.00876e-07
1747826331.254 67.859 0.05318360 1.03585e-07
1747826331.264 67.967 0.05329999 8.09851e-08
1747826331.274 68.074 0.05339310 9.50460e-08
1747826331.284 68.182 0.05350763 1.07155e-07
1747826331.294 68.289 0.05362402 3.49544e-08
1747826331.304 68.396 0.05373669 1.05979e-07
1747826331.314 68.503 0.05386239 5.41333e-08
1747826331.324 68.609 0.05398437 8.57102e-08
1747826331.334 68.716 0.05409518 9.61256e-08
1747826331.344 68.822 0.05421064 3.47473e-08
1747826331.392 68.928 0.05472649 6.89731e-08
1747826331.399 69.034 0.05480005 1.09023e-07
1747826331.405 69.140 0.05488105 5.60669e-08
1747826331.414 69.246 0.05488105 5.90965e-08
1747826331.424 69.351 0.05497975 9.07165e-08
1747826331.434 69.456 0.05507752 8.80818e-08
1747826331.444 69.562 0.05515853 5.53886e-08
1747826331.454 69.667 0.05523768 3.40353e-07
1747826331.464 69.772 0.05528610 5.84004e-07
1747826331.474 69.876 0.05535873 1.49837e-06
1747826331.484 69.981 0.05542670 2.84063e-06
1747826331.494 70.085 0.05548909 3.79754e-06
1747826331.504 70.189 0.05554682 6.34618e-06
1747826331.514 70.293 0.05562038 1.17902e-05
1747826331.524 70.397 0.05567066 4.51860e-05
1747826331.534 70.501 0.05569580 7.06321e-05
1747826331.544 70.605 0.05573863 1.15263e-04
1747826331.554 70.708 0.05580381 1.49729e-04
1747826331.564 70.812 0.05585037 1.85006e-04
1747826331.574 70.915 0.05591648 1.96897e-04
1747826331.584 71.018 0.05598538 1.99278e-04
1747826331.594 71.121 0.05603659 1.94266e-04
1747826331.604 71.223 0.05608315 1.73171e-04
1747826331.614 71.326 0.05612505 1.58498e-04
1747826331.624 71.428 0.05618557 1.29898e-04
1747826331.634 71.531 0.05625262 8.87228e-05
1747826331.644 71.633 0.05631500 5.62946e-05
1747826331.654 71.735 0.05638484 1.26065e-05
1747826331.664 71.836 0.05646026 1.01672e-05
1747826331.674 71.938 0.05654872 9.10774e-06
1747826331.684 72.040 0.05663904 7.61000e-06
1747826331.694 72.141 0.05671260 6.38248e-06
1747826331.704 72.242 0.05681875 5.97243e-06
1747826331.714 72.344 0.05689789 4.37530e-06
1747826331.724 72.444 0.05697052 2.64759e-06
1747826331.734 72.545 0.05707201 6.00496e-07
1747826331.744 72.646 0.05717537 5.46702e-07
1747826331.754 72.747 0.05730014 7.76120e-07
1747826331.764 72.847 0.05738022 8.92473e-07
1747826331.774 72.947 0.05744820 1.10845e-06
1747826331.784 73.047 0.05756738 1.13028e-06
1747826331.794 73.147 0.05766143 1.06389e-06
1747826331.804 73.247 0.05775640 7.78388e-07
1747826331.814 73.347 0.05784765 5.90287e-07
1747826331.824 73.447 0.05794728 4.13119e-07
1747826331.834 73.546 0.05803946 4.68560e-07
1747826331.844 73.645 0.05812420 5.11483e-07
1747826331.854 73.745 0.05822476 4.63007e-07
1747826331.864 73.844 0.05832160 3.59775e-07
1747826331.874 73.943 0.05837746 4.43520e-07
1747826331.884 74.041 0.05847058 4.08386e-07
1747826331.894 74.140 0.05856462 2.84070e-07
1747826331.923 74.239 0.05877227 3.75376e-07
1747826331.948 74.337 0.05900691 3.40035e-07
1747826331.955 74.435 0.05906930 3.36547e-07
1747826331.964 74.533 0.05906930 4.37832e-07
1747826331.974 74.631 0.05917731 4.92885e-07
1747826331.984 74.729 0.05922852 5.62268e-07
1747826331.994 74.827 0.05930302 6.01374e-07
1747826332.004 74.925 0.05938868 7.95995e-07
1747826332.014 75.022 0.05943710 7.32742e-07
1747826332.024 75.120 0.05951717 7.52281e-07
1747826332.034 75.217 0.05959725 8.70897e-07
1747826332.044 75.314 0.05965871 1.86331e-06
1747826332.070 75.411 0.05982538 6.97153e-06
1747826332.076 75.508 0.05987287 8.56735e-06
1747826332.084 75.605 0.05987287 1.02430e-05
1747826332.094 75.701 0.05994177 1.62769e-05
1747826332.104 75.798 0.06001440 3.82186e-05
1747826332.114 75.894 0.06004140 5.94789e-05
1747826332.124 75.990 0.06010751 1.38082e-04
1747826332.133 76.087 0.06016338 2.97754e-04
1747826332.144 76.183 0.06021553 3.44363e-04
1747826332.154 76.279 0.06027325 4.40740e-04
1747826332.164 76.374 0.06031050 5.49945e-04
1747826332.173 76.470 0.06038964 6.34897e-04
1747826332.183 76.565 0.06045576 6.74612e-04
1747826332.193 76.661 0.06051535 6.75446e-04
1747826332.203 76.756 0.06058705 6.52108e-04
1747826332.213 76.851 0.06064478 5.54225e-04
1747826332.223 76.946 0.06069599 4.32386e-04
1747826332.233 77.041 0.06077700 3.11003e-04
1747826332.243 77.136 0.06084497 1.81199e-04
1747826332.253 77.231 0.06093063 3.42493e-05
1747826332.263 77.326 0.06101444 7.33191e-06
1747826332.274 77.420 0.06114107 2.40646e-06
1747826332.283 77.514 0.06114107 4.87920e-07
1747826332.293 77.609 0.06124908 3.29710e-07
1747826332.303 77.703 0.06132544 3.51381e-07
1747826332.313 77.797 0.06139714 1.63426e-06
1747826332.323 77.891 0.06149956 9.59076e-07
1747826332.333 77.984 0.06157219 2.02190e-06
1747826332.343 78.078 0.06166065 3.31192e-06
1747826332.353 78.172 0.06171186 6.50680e-06
1747826332.363 78.265 0.06179473 1.16922e-05
1747826332.373 78.359 0.06188505 1.62657e-05
1747826332.383 78.452 0.06197351 2.23630e-05
1747826332.393 78.545 0.06206104 2.35674e-05
1747826332.403 78.638 0.06215321 2.38959e-05
1747826332.413 78.731 0.06221281 2.19333e-05
1747826332.423 78.824 0.06230499 2.04622e-05
1747826332.433 78.916 0.06238413 1.37221e-05
1747826332.443 79.009 0.06245490 9.14060e-06
1747826332.473 79.101 0.06269886 4.17598e-06
1747826332.484 79.194 0.06282550 1.30999e-06
1747826332.493 79.286 0.06282550 1.19998e-06
1747826332.504 79.378 0.06292140 7.33168e-07
1747826332.513 79.470 0.06298751 6.27828e-07
1747826332.523 79.562 0.06306387 6.20516e-07
1747826332.533 79.654 0.06313649 5.39875e-07
1747826332.543 79.746 0.06321936 6.59844e-07
1747826332.553 79.837 0.06329851 5.87546e-07
1747826332.563 79.929 0.06333855 7.93245e-07
1747826332.573 80.020 0.06341770 6.29147e-07
1747826332.583 80.112 0.06348940 6.90269e-07
1747826332.593 80.203 0.06351919 7.22385e-07
1747826332.603 80.294 0.06360206 6.96552e-07
1747826332.613 80.385 0.06365607 7.69039e-07
1747826332.623 80.476 0.06372963 1.12885e-06
1747826332.633 80.566 0.06380411 1.76956e-06
1747826332.643 80.657 0.06385254 3.61558e-06
1747826332.653 80.748 0.06391306 4.49903e-06
1747826332.663 80.838 0.06398103 5.29491e-06
1747826332.673 80.929 0.06405087 6.50837e-06
1747826332.683 81.019 0.06407973 7.07897e-06
1747826332.693 81.109 0.06413001 7.15087e-06
1747826332.703 81.199 0.06419985 7.05485e-06
1747826332.713 81.289 0.06426316 7.01546e-06
1747826332.723 81.379 0.06432369 6.36922e-06
1747826332.733 81.469 0.06437211 6.03229e-06
1747826332.743 81.558 0.06446243 4.55441e-06
1747826332.753 81.648 0.06452109 3.18272e-06
1747826332.763 81.738 0.06458440 2.50693e-06
1747826332.773 81.827 0.06468683 8.02766e-07
1747826332.783 81.916 0.06475015 5.62969e-07
1747826332.793 82.005 0.06481626 6.64236e-07
1747826332.803 82.095 0.06488609 9.10421e-07
1747826332.813 82.184 0.06494941 9.70709e-07
1747826332.823 82.272 0.06506301 1.02705e-06
1747826332.833 82.361 0.06513564 1.02787e-06
1747826332.843 82.450 0.06517475 9.71318e-07
1747826332.853 82.539 0.06525203 1.06695e-06
1747826332.863 82.627 0.06533862 9.05568e-07
1747826332.873 82.716 0.06544105 8.48543e-07
1747826332.883 82.804 0.06549413 8.53381e-07
1747826332.893 82.892 0.06558072 1.52939e-06
1747826332.903 82.980 0.06565987 8.90114e-06
1747826332.913 83.068 0.06573343 1.52904e-05
1747826332.923 83.156 0.06581258 4.12375e-05
1747826332.933 83.244 0.06588427 6.19934e-05
1747826332.943 83.332 0.06596621 1.17199e-04
1747826332.953 83.420 0.06605467 2.05344e-04
1747826332.963 83.507 0.06611519 3.34442e-04
1747826332.973 83.595 0.06618410 4.02322e-04
1747826332.983 83.682 0.06626324 5.00147e-04
1747826333.032 83.769 0.06659938 4.86981e-04
1747826333.039 83.857 0.06667201 2.91577e-04
1747826333.045 83.944 0.06675954 2.79242e-04
1747826333.053 84.031 0.06675954 1.98849e-04
1747826333.063 84.118 0.06681820 8.19354e-05
1747826333.073 84.205 0.06688431 3.72429e-06
1747826333.083 84.291 0.06699791 7.51220e-07
1747826333.093 84.378 0.06699791 7.89050e-07
1747826333.106 84.465 0.06714410 2.41770e-07
1747826333.116 84.551 0.06720927 6.27320e-07
1747826333.123 84.638 0.06725676 5.86904e-07
1747826333.133 84.724 0.06725676 8.46070e-07
1747826333.143 84.810 0.06732194 4.25764e-07
1747826333.153 84.896 0.06737036 6.00058e-07
1747826333.163 84.982 0.06742623 1.05870e-06
1747826333.173 85.068 0.06748582 8.43409e-07
1747826333.183 85.154 0.06753145 9.71195e-07
1747826333.193 85.240 0.06757801 1.19133e-06
1747826333.203 85.326 0.06762363 1.37026e-06
1747826333.213 85.411 0.06768602 1.44612e-06
1747826333.223 85.497 0.06773164 2.06893e-06
1747826333.233 85.582 0.06778471 2.16033e-06
1747826333.243 85.668 0.06783779 2.06796e-06
1747826333.253 85.753 0.06789459 2.10193e-06
1747826333.263 85.838 0.06793463 2.70100e-06
1747826333.273 85.923 0.06799701 3.41333e-06
1747826333.283 86.008 0.06807337 3.86949e-06
1747826333.293 86.093 0.06811713 5.52835e-06
1747826333.303 86.178 0.06817300 6.44377e-06
1747826333.313 86.263 0.06825401 7.27138e-06
1747826333.323 86.348 0.06833408 7.10996e-06
1747826333.333 86.432 0.06837785 6.78570e-06
1747826333.343 86.517 0.06845513 6.51702e-06
1747826333.353 86.601 0.06854452 6.01262e-06
1747826333.363 86.686 0.06861715 5.85393e-06
1747826333.373 86.770 0.06868140 5.32954e-06
1747826333.383 86.854 0.06875496 5.00895e-06
1747826333.393 86.938 0.06882479 4.70300e-06
1747826333.403 87.022 0.06890767 4.06261e-06
1747826333.413 87.106 0.06896632 3.53349e-06
1747826333.423 87.190 0.06905478 4.84537e-06
1747826333.433 87.274 0.06914790 6.98762e-06
1747826333.443 87.358 0.06922611 9.67742e-06
1747826333.453 87.441 0.06930526 1.38275e-05
1747826333.463 87.525 0.06937416 1.70477e-05
1747826333.473 87.608 0.06945517 1.86819e-05
1747826333.483 87.692 0.06951942 1.83059e-05
1747826333.493 87.775 0.06960043 1.76992e-05
1747826333.503 87.858 0.06965164 1.70850e-05
1747826333.513 87.942 0.06970937 1.52025e-05
1747826333.523 88.025 0.06979317 1.46815e-05
1747826333.533 88.108 0.06985928 1.24497e-05
1747826333.564 88.191 0.07012838 8.93193e-06
1747826333.587 88.273 0.07026898 2.26437e-06
1747826333.593 88.356 0.07033509 2.43387e-06
1747826333.603 88.439 0.07033509 2.64201e-06
1747826333.613 88.522 0.07039096 2.45109e-06
1747826333.623 88.604 0.07045614 3.34065e-06
1747826333.633 88.687 0.07052318 4.18406e-06
1747826333.643 88.769 0.07056602 5.24566e-06
1747826333.653 88.851 0.07064795 6.20217e-06
1747826333.663 88.933 0.07069917 7.34947e-06
1747826333.673 89.016 0.07074851 8.14337e-06
1747826333.683 89.098 0.07078576 8.15975e-06
1747826333.693 89.180 0.07088353 7.63124e-06
1747826333.703 89.262 0.07093381 7.77989e-06
1747826333.713 89.344 0.07097106 6.59971e-06
1747826333.723 89.425 0.07102041 5.95400e-06
1747826333.733 89.507 0.07107255 5.12942e-06
1747826333.743 89.589 0.07111259 4.66141e-06
1747826333.753 89.670 0.07116659 4.49788e-06
1747826333.763 89.752 0.07123364 3.31345e-06
1747826333.773 89.833 0.07126530 2.35220e-06
1747826333.783 89.914 0.07128671 1.40794e-06
1747826333.793 89.996 0.07136027 6.62220e-07
1747826333.803 90.077 0.07140496 3.93994e-07
1747826333.813 90.158 0.07146270 2.48456e-07
1747826333.823 90.239 0.07153346 2.26780e-07
1747826333.835 90.320 0.07163682 1.87723e-07
1747826333.843 90.401 0.07170572 1.43727e-07
1747826333.853 90.482 0.07170572 1.74926e-07
1747826333.863 90.563 0.07176718 1.40162e-07
1747826333.873 90.643 0.07182863 1.87816e-07
1747826333.883 90.724 0.07188823 1.71905e-07
1747826333.893 90.804 0.07192733 1.68916e-07
1747826333.903 90.885 0.07201858 2.27118e-07
1747826333.913 90.965 0.07209308 2.29393e-07
1747826333.922 91.046 0.07216291 3.82693e-07
1747826333.933 91.126 0.07222809 4.41783e-07
1747826333.942 91.206 0.07230258 4.79120e-07
1747826333.952 91.286 0.07235938 6.69063e-07
1747826333.962 91.366 0.07243946 7.51012e-07
1747826333.972 91.446 0.07250556 9.31152e-07
1747826333.982 91.526 0.07258471 1.14767e-06
1747826333.992 91.606 0.07267783 1.35581e-06
1747826334.002 91.686 0.07273183 1.69274e-06
1747826334.012 91.765 0.07280446 1.78873e-06
1747826334.022 91.845 0.07287523 2.07924e-06
1747826334.032 91.925 0.07293203 2.22735e-06
1747826334.042 92.004 0.07302235 2.27065e-06
1747826334.052 92.084 0.07310242 2.30390e-06
1747826334.062 92.163 0.07313408 2.50993e-06
1747826334.072 92.242 0.07320951 3.24501e-06
1747826334.082 92.321 0.07326351 5.38056e-06
1747826334.112 92.401 0.07346650 1.12931e-05
1747826334.125 92.480 0.07359685 7.07224e-05
1747826334.133 92.559 0.07359685 7.75093e-05
1747826334.143 92.638 0.07367973 8.42135e-05
1747826334.153 92.716 0.07373001 9.31768e-05
1747826334.162 92.795 0.07377936 1.14019e-04
1747826334.172 92.874 0.07385571 1.57863e-04
1747826334.182 92.953 0.07389854 1.79456e-04
1747826334.192 93.031 0.07397304 2.28798e-04
1747826334.202 93.110 0.07402890 2.65956e-04
1747826334.212 93.188 0.07406987 2.99784e-04
1747826334.222 93.267 0.07416112 3.33743e-04
1747826334.232 93.345 0.07420396 3.68407e-04
1747826334.242 93.423 0.07426355 4.50617e-04
1747826334.252 93.502 0.07430452 5.12951e-04
1747826334.262 93.580 0.07433525 4.46803e-04
1747826334.272 93.658 0.07441532 4.50011e-04
1747826334.282 93.736 0.07446747 4.63999e-04
1747826334.292 93.814 0.07453079 4.43130e-04
1747826334.302 93.892 0.07455592 3.96584e-04
1747826334.312 93.970 0.07460807 3.93180e-04
1747826334.322 94.047 0.07466487 3.39748e-04
1747826334.332 94.125 0.07474029 2.90781e-04
1747826334.342 94.203 0.07477009 2.49256e-04
1747826334.352 94.280 0.07481943 2.16116e-04
1747826334.362 94.358 0.07486879 1.79021e-04
1747826334.372 94.435 0.07491348 1.38643e-04
1747826334.382 94.512 0.07497773 9.55020e-05
1747826334.392 94.590 0.07505222 5.44120e-05
1747826334.402 94.667 0.07513509 3.61090e-05
1747826334.412 94.744 0.07517513 2.20103e-05
1747826334.422 94.821 0.07523751 5.98212e-06
1747826334.432 94.898 0.07529059 2.84845e-06
1747826334.442 94.975 0.07535297 2.19620e-06
1747826334.453 95.052 0.07549357 1.38583e-06
1747826334.462 95.129 0.07549357 3.77668e-07
1747826334.472 95.206 0.07558203 1.44809e-06
1747826334.482 95.283 0.07566677 8.09889e-07
1747826334.492 95.360 0.07570587 4.35692e-07
1747826334.502 95.436 0.07577292 8.13303e-07
1747826334.512 95.513 0.07583717 1.13728e-06
1747826334.522 95.589 0.07591631 6.79930e-07
1747826334.532 95.666 0.07596380 9.95775e-07
1747826334.542 95.742 0.07602432 9.87024e-07
1747826334.552 95.818 0.07609788 9.54668e-07
1747826334.562 95.895 0.07616213 9.59505e-07
1747826334.572 95.971 0.07624407 1.05930e-06
1747826334.582 96.047 0.07631391 1.24986e-06
1747826334.592 96.123 0.07636046 1.29387e-06
1747826334.602 96.199 0.07642285 1.39268e-06
1747826334.612 96.275 0.07650013 1.55671e-06
1747826334.622 96.351 0.07655786 1.62627e-06
1747826334.669 96.427 0.07685490 1.73295e-06
1747826334.679 96.503 0.07689866 1.53982e-06
1747826334.700 96.578 0.07703553 1.47360e-06
1747826334.706 96.654 0.07706813 1.38163e-06
1747826334.713 96.730 0.07712678 1.37455e-06
1747826334.722 96.805 0.07712678 1.11975e-06
1747826334.732 96.881 0.07719383 1.12214e-06
1747826334.742 96.956 0.07725807 9.11854e-07
1747826334.752 97.031 0.07730277 1.05208e-06
1747826334.762 97.107 0.07737447 8.53984e-07
1747826334.772 97.182 0.07742009 8.02201e-07
1747826334.782 97.257 0.07746479 6.44693e-07
1747826334.792 97.332 0.07750297 5.40055e-07
1747826334.802 97.407 0.07754487 7.12372e-07
1747826334.812 97.482 0.07758956 4.95687e-07
1747826334.822 97.557 0.07765195 5.35846e-07
1747826334.832 97.632 0.07769943 4.79584e-07
1747826334.842 97.707 0.07775065 4.87614e-07
1747826334.852 97.782 0.07778044 5.47787e-07
1747826334.862 97.857 0.07781769 6.61034e-07
1747826334.872 97.931 0.07784004 6.11518e-07
1747826334.882 98.006 0.07788287 5.80385e-07
1747826334.892 98.080 0.07793594 6.76014e-07
1747826334.902 98.155 0.07798715 7.22167e-07
1747826334.912 98.229 0.07801788 6.76123e-07
1747826334.922 98.304 0.07806444 7.23526e-07
1747826334.932 98.378 0.07813148 7.40297e-07
1747826334.942 98.452 0.07815942 7.50026e-07
1747826334.952 98.527 0.07822366 7.93727e-07
1747826334.962 98.601 0.07828977 8.00141e-07
1747826334.972 98.675 0.07832422 8.21623e-07
1747826334.982 98.749 0.07839127 8.29018e-07
1747826334.992 98.823 0.07844155 8.35159e-07
1747826335.002 98.897 0.07849928 9.27761e-07
1747826335.012 98.971 0.07858588 9.34839e-07
1747826335.022 99.045 0.07865664 1.02364e-06
1747826335.032 99.118 0.07870972 1.02953e-06
1747826335.042 99.192 0.07879258 9.69731e-07
1747826335.052 99.266 0.07886708 1.11636e-06
1747826335.062 99.339 0.07891922 1.16796e-06
1747826335.072 99.413 0.07898905 1.22692e-06
1747826335.082 99.487 0.07904586 1.39621e-06
1747826335.092 99.560 0.07911383 1.78514e-06
1747826335.102 99.633 0.07916970 2.16478e-06
1747826335.112 99.707 0.07924046 2.61902e-06
1747826335.122 99.780 0.07931681 2.82978e-06
1747826335.132 99.853 0.07939317 2.87421e-06
1747826335.142 99.926 0.07945928 3.12942e-06
1747826335.152 100.000 0.07951887 4.04026e-06
1747826335.162 100.073 0.07957287 4.00955e-06
1747826335.172 100.146 0.07963340 4.73445e-06
1747826335.222 100.219 0.07999095 6.44280e-06
1747826335.232 100.292 0.07999095 7.62128e-06
1747826335.242 100.364 0.08006172 8.15232e-06
1747826335.252 100.437 0.08011573 8.78481e-06
1747826335.262 100.510 0.08016601 9.05985e-06
1747826335.272 100.583 0.08022839 9.60673e-06
1747826335.282 100.655 0.08029730 9.84189e-06
1747826335.292 100.728 0.08033175 1.01828e-05
1747826335.302 100.801 0.08036434 1.00578e-05
1747826335.312 100.873 0.08042207 9.68766e-06
1747826335.322 100.945 0.08045931 9.85471e-06
1747826335.332 101.018 0.08050122 9.12623e-06
1747826335.342 101.090 0.08055615 8.96368e-06
1747826335.352 101.163 0.08061761 9.89476e-06
1747826335.362 101.235 0.08064834 9.18323e-06
1747826335.372 101.307 0.08066230 9.22591e-06
1747826335.382 101.379 0.08071631 7.59003e-06
1747826335.392 101.451 0.08076659 7.66281e-06
1747826335.402 101.523 0.08079360 7.14137e-06
1747826335.412 101.595 0.08084108 6.95182e-06
1747826335.422 101.667 0.08087646 8.06875e-06
1747826335.432 101.739 0.08091184 8.32980e-06
1747826335.442 101.811 0.08097237 8.36549e-06
1747826335.452 101.883 0.08102731 7.60850e-06
1747826335.462 101.954 0.08105524 6.83383e-06
1747826335.472 102.026 0.08110180 7.23620e-06
1747826335.482 102.098 0.08113439 6.63041e-06
1747826335.492 102.169 0.08119398 5.51999e-06
1747826335.502 102.241 0.08123682 5.36138e-06
1747826335.512 102.312 0.08130013 4.86097e-06
1747826335.522 102.384 0.08135600 5.01376e-06
1747826335.532 102.455 0.08142397 4.36207e-06
1747826335.542 102.526 0.08150591 3.73589e-06
1747826335.552 102.598 0.08153477 2.70719e-06
1747826335.562 102.669 0.08158227 1.78280e-06
1747826335.572 102.740 0.08167259 2.92856e-06
1747826335.582 102.811 0.08174242 2.64423e-06
1747826335.592 102.882 0.08181039 2.16854e-06
1747826335.602 102.953 0.08186160 1.75951e-06
1747826335.612 103.024 0.08189698 1.47938e-06
1747826335.622 103.095 0.08197055 1.39147e-06
1747826335.632 103.166 0.08206738 9.31621e-07
1747826335.642 103.237 0.08212139 7.14488e-07
1747826335.652 103.308 0.08218284 6.79655e-07
1747826335.662 103.378 0.08225734 3.22952e-07
1747826335.672 103.449 0.08231227 3.33341e-07
1747826335.682 103.520 0.08236814 3.73615e-07
1747826335.692 103.590 0.08241097 3.66767e-07
1747826335.702 103.661 0.08245939 4.40855e-07
1747826335.711 103.731 0.08252178 3.90328e-07
1747826335.721 103.802 0.08261489 5.13877e-07
1747826335.752 103.872 0.08285978 4.58231e-07
1747826335.778 103.943 0.08295289 6.45839e-07
1747826335.785 104.013 0.08299479 6.69661e-07
1747826335.792 104.083 0.08299479 6.26162e-07
1747826335.802 104.153 0.08303390 6.92988e-07
1747826335.811 104.224 0.08309908 6.56436e-07
1747826335.821 104.294 0.08317171 6.90702e-07
1747826335.831 104.364 0.08321082 6.69413e-07
1747826335.841 104.434 0.08325738 6.28215e-07
1747826335.851 104.504 0.08333094 6.88717e-07
1747826335.861 104.574 0.08337284 6.46135e-07
1747826335.871 104.644 0.08338960 6.69074e-07
1747826335.881 104.713 0.08345571 6.33894e-07
1747826335.891 104.783 0.08352740 6.45250e-07
1747826335.901 104.853 0.08356651 7.05345e-07
1747826335.911 104.923 0.08357303 6.41118e-07
1747826335.921 104.992 0.08361400 5.89096e-07
1747826335.931 105.062 0.08366242 5.89441e-07
1747826335.941 105.131 0.08369035 5.58921e-07
1747826335.951 105.201 0.08375087 6.63943e-07
1747826335.961 105.270 0.08379092 5.92784e-07
1747826335.971 105.340 0.08382723 5.93391e-07
1747826335.981 105.409 0.08384585 6.07228e-07
1747826335.991 105.478 0.08391941 6.06900e-07
1747826336.001 105.548 0.08398179 6.18198e-07
1747826336.011 105.617 0.08401625 6.03463e-07
1747826336.021 105.686 0.08408888 9.63672e-07
1747826336.031 105.755 0.08413264 9.25616e-07
1747826336.041 105.824 0.08418664 1.03988e-06
1747826336.051 105.894 0.08422110 2.35233e-06
1747826336.061 105.963 0.08427231 3.33026e-06
1747826336.071 106.031 0.08431887 5.50276e-06
1747826336.081 106.100 0.08439522 1.03004e-05
1747826336.091 106.169 0.08442595 1.47299e-05
1747826336.101 106.238 0.08447344 2.44779e-05
1747826336.111 106.307 0.08453023 3.40414e-05
1747826336.121 106.376 0.08460566 4.82632e-05
1747826336.131 106.444 0.08469970 3.47520e-05
1747826336.141 106.513 0.08476208 4.17127e-05
1747826336.151 106.582 0.08478723 5.64457e-05
1747826336.161 106.650 0.08486358 6.40966e-05
1747826336.171 106.719 0.08494459 7.48240e-05
1747826336.181 106.787 0.08498556 8.47607e-05
1747826336.191 106.856 0.08503677 9.23932e-05
1747826336.201 106.924 0.08510382 9.28311e-05
1747826336.211 106.992 0.08516247 9.65128e-05
1747826336.221 107.061 0.08521276 1.03142e-04
1747826336.231 107.129 0.08528818 1.27851e-04
1747826336.241 107.197 0.08532449 1.22931e-04
1747826336.251 107.265 0.08539619 1.22599e-04
1747826336.261 107.333 0.08545858 1.28552e-04
1747826336.271 107.402 0.08552375 1.37031e-04
1747826336.281 107.470 0.08557311 1.39365e-04
1747826336.328 107.538 0.08586362 1.54034e-04
1747826336.335 107.606 0.08591390 1.58929e-04
1747826336.342 107.673 0.08594556 1.70331e-04
1747826336.351 107.741 0.08594556 1.56520e-04
1747826336.361 107.809 0.08597535 1.48737e-04
1747826336.371 107.877 0.08605357 1.55924e-04
1747826336.381 107.945 0.08611968 1.43102e-04
1747826336.391 108.012 0.08613551 1.45102e-04
1747826336.401 108.080 0.08620349 1.38646e-04
1747826336.411 108.148 0.08626959 1.42611e-04
1747826336.421 108.215 0.08630777 1.25320e-04
1747826336.431 108.283 0.08635712 1.24357e-04
1747826336.441 108.350 0.08640926 1.09739e-04
1747826336.451 108.418 0.08645210 1.10414e-04
1747826336.461 108.485 0.08646793 1.12681e-04
1747826336.471 108.552 0.08651076 9.41773e-05
1747826336.481 108.620 0.08654894 9.69571e-05
1747826336.491 108.687 0.08661039 1.01489e-04
1747826336.501 108.754 0.08666067 1.02070e-04
1747826336.511 108.822 0.08667557 1.04039e-04
1747826336.521 108.889 0.08673795 1.03420e-04
1747826336.531 108.956 0.08678917 8.69078e-05
1747826336.541 109.023 0.08681524 9.05829e-05
1747826336.551 109.090 0.08685248 9.31037e-05
1747826336.561 109.157 0.08688787 8.71884e-05
1747826336.571 109.224 0.08694373 8.93145e-05
1747826336.581 109.291 0.08697912 1.03830e-04
1747826336.591 109.358 0.08703312 9.88935e-05
1747826336.601 109.424 0.08707968 9.83410e-05
1747826336.611 109.491 0.08712624 9.11910e-05
1747826336.621 109.558 0.08720818 8.78280e-05
1747826336.631 109.625 0.08724542 8.48507e-05
1747826336.641 109.691 0.08729478 8.63368e-05
1747826336.651 109.758 0.08736181 8.06194e-05
1747826336.661 109.825 0.08741302 8.63533e-05
1747826336.671 109.891 0.08747448 7.38390e-05
1747826336.681 109.958 0.08750334 7.01476e-05
1747826336.691 110.024 0.08758529 5.70491e-05
1747826336.701 110.091 0.08765605 4.96967e-05
1747826336.711 110.157 0.08771564 2.19815e-05
1747826336.721 110.223 0.08777524 2.53717e-05
1747826336.731 110.290 0.08782738 1.36722e-05
1747826336.741 110.356 0.08786277 1.17918e-05
1747826336.751 110.422 0.08794563 1.68959e-05
1747826336.761 110.488 0.08801082 1.07685e-05
1747826336.771 110.554 0.08807227 7.86481e-06
1747826336.781 110.620 0.08809927 2.96388e-06
1747826336.791 110.687 0.08816911 2.35089e-06
1747826336.801 110.753 0.08823056 1.19808e-06
1747826336.811 110.819 0.08828084 9.51422e-06
1747826336.855 110.884 0.08855646 6.68363e-06
1747826336.861 110.950 0.08863747 4.27274e-06
1747826336.871 111.016 0.08863747 3.66194e-06
1747826336.881 111.082 0.08868402 1.12902e-06
1747826336.891 111.148 0.08872127 5.26690e-07
1747826336.901 111.214 0.08876317 8.97760e-07
1747826336.911 111.279 0.08880600 2.07948e-06
1747826336.921 111.345 0.08885349 1.44195e-06
1747826336.931 111.411 0.08890657 1.69433e-06
1747826336.941 111.476 0.08895591 2.31165e-06
1747826336.951 111.542 0.08900992 8.77572e-07
1747826336.961 111.607 0.08905834 9.26548e-07
1747826336.971 111.673 0.08909838 3.54645e-07
1747826336.981 111.738 0.08913469 3.79194e-07
1747826336.991 111.804 0.08916263 2.14134e-07
1747826337.001 111.869 0.08919429 1.94568e-06
1747826337.011 111.934 0.08925015 1.01387e-06
1747826337.021 112.000 0.08932465 7.14766e-07
1747826337.031 112.065 0.08933023 6.47626e-07
1747826337.041 112.130 0.08936096 1.35595e-06
1747826337.051 112.195 0.08941031 1.08665e-06
1747826337.061 112.260 0.08946711 3.57072e-07
1747826337.071 112.326 0.08950529 4.25635e-07
1747826337.081 112.391 0.08953881 5.28490e-07
1747826337.091 112.456 0.08957791 4.61284e-07
1747826337.101 112.521 0.08962168 9.42490e-07
1747826337.111 112.586 0.08965892 7.35721e-07
1747826337.121 112.650 0.08969896 7.01413e-07
1747826337.131 112.715 0.08973807 1.13888e-06
1747826337.141 112.780 0.08980232 8.99889e-07
1747826337.151 112.845 0.08985539 8.44319e-07
1747826337.161 112.910 0.08991312 8.00130e-07
1747826337.171 112.974 0.08995223 9.33330e-07
1747826337.181 113.039 0.09000996 9.30762e-07
1747826337.191 113.104 0.09005838 1.64471e-06
1747826337.201 113.168 0.09014218 1.54249e-06
1747826337.211 113.233 0.09020177 1.58666e-06
1747826337.221 113.298 0.09023716 2.08823e-06
1747826337.231 113.362 0.09031817 1.46927e-06
1747826337.241 113.427 0.09037869 1.11063e-06
1747826337.251 113.491 0.09043828 1.14793e-06
1747826337.261 113.555 0.09047366 1.19080e-06
1747826337.271 113.620 0.09052022 1.26743e-06
1747826337.281 113.684 0.09057888 1.30453e-06
1747826337.291 113.748 0.09065151 1.26813e-06
1747826337.301 113.813 0.09069248 1.27046e-06
1747826337.311 113.877 0.09073904 1.29382e-06
1747826337.321 113.941 0.09080515 1.31569e-06
1747826337.331 114.005 0.09086009 1.25197e-06
1747826337.341 114.069 0.09093457 1.12759e-06
1747826337.351 114.133 0.09097741 1.23780e-06
1747826337.361 114.197 0.09103979 1.15619e-06
1747826337.405 114.261 0.09128468 1.13829e-06
1747826337.412 114.325 0.09133776 1.17094e-06
1747826337.421 114.389 0.09133776 1.17590e-06
1747826337.431 114.453 0.09139456 1.11312e-06
1747826337.441 114.517 0.09143180 1.01416e-06
1747826337.451 114.581 0.09148394 1.06230e-06
1747826337.461 114.645 0.09156309 1.32379e-06
1747826337.471 114.708 0.09161431 1.44367e-06
1747826337.481 114.772 0.09163758 1.36692e-06
1747826337.491 114.836 0.09167017 1.33477e-06
1747826337.501 114.899 0.09173535 1.24828e-06
1747826337.511 114.963 0.09178098 1.07337e-06
1747826337.521 115.026 0.09181077 9.14059e-07
1747826337.530 115.090 0.09184057 7.69228e-07
1747826337.540 115.154 0.09188526 7.94803e-07
1747826337.550 115.217 0.09192158 7.85006e-07
1747826337.560 115.280 0.09195045 7.75278e-07
1747826337.570 115.344 0.09201097 7.02174e-07
1747826337.580 115.407 0.09204355 6.52552e-07
1747826337.590 115.470 0.09207615 6.38688e-07
1747826337.600 115.534 0.09212177 6.72663e-07
1747826337.610 115.597 0.09215530 5.80628e-07
1747826337.620 115.660 0.09217485 5.69127e-07
1747826337.630 115.723 0.09222140 5.73360e-07
1747826337.640 115.787 0.09228286 5.90756e-07
1747826337.650 115.850 0.09231359 8.90394e-07
1747826337.660 115.913 0.09235735 7.28129e-07
1747826337.670 115.976 0.09240298 7.61772e-07
1747826337.680 116.039 0.09244488 7.04996e-07
1747826337.690 116.102 0.09249702 7.27904e-07
1747826337.700 116.165 0.09255754 7.76016e-07
1747826337.710 116.228 0.09262272 6.87877e-07
1747826337.720 116.291 0.09266276 7.18089e-07
1747826337.730 116.353 0.09270838 6.66795e-07
1747826337.740 116.416 0.09276239 6.85509e-07
1747826337.750 116.479 0.09282385 7.54530e-07
1747826337.760 116.542 0.09285830 6.99568e-07
1747826337.770 116.604 0.09291510 7.35798e-07
1747826337.780 116.667 0.09298773 7.55552e-07
1747826337.790 116.730 0.09304453 7.39603e-07
1747826337.800 116.792 0.09309946 8.17442e-07
1747826337.810 116.855 0.09316464 7.57437e-07
1747826337.820 116.918 0.09320375 7.52673e-07
1747826337.830 116.980 0.09325776 6.85284e-07
1747826337.840 117.043 0.09331362 7.03827e-07
1747826337.850 117.105 0.09337229 7.30375e-07
1747826337.860 117.167 0.09343653 6.06247e-07
1747826337.870 117.230 0.09349799 6.24724e-07
1747826337.880 117.292 0.09352592 5.45679e-07
1747826337.890 117.354 0.09359948 5.20447e-07
1747826337.900 117.417 0.09363114 5.31793e-07
1747826337.910 117.479 0.09368608 3.79693e-07
1747826337.956 117.541 0.09394680 2.94187e-07
1747826337.963 117.603 0.09398497 3.40398e-07
1747826337.971 117.665 0.09398497 3.14514e-07
1747826337.980 117.728 0.09404550 2.74111e-07
1747826337.990 117.790 0.09409671 2.65651e-07
1747826338.000 117.852 0.09413489 3.07506e-07
1747826338.010 117.914 0.09417120 2.32179e-07
1747826338.020 117.976 0.09424196 2.69244e-07
1747826338.030 118.038 0.09429225 2.23528e-07
1747826338.040 118.100 0.09430435 2.16472e-07
1747826338.050 118.161 0.09436395 2.75443e-07
1747826338.060 118.223 0.09442261 1.93229e-07
1747826338.070 118.285 0.09446450 2.08853e-07
1747826338.082 118.347 0.09451479 2.28721e-07
1747826338.090 118.409 0.09451479 1.44168e-07
1747826338.100 118.470 0.09456321 2.09567e-07
1747826338.110 118.532 0.09460697 1.46380e-07
1747826338.120 118.594 0.09462280 1.97621e-07
1747826338.130 118.655 0.09466284 1.67092e-07
1747826338.140 118.717 0.09470660 1.39735e-07
1747826338.150 118.778 0.09472802 1.83078e-07
1747826338.160 118.840 0.09477737 1.30146e-07
1747826338.170 118.902 0.09481741 1.78535e-07
1747826338.180 118.963 0.09485651 1.62419e-07
1747826338.190 119.024 0.09488817 1.81020e-07
1747826338.201 119.086 0.09496546 1.74061e-07
1747826338.210 119.147 0.09496546 1.56043e-07
1747826338.220 119.209 0.09502412 1.71566e-07
1747826338.230 119.270 0.09506974 1.97988e-07
1747826338.240 119.331 0.09511164 1.83322e-07
1747826338.250 119.392 0.09517124 2.08701e-07
1747826338.260 119.454 0.09522710 1.37287e-07
1747826338.270 119.515 0.09528297 1.79942e-07
1747826338.280 119.576 0.09533232 1.55195e-07
1747826338.290 119.637 0.09538540 1.97542e-07
1747826338.300 119.698 0.09543009 1.77674e-07
1747826338.310 119.759 0.09549248 1.57243e-07
1747826338.320 119.820 0.09552693 1.78154e-07
1747826338.330 119.881 0.09555859 1.67262e-07
1747826338.340 119.942 0.09564146 1.95064e-07
1747826338.350 120.003 0.09568802 1.86151e-07
1747826338.360 120.064 0.09574668 1.93043e-07
1747826338.370 120.125 0.09579696 2.03712e-07
1747826338.382 120.186 0.09591522 1.83017e-07
1747826338.390 120.247 0.09591522 1.50044e-07
1747826338.401 120.307 0.09602509 2.30869e-07
1747826338.410 120.368 0.09602509 1.78981e-07
1747826338.420 120.429 0.09608096 1.96313e-07
1747826338.430 120.489 0.09612285 1.81935e-07
1747826338.440 120.550 0.09616941 2.04740e-07
1747826338.450 120.611 0.09621783 1.98538e-07
1747826338.460 120.671 0.09626346 1.37940e-07
1747826338.509 120.732 0.09651021 1.97838e-07
1747826338.517 120.792 0.09656422 3.67398e-07
1747826338.522 120.853 0.09659867 3.18326e-07
1747826338.530 120.913 0.09659867 4.56156e-07
1747826338.540 120.974 0.09666106 3.85125e-07
1747826338.550 121.034 0.09670016 4.43361e-07
1747826338.560 121.095 0.09672623 5.03425e-07
1747826338.570 121.155 0.09679141 6.72402e-07
1747826338.580 121.215 0.09683704 7.03417e-07
1747826338.590 121.276 0.09687987 1.03447e-06
1747826338.600 121.336 0.09691618 1.19593e-06
1747826338.610 121.396 0.09693388 1.22277e-06
1747826338.620 121.456 0.09697671 1.47322e-06
1747826338.630 121.516 0.09702978 1.73265e-06
1747826338.640 121.577 0.09707634 1.70516e-06
1747826338.650 121.637 0.09710986 1.96641e-06
1747826338.660 121.697 0.09716293 1.92624e-06
1747826338.670 121.757 0.09717876 1.94002e-06
1747826338.680 121.817 0.09721974 2.27482e-06
1747826338.690 121.877 0.09726536 2.37169e-06
1747826338.700 121.937 0.09728677 2.45025e-06
1747826338.710 121.997 0.09733799 2.54009e-06
1747826338.720 122.057 0.09736965 3.27211e-06
1747826338.730 122.117 0.09740596 2.79300e-06
1747826338.740 122.176 0.09746462 3.09986e-06
1747826338.750 122.236 0.09749535 3.30631e-06
1747826338.760 122.296 0.09754656 3.17909e-06
1747826338.770 122.356 0.09759871 2.92712e-06
1747826338.780 122.416 0.09763595 3.55122e-06
1747826338.790 122.475 0.09768530 3.36707e-06
1747826338.800 122.535 0.09771789 3.31039e-06
1747826338.810 122.595 0.09774303 3.30139e-06
1747826338.820 122.654 0.09781287 3.38315e-06
1747826338.830 122.714 0.09786408 3.50244e-06
1747826338.840 122.773 0.09792088 3.50258e-06
1747826338.850 122.833 0.09797861 3.64925e-06
1747826338.860 122.892 0.09801120 3.83111e-06
1747826338.870 122.952 0.09806334 3.75806e-06
1747826338.880 123.011 0.09811642 3.61203e-06
1747826338.890 123.071 0.09816297 3.66785e-06
1747826338.900 123.130 0.09821698 3.98003e-06
1747826338.910 123.189 0.09826074 3.89417e-06
1747826338.920 123.249 0.09831195 3.95115e-06
1747826338.930 123.308 0.09838272 4.02143e-06
1747826338.940 123.367 0.09843673 3.98931e-06
1747826338.950 123.427 0.09850470 4.07332e-06
1747826338.960 123.486 0.09853542 4.18831e-06
1747826338.970 123.545 0.09859409 3.94704e-06
1747826338.980 123.604 0.09864995 4.25735e-06
1747826338.990 123.663 0.09867324 4.36334e-06
1747826339.000 123.722 0.09871513 4.01912e-06
1747826339.010 123.781 0.09877566 3.88247e-06
1747826339.038 123.840 0.09894047 3.85535e-06
1747826339.064 123.900 0.09907176 3.10617e-06
1747826339.070 123.958 0.09912297 2.87624e-06
1747826339.080 124.017 0.09912297 3.07961e-06
1747826339.090 124.076 0.09916022 3.12278e-06
1747826339.100 124.135 0.09919374 3.22178e-06
1747826339.110 124.194 0.09925985 2.78956e-06
1747826339.120 124.253 0.09931293 3.04236e-06
1747826339.130 124.312 0.09935482 2.93295e-06
1747826339.140 124.371 0.09937531 2.63190e-06
1747826339.150 124.429 0.09944049 2.69859e-06
1747826339.160 124.488 0.09948518 2.34298e-06
1747826339.170 124.547 0.09952056 2.23626e-06
1747826339.180 124.606 0.09956247 2.17358e-06
1747826339.190 124.664 0.09959226 2.08327e-06
1747826339.200 124.723 0.09962951 2.02574e-06
1747826339.210 124.781 0.09966396 1.87910e-06
1747826339.220 124.840 0.09969096 1.85984e-06
1747826339.230 124.899 0.09973473 1.79310e-06
1747826339.240 124.957 0.09977104 1.89614e-06
1747826339.250 125.016 0.09980177 1.84245e-06
1747826339.260 125.074 0.09982225 1.56405e-06
1747826339.269 125.132 0.09987905 1.71116e-06
1747826339.280 125.191 0.09991630 1.55033e-06
1747826339.289 125.249 0.09993399 1.54269e-06
1747826339.299 125.308 0.09996844 1.57070e-06
1747826339.309 125.366 0.10001779 1.44848e-06
1747826339.319 125.424 0.10006435 1.44132e-06
1747826339.329 125.482 0.10010904 1.47399e-06
1747826339.339 125.541 0.10016491 1.42779e-06
1747826339.349 125.599 0.10022171 1.40398e-06
1747826339.359 125.657 0.10025058 1.36401e-06
1747826339.369 125.715 0.10027106 1.36888e-06
1747826339.379 125.773 0.10033903 1.44765e-06
1747826339.389 125.832 0.10038279 1.52309e-06
1747826339.399 125.890 0.10042562 1.53510e-06
1747826339.409 125.948 0.10048336 1.49147e-06
1747826339.419 126.006 0.10054854 1.63038e-06
1747826339.429 126.064 0.10059137 1.73965e-06
1747826339.439 126.122 0.10062954 1.58448e-06
1747826339.449 126.180 0.10068635 1.63336e-06
1747826339.459 126.238 0.10074221 1.52611e-06
1747826339.469 126.295 0.10079063 1.68078e-06
1747826339.479 126.353 0.10084184 1.48426e-06
1747826339.489 126.411 0.10089027 1.73997e-06
1747826339.499 126.469 0.10094427 1.79910e-06
1747826339.509 126.527 0.10099548 1.71883e-06
1747826339.519 126.585 0.10104669 1.86162e-06
1747826339.529 126.642 0.10109138 1.65064e-06
1747826339.539 126.700 0.10113609 1.62699e-06
1747826339.549 126.758 0.10118637 1.57409e-06
1747826339.559 126.815 0.10121988 1.34436e-06
1747826339.590 126.873 0.10143591 1.40648e-06
1747826339.600 126.931 0.10145919 1.23557e-06
1747826339.610 126.988 0.10145919 1.06111e-06
1747826339.620 127.046 0.10150853 9.90699e-07
1747826339.629 127.103 0.10157465 1.14898e-06
1747826339.639 127.161 0.10162865 1.09351e-06
1747826339.649 127.218 0.10165193 9.22789e-07
1747826339.659 127.276 0.10168824 8.22534e-07
1747826339.669 127.333 0.10173945 7.56079e-07
1747826339.679 127.390 0.10178509 7.18175e-07
1747826339.689 127.448 0.10180557 8.10182e-07
1747826339.699 127.505 0.10184095 7.53608e-07
1747826339.709 127.562 0.10188006 6.26637e-07
1747826339.719 127.620 0.10194803 6.67202e-07
1747826339.729 127.677 0.10198994 6.11010e-07
1747826339.739 127.734 0.10202997 6.08791e-07
1747826339.749 127.792 0.10204860 6.43823e-07
1747826339.759 127.849 0.10209515 4.82837e-07
1747826339.769 127.906 0.10213519 5.11625e-07
1747826339.779 127.963 0.10218734 4.75330e-07
1747826339.789 128.020 0.10221434 4.84270e-07
1747826339.799 128.077 0.10225438 6.01694e-07
1747826339.809 128.134 0.10232514 4.31335e-07
1747826339.819 128.191 0.10234376 4.95639e-07
1747826339.829 128.248 0.10236890 4.13237e-07
1747826339.839 128.305 0.10241266 4.35852e-07
1747826339.849 128.362 0.10248157 2.92032e-07
1747826339.859 128.419 0.10250392 1.95410e-07
1747826339.869 128.476 0.10252720 1.90245e-07
1747826339.879 128.533 0.10259889 2.09868e-07
1747826339.889 128.590 0.10264359 1.50486e-07
1747826339.899 128.647 0.10267432 3.17633e-07
1747826339.909 128.704 0.10272739 2.86190e-07
1747826339.919 128.760 0.10277209 3.26136e-07
1747826339.929 128.817 0.10280002 2.92560e-07
1747826339.939 128.874 0.10285681 2.73223e-07
1747826339.949 128.931 0.10290059 3.17183e-07
1747826339.961 128.987 0.10301139 3.19804e-07
1747826339.969 129.044 0.10301139 3.02236e-07
1747826339.979 129.101 0.10307285 2.79180e-07
1747826339.989 129.157 0.10311661 3.91055e-07
1747826339.999 129.214 0.10316037 4.40939e-07
1747826340.009 129.270 0.10320786 1.03516e-06
1747826340.019 129.327 0.10327303 2.07979e-06
1747826340.029 129.383 0.10328234 3.06422e-06
1747826340.039 129.440 0.10332239 3.11775e-06
1747826340.049 129.496 0.10340526 3.62567e-06
1747826340.059 129.553 0.10344716 4.84589e-06
1747826340.069 129.609 0.10350024 6.64503e-06
1747826340.079 129.666 0.10355797 8.03629e-06
1747826340.089 129.722 0.10358218 1.10091e-05
1747826340.099 129.778 0.10363525 1.45291e-05
1747826340.152 129.835 0.10389131 2.66009e-05
1747826340.159 129.891 0.10389131 2.92967e-05
1747826340.169 129.947 0.10396115 3.03155e-05
1747826340.179 130.003 0.10401143 3.15092e-05
1747826340.189 130.060 0.10405053 3.52253e-05
1747826340.199 130.116 0.10407567 3.74610e-05
1747826340.209 130.172 0.10414644 4.08163e-05
1747826340.219 130.228 0.10417531 4.03195e-05
1747826340.229 130.284 0.10420604 6.32224e-05
1747826340.239 130.340 0.10426004 6.67667e-05
1747826340.249 130.396 0.10428797 6.87988e-05
1747826340.259 130.452 0.10433546 6.83819e-05
1747826340.269 130.508 0.10437551 5.21155e-05
1747826340.279 130.564 0.10439692 5.56403e-05
1747826340.289 130.620 0.10443137 5.90920e-05
1747826340.299 130.676 0.10443882 5.75751e-05
1747826340.309 130.732 0.10448072 4.93232e-05
1747826340.319 130.788 0.10453379 5.31939e-05
1747826340.329 130.844 0.10454496 6.09966e-05
1747826340.339 130.900 0.10456079 5.55350e-05
1747826340.349 130.956 0.10460829 5.18574e-05
1747826340.359 131.012 0.10463343 6.10179e-05
1747826340.369 131.067 0.10468929 6.49796e-05
1747826340.379 131.123 0.10470885 5.89358e-05
1747826340.389 131.179 0.10474516 5.85629e-05
1747826340.399 131.235 0.10479451 6.14033e-05
1747826340.409 131.290 0.10481035 6.84946e-05
1747826340.419 131.346 0.10485131 6.04992e-05
1747826340.429 131.402 0.10488670 6.09620e-05
1747826340.439 131.457 0.10494535 6.06592e-05
1747826340.449 131.513 0.10499005 6.13911e-05
1747826340.459 131.568 0.10503196 7.52593e-05
1747826340.469 131.624 0.10507758 7.10582e-05
1747826340.479 131.680 0.10510737 7.24429e-05
1747826340.489 131.735 0.10516231 7.09331e-05
1747826340.499 131.791 0.10521445 7.22292e-05
1747826340.509 131.846 0.10525542 6.99805e-05
1747826340.519 131.901 0.10529360 6.68645e-05
1747826340.529 131.957 0.10536809 6.59805e-05
1747826340.539 132.012 0.10542116 6.62101e-05
1747826340.549 132.068 0.10547051 7.53461e-05
1747826340.559 132.123 0.10549566 7.22001e-05
1747826340.569 132.178 0.10555339 7.12957e-05
1747826340.579 132.234 0.10561856 6.57635e-05
1747826340.589 132.289 0.10565860 6.25951e-05
1747826340.599 132.344 0.10570982 5.76064e-05
1747826340.609 132.399 0.10573310 5.32535e-05
1747826340.619 132.454 0.10577965 5.16312e-05
1747826340.629 132.510 0.10583459 4.97276e-05
1747826340.639 132.565 0.10590069 4.78081e-05
1747826340.649 132.620 0.10595378 4.47612e-05
1747826340.659 132.675 0.10600126 5.47175e-05
1747826340.703 132.730 0.10619960 4.51685e-05
1747826340.709 132.785 0.10623963 3.19710e-05
1747826340.719 132.840 0.10623963 3.21392e-05
1747826340.729 132.895 0.10628246 3.12791e-05
1747826340.739 132.950 0.10634298 2.85732e-05
1747826340.749 133.005 0.10638210 2.70552e-05
1747826340.759 133.060 0.10642307 2.73844e-05
1747826340.769 133.115 0.10644448 2.94833e-05
1747826340.779 133.170 0.10650500 3.26007e-05
1747826340.789 133.225 0.10655063 2.69228e-05
1747826340.799 133.280 0.10658509 2.55474e-05
1747826340.809 133.335 0.10661768 2.40215e-05
1747826340.819 133.389 0.10665492 1.98182e-05
1747826340.829 133.444 0.10667913 2.16587e-05
1747826340.839 133.499 0.10670240 1.99655e-05
1747826340.849 133.554 0.10673872 1.82787e-05
1747826340.859 133.608 0.10678807 1.71547e-05
1747826340.869 133.663 0.10682439 1.83493e-05
1747826340.879 133.718 0.10684953 1.70585e-05
1747826340.889 133.773 0.10689236 1.57198e-05
1747826340.899 133.827 0.10691470 1.55664e-05
1747826340.909 133.882 0.10694077 1.56627e-05
1747826340.919 133.936 0.10699478 1.54178e-05
1747826340.929 133.991 0.10703669 2.31082e-05
1747826340.939 134.045 0.10707579 2.41948e-05
1747826340.949 134.100 0.10710931 2.45830e-05
1747826340.959 134.154 0.10714097 2.29947e-05
1747826340.969 134.209 0.10715773 2.15001e-05
1747826340.979 134.263 0.10721266 1.96293e-05
1747826340.989 134.318 0.10726295 1.53287e-05
1747826340.999 134.372 0.10729461 1.29713e-05
1747826341.009 134.427 0.10734116 1.47418e-05
1747826341.019 134.481 0.10738399 1.43842e-05
1747826341.029 134.535 0.10740913 1.27267e-05
1747826341.039 134.590 0.10747060 1.35537e-05
1747826341.048 134.644 0.10751436 1.38060e-05
1747826341.058 134.698 0.10756929 1.23329e-05
1747826341.069 134.753 0.10763261 1.11943e-05
1747826341.078 134.807 0.10768476 1.13653e-05
1747826341.088 134.861 0.10771362 1.16628e-05
1747826341.098 134.915 0.10777042 1.29925e-05
1747826341.108 134.969 0.10780859 1.31755e-05
1747826341.118 135.024 0.10786446 1.50075e-05
1747826341.128 135.078 0.10790730 1.40859e-05
1747826341.138 135.132 0.10795385 1.41784e-05
1747826341.148 135.186 0.10800879 1.24232e-05
1747826341.158 135.240 0.10806558 1.32214e-05
1747826341.168 135.294 0.10809724 1.19305e-05
1747826341.178 135.348 0.10812891 1.11853e-05
1747826341.188 135.402 0.10817732 1.28924e-05
1747826341.198 135.456 0.10823226 1.03113e-05
1747826341.208 135.510 0.10829371 2.51644e-05
1747826341.255 135.564 0.10847528 2.14484e-05
1747826341.263 135.618 0.10852836 1.27207e-05
1747826341.268 135.672 0.10852836 1.20114e-05
1747826341.278 135.726 0.10858889 1.19907e-05
1747826341.288 135.779 0.10861123 1.05945e-05
1747826341.298 135.833 0.10864941 9.28967e-06
1747826341.308 135.887 0.10869131 9.42185e-06
1747826341.318 135.941 0.10875276 8.16175e-06
1747826341.328 135.995 0.10878814 7.36539e-06
1747826341.338 136.048 0.10882074 7.85606e-06
1747826341.348 136.102 0.10887567 6.54436e-06
1747826341.358 136.156 0.10891944 6.69990e-06
1747826341.368 136.209 0.10894923 5.75822e-06
1747826341.378 136.263 0.10897065 5.40871e-06
1747826341.388 136.317 0.10899951 6.61897e-06
1747826341.398 136.370 0.10904049 8.88520e-06
1747826341.408 136.424 0.10908983 8.61415e-06
1747826341.418 136.478 0.10908518 8.31709e-06
1747826341.428 136.531 0.10911311 7.81533e-06
1747826341.438 136.585 0.10914291 5.08100e-06
1747826341.448 136.638 0.10917922 4.88682e-06
1747826341.458 136.692 0.10922577 5.10654e-06
1747826341.468 136.745 0.10926861 4.16550e-06
1747826341.478 136.799 0.10929748 4.06252e-06
1747826341.488 136.852 0.10931796 3.94287e-06
1747826341.498 136.905 0.10935334 3.75138e-06
1747826341.508 136.959 0.10939524 3.95403e-06
1747826341.518 137.012 0.10944833 3.69308e-06
1747826341.528 137.065 0.10947345 3.37587e-06
1747826341.538 137.119 0.10952561 3.37448e-06
1747826341.548 137.172 0.10958520 3.93560e-06
1747826341.558 137.225 0.10959078 3.48493e-06
1747826341.568 137.279 0.10964385 4.15361e-06
1747826341.578 137.332 0.10970345 3.94058e-06
1747826341.588 137.385 0.10973511 2.80419e-06
1747826341.598 137.438 0.10977887 2.64574e-06
1747826341.608 137.491 0.10985057 2.72274e-06
1747826341.618 137.545 0.10987850 2.89605e-06
1747826341.628 137.598 0.10991389 3.71740e-06
1747826341.638 137.651 0.10996324 2.95018e-06
1747826341.648 137.704 0.10999862 3.27067e-06
1747826341.658 137.757 0.11006007 2.67187e-06
1747826341.668 137.810 0.11011595 2.87390e-06
1747826341.678 137.863 0.11015319 2.47178e-06
1747826341.688 137.916 0.11020720 2.46847e-06
1747826341.698 137.969 0.11025189 2.34131e-06
1747826341.708 138.022 0.11029565 2.35290e-06
1747826341.718 138.075 0.11034687 2.26657e-06
1747826341.728 138.128 0.11039529 2.38567e-06
1747826341.738 138.181 0.11043346 2.82288e-06
1747826341.784 138.234 0.11066624 1.92712e-06
1747826341.790 138.287 0.11071001 1.92728e-06
1747826341.798 138.340 0.11071001 1.73142e-06
1747826341.808 138.392 0.11073980 2.06619e-06
1747826341.818 138.445 0.11078078 2.24226e-06
1747826341.828 138.498 0.11082640 2.07012e-06
1747826341.838 138.551 0.11085992 2.12840e-06
1747826341.848 138.604 0.11090927 2.19649e-06
1747826341.858 138.656 0.11093627 1.68475e-06
1747826341.868 138.709 0.11097724 1.93736e-06
1747826341.878 138.762 0.11102660 2.23409e-06
1747826341.888 138.814 0.11106663 1.93370e-06
1747826341.898 138.867 0.11107781 1.99514e-06
1747826341.908 138.920 0.11114578 1.70643e-06
1747826341.918 138.972 0.11117557 1.51701e-06
1747826341.928 139.025 0.11119606 1.49041e-06
1747826341.938 139.077 0.11124634 1.59238e-06
1747826341.948 139.130 0.11125472 1.67615e-06
