1789953592.784 31.726 0.03410000 1.26562e-06
1789953592.790 31.871 0.03410000 1.26788e-06
1789953592.800 32.016 0.03407486 1.26420e-06
1789953592.810 32.160 0.03405810 1.37542e-06
1789953592.820 32.304 0.03406276 1.43853e-06
1789953592.830 32.447 0.03404693 1.50334e-06
1789953592.840 32.589 0.03406462 1.55032e-06
1789953592.850 32.731 0.03404506 1.57353e-06
1789953592.860 32.872 0.03405065 1.64145e-06
1789953592.870 33.013 0.03403855 1.66861e-06
1789953592.880 33.152 0.03403761 1.78153e-06
1789953592.890 33.292 0.03402458 1.80163e-06
1789953592.900 33.430 0.03404227 1.82031e-06
1789953592.910 33.569 0.03405717 1.82342e-06
1789953592.919 33.706 0.03407672 1.81917e-06
1789953592.929 33.843 0.03408883 1.80531e-06
1789953592.939 33.980 0.03411210 1.74135e-06
1789953592.949 34.116 0.03414749 1.65701e-06
1789953592.959 34.251 0.03419591 1.63947e-06
1789953592.969 34.386 0.03426109 1.47532e-06
1789953592.979 34.520 0.03432720 1.24892e-06
1789953592.989 34.654 0.03440355 1.09497e-06
1789953592.999 34.787 0.03448270 7.70079e-07
1789953593.009 34.920 0.03458512 5.42261e-07
1789953593.019 35.053 0.03468475 3.89439e-07
1789953593.029 35.184 0.03481604 2.13411e-07
1789953593.039 35.316 0.03494174 8.06825e-08
1789953593.049 35.446 0.03509631 1.07807e-08
1789953593.059 35.577 0.03523878 2.43648e-08
1789953593.069 35.707 0.03539707 6.25262e-09
1789953593.079 35.836 0.03556933 1.95538e-08
1789953593.089 35.965 0.03571552 1.41767e-08
1789953593.099 36.093 0.03585426 8.23364e-09
1789953593.109 36.221 0.03603490 2.66289e-08
1789953593.119 36.349 0.03620064 1.04977e-08
1789953593.129 36.476 0.03633752 2.23838e-08
1789953593.139 36.603 0.03648650 1.41767e-08
1789953593.149 36.729 0.03665038 7.38463e-09
1789953593.159 36.855 0.03682264 2.29498e-08
1789953593.169 36.980 0.03695672 5.40361e-09
1789953593.179 37.105 0.03710105 1.78558e-08
1789953593.189 37.230 0.03724630 1.10637e-08
1789953593.199 37.354 0.03740366 3.13958e-09
1789953593.209 37.477 0.03750609 1.98368e-08
1789953593.219 37.601 0.03762621 1.15855e-09
1789953593.229 37.724 0.03774353 1.50257e-08
1789953593.239 37.846 0.03788786 8.51665e-09
1789953593.249 37.968 0.03801356 8.75549e-10
1789953593.259 38.090 0.03810853 1.75728e-08
1789953593.269 38.211 0.03820444 2.00756e-09
1789953593.279 38.332 0.03831432 1.38937e-08
1789953593.289 38.453 0.03839253 9.36566e-09
1789953593.299 38.573 0.03849868 3.13958e-09
1789953593.309 38.693 0.03861600 1.81388e-08
1789953593.319 38.812 0.03870353 2.85657e-09
1789953593.329 38.931 0.03877616 1.50257e-08
1789953593.339 39.050 0.03886089 8.79965e-09
1789953593.349 39.168 0.03894190 2.57357e-09
1789953593.359 39.286 0.03905643 1.78558e-08
1789953593.369 39.404 0.03914116 2.29057e-09
1789953593.379 39.521 0.03921379 1.55917e-08
1789953593.389 39.638 0.03931901 7.66763e-09
1789953593.399 39.755 0.03941119 2.29057e-09
1789953593.409 39.871 0.03950989 1.78558e-08
1789953593.419 39.987 0.03960859 2.00756e-09
1789953593.429 40.102 0.03971102 1.55917e-08
1789953593.439 40.218 0.03981996 9.08265e-09
1789953593.449 40.333 0.03992518 3.13958e-09
1789953593.459 40.447 0.04002760 1.87048e-08
1789953593.469 40.561 0.04011327 3.13958e-09
1789953593.479 40.675 0.04023059 1.55917e-08
1789953593.489 40.789 0.04033488 8.23364e-09
1789953593.499 40.902 0.04045965 2.57357e-09
1789953593.509 41.015 0.04057883 1.95538e-08
1789953593.519 41.128 0.04067567 2.57357e-09
1789953593.529 41.240 0.04079299 1.58747e-08
1789953593.539 41.353 0.04091590 8.79965e-09
1789953593.549 41.464 0.04101460 3.42258e-09
1789953593.559 41.576 0.04113193 1.95538e-08
1789953593.569 41.687 0.04125856 2.29057e-09
1789953593.579 41.798 0.04137775 1.53087e-08
1789953593.589 41.908 0.04149134 8.51665e-09
1789953593.599 42.019 0.04159004 4.27159e-09
1789953593.609 42.129 0.04169713 1.92708e-08
1789953593.619 42.238 0.04180048 1.72456e-09
1789953593.629 42.348 0.04191874 1.53087e-08
1789953593.639 42.457 0.04203233 9.08265e-09
1789953593.649 42.566 0.04211986 4.55460e-09
1789953593.659 42.674 0.04222229 1.95538e-08
1789953593.669 42.783 0.04232937 2.29057e-09
1789953593.679 42.891 0.04242807 1.55917e-08
1789953593.689 42.999 0.04253421 7.38463e-09
1789953593.699 43.106 0.04264502 3.98859e-09
1789953593.709 43.213 0.04273906 1.92708e-08
1789953593.719 43.320 0.04284801 2.57357e-09
1789953593.729 43.427 0.04292808 1.55917e-08
1789953593.739 43.534 0.04302306 9.08265e-09
1789953593.749 43.640 0.04312828 4.55460e-09
1789953593.759 43.746 0.04321394 1.98368e-08
1789953593.769 43.851 0.04329775 8.75549e-10
1789953593.779 43.957 0.04339551 1.53087e-08
1789953593.789 44.062 0.04349794 8.23364e-09
1789953593.799 44.167 0.04359105 4.55460e-09
1789953593.809 44.271 0.04368323 1.84218e-08
1789953593.819 44.376 0.04377542 -2.56465e-10
1789953593.829 44.480 0.04388902 1.50257e-08
1789953593.839 44.584 0.04398492 8.23364e-09
1789953593.849 44.688 0.04406779 4.27159e-09
1789953593.859 44.791 0.04416184 1.84218e-08
1789953593.869 44.894 0.04427078 -8.22472e-10
1789953593.879 44.997 0.04436482 1.55917e-08
1789953593.889 45.100 0.04448029 9.08265e-09
1789953593.899 45.203 0.04456036 4.55460e-09
1789953593.909 45.305 0.04465255 2.01198e-08
1789953593.919 45.407 0.04475590 5.92546e-10
1789953593.929 45.509 0.04485367 1.50257e-08
1789953593.939 45.610 0.04495144 9.36566e-09
1789953593.949 45.712 0.04504921 5.40361e-09
1789953593.959 45.813 0.04512370 1.81388e-08
1789953593.969 45.914 0.04523357 3.09543e-10
1789953593.979 46.014 0.04534252 1.55917e-08
1789953593.989 46.115 0.04545239 7.95064e-09
1789953593.999 46.215 0.04556319 3.70558e-09
1789953594.009 46.315 0.04563676 1.84218e-08
1789953594.019 46.415 0.04573080 8.75549e-10
1789953594.029 46.515 0.04582391 1.78558e-08
1789953594.039 46.614 0.04590958 8.79965e-09
1789953594.049 46.713 0.04600083 6.25262e-09
1789953594.059 46.812 0.04608184 1.95538e-08
1789953594.069 46.911 0.04619078 2.57357e-09
1789953594.079 47.010 0.04629600 1.92708e-08
1789953594.089 47.108 0.04638725 1.02147e-08
1789953594.099 47.206 0.04646640 6.81862e-09
1789953594.109 47.304 0.04657627 2.06858e-08
1789953594.119 47.402 0.04666286 1.44156e-09
1789953594.129 47.499 0.04674760 1.75728e-08
1789953594.139 47.597 0.04686027 8.23364e-09
1789953594.149 47.694 0.04695524 3.13958e-09
1789953594.159 47.791 0.04705115 1.58747e-08
1789953594.169 47.887 0.04713216 -4.50152e-09
1789953594.179 47.984 0.04720944 1.27617e-08
1789953594.189 48.080 0.04728952 5.12060e-09
1789953594.199 48.177 0.04739287 2.57357e-09
1789953594.209 48.273 0.04747481 1.70068e-08
1789953594.219 48.368 0.04756048 -2.56465e-10
1789953594.229 48.464 0.04766197 1.67238e-08
1789953594.239 48.559 0.04777743 6.53562e-09
1789953594.249 48.655 0.04786775 3.98859e-09
1789953594.259 48.750 0.04794224 1.58747e-08
1789953594.269 48.844 0.04801301 -8.22472e-10
1789953594.279 48.939 0.04812568 5.94573e-08
1789953594.289 49.034 0.04821693 5.91504e-07
1789953594.299 49.128 0.04829421 2.23830e-06
1789953594.309 49.222 0.04836591 5.76368e-06
1789953594.319 49.316 0.04845716 1.20495e-05
1789953594.329 49.410 0.04854469 1.76280e-05
1789953594.339 49.503 0.04863780 2.01609e-05
1789953594.349 49.597 0.04872067 1.74506e-05
1789953594.359 49.690 0.04881285 1.28079e-05
1789953594.369 49.783 0.04892366 8.48730e-06
1789953594.379 49.876 0.04899722 5.35474e-06
1789953594.389 49.969 0.04910989 3.54606e-06
1789953594.399 50.061 0.04921324 2.37131e-06
1789953594.409 50.153 0.04927749 1.65418e-06
1789953594.419 50.246 0.04937991 8.82432e-07
1789953594.429 50.338 0.04946465 6.44143e-07
1789953594.439 50.430 0.04952796 3.02274e-07
1789953594.449 50.521 0.04962667 9.87948e-08
1789953594.459 50.613 0.04970954 4.30431e-08
1789953594.469 50.704 0.04978775 1.38937e-08
1789953594.479 50.795 0.04987248 2.66289e-08
1789953594.489 50.886 0.04996746 1.50257e-08
1789953594.499 50.977 0.05006709 1.24787e-08
1789953594.509 51.068 0.05013041 2.32328e-08
1789953594.519 51.159 0.05022538 3.13958e-09
1789953594.529 51.249 0.05032129 1.75728e-08
1789953594.539 51.339 0.05039485 2.00756e-09
1789953594.549 51.429 0.05046468 -6.19954e-09
1789953594.559 51.519 0.05055407 1.24787e-08
1789953594.569 51.609 0.05066302 3.42258e-09
1789953594.579 51.699 0.05072447 2.32328e-08
1789953594.589 51.788 0.05083621 1.47427e-08
1789953594.599 51.877 0.05093119 1.30447e-08
1789953594.609 51.966 0.05100567 2.60629e-08
1789953594.619 52.055 0.05107458 1.41767e-08
1789953594.629 52.144 0.05115838 4.16281e-08
1789953594.639 52.233 0.05123566 4.10620e-08
1789953594.649 52.321 0.05135019 5.97403e-08
1789953594.659 52.410 0.05144145 3.29726e-07
1789953594.669 52.498 0.05151687 4.53516e-06
1789953594.679 52.586 0.05159229 1.22648e-05
1789953594.688 52.674 0.05167237 2.74256e-05
1789953594.698 52.762 0.05174965 4.88215e-05
1789953594.708 52.850 0.05184183 7.37615e-05
1789953594.718 52.937 0.05194240 1.04081e-04
1789953594.728 53.024 0.05200851 1.11816e-04
1789953594.738 53.112 0.05208207 1.01455e-04
1789953594.748 53.199 0.05217146 7.37374e-05
1789953594.758 53.286 0.05225525 4.37139e-05
1789953594.768 53.372 0.05232602 2.72018e-05
1789953594.778 53.459 0.05238562 1.73498e-05
1789953594.788 53.546 0.05246848 1.19764e-05
1789953594.798 53.632 0.05255415 8.19637e-06
1789953594.808 53.718 0.05264726 6.28978e-06
1789953594.818 53.804 0.05273759 3.71501e-06
1789953594.828 53.890 0.05282139 2.09963e-06
1789953594.838 53.976 0.05291543 1.16091e-06
1789953594.848 54.062 0.05297968 6.24898e-07
1789953594.858 54.147 0.05305324 4.04156e-07
1789953594.868 54.233 0.05311842 3.20952e-07
1789953594.878 54.318 0.05321898 3.30292e-07
1789953594.888 54.403 0.05332699 3.01991e-07
1789953594.898 54.488 0.05340521 2.76804e-07
1789953594.908 54.573 0.05345922 2.40579e-07
1789953594.918 54.658 0.05356164 2.02091e-07
1789953594.928 54.742 0.05365196 2.10581e-07
1789953594.938 54.827 0.05371714 2.15392e-07
1789953594.948 54.911 0.05378604 2.64352e-07
1789953594.958 54.995 0.05386519 2.75672e-07
1789953594.968 55.079 0.05393875 2.85577e-07
1789953594.978 55.163 0.05403466 2.67182e-07
1789953594.988 55.247 0.05413429 2.58692e-07
1789953594.998 55.331 0.05421529 3.05387e-07
1789953595.008 55.415 0.05426837 3.35669e-07
1789953595.018 55.498 0.05435031 3.28877e-07
1789953595.028 55.581 0.05442387 3.55196e-07
1789953595.038 55.665 0.05451419 2.80766e-07
1789953595.048 55.748 0.05459241 1.57943e-07
1789953595.058 55.831 0.05467620 1.59641e-07
1789953595.068 55.913 0.05475815 1.74074e-07
1789953595.078 55.996 0.05484567 2.16807e-07
1789953595.088 56.079 0.05490806 2.40863e-07
1789953595.098 56.161 0.05496113 2.74540e-07
1789953595.108 56.244 0.05503935 3.38782e-07
1789953595.118 56.326 0.05511198 3.36518e-07
1789953595.128 56.408 0.05521441 3.28877e-07
1789953595.138 56.490 0.05530751 2.75672e-07
1789953595.148 56.572 0.05537921 1.91620e-07
1789953595.158 56.654 0.05544533 3.56328e-07
1789953595.168 56.735 0.05552912 3.21665e-06
1789953595.178 56.817 0.05560827 1.46503e-05
1789953595.188 56.898 0.05566414 4.61520e-05
1789953595.198 56.979 0.05576470 8.35664e-05
1789953595.208 57.061 0.05584571 1.22838e-04
1789953595.218 57.142 0.05591834 1.57994e-04
1789953595.228 57.223 0.05599190 1.91495e-04
1789953595.238 57.303 0.05607291 2.27102e-04
1789953595.248 57.384 0.05617626 2.51168e-04
1789953595.258 57.465 0.05623120 2.36989e-04
1789953595.268 57.545 0.05630662 1.94009e-04
1789953595.278 57.626 0.05639787 1.26281e-04
1789953595.288 57.706 0.05644629 6.91123e-05
1789953595.298 57.786 0.05654220 3.65202e-05
1789953595.308 57.866 0.05659993 2.28452e-05
1789953595.318 57.946 0.05666977 1.48716e-05
1789953595.328 58.026 0.05674332 1.09633e-05
1789953595.338 58.106 0.05683364 7.27067e-06
1789953595.348 58.185 0.05692769 3.31287e-06
1789953595.358 58.265 0.05699566 3.01571e-06
1789953595.368 58.344 0.05708132 1.45551e-06
1789953595.378 58.423 0.05716420 1.76201e-06
1789953595.388 58.502 0.05720517 2.47885e-06
1789953595.398 58.581 0.05728245 2.97553e-06
1789953595.408 58.660 0.05736067 3.73822e-06
1789953595.418 58.739 0.05743702 4.32008e-06
1789953595.428 58.818 0.05749475 4.74713e-06
1789953595.438 58.897 0.05757762 4.83967e-06
1789953595.448 58.975 0.05764932 4.74515e-06
1789953595.458 59.054 0.05772567 4.40809e-06
1789953595.468 59.132 0.05780016 2.76044e-06
1789953595.478 59.210 0.05789141 1.99860e-06
1789953595.488 59.288 0.05797149 1.60352e-06
1789953595.498 59.366 0.05802177 1.43004e-06
1789953595.508 59.444 0.05810464 1.24694e-06
1789953595.518 59.522 0.05818006 1.18892e-06
1789953595.528 59.600 0.05824338 9.02808e-07
1789953595.538 59.677 0.05833091 7.16025e-07
1789953595.548 59.755 0.05842775 3.83496e-07
1789953595.558 59.832 0.05849944 3.20952e-07
1789953595.568 59.910 0.05856462 2.62088e-07
1789953595.578 59.987 0.05862421 2.79351e-07
1789953595.588 60.064 0.05869871 3.04821e-07
1789953595.598 60.141 0.05876016 3.48404e-07
1789953595.608 60.218 0.05883931 3.93684e-07
1789953595.618 60.295 0.05892311 4.12080e-07
1789953595.628 60.371 0.05899388 5.03773e-07
1789953595.638 60.448 0.05907488 6.88291e-07
1789953595.648 60.524 0.05911958 8.71677e-07
1789953595.658 60.601 0.05919966 1.01091e-06
1789953595.668 60.677 0.05927135 1.23732e-06
1789953595.678 60.753 0.05935143 1.47306e-06
1789953595.688 60.830 0.05943058 1.64399e-06
1789953595.698 60.906 0.05951345 1.85483e-06
1789953595.708 60.982 0.05957584 1.93917e-06
1789953595.718 61.057 0.05965126 1.96181e-06
1789953595.728 61.133 0.05970806 1.61541e-06
1789953595.738 61.209 0.05978907 1.17562e-06
1789953595.748 61.284 0.05986449 8.20171e-07
1789953595.758 61.360 0.05994363 6.71028e-07
1789953595.768 61.435 0.06000974 6.45558e-07
1789953595.778 61.511 0.06007306 6.78669e-07
1789953595.788 61.586 0.06015593 7.98380e-07
1789953595.798 61.661 0.06021087 9.37900e-07
1789953595.808 61.736 0.06027046 1.12921e-06
1789953595.818 61.811 0.06038313 1.06412e-06
1789953595.828 61.886 0.06043807 1.00950e-06
1789953595.838 61.960 0.06051721 9.54880e-07
1789953595.848 62.035 0.06057494 8.52716e-07
1789953595.858 62.110 0.06064571 9.74691e-07
1789953595.868 62.184 0.06072672 1.68758e-06
1789953595.878 62.258 0.06079097 2.94213e-06
1789953595.888 62.333 0.06086546 4.66477e-06
1789953595.898 62.407 0.06092039 1.47352e-05
1789953595.908 62.481 0.06100140 3.09838e-05
1789953595.918 62.555 0.06109359 5.04862e-05
1789953595.928 62.629 0.06112990 6.64303e-05
1789953595.938 62.703 0.06121836 8.33415e-05
1789953595.948 62.777 0.06128633 9.92225e-05
1789953595.958 62.850 0.06135523 1.10382e-04
1789953595.968 62.924 0.06142041 1.28985e-04
1789953595.978 62.997 0.06149025 1.45346e-04
1789953595.988 63.071 0.06156474 1.52019e-04
1789953595.998 63.144 0.06164016 1.39590e-04
1789953596.008 63.218 0.06169230 1.16056e-04
1789953596.018 63.291 0.06177611 7.43864e-05
1789953596.028 63.364 0.06184874 3.69543e-05
1789953596.038 63.437 0.06191857 2.12491e-05
1789953596.048 63.510 0.06197909 1.09950e-05
1789953596.058 63.583 0.06204613 7.97054e-06
1789953596.068 63.655 0.06213273 6.20997e-06
1789953596.078 63.728 0.06219791 5.26248e-06
1789953596.088 63.801 0.06225191 4.33592e-06
1789953596.098 63.873 0.06230499 3.76850e-06
1789953596.108 63.945 0.06237669 3.31541e-06
1789953596.118 64.018 0.06247352 2.64441e-06
1789953596.128 64.090 0.06253684 2.21453e-06
1789953596.138 64.162 0.06259271 1.52740e-06
1789953596.148 64.234 0.06266627 1.59135e-06
1789953596.158 64.306 0.06271096 1.57155e-06
1789953596.168 64.378 0.06279104 1.32646e-06
1789953596.178 64.450 0.06289160 1.22317e-06
1789953596.188 64.522 0.06297075 8.81582e-07
1789953596.198 64.594 0.06302382 8.09417e-07
1789953596.208 64.665 0.06307038 6.06503e-07
1789953596.218 64.737 0.06313090 4.57643e-07
1789953596.228 64.808 0.06320726 4.99811e-07
1789953596.238 64.880 0.06329106 5.06320e-07
1789953596.248 64.951 0.06334507 6.59142e-07
1789953596.258 65.022 0.06340652 6.26313e-07
1789953596.268 65.093 0.06348101 7.46590e-07
1789953596.278 65.164 0.06353688 9.13845e-07
1789953596.288 65.235 0.06358716 8.46207e-07
1789953596.298 65.306 0.06368959 9.11015e-07
1789953596.308 65.377 0.06376501 1.16770e-06
1789953596.318 65.448 0.06383019 1.31146e-06
1789953596.328 65.518 0.06387861 1.30580e-06
1789953596.338 65.589 0.06393820 1.46910e-06
1789953596.348 65.660 0.06401176 1.72437e-06
1789953596.358 65.730 0.06409556 2.02124e-06
1789953596.368 65.800 0.06415794 2.49131e-06
1789953596.378 65.871 0.06422592 2.97609e-06
1789953596.388 65.941 0.06429948 3.63096e-06
1789953596.398 66.011 0.06436652 3.83218e-06
1789953596.408 66.081 0.06442053 3.78548e-06
1789953596.418 66.151 0.06449036 3.42465e-06
1789953596.428 66.221 0.06456951 2.84251e-06
1789953596.438 66.291 0.06462352 2.00171e-06
1789953596.447 66.361 0.06467100 1.23704e-06
1789953596.457 66.430 0.06473991 7.96965e-07
1789953596.467 66.500 0.06480881 6.69330e-07
1789953596.477 66.570 0.06489727 7.63287e-07
1789953596.487 66.639 0.06496245 8.05738e-07
1789953596.497 66.709 0.06500993 8.95167e-07
1789953596.507 66.778 0.06506394 9.25165e-07
1789953596.517 66.847 0.06514961 9.50635e-07
1789953596.527 66.916 0.06522782 8.46207e-07
1789953596.537 66.986 0.06527997 7.76305e-07
1789953596.547 67.055 0.06534514 8.42528e-07
1789953596.557 67.124 0.06540753 8.37151e-07
1789953596.567 67.193 0.06546898 8.56112e-07
1789953596.577 67.261 0.06553882 7.59891e-07
1789953596.587 67.330 0.06560586 7.69796e-07
1789953596.597 67.399 0.06566825 7.67815e-07
1789953596.607 67.467 0.06574926 6.35086e-07
1789953596.617 67.536 0.06580140 7.35836e-07
1789953596.627 67.605 0.06586285 5.44242e-07
1789953596.637 67.673 0.06595969 5.84712e-07
1789953596.647 67.741 0.06600159 5.84429e-07
1789953596.657 67.810 0.06607515 6.90838e-07
1789953596.667 67.878 0.06615337 6.04805e-07
1789953596.677 67.946 0.06619713 6.99328e-07
1789953596.687 68.014 0.06625766 4.53115e-07
1789953596.697 68.082 0.06632749 3.21236e-07
1789953596.707 68.150 0.06638429 2.25297e-07
1789953596.717 68.218 0.06648206 1.29925e-07
1789953596.727 68.286 0.06652117 1.12945e-07
1789953596.737 68.353 0.06657611 1.05021e-07
1789953596.747 68.421 0.06664221 1.13511e-07
1789953596.757 68.489 0.06671484 1.52282e-07
1789953596.767 68.556 0.06676885 1.15209e-07
1789953596.777 68.624 0.06683868 1.41811e-07
1789953596.787 68.691 0.06690665 1.69546e-07
1789953596.797 68.759 0.06695601 1.72093e-07
1789953596.807 68.826 0.06702771 2.26146e-07
1789953596.817 68.893 0.06710778 2.35203e-07
1789953596.827 68.960 0.06717110 3.32839e-07
1789953596.837 69.027 0.06723534 4.05005e-07
1789953596.847 69.094 0.06728656 4.27645e-07
1789953596.857 69.161 0.06735919 4.93302e-07
1789953596.867 69.228 0.06740761 4.43493e-07
1789953596.877 69.295 0.06748210 4.94434e-07
1789953596.887 69.362 0.06755007 4.39814e-07
1789953596.897 69.428 0.06759383 4.47455e-07
1789953596.907 69.495 0.06768043 4.66133e-07
1789953596.917 69.562 0.06775026 5.01509e-07
1789953596.927 69.628 0.06781731 6.41029e-07
1789953596.937 69.695 0.06786293 7.96398e-07
1789953596.947 69.761 0.06791880 1.03469e-06
1789953596.957 69.827 0.06798305 1.30156e-06
1789953596.967 69.894 0.06803892 2.16189e-06
1789953596.977 69.960 0.06809851 4.98004e-06
1789953596.987 70.026 0.06818045 8.90615e-06
1789953596.997 70.092 0.06823911 1.31982e-05
1789953597.007 70.158 0.06830336 2.00019e-05
1789953597.017 70.224 0.06838623 2.76616e-05
1789953597.027 70.290 0.06842720 3.88140e-05
1789953597.037 70.356 0.06846631 5.39017e-05
1789953597.047 70.421 0.06856035 7.22239e-05
1789953597.057 70.487 0.06861994 9.99354e-05
1789953597.067 70.553 0.06865812 1.25289e-04
1789953597.077 70.618 0.06872609 1.50025e-04
1789953597.087 70.684 0.06877916 1.60577e-04
1789953597.097 70.749 0.06885831 1.59210e-04
1789953597.107 70.815 0.06893001 1.38570e-04
1789953597.117 70.880 0.06896912 1.21089e-04
1789953597.127 70.945 0.06903709 8.23475e-05
1789953597.137 71.010 0.06911903 5.02187e-05
1789953597.147 71.076 0.06917862 2.33705e-05
1789953597.157 71.141 0.06923729 1.17600e-05
1789953597.167 71.206 0.06931457 7.77640e-06
1789953597.177 71.271 0.06936206 6.54788e-06
1789953597.187 71.336 0.06941699 5.37822e-06
1789953597.197 71.400 0.06948776 4.83231e-06
1789953597.207 71.465 0.06952780 4.31300e-06
1789953597.217 71.530 0.06958181 3.80133e-06
1789953597.227 71.595 0.06965909 3.44588e-06
1789953597.237 71.659 0.06974475 2.99279e-06
1789953597.247 71.724 0.06978852 2.68007e-06
1789953597.257 71.788 0.06985090 2.42339e-06
1789953597.267 71.853 0.06990957 2.08576e-06
1789953597.277 71.917 0.06996822 1.82200e-06
1789953597.287 71.981 0.07002689 1.65560e-06
1789953597.297 72.046 0.07011442 1.50674e-06
1789953597.307 72.110 0.07015818 1.34910e-06
1789953597.317 72.174 0.07022150 1.20251e-06
1789953597.327 72.238 0.07028109 1.12440e-06
1789953597.337 72.302 0.07035092 9.80917e-07
1789953597.347 72.366 0.07039841 9.25448e-07
1789953597.357 72.430 0.07046173 8.43943e-07
1789953597.367 72.494 0.07053622 6.67066e-07
1789953597.377 72.558 0.07056695 6.67349e-07
1789953597.387 72.622 0.07064330 5.62072e-07
1789953597.397 72.685 0.07070568 5.47638e-07
1789953597.407 72.749 0.07075689 5.11131e-07
1789953597.417 72.813 0.07081835 4.67831e-07
1789953597.427 72.876 0.07089750 4.49153e-07
1789953597.437 72.940 0.07093474 4.35569e-07
1789953597.447 73.003 0.07098410 4.00477e-07
1789953597.457 73.066 0.07106882 3.60573e-07
1789953597.467 73.130 0.07112470 3.35952e-07
1789953597.477 73.193 0.07119173 3.51517e-07
1789953597.487 73.256 0.07124574 2.87841e-07
1789953597.497 73.319 0.07131092 3.30858e-07
1789953597.507 73.382 0.07137889 3.14443e-07
1789953597.517 73.445 0.07142265 2.85011e-07
1789953597.527 73.508 0.07149249 3.09915e-07
1789953597.537 73.571 0.07154929 3.00010e-07
1789953597.547 73.634 0.07160143 3.24915e-07
1789953597.557 73.697 0.07167686 3.71893e-07
1789953597.567 73.760 0.07172807 3.85477e-07
1789953597.577 73.823 0.07179139 4.61039e-07
1789953597.587 73.885 0.07186494 4.17174e-07
1789953597.597 73.948 0.07191243 4.21985e-07
1789953597.607 74.010 0.07197668 4.15193e-07
1789953597.617 74.073 0.07203627 3.42744e-07
1789953597.627 74.135 0.07207631 3.40197e-07
1789953597.637 74.198 0.07214056 2.46240e-07
1789953597.647 74.260 0.07219923 2.35486e-07
1789953597.657 74.322 0.07226533 2.08034e-07
1789953597.667 74.385 0.07231562 2.19354e-07
1789953597.677 74.447 0.07238917 2.95482e-07
1789953597.687 74.509 0.07243108 2.88690e-07
1789953597.697 74.571 0.07248229 3.55196e-07
1789953597.707 74.633 0.07253816 3.25198e-07
1789953597.717 74.695 0.07260892 3.09066e-07
1789953597.727 74.757 0.07268993 3.89722e-07
1789953597.737 74.819 0.07274766 3.16708e-07
1789953597.747 74.881 0.07278491 4.01609e-07
1789953597.757 74.943 0.07282588 4.38965e-07
1789953597.767 75.004 0.07288733 4.26513e-07
1789953597.777 75.066 0.07294227 4.56511e-07
1789953597.787 75.128 0.07301583 4.61605e-07
1789953597.797 75.189 0.07308287 4.31041e-07
1789953597.807 75.251 0.07313222 4.19155e-07
1789953597.817 75.312 0.07320671 3.66799e-07
1789953597.827 75.374 0.07325047 3.30292e-07
1789953597.837 75.435 0.07329796 2.18788e-07
1789953597.847 75.496 0.07336035 1.56527e-07
1789953597.857 75.558 0.07344322 1.55961e-07
1789953597.867 75.619 0.07350746 1.36434e-07
1789953597.877 75.680 0.07356520 1.65018e-07
1789953597.887 75.741 0.07360710 1.57943e-07
1789953597.897 75.802 0.07365738 2.36617e-07
1789953597.907 75.863 0.07372256 3.10481e-07
1789953597.917 75.924 0.07378588 3.78402e-07
1789953597.927 75.985 0.07382871 5.33205e-07
1789953597.937 76.046 0.07390413 6.59991e-07
1789953597.947 76.107 0.07397210 8.51867e-07
1789953597.957 76.168 0.07401214 1.14279e-06
1789953597.967 76.228 0.07406801 1.58541e-06
1789953597.977 76.289 0.07412202 2.31217e-06
1789953597.987 76.350 0.07418999 3.30805e-06
1789953597.997 76.410 0.07424679 4.10754e-06
1789953598.007 76.471 0.07429148 4.64553e-06
1789953598.017 76.531 0.07434642 4.56799e-06
1789953598.027 76.592 0.07440788 4.42790e-06
1789953598.037 76.652 0.07450565 4.22046e-06
1789953598.047 76.713 0.07454196 3.58030e-06
1789953598.057 76.773 0.07458013 2.82950e-06
1789953598.067 76.833 0.07464252 1.72097e-06
1789953598.077 76.893 0.07470025 9.20920e-07
1789953598.087 76.954 0.07476729 5.82165e-07
1789953598.097 77.014 0.07481385 3.74723e-07
1789953598.107 77.074 0.07485668 2.96614e-07
1789953598.117 77.134 0.07493303 2.27278e-07
1789953598.127 77.194 0.07499076 2.19920e-07
1789953598.137 77.254 0.07503639 1.73791e-07
1789953598.147 77.314 0.07511274 1.89922e-07
1789953598.157 77.374 0.07515278 1.91337e-07
1789953598.167 77.433 0.07520586 1.92469e-07
1789953598.177 77.493 0.07526079 2.03223e-07
1789953598.187 77.553 0.07533435 2.20769e-07
1789953598.197 77.612 0.07539209 2.08600e-07
1789953598.207 77.672 0.07544609 1.81149e-07
1789953598.217 77.732 0.07549264 1.62188e-07
1789953598.227 77.791 0.07552244 1.49735e-07
1789953598.237 77.851 0.07561276 1.07851e-07
1789953598.246 77.910 0.07567329 1.02474e-07
1789953598.256 77.969 0.07572822 8.52106e-08
1789953598.266 78.029 0.07580644 5.37972e-08
1789953598.276 78.088 0.07583717 6.76644e-08
1789953598.286 78.147 0.07588093 4.41751e-08
1789953598.296 78.207 0.07593586 5.37972e-08
1789953598.306 78.266 0.07601594 4.84201e-08
1789953598.316 78.325 0.07607088 3.39870e-08
1789953598.326 78.384 0.07612302 5.06842e-08
1789953598.336 78.443 0.07617424 3.03079e-08
1789953598.346 78.502 0.07623755 3.85150e-08
1789953598.356 78.561 0.07629528 3.62510e-08
1789953598.366 78.620 0.07633067 2.94589e-08
1789953598.376 78.679 0.07639212 5.01182e-08
1789953598.386 78.737 0.07645637 4.64391e-08
1789953598.396 78.796 0.07651689 6.76644e-08
1789953598.406 78.855 0.07657183 6.93624e-08
1789953598.416 78.913 0.07663235 8.20976e-08
1789953598.426 78.972 0.07667705 1.35585e-07
1789953598.436 79.031 0.07670964 1.44358e-07
1789953598.446 79.089 0.07677575 1.74923e-07
1789953598.456 79.148 0.07683907 1.98978e-07
1789953598.466 79.206 0.07689680 1.78885e-07
1789953598.476 79.265 0.07696384 1.90771e-07
1789953598.486 79.323 0.07701412 1.53697e-07
1789953598.496 79.381 0.07707185 1.65018e-07
1789953598.506 79.440 0.07713516 1.24548e-07
1789953598.516 79.498 0.07717707 8.60596e-08
1789953598.526 79.556 0.07721711 8.60596e-08
1789953598.536 79.614 0.07728694 4.67221e-08
1789953598.546 79.672 0.07735677 5.63442e-08
1789953598.556 79.730 0.07740520 4.47411e-08
1789953598.566 79.788 0.07743778 3.39870e-08
1789953598.576 79.846 0.07751321 4.81371e-08
1789953598.586 79.904 0.07754952 3.03079e-08
1789953598.596 79.962 0.07761098 4.47411e-08
1789953598.606 80.020 0.07766312 3.82320e-08
1789953598.616 80.078 0.07772085 3.37040e-08
1789953598.626 80.136 0.07776741 5.12502e-08
1789953598.636 80.193 0.07785214 4.36091e-08
1789953598.646 80.251 0.07789870 8.52106e-08
1789953598.656 80.309 0.07794339 9.53987e-08
1789953598.666 80.366 0.07798902 1.37000e-07
1789953598.676 80.424 0.07805234 1.76621e-07
1789953598.686 80.481 0.07811006 2.33787e-07
1789953598.696 80.539 0.07815942 3.71610e-07
1789953598.706 80.596 0.07822459 4.37267e-07
1789953598.716 80.654 0.07828326 4.38399e-07
1789953598.726 80.711 0.07833074 6.24615e-07
1789953598.736 80.769 0.07838847 7.31874e-07
1789953598.746 80.826 0.07842572 7.88191e-07
1789953598.756 80.883 0.07850300 1.25317e-06
1789953598.766 80.940 0.07855142 1.54494e-06
1789953598.776 80.997 0.07860264 2.45452e-06
1789953598.786 81.055 0.07866688 3.68388e-06
1789953598.796 81.112 0.07874696 5.69236e-06
1789953598.806 81.169 0.07878141 7.07455e-06
1789953598.816 81.226 0.07882518 1.00319e-05
1789953598.826 81.283 0.07886708 1.27021e-05
1789953598.836 81.340 0.07891922 1.59096e-05
1789953598.846 81.396 0.07898067 1.99673e-05
1789953598.856 81.453 0.07903468 2.54471e-05
1789953598.866 81.510 0.07910172 3.31378e-05
1789953598.876 81.567 0.07915201 4.27684e-05
1789953598.886 81.624 0.07921904 6.09822e-05
1789953598.896 81.680 0.07925815 8.31029e-05
1789953598.906 81.737 0.07930750 1.12513e-04
1789953598.916 81.794 0.07936895 1.33741e-04
1789953598.926 81.850 0.07941551 1.46798e-04
1789953598.936 81.907 0.07947976 1.51515e-04
1789953598.946 81.963 0.07954029 1.56975e-04
1789953598.956 82.020 0.07958405 1.42429e-04
1789953598.966 82.076 0.07961757 1.32392e-04
1789953598.976 82.132 0.07968833 1.19151e-04
1789953598.986 82.189 0.07973396 8.68473e-05
1789953598.996 82.245 0.07976841 5.65917e-05
1789953599.006 82.301 0.07984849 3.40436e-05
1789953599.016 82.357 0.07990436 2.16886e-05
1789953599.026 82.414 0.07995464 1.46508e-05
1789953599.036 82.470 0.08001237 1.01061e-05
1789953599.046 82.526 0.08005614 7.26954e-06
1789953599.056 82.582 0.08010735 5.57010e-06
1789953599.066 82.638 0.08017160 4.53289e-06
1789953599.076 82.694 0.08022467 3.66945e-06
1789953599.086 82.750 0.08025354 2.98628e-06
1789953599.096 82.806 0.08032058 2.67639e-06
1789953599.106 82.862 0.08036714 2.19444e-06
1789953599.116 82.918 0.08042952 2.05746e-06
1789953599.126 82.973 0.08049749 1.76597e-06
1789953599.136 83.029 0.08055150 1.52909e-06
1789953599.146 83.085 0.08059340 1.43202e-06
1789953599.156 83.140 0.08063716 1.24213e-06
1789953599.166 83.196 0.08069117 1.13600e-06
1789953599.176 83.252 0.08075076 1.05874e-06
1789953599.186 83.307 0.08081873 9.41296e-07
1789953599.196 83.363 0.08088112 8.71677e-07
1789953599.206 83.418 0.08090068 8.17907e-07
1789953599.216 83.474 0.08095096 7.57910e-07
1789953599.226 83.529 0.08102545 7.01309e-07
1789953599.236 83.585 0.08107852 6.22351e-07
1789953599.246 83.640 0.08111204 6.12729e-07
1789953599.256 83.695 0.08115953 5.58393e-07
1789953599.266 83.751 0.08121633 5.39997e-07
1789953599.276 83.806 0.08127871 5.06320e-07
1789953599.286 83.861 0.08131410 4.83114e-07
1789953599.296 83.916 0.08137183 4.46606e-07
1789953599.306 83.971 0.08141466 3.98212e-07
1789953599.316 84.026 0.08147146 4.27079e-07
1789953599.326 84.082 0.08152546 3.84911e-07
1789953599.336 84.137 0.08157389 4.02740e-07
1789953599.346 84.192 0.08163161 3.45008e-07
1789953599.356 84.247 0.08168469 3.30009e-07
1789953599.366 84.301 0.08175173 3.52083e-07
1789953599.376 84.356 0.08180760 3.17557e-07
1789953599.386 84.411 0.08186160 3.30858e-07
1789953599.396 84.466 0.08190258 2.67465e-07
1789953599.406 84.521 0.08193889 2.53032e-07
1789953599.416 84.576 0.08201059 2.16807e-07
1789953599.426 84.630 0.08205435 2.03789e-07
1789953599.436 84.685 0.08209718 2.11430e-07
1789953599.446 84.740 0.08214933 2.10298e-07
1789953599.456 84.794 0.08220426 1.98695e-07
1789953599.466 84.849 0.08225827 1.72659e-07
1789953599.476 84.903 0.08232996 2.28976e-07
1789953599.486 84.958 0.08238490 1.92186e-07
1789953599.496 85.012 0.08242773 1.62754e-07
1789953599.506 85.067 0.08248546 1.52848e-07
1789953599.516 85.121 0.08251712 1.77187e-07
1789953599.526 85.175 0.08255996 1.68697e-07
1789953599.536 85.230 0.08264096 1.44358e-07
1789953599.546 85.284 0.08267727 1.85394e-07
1789953599.556 85.338 0.08274246 1.27378e-07
1789953599.566 85.392 0.08277504 1.62188e-07
1789953599.576 85.447 0.08282998 1.31906e-07
1789953599.586 85.501 0.08288026 1.30491e-07
1789953599.596 85.555 0.08291379 1.23133e-07
1789953599.606 85.609 0.08300318 1.28227e-07
1789953599.616 85.663 0.08303949 1.34453e-07
1789953599.626 85.717 0.08307580 1.14643e-07
1789953599.636 85.771 0.08314285 1.12379e-07
1789953599.646 85.825 0.08318381 1.40962e-07
1789953599.656 85.879 0.08323224 1.00493e-07
1789953599.666 85.933 0.08328345 1.15492e-07
1789953599.676 85.987 0.08333094 1.22850e-07
1789953599.686 86.040 0.08339984 1.33038e-07
1789953599.696 86.094 0.08343709 1.28793e-07
1789953599.706 86.148 0.08348830 1.32472e-07
1789953599.716 86.202 0.08357210 1.35019e-07
1789953599.726 86.255 0.08361586 1.74640e-07
1789953599.736 86.309 0.08364193 1.61055e-07
1789953599.746 86.363 0.08370897 2.07468e-07
1789953599.756 86.416 0.08376298 2.15392e-07
1789953599.766 86.470 0.08381699 2.47372e-07
1789953599.776 86.523 0.08385609 3.37084e-07
1789953599.786 86.577 0.08389520 3.88307e-07
1789953599.796 86.630 0.08396597 5.08584e-07
1789953599.806 86.684 0.08401811 6.37067e-07
1789953599.816 86.737 0.08404884 7.62721e-07
1789953599.826 86.790 0.08411030 9.49220e-07
1789953599.836 86.844 0.08416802 1.02478e-06
1789953599.846 86.897 0.08421831 1.11251e-06
1789953599.856 86.950 0.08427138 1.14930e-06
1789953599.866 87.003 0.08430955 1.10940e-06
1789953599.876 87.056 0.08436077 1.12129e-06
1789953599.886 87.110 0.08441663 9.86577e-07
1789953599.896 87.163 0.08445854 9.03091e-07
1789953599.906 87.216 0.08452651 7.47722e-07
1789953599.916 87.269 0.08457493 5.73958e-07
1789953599.926 87.322 0.08461962 4.76604e-07
1789953599.936 87.375 0.08466432 3.26047e-07
1789953599.946 87.428 0.08474067 2.56428e-07
1789953599.956 87.481 0.08478444 1.93318e-07
1789953599.966 87.534 0.08481609 1.38132e-07
1789953599.976 87.587 0.08485985 9.85118e-08
1789953599.986 87.639 0.08491107 7.10604e-08
1789953599.996 87.692 0.08497531 7.89845e-08
1789953600.005 87.745 0.08502746 4.95522e-08
1789953600.015 87.798 0.08508984 4.67221e-08
1789953600.025 87.850 0.08513640 5.35142e-08
1789953600.035 87.903 0.08517923 3.11569e-08
1789953600.045 87.956 0.08522393 4.33261e-08
1789953600.055 88.008 0.08526956 2.97419e-08
1789953600.065 88.061 0.08533194 2.97419e-08
1789953600.075 88.113 0.08535801 3.79490e-08
1789953600.085 88.166 0.08541947 2.15348e-08
1789953600.095 88.218 0.08546230 3.56850e-08
1789953600.105 88.271 0.08551817 2.43648e-08
1789953600.115 88.323 0.08556286 2.57799e-08
1789953600.125 88.376 0.08561128 3.71000e-08
1789953600.135 88.428 0.08567832 1.89878e-08
1789953600.145 88.480 0.08570533 4.21941e-08
1789953600.155 88.533 0.08575933 2.91759e-08
1789953600.165 88.585 0.08580868 3.31379e-08
1789953600.175 88.637 0.08583475 4.47411e-08
1789953600.185 88.689 0.08590180 2.66289e-08
1789953600.195 88.741 0.08595394 4.50241e-08
1789953600.205 88.794 0.08599026 3.05909e-08
1789953600.215 88.846 0.08606567 3.28550e-08
1789953600.225 88.898 0.08610572 4.30431e-08
1789953600.236 88.950 0.08616531 2.09688e-08
1789953600.245 89.002 0.08622490 3.76660e-08
1789953600.255 89.054 0.08626587 2.26668e-08
1789953600.265 89.106 0.08629380 1.95538e-08
1789953600.275 89.158 0.08634874 3.45530e-08
1789953600.285 89.210 0.08638692 1.41767e-08
1789953600.295 89.261 0.08643813 2.88929e-08
1789953600.305 89.313 0.08650703 1.75728e-08
1789953600.315 89.365 0.08654149 1.92708e-08
1789953600.325 89.417 0.08660108 3.03079e-08
1789953600.335 89.469 0.08667464 1.13467e-08
1789953600.345 89.520 0.08670816 2.88929e-08
1789953600.355 89.572 0.08676123 1.61577e-08
1789953600.365 89.624 0.08679941 1.98368e-08
1789953600.375 89.675 0.08686552 2.83269e-08
1789953600.385 89.727 0.08690556 9.93166e-09
1789953600.395 89.779 0.08692884 2.77609e-08
1789953600.405 89.830 0.08697633 1.55917e-08
1789953600.415 89.882 0.08704150 1.75728e-08
1789953600.425 89.933 0.08709179 2.57799e-08
1789953600.435 89.984 0.08714951 1.02147e-08
1789953600.445 90.036 0.08720539 2.71949e-08
1789953600.455 90.087 0.08724728 1.67238e-08
1789953600.465 90.139 0.08727615 1.70068e-08
1789953600.475 90.190 0.08732643 2.63459e-08
1789953600.485 90.241 0.08738044 1.07807e-08
1789953600.495 90.293 0.08742513 2.97419e-08
1789953600.505 90.344 0.08749403 1.87048e-08
1789953600.515 90.395 0.08755456 2.15348e-08
1789953600.525 90.446 0.08757225 2.94589e-08
1789953600.535 90.497 0.08763929 1.27617e-08
1789953600.545 90.549 0.08767002 3.17229e-08
1789953600.555 90.600 0.08772402 2.06858e-08
1789953600.565 90.651 0.08778269 2.21008e-08
1789953600.575 90.702 0.08784321 3.08739e-08
1789953600.585 90.753 0.08787394 1.30447e-08
1789953600.595 90.804 0.08791677 3.22889e-08
1789953600.605 90.855 0.08794843 1.95538e-08
1789953600.615 90.906 0.08799126 2.06858e-08
1789953600.625 90.957 0.08806482 2.83269e-08
1789953600.635 91.007 0.08809834 1.04977e-08
1789953600.645 91.058 0.08815421 2.91759e-08
1789953600.655 91.109 0.08818493 1.67238e-08
1789953600.665 91.160 0.08824825 1.89878e-08
1789953600.675 91.211 0.08830971 2.80439e-08
1789953600.685 91.261 0.08835068 1.33277e-08
1789953600.695 91.312 0.08839723 3.56850e-08
1789953600.705 91.363 0.08843541 2.52138e-08
1789953600.715 91.413 0.08847359 3.03079e-08
1789953600.725 91.464 0.08853225 4.10620e-08
1789953600.735 91.515 0.08859184 3.08739e-08
1789953600.745 91.565 0.08864492 5.01182e-08
1789953600.755 91.616 0.08869240 4.16281e-08
1789953600.765 91.666 0.08871475 4.67221e-08
1789953600.775 91.717 0.08877155 5.52122e-08
1789953600.785 91.767 0.08883300 3.71000e-08
1789953600.795 91.817 0.08886560 6.03063e-08
1789953600.805 91.868 0.08891495 4.55901e-08
1789953600.815 91.918 0.08896057 4.38921e-08
1789953600.825 91.969 0.08901458 5.71933e-08
1789953600.835 92.019 0.08906299 3.82320e-08
1789953600.845 92.069 0.08910955 5.49292e-08
1789953600.855 92.119 0.08915890 4.24771e-08
1789953600.865 92.170 0.08920825 4.72881e-08
1789953600.875 92.220 0.08925388 5.43632e-08
1789953600.885 92.270 0.08929671 3.65340e-08
1789953600.895 92.320 0.08934513 5.66272e-08
1789953600.905 92.370 0.08939728 3.68170e-08
1789953600.915 92.420 0.08945966 4.38921e-08
1789953600.925 92.470 0.08948945 5.23822e-08
1789953600.935 92.521 0.08953322 3.11569e-08
1789953600.945 92.571 0.08959281 5.04012e-08
1789953600.955 92.621 0.08965706 3.71000e-08
1789953600.965 92.670 0.08969244 4.33261e-08
1789953600.975 92.720 0.08973342 5.52122e-08
1789953600.985 92.770 0.08978276 4.27601e-08
1789953600.995 92.820 0.08983584 7.61545e-08
1789953601.005 92.870 0.08987402 7.30415e-08
1789953601.015 92.920 0.08992243 1.00493e-07
1789953601.025 92.970 0.08998389 1.28793e-07
1789953601.035 93.019 0.09002206 1.30491e-07
1789953601.045 93.069 0.09005838 1.77753e-07
1789953601.055 93.119 0.09013008 1.96714e-07
1789953601.065 93.169 0.09016453 2.22467e-07
1789953601.075 93.218 0.09020457 2.61239e-07
1789953601.085 93.268 0.09024833 2.83030e-07
1789953601.095 93.317 0.09030234 3.77836e-07
1789953601.105 93.367 0.09032934 4.26513e-07
1789953601.115 93.417 0.09038427 5.35469e-07
1789953601.125 93.466 0.09045318 6.14993e-07
1789953601.135 93.516 0.09048670 7.93285e-07
1789953601.145 93.565 0.09053885 9.32806e-07
1789953601.155 93.615 0.09057795 1.29845e-06
1789953601.165 93.664 0.09063010 1.57494e-06
1789953601.175 93.713 0.09066175 2.03652e-06
1789953601.185 93.763 0.09071576 2.48282e-06
1789953601.195 93.812 0.09076790 2.85808e-06
1789953601.205 93.861 0.09081073 3.23561e-06
1789953601.215 93.911 0.09085636 3.54833e-06
1789953601.225 93.960 0.09090292 3.77982e-06
1789953601.235 94.009 0.09096251 3.96632e-06
1789953601.245 94.059 0.09101931 3.97877e-06
1789953601.255 94.108 0.09105842 3.90434e-06
1789953601.265 94.157 0.09110125 3.97679e-06
1789953601.275 94.206 0.09113104 3.57380e-06
1789953601.285 94.255 0.09116178 3.48012e-06
1789953601.295 94.304 0.09123813 2.97411e-06
1789953601.305 94.353 0.09127537 2.66111e-06
1789953601.315 94.402 0.09132938 2.18680e-06
1789953601.325 94.451 0.09137686 1.87323e-06
1789953601.335 94.500 0.09142994 1.56136e-06
1789953601.345 94.549 0.09147836 1.18779e-06
1789953601.355 94.598 0.09152585 9.58277e-07
1789953601.365 94.647 0.09155657 8.78753e-07
1789953601.375 94.696 0.09160686 6.71594e-07
1789953601.385 94.745 0.09164131 5.94334e-07
1789953601.395 94.794 0.09169345 5.68015e-07
1789953601.405 94.843 0.09174932 4.30192e-07
1789953601.415 94.891 0.09181636 3.71610e-07
1789953601.425 94.940 0.09186850 3.17839e-07
1789953601.435 94.989 0.09189923 2.40297e-07
1789953601.445 95.038 0.09193462 1.98129e-07
1789953601.455 95.086 0.09198303 1.28227e-07
1789953601.465 95.135 0.09202866 1.40962e-07
1789953601.475 95.184 0.09206591 1.22001e-07
1789953601.485 95.232 0.09213108 7.75695e-08
1789953601.495 95.281 0.09217392 9.68137e-08
1789953601.505 95.329 0.09222233 6.42683e-08
1789953601.515 95.378 0.09225958 6.59664e-08
1789953601.525 95.426 0.09231731 6.54004e-08
1789953601.535 95.475 0.09234711 3.96470e-08
1789953601.545 95.523 0.09240111 4.89862e-08
1789953601.555 95.572 0.09245326 3.51190e-08
1789953601.565 95.620 0.09250261 3.08739e-08
1789953601.575 95.669 0.09253706 3.62510e-08
1789953601.585 95.717 0.09257523 1.87048e-08
1789953601.595 95.765 0.09263110 3.00249e-08
1789953601.605 95.814 0.09266183 1.21957e-08
1789953601.615 95.862 0.09269722 2.23838e-08
1789953601.625 95.910 0.09275029 2.74779e-08
1789953601.635 95.958 0.09280150 3.70558e-09
1789953601.645 96.007 0.09286854 2.21008e-08
1789953601.655 96.055 0.09291137 4.83760e-09
1789953601.665 96.103 0.09294210 1.19127e-08
1789953601.675 96.151 0.09299518 1.47427e-08
1789953601.685 96.199 0.09303149 -8.46357e-09
1789953601.695 96.247 0.09308457 8.51665e-09
1789953601.705 96.295 0.09315161 -9.02957e-09
1789953601.715 96.344 0.09318978 -3.08650e-09
1789953601.725 96.392 0.09322982 8.75549e-10
1789953601.735 96.440 0.09325590 -2.06327e-08
1789953601.745 96.488 0.09330059 -2.56465e-10
1789953601.755 96.535 0.09337229 -2.03497e-08
1789953601.765 96.583 0.09340022 -1.63877e-08
1789953601.775 96.631 0.09345329 -1.35576e-08
1789953601.785 96.679 0.09351941 -3.30848e-08
1789953601.795 96.727 0.09355199 -1.46896e-08
1789953601.805 96.775 0.09357341 -3.42169e-08
1789953601.815 96.823 0.09363580 -3.08208e-08
1789953601.825 96.871 0.09369074 -2.68588e-08
1789953601.835 96.918 0.09374940 -4.69520e-08
1789953601.845 96.966 0.09374940 -2.82738e-08
1789953601.855 97.014 0.09379316 -4.46880e-08
1789953601.865 97.061 0.09385555 -3.67639e-08
1789953601.875 97.109 0.09390676 -3.25188e-08
1789953601.885 97.157 0.09396542 -4.75180e-08
1789953601.895 97.204 0.09399987 -2.06327e-08
1789953601.905 97.252 0.09404270 -3.87449e-08
1789953601.915 97.300 0.09409671 -3.05378e-08
1789953601.925 97.347 0.09413768 -2.09157e-08
1789953601.935 97.395 0.09415723 -4.04429e-08
1789953601.945 97.442 0.09420379 -1.69537e-08
1789953601.954 97.490 0.09425221 -2.85568e-08
1789953601.964 97.537 0.09430621 -2.00667e-08
1789953601.974 97.585 0.09435277 -1.01616e-08
1789953601.984 97.632 0.09439374 -1.72367e-08
1789953601.994 97.679 0.09444030 9.93166e-09
1789953602.004 97.727 0.09450082 5.92546e-10
1789953602.014 97.774 0.09453341 1.21957e-08
1789953602.024 97.821 0.09456972 1.70068e-08
1789953602.034 97.869 0.09462932 7.38463e-09
1789953602.044 97.916 0.09466284 2.60629e-08
1789953602.054 97.963 0.09472336 1.04977e-08
1789953602.064 98.011 0.09477830 1.78558e-08
1789953602.074 98.058 0.09480996 2.06858e-08
1789953602.084 98.105 0.09483231 8.79965e-09
1789953602.094 98.152 0.09488817 2.52138e-08
1789953602.104 98.199 0.09492728 8.51665e-09
1789953602.114 98.246 0.09499339 1.84218e-08
1789953602.124 98.293 0.09503157 1.72898e-08
1789953602.134 98.341 0.09504274 6.81862e-09
1789953602.144 98.388 0.09509488 2.26668e-08
1789953602.154 98.435 0.09515448 7.10163e-09
1789953602.164 98.482 0.09521128 1.64407e-08
1789953602.174 98.529 0.09526063 1.84218e-08
1789953602.184 98.576 0.09528763 6.53562e-09
1789953602.194 98.623 0.09530253 2.37988e-08
1789953602.204 98.669 0.09536026 7.66763e-09
1789953602.214 98.716 0.09542264 1.72898e-08
1789953602.224 98.763 0.09548410 1.81388e-08
1789953602.234 98.810 0.09552879 1.10637e-08
1789953602.244 98.857 0.09557628 3.20059e-08
1789953602.254 98.904 0.09560980 2.71949e-08
1789953602.264 98.950 0.09564984 5.91743e-08
1789953602.274 98.997 0.09569361 8.83236e-08
1789953602.284 99.044 0.09572526 1.67282e-07
1789953602.294 99.091 0.09577740 2.61239e-07
1789953602.304 99.137 0.09583234 4.37550e-07
1789953602.314 99.184 0.09588355 5.98296e-07
1789953602.324 99.231 0.09590684 7.35553e-07
1789953602.334 99.277 0.09594967 1.00808e-06
1789953602.344 99.324 0.09602137 1.29930e-06
1789953602.354 99.371 0.09606885 1.60805e-06
1789953602.364 99.417 0.09609585 2.13755e-06
1789953602.374 99.464 0.09613031 2.38688e-06
1789953602.384 99.510 0.09617686 2.98628e-06
1789953602.394 99.557 0.09622062 4.09254e-06
1789953602.404 99.603 0.09627277 4.12339e-06
1789953602.414 99.650 0.09631281 4.70326e-06
1789953602.424 99.696 0.09636495 5.88565e-06
1789953602.434 99.742 0.09640313 6.92031e-06
1789953602.444 99.789 0.09642641 7.88564e-06
1789953602.454 99.835 0.09647483 9.56979e-06
1789953602.464 99.882 0.09652511 1.12893e-05
1789953602.474 99.928 0.09656887 1.75969e-05
1789953602.484 99.974 0.09662288 1.60591e-05
1789953602.494 100.021 0.09667130 2.52021e-05
1789953602.504 100.067 0.09670389 2.99964e-05
1789953602.514 100.113 0.09673275 3.48083e-05
1789953602.524 100.159 0.09677558 4.37945e-05
1789953602.534 100.205 0.09681748 4.94860e-05
1789953602.544 100.252 0.09686125 6.99766e-05
1789953602.554 100.298 0.09690594 7.72345e-05
1789953602.564 100.344 0.09695715 8.02525e-05
1789953602.574 100.390 0.09702233 9.70615e-05
1789953602.584 100.436 0.09705399 1.04511e-04
1789953602.594 100.482 0.09708565 1.08116e-04
1789953602.604 100.528 0.09712941 1.15574e-04
1789953602.614 100.574 0.09717783 1.14192e-04
1789953602.624 100.620 0.09721601 1.16142e-04
1789953602.634 100.666 0.09726908 1.12027e-04
1789953602.644 100.712 0.09730447 1.12022e-04
1789953602.654 100.758 0.09735102 9.78612e-05
1789953602.664 100.804 0.09738082 9.15859e-05
1789953602.674 100.850 0.09742551 8.32240e-05
1789953602.684 100.896 0.09749535 7.55487e-05
1789953602.694 100.942 0.09754190 6.43661e-05
1789953602.704 100.988 0.09756798 5.65863e-05
1789953602.714 101.033 0.09761546 4.67035e-05
1789953602.724 101.079 0.09766202 3.87757e-05
1789953602.734 101.125 0.09768530 3.46442e-05
1789953602.744 101.171 0.09773279 2.92827e-05
1789953602.754 101.217 0.09779145 2.65772e-05
1789953602.764 101.262 0.09782963 2.42231e-05
1789953602.774 101.308 0.09786687 2.22605e-05
1789953602.784 101.354 0.09792553 1.77656e-05
1789953602.794 101.399 0.09796557 1.84439e-05
1789953602.804 101.445 0.09801958 1.61358e-05
1789953602.814 101.490 0.09804937 1.47213e-05
1789953602.824 101.536 0.09806986 1.07392e-05
1789953602.834 101.582 0.09811642 1.09760e-05
1789953602.844 101.627 0.09818625 9.74157e-06
1789953602.854 101.673 0.09825422 6.03394e-06
1789953602.864 101.718 0.09828867 7.04625e-06
1789953602.874 101.764 0.09829799 6.68797e-06
1789953602.884 101.809 0.09834734 4.39083e-06
1789953602.894 101.855 0.09838458 5.22116e-06
1789953602.904 101.900 0.09843487 4.22951e-06
1789953602.914 101.946 0.09848328 3.62219e-06
1789953602.924 101.991 0.09853729 3.35305e-06
1789953602.934 102.036 0.09856522 2.86657e-06
1789953602.944 102.082 0.09864064 2.69988e-06
1789953602.954 102.127 0.09867975 1.69012e-06
1789953602.964 102.172 0.09869372 2.21396e-06
1789953602.974 102.218 0.09873376 1.94652e-06
1789953602.984 102.263 0.09877938 1.22006e-06
1789953602.994 102.308 0.09883525 1.19232e-06
1789953603.004 102.353 0.09887809 1.41476e-06
1789953603.014 102.399 0.09890136 7.80833e-07
1789953603.024 102.444 0.09894512 8.97714e-07
1789953603.034 102.489 0.09898424 6.30275e-07
1789953603.044 102.534 0.09902800 9.41296e-07
1789953603.054 102.579 0.09909597 5.48204e-07
1789953603.064 102.624 0.09913880 3.60007e-07
1789953603.074 102.669 0.09917046 6.21502e-07
1789953603.084 102.714 0.09921888 4.58209e-07
1789953603.094 102.759 0.09925147 2.66899e-07
1789953603.104 102.805 0.09928871 4.25664e-07
1789953603.114 102.850 0.09933620 3.62837e-07
1789953603.124 102.895 0.09937531 2.34353e-07
1789953603.134 102.939 0.09941628 2.06619e-07
1789953603.144 102.984 0.09945632 2.83030e-07
1789953603.154 103.029 0.09950660 1.99261e-07
1789953603.164 103.074 0.09954850 2.05204e-07
1789953603.174 103.119 0.09959692 1.79734e-07
1789953603.184 103.164 0.09963044 1.53414e-07
1789953603.194 103.209 0.09967048 1.81998e-07
1789953603.204 103.254 0.09973473 1.04455e-07
1789953603.214 103.299 0.09978315 1.63886e-07
1789953603.224 103.343 0.09980642 1.37000e-07
1789953603.234 103.388 0.09984087 1.14643e-07
1789953603.244 103.433 0.09986229 7.47395e-08
1789953603.254 103.478 0.09991537 1.11247e-07
1789953603.264 103.522 0.09997589 9.99268e-08
1789953603.274 103.567 0.09999731 9.25687e-08
1789953603.284 103.612 0.10004387 5.63442e-08
1789953603.294 103.656 0.10009228 6.25703e-08
1789953603.304 103.701 0.10014163 2.86099e-08
1789953603.314 103.746 0.10019284 3.62510e-08
1789953603.324 103.790 0.10023289 -1.95449e-09
1789953603.334 103.835 0.10026548 4.83760e-09
1789953603.344 103.879 0.10029620 6.81862e-09
1789953603.354 103.924 0.10034369 -3.76129e-08
1789953603.364 103.968 0.10039862 -2.96888e-08
1789953603.374 104.013 0.10043960 -3.30848e-08
1789953603.384 104.057 0.10046474 -5.45931e-08
1789953603.394 104.102 0.10051409 -2.68588e-08
1789953603.404 104.146 0.10056716 -4.92160e-08
1789953603.414 104.191 0.10060813 -5.06310e-08
1789953603.424 104.235 0.10065842 -4.83670e-08
1789953603.434 104.280 0.10069566 -6.02531e-08
1789953603.444 104.324 0.10074780 -3.19528e-08
1789953603.454 104.368 0.10079156 -5.14800e-08
1789953603.464 104.413 0.10081856 -3.98769e-08
1789953603.474 104.457 0.10084929 -3.73299e-08
1789953603.484 104.501 0.10089585 -3.56319e-08
1789953603.494 104.546 0.10096010 -1.49726e-08
1789953603.504 104.590 0.10100386 -3.33679e-08
1789953603.514 104.634 0.10102900 -2.09157e-08
1789953603.524 104.678 0.10106531 -2.20477e-08
1789953603.533 104.723 0.10110722 -2.65758e-08
1789953603.543 104.767 0.10114633 -5.06752e-09
1789953603.553 104.811 0.10119661 -3.02548e-08
1789953603.563 104.855 0.10126085 -1.32746e-08
1789953603.573 104.899 0.10130090 -2.09157e-08
1789953603.583 104.943 0.10131952 -2.20477e-08
1789953603.593 104.987 0.10136235 -3.93551e-09
1789953603.603 105.031 0.10142008 -2.74248e-08
1789953603.613 105.076 0.10145453 -1.10106e-08
1789953603.623 105.120 0.10148898 -2.11987e-08
1789953603.633 105.164 0.10153182 -2.31797e-08
1789953603.643 105.208 0.10158955 -6.48254e-09
1789953603.653 105.252 0.10163610 -2.74248e-08
1789953603.663 105.296 0.10166869 -7.89756e-09
1789953603.673 105.339 0.10169104 -1.58217e-08
1789953603.683 105.383 0.10175064 -2.28967e-08
1789953603.693 105.427 0.10179440 -6.19954e-09
1789953603.703 105.471 0.10182419 -2.57268e-08
1789953603.713 105.515 0.10186702 -5.63353e-09
1789953603.723 105.559 0.10191358 -1.35576e-08
1789953603.733 105.603 0.10194430 -1.95007e-08
1789953603.743 105.647 0.10197783 -2.52049e-09
1789953603.753 105.690 0.10202625 -2.09157e-08
1789953603.763 105.734 0.10207932 3.09543e-10
1789953603.773 105.778 0.10213333 -6.48254e-09
1789953603.783 105.822 0.10214264 -8.46357e-09
1789953603.793 105.865 0.10218641 7.95064e-09
1789953603.803 105.909 0.10224507 -6.19954e-09
1789953603.813 105.953 0.10229069 1.41767e-08
1789953603.823 105.996 0.10230466 1.72898e-08
1789953603.833 106.040 0.10234842 1.16297e-08
1789953603.843 106.084 0.10238752 4.27601e-08
1789953603.853 106.127 0.10244899 3.20059e-08
1789953603.863 106.171 0.10247319 5.52122e-08
1789953603.873 106.215 0.10251602 5.29482e-08
1789953603.883 106.258 0.10257934 7.67205e-08
1789953603.893 106.302 0.10262682 9.11537e-08
1789953603.903 106.345 0.10267246 1.08417e-07
1789953603.913 106.389 0.10271343 1.41811e-07
1789953603.923 106.432 0.10274322 1.34736e-07
1789953603.933 106.476 0.10277302 1.48886e-07
1789953603.943 106.519 0.10281957 1.89639e-07
1789953603.953 106.563 0.10286986 1.79451e-07
1789953603.963 106.606 0.10290245 2.18222e-07
1789953603.973 106.649 0.10293038 2.07751e-07
1789953603.983 106.693 0.10296483 2.15109e-07
1789953603.993 106.736 0.10301697 2.29825e-07
1789953604.003 106.780 0.10306354 2.16241e-07
1789953604.013 106.823 0.10309799 2.25014e-07
1789953604.023 106.866 0.10313989 2.10864e-07
1789953604.033 106.910 0.10318923 2.00393e-07
1789953604.043 106.953 0.10322741 1.96148e-07
1789953604.053 106.996 0.10326093 1.66999e-07
1789953604.063 107.039 0.10330470 1.70112e-07
1789953604.073 107.083 0.10334194 1.51150e-07
1789953604.083 107.126 0.10339129 1.33038e-07
1789953604.093 107.169 0.10343133 1.34170e-07
1789953604.103 107.212 0.10347416 9.65307e-08
1789953604.113 107.255 0.10351048 9.96438e-08
1789953604.123 107.298 0.10354772 7.72865e-08
1789953604.133 107.342 0.10359149 6.37023e-08
1789953604.143 107.385 0.10363990 6.85134e-08
1789953604.153 107.428 0.10366784 4.55901e-08
1789953604.163 107.471 0.10372463 5.57782e-08
1789953604.173 107.514 0.10376561 4.38921e-08
1789953604.183 107.557 0.10379727 3.99300e-08
1789953604.193 107.600 0.10384103 4.89862e-08
1789953604.203 107.643 0.10389596 3.11569e-08
1789953604.213 107.686 0.10392669 4.44581e-08
1789953604.223 107.729 0.10396394 3.08739e-08
1789953604.233 107.772 0.10400305 2.74779e-08
1789953604.243 107.815 0.10405891 4.10620e-08
1789953604.253 107.858 0.10408871 1.87048e-08
1789953604.263 107.901 0.10412502 3.59680e-08
1789953604.273 107.944 0.10416228 2.23838e-08
1789953604.283 107.986 0.10422373 2.15348e-08
1789953604.293 108.029 0.10424607 3.31379e-08
1789953604.303 108.072 0.10427494 1.38937e-08
1789953604.313 108.115 0.10431311 3.14399e-08
1789953604.323 108.158 0.10435036 1.87048e-08
1789953604.333 108.201 0.10440158 1.50257e-08
1789953604.343 108.243 0.10444534 2.91759e-08
1789953604.353 108.286 0.10449655 1.07807e-08
1789953604.363 108.329 0.10452448 2.69119e-08
1789953604.373 108.371 0.10456824 1.50257e-08
1789953604.383 108.414 0.10462132 1.61577e-08
1789953604.393 108.457 0.10466602 2.54969e-08
1789953604.403 108.500 0.10472188 6.25262e-09
1789953604.413 108.542 0.10477216 2.04028e-08
1789953604.423 108.585 0.10479823 1.33277e-08
1789953604.433 108.627 0.10481592 1.41767e-08
1789953604.443 108.670 0.10485038 2.21008e-08
1789953604.453 108.713 0.10489880 2.29057e-09
1789953604.463 108.755 0.10492953 2.29498e-08
1789953604.473 108.798 0.10494070 1.19127e-08
1789953604.483 108.840 0.10500867 1.19127e-08
1789953604.493 108.883 0.10505151 2.29498e-08
1789953604.503 108.925 0.10509806 4.27159e-09
1789953604.513 108.968 0.10515114 2.06858e-08
1789953604.523 109.010 0.10521352 1.10637e-08
1789953604.533 109.053 0.10521259 1.21957e-08
1789953604.543 109.095 0.10526100 2.09688e-08
1789953604.553 109.138 0.10531129 3.42258e-09
1789953604.563 109.180 0.10534481 2.12518e-08
1789953604.573 109.222 0.10537461 9.36566e-09
1789953604.583 109.265 0.10541185 1.21957e-08
1789953604.593 109.307 0.10545561 2.04028e-08
1789953604.603 109.349 0.10550404 3.98859e-09
1789953604.613 109.392 0.10553011 2.29498e-08
1789953604.623 109.434 0.10554780 1.19127e-08
1789953604.633 109.476 0.10559901 1.36107e-08
1789953604.643 109.519 0.10565860 2.26668e-08
1789953604.653 109.561 0.10570517 7.38463e-09
1789953604.663 109.603 0.10574893 2.63459e-08
1789953604.673 109.645 0.10579827 1.30447e-08
1789953604.683 109.687 0.10582062 1.58747e-08
1789953604.693 109.730 0.10583831 2.46478e-08
1789953604.703 109.772 0.10587183 8.23364e-09
1789953604.713 109.814 0.10591652 2.88929e-08
1789953604.723 109.856 0.10597985 1.61577e-08
1789953604.733 109.898 0.10603292 1.84218e-08
1789953604.743 109.940 0.10605154 3.22889e-08
1789953604.753 109.982 0.10606923 1.33277e-08
1789953604.763 110.025 0.10615025 3.54020e-08
