1789968146.097 31.725 0.03410559 1.08819e-06
1789968146.103 31.870 0.03410559 1.09640e-06
1789968146.113 32.015 0.03409255 1.11536e-06
1789968146.123 32.159 0.03410000 1.12611e-06
1789968146.133 32.303 0.03408976 1.15696e-06
1789968146.143 32.446 0.03408696 1.15922e-06
1789968146.153 32.588 0.03409069 1.20875e-06
1789968146.163 32.730 0.03408603 1.20903e-06
1789968146.173 32.871 0.03408417 1.22007e-06
1789968146.183 33.012 0.03408417 1.23535e-06
1789968146.193 33.152 0.03407300 1.28714e-06
1789968146.203 33.291 0.03405158 1.27129e-06
1789968146.213 33.430 0.03406834 1.33922e-06
1789968146.223 33.568 0.03408790 1.33129e-06
1789968146.233 33.705 0.03407765 1.33157e-06
1789968146.243 33.842 0.03409255 1.29393e-06
1789968146.253 33.979 0.03413632 1.27384e-06
1789968146.263 34.115 0.03418473 1.28403e-06
1789968146.273 34.250 0.03420801 1.20988e-06
1789968146.283 34.385 0.03425922 1.14507e-06
1789968146.293 34.519 0.03435886 1.08847e-06
1789968146.303 34.653 0.03442310 9.90267e-07
1789968146.313 34.787 0.03452087 8.93196e-07
1789968146.323 34.919 0.03462609 7.12921e-07
1789968146.333 35.052 0.03472759 4.93307e-07
1789968146.343 35.183 0.03485236 2.55016e-07
1789968146.353 35.315 0.03498365 7.61556e-08
1789968146.363 35.446 0.03512146 3.25725e-08
1789968146.373 35.576 0.03527323 7.10195e-09
1789968146.383 35.706 0.03539614 1.89882e-08
1789968146.393 35.835 0.03555909 1.24791e-08
1789968146.403 35.964 0.03573507 8.79999e-09
1789968146.413 36.092 0.03590361 2.49314e-08
1789968146.423 36.220 0.03603490 5.40391e-09
1789968146.433 36.348 0.03619319 1.98373e-08
1789968146.443 36.475 0.03634776 1.21961e-08
1789968146.453 36.602 0.03651909 8.23398e-09
1789968146.463 36.728 0.03669600 2.12523e-08
1789968146.473 36.854 0.03685150 1.44181e-09
1789968146.483 36.979 0.03698559 1.70072e-08
1789968146.493 37.104 0.03711501 7.95097e-09
1789968146.503 37.229 0.03726120 4.83790e-09
1789968146.513 37.353 0.03738784 1.87052e-08
1789968146.523 37.476 0.03751819 -2.56225e-10
1789968146.533 37.600 0.03765042 1.53091e-08
1789968146.543 37.723 0.03778543 6.81894e-09
1789968146.553 37.845 0.03789065 2.29084e-09
1789968146.563 37.967 0.03802101 1.55921e-08
1789968146.573 38.089 0.03811784 -2.23727e-09
1789968146.583 38.210 0.03823703 1.53091e-08
1789968146.593 38.331 0.03832176 5.40391e-09
1789968146.603 38.452 0.03842419 1.72482e-09
1789968146.613 38.572 0.03850706 1.61582e-08
1789968146.623 38.692 0.03860390 -1.67126e-09
1789968146.633 38.811 0.03870725 1.44601e-08
1789968146.643 38.930 0.03879385 5.96992e-09
1789968146.653 39.049 0.03889069 2.57384e-09
1789968146.663 39.167 0.03897263 1.55921e-08
1789968146.673 39.285 0.03905177 -1.10524e-09
1789968146.683 39.403 0.03914861 1.64412e-08
1789968146.693 39.520 0.03924824 6.25293e-09
1789968146.703 39.637 0.03934973 2.57384e-09
1789968146.713 39.754 0.03943912 1.55921e-08
1789968146.723 39.870 0.03954341 -1.95427e-09
1789968146.733 39.986 0.03964863 1.53091e-08
1789968146.743 40.101 0.03972778 6.53594e-09
1789968146.753 40.217 0.03982461 3.42286e-09
1789968146.763 40.332 0.03994380 1.72902e-08
1789968146.773 40.446 0.04005274 -1.10524e-09
1789968146.783 40.560 0.04013654 1.67242e-08
1789968146.793 40.674 0.04025294 7.10195e-09
1789968146.803 40.788 0.04037491 5.12090e-09
1789968146.812 40.901 0.04046617 1.72902e-08
1789968146.822 41.014 0.04057976 2.67819e-11
1789968146.832 41.127 0.04071943 1.61582e-08
1789968146.843 41.239 0.04081069 6.81894e-09
1789968146.852 41.351 0.04092894 2.85685e-09
1789968146.862 41.463 0.04104068 1.58752e-08
1789968146.872 41.575 0.04117662 -1.10524e-09
1789968146.882 41.686 0.04126229 1.64412e-08
1789968146.892 41.797 0.04138706 7.10195e-09
1789968146.902 41.907 0.04150811 3.42286e-09
1789968146.912 42.018 0.04160867 1.67242e-08
1789968146.922 42.128 0.04171668 2.67819e-11
1789968146.932 42.237 0.04182841 1.78562e-08
1789968146.942 42.347 0.04194295 7.38496e-09
1789968146.952 42.456 0.04204816 5.12090e-09
1789968146.962 42.565 0.04214500 1.72902e-08
1789968146.972 42.673 0.04225860 1.15881e-09
1789968146.982 42.782 0.04235730 1.70072e-08
1789968146.992 42.890 0.04244576 6.53594e-09
1789968147.002 42.998 0.04251839 5.68692e-09
1789968147.012 43.105 0.04262360 1.72902e-08
1789968147.022 43.212 0.04274465 2.67819e-11
1789968147.032 43.319 0.04288060 1.72902e-08
1789968147.042 43.426 0.04296533 6.81894e-09
1789968147.052 43.532 0.04306496 5.12090e-09
1789968147.062 43.639 0.04313480 1.67242e-08
1789968147.072 43.745 0.04322232 -2.56225e-10
1789968147.082 43.850 0.04333685 1.72902e-08
1789968147.092 43.956 0.04342811 6.81894e-09
1789968147.102 44.061 0.04351191 5.68692e-09
1789968147.112 44.166 0.04361433 1.64412e-08
1789968147.122 44.270 0.04371303 -2.56225e-10
1789968147.132 44.375 0.04380707 1.67242e-08
1789968147.142 44.479 0.04391229 7.10195e-09
1789968147.152 44.583 0.04399889 7.10195e-09
1789968147.162 44.687 0.04409852 1.72902e-08
1789968147.172 44.790 0.04421771 -5.39232e-10
1789968147.182 44.893 0.04430337 1.75732e-08
1789968147.192 44.996 0.04438903 8.23398e-09
1789968147.202 45.099 0.04446446 6.53594e-09
1789968147.212 45.201 0.04457061 1.64412e-08
1789968147.222 45.304 0.04464975 -2.56225e-10
1789968147.232 45.406 0.04475497 1.64412e-08
1789968147.242 45.508 0.04488347 5.96992e-09
1789968147.252 45.609 0.04499055 6.81894e-09
1789968147.262 45.711 0.04508366 1.70072e-08
1789968147.272 45.812 0.04519074 -5.39232e-10
1789968147.282 45.913 0.04527641 1.61582e-08
1789968147.292 46.013 0.04533879 6.53594e-09
1789968147.302 46.114 0.04544867 8.23398e-09
1789968147.312 46.214 0.04555668 1.84222e-08
1789968147.322 46.314 0.04565910 8.75802e-10
1789968147.332 46.414 0.04574942 1.89882e-08
1789968147.342 46.513 0.04583974 9.36600e-09
1789968147.352 46.613 0.04591703 1.04980e-08
1789968147.362 46.712 0.04600828 2.01203e-08
1789968147.372 46.811 0.04611908 2.29084e-09
1789968147.382 46.910 0.04622616 1.98373e-08
1789968147.392 47.008 0.04631462 1.10640e-08
1789968147.402 47.107 0.04640121 1.13471e-08
1789968147.412 47.205 0.04648967 1.89882e-08
1789968147.422 47.303 0.04660979 2.57384e-09
1789968147.432 47.401 0.04668521 1.98373e-08
1789968147.442 47.498 0.04678298 9.36600e-09
1789968147.452 47.595 0.04687330 9.64901e-09
1789968147.462 47.693 0.04695431 1.61582e-08
1789968147.472 47.789 0.04706419 -3.08629e-09
1789968147.482 47.886 0.04716009 1.16301e-08
1789968147.492 47.983 0.04725041 -1.67126e-09
1789968147.502 48.079 0.04733700 2.85685e-09
1789968147.512 48.175 0.04742453 1.27621e-08
1789968147.522 48.271 0.04750926 -3.08629e-09
1789968147.532 48.367 0.04761169 1.47431e-08
1789968147.542 48.463 0.04771132 4.55489e-09
1789968147.552 48.558 0.04780444 6.53594e-09
1789968147.562 48.653 0.04787799 1.33281e-08
1789968147.572 48.748 0.04797670 -1.95427e-09
1789968147.582 48.843 0.04805119 4.78549e-08
1789968147.592 48.938 0.04813499 4.01047e-07
1789968147.602 49.032 0.04822624 2.37813e-06
1789968147.612 49.127 0.04832587 5.57328e-06
1789968147.622 49.221 0.04841340 1.16772e-05
1789968147.632 49.315 0.04850186 2.29346e-05
1789968147.642 49.408 0.04858286 3.19453e-05
1789968147.652 49.502 0.04867039 3.49799e-05
1789968147.662 49.595 0.04875792 3.33674e-05
1789968147.672 49.689 0.04885476 2.34183e-05
1789968147.682 49.782 0.04894321 1.52852e-05
1789968147.692 49.875 0.04902701 1.09988e-05
1789968147.702 49.967 0.04912478 6.73247e-06
1789968147.712 50.060 0.04921045 4.86548e-06
1789968147.722 50.152 0.04927470 3.65619e-06
1789968147.732 50.244 0.04937153 2.71887e-06
1789968147.742 50.336 0.04946465 1.76627e-06
1789968147.752 50.428 0.04956614 9.76400e-07
1789968147.762 50.520 0.04965553 3.97934e-07
1789968147.772 50.611 0.04972630 6.68164e-08
1789968147.782 50.703 0.04980730 4.53079e-08
1789968147.792 50.794 0.04988831 2.74784e-08
1789968147.802 50.885 0.04997025 2.69124e-08
1789968147.812 50.976 0.05007920 3.73837e-08
1789968147.822 51.067 0.05017697 1.53091e-08
1789968147.832 51.157 0.05026915 3.00255e-08
1789968147.842 51.248 0.05033526 1.36111e-08
1789968147.852 51.338 0.05042558 1.10640e-08
1789968147.862 51.428 0.05052242 1.16301e-08
1789968147.872 51.518 0.05060343 5.96992e-09
1789968147.882 51.608 0.05066860 3.31386e-08
1789968147.892 51.697 0.05075334 2.43654e-08
1789968147.902 51.787 0.05086321 3.39876e-08
1789968147.912 51.876 0.05094795 5.12510e-08
1789968147.922 51.965 0.05101126 3.62516e-08
1789968147.932 52.054 0.05111462 6.59673e-08
1789968147.942 52.143 0.05118725 7.84196e-08
1789968147.952 52.232 0.05125149 1.41530e-07
1789968147.962 52.320 0.05134833 2.65487e-07
1789968147.972 52.408 0.05143213 1.33242e-06
1789968147.982 52.497 0.05151780 7.36499e-06
1789968147.992 52.585 0.05159788 1.66623e-05
1789968148.002 52.673 0.05167516 3.30484e-05
1789968148.012 52.761 0.05176362 5.57674e-05
1789968148.022 52.848 0.05184463 8.33871e-05
1789968148.032 52.936 0.05194426 1.12674e-04
1789968148.042 53.023 0.05199919 1.17723e-04
1789968148.052 53.110 0.05210627 1.16967e-04
1789968148.062 53.197 0.05220125 8.75742e-05
1789968148.072 53.284 0.05228319 4.45665e-05
1789968148.082 53.371 0.05237724 3.62976e-05
1789968148.092 53.458 0.05245359 2.08262e-05
1789968148.102 53.544 0.05251598 1.57225e-05
1789968148.112 53.631 0.05259512 1.20538e-05
1789968148.122 53.717 0.05267240 9.23397e-06
1789968148.132 53.803 0.05275155 6.13391e-06
1789968148.142 53.889 0.05286329 3.34092e-06
1789968148.152 53.975 0.05293499 2.35776e-06
1789968148.162 54.060 0.05299644 9.43005e-07
1789968148.172 54.146 0.05309142 6.80658e-07
1789968148.182 54.231 0.05317336 4.75761e-07
1789968148.192 54.317 0.05327299 4.42649e-07
1789968148.202 54.402 0.05334468 4.26801e-07
1789968148.212 54.487 0.05342942 4.17179e-07
1789968148.222 54.572 0.05350298 3.32843e-07
1789968148.232 54.656 0.05358771 3.09070e-07
1789968148.242 54.741 0.05365661 3.31711e-07
1789968148.252 54.825 0.05375997 3.62558e-07
1789968148.262 54.910 0.05381491 4.01613e-07
1789968148.272 54.994 0.05392013 3.59162e-07
1789968148.282 55.078 0.05398344 5.27551e-07
1789968148.292 55.162 0.05405700 6.62828e-07
1789968148.302 55.246 0.05415943 8.04049e-07
1789968148.312 55.330 0.05422554 9.54042e-07
1789968148.322 55.413 0.05431306 1.00951e-06
1789968148.332 55.497 0.05438197 9.89701e-07
1789968148.342 55.580 0.05444808 1.15866e-06
1789968148.352 55.663 0.05455050 9.44703e-07
1789968148.362 55.746 0.05462313 7.20845e-07
1789968148.372 55.829 0.05470228 4.28499e-07
1789968148.382 55.912 0.05476559 4.65573e-07
1789968148.392 55.995 0.05484288 4.20575e-07
1789968148.402 56.077 0.05492110 4.15764e-07
1789968148.412 56.160 0.05499558 4.49158e-07
1789968148.422 56.242 0.05508590 4.53686e-07
1789968148.432 56.324 0.05516971 4.51989e-07
1789968148.442 56.407 0.05525630 4.03028e-07
1789968148.452 56.489 0.05533731 3.95953e-07
1789968148.462 56.570 0.05539132 3.66804e-07
1789968148.472 56.652 0.05546115 8.98573e-07
1789968148.482 56.734 0.05553937 3.83647e-06
1789968148.492 56.815 0.05563993 1.37994e-05
1789968148.502 56.897 0.05570977 3.96408e-05
1789968148.512 56.978 0.05577029 7.10950e-05
1789968148.522 57.059 0.05586154 1.08887e-04
1789968148.532 57.140 0.05595465 1.42909e-04
1789968148.542 57.221 0.05603566 1.69778e-04
1789968148.552 57.302 0.05611574 2.08483e-04
1789968148.562 57.383 0.05617161 2.05843e-04
1789968148.572 57.463 0.05625541 2.01853e-04
1789968148.582 57.544 0.05634294 1.63249e-04
1789968148.591 57.624 0.05639974 9.40137e-05
1789968148.601 57.704 0.05649192 6.70525e-05
1789968148.611 57.785 0.05655431 3.56942e-05
1789968148.621 57.865 0.05662693 2.18886e-05
1789968148.631 57.945 0.05670608 1.68044e-05
1789968148.641 58.024 0.05676939 1.25177e-05
1789968148.651 58.104 0.05686996 7.89167e-06
1789968148.661 58.184 0.05694445 4.93453e-06
1789968148.671 58.263 0.05700777 3.63751e-06
1789968148.681 58.343 0.05708412 2.21512e-06
1789968148.691 58.422 0.05715582 2.38804e-06
1789968148.701 58.501 0.05722752 2.42115e-06
1789968148.711 58.580 0.05731411 3.09499e-06
1789968148.721 58.659 0.05741188 3.75043e-06
1789968148.731 58.738 0.05747054 4.18570e-06
1789968148.741 58.817 0.05753852 4.37758e-06
1789968148.751 58.895 0.05759252 4.50210e-06
1789968148.761 58.974 0.05767725 4.21004e-06
1789968148.771 59.052 0.05778527 4.08523e-06
1789968148.781 59.130 0.05788397 2.95405e-06
1789968148.791 59.209 0.05791935 2.71151e-06
1789968148.801 59.287 0.05799105 2.06654e-06
1789968148.811 59.365 0.05807578 1.76429e-06
1789968148.821 59.443 0.05811675 1.56364e-06
1789968148.831 59.521 0.05819869 1.38167e-06
1789968148.841 59.598 0.05829925 1.12639e-06
1789968148.851 59.676 0.05837095 9.20082e-07
1789968148.861 59.753 0.05843799 6.68489e-07
1789968148.871 59.831 0.05851434 4.34442e-07
1789968148.881 59.908 0.05860094 4.40668e-07
1789968148.891 59.985 0.05864750 4.48026e-07
1789968148.901 60.062 0.05871081 4.86232e-07
1789968148.911 60.139 0.05880206 6.45565e-07
1789968148.921 60.216 0.05887935 5.81889e-07
1789968148.931 60.293 0.05895011 7.12355e-07
1789968148.941 60.370 0.05900691 8.15369e-07
1789968148.951 60.446 0.05909444 1.09158e-06
1789968148.961 60.523 0.05916427 1.28120e-06
1789968148.971 60.599 0.05922480 1.30780e-06
1789968148.981 60.676 0.05931698 1.62703e-06
1789968148.991 60.752 0.05939706 1.82655e-06
1789968149.001 60.828 0.05945293 2.00824e-06
1789968149.011 60.904 0.05951345 2.24427e-06
1789968149.021 60.980 0.05959446 2.32606e-06
1789968149.031 61.056 0.05966616 2.09314e-06
1789968149.041 61.132 0.05973506 1.76967e-06
1789968149.051 61.207 0.05981048 1.29139e-06
1789968149.061 61.283 0.05988590 8.80744e-07
1789968149.071 61.358 0.05998833 7.73201e-07
1789968149.081 61.434 0.06004513 7.00185e-07
1789968149.091 61.509 0.06011031 6.20378e-07
1789968149.101 61.584 0.06018666 8.49330e-07
1789968149.111 61.659 0.06023322 1.01659e-06
1789968149.121 61.734 0.06030212 1.05621e-06
1789968149.131 61.809 0.06036451 1.09158e-06
1789968149.141 61.884 0.06044179 9.82626e-07
1789968149.151 61.959 0.06054701 8.50745e-07
1789968149.161 62.033 0.06061777 8.05464e-07
1789968149.171 62.108 0.06069878 7.86502e-07
1789968149.181 62.182 0.06074534 9.82626e-07
1789968149.191 62.257 0.06082262 1.99296e-06
1789968149.201 62.331 0.06089618 4.12626e-06
1789968149.211 62.405 0.06094646 8.74182e-06
1789968149.221 62.480 0.06102282 2.32915e-05
1789968149.231 62.554 0.06110662 3.96017e-05
1789968149.241 62.627 0.06119508 5.43738e-05
1789968149.251 62.701 0.06123512 6.79746e-05
1789968149.261 62.775 0.06132171 8.33410e-05
1789968149.271 62.849 0.06139714 9.66078e-05
1789968149.281 62.922 0.06145486 1.11224e-04
1789968149.291 62.996 0.06152098 1.21547e-04
1789968149.301 63.069 0.06160664 1.19021e-04
1789968149.311 63.143 0.06165506 1.02796e-04
1789968149.321 63.216 0.06174631 8.66558e-05
1789968149.331 63.289 0.06181614 5.61019e-05
1789968149.341 63.362 0.06186922 3.28053e-05
1789968149.351 63.435 0.06193347 1.83151e-05
1789968149.361 63.508 0.06200423 1.01419e-05
1789968149.371 63.581 0.06207593 7.63244e-06
1789968149.381 63.654 0.06214204 6.21825e-06
1789968149.391 63.726 0.06221188 4.97132e-06
1789968149.401 63.799 0.06227798 4.16589e-06
1789968149.411 63.871 0.06236831 3.58148e-06
1789968149.421 63.944 0.06245025 3.19178e-06
1789968149.431 64.016 0.06250984 2.71859e-06
1789968149.441 64.088 0.06256105 1.91145e-06
1789968149.451 64.161 0.06260947 1.77137e-06
1789968149.461 64.233 0.06269606 1.32478e-06
1789968149.471 64.305 0.06278173 9.93380e-07
1789968149.481 64.377 0.06284319 9.82343e-07
1789968149.491 64.448 0.06289812 8.15086e-07
1789968149.501 64.520 0.06296889 6.74998e-07
1789968149.511 64.592 0.06304338 5.59814e-07
1789968149.521 64.664 0.06312159 4.95289e-07
1789968149.531 64.735 0.06318398 3.26899e-07
1789968149.541 64.807 0.06324264 3.19824e-07
1789968149.551 64.878 0.06329851 3.99632e-07
1789968149.561 64.949 0.06336741 4.50291e-07
1789968149.571 65.020 0.06344470 5.44815e-07
1789968149.581 65.092 0.06351826 5.53588e-07
1789968149.591 65.163 0.06359833 6.41320e-07
1789968149.601 65.234 0.06365793 7.23109e-07
1789968149.611 65.305 0.06370821 6.35377e-07
1789968149.621 65.375 0.06380225 7.70654e-07
1789968149.631 65.446 0.06385905 8.05181e-07
1789968149.641 65.517 0.06392795 1.04857e-06
1789968149.651 65.587 0.06398103 1.18554e-06
1789968149.661 65.658 0.06405273 1.47591e-06
1789968149.671 65.728 0.06410953 1.70514e-06
1789968149.681 65.799 0.06418402 2.08947e-06
1789968149.691 65.869 0.06425851 2.47577e-06
1789968149.701 65.939 0.06431717 2.91302e-06
1789968149.711 66.009 0.06438421 3.06499e-06
1789968149.721 66.080 0.06446894 2.90566e-06
1789968149.731 66.150 0.06455089 2.51001e-06
1789968149.741 66.219 0.06459931 2.22220e-06
1789968149.751 66.289 0.06466821 1.39525e-06
1789968149.761 66.359 0.06473804 1.00017e-06
1789968149.771 66.429 0.06477343 6.00850e-07
1789968149.781 66.498 0.06485164 5.47362e-07
1789968149.791 66.568 0.06492334 5.43683e-07
1789968149.801 66.637 0.06498945 6.00001e-07
1789968149.811 66.707 0.06505370 5.68021e-07
1789968149.821 66.776 0.06511888 6.02265e-07
1789968149.831 66.846 0.06518964 6.14717e-07
1789968149.841 66.915 0.06526134 5.83021e-07
1789968149.851 66.984 0.06531721 5.76229e-07
1789968149.861 67.053 0.06539729 5.42268e-07
1789968149.871 67.122 0.06545315 4.93873e-07
1789968149.881 67.191 0.06549692 5.41136e-07
1789968149.891 67.260 0.06556675 4.68969e-07
1789968149.901 67.328 0.06563193 4.60762e-07
1789968149.911 67.397 0.06570363 3.93689e-07
1789968149.921 67.466 0.06577160 3.36239e-07
1789968149.931 67.534 0.06584423 3.58879e-07
1789968149.941 67.603 0.06590848 3.75011e-07
1789968149.951 67.671 0.06596249 3.40767e-07
1789968149.961 67.740 0.06603605 3.41899e-07
1789968149.971 67.808 0.06609750 3.32843e-07
1789968149.981 67.876 0.06616641 4.13783e-07
1789968149.991 67.944 0.06624089 2.77373e-07
1789968150.001 68.012 0.06631538 2.68034e-07
1789968150.011 68.080 0.06637591 1.70680e-07
1789968150.021 68.148 0.06643178 9.93621e-08
1789968150.031 68.216 0.06648299 1.03324e-07
1789968150.041 68.284 0.06655282 8.26647e-08
1789968150.051 68.352 0.06659752 1.11248e-07
1789968150.061 68.419 0.06667015 1.08984e-07
1789968150.071 68.487 0.06676233 1.17475e-07
1789968150.081 68.555 0.06680516 1.25399e-07
1789968150.091 68.622 0.06685172 1.12380e-07
1789968150.101 68.689 0.06694949 1.25682e-07
1789968150.111 68.757 0.06702119 1.42096e-07
1789968150.121 68.824 0.06706122 1.48605e-07
1789968150.131 68.891 0.06713106 1.91622e-07
1789968150.141 68.958 0.06719158 2.16810e-07
1789968150.151 69.026 0.06725211 2.69449e-07
1789968150.161 69.093 0.06732566 2.95769e-07
1789968150.171 69.160 0.06741226 2.91807e-07
1789968150.181 69.226 0.06747558 3.15013e-07
1789968150.191 69.293 0.06751376 2.47092e-07
1789968150.201 69.360 0.06757428 2.57846e-07
1789968150.211 69.427 0.06763294 2.13697e-07
1789968150.221 69.493 0.06769998 1.79170e-07
1789968150.231 69.560 0.06775864 2.26149e-07
1789968150.241 69.626 0.06782196 1.80019e-07
1789968150.251 69.693 0.06788062 3.50106e-07
1789968150.261 69.759 0.06795511 4.02462e-07
1789968150.271 69.825 0.06802495 9.70457e-07
1789968150.281 69.892 0.06807337 2.46869e-06
1789968150.291 69.958 0.06816927 5.35225e-06
1789968150.301 70.024 0.06822886 9.41198e-06
1789968150.311 70.090 0.06828753 1.36126e-05
1789968150.321 70.156 0.06836109 1.92651e-05
1789968150.331 70.222 0.06842720 2.66737e-05
1789968150.341 70.288 0.06845700 3.53555e-05
1789968150.351 70.354 0.06850914 4.60758e-05
1789968150.360 70.420 0.06859480 6.21517e-05
1789968150.371 70.485 0.06864881 8.51437e-05
1789968150.380 70.551 0.06871119 1.07408e-04
1789968150.390 70.616 0.06876985 1.25470e-04
1789968150.400 70.682 0.06886204 1.26590e-04
1789968150.410 70.747 0.06890953 1.25411e-04
1789968150.420 70.813 0.06895701 1.08380e-04
1789968150.430 70.878 0.06902033 8.53161e-05
1789968150.440 70.943 0.06909482 6.28782e-05
1789968150.450 71.009 0.06917955 3.18148e-05
1789968150.460 71.074 0.06922704 1.91870e-05
1789968150.470 71.139 0.06927267 9.80281e-06
1789968150.480 71.204 0.06933878 7.38622e-06
1789968150.490 71.269 0.06942165 6.29523e-06
1789968150.500 71.334 0.06947100 5.46347e-06
1789968150.510 71.399 0.06953432 4.84312e-06
1789968150.520 71.463 0.06958832 4.42540e-06
1789968150.530 71.528 0.06963302 3.92929e-06
1789968150.540 71.593 0.06969168 3.42413e-06
1789968150.550 71.657 0.06973823 3.15555e-06
1789968150.560 71.722 0.06981459 2.65180e-06
1789968150.570 71.786 0.06990398 2.29804e-06
1789968150.580 71.851 0.06996357 2.02749e-06
1789968150.590 71.915 0.07002503 1.64826e-06
1789968150.600 71.980 0.07006972 1.41308e-06
1789968150.610 72.044 0.07012000 1.22233e-06
1789968150.620 72.108 0.07018704 1.00555e-06
1789968150.630 72.172 0.07026712 8.95177e-07
1789968150.640 72.236 0.07032299 7.90181e-07
1789968150.650 72.300 0.07037141 7.27354e-07
1789968150.660 72.364 0.07043566 6.31415e-07
1789968150.670 72.428 0.07050642 5.70285e-07
1789968150.680 72.492 0.07056974 5.38589e-07
1789968150.690 72.556 0.07062188 4.64158e-07
1789968150.700 72.620 0.07069079 4.44347e-07
1789968150.710 72.683 0.07074107 3.96802e-07
1789968150.720 72.747 0.07079321 3.78690e-07
1789968150.730 72.811 0.07085280 3.73313e-07
1789968150.740 72.874 0.07090960 3.30862e-07
1789968150.750 72.938 0.07098037 3.14730e-07
1789968150.760 73.001 0.07103531 2.82467e-07
1789968150.770 73.064 0.07111911 2.59827e-07
1789968150.780 73.128 0.07117684 2.60393e-07
1789968150.790 73.191 0.07122060 2.27281e-07
1789968150.800 73.254 0.07126995 2.25866e-07
1789968150.810 73.317 0.07132303 2.11433e-07
1789968150.820 73.380 0.07139472 2.10018e-07
1789968150.830 73.444 0.07145432 2.15112e-07
1789968150.840 73.507 0.07152787 1.91622e-07
1789968150.850 73.569 0.07158840 2.19074e-07
1789968150.860 73.632 0.07164986 2.13980e-07
1789968150.870 73.695 0.07172062 2.25300e-07
1789968150.880 73.758 0.07176532 2.60110e-07
1789968150.890 73.821 0.07182304 2.36337e-07
1789968150.900 73.883 0.07187705 2.56148e-07
1789968150.910 73.946 0.07193757 2.26998e-07
1789968150.920 74.009 0.07198879 2.25583e-07
1789968150.930 74.071 0.07206979 2.31243e-07
1789968150.940 74.133 0.07213311 1.74076e-07
1789968150.950 74.196 0.07217501 1.63888e-07
1789968150.960 74.258 0.07224299 1.46907e-07
1789968150.970 74.321 0.07230351 1.41530e-07
1789968150.980 74.383 0.07233331 1.74359e-07
1789968150.990 74.445 0.07238731 1.74642e-07
1789968151.000 74.507 0.07245994 1.97565e-07
1789968151.010 74.569 0.07253536 2.00679e-07
1789968151.020 74.631 0.07259868 2.02094e-07
1789968151.030 74.693 0.07266572 2.18225e-07
1789968151.040 74.755 0.07270390 2.06622e-07
1789968151.050 74.817 0.07274022 2.40583e-07
1789968151.060 74.879 0.07281098 2.74543e-07
1789968151.070 74.941 0.07288268 3.08221e-07
1789968151.080 75.002 0.07293575 3.46710e-07
1789968151.090 75.064 0.07299162 3.41899e-07
1789968151.100 75.126 0.07305214 3.37371e-07
1789968151.110 75.187 0.07312477 3.04259e-07
1789968151.120 75.249 0.07319181 2.81619e-07
1789968151.130 75.310 0.07324489 2.38884e-07
1789968151.140 75.372 0.07328213 1.71246e-07
1789968151.150 75.433 0.07334545 1.35021e-07
1789968151.160 75.494 0.07339200 9.20040e-08
1789968151.170 75.556 0.07346743 8.66268e-08
1789968151.180 75.617 0.07353633 1.11248e-07
1789968151.190 75.678 0.07357358 1.28795e-07
1789968151.200 75.739 0.07364062 1.93037e-07
1789968151.210 75.800 0.07371045 2.46526e-07
1789968151.220 75.861 0.07373280 3.30579e-07
1789968151.230 75.922 0.07379705 4.48026e-07
1789968151.240 75.983 0.07386316 5.60380e-07
1789968151.250 76.044 0.07391623 7.02733e-07
1789968151.260 76.105 0.07398700 8.75933e-07
1789968151.270 76.166 0.07402238 1.18469e-06
1789968151.280 76.227 0.07407732 1.48751e-06
1789968151.290 76.287 0.07415647 2.15739e-06
1789968151.300 76.348 0.07422817 2.86972e-06
1789968151.310 76.408 0.07430359 3.26281e-06
1789968151.320 76.469 0.07433152 3.56280e-06
1789968151.330 76.530 0.07439950 3.59308e-06
1789968151.340 76.590 0.07445536 3.27979e-06
1789968151.350 76.650 0.07450099 2.93452e-06
1789968151.360 76.711 0.07456989 2.54341e-06
1789968151.370 76.771 0.07463880 1.74589e-06
1789968151.380 76.831 0.07468163 1.18328e-06
1789968151.390 76.892 0.07474960 6.02265e-07
1789968151.400 76.952 0.07478405 4.43498e-07
1789968151.410 77.012 0.07484365 2.90392e-07
1789968151.420 77.072 0.07489765 2.43979e-07
1789968151.430 77.132 0.07494514 2.21621e-07
1789968151.440 77.192 0.07501218 1.72378e-07
1789968151.450 77.252 0.07506339 1.69548e-07
1789968151.460 77.312 0.07513230 1.49171e-07
1789968151.470 77.372 0.07519561 1.43794e-07
1789968151.480 77.431 0.07523658 1.51718e-07
1789968151.490 77.491 0.07529525 1.25116e-07
1789968151.500 77.551 0.07535297 1.42379e-07
1789968151.510 77.610 0.07543864 1.22569e-07
1789968151.520 77.670 0.07548240 1.15210e-07
1789968151.530 77.730 0.07552431 1.21437e-07
1789968151.540 77.789 0.07557365 8.40798e-08
1789968151.550 77.849 0.07563139 8.97399e-08
1789968151.560 77.908 0.07569656 6.45523e-08
1789968151.570 77.967 0.07574964 5.80432e-08
1789968151.580 78.027 0.07580364 5.86092e-08
1789968151.590 78.086 0.07586044 3.76667e-08
1789968151.600 78.145 0.07592190 5.21000e-08
1789968151.610 78.205 0.07599546 3.59686e-08
1789968151.620 78.264 0.07604387 3.48366e-08
1789968151.630 78.323 0.07608392 3.99307e-08
1789968151.640 78.382 0.07614444 2.09693e-08
1789968151.650 78.441 0.07620217 3.79497e-08
1789968151.660 78.500 0.07625431 2.57804e-08
1789968151.670 78.559 0.07630180 2.77614e-08
1789968151.680 78.618 0.07635581 3.51196e-08
1789968151.690 78.677 0.07642378 2.01203e-08
1789968151.700 78.735 0.07650665 4.07797e-08
1789968151.710 78.794 0.07655414 3.71007e-08
1789968151.720 78.853 0.07659790 4.75719e-08
1789968151.730 78.911 0.07666401 6.59673e-08
1789968151.740 78.970 0.07672826 6.31373e-08
1789968151.750 79.029 0.07675806 9.62491e-08
1789968151.760 79.087 0.07680182 9.85131e-08
1789968151.770 79.146 0.07683534 1.06437e-07
1789968151.780 79.204 0.07692845 1.20871e-07
1789968151.790 79.263 0.07700481 1.00211e-07
1789968151.800 79.321 0.07704484 1.02192e-07
1789968151.810 79.379 0.07709699 7.87027e-08
1789968151.820 79.438 0.07713516 6.93634e-08
1789968151.830 79.496 0.07719383 6.90804e-08
1789968151.840 79.554 0.07728787 4.19118e-08
1789968151.850 79.612 0.07734839 5.18170e-08
1789968151.860 79.670 0.07738099 3.37046e-08
1789968151.870 79.728 0.07743406 3.39876e-08
1789968151.880 79.786 0.07751693 4.16288e-08
1789968151.890 79.844 0.07754487 2.29503e-08
1789968151.900 79.902 0.07759236 4.02137e-08
1789968151.910 79.960 0.07765195 2.80445e-08
1789968151.920 80.018 0.07771713 2.88935e-08
1789968151.930 80.076 0.07778789 3.73837e-08
1789968151.940 80.134 0.07782235 1.92712e-08
1789968151.950 80.191 0.07788938 3.68177e-08
1789968151.960 80.249 0.07793036 2.21013e-08
1789968151.970 80.307 0.07798529 2.52144e-08
1789968151.980 80.364 0.07804116 4.24778e-08
1789968151.990 80.422 0.07806630 4.30438e-08
1789968152.000 80.479 0.07812682 7.04955e-08
1789968152.010 80.537 0.07819759 9.70981e-08
1789968152.020 80.594 0.07827674 1.15210e-07
1789968152.030 80.652 0.07833260 1.75208e-07
1789968152.040 80.709 0.07837916 2.18508e-07
1789968152.050 80.766 0.07840617 3.34541e-07
1789968152.060 80.824 0.07845831 5.45098e-07
1789968152.070 80.881 0.07852256 1.12951e-06
1789968152.080 80.938 0.07858401 1.92872e-06
1789968152.090 80.995 0.07863336 3.10687e-06
1789968152.100 81.052 0.07867899 4.87821e-06
1789968152.110 81.110 0.07874230 6.71719e-06
1789968152.120 81.167 0.07881493 7.89167e-06
1789968152.130 81.224 0.07887173 1.09382e-05
1789968152.139 81.281 0.07889780 1.42435e-05
1789968152.150 81.337 0.07895740 1.77287e-05
1789968152.159 81.394 0.07903468 2.14839e-05
1789968152.169 81.451 0.07908403 2.69491e-05
1789968152.179 81.508 0.07913338 3.36088e-05
1789968152.189 81.565 0.07918366 4.53289e-05
1789968152.199 81.621 0.07922184 6.26651e-05
1789968152.209 81.678 0.07929074 8.23301e-05
1789968152.219 81.735 0.07934288 1.01443e-04
1789968152.229 81.791 0.07941179 1.15195e-04
1789968152.239 81.848 0.07944996 1.22712e-04
1789968152.249 81.905 0.07950025 1.21982e-04
1789968152.259 81.961 0.07954960 1.22568e-04
1789968152.269 82.017 0.07958032 1.12112e-04
1789968152.279 82.074 0.07963247 1.00184e-04
1789968152.289 82.130 0.07969393 8.04475e-05
1789968152.299 82.187 0.07977214 5.51988e-05
1789968152.309 82.243 0.07982708 3.34724e-05
1789968152.319 82.299 0.07985687 2.43680e-05
1789968152.329 82.355 0.07991740 1.52113e-05
1789968152.339 82.412 0.07998630 1.03951e-05
1789968152.349 82.468 0.08003751 8.08468e-06
1789968152.359 82.524 0.08009897 6.23410e-06
1789968152.369 82.580 0.08015111 5.14594e-06
1789968152.379 82.636 0.08018742 4.32635e-06
1789968152.389 82.692 0.08023492 3.54469e-06
1789968152.399 82.748 0.08029916 3.17423e-06
1789968152.409 82.804 0.08034758 2.88754e-06
1789968152.419 82.860 0.08041835 2.52586e-06
1789968152.429 82.915 0.08047794 2.12229e-06
1789968152.439 82.971 0.08052822 2.08947e-06
1789968152.449 83.027 0.08056174 1.71901e-06
1789968152.459 83.083 0.08061947 1.56675e-06
1789968152.469 83.138 0.08066975 1.41704e-06
1789968152.479 83.194 0.08073214 1.31742e-06
1789968152.489 83.250 0.08077683 1.34487e-06
1789968152.499 83.305 0.08083736 1.14026e-06
1789968152.509 83.361 0.08090906 1.01064e-06
1789968152.519 83.416 0.08095282 1.03102e-06
1789968152.529 83.472 0.08099285 9.13855e-07
1789968152.539 83.527 0.08105617 8.80744e-07
1789968152.549 83.583 0.08110925 8.70838e-07
1789968152.559 83.638 0.08116791 7.07544e-07
1789968152.569 83.693 0.08119957 7.83672e-07
1789968152.579 83.748 0.08126009 6.88582e-07
1789968152.589 83.804 0.08129641 6.25189e-07
1789968152.599 83.859 0.08135414 5.93775e-07
1789968152.609 83.914 0.08141652 5.12835e-07
1789968152.619 83.969 0.08148263 5.20193e-07
1789968152.629 84.024 0.08152174 5.29532e-07
1789968152.639 84.079 0.08154688 4.74629e-07
1789968152.649 84.134 0.08161206 4.08122e-07
1789968152.659 84.189 0.08166234 3.88029e-07
1789968152.669 84.244 0.08172380 3.53219e-07
1789968152.679 84.299 0.08178618 3.58596e-07
1789968152.689 84.354 0.08183367 3.10768e-07
1789968152.699 84.409 0.08189792 3.18126e-07
1789968152.709 84.464 0.08194075 3.27183e-07
1789968152.719 84.519 0.08196868 2.92656e-07
1789968152.729 84.573 0.08203014 2.58978e-07
1789968152.739 84.628 0.08207297 2.43696e-07
1789968152.749 84.683 0.08210742 2.43696e-07
1789968152.759 84.737 0.08216981 2.34922e-07
1789968152.769 84.792 0.08225175 2.04075e-07
1789968152.779 84.847 0.08230575 2.19074e-07
1789968152.789 84.901 0.08234952 1.94735e-07
1789968152.799 84.956 0.08241004 2.08037e-07
1789968152.809 85.010 0.08246033 1.88792e-07
1789968152.819 85.064 0.08250316 1.85679e-07
1789968152.829 85.119 0.08255250 1.80019e-07
1789968152.839 85.173 0.08259906 1.59926e-07
1789968152.849 85.228 0.08267169 1.78604e-07
1789968152.859 85.282 0.08270894 1.49171e-07
1789968152.869 85.336 0.08276015 1.67284e-07
1789968152.879 85.390 0.08280205 1.48039e-07
1789968152.889 85.444 0.08286630 1.38700e-07
1789968152.899 85.499 0.08291844 1.84830e-07
1789968152.909 85.553 0.08295941 1.19739e-07
1789968152.919 85.607 0.08301156 1.37285e-07
1789968152.929 85.661 0.08307580 1.26248e-07
1789968152.939 85.715 0.08312236 1.37002e-07
1789968152.949 85.769 0.08317264 1.44926e-07
1789968152.959 85.823 0.08323037 1.09267e-07
1789968152.969 85.877 0.08330021 1.19739e-07
1789968152.979 85.931 0.08335328 1.24833e-07
1789968152.989 85.984 0.08339984 1.23135e-07
1789968152.999 86.038 0.08344733 1.41530e-07
1789968153.009 86.092 0.08347992 1.45492e-07
1789968153.019 86.146 0.08352182 1.56813e-07
1789968153.029 86.199 0.08356465 1.66718e-07
1789968153.039 86.253 0.08361121 1.91056e-07
1789968153.049 86.307 0.08367173 2.20489e-07
1789968153.059 86.360 0.08372294 2.33790e-07
1789968153.069 86.414 0.08378626 2.82467e-07
1789968153.079 86.467 0.08384864 3.26050e-07
1789968153.089 86.521 0.08388869 3.63690e-07
1789968153.099 86.574 0.08394269 4.59913e-07
1789968153.109 86.628 0.08398273 5.37739e-07
1789968153.119 86.681 0.08404511 7.06695e-07
1789968153.129 86.735 0.08409912 9.03101e-07
1789968153.139 86.788 0.08415219 1.03526e-06
1789968153.149 86.841 0.08418944 1.15328e-06
1789968153.159 86.895 0.08424158 1.19460e-06
1789968153.169 86.948 0.08430211 1.20762e-06
1789968153.179 87.001 0.08434308 1.20252e-06
1789968153.189 87.054 0.08440174 1.12611e-06
1789968153.199 87.107 0.08444457 1.08394e-06
1789968153.209 87.161 0.08450044 9.24044e-07
1789968153.219 87.214 0.08456655 7.35844e-07
1789968153.229 87.267 0.08460286 5.67172e-07
1789968153.239 87.320 0.08465966 4.18311e-07
1789968153.249 87.373 0.08471739 3.30296e-07
1789968153.259 87.426 0.08474626 2.33224e-07
1789968153.269 87.479 0.08478537 1.77472e-07
1789968153.279 87.531 0.08484403 1.26814e-07
1789968153.289 87.584 0.08490548 8.80419e-08
1789968153.299 87.637 0.08495297 8.40798e-08
1789968153.309 87.690 0.08500605 5.37981e-08
1789968153.319 87.743 0.08506191 5.77601e-08
1789968153.329 87.795 0.08512151 4.89869e-08
1789968153.339 87.848 0.08514851 3.45536e-08
1789968153.349 87.901 0.08519599 4.70059e-08
1789968153.359 87.953 0.08524628 2.66294e-08
1789968153.369 88.006 0.08528911 3.48366e-08
1789968153.379 88.059 0.08533474 3.31386e-08
1789968153.389 88.111 0.08537850 2.12523e-08
1789968153.399 88.164 0.08544368 3.79497e-08
1789968153.409 88.216 0.08549489 2.01203e-08
1789968153.419 88.269 0.08554517 3.05915e-08
1789968153.429 88.321 0.08560197 2.74784e-08
1789968153.439 88.373 0.08563735 1.72902e-08
1789968153.449 88.426 0.08570253 3.51196e-08
1789968153.459 88.478 0.08574723 1.98373e-08
1789968153.469 88.530 0.08577609 2.88935e-08
1789968153.479 88.583 0.08583941 2.94595e-08
1789968153.489 88.635 0.08590459 1.78562e-08
1789968153.499 88.687 0.08595766 3.73837e-08
1789968153.509 88.739 0.08601633 1.95543e-08
1789968153.519 88.791 0.08604053 3.00255e-08
1789968153.529 88.843 0.08610665 2.97425e-08
1789968153.539 88.896 0.08613644 1.70072e-08
1789968153.549 88.948 0.08618579 3.37046e-08
1789968153.559 89.000 0.08623421 1.67242e-08
1789968153.569 89.052 0.08627518 2.35163e-08
1789968153.579 89.104 0.08633477 2.15353e-08
1789968153.589 89.155 0.08636829 1.24791e-08
1789968153.599 89.207 0.08644279 2.77614e-08
1789968153.609 89.259 0.08649120 1.10640e-08
1789968153.619 89.311 0.08653404 1.89882e-08
1789968153.629 89.363 0.08656570 1.81392e-08
1789968153.639 89.415 0.08661411 1.13471e-08
1789968153.649 89.466 0.08668022 2.66294e-08
1789968153.659 89.518 0.08673888 1.02150e-08
1789968153.669 89.570 0.08679662 2.06863e-08
1789968153.679 89.621 0.08685527 1.95543e-08
1789968153.689 89.673 0.08688321 1.07810e-08
1789968153.699 89.725 0.08691021 2.74784e-08
1789968153.709 89.776 0.08696795 9.93202e-09
1789968153.719 89.828 0.08701543 1.92712e-08
1789968153.729 89.879 0.08707410 1.87052e-08
1789968153.739 89.931 0.08712531 9.93202e-09
1789968153.749 89.982 0.08717559 2.49314e-08
1789968153.759 90.034 0.08722494 8.79999e-09
1789968153.769 90.085 0.08727801 1.92712e-08
1789968153.779 90.136 0.08732178 1.81392e-08
1789968153.789 90.188 0.08737764 1.10640e-08
1789968153.799 90.239 0.08740651 2.69124e-08
1789968153.809 90.290 0.08746796 1.21961e-08
1789968153.819 90.342 0.08751172 2.37993e-08
1789968153.829 90.393 0.08754618 2.32333e-08
1789968153.839 90.444 0.08759460 1.55921e-08
1789968153.849 90.495 0.08765512 3.25725e-08
1789968153.859 90.546 0.08772030 1.47431e-08
1789968153.869 90.597 0.08774637 2.66294e-08
1789968153.879 90.648 0.08780131 2.32333e-08
1789968153.889 90.699 0.08785346 1.33281e-08
1789968153.899 90.750 0.08790467 3.05915e-08
1789968153.909 90.801 0.08796054 1.27621e-08
1789968153.919 90.852 0.08801082 2.21013e-08
1789968153.928 90.903 0.08803223 1.89882e-08
1789968153.938 90.954 0.08808251 9.36600e-09
1789968153.948 91.005 0.08814676 2.57804e-08
1789968153.958 91.056 0.08820729 8.23398e-09
1789968153.968 91.107 0.08823056 1.98373e-08
1789968153.978 91.157 0.08827246 1.47431e-08
1789968153.988 91.208 0.08833671 9.08300e-09
1789968153.998 91.259 0.08839445 2.63464e-08
1789968154.008 91.310 0.08844286 1.04980e-08
1789968154.018 91.360 0.08849221 2.46484e-08
1789968154.028 91.411 0.08852015 2.09693e-08
1789968154.038 91.462 0.08857694 1.61582e-08
1789968154.048 91.512 0.08862350 3.48366e-08
1789968154.058 91.563 0.08870078 2.04033e-08
1789968154.068 91.613 0.08873338 3.56856e-08
1789968154.078 91.664 0.08874734 2.97425e-08
1789968154.088 91.714 0.08881997 2.21013e-08
1789968154.098 91.765 0.08886374 4.13458e-08
1789968154.108 91.815 0.08891122 2.35163e-08
1789968154.118 91.866 0.08894846 3.65346e-08
1789968154.128 91.916 0.08900340 2.97425e-08
1789968154.138 91.966 0.08904717 2.01203e-08
1789968154.148 92.017 0.08909931 3.87987e-08
1789968154.158 92.067 0.08915611 2.29503e-08
1789968154.168 92.117 0.08921384 3.56856e-08
1789968154.178 92.167 0.08924457 3.05915e-08
1789968154.188 92.218 0.08930416 1.95543e-08
1789968154.198 92.268 0.08934234 4.04967e-08
1789968154.208 92.318 0.08940193 2.29503e-08
1789968154.218 92.368 0.08944476 3.62516e-08
1789968154.228 92.418 0.08948666 2.43654e-08
1789968154.238 92.468 0.08952484 2.06863e-08
1789968154.248 92.518 0.08958536 3.48366e-08
1789968154.258 92.568 0.08962913 1.67242e-08
1789968154.268 92.618 0.08967754 3.08745e-08
1789968154.278 92.668 0.08972782 2.43654e-08
1789968154.288 92.718 0.08976507 2.35163e-08
1789968154.298 92.768 0.08981349 4.95530e-08
1789968154.308 92.818 0.08986657 4.36098e-08
1789968154.318 92.868 0.08991126 7.61556e-08
1789968154.328 92.917 0.08996061 6.90804e-08
1789968154.338 92.967 0.09000158 9.11549e-08
1789968154.348 93.017 0.09005745 1.10965e-07
1789968154.358 93.067 0.09011704 1.22852e-07
1789968154.368 93.117 0.09015801 1.69831e-07
1789968154.378 93.166 0.09020829 1.81151e-07
1789968154.388 93.216 0.09025578 2.13131e-07
1789968154.398 93.266 0.09028558 2.72562e-07
1789968154.408 93.315 0.09033679 3.25484e-07
1789968154.418 93.365 0.09039825 4.11236e-07
1789968154.428 93.414 0.09044201 4.81704e-07
1789968154.438 93.464 0.09048204 6.19246e-07
1789968154.448 93.513 0.09053512 7.87352e-07
1789968154.458 93.563 0.09057423 9.12157e-07
1789968154.468 93.612 0.09062451 1.17281e-06
1789968154.478 93.662 0.09067107 1.43346e-06
1789968154.488 93.711 0.09071669 1.76882e-06
1789968154.498 93.760 0.09076790 2.17352e-06
1789968154.508 93.810 0.09080329 2.63623e-06
1789968154.518 93.859 0.09085078 2.88953e-06
1789968154.528 93.908 0.09091409 3.11536e-06
1789968154.538 93.958 0.09096158 3.30470e-06
1789968154.548 94.007 0.09099789 3.39130e-06
1789968154.558 94.056 0.09104072 3.21725e-06
1789968154.568 94.105 0.09107704 3.30611e-06
1789968154.578 94.154 0.09113942 3.14763e-06
1789968154.588 94.204 0.09119995 2.94245e-06
1789968154.598 94.253 0.09126047 2.59237e-06
1789968154.608 94.302 0.09128655 2.25785e-06
1789968154.618 94.351 0.09131262 1.96749e-06
1789968154.628 94.400 0.09135731 1.56675e-06
1789968154.638 94.449 0.09142435 1.24271e-06
1789968154.648 94.498 0.09145229 1.04092e-06
1789968154.658 94.547 0.09148954 7.74050e-07
1789968154.668 94.596 0.09154912 6.34528e-07
1789968154.678 94.645 0.09161896 5.65757e-07
1789968154.688 94.694 0.09165993 4.44913e-07
1789968154.698 94.743 0.09168321 3.71332e-07
1789968154.708 94.791 0.09171952 3.01429e-07
1789968154.718 94.840 0.09178843 2.90392e-07
1789968154.728 94.889 0.09183778 1.92754e-07
1789968154.738 94.938 0.09188526 1.33606e-07
1789968154.748 94.986 0.09193555 1.30493e-07
1789968154.758 95.035 0.09197465 9.48340e-08
1789968154.768 95.084 0.09201935 1.05588e-07
1789968154.778 95.133 0.09206311 7.98347e-08
1789968154.788 95.181 0.09211525 6.62504e-08
1789968154.798 95.230 0.09217671 6.96464e-08
1789968154.808 95.278 0.09221302 4.41758e-08
1789968154.818 95.327 0.09226051 5.60621e-08
1789968154.828 95.375 0.09229962 4.13458e-08
1789968154.838 95.424 0.09234245 3.31386e-08
1789968154.848 95.472 0.09238063 4.47418e-08
1789968154.858 95.521 0.09242905 1.84222e-08
1789968154.868 95.569 0.09247839 3.56856e-08
1789968154.878 95.618 0.09252123 2.69124e-08
1789968154.888 95.666 0.09257244 1.47431e-08
1789968154.898 95.715 0.09262366 2.63464e-08
1789968154.908 95.763 0.09265252 8.51698e-09
1789968154.918 95.811 0.09272049 2.49314e-08
1789968154.928 95.859 0.09274656 1.41771e-08
1789968154.938 95.908 0.09279498 1.07810e-08
1789968154.948 95.956 0.09283875 1.81392e-08
1789968154.958 96.004 0.09289648 -1.10524e-09
1789968154.968 96.052 0.09295514 1.98373e-08
1789968154.978 96.101 0.09298307 3.42286e-09
1789968154.988 96.149 0.09303522 -2.80328e-09
1789968154.998 96.197 0.09307153 1.13471e-08
1789968155.008 96.245 0.09309667 -1.10105e-08
1789968155.018 96.293 0.09315161 1.44181e-09
1789968155.028 96.341 0.09318792 -3.93531e-09
1789968155.038 96.389 0.09326335 -1.63876e-08
1789968155.048 96.437 0.09330152 -2.23727e-09
1789968155.058 96.485 0.09333876 -2.20477e-08
1789968155.068 96.533 0.09339370 -9.02943e-09
1789968155.078 96.581 0.09343281 -1.83687e-08
1789968155.088 96.629 0.09346167 -2.51608e-08
1789968155.098 96.677 0.09351289 -1.35575e-08
1789968155.108 96.725 0.09356782 -3.42170e-08
1789968155.118 96.772 0.09360973 -2.23307e-08
1789968155.128 96.820 0.09367304 -3.45000e-08
1789968155.138 96.868 0.09371308 -3.70471e-08
1789968155.148 96.916 0.09373729 -2.48778e-08
1789968155.158 96.964 0.09379409 -4.58203e-08
1789968155.168 97.011 0.09384530 -2.94059e-08
1789968155.178 97.059 0.09390582 -3.95941e-08
1789968155.188 97.107 0.09392911 -4.01601e-08
1789968155.198 97.154 0.09397752 -2.51608e-08
1789968155.208 97.202 0.09404084 -4.24242e-08
1789968155.218 97.250 0.09407529 -2.23307e-08
1789968155.228 97.297 0.09410974 -3.42170e-08
1789968155.238 97.345 0.09413489 -3.25190e-08
1789968155.248 97.392 0.09419727 -1.78026e-08
1789968155.258 97.440 0.09423545 -3.47830e-08
1789968155.268 97.487 0.09428852 -1.32745e-08
1789968155.278 97.535 0.09432484 -1.75196e-08
1789968155.288 97.582 0.09438536 -1.04445e-08
1789968155.298 97.630 0.09443378 8.23398e-09
1789968155.308 97.677 0.09446544 -3.08629e-09
1789968155.318 97.724 0.09451386 1.67242e-08
1789968155.328 97.772 0.09456134 1.07810e-08
1789968155.338 97.819 0.09460604 1.19131e-08
1789968155.348 97.866 0.09466097 2.21013e-08
1789968155.358 97.914 0.09472336 4.55489e-09
1789968155.368 97.961 0.09475223 2.21013e-08
1789968155.378 98.008 0.09477085 1.16301e-08
1789968155.388 98.055 0.09485651 1.10640e-08
1789968155.398 98.102 0.09490121 2.12523e-08
1789968155.408 98.150 0.09493101 4.83790e-09
1789968155.418 98.197 0.09497197 2.09693e-08
1789968155.428 98.244 0.09502784 1.13471e-08
1789968155.438 98.291 0.09508278 1.10640e-08
1789968155.448 98.338 0.09510606 2.04033e-08
1789968155.458 98.385 0.09512841 2.85685e-09
1789968155.468 98.432 0.09519265 1.98373e-08
1789968155.478 98.479 0.09523363 9.93202e-09
1789968155.488 98.526 0.09527366 1.07810e-08
1789968155.498 98.573 0.09531836 2.01203e-08
1789968155.508 98.620 0.09537888 2.00783e-09
1789968155.518 98.667 0.09543475 1.92712e-08
1789968155.528 98.714 0.09547944 1.02150e-08
1789968155.538 98.761 0.09551576 1.02150e-08
1789968155.548 98.808 0.09554183 1.98373e-08
1789968155.558 98.854 0.09558001 3.42286e-09
1789968155.568 98.901 0.09560980 2.74784e-08
1789968155.578 98.948 0.09566660 2.52144e-08
1789968155.588 98.995 0.09571409 6.25713e-08
1789968155.598 99.041 0.09575506 1.41247e-07
1789968155.608 99.088 0.09581651 2.40299e-07
1789968155.618 99.135 0.09587238 3.38503e-07
1789968155.628 99.182 0.09592080 5.24721e-07
1789968155.638 99.228 0.09596084 5.64908e-07
1789968155.648 99.275 0.09600274 8.66027e-07
1789968155.658 99.321 0.09603347 8.59518e-07
1789968155.668 99.368 0.09608282 1.16771e-06
1789968155.678 99.415 0.09612193 1.19771e-06
1789968155.687 99.461 0.09616476 1.75269e-06
1789968155.697 99.508 0.09622342 1.87976e-06
1789968155.707 99.554 0.09625880 3.35677e-06
1789968155.717 99.601 0.09630722 2.95377e-06
1789968155.727 99.647 0.09634447 3.71053e-06
1789968155.737 99.694 0.09640592 4.94840e-06
1789968155.747 99.740 0.09643292 5.73205e-06
1789968155.757 99.786 0.09646738 6.95831e-06
1789968155.767 99.833 0.09653162 8.91530e-06
1789968155.777 99.879 0.09657725 1.09770e-05
1789968155.787 99.925 0.09660332 1.31661e-05
1789968155.797 99.972 0.09663032 1.65344e-05
1789968155.807 100.018 0.09668247 2.29479e-05
1789968155.817 100.064 0.09674113 2.56673e-05
1789968155.827 100.110 0.09681004 3.20967e-05
1789968155.837 100.157 0.09683797 3.93810e-05
1789968155.847 100.203 0.09687800 4.51308e-05
1789968155.857 100.249 0.09690967 5.77543e-05
1789968155.867 100.295 0.09694226 6.58110e-05
1789968155.877 100.341 0.09700651 8.13098e-05
1789968155.887 100.387 0.09706144 8.76056e-05
1789968155.897 100.434 0.09709682 9.50028e-05
1789968155.907 100.480 0.09712476 1.05636e-04
1789968155.917 100.526 0.09716387 1.03455e-04
1789968155.927 100.572 0.09721508 1.05198e-04
1789968155.937 100.618 0.09726722 1.07081e-04
1789968155.947 100.664 0.09731564 1.00703e-04
1789968155.957 100.710 0.09734637 9.44278e-05
1789968155.967 100.756 0.09739572 8.94618e-05
1789968155.977 100.802 0.09744413 8.30481e-05
1789968155.987 100.847 0.09747859 7.40533e-05
1789968155.997 100.893 0.09750187 6.44610e-05
1789968156.007 100.939 0.09753539 5.40809e-05
1789968156.017 100.985 0.09760429 4.73762e-05
1789968156.027 101.031 0.09765085 3.72913e-05
1789968156.037 101.077 0.09768903 3.26613e-05
1789968156.047 101.122 0.09773744 2.72994e-05
1789968156.057 101.168 0.09777842 2.33226e-05
1789968156.067 101.214 0.09783521 1.99840e-05
1789968156.077 101.260 0.09788457 2.00907e-05
1789968156.087 101.305 0.09794881 1.73834e-05
1789968156.097 101.351 0.09795998 1.43601e-05
1789968156.107 101.397 0.09802237 1.40270e-05
1789968156.117 101.442 0.09805775 1.00946e-05
1789968156.127 101.488 0.09807917 8.68862e-06
1789968156.137 101.533 0.09812852 6.66342e-06
1789968156.147 101.579 0.09816949 5.94968e-06
1789968156.157 101.625 0.09819928 5.75950e-06
1789968156.167 101.670 0.09826260 4.94529e-06
1789968156.177 101.716 0.09831847 2.56860e-06
1789968156.187 101.761 0.09834454 2.91245e-06
1789968156.197 101.807 0.09839669 2.14380e-06
1789968156.207 101.852 0.09844418 1.94428e-06
1789968156.217 101.898 0.09846839 1.66977e-06
1789968156.227 101.943 0.09851960 1.28573e-06
1789968156.237 101.988 0.09856336 1.22177e-06
1789968156.247 102.034 0.09859502 1.08366e-06
1789968156.257 102.079 0.09863878 1.09555e-06
1789968156.267 102.124 0.09867975 8.62348e-07
1789968156.277 102.170 0.09875983 6.94525e-07
1789968156.287 102.215 0.09879708 7.66409e-07
1789968156.297 102.260 0.09882128 4.98402e-07
1789968156.307 102.305 0.09888647 4.35857e-07
1789968156.317 102.351 0.09890788 5.48211e-07
1789968156.327 102.396 0.09895630 3.26333e-07
1789968156.337 102.441 0.09898517 3.63690e-07
1789968156.347 102.486 0.09902427 3.82086e-07
1789968156.357 102.531 0.09911273 2.78505e-07
1789968156.367 102.577 0.09912204 2.09735e-07
1789968156.377 102.622 0.09914811 1.37568e-07
1789968156.387 102.667 0.09920491 1.21154e-07
1789968156.397 102.712 0.09926450 1.73510e-07
1789968156.407 102.757 0.09929709 8.54948e-08
1789968156.417 102.802 0.09933900 7.58726e-08
1789968156.427 102.847 0.09937345 8.23817e-08
1789968156.437 102.892 0.09941628 6.39863e-08
1789968156.447 102.937 0.09945259 8.66268e-08
1789968156.457 102.982 0.09948518 4.75719e-08
1789968156.467 103.027 0.09953919 7.27595e-08
1789968156.477 103.072 0.09958481 4.02137e-08
1789968156.487 103.117 0.09963602 3.14405e-08
1789968156.497 103.161 0.09967979 4.02137e-08
1789968156.507 103.206 0.09974124 2.12523e-08
1789968156.517 103.251 0.09975428 3.90817e-08
1789968156.527 103.296 0.09982039 1.64412e-08
1789968156.537 103.341 0.09985112 2.88935e-08
1789968156.547 103.385 0.09988743 3.31386e-08
1789968156.557 103.430 0.09993864 1.95543e-08
1789968156.567 103.475 0.09994982 3.82327e-08
1789968156.577 103.520 0.09998893 2.04033e-08
1789968156.587 103.564 0.10006063 2.77614e-08
1789968156.597 103.609 0.10010625 2.77614e-08
1789968156.607 103.654 0.10014256 7.10195e-09
1789968156.617 103.698 0.10018075 1.98373e-08
1789968156.627 103.743 0.10022916 -5.35035e-09
1789968156.637 103.788 0.10026734 -7.33139e-09
1789968156.647 103.832 0.10030644 -1.10105e-08
1789968156.657 103.877 0.10035300 -3.78961e-08
1789968156.667 103.921 0.10040886 -2.74249e-08
1789968156.677 103.966 0.10043494 -5.14804e-08
1789968156.687 104.010 0.10046195 -4.63863e-08
1789968156.697 104.055 0.10052154 -4.58203e-08
1789968156.707 104.099 0.10055226 -5.94045e-08
1789968156.717 104.144 0.10060906 -4.21412e-08
1789968156.727 104.188 0.10066028 -5.94045e-08
1789968156.737 104.233 0.10069007 -5.00653e-08
1789968156.747 104.277 0.10074408 -4.41222e-08
1789968156.757 104.321 0.10077108 -5.45934e-08
1789968156.767 104.366 0.10081298 -3.16700e-08
1789968156.777 104.410 0.10084558 -4.55372e-08
1789968156.787 104.454 0.10089306 -3.22360e-08
1789968156.797 104.499 0.10091448 -2.31798e-08
1789968156.807 104.543 0.10097686 -3.39340e-08
1789968156.817 104.587 0.10103273 -1.15765e-08
1789968156.827 104.631 0.10107462 -2.77079e-08
1789968156.837 104.676 0.10110722 -1.55386e-08
1789968156.847 104.720 0.10115657 -1.18595e-08
1789968156.857 104.764 0.10118264 -2.51608e-08
1789968156.867 104.808 0.10120499 -7.04839e-09
1789968156.877 104.852 0.10127947 -2.48778e-08
1789968156.887 104.896 0.10132138 -1.46896e-08
1789968156.897 104.941 0.10137539 -1.21425e-08
1789968156.907 104.985 0.10143125 -2.54438e-08
1789968156.917 105.029 0.10146012 -8.18041e-09
1789968156.927 105.073 0.10150015 -2.45948e-08
1789968156.937 105.117 0.10150295 -1.55386e-08
1789968156.947 105.161 0.10154951 -1.24255e-08
1789968156.957 105.205 0.10161376 -2.45948e-08
1789968156.967 105.249 0.10165472 -7.33139e-09
1789968156.977 105.293 0.10170035 -2.37458e-08
1789968156.987 105.337 0.10173666 -1.32745e-08
1789968156.997 105.381 0.10177298 -1.12935e-08
1789968157.007 105.425 0.10180836 -2.34628e-08
1789968157.017 105.469 0.10184840 -5.63335e-09
1789968157.027 105.512 0.10189775 -2.11987e-08
1789968157.037 105.556 0.10194058 -1.18595e-08
1789968157.047 105.600 0.10197597 -9.59545e-09
1789968157.057 105.644 0.10202253 -2.14817e-08
1789968157.067 105.688 0.10205511 -3.08629e-09
1789968157.077 105.731 0.10212402 -1.80857e-08
1789968157.087 105.775 0.10214636 -5.63335e-09
1789968157.097 105.819 0.10217336 -2.52028e-09
1789968157.107 105.863 0.10223483 -9.87845e-09
1789968157.117 105.906 0.10227021 9.08300e-09
1789968157.127 105.950 0.10231583 -2.56225e-10
1789968157.137 105.994 0.10235866 1.47431e-08
1789968157.147 106.037 0.10242012 2.32333e-08
1789968157.157 106.081 0.10241733 1.92712e-08
1789968157.167 106.125 0.10247785 4.44588e-08
1789968157.177 106.168 0.10252254 3.34216e-08
1789968157.187 106.212 0.10255792 5.37981e-08
1789968157.197 106.255 0.10261101 6.22883e-08
1789968157.207 106.299 0.10264173 6.05902e-08
1789968157.217 106.343 0.10268549 9.39850e-08
1789968157.227 106.386 0.10273670 9.54001e-08
1789968157.237 106.430 0.10278233 1.21437e-07
1789968157.247 106.473 0.10282423 1.38700e-07
1789968157.257 106.516 0.10286334 1.43228e-07
1789968157.267 106.560 0.10288662 1.77472e-07
1789968157.277 106.603 0.10294155 1.73510e-07
1789968157.287 106.647 0.10296949 1.92188e-07
1789968157.297 106.690 0.10300021 1.99263e-07
1789968157.307 106.733 0.10306911 1.82566e-07
1789968157.317 106.777 0.10310357 2.00112e-07
1789968157.327 106.820 0.10314640 1.78038e-07
1789968157.337 106.864 0.10317061 1.88509e-07
1789968157.347 106.907 0.10321437 1.76623e-07
1789968157.357 106.950 0.10325534 1.59077e-07
1789968157.367 106.993 0.10330191 1.60209e-07
1789968157.377 107.037 0.10335125 1.34172e-07
1789968157.387 107.080 0.10338198 1.35587e-07
1789968157.397 107.123 0.10341178 1.19173e-07
1789968157.407 107.166 0.10345181 9.70981e-08
1789968157.417 107.209 0.10348814 1.00777e-07
1789968157.427 107.253 0.10354866 6.59673e-08
1789968157.437 107.296 0.10360080 6.39863e-08
1789968157.446 107.339 0.10364828 6.14392e-08
1789968157.456 107.382 0.10369111 4.84209e-08
1789968157.466 107.425 0.10371253 5.94582e-08
1789968157.476 107.468 0.10375258 4.04967e-08
1789968157.486 107.511 0.10380379 4.72889e-08
1789968157.496 107.554 0.10384755 4.30438e-08
1789968157.507 107.597 0.10388665 3.25725e-08
1789968157.516 107.640 0.10392855 4.78549e-08
1789968157.526 107.683 0.10396860 2.57804e-08
1789968157.536 107.726 0.10398908 3.62516e-08
1789968157.546 107.769 0.10401888 3.28556e-08
1789968157.556 107.812 0.10409057 2.06863e-08
1789968157.566 107.855 0.10413620 3.65346e-08
1789968157.576 107.898 0.10416692 1.41771e-08
1789968157.586 107.941 0.10419859 2.46484e-08
1789968157.596 107.984 0.10424235 2.26673e-08
1789968157.606 108.027 0.10426470 1.30451e-08
1789968157.616 108.069 0.10431963 2.63464e-08
1789968157.626 108.112 0.10437270 1.13471e-08
1789968157.636 108.155 0.10438946 1.72902e-08
1789968157.646 108.198 0.10443603 1.44601e-08
1789968157.656 108.241 0.10448258 7.38496e-09
1789968157.666 108.283 0.10451610 2.23843e-08
1789968157.676 108.326 0.10458035 4.27188e-09
1789968157.686 108.369 0.10462226 1.44601e-08
1789968157.696 108.411 0.10465484 1.16301e-08
1789968157.706 108.454 0.10466695 4.55489e-09
1789968157.716 108.497 0.10471536 1.84222e-08
1789968157.726 108.539 0.10478054 2.29084e-09
1789968157.736 108.582 0.10480382 1.30451e-08
1789968157.746 108.625 0.10481778 1.10640e-08
1789968157.756 108.667 0.10486900 2.00783e-09
1789968157.766 108.710 0.10493418 1.78562e-08
1789968157.776 108.752 0.10497236 2.00783e-09
1789968157.786 108.795 0.10500494 1.27621e-08
1789968157.796 108.837 0.10506920 9.36600e-09
1789968157.806 108.880 0.10509620 1.44181e-09
1789968157.816 108.922 0.10513903 1.78562e-08
1789968157.826 108.965 0.10519117 2.67819e-11
1789968157.836 109.007 0.10520886 1.27621e-08
1789968157.846 109.050 0.10524145 9.93202e-09
1789968157.856 109.092 0.10529453 1.15881e-09
1789968157.866 109.135 0.10534574 1.84222e-08
1789968157.876 109.177 0.10536530 1.44181e-09
1789968157.886 109.220 0.10540161 1.38941e-08
1789968157.896 109.262 0.10544165 9.93202e-09
1789968157.906 109.304 0.10549566 2.29084e-09
1789968157.916 109.347 0.10553942 1.81392e-08
1789968157.926 109.389 0.10556363 2.00783e-09
1789968157.936 109.431 0.10559342 1.61582e-08
1789968157.946 109.473 0.10565208 1.10640e-08
1789968157.956 109.516 0.10570050 2.85685e-09
1789968157.966 109.558 0.10574986 1.92712e-08
1789968157.976 109.600 0.10579269 4.83790e-09
1789968157.986 109.642 0.10582155 1.64412e-08
1789968157.996 109.685 0.10586159 1.19131e-08
1789968158.006 109.727 0.10589325 5.40391e-09
1789968158.016 109.769 0.10591466 2.29503e-08
1789968158.026 109.811 0.10598171 6.81894e-09
1789968158.036 109.853 0.10601616 2.09693e-08
1789968158.046 109.895 0.10606458 1.55921e-08
1789968158.056 109.938 0.10608506 9.93202e-09
1789968158.066 109.980 0.10612510 2.57804e-08
1789968158.076 110.022 0.10616794 1.04980e-08
