1789875895.108 31.725 0.03405251 1.13598e-06
1789875895.115 31.870 0.03405251 1.14928e-06
1789875895.125 32.015 0.03403855 1.14957e-06
1789875895.135 32.159 0.03402551 1.18749e-06
1789875895.145 32.303 0.03404506 1.19881e-06
1789875895.155 32.446 0.03400968 1.24324e-06
1789875895.165 32.588 0.03401992 1.25116e-06
1789875895.175 32.730 0.03401992 1.26333e-06
1789875895.185 32.871 0.03400875 1.28229e-06
1789875895.195 33.012 0.03400968 1.33069e-06
1789875895.205 33.152 0.03399664 1.33352e-06
1789875895.215 33.291 0.03400503 1.34144e-06
1789875895.225 33.430 0.03398640 1.35389e-06
1789875895.235 33.568 0.03399199 1.34540e-06
1789875895.245 33.705 0.03400968 1.40030e-06
1789875895.255 33.842 0.03403948 1.36946e-06
1789875895.265 33.979 0.03408696 1.34767e-06
1789875895.275 34.115 0.03410466 1.31682e-06
1789875895.285 34.250 0.03414842 1.28059e-06
1789875895.295 34.385 0.03420056 1.22682e-06
1789875895.305 34.519 0.03429647 1.16994e-06
1789875895.315 34.653 0.03436630 1.04740e-06
1789875895.325 34.787 0.03443800 8.84397e-07
1789875895.335 34.919 0.03454322 6.83185e-07
1789875895.345 35.052 0.03466147 4.03582e-07
1789875895.355 35.183 0.03477321 1.58788e-07
1789875895.365 35.315 0.03490357 4.13440e-08
1789875895.375 35.446 0.03503672 1.19121e-08
1789875895.385 35.576 0.03517174 2.12511e-08
1789875895.395 35.706 0.03530396 3.42216e-09
1789875895.405 35.835 0.03546784 2.09681e-08
1789875895.415 35.964 0.03564568 1.10631e-08
1789875895.425 36.092 0.03582353 1.19121e-08
1789875895.435 36.220 0.03598927 2.32321e-08
1789875895.445 36.348 0.03612801 6.25214e-09
1789875895.455 36.475 0.03627792 2.37981e-08
1789875895.465 36.602 0.03644087 1.24781e-08
1789875895.475 36.728 0.03661034 1.10631e-08
1789875895.485 36.854 0.03675932 2.06851e-08
1789875895.495 36.979 0.03692786 3.42216e-09
1789875895.505 37.104 0.03707777 1.87041e-08
1789875895.515 37.229 0.03718485 9.08213e-09
1789875895.525 37.353 0.03732731 5.96914e-09
1789875895.535 37.476 0.03745674 1.81381e-08
1789875895.545 37.600 0.03758617 8.75167e-10
1789875895.555 37.723 0.03773236 1.84211e-08
1789875895.565 37.845 0.03784875 8.23313e-09
1789875895.575 37.967 0.03794838 5.96914e-09
1789875895.585 38.089 0.03805360 1.84211e-08
1789875895.595 38.210 0.03815323 1.15817e-09
1789875895.605 38.331 0.03826683 1.78551e-08
1789875895.615 38.452 0.03837205 6.81814e-09
1789875895.625 38.572 0.03844747 6.25214e-09
1789875895.635 38.692 0.03853034 1.70061e-08
1789875895.645 38.811 0.03861973 2.61705e-11
1789875895.655 38.930 0.03873426 1.81381e-08
1789875895.665 39.049 0.03880223 7.95013e-09
1789875895.675 39.167 0.03889814 8.51613e-09
1789875895.685 39.285 0.03899404 1.84211e-08
1789875895.695 39.403 0.03907785 3.09169e-10
1789875895.705 39.520 0.03918958 1.84211e-08
1789875895.715 39.637 0.03928921 7.66714e-09
1789875895.725 39.754 0.03937767 8.51613e-09
1789875895.735 39.870 0.03948196 1.75721e-08
1789875895.745 39.986 0.03957880 3.09169e-10
1789875895.755 40.101 0.03968215 1.72891e-08
1789875895.765 40.217 0.03980134 6.81814e-09
1789875895.775 40.332 0.03989166 8.23313e-09
1789875895.785 40.446 0.03998756 1.75721e-08
1789875895.795 40.560 0.04009930 -1.10582e-09
1789875895.805 40.674 0.04020731 1.72891e-08
1789875895.815 40.788 0.04028087 7.10114e-09
1789875895.825 40.901 0.04039354 8.79913e-09
1789875895.835 41.014 0.04050341 1.70061e-08
1789875895.845 41.127 0.04063470 -1.10582e-09
1789875895.854 41.239 0.04076413 1.75721e-08
1789875895.864 41.351 0.04085817 7.38414e-09
1789875895.874 41.463 0.04096991 7.95013e-09
1789875895.884 41.575 0.04107699 1.78551e-08
1789875895.894 41.686 0.04119431 -8.22825e-10
1789875895.904 41.797 0.04130791 1.70061e-08
1789875895.914 41.907 0.04143548 5.96914e-09
1789875895.924 42.018 0.04154721 7.66714e-09
1789875895.934 42.128 0.04164405 1.64401e-08
1789875895.944 42.237 0.04176230 -1.38882e-09
1789875895.954 42.347 0.04186938 1.84211e-08
1789875895.964 42.456 0.04196902 6.53514e-09
1789875895.974 42.565 0.04206865 8.79913e-09
1789875895.984 42.673 0.04218318 1.70061e-08
1789875895.994 42.782 0.04227722 -8.22825e-10
1789875896.004 42.890 0.04238058 1.78551e-08
1789875896.014 42.998 0.04251373 7.10114e-09
1789875896.024 43.105 0.04260312 7.66714e-09
1789875896.034 43.212 0.04268133 1.67231e-08
1789875896.044 43.319 0.04279121 -1.67182e-09
1789875896.054 43.426 0.04287874 1.64401e-08
1789875896.064 43.532 0.04296067 6.81814e-09
1789875896.074 43.639 0.04307614 8.51613e-09
1789875896.084 43.745 0.04317297 1.47421e-08
1789875896.094 43.850 0.04328378 -1.38882e-09
1789875896.104 43.956 0.04337130 1.75721e-08
1789875896.114 44.061 0.04345231 7.38414e-09
1789875896.124 44.166 0.04357709 8.51613e-09
1789875896.134 44.270 0.04365251 1.64401e-08
1789875896.144 44.375 0.04374283 -1.10582e-09
1789875896.154 44.479 0.04382384 1.75721e-08
1789875896.164 44.583 0.04392719 7.10114e-09
1789875896.174 44.687 0.04401379 8.23313e-09
1789875896.184 44.790 0.04411528 1.53081e-08
1789875896.194 44.893 0.04423354 -2.56828e-10
1789875896.204 44.996 0.04433130 1.72891e-08
1789875896.214 45.099 0.04442535 5.68614e-09
1789875896.224 45.201 0.04452778 7.38414e-09
1789875896.234 45.304 0.04460133 1.58741e-08
1789875896.244 45.406 0.04471307 8.75167e-10
1789875896.254 45.508 0.04480805 1.75721e-08
1789875896.264 45.609 0.04491047 7.10114e-09
1789875896.274 45.711 0.04501289 1.04971e-08
1789875896.284 45.812 0.04511811 1.70061e-08
1789875896.294 45.913 0.04521123 3.09169e-10
1789875896.304 46.013 0.04530900 1.92701e-08
1789875896.314 46.114 0.04540490 6.81814e-09
1789875896.324 46.214 0.04549708 9.36513e-09
1789875896.334 46.314 0.04557809 1.53081e-08
1789875896.344 46.414 0.04568703 3.09169e-10
1789875896.354 46.513 0.04578760 1.89871e-08
1789875896.364 46.613 0.04588723 7.38414e-09
1789875896.374 46.712 0.04597010 1.07801e-08
1789875896.384 46.811 0.04605949 1.78551e-08
1789875896.394 46.910 0.04615447 2.00716e-09
1789875896.404 47.008 0.04625689 2.01191e-08
1789875896.414 47.107 0.04636676 8.79913e-09
1789875896.424 47.205 0.04643287 1.10631e-08
1789875896.434 47.303 0.04652040 1.87041e-08
1789875896.444 47.401 0.04661258 2.00716e-09
1789875896.454 47.498 0.04671501 2.06851e-08
1789875896.464 47.595 0.04682023 7.10114e-09
1789875896.474 47.693 0.04689565 9.36513e-09
1789875896.484 47.789 0.04700831 1.58741e-08
1789875896.494 47.886 0.04708560 -1.67182e-09
1789875896.504 47.983 0.04716940 1.58741e-08
1789875896.514 48.079 0.04726252 3.98815e-09
1789875896.524 48.175 0.04735377 8.51613e-09
1789875896.534 48.271 0.04745061 1.78551e-08
1789875896.544 48.367 0.04753906 8.75167e-10
1789875896.554 48.463 0.04762566 1.92701e-08
1789875896.564 48.558 0.04771691 6.25214e-09
1789875896.574 48.653 0.04780350 9.36513e-09
1789875896.584 48.748 0.04790686 1.81381e-08
1789875896.594 48.843 0.04798601 1.30206e-07
1789875896.604 48.938 0.04809122 7.43747e-07
1789875896.614 49.032 0.04817596 1.44870e-06
1789875896.624 49.127 0.04825231 2.29543e-06
1789875896.634 49.221 0.04832773 3.04736e-06
1789875896.644 49.315 0.04839943 3.90145e-06
1789875896.654 49.408 0.04849347 6.28939e-06
1789875896.664 49.502 0.04859124 1.08383e-05
1789875896.674 49.595 0.04869460 1.29469e-05
1789875896.684 49.689 0.04877189 1.13735e-05
1789875896.694 49.782 0.04885569 6.88369e-06
1789875896.704 49.875 0.04892924 2.94661e-06
1789875896.714 49.967 0.04904750 2.12252e-06
1789875896.724 50.060 0.04913223 1.49482e-06
1789875896.734 50.152 0.04923280 9.85427e-07
1789875896.744 50.244 0.04931380 6.70450e-07
1789875896.754 50.336 0.04937433 4.04714e-07
1789875896.764 50.428 0.04947396 1.55392e-07
1789875896.774 50.520 0.04957266 8.06808e-08
1789875896.784 50.611 0.04965087 4.13440e-08
1789875896.794 50.703 0.04973840 1.19121e-08
1789875896.804 50.794 0.04981848 2.52131e-08
1789875896.814 50.885 0.04991532 8.79913e-09
1789875896.824 50.976 0.05000936 9.08213e-09
1789875896.834 51.067 0.05009130 1.21951e-08
1789875896.844 51.157 0.05018535 -9.02979e-09
1789875896.854 51.248 0.05026263 8.79913e-09
1789875896.864 51.338 0.05034364 -5.35080e-09
1789875896.874 51.428 0.05042930 2.29016e-09
1789875896.884 51.518 0.05052707 1.13461e-08
1789875896.894 51.608 0.05062298 -3.36981e-09
1789875896.904 51.697 0.05069188 2.06851e-08
1789875896.914 51.787 0.05077755 7.38414e-09
1789875896.924 51.876 0.05085669 1.21951e-08
1789875896.934 51.965 0.05093119 2.15341e-08
1789875896.944 52.054 0.05102150 5.12015e-09
1789875896.954 52.143 0.05111555 2.63451e-08
1789875896.964 52.232 0.05122821 2.97410e-08
1789875896.974 52.320 0.05129712 1.07231e-06
1789875896.984 52.408 0.05137534 3.82023e-06
1789875896.994 52.497 0.05145169 7.24111e-06
1789875897.004 52.585 0.05152618 1.12815e-05
1789875897.014 52.673 0.05164536 1.63112e-05
1789875897.024 52.761 0.05173103 2.17329e-05
1789875897.034 52.848 0.05178131 5.12013e-05
1789875897.044 52.936 0.05186884 5.72538e-05
1789875897.054 53.023 0.05196381 8.20578e-05
1789875897.064 53.110 0.05204389 8.66217e-05
1789875897.074 53.197 0.05212955 6.87197e-05
1789875897.084 53.284 0.05221894 4.26587e-05
1789875897.094 53.371 0.05230181 2.07339e-05
1789875897.104 53.458 0.05237910 8.92354e-06
1789875897.114 53.544 0.05247408 7.28441e-06
1789875897.124 53.631 0.05255322 6.22034e-06
1789875897.134 53.717 0.05262119 5.12542e-06
1789875897.144 53.803 0.05270686 3.49251e-06
1789875897.154 53.889 0.05278600 1.74302e-06
1789875897.164 53.975 0.05287260 7.33276e-07
1789875897.174 54.060 0.05295640 3.52926e-07
1789875897.184 54.146 0.05303369 2.06898e-07
1789875897.194 54.231 0.05311935 1.82277e-07
1789875897.204 54.317 0.05320594 2.11426e-07
1789875897.214 54.402 0.05328882 1.88220e-07
1789875897.224 54.487 0.05336703 1.88503e-07
1789875897.234 54.572 0.05341266 1.56241e-07
1789875897.244 54.656 0.05348901 9.56797e-08
1789875897.254 54.741 0.05358585 7.86998e-08
1789875897.264 54.825 0.05366220 4.10610e-08
1789875897.274 54.910 0.05375252 4.02120e-08
1789875897.284 54.994 0.05382701 3.56840e-08
1789875897.294 55.078 0.05392478 1.19121e-08
1789875897.304 55.162 0.05398065 2.88920e-08
1789875897.314 55.246 0.05406911 2.83260e-08
1789875897.324 55.330 0.05415477 6.20029e-08
1789875897.334 55.413 0.05424509 8.74728e-08
1789875897.344 55.497 0.05432051 8.71898e-08
1789875897.354 55.580 0.05438569 1.07849e-07
1789875897.364 55.663 0.05445087 6.90779e-08
1789875897.374 55.746 0.05453467 6.25689e-08
1789875897.384 55.829 0.05462313 4.75699e-08
1789875897.394 55.912 0.05470507 4.64379e-08
1789875897.404 55.995 0.05477957 8.40768e-08
1789875897.414 56.077 0.05486243 1.21716e-07
1789875897.424 56.160 0.05493972 1.70674e-07
1789875897.434 56.242 0.05502538 2.34066e-07
1789875897.444 56.324 0.05509708 2.48782e-07
1789875897.454 56.407 0.05519019 2.53593e-07
1789875897.464 56.489 0.05525817 1.85390e-07
1789875897.474 56.570 0.05534476 1.91899e-07
1789875897.484 56.652 0.05541553 1.71924e-06
1789875897.494 56.734 0.05547791 7.50006e-06
1789875897.504 56.815 0.05556451 1.60192e-05
1789875897.514 56.897 0.05564645 2.73988e-05
1789875897.524 56.978 0.05571070 4.71915e-05
1789875897.534 57.059 0.05579078 8.12891e-05
1789875897.544 57.140 0.05585130 1.21380e-04
1789875897.554 57.221 0.05593603 1.67523e-04
1789875897.564 57.302 0.05602449 2.17413e-04
1789875897.574 57.383 0.05609153 2.28143e-04
1789875897.584 57.463 0.05617068 2.21289e-04
1789875897.594 57.544 0.05627217 1.84071e-04
1789875897.604 57.624 0.05634946 1.31088e-04
1789875897.613 57.704 0.05642301 6.49230e-05
1789875897.623 57.785 0.05650030 2.25148e-05
1789875897.633 57.865 0.05655989 1.03688e-05
1789875897.643 57.945 0.05664555 7.47827e-06
1789875897.653 58.024 0.05671632 5.89970e-06
1789875897.663 58.104 0.05679919 4.38735e-06
1789875897.673 58.184 0.05687927 3.57486e-06
1789875897.683 58.263 0.05694538 2.36703e-06
1789875897.693 58.343 0.05701336 1.85055e-06
1789875897.703 58.422 0.05709250 1.57633e-06
1789875897.713 58.501 0.05715675 1.80754e-06
1789875897.723 58.580 0.05722845 2.43664e-06
1789875897.733 58.659 0.05731131 2.97491e-06
1789875897.743 58.738 0.05738394 3.63062e-06
1789875897.753 58.817 0.05747985 4.38764e-06
1789875897.763 58.895 0.05754503 4.70771e-06
1789875897.773 58.974 0.05761021 4.21586e-06
1789875897.783 59.052 0.05770984 3.42459e-06
1789875897.793 59.130 0.05779458 2.35797e-06
1789875897.803 59.209 0.05784765 1.39662e-06
1789875897.813 59.287 0.05792493 7.56765e-07
1789875897.823 59.365 0.05798639 6.64224e-07
1789875897.833 59.443 0.05806088 6.56583e-07
1789875897.843 59.521 0.05812699 5.19046e-07
1789875897.853 59.598 0.05823128 4.59899e-07
1789875897.863 59.676 0.05832160 3.49530e-07
1789875897.873 59.753 0.05837095 1.93031e-07
1789875897.883 59.831 0.05845289 1.21150e-07
1789875897.893 59.908 0.05852924 7.30398e-08
1789875897.903 59.985 0.05858325 8.40768e-08
1789875897.913 60.062 0.05866239 6.20029e-08
1789875897.923 60.139 0.05875365 6.31349e-08
1789875897.933 60.216 0.05881510 6.56819e-08
1789875897.943 60.293 0.05886724 6.62479e-08
1789875897.953 60.370 0.05893428 1.09830e-07
1789875897.963 60.446 0.05902088 1.42940e-07
1789875897.973 60.523 0.05910189 2.41707e-07
1789875897.983 60.599 0.05916427 3.81508e-07
1789875897.993 60.676 0.05925087 5.37441e-07
1789875898.003 60.752 0.05931884 6.97335e-07
1789875898.013 60.828 0.05939799 8.32891e-07
1789875898.023 60.904 0.05945758 9.92220e-07
1789875898.033 60.980 0.05953021 9.83447e-07
1789875898.043 61.056 0.05960004 9.32224e-07
1789875898.053 61.132 0.05966988 7.87046e-07
1789875898.063 61.207 0.05973692 6.59413e-07
1789875898.073 61.283 0.05981886 3.92545e-07
1789875898.083 61.358 0.05990546 3.60849e-07
1789875898.093 61.434 0.05997436 3.74433e-07
1789875898.103 61.509 0.06002650 4.27354e-07
1789875898.113 61.584 0.06010472 5.48195e-07
1789875898.123 61.659 0.06017828 6.36773e-07
1789875898.133 61.734 0.06024346 6.70733e-07
1789875898.143 61.809 0.06031423 7.11768e-07
1789875898.153 61.884 0.06039896 5.20744e-07
1789875898.163 61.959 0.06048183 3.90847e-07
1789875898.173 62.033 0.06056563 2.65196e-07
1789875898.183 62.108 0.06060753 1.95295e-07
1789875898.193 62.182 0.06068016 3.78395e-07
1789875898.203 62.257 0.06075000 1.55680e-06
1789875898.213 62.331 0.06081517 4.68705e-06
1789875898.223 62.405 0.06089898 1.09034e-05
1789875898.233 62.480 0.06094553 1.89816e-05
1789875898.243 62.554 0.06101258 3.47457e-05
1789875898.253 62.627 0.06109731 5.56877e-05
1789875898.263 62.701 0.06116621 7.73436e-05
1789875898.273 62.775 0.06122953 9.81346e-05
1789875898.283 62.849 0.06131240 1.22219e-04
1789875898.293 62.922 0.06138968 1.47292e-04
1789875898.303 62.996 0.06146511 1.52079e-04
1789875898.313 63.069 0.06152563 1.54686e-04
1789875898.323 63.143 0.06160944 1.41531e-04
1789875898.333 63.216 0.06166996 1.08331e-04
1789875898.343 63.289 0.06171372 7.11507e-05
1789875898.353 63.362 0.06178355 3.87072e-05
1789875898.363 63.435 0.06185712 1.56968e-05
1789875898.373 63.508 0.06192136 5.46699e-06
1789875898.383 63.581 0.06199027 3.44525e-06
1789875898.393 63.654 0.06206383 2.93783e-06
1789875898.403 63.726 0.06213459 2.58946e-06
1789875898.413 63.799 0.06223515 2.18393e-06
1789875898.423 63.871 0.06228451 1.84376e-06
1789875898.433 63.944 0.06234689 1.60208e-06
1789875898.443 64.016 0.06243069 1.36266e-06
1789875898.453 64.088 0.06250239 1.18805e-06
1789875898.463 64.161 0.06257781 1.11448e-06
1789875898.473 64.233 0.06264672 9.55713e-07
1789875898.483 64.305 0.06269234 1.01316e-06
1789875898.493 64.377 0.06276311 8.70530e-07
1789875898.503 64.448 0.06284133 7.64972e-07
1789875898.513 64.520 0.06291023 5.62344e-07
1789875898.523 64.592 0.06296796 3.74999e-07
1789875898.533 64.664 0.06303593 2.45952e-07
1789875898.543 64.735 0.06310577 1.33035e-07
1789875898.553 64.807 0.06315884 1.19735e-07
1789875898.563 64.878 0.06323892 1.00774e-07
1789875898.573 64.949 0.06331713 1.20584e-07
1789875898.583 65.020 0.06337021 1.26810e-07
1789875898.593 65.092 0.06344097 1.15490e-07
1789875898.603 65.163 0.06352757 1.33035e-07
1789875898.613 65.234 0.06357878 1.40393e-07
1789875898.623 65.305 0.06366631 1.80862e-07
1789875898.633 65.375 0.06372963 2.47650e-07
1789875898.643 65.446 0.06378549 3.22079e-07
1789875898.653 65.517 0.06385719 5.01500e-07
1789875898.663 65.587 0.06392516 7.34691e-07
1789875898.673 65.658 0.06397917 1.20419e-06
1789875898.683 65.728 0.06406484 1.71358e-06
1789875898.693 65.799 0.06413001 2.39052e-06
1789875898.703 65.869 0.06419054 3.05160e-06
1789875898.713 65.939 0.06426782 3.74721e-06
1789875898.723 66.009 0.06431996 4.05738e-06
1789875898.733 66.080 0.06435814 3.94135e-06
1789875898.743 66.150 0.06444380 3.24913e-06
1789875898.753 66.219 0.06450433 2.43183e-06
1789875898.763 66.289 0.06458347 1.53586e-06
1789875898.773 66.359 0.06464959 7.82517e-07
1789875898.783 66.429 0.06471477 3.96224e-07
1789875898.793 66.498 0.06477715 2.48782e-07
1789875898.803 66.568 0.06484140 2.82176e-07
1789875898.813 66.637 0.06490751 3.16985e-07
1789875898.823 66.707 0.06500155 3.84621e-07
1789875898.833 66.776 0.06506953 4.53390e-07
1789875898.843 66.846 0.06512074 5.36026e-07
1789875898.853 66.915 0.06516451 6.45546e-07
1789875898.863 66.984 0.06523713 6.97052e-07
1789875898.873 67.053 0.06530231 7.60161e-07
1789875898.883 67.122 0.06538239 8.19307e-07
1789875898.893 67.191 0.06544570 8.08553e-07
1789875898.903 67.260 0.06550344 8.02893e-07
1789875898.913 67.328 0.06556582 7.27050e-07
1789875898.923 67.397 0.06564776 5.80173e-07
1789875898.933 67.466 0.06569805 4.56503e-07
1789875898.943 67.534 0.06578184 2.85855e-07
1789875898.953 67.603 0.06583771 1.91050e-07
1789875898.963 67.671 0.06591686 1.11528e-07
1789875898.973 67.740 0.06596621 8.63408e-08
1789875898.983 67.808 0.06603139 8.26618e-08
1789875898.993 67.876 0.06607236 6.99268e-08
1789875899.003 67.944 0.06614313 8.01148e-08
1789875899.013 68.012 0.06622972 4.55890e-08
1789875899.023 68.080 0.06629025 3.82310e-08
1789875899.033 68.148 0.06636846 2.52131e-08
1789875899.043 68.216 0.06642712 1.21951e-08
1789875899.053 68.284 0.06648672 3.25710e-08
1789875899.063 68.352 0.06656213 2.35151e-08
1789875899.073 68.419 0.06661335 3.45520e-08
1789875899.083 68.487 0.06666456 4.21930e-08
1789875899.093 68.555 0.06672974 3.62500e-08
1789875899.103 68.622 0.06680050 5.60599e-08
1789875899.113 68.689 0.06687593 4.64379e-08
1789875899.123 68.757 0.06694297 6.90779e-08
1789875899.133 68.824 0.06700256 9.00198e-08
1789875899.143 68.891 0.06705750 8.83218e-08
1789875899.153 68.958 0.06710685 1.52563e-07
1789875899.163 69.026 0.06718693 1.82277e-07
1789875899.173 69.093 0.06725583 2.11709e-07
1789875899.183 69.160 0.06731077 2.04917e-07
1789875899.193 69.226 0.06737595 1.88220e-07
1789875899.203 69.293 0.06743833 1.88503e-07
1789875899.213 69.360 0.06750444 1.47185e-07
1789875899.223 69.427 0.06755938 1.18886e-07
1789875899.233 69.493 0.06762456 9.31327e-08
1789875899.243 69.560 0.06768229 6.42669e-08
1789875899.253 69.626 0.06773071 8.71898e-08
1789875899.263 69.693 0.06779868 1.56524e-07
1789875899.273 69.759 0.06789459 5.08858e-07
1789875899.283 69.825 0.06795046 1.28626e-06
1789875899.293 69.892 0.06802588 2.48872e-06
1789875899.303 69.958 0.06805568 4.55404e-06
1789875899.313 70.024 0.06814320 7.82098e-06
1789875899.323 70.090 0.06820000 1.09235e-05
1789875899.333 70.156 0.06825494 1.57718e-05
1789875899.343 70.222 0.06829870 2.16740e-05
1789875899.353 70.288 0.06837692 3.27260e-05
1789875899.363 70.354 0.06843744 5.04652e-05
1789875899.373 70.420 0.06851566 7.56866e-05
1789875899.383 70.485 0.06857525 1.11594e-04
1789875899.392 70.551 0.06864043 1.47777e-04
1789875899.403 70.616 0.06868792 1.68036e-04
1789875899.413 70.682 0.06875775 1.79794e-04
1789875899.422 70.747 0.06883224 1.77338e-04
1789875899.432 70.813 0.06890487 1.59889e-04
1789875899.442 70.878 0.06896074 1.21602e-04
1789875899.452 70.943 0.06899706 8.02276e-05
1789875899.462 71.009 0.06907340 4.48782e-05
1789875899.472 71.074 0.06915348 2.08596e-05
1789875899.482 71.139 0.06920004 8.99259e-06
1789875899.492 71.204 0.06924474 4.80761e-06
1789875899.502 71.269 0.06931271 3.81089e-06
1789875899.512 71.334 0.06937789 3.26640e-06
1789875899.522 71.399 0.06945331 2.82577e-06
1789875899.532 71.463 0.06951476 2.48815e-06
1789875899.542 71.528 0.06957901 2.10893e-06
1789875899.552 71.593 0.06964046 1.78575e-06
1789875899.562 71.657 0.06970006 1.52171e-06
1789875899.572 71.722 0.06975872 1.22145e-06
1789875899.582 71.786 0.06980807 8.80718e-07
1789875899.592 71.851 0.06987325 7.87611e-07
1789875899.602 71.915 0.06994308 6.43282e-07
1789875899.612 71.980 0.07001106 5.09707e-07
1789875899.622 72.044 0.07006786 4.24807e-07
1789875899.632 72.108 0.07011069 3.55473e-07
1789875899.642 72.172 0.07017959 2.92647e-07
1789875899.652 72.236 0.07022336 2.72271e-07
1789875899.662 72.300 0.07028947 2.28972e-07
1789875899.672 72.364 0.07035372 2.08313e-07
1789875899.682 72.428 0.07040865 2.04917e-07
1789875899.692 72.492 0.07048221 1.64448e-07
1789875899.702 72.556 0.07055112 1.63882e-07
1789875899.712 72.620 0.07059674 1.31621e-07
1789875899.722 72.683 0.07066192 1.31904e-07
1789875899.732 72.747 0.07074386 1.34168e-07
1789875899.742 72.811 0.07078483 1.18603e-07
1789875899.752 72.874 0.07082673 1.16905e-07
1789875899.762 72.938 0.07090960 8.26618e-08
1789875899.772 73.001 0.07097850 8.01148e-08
1789875899.782 73.064 0.07103996 6.96438e-08
1789875899.792 73.128 0.07108186 5.15319e-08
1789875899.802 73.191 0.07114797 5.32299e-08
1789875899.812 73.254 0.07121129 2.97410e-08
1789875899.822 73.317 0.07128950 3.93630e-08
1789875899.832 73.380 0.07134072 3.17220e-08
1789875899.842 73.444 0.07138355 2.91750e-08
1789875899.852 73.507 0.07143942 4.33250e-08
1789875899.862 73.569 0.07150646 3.00240e-08
1789875899.872 73.632 0.07155022 5.88899e-08
1789875899.882 73.695 0.07161726 7.24738e-08
1789875899.892 73.758 0.07168338 7.47378e-08
1789875899.902 73.821 0.07173738 1.04170e-07
1789875899.912 73.883 0.07180442 7.67188e-08
1789875899.922 73.946 0.07187985 9.93587e-08
1789875899.932 74.009 0.07193292 9.53967e-08
1789875899.942 74.071 0.07199438 7.86998e-08
1789875899.952 74.133 0.07202883 8.86047e-08
1789875899.962 74.196 0.07208655 7.21908e-08
1789875899.972 74.258 0.07214894 1.01623e-07
1789875899.982 74.321 0.07221412 1.46337e-07
1789875899.992 74.383 0.07228023 2.04351e-07
1789875900.002 74.445 0.07232586 2.80195e-07
1789875900.012 74.507 0.07237800 3.21230e-07
1789875900.022 74.569 0.07244877 3.69622e-07
1789875900.032 74.631 0.07252699 3.57454e-07
1789875900.042 74.693 0.07257447 3.39625e-07
1789875900.052 74.755 0.07263685 3.58868e-07
1789875900.062 74.817 0.07269366 3.51227e-07
1789875900.072 74.879 0.07274766 3.71886e-07
1789875900.082 74.941 0.07280074 3.91413e-07
1789875900.092 75.002 0.07286126 4.11789e-07
1789875900.102 75.064 0.07294878 4.49711e-07
1789875900.112 75.126 0.07300000 4.36410e-07
1789875900.122 75.187 0.07305866 4.17732e-07
1789875900.132 75.249 0.07311825 3.88017e-07
1789875900.142 75.310 0.07317412 3.10193e-07
1789875900.152 75.372 0.07321602 2.40292e-07
1789875900.162 75.433 0.07327003 1.44638e-07
1789875900.172 75.494 0.07335197 8.37938e-08
1789875900.182 75.556 0.07342274 8.52088e-08
1789875900.192 75.617 0.07345253 7.75678e-08
1789875900.202 75.678 0.07353261 1.12094e-07
1789875900.212 75.739 0.07359034 1.24546e-07
1789875900.222 75.800 0.07364248 1.93314e-07
1789875900.232 75.861 0.07368811 2.63781e-07
1789875900.242 75.922 0.07374212 3.43587e-07
1789875900.252 75.983 0.07378774 4.69238e-07
1789875900.262 76.044 0.07384733 5.89512e-07
1789875900.272 76.105 0.07390227 8.03742e-07
1789875900.282 76.166 0.07396000 1.12976e-06
1789875900.292 76.227 0.07402983 1.69094e-06
1789875900.302 76.287 0.07405404 2.51815e-06
1789875900.312 76.348 0.07412760 3.51628e-06
1789875900.322 76.408 0.07420861 4.30444e-06
1789875900.332 76.469 0.07426075 4.56678e-06
1789875900.342 76.530 0.07431942 4.70261e-06
1789875900.352 76.590 0.07437156 4.47310e-06
1789875900.362 76.650 0.07441812 4.12049e-06
1789875900.372 76.711 0.07448702 3.48148e-06
1789875900.382 76.771 0.07455034 2.70804e-06
1789875900.392 76.831 0.07462483 1.65896e-06
1789875900.402 76.892 0.07468070 9.02792e-07
1789875900.412 76.952 0.07471422 4.79709e-07
1789875900.422 77.012 0.07477009 3.30852e-07
1789875900.432 77.072 0.07483619 2.55857e-07
1789875900.442 77.132 0.07491069 2.04351e-07
1789875900.452 77.192 0.07495072 1.92465e-07
1789875900.462 77.252 0.07500194 1.51430e-07
1789875900.472 77.312 0.07506153 1.45771e-07
1789875900.482 77.372 0.07512298 1.25112e-07
1789875900.492 77.431 0.07519096 1.05585e-07
1789875900.502 77.491 0.07523379 1.07283e-07
1789875900.512 77.551 0.07528687 8.32278e-08
1789875900.522 77.610 0.07535204 8.40768e-08
1789875900.532 77.670 0.07538463 6.99268e-08
1789875900.542 77.730 0.07545912 4.92679e-08
1789875900.552 77.789 0.07550102 6.08709e-08
1789875900.562 77.849 0.07557086 3.62500e-08
1789875900.572 77.908 0.07564535 4.16270e-08
1789875900.582 77.967 0.07569004 3.14390e-08
1789875900.592 78.027 0.07575988 1.81381e-08
1789875900.602 78.086 0.07580085 3.56840e-08
1789875900.612 78.145 0.07586696 1.64401e-08
1789875900.622 78.205 0.07591165 2.66281e-08
1789875900.632 78.264 0.07596939 1.58741e-08
1789875900.642 78.323 0.07602432 4.83715e-09
1789875900.652 78.382 0.07605785 1.92701e-08
1789875900.662 78.441 0.07609788 -8.22825e-10
1789875900.672 78.500 0.07618355 1.13461e-08
1789875900.682 78.559 0.07625152 4.55415e-09
1789875900.692 78.618 0.07630739 2.00716e-09
1789875900.702 78.677 0.07635301 2.12511e-08
1789875900.712 78.735 0.07641354 1.07801e-08
1789875900.722 78.794 0.07648337 3.39860e-08
1789875900.732 78.853 0.07651131 4.50230e-08
1789875900.742 78.911 0.07657742 7.33228e-08
1789875900.752 78.970 0.07665098 1.32470e-07
1789875900.762 79.029 0.07670498 1.87937e-07
1789875900.772 79.087 0.07675340 2.28689e-07
1789875900.782 79.146 0.07681485 2.47084e-07
1789875900.792 79.204 0.07686607 2.38877e-07
1789875900.802 79.263 0.07690983 2.51895e-07
1789875900.812 79.321 0.07697315 2.14539e-07
1789875900.822 79.379 0.07701598 2.07181e-07
1789875900.832 79.438 0.07708489 1.59920e-07
1789875900.842 79.496 0.07714168 1.00774e-07
1789875900.852 79.554 0.07717334 7.81338e-08
1789875900.862 79.612 0.07725900 3.76650e-08
1789875900.872 79.670 0.07729346 4.07780e-08
1789875900.882 79.728 0.07735026 3.31370e-08
1789875900.892 79.786 0.07741916 2.52131e-08
1789875900.902 79.844 0.07747503 4.13440e-08
1789875900.912 79.902 0.07754393 2.29491e-08
1789875900.922 79.960 0.07760539 3.45520e-08
1789875900.932 80.018 0.07764915 2.77600e-08
1789875900.942 80.076 0.07771060 1.87041e-08
1789875900.952 80.134 0.07775810 3.56840e-08
1789875900.962 80.191 0.07779441 1.67231e-08
1789875900.972 80.249 0.07785773 2.97410e-08
1789875900.982 80.307 0.07792663 2.15341e-08
1789875900.992 80.364 0.07797877 1.24781e-08
1789875901.002 80.422 0.07804302 2.94580e-08
1789875901.012 80.479 0.07807561 1.16291e-08
1789875901.022 80.537 0.07810634 2.80430e-08
1789875901.032 80.594 0.07817338 2.29491e-08
1789875901.042 80.652 0.07825997 3.82310e-08
1789875901.052 80.709 0.07832236 1.20301e-07
1789875901.062 80.766 0.07836705 2.16803e-07
1789875901.072 80.824 0.07841548 5.01217e-07
1789875901.082 80.881 0.07844900 9.43261e-07
1789875901.092 80.938 0.07850580 1.88536e-06
1789875901.102 80.995 0.07856259 2.50938e-06
1789875901.112 81.052 0.07863895 3.80607e-06
1789875901.122 81.110 0.07866316 5.06174e-06
1789875901.132 81.167 0.07870412 7.08801e-06
1789875901.142 81.224 0.07877489 9.61406e-06
1789875901.152 81.281 0.07884659 1.26099e-05
1789875901.162 81.337 0.07890339 1.63579e-05
1789875901.172 81.394 0.07897323 2.05423e-05
1789875901.181 81.451 0.07901233 2.72845e-05
1789875901.191 81.508 0.07904586 3.50553e-05
1789875901.201 81.565 0.07910451 4.71241e-05
1789875901.211 81.621 0.07916132 6.83349e-05
1789875901.221 81.678 0.07921811 9.55681e-05
1789875901.231 81.735 0.07927771 1.22509e-04
1789875901.241 81.791 0.07931681 1.42995e-04
1789875901.251 81.848 0.07936151 1.52700e-04
1789875901.261 81.905 0.07941738 1.58219e-04
1789875901.271 81.961 0.07947976 1.58058e-04
1789875901.281 82.017 0.07953749 1.49649e-04
1789875901.291 82.074 0.07958685 1.35861e-04
1789875901.301 82.130 0.07964271 1.13519e-04
1789875901.311 82.187 0.07970324 8.58279e-05
1789875901.321 82.243 0.07976655 5.83235e-05
1789875901.331 82.299 0.07979448 3.37584e-05
1789875901.341 82.355 0.07983453 1.84699e-05
1789875901.351 82.412 0.07991460 1.18514e-05
1789875901.361 82.468 0.07996116 8.77214e-06
1789875901.371 82.524 0.07999747 7.06820e-06
1789875901.381 82.580 0.08006172 5.82103e-06
1789875901.391 82.636 0.08014553 4.65111e-06
1789875901.401 82.692 0.08019394 3.98917e-06
1789875901.411 82.748 0.08023492 3.42007e-06
1789875901.421 82.804 0.08026471 2.71993e-06
1789875901.431 82.860 0.08031778 2.58295e-06
1789875901.441 82.915 0.08039414 2.12167e-06
1789875901.451 82.971 0.08044628 1.82084e-06
1789875901.461 83.027 0.08050215 1.55850e-06
1789875901.471 83.083 0.08053474 1.36068e-06
1789875901.481 83.138 0.08060178 1.24692e-06
1789875901.491 83.194 0.08065578 1.02958e-06
1789875901.501 83.250 0.08072003 9.59109e-07
1789875901.511 83.305 0.08076752 8.04591e-07
1789875901.521 83.361 0.08078614 7.31578e-07
1789875901.531 83.416 0.08085319 6.69035e-07
1789875901.541 83.472 0.08092768 5.55553e-07
1789875901.551 83.527 0.08096585 5.23008e-07
1789875901.561 83.583 0.08101148 4.53390e-07
1789875901.571 83.638 0.08107666 4.30184e-07
1789875901.581 83.693 0.08112507 3.91130e-07
1789875901.591 83.748 0.08118374 3.21513e-07
1789875901.601 83.804 0.08122936 3.29720e-07
1789875901.611 83.859 0.08128430 2.78780e-07
1789875901.621 83.914 0.08133272 2.64347e-07
1789875901.631 83.969 0.08137462 2.48216e-07
1789875901.641 84.024 0.08144818 2.09445e-07
1789875901.651 84.079 0.08149381 2.20482e-07
1789875901.661 84.134 0.08155619 1.76334e-07
1789875901.671 84.189 0.08160740 1.96710e-07
1789875901.681 84.244 0.08165396 1.85956e-07
1789875901.691 84.299 0.08170145 1.68410e-07
1789875901.701 84.354 0.08175638 1.82843e-07
1789875901.711 84.409 0.08179829 1.48884e-07
1789875901.721 84.464 0.08186160 1.58505e-07
1789875901.731 84.519 0.08190165 1.31055e-07
1789875901.741 84.573 0.08197148 1.14075e-07
1789875901.751 84.628 0.08200966 1.08981e-07
1789875901.761 84.683 0.08207763 8.86047e-08
1789875901.771 84.737 0.08213070 1.04736e-07
1789875901.781 84.792 0.08217260 8.83218e-08
1789875901.791 84.847 0.08221078 8.97367e-08
1789875901.801 84.901 0.08226013 9.48307e-08
1789875901.811 84.956 0.08233742 7.33228e-08
1789875901.821 85.010 0.08237280 9.11517e-08
1789875901.831 85.064 0.08242494 7.92658e-08
1789875901.841 85.119 0.08248919 7.07758e-08
1789875901.851 85.173 0.08253574 7.98318e-08
1789875901.861 85.228 0.08259720 4.75699e-08
1789875901.871 85.282 0.08266703 6.22859e-08
1789875901.881 85.336 0.08270149 5.09659e-08
1789875901.891 85.390 0.08275177 4.98339e-08
1789875901.901 85.444 0.08279274 6.34179e-08
1789875901.911 85.499 0.08282905 4.16270e-08
1789875901.921 85.553 0.08289330 5.97389e-08
1789875901.931 85.607 0.08295755 4.61550e-08
1789875901.941 85.661 0.08301063 4.55890e-08
1789875901.951 85.715 0.08305066 5.80409e-08
1789875901.961 85.769 0.08308977 3.96460e-08
1789875901.971 85.823 0.08315495 5.57769e-08
1789875901.981 85.877 0.08320244 4.81359e-08
1789875901.991 85.931 0.08324620 4.92679e-08
1789875902.001 85.984 0.08332069 5.88899e-08
1789875902.011 86.038 0.08336073 4.04950e-08
1789875902.021 86.092 0.08339704 6.42669e-08
1789875902.031 86.146 0.08345198 5.94559e-08
1789875902.041 86.199 0.08353020 6.51159e-08
1789875902.051 86.253 0.08357210 8.46428e-08
1789875902.061 86.307 0.08362610 8.54918e-08
1789875902.071 86.360 0.08366801 1.20867e-07
1789875902.081 86.414 0.08371270 1.35300e-07
1789875902.091 86.467 0.08376298 1.68127e-07
1789875902.101 86.521 0.08381978 2.18218e-07
1789875902.111 86.574 0.08387006 2.50197e-07
1789875902.121 86.628 0.08392872 3.34248e-07
1789875902.131 86.681 0.08396224 4.13204e-07
1789875902.141 86.735 0.08400694 5.09424e-07
1789875902.151 86.788 0.08405536 6.40452e-07
1789875902.161 86.841 0.08410378 7.24220e-07
1789875902.171 86.895 0.08417361 8.34023e-07
1789875902.181 86.948 0.08422110 8.54116e-07
1789875902.191 87.001 0.08426672 8.41381e-07
1789875902.201 87.054 0.08433004 8.35155e-07
1789875902.211 87.107 0.08438405 7.74311e-07
1789875902.221 87.161 0.08441943 7.25918e-07
1789875902.231 87.214 0.08446413 6.25170e-07
1789875902.241 87.267 0.08452465 5.06311e-07
1789875902.251 87.320 0.08455631 4.03865e-07
1789875902.261 87.373 0.08462335 2.79063e-07
1789875902.271 87.426 0.08467642 1.91899e-07
1789875902.281 87.479 0.08473136 1.24263e-07
1789875902.291 87.531 0.08475184 9.39817e-08
1789875902.301 87.584 0.08482913 9.22837e-08
1789875902.311 87.637 0.08486637 5.63429e-08
1789875902.321 87.690 0.08492038 6.51159e-08
1789875902.331 87.743 0.08497345 4.67210e-08
1789875902.341 87.795 0.08503491 4.07780e-08
1789875902.351 87.848 0.08507588 4.75699e-08
1789875902.361 87.901 0.08513827 2.54961e-08
1789875902.371 87.953 0.08518948 4.30420e-08
1789875902.381 88.006 0.08524535 2.91750e-08
1789875902.391 88.059 0.08526956 2.88920e-08
1789875902.401 88.111 0.08530214 3.70990e-08
1789875902.411 88.164 0.08536360 1.67231e-08
1789875902.421 88.216 0.08541853 3.48350e-08
1789875902.431 88.269 0.08546603 2.29491e-08
1789875902.441 88.321 0.08550420 2.23831e-08
1789875902.451 88.373 0.08556938 3.20050e-08
1789875902.461 88.426 0.08562339 1.21951e-08
1789875902.471 88.478 0.08566436 3.14390e-08
1789875902.481 88.530 0.08571371 1.95531e-08
1789875902.491 88.583 0.08575282 2.12511e-08
1789875902.501 88.635 0.08583475 2.94580e-08
1789875902.511 88.687 0.08589062 1.19121e-08
1789875902.521 88.739 0.08592042 2.97410e-08
1789875902.531 88.791 0.08598001 1.87041e-08
1789875902.541 88.843 0.08601539 2.04021e-08
1789875902.551 88.896 0.08604333 2.88920e-08
1789875902.561 88.948 0.08610478 1.13461e-08
1789875902.571 89.000 0.08613737 2.86090e-08
1789875902.581 89.052 0.08621187 1.64401e-08
1789875902.591 89.104 0.08625470 1.70061e-08
1789875902.601 89.155 0.08630777 2.52131e-08
1789875902.611 89.207 0.08637016 8.23313e-09
1789875902.621 89.259 0.08640926 2.66281e-08
1789875902.631 89.311 0.08644279 1.30441e-08
1789875902.641 89.363 0.08648655 1.58741e-08
1789875902.651 89.415 0.08656476 2.46471e-08
1789875902.661 89.466 0.08661039 7.95013e-09
1789875902.671 89.518 0.08665136 2.63451e-08
1789875902.681 89.570 0.08670071 1.41761e-08
1789875902.691 89.621 0.08675751 1.64401e-08
1789875902.701 89.673 0.08682641 2.49301e-08
1789875902.711 89.725 0.08686552 8.51613e-09
1789875902.721 89.776 0.08689345 2.63451e-08
1789875902.731 89.828 0.08694280 1.44591e-08
1789875902.741 89.879 0.08701823 1.58741e-08
1789875902.751 89.931 0.08704802 2.37981e-08
1789875902.761 89.982 0.08708713 6.53514e-09
1789875902.771 90.034 0.08715510 2.52131e-08
1789875902.781 90.085 0.08721749 1.33271e-08
1789875902.791 90.136 0.08724077 1.47421e-08
1789875902.801 90.188 0.08728453 2.46471e-08
1789875902.811 90.239 0.08732085 9.08213e-09
1789875902.821 90.290 0.08737857 2.86090e-08
1789875902.831 90.342 0.08741582 1.50251e-08
1789875902.841 90.393 0.08746703 1.87041e-08
1789875902.851 90.444 0.08754525 2.77600e-08
1789875902.861 90.495 0.08761601 1.16291e-08
1789875902.871 90.546 0.08765419 3.03070e-08
1789875902.881 90.597 0.08768026 1.70061e-08
1789875902.891 90.648 0.08772495 1.92701e-08
1789875902.901 90.699 0.08778083 2.77600e-08
1789875902.911 90.750 0.08784880 1.07801e-08
1789875902.921 90.801 0.08788604 2.74770e-08
1789875902.931 90.852 0.08791584 1.36101e-08
1789875902.940 90.903 0.08795401 1.70061e-08
1789875902.950 90.954 0.08802013 2.49301e-08
1789875902.960 91.005 0.08806575 8.51613e-09
1789875902.970 91.056 0.08811045 2.71940e-08
1789875902.980 91.107 0.08819146 1.50251e-08
1789875902.990 91.157 0.08822125 1.84211e-08
1789875903.000 91.208 0.08827712 2.97410e-08
1789875903.010 91.259 0.08831623 1.36101e-08
1789875903.020 91.310 0.08834137 3.65330e-08
1789875903.030 91.360 0.08839816 2.86090e-08
1789875903.040 91.411 0.08846241 3.73820e-08
1789875903.050 91.462 0.08852108 5.20979e-08
1789875903.060 91.512 0.08857694 3.93630e-08
1789875903.070 91.563 0.08860953 6.25689e-08
1789875903.080 91.613 0.08864678 5.23809e-08
1789875903.090 91.664 0.08871010 5.86069e-08
1789875903.100 91.714 0.08875107 7.07758e-08
1789875903.110 91.765 0.08881624 5.26639e-08
1789875903.120 91.815 0.08886094 6.99268e-08
1789875903.130 91.866 0.08889353 5.15319e-08
1789875903.140 91.916 0.08894475 5.32299e-08
1789875903.150 91.966 0.08899782 5.71919e-08
1789875903.160 92.017 0.08904437 3.14390e-08
1789875903.170 92.067 0.08908628 4.84189e-08
1789875903.180 92.117 0.08912631 2.80430e-08
1789875903.190 92.167 0.08917474 2.91750e-08
1789875903.200 92.218 0.08921477 3.51180e-08
1789875903.210 92.268 0.08925295 1.38931e-08
1789875903.220 92.318 0.08929392 3.17220e-08
1789875903.230 92.368 0.08936096 1.53081e-08
1789875903.240 92.418 0.08940472 2.01191e-08
1789875903.250 92.468 0.08944662 2.77600e-08
1789875903.260 92.518 0.08951274 9.93112e-09
1789875903.270 92.568 0.08956022 2.74770e-08
1789875903.280 92.618 0.08962540 1.30441e-08
1789875903.290 92.668 0.08965520 1.98361e-08
1789875903.300 92.718 0.08967289 2.83260e-08
1789875903.310 92.768 0.08975204 1.41761e-08
1789875903.320 92.818 0.08980883 3.37030e-08
1789875903.330 92.868 0.08984794 2.80430e-08
1789875903.340 92.917 0.08989450 4.16270e-08
1789875903.350 92.967 0.08994105 6.03049e-08
1789875903.360 93.017 0.08999134 5.15319e-08
1789875903.370 93.067 0.09006024 8.18128e-08
1789875903.380 93.117 0.09007607 8.40768e-08
1789875903.390 93.166 0.09011611 1.13226e-07
1789875903.400 93.216 0.09016266 1.51148e-07
1789875903.410 93.266 0.09019619 1.78032e-07
1789875903.420 93.315 0.09023343 2.41141e-07
1789875903.430 93.365 0.09027812 2.94628e-07
1789875903.440 93.414 0.09034144 4.11789e-07
1789875903.450 93.464 0.09041966 5.13103e-07
1789875903.460 93.513 0.09046435 6.21491e-07
1789875903.470 93.563 0.09051743 7.98931e-07
1789875903.480 93.612 0.09055281 1.06863e-06
1789875903.490 93.662 0.09059471 1.42040e-06
1789875903.500 93.711 0.09065058 1.76622e-06
1789875903.510 93.760 0.09068782 2.16412e-06
1789875903.520 93.810 0.09072321 2.48758e-06
1789875903.530 93.859 0.09076511 2.81303e-06
1789875903.540 93.908 0.09083960 3.25621e-06
1789875903.550 93.958 0.09089919 3.51713e-06
1789875903.560 94.007 0.09091502 3.68014e-06
1789875903.570 94.056 0.09095413 3.83862e-06
1789875903.580 94.105 0.09099789 3.76221e-06
1789875903.590 94.154 0.09104725 3.67505e-06
1789875903.600 94.204 0.09109287 3.50978e-06
1789875903.610 94.253 0.09113011 3.22876e-06
1789875903.620 94.302 0.09116922 2.91095e-06
1789875903.630 94.351 0.09122416 2.59965e-06
1789875903.640 94.400 0.09128003 2.21279e-06
1789875903.650 94.449 0.09134241 1.85933e-06
1789875903.660 94.498 0.09137035 1.45634e-06
1789875903.670 94.547 0.09142435 1.21041e-06
1789875903.680 94.596 0.09148022 9.51751e-07
1789875903.690 94.645 0.09154261 7.68934e-07
1789875903.700 94.694 0.09157054 6.84317e-07
1789875903.710 94.743 0.09162641 5.38573e-07
1789875903.720 94.791 0.09168414 4.61880e-07
1789875903.730 94.840 0.09170183 3.85753e-07
1789875903.740 94.889 0.09175211 3.11042e-07
1789875903.750 94.938 0.09179308 2.63498e-07
1789875903.760 94.986 0.09183871 2.03785e-07
1789875903.770 95.035 0.09190016 1.76334e-07
1789875903.780 95.084 0.09194207 1.36998e-07
1789875903.790 95.133 0.09198955 1.26244e-07
1789875903.800 95.181 0.09201097 1.12377e-07
1789875903.810 95.230 0.09209291 8.71898e-08
1789875903.820 95.278 0.09214132 9.20007e-08
1789875903.830 95.327 0.09217764 6.68139e-08
1789875903.840 95.375 0.09222978 6.00219e-08
1789875903.850 95.424 0.09226424 6.22859e-08
1789875903.860 95.472 0.09230893 3.62500e-08
1789875903.870 95.521 0.09235549 5.23809e-08
1789875903.880 95.569 0.09240577 2.91750e-08
1789875903.890 95.618 0.09244208 3.22880e-08
1789875903.900 95.666 0.09248864 3.39860e-08
1789875903.910 95.715 0.09252961 1.50251e-08
1789875903.920 95.763 0.09257337 3.00240e-08
1789875903.930 95.811 0.09263110 1.21951e-08
1789875903.940 95.859 0.09265997 1.55911e-08
1789875903.950 95.908 0.09270838 1.70061e-08
1789875903.960 95.956 0.09278567 1.15817e-09
1789875903.970 96.004 0.09283223 1.58741e-08
1789875903.980 96.052 0.09289275 -1.67182e-09
1789875903.990 96.101 0.09292628 3.13916e-09
1789875904.000 96.149 0.09296817 5.12015e-09
1789875904.010 96.197 0.09300821 -1.21428e-08
1789875904.020 96.245 0.09304080 3.42216e-09
1789875904.030 96.293 0.09308829 -1.46898e-08
1789875904.040 96.341 0.09313298 -1.12938e-08
1789875904.050 96.389 0.09319072 -1.21428e-08
1789875904.060 96.437 0.09321865 -2.96887e-08
1789875904.070 96.485 0.09325403 -1.44068e-08
1789875904.080 96.533 0.09331642 -3.56316e-08
1789875904.090 96.581 0.09337229 -3.25187e-08
1789875904.100 96.629 0.09342722 -3.25187e-08
1789875904.110 96.677 0.09347005 -5.11965e-08
1789875904.120 96.725 0.09349985 -3.61976e-08
1789875904.130 96.772 0.09353058 -5.77055e-08
1789875904.140 96.820 0.09356503 -5.43095e-08
1789875904.150 96.868 0.09362835 -5.31775e-08
1789875904.160 96.916 0.09368235 -6.95914e-08
1789875904.170 96.964 0.09373729 -4.61026e-08
1789875904.180 97.011 0.09379967 -7.24214e-08
1789875904.190 97.059 0.09383134 -6.33654e-08
1789875904.200 97.107 0.09385927 -5.91205e-08
1789875904.210 97.154 0.09390489 -7.29874e-08
1789875904.220 97.202 0.09394773 -5.28945e-08
1789875904.230 97.250 0.09399335 -6.73274e-08
1789875904.240 97.297 0.09403526 -5.28945e-08
1789875904.250 97.345 0.09409112 -5.31775e-08
1789875904.260 97.392 0.09414234 -5.96865e-08
1789875904.270 97.440 0.09418703 -3.84616e-08
1789875904.280 97.487 0.09423731 -4.86495e-08
1789875904.290 97.535 0.09427363 -3.13867e-08
1789875904.300 97.582 0.09430994 -2.09157e-08
1789875904.310 97.630 0.09435742 -2.60097e-08
1789875904.320 97.677 0.09439188 3.13916e-09
1789875904.330 97.724 0.09444774 -8.74679e-09
1789875904.340 97.772 0.09448034 7.10114e-09
1789875904.350 97.819 0.09452689 1.19121e-08
1789875904.360 97.866 0.09458090 3.09169e-10
1789875904.370 97.914 0.09464142 2.21001e-08
1789875904.380 97.961 0.09466842 7.66714e-09
1789875904.390 98.008 0.09470753 1.61571e-08
1789875904.400 98.055 0.09475036 1.92701e-08
1789875904.410 98.102 0.09481555 7.95013e-09
1789875904.420 98.150 0.09485093 2.60621e-08
1789875904.430 98.197 0.09487514 8.79913e-09
1789875904.440 98.244 0.09493752 1.72891e-08
1789875904.450 98.291 0.09499060 1.89871e-08
1789875904.460 98.338 0.09503157 7.38414e-09
1789875904.470 98.385 0.09507906 2.37981e-08
1789875904.480 98.432 0.09513493 7.95013e-09
1789875904.490 98.479 0.09516007 1.61571e-08
1789875904.500 98.526 0.09521128 1.78551e-08
1789875904.510 98.573 0.09525504 5.12015e-09
1789875904.520 98.620 0.09529880 2.35151e-08
1789875904.530 98.667 0.09534070 6.81814e-09
1789875904.540 98.714 0.09539005 1.50251e-08
1789875904.550 98.761 0.09544871 1.64401e-08
1789875904.560 98.808 0.09548410 5.96914e-09
1789875904.570 98.854 0.09551483 2.32321e-08
1789875904.580 98.901 0.09556417 5.40315e-09
1789875904.590 98.948 0.09559491 1.70061e-08
1789875904.600 98.995 0.09564705 1.95531e-08
1789875904.610 99.041 0.09569267 1.02141e-08
1789875904.620 99.088 0.09573923 3.68160e-08
1789875904.630 99.135 0.09581000 3.90800e-08
1789875904.640 99.182 0.09584631 8.29448e-08
1789875904.650 99.228 0.09587983 1.69542e-07
1789875904.660 99.275 0.09591801 2.79629e-07
1789875904.670 99.321 0.09593756 4.65559e-07
1789875904.680 99.368 0.09598877 6.23755e-07
1789875904.690 99.415 0.09605582 7.76008e-07
1789875904.700 99.461 0.09608747 1.03835e-06
1789875904.709 99.508 0.09612845 1.20617e-06
1789875904.719 99.554 0.09616848 1.60236e-06
1789875904.729 99.601 0.09622528 1.85027e-06
1789875904.739 99.647 0.09627091 2.25015e-06
1789875904.749 99.694 0.09630350 2.78304e-06
1789875904.759 99.740 0.09635006 3.28338e-06
1789875904.769 99.786 0.09639661 4.17114e-06
1789875904.779 99.833 0.09644783 5.69453e-06
1789875904.789 99.879 0.09649345 7.01783e-06
1789875904.799 99.925 0.09653349 9.65538e-06
1789875904.809 99.972 0.09657632 1.28847e-05
1789875904.819 100.018 0.09662660 1.82701e-05
1789875904.829 100.064 0.09665919 2.14496e-05
1789875904.839 100.110 0.09672623 3.18815e-05
1789875904.849 100.157 0.09676348 4.10631e-05
1789875904.859 100.203 0.09678676 5.13818e-05
1789875904.869 100.249 0.09682866 5.74909e-05
1789875904.879 100.295 0.09687894 6.96621e-05
1789875904.889 100.341 0.09695064 7.34269e-05
1789875904.899 100.387 0.09699160 8.36227e-05
1789875904.909 100.434 0.09699253 9.47706e-05
1789875904.919 100.480 0.09704002 9.93309e-05
1789875904.929 100.526 0.09707634 1.07367e-04
1789875904.939 100.572 0.09712103 1.10261e-04
1789875904.949 100.618 0.09717876 1.14624e-04
1789875904.959 100.664 0.09724394 1.14122e-04
1789875904.969 100.710 0.09728026 1.11379e-04
1789875904.979 100.756 0.09729981 1.03630e-04
1789875904.989 100.802 0.09736592 9.69124e-05
1789875904.999 100.847 0.09739385 9.16172e-05
1789875905.009 100.893 0.09745066 8.73006e-05
1789875905.019 100.939 0.09749721 7.76755e-05
1789875905.029 100.985 0.09754563 6.98053e-05
1789875905.039 101.031 0.09757729 4.52640e-05
1789875905.049 101.077 0.09762012 5.33439e-05
1789875905.059 101.122 0.09767227 4.56862e-05
1789875905.069 101.168 0.09770858 3.95488e-05
1789875905.079 101.214 0.09775048 3.43940e-05
1789875905.089 101.260 0.09779518 2.94772e-05
1789875905.099 101.305 0.09783056 2.57509e-05
1789875905.109 101.351 0.09787432 2.30248e-05
1789875905.119 101.397 0.09793950 2.18206e-05
1789875905.129 101.442 0.09799351 1.78018e-05
1789875905.139 101.488 0.09800003 1.48464e-05
1789875905.149 101.533 0.09805589 1.35885e-05
1789875905.159 101.579 0.09810431 1.15390e-05
1789875905.169 101.625 0.09813690 9.28210e-06
1789875905.179 101.670 0.09817508 7.70212e-06
1789875905.189 101.716 0.09824026 6.41532e-06
1789875905.199 101.761 0.09828867 4.84298e-06
1789875905.209 101.807 0.09833151 4.09926e-06
1789875905.219 101.852 0.09837527 4.21699e-06
1789875905.229 101.898 0.09840413 3.29385e-06
1789875905.239 101.943 0.09843487 2.65342e-06
1789875905.249 101.988 0.09848142 2.44457e-06
1789875905.259 102.034 0.09853356 2.31156e-06
1789875905.269 102.079 0.09858478 1.88706e-06
1789875905.279 102.124 0.09861085 1.80188e-06
1789875905.289 102.170 0.09865741 1.35785e-06
1789875905.299 102.215 0.09871793 1.12947e-06
1789875905.309 102.260 0.09874958 1.12070e-06
1789875905.319 102.305 0.09876914 1.07457e-06
1789875905.329 102.351 0.09881756 9.29960e-07
1789875905.339 102.396 0.09886691 8.46192e-07
1789875905.349 102.441 0.09893768 8.82416e-07
1789875905.359 102.486 0.09896188 7.22805e-07
1789875905.369 102.531 0.09899448 6.67054e-07
1789875905.379 102.577 0.09902800 5.99417e-07
1789875905.389 102.622 0.09909690 5.73099e-07
1789875905.399 102.667 0.09912763 5.05462e-07
1789875905.409 102.712 0.09915463 5.04330e-07
1789875905.419 102.757 0.09920864 4.84803e-07
1789875905.429 102.802 0.09926171 4.39240e-07
1789875905.439 102.847 0.09931386 4.18015e-07
1789875905.449 102.892 0.09934272 3.96507e-07
1789875905.459 102.937 0.09938090 3.59717e-07
1789875905.469 102.982 0.09941721 3.71320e-07
1789875905.479 103.027 0.09946563 3.40474e-07
1789875905.489 103.072 0.09950380 3.31984e-07
1789875905.499 103.117 0.09953547 3.12740e-07
1789875905.509 103.161 0.09959413 2.93213e-07
1789875905.519 103.206 0.09965279 3.01137e-07
1789875905.529 103.251 0.09970493 2.75667e-07
1789875905.539 103.296 0.09974311 2.73686e-07
1789875905.549 103.341 0.09977663 2.66894e-07
1789875905.559 103.385 0.09982691 2.41707e-07
1789875905.569 103.430 0.09985670 2.53027e-07
1789875905.579 103.475 0.09990699 2.28406e-07
1789875905.589 103.520 0.09994796 2.26708e-07
1789875905.599 103.564 0.09998520 2.06615e-07
1789875905.609 103.609 0.10003176 1.81428e-07
1789875905.619 103.654 0.10008018 1.81428e-07
1789875905.629 103.698 0.10011184 1.60203e-07
1789875905.639 103.743 0.10015746 1.46337e-07
1789875905.649 103.788 0.10020682 1.28225e-07
1789875905.659 103.832 0.10024127 1.02189e-07
1789875905.669 103.877 0.10025803 1.10113e-07
1789875905.679 103.921 0.10031948 8.40768e-08
1789875905.689 103.966 0.10036231 7.89828e-08
1789875905.699 104.010 0.10039955 6.42669e-08
1789875905.709 104.055 0.10042284 3.99290e-08
1789875905.719 104.099 0.10046753 4.27590e-08
1789875905.729 104.144 0.10052154 2.26661e-08
1789875905.739 104.188 0.10055878 3.08730e-08
1789875905.749 104.233 0.10061651 1.36101e-08
1789875905.759 104.277 0.10065283 5.12015e-09
1789875905.769 104.321 0.10069659 2.83260e-08
1789875905.779 104.366 0.10074501 7.10114e-09
1789875905.789 104.410 0.10077201 2.54961e-08
1789875905.799 104.454 0.10082136 2.06851e-08
1789875905.809 104.499 0.10086420 1.41761e-08
1789875905.819 104.543 0.10090330 3.20050e-08
1789875905.829 104.587 0.10093403 1.61571e-08
1789875905.839 104.631 0.10100945 3.00240e-08
1789875905.849 104.676 0.10107090 2.83260e-08
1789875905.859 104.720 0.10107276 2.46471e-08
1789875905.869 104.764 0.10111933 4.30420e-08
1789875905.879 104.808 0.10115098 2.06851e-08
1789875905.889 104.852 0.10119195 4.10610e-08
1789875905.899 104.896 0.10125620 3.87970e-08
1789875905.909 104.941 0.10128227 2.77600e-08
1789875905.919 104.985 0.10134466 4.72870e-08
1789875905.929 105.029 0.10138190 2.91750e-08
1789875905.939 105.073 0.10141822 3.85140e-08
1789875905.949 105.117 0.10146105 3.42690e-08
1789875905.959 105.161 0.10149736 2.60621e-08
1789875905.969 105.205 0.10153089 4.21930e-08
1789875905.979 105.249 0.10157372 2.57791e-08
1789875905.989 105.293 0.10161096 3.79480e-08
1789875905.999 105.337 0.10163610 2.97410e-08
1789875906.009 105.381 0.10168266 2.18171e-08
1789875906.019 105.425 0.10172176 3.99290e-08
1789875906.029 105.469 0.10178695 2.09681e-08
1789875906.039 105.512 0.10182699 3.48350e-08
1789875906.049 105.556 0.10186144 2.63451e-08
1789875906.059 105.600 0.10188565 1.58741e-08
1789875906.069 105.644 0.10194058 3.90800e-08
1789875906.079 105.688 0.10198808 2.12511e-08
1789875906.089 105.731 0.10202718 3.28540e-08
1789875906.099 105.775 0.10207094 2.80430e-08
1789875906.109 105.819 0.10211191 1.92701e-08
1789875906.119 105.863 0.10213984 4.16270e-08
1789875906.129 105.906 0.10216498 2.83260e-08
1789875906.139 105.950 0.10224414 4.47400e-08
1789875906.149 105.994 0.10228976 4.21930e-08
1789875906.159 106.037 0.10232980 4.16270e-08
1789875906.169 106.081 0.10238008 6.82288e-08
1789875906.179 106.125 0.10240428 6.34179e-08
1789875906.189 106.168 0.10243130 8.71898e-08
1789875906.199 106.212 0.10247692 8.94537e-08
1789875906.209 106.255 0.10251882 9.36987e-08
1789875906.219 106.299 0.10256910 1.27093e-07
1789875906.229 106.343 0.10259982 1.27376e-07
1789875906.239 106.386 0.10263427 1.50865e-07
1789875906.249 106.430 0.10269201 1.54826e-07
1789875906.259 106.473 0.10273019 1.58788e-07
1789875906.269 106.516 0.10277302 1.89918e-07
1789875906.279 106.560 0.10282331 1.85956e-07
1789875906.289 106.603 0.10284100 2.10294e-07
1789875906.299 106.647 0.10288662 2.10860e-07
1789875906.309 106.690 0.10295180 2.11143e-07
1789875906.319 106.733 0.10299090 2.28972e-07
1789875906.329 106.777 0.10302628 2.12275e-07
1789875906.339 106.820 0.10307192 2.31236e-07
1789875906.349 106.864 0.10311195 2.07181e-07
1789875906.359 106.907 0.10315106 1.99823e-07
1789875906.369 106.950 0.10318644 2.05200e-07
1789875906.379 106.993 0.10322834 1.78315e-07
1789875906.389 107.037 0.10329260 1.81145e-07
1789875906.399 107.080 0.10333729 1.65014e-07
1789875906.409 107.123 0.10337453 1.52563e-07
1789875906.419 107.166 0.10340246 1.64731e-07
1789875906.429 107.209 0.10341829 1.26527e-07
1789875906.439 107.253 0.10347230 1.28508e-07
1789875906.449 107.296 0.10351793 1.09547e-07
1789875906.458 107.339 0.10356635 1.00491e-07
1789875906.468 107.382 0.10360080 1.08698e-07
1789875906.478 107.425 0.10363432 8.40768e-08
1789875906.488 107.468 0.10367808 9.31327e-08
1789875906.498 107.511 0.10374326 7.33228e-08
1789875906.508 107.554 0.10377120 7.07758e-08
1789875906.518 107.597 0.10379354 8.40768e-08
1789875906.528 107.640 0.10385127 6.22859e-08
1789875906.538 107.683 0.10389876 7.19078e-08
1789875906.548 107.726 0.10392483 6.00219e-08
1789875906.558 107.769 0.10396674 5.23809e-08
1789875906.568 107.812 0.10401050 6.48329e-08
1789875906.578 107.855 0.10406357 4.02120e-08
1789875906.588 107.898 0.10412409 5.29469e-08
1789875906.598 107.941 0.10414364 3.68160e-08
1789875906.608 107.984 0.10417624 3.03070e-08
1789875906.618 108.027 0.10420138 4.30420e-08
1789875906.628 108.069 0.10423863 2.09681e-08
1789875906.638 108.112 0.10429170 3.54010e-08
1789875906.648 108.155 0.10431963 2.23831e-08
1789875906.658 108.198 0.10437551 1.81381e-08
1789875906.668 108.241 0.10440344 3.17220e-08
1789875906.678 108.283 0.10444161 1.04971e-08
1789875906.688 108.326 0.10447886 2.35151e-08
1789875906.698 108.369 0.10453007 1.44591e-08
1789875906.708 108.411 0.10458314 1.07801e-08
1789875906.718 108.454 0.10463622 2.46471e-08
1789875906.728 108.497 0.10469116 5.12015e-09
1789875906.738 108.539 0.10470233 1.89871e-08
1789875906.748 108.582 0.10474050 1.16291e-08
1789875906.758 108.625 0.10479265 6.81814e-09
1789875906.768 108.667 0.10480754 2.09681e-08
1789875906.778 108.710 0.10484573 3.70515e-09
1789875906.788 108.752 0.10490718 1.81381e-08
1789875906.798 108.795 0.10494908 1.13461e-08
1789875906.808 108.837 0.10499936 6.25214e-09
1789875906.818 108.880 0.10503289 2.09681e-08
1789875906.828 108.922 0.10508317 3.42216e-09
1789875906.838 108.965 0.10510924 1.78551e-08
1789875906.848 109.007 0.10514462 9.93112e-09
1789875906.858 109.050 0.10519583 6.25214e-09
1789875906.868 109.092 0.10521445 1.87041e-08
1789875906.878 109.135 0.10524983 1.44116e-09
1789875906.888 109.177 0.10529733 1.75721e-08
1789875906.898 109.220 0.10533178 9.36513e-09
1789875906.908 109.262 0.10536716 5.68614e-09
1789875906.918 109.304 0.10541278 1.89871e-08
1789875906.928 109.347 0.10545375 1.44116e-09
1789875906.938 109.389 0.10550683 1.72891e-08
1789875906.948 109.431 0.10555618 1.02141e-08
1789875906.958 109.473 0.10558411 6.25214e-09
1789875906.968 109.516 0.10562881 2.01191e-08
1789875906.978 109.558 0.10566977 2.29016e-09
1789875906.988 109.600 0.10571260 1.95531e-08
1789875906.998 109.642 0.10575079 1.04971e-08
1789875907.008 109.685 0.10577965 6.81814e-09
1789875907.018 109.727 0.10584297 1.95531e-08
1789875907.028 109.769 0.10586811 2.85616e-09
1789875907.038 109.811 0.10590907 1.98361e-08
1789875907.048 109.853 0.10595191 1.04971e-08
1789875907.058 109.895 0.10600126 5.68614e-09
1789875907.068 109.938 0.10601802 2.12511e-08
1789875907.078 109.980 0.10606923 3.13916e-09
1789875907.088 110.022 0.10609530 2.09681e-08
