1789873432.030 31.725 0.03406089 1.24182e-06
1789873432.036 31.870 0.03406089 1.26304e-06
1789873432.046 32.015 0.03404506 1.29304e-06
1789873432.056 32.159 0.03401806 1.32615e-06
1789873432.066 32.303 0.03401247 1.34426e-06
1789873432.076 32.446 0.03403110 1.38048e-06
1789873432.086 32.588 0.03401713 1.40114e-06
1789873432.096 32.730 0.03401341 1.44472e-06
1789873432.106 32.871 0.03401899 1.47557e-06
1789873432.116 33.012 0.03397430 1.49906e-06
1789873432.126 33.152 0.03398175 1.51179e-06
1789873432.136 33.291 0.03401713 1.54292e-06
1789873432.146 33.430 0.03400782 1.56047e-06
1789873432.156 33.568 0.03399851 1.58453e-06
1789873432.165 33.705 0.03400316 1.55170e-06
1789873432.176 33.842 0.03404693 1.56358e-06
1789873432.185 33.979 0.03406462 1.53387e-06
1789873432.195 34.115 0.03408510 1.51321e-06
1789873432.205 34.250 0.03414190 1.47161e-06
1789873432.215 34.385 0.03418939 1.34115e-06
1789873432.225 34.519 0.03427598 1.27153e-06
1789873432.235 34.653 0.03434861 1.12579e-06
1789873432.245 34.787 0.03445849 9.83157e-07
1789873432.255 34.919 0.03455532 7.32705e-07
1789873432.265 35.052 0.03467079 4.57915e-07
1789873432.275 35.183 0.03475086 2.49063e-07
1789873432.285 35.315 0.03488960 7.61522e-08
1789873432.295 35.446 0.03506279 4.10606e-08
1789873432.305 35.576 0.03517174 1.67228e-08
1789873432.315 35.706 0.03532351 1.04969e-08
1789873432.325 35.835 0.03549577 2.26658e-08
1789873432.335 35.964 0.03565220 4.83698e-09
1789873432.345 36.092 0.03581887 2.35148e-08
1789873432.355 36.220 0.03597903 1.21949e-08
1789873432.365 36.348 0.03613360 1.10629e-08
1789873432.375 36.475 0.03631424 2.49298e-08
1789873432.385 36.602 0.03647253 6.25196e-09
1789873432.395 36.728 0.03662524 2.29488e-08
1789873432.405 36.854 0.03677143 1.07799e-08
1789873432.415 36.979 0.03691016 9.64793e-09
1789873432.425 37.104 0.03705449 1.95528e-08
1789873432.435 37.229 0.03720161 3.42200e-09
1789873432.445 37.353 0.03733849 1.92698e-08
1789873432.455 37.476 0.03746884 8.79894e-09
1789873432.465 37.600 0.03760200 7.38395e-09
1789873432.475 37.723 0.03774167 1.95528e-08
1789873432.485 37.845 0.03785806 1.15802e-09
1789873432.495 37.967 0.03795862 1.92698e-08
1789873432.505 38.089 0.03804801 7.10095e-09
1789873432.515 38.210 0.03814857 7.38395e-09
1789873432.525 38.331 0.03827148 1.84208e-08
1789873432.535 38.452 0.03835901 1.44102e-09
1789873432.545 38.572 0.03843816 1.70058e-08
1789873432.555 38.692 0.03855548 7.66695e-09
1789873432.565 38.811 0.03863555 7.66695e-09
1789873432.575 38.930 0.03871377 1.84208e-08
1789873432.585 39.049 0.03882923 2.00701e-09
1789873432.595 39.167 0.03891862 1.87038e-08
1789873432.605 39.285 0.03899963 7.94995e-09
1789873432.615 39.403 0.03910019 7.94995e-09
1789873432.625 39.520 0.03918213 1.84208e-08
1789873432.635 39.637 0.03928549 2.60336e-11
1789873432.645 39.754 0.03937208 1.75718e-08
1789873432.655 39.870 0.03947172 7.66695e-09
1789873432.665 39.986 0.03956296 8.23294e-09
1789873432.675 40.101 0.03965235 1.78548e-08
1789873432.685 40.217 0.03976223 1.15802e-09
1789873432.695 40.332 0.03986372 1.72888e-08
1789873432.705 40.446 0.03997546 7.38395e-09
1789873432.715 40.560 0.04007323 7.94995e-09
1789873432.725 40.674 0.04020731 1.75718e-08
1789873432.735 40.788 0.04030694 5.92027e-10
1789873432.745 40.901 0.04041402 1.72888e-08
1789873432.755 41.014 0.04053879 7.10095e-09
1789873432.765 41.127 0.04063284 8.51594e-09
1789873432.775 41.239 0.04076692 1.61569e-08
1789873432.785 41.351 0.04086283 -1.38895e-09
1789873432.795 41.463 0.04095501 1.70058e-08
1789873432.805 41.575 0.04107885 6.81796e-09
1789873432.815 41.686 0.04118873 8.51594e-09
1789873432.825 41.797 0.04132746 1.64398e-08
1789873432.835 41.907 0.04143082 -1.38895e-09
1789873432.845 42.018 0.04152487 1.78548e-08
1789873432.855 42.128 0.04164591 6.81796e-09
1789873432.865 42.237 0.04174741 9.08193e-09
1789873432.875 42.347 0.04184331 1.55909e-08
1789873432.885 42.456 0.04198764 -8.22957e-10
1789873432.895 42.565 0.04209658 1.72888e-08
1789873432.905 42.673 0.04220087 6.81796e-09
1789873432.915 42.782 0.04229305 8.79894e-09
1789873432.925 42.890 0.04236847 1.61569e-08
1789873432.935 42.998 0.04246066 -5.39960e-10
1789873432.945 43.105 0.04256681 1.87038e-08
1789873432.955 43.212 0.04268133 6.25196e-09
1789873432.965 43.319 0.04279866 8.51594e-09
1789873432.975 43.426 0.04289270 1.64398e-08
1789873432.985 43.532 0.04296812 2.60336e-11
1789873432.995 43.639 0.04306496 1.84208e-08
1789873433.005 43.745 0.04317297 7.10095e-09
1789873433.015 43.850 0.04326609 9.64793e-09
1789873433.025 43.956 0.04336479 1.75718e-08
1789873433.035 44.061 0.04345511 2.00701e-09
1789873433.045 44.166 0.04355008 1.89868e-08
1789873433.055 44.270 0.04365716 6.53496e-09
1789873433.065 44.375 0.04376518 8.79894e-09
1789873433.075 44.479 0.04386201 1.70058e-08
1789873433.085 44.583 0.04394302 1.15802e-09
1789873433.095 44.687 0.04404638 1.81378e-08
1789873433.105 44.790 0.04414694 6.53496e-09
1789873433.115 44.893 0.04421212 9.64793e-09
1789873433.125 44.996 0.04431734 1.84208e-08
1789873433.135 45.099 0.04441790 3.09031e-10
1789873433.145 45.201 0.04452591 1.92698e-08
1789873433.155 45.304 0.04460971 5.96897e-09
1789873433.165 45.406 0.04470935 1.02139e-08
1789873433.175 45.508 0.04481829 1.87038e-08
1789873433.185 45.609 0.04489836 1.72402e-09
1789873433.195 45.711 0.04499520 1.92698e-08
1789873433.205 45.812 0.04509577 6.25196e-09
1789873433.215 45.913 0.04519540 1.10629e-08
1789873433.225 46.013 0.04526523 1.78548e-08
1789873433.235 46.114 0.04536114 5.92027e-10
1789873433.245 46.214 0.04546822 1.72888e-08
1789873433.255 46.314 0.04556971 4.55398e-09
1789873433.265 46.414 0.04566655 1.13459e-08
1789873433.275 46.513 0.04577829 1.75718e-08
1789873433.285 46.613 0.04587326 8.75024e-10
1789873433.295 46.712 0.04597941 1.92698e-08
1789873433.305 46.811 0.04605949 5.40297e-09
1789873433.315 46.910 0.04616191 1.13459e-08
1789873433.325 47.008 0.04622058 1.75718e-08
1789873433.335 47.107 0.04631741 3.09031e-10
1789873433.345 47.205 0.04642636 1.78548e-08
1789873433.355 47.303 0.04652971 4.27099e-09
1789873433.365 47.401 0.04662562 1.07799e-08
1789873433.375 47.498 0.04672804 1.67228e-08
1789873433.385 47.595 0.04680905 -8.22957e-10
1789873433.395 47.693 0.04688168 1.61569e-08
1789873433.405 47.789 0.04696735 2.57301e-09
1789873433.415 47.886 0.04706325 9.64793e-09
1789873433.425 47.983 0.04716288 1.50249e-08
1789873433.435 48.079 0.04726438 -1.10595e-09
1789873433.445 48.175 0.04735097 1.75718e-08
1789873433.455 48.271 0.04742453 4.27099e-09
1789873433.465 48.367 0.04753534 1.04969e-08
1789873433.475 48.463 0.04764614 1.44589e-08
1789873433.485 48.558 0.04772901 2.60336e-11
1789873433.495 48.653 0.04779978 1.84208e-08
1789873433.505 48.748 0.04789755 4.27099e-09
1789873433.515 48.843 0.04798135 4.47395e-08
1789873433.525 48.938 0.04806795 2.29819e-07
1789873433.535 49.032 0.04815268 4.64141e-07
1789873433.545 49.127 0.04823741 8.15906e-07
1789873433.555 49.221 0.04833053 1.08390e-06
1789873433.565 49.315 0.04840502 1.60122e-06
1789873433.575 49.408 0.04849813 2.59114e-06
1789873433.585 49.502 0.04860055 3.80096e-06
1789873433.595 49.595 0.04870019 4.69466e-06
1789873433.605 49.689 0.04878771 3.87171e-06
1789873433.615 49.782 0.04885662 2.41286e-06
1789873433.625 49.875 0.04893111 1.62556e-06
1789873433.635 49.967 0.04902236 9.91364e-07
1789873433.645 50.060 0.04913410 6.89123e-07
1789873433.655 50.152 0.04921138 4.76876e-07
1789873433.665 50.244 0.04931287 2.94626e-07
1789873433.675 50.336 0.04939295 1.83691e-07
1789873433.685 50.428 0.04948327 9.39810e-08
1789873433.695 50.520 0.04958383 6.45493e-08
1789873433.705 50.611 0.04964808 2.29488e-08
1789873433.715 50.703 0.04973002 2.04018e-08
1789873433.725 50.794 0.04983338 1.95528e-08
1789873433.735 50.885 0.04992090 4.55398e-09
1789873433.745 50.976 0.05001215 1.98358e-08
1789873433.755 51.067 0.05008944 2.60336e-11
1789873433.765 51.157 0.05015462 6.53496e-09
1789873433.775 51.248 0.05025145 9.93092e-09
1789873433.785 51.338 0.05033712 -4.78491e-09
1789873433.795 51.428 0.05042837 1.27609e-08
1789873433.805 51.518 0.05050938 -1.10595e-09
1789873433.815 51.608 0.05057828 1.04969e-08
1789873433.825 51.697 0.05067233 1.30439e-08
1789873433.835 51.787 0.05076544 2.00701e-09
1789873433.845 51.876 0.05084459 2.12508e-08
1789873433.855 51.965 0.05094422 5.40297e-09
1789873433.865 52.054 0.05102057 1.47419e-08
1789873433.875 52.143 0.05110717 1.98358e-08
1789873433.885 52.232 0.05120214 1.13459e-08
1789873433.895 52.320 0.05129712 3.25189e-07
1789873433.905 52.408 0.05137534 1.55679e-06
1789873433.915 52.497 0.05145076 3.70842e-06
1789873433.925 52.585 0.05153921 6.67366e-06
1789873433.934 52.673 0.05162860 9.52542e-06
1789873433.944 52.761 0.05170961 1.36626e-05
1789873433.954 52.848 0.05179528 2.13465e-05
1789873433.964 52.936 0.05187629 3.32176e-05
1789873433.974 53.023 0.05196474 4.17282e-05
1789873433.984 53.110 0.05204203 3.33594e-05
1789873433.994 53.197 0.05212024 4.26847e-05
1789873434.004 53.284 0.05220125 2.64464e-05
1789873434.014 53.371 0.05228878 1.28537e-05
1789873434.024 53.458 0.05235862 6.85223e-06
1789873434.034 53.544 0.05244800 4.72890e-06
1789873434.044 53.631 0.05252342 3.99396e-06
1789873434.054 53.717 0.05261375 3.12629e-06
1789873434.064 53.803 0.05269196 2.20401e-06
1789873434.074 53.889 0.05277669 1.28908e-06
1789873434.084 53.975 0.05287539 5.96017e-07
1789873434.094 54.060 0.05292847 2.92362e-07
1789873434.104 54.146 0.05299551 1.87087e-07
1789873434.114 54.231 0.05307652 1.83974e-07
1789873434.124 54.317 0.05318267 1.97275e-07
1789873434.134 54.402 0.05325157 2.02086e-07
1789873434.144 54.487 0.05331582 2.12274e-07
1789873434.154 54.572 0.05341452 1.64447e-07
1789873434.164 54.656 0.05350763 1.29922e-07
1789873434.174 54.741 0.05357375 9.48300e-08
1789873434.184 54.825 0.05365568 8.54911e-08
1789873434.194 54.910 0.05375531 1.11527e-07
1789873434.204 54.994 0.05383074 1.18319e-07
1789873434.214 55.078 0.05391733 1.19451e-07
1789873434.224 55.162 0.05399461 1.03320e-07
1789873434.234 55.246 0.05407376 6.65303e-08
1789873434.244 55.330 0.05414174 1.11244e-07
1789873434.254 55.413 0.05421902 1.07848e-07
1789873434.264 55.497 0.05428047 1.73786e-07
1789873434.274 55.580 0.05438849 1.25677e-07
1789873434.284 55.663 0.05447601 8.80381e-08
1789873434.294 55.746 0.05455702 1.01056e-07
1789873434.304 55.829 0.05461941 5.57764e-08
1789873434.314 55.912 0.05469949 5.83234e-08
1789873434.324 55.995 0.05478422 7.47372e-08
1789873434.334 56.077 0.05485033 7.78502e-08
1789873434.344 56.160 0.05492761 1.33035e-07
1789873434.354 56.242 0.05503563 1.48033e-07
1789873434.364 56.324 0.05510918 1.77465e-07
1789873434.374 56.407 0.05516319 1.51995e-07
1789873434.384 56.489 0.05524234 1.27658e-07
1789873434.394 56.570 0.05531962 1.88502e-07
1789873434.404 56.652 0.05540435 2.12335e-06
1789873434.414 56.734 0.05549933 6.39293e-06
1789873434.424 56.815 0.05556917 1.35740e-05
1789873434.434 56.897 0.05564179 2.37070e-05
1789873434.444 56.978 0.05570046 4.52603e-05
1789873434.454 57.059 0.05576936 7.25072e-05
1789873434.464 57.140 0.05585875 1.10384e-04
1789873434.474 57.221 0.05595465 1.39191e-04
1789873434.484 57.302 0.05601797 1.78369e-04
1789873434.494 57.383 0.05610829 1.96264e-04
1789873434.504 57.463 0.05618092 1.89682e-04
1789873434.514 57.544 0.05627310 1.52328e-04
1789873434.524 57.624 0.05634294 1.09105e-04
1789873434.534 57.704 0.05640905 5.86025e-05
1789873434.544 57.785 0.05649285 2.67857e-05
1789873434.554 57.865 0.05654127 1.17119e-05
1789873434.564 57.945 0.05663159 7.04495e-06
1789873434.574 58.024 0.05670980 5.33197e-06
1789873434.584 58.104 0.05680664 4.11961e-06
1789873434.594 58.184 0.05688858 3.12657e-06
1789873434.604 58.263 0.05694817 2.29711e-06
1789873434.614 58.343 0.05701429 1.80724e-06
1789873434.624 58.422 0.05708598 1.71697e-06
1789873434.634 58.501 0.05715675 1.98610e-06
1789873434.644 58.580 0.05723590 2.49181e-06
1789873434.654 58.659 0.05732063 3.40731e-06
1789873434.664 58.738 0.05738115 3.97443e-06
1789873434.674 58.817 0.05746775 4.67881e-06
1789873434.684 58.895 0.05756366 4.94624e-06
1789873434.694 58.974 0.05763442 4.30214e-06
1789873434.704 59.052 0.05767446 3.40023e-06
1789873434.714 59.130 0.05776291 2.71510e-06
1789873434.724 59.209 0.05784765 1.48633e-06
1789873434.734 59.287 0.05791935 1.07683e-06
1789873434.744 59.365 0.05799663 7.60439e-07
1789873434.754 59.443 0.05807019 7.59590e-07
1789873434.764 59.521 0.05814748 5.80170e-07
1789873434.774 59.598 0.05820055 5.27249e-07
1789873434.784 59.676 0.05827038 3.44150e-07
1789873434.794 59.753 0.05833557 2.79061e-07
1789873434.804 59.831 0.05842682 1.70107e-07
1789873434.814 59.908 0.05849199 1.52561e-07
1789873434.824 59.985 0.05857114 1.51429e-07
1789873434.834 60.062 0.05866333 1.44071e-07
1789873434.844 60.139 0.05872664 2.26707e-07
1789873434.854 60.216 0.05878158 2.56138e-07
1789873434.864 60.293 0.05884582 2.81608e-07
1789873434.874 60.370 0.05893242 3.13304e-07
1789873434.884 60.446 0.05901343 4.27634e-07
1789873434.894 60.523 0.05908606 5.50455e-07
1789873434.904 60.599 0.05916520 8.05718e-07
1789873434.914 60.676 0.05925087 9.62781e-07
1789873434.924 60.752 0.05931791 1.18437e-06
1789873434.934 60.828 0.05938402 1.36124e-06
1789873434.944 60.904 0.05944362 1.60575e-06
1789873434.954 60.980 0.05953673 1.63433e-06
1789873434.964 61.056 0.05958608 1.37765e-06
1789873434.974 61.132 0.05966057 1.20956e-06
1789873434.984 61.207 0.05973040 7.68646e-07
1789873434.994 61.283 0.05982258 5.94037e-07
1789873435.004 61.358 0.05988684 4.62726e-07
1789873435.014 61.434 0.05997529 4.74612e-07
1789873435.024 61.509 0.06002650 6.09318e-07
1789873435.034 61.584 0.06009634 7.01292e-07
1789873435.044 61.659 0.06015407 7.23083e-07
1789873435.054 61.734 0.06024253 7.32139e-07
1789873435.064 61.809 0.06032447 7.51666e-07
1789873435.074 61.884 0.06039244 6.14412e-07
1789873435.084 61.959 0.06045203 6.05356e-07
1789873435.094 62.033 0.06051069 4.59047e-07
1789873435.104 62.108 0.06058705 5.34041e-07
1789873435.114 62.182 0.06067737 8.79863e-07
1789873435.124 62.257 0.06074347 2.76858e-06
1789873435.134 62.331 0.06079655 6.17813e-06
1789873435.144 62.405 0.06087570 1.45877e-05
1789873435.154 62.480 0.06092970 2.46256e-05
1789873435.164 62.554 0.06102654 4.23293e-05
1789873435.174 62.627 0.06110476 6.50701e-05
1789873435.184 62.701 0.06117180 8.48414e-05
1789873435.194 62.775 0.06125746 1.04904e-04
1789873435.204 62.849 0.06131892 1.34739e-04
1789873435.214 62.922 0.06137851 1.51432e-04
1789873435.224 62.996 0.06141390 1.65476e-04
1789873435.234 63.069 0.06150887 1.56123e-04
1789873435.244 63.143 0.06158615 1.34775e-04
1789873435.254 63.216 0.06163644 1.05585e-04
1789873435.264 63.289 0.06172396 6.81825e-05
1789873435.274 63.362 0.06179287 4.12969e-05
1789873435.284 63.435 0.06185432 1.84673e-05
1789873435.294 63.508 0.06195395 7.92479e-06
1789873435.304 63.581 0.06200796 3.79162e-06
1789873435.314 63.654 0.06207221 3.09771e-06
1789873435.324 63.726 0.06215228 2.51898e-06
1789873435.334 63.799 0.06222491 2.27334e-06
1789873435.344 63.871 0.06227705 2.07213e-06
1789873435.354 63.944 0.06235620 1.71018e-06
1789873435.364 64.016 0.06240835 1.52029e-06
1789873435.374 64.088 0.06246887 1.55368e-06
1789873435.384 64.161 0.06254150 1.45095e-06
1789873435.394 64.233 0.06260296 1.69150e-06
1789873435.404 64.305 0.06268862 1.48010e-06
1789873435.414 64.377 0.06276776 1.41897e-06
1789873435.424 64.448 0.06280501 1.22087e-06
1789873435.434 64.520 0.06289905 9.85987e-07
1789873435.444 64.592 0.06297261 7.79116e-07
1789873435.454 64.664 0.06304338 5.50455e-07
1789873435.464 64.735 0.06309925 5.02346e-07
1789873435.474 64.807 0.06315884 4.68669e-07
1789873435.484 64.878 0.06323519 5.27249e-07
1789873435.494 64.949 0.06328920 6.67616e-07
1789873435.504 65.020 0.06335717 7.36384e-07
1789873435.514 65.092 0.06343073 9.26275e-07
1789873435.524 65.163 0.06348567 1.03778e-06
1789873435.534 65.234 0.06357599 9.94194e-07
1789873435.544 65.305 0.06364303 9.27407e-07
1789873435.554 65.375 0.06372032 9.58819e-07
1789873435.564 65.446 0.06378829 9.90232e-07
1789873435.574 65.517 0.06383485 1.02815e-06
1789873435.584 65.587 0.06389816 1.36152e-06
1789873435.594 65.658 0.06397917 1.85450e-06
1789873435.604 65.728 0.06404901 2.57247e-06
1789873435.614 65.799 0.06411046 3.31081e-06
1789873435.624 65.869 0.06418216 4.12074e-06
1789873435.634 65.939 0.06424454 4.61938e-06
1789873435.644 66.009 0.06431438 4.69919e-06
1789873435.654 66.080 0.06439632 4.27073e-06
1789873435.664 66.150 0.06445870 3.63908e-06
1789873435.674 66.219 0.06450992 2.71878e-06
1789873435.684 66.289 0.06457416 1.87969e-06
1789873435.693 66.359 0.06464400 1.27946e-06
1789873435.703 66.429 0.06469055 8.22132e-07
1789873435.713 66.498 0.06476877 8.00907e-07
1789873435.724 66.568 0.06483581 7.54779e-07
1789873435.733 66.637 0.06489075 8.47036e-07
1789873435.743 66.707 0.06496990 9.78912e-07
1789873435.753 66.776 0.06504253 8.64016e-07
1789873435.763 66.846 0.06509839 8.95428e-07
1789873435.773 66.915 0.06518220 9.21181e-07
1789873435.783 66.984 0.06524830 9.03069e-07
1789873435.793 67.053 0.06531255 1.01372e-06
1789873435.803 67.122 0.06538053 8.74769e-07
1789873435.813 67.191 0.06542057 1.05277e-06
1789873435.823 67.260 0.06550809 9.15521e-07
1789873435.833 67.328 0.06558352 8.99390e-07
1789873435.843 67.397 0.06563286 8.53262e-07
1789873435.853 67.466 0.06569432 7.58175e-07
1789873435.863 67.534 0.06576602 6.12431e-07
1789873435.873 67.603 0.06584237 6.35354e-07
1789873435.883 67.671 0.06591779 7.92983e-07
1789873435.893 67.740 0.06595969 9.69007e-07
1789873435.903 67.808 0.06602581 6.79501e-07
1789873435.913 67.876 0.06607143 7.63552e-07
1789873435.923 67.944 0.06616082 6.61956e-07
1789873435.933 68.012 0.06623065 4.34143e-07
1789873435.943 68.080 0.06627162 3.13587e-07
1789873435.953 68.148 0.06634797 1.62183e-07
1789873435.963 68.216 0.06637498 1.12659e-07
1789873435.973 68.284 0.06645598 9.79429e-08
1789873435.983 68.352 0.06652396 1.13791e-07
1789873435.993 68.419 0.06661428 1.06716e-07
1789873436.003 68.487 0.06668504 1.02471e-07
1789873436.013 68.555 0.06676047 1.27941e-07
1789873436.023 68.622 0.06681448 1.31903e-07
1789873436.033 68.689 0.06686755 1.38978e-07
1789873436.043 68.757 0.06692900 1.90766e-07
1789873436.053 68.824 0.06699511 2.53025e-07
1789873436.063 68.891 0.06705564 3.50093e-07
1789873436.073 68.958 0.06712361 4.40652e-07
1789873436.083 69.026 0.06719158 5.31211e-07
1789873436.093 69.093 0.06724559 6.10167e-07
1789873436.103 69.160 0.06729866 7.34969e-07
1789873436.113 69.226 0.06738154 7.42610e-07
1789873436.123 69.293 0.06743275 5.57530e-07
1789873436.133 69.360 0.06750910 4.96402e-07
1789873436.143 69.427 0.06758173 4.42067e-07
1789873436.153 69.493 0.06762549 1.55674e-07
1789873436.163 69.560 0.06768322 2.33781e-07
1789873436.173 69.626 0.06775864 1.91898e-07
1789873436.183 69.693 0.06782569 3.16416e-07
1789873436.193 69.759 0.06787317 8.62034e-07
1789873436.203 69.825 0.06794860 1.94987e-06
1789873436.213 69.892 0.06801564 3.28760e-06
1789873436.223 69.958 0.06807988 6.08021e-06
1789873436.233 70.024 0.06812738 9.20535e-06
1789873436.243 70.090 0.06819348 1.37503e-05
1789873436.253 70.156 0.06827170 2.15143e-05
1789873436.263 70.222 0.06832570 3.42449e-05
1789873436.273 70.288 0.06839926 5.77328e-05
1789873436.283 70.354 0.06845234 8.05211e-05
1789873436.293 70.420 0.06850728 1.21439e-04
1789873436.303 70.485 0.06855290 1.44263e-04
1789873436.313 70.551 0.06861994 1.69283e-04
1789873436.323 70.616 0.06870375 1.87840e-04
1789873436.333 70.682 0.06876706 1.90500e-04
1789873436.343 70.747 0.06881083 1.87908e-04
1789873436.353 70.813 0.06887042 1.54133e-04
1789873436.363 70.878 0.06894212 1.14894e-04
1789873436.373 70.943 0.06899519 8.03225e-05
1789873436.383 71.009 0.06904640 4.99314e-05
1789873436.393 71.074 0.06914045 2.66880e-05
1789873436.403 71.139 0.06917397 1.26155e-05
1789873436.413 71.204 0.06923915 4.94285e-06
1789873436.423 71.269 0.06931643 3.60965e-06
1789873436.433 71.334 0.06940303 3.31845e-06
1789873436.443 71.399 0.06946541 2.65199e-06
1789873436.453 71.463 0.06949800 2.44823e-06
1789873436.463 71.528 0.06955667 2.06081e-06
1789873436.473 71.593 0.06963674 1.69772e-06
1789873436.483 71.657 0.06967771 1.50019e-06
1789873436.493 71.722 0.06972799 1.31851e-06
1789873436.503 71.786 0.06980621 1.10569e-06
1789873436.513 71.851 0.06987511 9.70422e-07
1789873436.523 71.915 0.06996357 1.03381e-06
1789873436.533 71.980 0.07001106 8.00624e-07
1789873436.543 72.044 0.07006227 7.52798e-07
1789873436.553 72.108 0.07010976 5.97149e-07
1789873436.563 72.172 0.07015352 6.83464e-07
1789873436.573 72.236 0.07020101 5.99696e-07
1789873436.583 72.300 0.07027829 5.30645e-07
1789873436.593 72.364 0.07036489 4.57349e-07
1789873436.603 72.428 0.07040772 3.56319e-07
1789873436.613 72.492 0.07046825 2.97173e-07
1789873436.623 72.556 0.07054553 2.15670e-07
1789873436.633 72.620 0.07060791 2.12557e-07
1789873436.643 72.683 0.07066658 2.08312e-07
1789873436.653 72.747 0.07071779 1.75767e-07
1789873436.663 72.811 0.07078018 1.87370e-07
1789873436.673 72.874 0.07083884 1.50014e-07
1789873436.683 72.938 0.07087422 1.55674e-07
1789873436.693 73.001 0.07095243 1.63315e-07
1789873436.703 73.064 0.07101948 1.48033e-07
1789873436.713 73.128 0.07107720 1.39261e-07
1789873436.723 73.191 0.07111911 1.15206e-07
1789873436.733 73.254 0.07119546 1.06716e-07
1789873436.743 73.317 0.07125319 9.96409e-08
1789873436.753 73.380 0.07130999 1.02471e-07
1789873436.763 73.444 0.07140310 1.04452e-07
1789873436.773 73.507 0.07143942 1.24262e-07
1789873436.783 73.569 0.07148877 1.85672e-07
1789873436.793 73.632 0.07157443 2.86419e-07
1789873436.803 73.695 0.07162657 3.93392e-07
1789873436.813 73.758 0.07167872 4.27068e-07
1789873436.823 73.821 0.07172993 2.62364e-07
1789873436.833 73.883 0.07179418 5.00082e-07
1789873436.843 73.946 0.07186960 5.90924e-07
1789873436.853 74.009 0.07194223 4.51689e-07
1789873436.863 74.071 0.07200927 3.97920e-07
1789873436.873 74.133 0.07204745 2.74533e-07
1789873436.883 74.196 0.07207910 1.95577e-07
1789873436.893 74.258 0.07215360 2.12557e-07
1789873436.903 74.321 0.07222995 2.23028e-07
1789873436.913 74.383 0.07226999 3.18114e-07
1789873436.923 74.445 0.07233796 3.65375e-07
1789873436.933 74.507 0.07240500 3.95939e-07
1789873436.943 74.569 0.07245156 4.89045e-07
1789873436.953 74.631 0.07251208 4.51972e-07
1789873436.963 74.693 0.07257447 5.03761e-07
1789873436.973 74.755 0.07262661 4.99516e-07
1789873436.983 74.817 0.07266572 5.07722e-07
1789873436.993 74.879 0.07273369 5.23004e-07
1789873437.003 74.941 0.07278677 5.49040e-07
1789873437.013 75.002 0.07283519 5.94319e-07
1789873437.023 75.064 0.07289944 6.17525e-07
1789873437.033 75.126 0.07298045 6.30260e-07
1789873437.043 75.187 0.07303911 6.35071e-07
1789873437.053 75.249 0.07309870 5.34041e-07
1789873437.063 75.310 0.07315364 4.69235e-07
1789873437.073 75.372 0.07322254 3.81506e-07
1789873437.083 75.433 0.07328120 2.73967e-07
1789873437.093 75.494 0.07333521 2.47082e-07
1789873437.103 75.556 0.07339294 2.02652e-07
1789873437.113 75.617 0.07345532 2.10293e-07
1789873437.123 75.678 0.07350560 1.92464e-07
1789873437.133 75.739 0.07354192 2.18500e-07
1789873437.143 75.800 0.07362106 2.67458e-07
1789873437.153 75.861 0.07367973 3.31132e-07
1789873437.163 75.922 0.07372814 4.76876e-07
1789873437.173 75.983 0.07379612 6.09035e-07
1789873437.183 76.044 0.07386782 8.07982e-07
1789873437.193 76.105 0.07392275 1.17531e-06
1789873437.203 76.166 0.07397024 1.70253e-06
1789873437.213 76.227 0.07401587 2.52577e-06
1789873437.223 76.287 0.07407825 3.54824e-06
1789873437.233 76.348 0.07415181 4.31714e-06
1789873437.243 76.408 0.07420675 5.10869e-06
1789873437.253 76.469 0.07426727 5.48281e-06
1789873437.263 76.530 0.07431383 5.58242e-06
1789873437.273 76.590 0.07437435 5.27594e-06
1789873437.283 76.650 0.07443208 4.61627e-06
1789873437.293 76.711 0.07447771 3.73955e-06
1789873437.303 76.771 0.07453358 2.59228e-06
1789873437.313 76.831 0.07459782 1.78149e-06
1789873437.323 76.892 0.07466301 1.05702e-06
1789873437.333 76.952 0.07472166 6.14412e-07
1789873437.343 77.012 0.07476822 3.42735e-07
1789873437.353 77.072 0.07485482 2.58968e-07
1789873437.363 77.132 0.07491255 2.56138e-07
1789873437.373 77.192 0.07494048 2.39441e-07
1789873437.383 77.252 0.07499356 2.47931e-07
1789873437.393 77.312 0.07506805 2.70571e-07
1789873437.403 77.372 0.07512578 3.00003e-07
1789873437.413 77.431 0.07517979 3.48961e-07
1789873437.423 77.491 0.07524217 3.66507e-07
1789873437.433 77.551 0.07530363 3.58866e-07
1789873437.443 77.610 0.07535484 3.59998e-07
1789873437.453 77.670 0.07541722 1.95294e-07
1789873437.463 77.730 0.07544702 2.82174e-07
1789873437.473 77.789 0.07549264 2.17368e-07
1789873437.483 77.849 0.07556620 1.60768e-07
1789873437.492 77.908 0.07563604 1.10961e-07
1789873437.502 77.967 0.07568911 6.87943e-08
1789873437.512 78.027 0.07573567 7.41712e-08
1789873437.522 78.086 0.07579992 4.53055e-08
1789873437.532 78.145 0.07585020 5.32294e-08
1789873437.542 78.205 0.07590886 4.89845e-08
1789873437.552 78.264 0.07594983 2.97407e-08
1789873437.562 78.323 0.07602246 4.02116e-08
1789873437.572 78.382 0.07606716 1.36099e-08
1789873437.582 78.441 0.07611557 1.47419e-08
1789873437.592 78.500 0.07618448 1.64398e-08
1789873437.602 78.559 0.07625152 9.64793e-09
1789873437.612 78.618 0.07631577 3.25707e-08
1789873437.622 78.677 0.07635860 3.05897e-08
1789873437.632 78.735 0.07643123 4.53055e-08
1789873437.642 78.794 0.07648244 7.24732e-08
1789873437.652 78.853 0.07653738 9.25660e-08
1789873437.662 78.911 0.07659045 1.39544e-07
1789873437.672 78.970 0.07663515 2.08595e-07
1789873437.682 79.029 0.07668170 2.73684e-07
1789873437.692 79.087 0.07676178 3.03682e-07
1789873437.702 79.146 0.07682789 3.00569e-07
1789873437.712 79.204 0.07687259 3.04248e-07
1789873437.722 79.263 0.07691076 3.26887e-07
1789873437.732 79.321 0.07697687 2.94060e-07
1789873437.742 79.379 0.07703740 2.33781e-07
1789873437.752 79.438 0.07708209 1.70956e-07
1789873437.762 79.496 0.07714075 1.28507e-07
1789873437.772 79.554 0.07720314 6.79453e-08
1789873437.782 79.612 0.07723852 5.94554e-08
1789873437.792 79.670 0.07727111 4.21926e-08
1789873437.802 79.728 0.07734560 3.05897e-08
1789873437.812 79.786 0.07742102 5.46444e-08
1789873437.822 79.844 0.07747317 3.65326e-08
1789873437.832 79.902 0.07754300 6.00214e-08
1789873437.842 79.960 0.07760912 5.37954e-08
1789873437.852 80.018 0.07763332 2.94577e-08
1789873437.862 80.076 0.07766684 5.12485e-08
1789873437.872 80.134 0.07774506 4.10606e-08
1789873437.882 80.191 0.07777392 4.55885e-08
1789873437.892 80.249 0.07783538 3.11557e-08
1789873437.902 80.307 0.07789683 2.20998e-08
1789873437.912 80.364 0.07796481 3.73816e-08
1789873437.922 80.422 0.07803558 2.06848e-08
1789873437.932 80.479 0.07806816 3.45516e-08
1789873437.942 80.537 0.07810634 2.71937e-08
1789873437.952 80.594 0.07818549 3.62496e-08
1789873437.962 80.652 0.07822459 9.17170e-08
1789873437.972 80.709 0.07827860 1.68409e-07
1789873437.982 80.766 0.07833260 3.59998e-07
1789873437.992 80.824 0.07838661 6.42429e-07
1789873438.002 80.881 0.07843410 1.17814e-06
1789873438.012 80.938 0.07848531 1.94054e-06
1789873438.022 80.995 0.07855608 3.02074e-06
1789873438.032 81.052 0.07860915 4.02141e-06
1789873438.042 81.110 0.07866129 5.57987e-06
1789873438.052 81.167 0.07870692 7.24135e-06
1789873438.062 81.224 0.07878420 1.00937e-05
1789873438.072 81.281 0.07881773 1.50642e-05
1789873438.082 81.337 0.07886149 1.76556e-05
1789873438.092 81.394 0.07892388 2.33458e-05
1789873438.102 81.451 0.07898626 2.97286e-05
1789873438.112 81.508 0.07903095 4.19886e-05
1789873438.122 81.565 0.07909055 5.77048e-05
1789873438.132 81.621 0.07915294 8.73326e-05
1789873438.142 81.678 0.07922091 1.22961e-04
1789873438.152 81.735 0.07925909 1.41050e-04
1789873438.162 81.791 0.07930098 1.55943e-04
1789873438.172 81.848 0.07935406 1.74843e-04
1789873438.182 81.905 0.07941645 1.74919e-04
1789873438.192 81.961 0.07948721 1.73937e-04
1789873438.202 82.017 0.07953097 1.67756e-04
1789873438.212 82.074 0.07957940 1.43093e-04
1789873438.222 82.130 0.07965388 1.17327e-04
1789873438.232 82.187 0.07969579 8.61007e-05
1789873438.242 82.243 0.07973303 5.67327e-05
1789873438.252 82.299 0.07980473 3.81590e-05
1789873438.262 82.355 0.07983266 2.33252e-05
1789873438.272 82.412 0.07990808 1.29027e-05
1789873438.282 82.468 0.07995464 8.93141e-06
1789873438.292 82.524 0.08000771 6.72630e-06
1789873438.302 82.580 0.08007662 5.50318e-06
1789873438.312 82.636 0.08012597 4.65023e-06
1789873438.322 82.692 0.08016880 3.75030e-06
1789873438.332 82.748 0.08023212 3.26326e-06
1789873438.342 82.804 0.08029264 2.79207e-06
1789873438.352 82.860 0.08033827 2.38880e-06
1789873438.362 82.915 0.08038762 2.19070e-06
1789873438.372 82.971 0.08043697 1.83130e-06
1789873438.382 83.027 0.08048632 1.69716e-06
1789873438.392 83.083 0.08055429 1.47019e-06
1789873438.402 83.138 0.08058502 1.30945e-06
1789873438.412 83.194 0.08062878 1.19625e-06
1789873438.422 83.250 0.08069303 1.01853e-06
1789873438.432 83.305 0.08072562 8.53828e-07
1789873438.442 83.361 0.08079545 8.67977e-07
1789873438.452 83.416 0.08086250 7.62137e-07
1789873438.462 83.472 0.08093513 7.24781e-07
1789873438.472 83.527 0.08098820 6.20355e-07
1789873438.482 83.583 0.08099751 6.05356e-07
1789873438.492 83.638 0.08107945 5.33758e-07
1789873438.502 83.693 0.08112229 4.74612e-07
1789873438.512 83.748 0.08115860 4.87064e-07
1789873438.522 83.804 0.08120608 3.82355e-07
1789873438.532 83.859 0.08126475 3.90279e-07
1789873438.542 83.914 0.08131223 3.43018e-07
1789873438.552 83.969 0.08135786 3.35094e-07
1789873438.562 84.024 0.08143701 3.09625e-07
1789873438.572 84.079 0.08150777 2.68307e-07
1789873438.582 84.134 0.08154129 2.74816e-07
1789873438.592 84.189 0.08157575 2.54723e-07
1789873438.602 84.244 0.08163534 2.40007e-07
1789873438.612 84.299 0.08168283 2.63779e-07
1789873438.622 84.354 0.08173776 2.23028e-07
1789873438.632 84.409 0.08181039 2.14538e-07
1789873438.642 84.464 0.08183274 1.77182e-07
1789873438.652 84.519 0.08188860 1.64730e-07
1789873438.662 84.573 0.08196123 1.65013e-07
1789873438.672 84.628 0.08201244 1.32186e-07
1789873438.682 84.683 0.08207576 1.50297e-07
1789873438.692 84.737 0.08213536 1.29356e-07
1789873438.702 84.792 0.08218284 1.23696e-07
1789873438.712 84.847 0.08222381 1.36147e-07
1789873438.722 84.901 0.08226199 1.10112e-07
1789873438.732 84.956 0.08231786 1.26243e-07
1789873438.742 85.010 0.08237838 1.07565e-07
1789873438.752 85.064 0.08242587 9.73770e-08
1789873438.762 85.119 0.08247615 1.03886e-07
1789873438.772 85.173 0.08252736 7.86992e-08
1789873438.782 85.228 0.08255437 8.52081e-08
1789873438.792 85.282 0.08262048 7.10582e-08
1789873438.802 85.336 0.08268007 6.56813e-08
1789873438.812 85.390 0.08272477 8.57741e-08
1789873438.822 85.444 0.08278995 6.00214e-08
1789873438.832 85.499 0.08283091 7.50202e-08
1789873438.842 85.553 0.08289050 6.59643e-08
1789873438.852 85.607 0.08293520 6.03044e-08
1789873438.862 85.661 0.08298548 7.10582e-08
1789873438.872 85.715 0.08302459 5.18145e-08
1789873438.882 85.769 0.08308418 6.99263e-08
1789873438.892 85.823 0.08316426 5.86064e-08
1789873438.902 85.877 0.08321548 6.31343e-08
1789873438.912 85.931 0.08326762 7.21902e-08
1789873438.922 85.984 0.08331324 4.98335e-08
1789873438.932 86.038 0.08336539 7.58692e-08
1789873438.942 86.092 0.08341939 7.95481e-08
1789873438.952 86.146 0.08345757 7.67182e-08
1789873438.962 86.199 0.08349109 1.06716e-07
1789873438.972 86.253 0.08354882 8.60571e-08
1789873438.982 86.307 0.08362796 1.25960e-07
1789873438.992 86.360 0.08367266 1.32752e-07
1789873439.002 86.414 0.08371177 1.74069e-07
1789873439.012 86.467 0.08373691 2.20481e-07
1789873439.022 86.521 0.08379743 2.41422e-07
1789873439.032 86.574 0.08386540 3.52640e-07
1789873439.042 86.628 0.08392127 4.37539e-07
1789873439.052 86.681 0.08396597 5.53851e-07
1789873439.062 86.735 0.08399855 7.19404e-07
1789873439.072 86.788 0.08404791 8.21566e-07
1789873439.082 86.841 0.08409539 9.63347e-07
1789873439.092 86.895 0.08416709 1.02306e-06
1789873439.102 86.948 0.08422669 1.10230e-06
1789873439.112 87.001 0.08427697 1.11277e-06
1789873439.122 87.054 0.08432353 1.03636e-06
1789873439.132 87.107 0.08436822 1.01344e-06
1789873439.142 87.161 0.08442595 8.82410e-07
1789873439.152 87.214 0.08448461 7.86191e-07
1789873439.162 87.267 0.08451440 6.70163e-07
1789873439.172 87.320 0.08457772 4.86215e-07
1789873439.182 87.373 0.08464011 3.82638e-07
1789873439.192 87.426 0.08466991 2.65477e-07
1789873439.202 87.479 0.08472019 1.79729e-07
1789873439.212 87.531 0.08476395 1.49731e-07
1789873439.222 87.584 0.08478164 1.00490e-07
1789873439.232 87.637 0.08487755 9.90749e-08
1789873439.242 87.690 0.08494366 6.62473e-08
1789873439.252 87.743 0.08497066 6.00214e-08
1789873439.261 87.795 0.08501722 6.65303e-08
1789873439.271 87.848 0.08506564 3.96456e-08
1789873439.281 87.901 0.08509450 5.37954e-08
1789873439.291 87.953 0.08516434 3.68156e-08
1789873439.301 88.006 0.08519879 3.85136e-08
1789873439.311 88.059 0.08526862 4.64375e-08
1789873439.321 88.111 0.08532543 2.46468e-08
1789873439.331 88.164 0.08536453 4.33246e-08
1789873439.341 88.216 0.08543344 2.69107e-08
1789873439.351 88.269 0.08545858 3.37027e-08
1789873439.361 88.321 0.08552189 4.19096e-08
1789873439.371 88.373 0.08557962 2.43638e-08
1789873439.381 88.426 0.08563176 4.95505e-08
1789873439.391 88.478 0.08567553 3.62496e-08
1789873439.401 88.530 0.08571836 4.78525e-08
1789873439.411 88.583 0.08576958 5.97384e-08
1789873439.421 88.635 0.08580496 4.13436e-08
1789873439.431 88.687 0.08585804 6.65303e-08
1789873439.441 88.739 0.08590831 5.01165e-08
1789873439.451 88.791 0.08596325 5.69084e-08
1789873439.461 88.843 0.08603495 6.45493e-08
1789873439.471 88.896 0.08608430 4.30416e-08
1789873439.481 88.948 0.08611596 6.03044e-08
1789873439.491 89.000 0.08615413 3.96456e-08
1789873439.501 89.052 0.08620907 4.16266e-08
1789873439.511 89.104 0.08626587 4.19096e-08
1789873439.521 89.155 0.08629846 1.36099e-08
1789873439.531 89.207 0.08637481 3.73816e-08
1789873439.541 89.259 0.08642137 2.06848e-08
1789873439.551 89.311 0.08646886 2.69107e-08
1789873439.561 89.363 0.08649958 2.91747e-08
1789873439.571 89.415 0.08655173 1.38929e-08
1789873439.581 89.466 0.08659921 3.28537e-08
1789873439.591 89.518 0.08665043 1.81378e-08
1789873439.601 89.570 0.08669792 2.66277e-08
1789873439.611 89.621 0.08675285 3.05897e-08
1789873439.621 89.673 0.08681431 1.38929e-08
1789873439.631 89.725 0.08687018 3.22877e-08
1789873439.641 89.776 0.08691021 1.75718e-08
1789873439.651 89.828 0.08695118 2.43638e-08
1789873439.661 89.879 0.08699960 2.80427e-08
1789873439.671 89.931 0.08704057 1.41759e-08
1789873439.681 89.982 0.08709737 3.17217e-08
1789873439.691 90.034 0.08713648 1.64398e-08
1789873439.701 90.085 0.08717093 2.37978e-08
1789873439.711 90.136 0.08721004 2.80427e-08
1789873439.721 90.188 0.08729663 1.13459e-08
1789873439.731 90.239 0.08734785 3.17217e-08
1789873439.741 90.290 0.08740651 1.67228e-08
1789873439.751 90.342 0.08742979 2.49298e-08
1789873439.761 90.393 0.08747727 2.74767e-08
1789873439.771 90.444 0.08752570 1.38929e-08
1789873439.781 90.495 0.08758622 3.51176e-08
1789873439.791 90.546 0.08763929 1.81378e-08
1789873439.801 90.597 0.08768026 2.49298e-08
1789873439.811 90.648 0.08772030 2.94577e-08
1789873439.821 90.699 0.08776779 1.44589e-08
1789873439.831 90.750 0.08780783 3.28537e-08
1789873439.841 90.801 0.08786742 1.47419e-08
1789873439.851 90.852 0.08793260 2.37978e-08
1789873439.861 90.903 0.08796519 2.77597e-08
1789873439.871 90.954 0.08801733 1.36099e-08
1789873439.881 91.005 0.08807600 3.28537e-08
1789873439.891 91.056 0.08810486 1.30439e-08
1789873439.901 91.107 0.08813838 2.40808e-08
1789873439.911 91.157 0.08821660 2.88917e-08
1789873439.921 91.208 0.08828177 1.75718e-08
1789873439.931 91.259 0.08830971 4.19096e-08
1789873439.941 91.310 0.08834602 2.77597e-08
1789873439.951 91.360 0.08836465 4.21926e-08
1789873439.961 91.411 0.08843728 5.32294e-08
1789873439.971 91.462 0.08850524 4.21926e-08
1789873439.981 91.512 0.08855367 6.87943e-08
1789873439.991 91.563 0.08859091 5.46444e-08
1789873440.001 91.613 0.08865423 7.27562e-08
1789873440.011 91.664 0.08869427 7.61522e-08
1789873440.021 91.714 0.08874921 6.96433e-08
1789873440.031 91.765 0.08878459 8.71891e-08
1789873440.041 91.815 0.08883952 7.10582e-08
1789873440.051 91.866 0.08890750 7.92652e-08
1789873440.061 91.916 0.08894660 8.43591e-08
1789873440.071 91.966 0.08898385 7.10582e-08
1789873440.081 92.017 0.08902668 8.20951e-08
1789873440.091 92.067 0.08908255 6.96433e-08
1789873440.101 92.117 0.08911886 7.53032e-08
1789873440.111 92.167 0.08918684 7.67182e-08
1789873440.121 92.218 0.08923619 6.51153e-08
1789873440.131 92.268 0.08929113 8.12461e-08
1789873440.141 92.318 0.08931534 6.68133e-08
1789873440.151 92.368 0.08933768 7.19072e-08
1789873440.161 92.418 0.08939635 7.30392e-08
1789873440.171 92.468 0.08945873 5.60594e-08
1789873440.181 92.518 0.08948945 7.50202e-08
1789873440.191 92.568 0.08955277 5.23805e-08
1789873440.201 92.618 0.08961143 6.42663e-08
1789873440.211 92.668 0.08964123 7.04923e-08
1789873440.221 92.718 0.08969896 5.01165e-08
1789873440.231 92.768 0.08975018 8.20951e-08
1789873440.241 92.818 0.08977904 6.96433e-08
1789873440.251 92.868 0.08982001 9.22830e-08
1789873440.261 92.917 0.08987122 1.05018e-07
1789873440.271 92.967 0.08991778 1.03603e-07
1789873440.281 93.017 0.08997551 1.33318e-07
1789873440.291 93.067 0.09003044 1.27092e-07
1789873440.301 93.117 0.09006211 1.50863e-07
1789873440.311 93.166 0.09010959 1.65296e-07
1789873440.321 93.216 0.09015988 1.81993e-07
1789873440.331 93.266 0.09021574 2.41139e-07
1789873440.341 93.315 0.09024181 2.71703e-07
1789873440.351 93.365 0.09030513 3.31698e-07
1789873440.361 93.414 0.09034703 4.43765e-07
1789873440.371 93.464 0.09038987 5.14797e-07
1789873440.381 93.513 0.09043270 7.53930e-07
1789873440.391 93.563 0.09048111 9.73252e-07
1789873440.401 93.612 0.09054443 1.18861e-06
1789873440.411 93.662 0.09062079 1.54236e-06
1789873440.421 93.711 0.09064127 1.83158e-06
1789873440.431 93.760 0.09068038 2.39333e-06
1789873440.441 93.810 0.09073532 2.67293e-06
1789873440.451 93.859 0.09079863 2.96895e-06
1789873440.461 93.908 0.09083774 3.53749e-06
1789873440.471 93.958 0.09088523 3.76813e-06
1789873440.481 94.007 0.09090478 3.98632e-06
1789873440.491 94.056 0.09095320 4.07122e-06
1789873440.501 94.105 0.09102117 4.07150e-06
1789873440.511 94.154 0.09106959 3.89350e-06
1789873440.521 94.204 0.09112173 3.75115e-06
1789873440.531 94.253 0.09115340 3.46051e-06
1789873440.541 94.302 0.09118226 3.12742e-06
1789873440.551 94.351 0.09123999 2.80141e-06
1789873440.561 94.400 0.09128282 2.36022e-06
1789873440.571 94.449 0.09134334 2.04864e-06
1789873440.581 94.498 0.09139456 1.50415e-06
1789873440.591 94.547 0.09144018 1.38218e-06
1789873440.601 94.596 0.09149233 1.15097e-06
1789873440.611 94.645 0.09152678 9.67026e-07
1789873440.621 94.694 0.09157892 8.10246e-07
1789873440.631 94.743 0.09163107 5.62058e-07
1789873440.641 94.791 0.09166831 5.93471e-07
1789873440.651 94.840 0.09171394 5.24985e-07
1789873440.661 94.889 0.09175584 4.12069e-07
1789873440.671 94.938 0.09178749 3.70752e-07
1789873440.681 94.986 0.09184895 3.04531e-07
1789873440.691 95.035 0.09188526 2.40856e-07
1789873440.701 95.084 0.09192716 2.24726e-07
1789873440.711 95.133 0.09199607 1.95294e-07
1789873440.721 95.181 0.09204077 1.41808e-07
1789873440.731 95.230 0.09207894 1.54542e-07
1789873440.741 95.278 0.09211619 1.17753e-07
1789873440.751 95.327 0.09216088 1.00207e-07
1789873440.761 95.375 0.09219347 8.54911e-08
1789873440.771 95.424 0.09226424 7.50202e-08
1789873440.781 95.472 0.09230614 7.58692e-08
1789873440.791 95.521 0.09236387 5.29465e-08
1789873440.801 95.569 0.09241043 5.91724e-08
1789873440.811 95.618 0.09243463 3.99286e-08
1789873440.821 95.666 0.09248677 2.91747e-08
1789873440.831 95.715 0.09251937 4.53055e-08
1789873440.841 95.763 0.09259014 2.40808e-08
1789873440.851 95.811 0.09264135 3.22877e-08
1789873440.861 95.859 0.09268138 1.50249e-08
1789873440.871 95.908 0.09271398 9.36493e-09
1789873440.881 95.956 0.09273912 2.26658e-08
1789873440.891 96.004 0.09279312 2.60336e-11
1789873440.901 96.052 0.09283223 1.33269e-08
1789873440.911 96.101 0.09290951 3.98799e-09
1789873440.921 96.149 0.09295141 -6.48289e-09
1789873440.931 96.197 0.09300635 8.79894e-09
1789873440.941 96.245 0.09305570 -9.87886e-09
1789873440.951 96.293 0.09309388 2.60336e-11
1789873440.961 96.341 0.09313764 -1.24258e-08
1789873440.971 96.389 0.09318792 -2.34627e-08
1789873440.981 96.437 0.09320189 -9.02987e-09
1789873440.991 96.485 0.09324193 -3.16696e-08
1789873441.001 96.533 0.09332480 -2.06327e-08
1789873441.011 96.581 0.09338253 -3.19526e-08
1789873441.021 96.629 0.09340674 -4.46874e-08
1789873441.030 96.677 0.09344957 -3.13866e-08
1789873441.040 96.725 0.09347844 -5.23283e-08
1789873441.050 96.772 0.09354268 -4.29894e-08
1789873441.060 96.820 0.09357248 -5.51583e-08
1789873441.070 96.868 0.09359762 -6.25162e-08
1789873441.080 96.916 0.09364976 -5.03473e-08
1789873441.090 96.964 0.09372426 -6.90251e-08
1789873441.100 97.011 0.09377360 -5.79882e-08
1789873441.110 97.059 0.09382016 -6.47802e-08
1789873441.120 97.107 0.09385648 -6.90251e-08
1789873441.130 97.154 0.09388534 -5.17623e-08
1789873441.140 97.202 0.09394680 -6.95911e-08
1789873441.150 97.250 0.09399987 -5.26113e-08
1789873441.160 97.297 0.09405202 -5.68563e-08
1789873441.170 97.345 0.09407902 -5.68563e-08
1789873441.180 97.392 0.09412557 -3.53485e-08
1789873441.190 97.440 0.09417492 -5.23283e-08
1789873441.200 97.487 0.09421403 -3.28016e-08
1789873441.210 97.535 0.09424289 -3.76125e-08
1789873441.220 97.582 0.09428759 -3.30846e-08
1789873441.230 97.630 0.09434811 -1.32748e-08
1789873441.240 97.677 0.09441609 -2.48777e-08
1789873441.250 97.724 0.09445240 -1.38895e-09
1789873441.260 97.772 0.09447382 -1.10595e-09
1789873441.270 97.819 0.09453434 -5.39960e-10
1789873441.280 97.866 0.09459207 1.89868e-08
1789873441.290 97.914 0.09462373 4.83698e-09
1789873441.300 97.961 0.09466842 1.98358e-08
1789873441.310 98.008 0.09470753 1.36099e-08
1789873441.320 98.055 0.09474105 1.07799e-08
1789873441.330 98.102 0.09480810 2.66277e-08
1789873441.340 98.150 0.09484069 7.94995e-09
1789873441.350 98.197 0.09487420 2.46468e-08
1789873441.360 98.244 0.09493194 1.64398e-08
1789873441.370 98.291 0.09498315 1.19119e-08
1789873441.380 98.338 0.09501574 2.69107e-08
1789873441.390 98.385 0.09506881 7.66695e-09
1789873441.400 98.432 0.09511909 2.46468e-08
1789873441.410 98.479 0.09516193 1.47419e-08
1789873441.420 98.526 0.09521593 1.10629e-08
1789873441.430 98.573 0.09524945 2.32318e-08
1789873441.440 98.620 0.09530160 6.25196e-09
1789873441.450 98.667 0.09532767 2.35148e-08
1789873441.460 98.714 0.09537888 1.36099e-08
1789873441.470 98.761 0.09541985 1.07799e-08
1789873441.480 98.808 0.09544685 2.69107e-08
1789873441.490 98.854 0.09549248 1.27609e-08
1789873441.500 98.901 0.09555114 3.79476e-08
1789873441.510 98.948 0.09558932 3.39857e-08
1789873441.520 98.995 0.09564984 4.13436e-08
1789873441.530 99.041 0.09568150 7.07753e-08
1789873441.540 99.088 0.09573550 7.81332e-08
1789873441.550 99.135 0.09577275 1.20017e-07
1789873441.560 99.182 0.09581651 1.97841e-07
1789873441.570 99.228 0.09585562 2.84438e-07
1789873441.580 99.275 0.09591894 4.12069e-07
1789873441.590 99.321 0.09594129 5.45644e-07
1789873441.600 99.368 0.09598505 7.84776e-07
1789873441.610 99.415 0.09601671 9.53442e-07
1789873441.620 99.461 0.09607723 1.15352e-06
1789873441.630 99.508 0.09612379 1.37341e-06
1789873441.640 99.554 0.09616848 1.78602e-06
1789873441.650 99.601 0.09621131 2.19976e-06
1789873441.660 99.647 0.09624763 2.53653e-06
1789873441.670 99.694 0.09630256 3.20695e-06
1789873441.680 99.740 0.09635099 4.23564e-06
1789873441.690 99.786 0.09640871 5.02803e-06
1789873441.700 99.833 0.09644503 6.91930e-06
1789873441.710 99.879 0.09651207 8.95348e-06
1789873441.720 99.925 0.09651859 1.19470e-05
1789873441.730 99.972 0.09656701 1.55700e-05
1789873441.740 100.018 0.09661170 2.22594e-05
1789873441.750 100.064 0.09666571 2.66824e-05
1789873441.760 100.110 0.09672065 3.55954e-05
1789873441.770 100.157 0.09677279 4.21244e-05
1789873441.780 100.203 0.09678769 5.13422e-05
1789873441.790 100.249 0.09684914 4.14602e-05
1789873441.800 100.295 0.09688173 6.78904e-05
1789873441.810 100.341 0.09693201 7.69958e-05
1789873441.820 100.387 0.09698974 8.83833e-05
1789873441.830 100.434 0.09701116 9.58015e-05
1789873441.840 100.480 0.09705678 1.00974e-04
1789873441.850 100.526 0.09712290 1.06713e-04
1789873441.860 100.572 0.09715921 1.10524e-04
1789873441.870 100.618 0.09720483 1.13162e-04
1789873441.880 100.664 0.09724208 1.14225e-04
1789873441.890 100.710 0.09727374 1.10503e-04
1789873441.900 100.756 0.09730447 1.05527e-04
1789873441.910 100.802 0.09736685 9.88409e-05
1789873441.920 100.847 0.09739944 9.82223e-05
1789873441.930 100.893 0.09742644 8.68170e-05
1789873441.940 100.939 0.09749814 7.89276e-05
1789873441.950 100.985 0.09755308 6.92890e-05
1789873441.960 101.031 0.09759126 6.16082e-05
1789873441.970 101.077 0.09763129 5.35439e-05
1789873441.980 101.122 0.09767599 4.97630e-05
1789873441.990 101.168 0.09771417 4.01530e-05
1789873442.000 101.214 0.09774396 3.55014e-05
1789873442.010 101.260 0.09778586 3.05224e-05
1789873442.020 101.305 0.09780914 2.65239e-05
1789873442.030 101.351 0.09786221 2.34424e-05
1789873442.040 101.397 0.09790970 2.09675e-05
1789873442.050 101.442 0.09797302 1.97877e-05
1789873442.060 101.488 0.09801585 1.72657e-05
1789873442.070 101.533 0.09803913 1.40613e-05
1789873442.080 101.579 0.09810711 1.36153e-05
1789873442.090 101.625 0.09816390 1.18089e-05
1789873442.100 101.670 0.09816949 1.07457e-05
1789873442.110 101.716 0.09819649 8.80802e-06
1789873442.120 101.761 0.09825609 8.26071e-06
1789873442.130 101.807 0.09831288 6.99175e-06
1789873442.140 101.852 0.09837341 5.80854e-06
1789873442.150 101.898 0.09838924 4.90210e-06
1789873442.160 101.943 0.09844418 2.56030e-06
1789873442.170 101.988 0.09849352 3.73926e-06
1789873442.180 102.034 0.09851494 3.54626e-06
1789873442.190 102.079 0.09856150 2.86395e-06
1789873442.200 102.124 0.09860340 2.89876e-06
1789873442.210 102.170 0.09864437 2.55662e-06
1789873442.220 102.215 0.09869558 2.10779e-06
1789873442.230 102.260 0.09874214 2.33447e-06
1789873442.240 102.305 0.09879335 1.90573e-06
1789873442.250 102.351 0.09882780 2.19269e-06
1789873442.260 102.396 0.09886318 1.39407e-06
1789873442.270 102.441 0.09891254 1.57575e-06
1789873442.280 102.486 0.09894512 1.49255e-06
1789873442.290 102.531 0.09899727 1.55991e-06
1789873442.300 102.577 0.09903731 1.28879e-06
1789873442.310 102.622 0.09907176 1.19710e-06
1789873442.320 102.667 0.09912670 1.02136e-06
1789873442.330 102.712 0.09916767 9.30237e-07
1789873442.340 102.757 0.09920491 1.03098e-06
1789873442.350 102.802 0.09926450 8.47602e-07
1789873442.360 102.847 0.09930733 7.44874e-07
1789873442.370 102.892 0.09933620 6.32524e-07
1789873442.380 102.937 0.09937345 5.71963e-07
1789873442.390 102.982 0.09942745 5.82717e-07
1789873442.400 103.027 0.09947308 5.90924e-07
1789873442.410 103.072 0.09951312 5.02911e-07
1789873442.420 103.117 0.09954571 4.64141e-07
1789873442.430 103.161 0.09961275 4.71782e-07
1789873442.440 103.206 0.09965931 4.08108e-07
1789873442.450 103.251 0.09968538 3.63394e-07
1789873442.460 103.296 0.09973379 3.92260e-07
1789873442.470 103.341 0.09976453 3.42452e-07
1789873442.480 103.385 0.09978594 3.31132e-07
1789873442.490 103.430 0.09983901 2.25574e-07
1789873442.500 103.475 0.09991351 2.74816e-07
1789873442.510 103.520 0.09995820 2.65477e-07
1789873442.520 103.564 0.09998241 2.48780e-07
1789873442.530 103.609 0.10001314 2.51893e-07
1789873442.540 103.654 0.10006342 1.99539e-07
1789873442.550 103.698 0.10010811 1.91049e-07
1789873442.560 103.743 0.10016677 1.66994e-07
1789873442.570 103.788 0.10020216 1.57655e-07
1789873442.580 103.832 0.10024685 1.38978e-07
1789873442.590 103.877 0.10028410 1.00773e-07
1789873442.600 103.921 0.10031855 9.65280e-08
1789873442.610 103.966 0.10036324 7.13412e-08
1789873442.620 104.010 0.10042191 5.80404e-08
1789873442.630 104.055 0.10046846 4.33246e-08
1789873442.640 104.099 0.10048057 2.54957e-08
1789873442.650 104.144 0.10051129 3.62496e-08
1789873442.660 104.188 0.10056809 1.44589e-08
1789873442.670 104.233 0.10061092 1.44589e-08
1789873442.680 104.277 0.10066121 1.75718e-08
1789873442.690 104.321 0.10069566 -2.56963e-10
1789873442.700 104.366 0.10074315 1.70058e-08
1789873442.710 104.410 0.10079529 1.44102e-09
1789873442.720 104.454 0.10083812 1.50249e-08
1789873442.730 104.499 0.10087165 1.44589e-08
1789873442.740 104.543 0.10092193 2.29001e-09
1789873442.750 104.587 0.10095917 2.43638e-08
1789873442.759 104.631 0.10098524 8.23294e-09
1789873442.769 104.676 0.10104948 1.98358e-08
1789873442.779 104.720 0.10108021 2.86087e-08
1789873442.789 104.764 0.10109326 1.41759e-08
1789873442.799 104.808 0.10113516 3.28537e-08
1789873442.809 104.852 0.10121244 2.06848e-08
1789873442.819 104.896 0.10125154 2.88917e-08
1789873442.829 104.941 0.10129623 3.31367e-08
1789873442.839 104.985 0.10133442 2.06848e-08
1789873442.849 105.029 0.10138935 3.65326e-08
1789873442.859 105.073 0.10142287 1.72888e-08
1789873442.869 105.117 0.10146570 2.63447e-08
1789873442.879 105.161 0.10150388 3.34197e-08
1789873442.889 105.205 0.10156255 1.70058e-08
1789873442.899 105.249 0.10159607 3.73816e-08
1789873442.909 105.293 0.10161003 1.72888e-08
1789873442.919 105.337 0.10166683 2.74767e-08
1789873442.929 105.381 0.10171525 3.05897e-08
1789873442.939 105.425 0.10173852 2.09678e-08
1789873442.949 105.469 0.10177857 3.76646e-08
1789873442.959 105.512 0.10181023 1.64398e-08
1789873442.969 105.556 0.10187633 2.35148e-08
1789873442.979 105.600 0.10191265 2.94577e-08
1789873442.989 105.644 0.10196201 1.47419e-08
1789873442.999 105.688 0.10199832 3.37027e-08
1789873443.009 105.731 0.10205232 1.53079e-08
1789873443.019 105.775 0.10207653 2.69107e-08
1789873443.029 105.819 0.10212122 3.28537e-08
1789873443.039 105.863 0.10216779 2.09678e-08
1789873443.049 105.906 0.10220596 4.33246e-08
1789873443.059 105.950 0.10224041 3.22877e-08
1789873443.069 105.994 0.10228417 4.61545e-08
1789873443.079 106.037 0.10233259 5.18145e-08
1789873443.089 106.081 0.10235307 4.75695e-08
1789873443.099 106.125 0.10240988 6.96433e-08
1789873443.109 106.168 0.10244619 6.68133e-08
1789873443.119 106.212 0.10248437 9.22830e-08
1789873443.129 106.255 0.10252720 1.04735e-07
1789873443.139 106.299 0.10258027 1.10112e-07
1789873443.149 106.343 0.10263987 1.45486e-07
1789873443.159 106.386 0.10267060 1.46052e-07
1789873443.169 106.430 0.10270505 1.67843e-07
1789873443.179 106.473 0.10274229 1.74352e-07
1789873443.189 106.516 0.10277022 1.77748e-07
1789873443.199 106.560 0.10282423 2.19349e-07
1789873443.209 106.603 0.10286241 2.15387e-07
1789873443.219 106.647 0.10291735 2.24726e-07
1789873443.229 106.690 0.10295552 2.43120e-07
1789873443.239 106.733 0.10299742 2.43120e-07
1789873443.249 106.777 0.10303280 2.61232e-07
1789873443.259 106.820 0.10305609 2.50195e-07
1789873443.269 106.864 0.10309799 2.50195e-07
1789873443.279 106.907 0.10312778 2.30668e-07
1789873443.289 106.950 0.10318179 2.12557e-07
1789873443.299 106.993 0.10322182 2.17085e-07
1789873443.309 107.037 0.10327024 1.97275e-07
1789873443.319 107.080 0.10331029 1.91615e-07
1789873443.329 107.123 0.10335405 1.85106e-07
1789873443.339 107.166 0.10340991 1.62749e-07
1789873443.349 107.209 0.10346299 1.68692e-07
1789873443.359 107.253 0.10348626 1.32469e-07
1789873443.369 107.296 0.10352445 1.29073e-07
1789873443.379 107.339 0.10355610 1.19734e-07
1789873443.389 107.382 0.10361290 1.02188e-07
1789873443.399 107.425 0.10363245 1.14357e-07
1789873443.409 107.468 0.10367342 8.63401e-08
1789873443.419 107.511 0.10372837 9.11510e-08
1789873443.429 107.554 0.10378609 8.18121e-08
1789873443.439 107.597 0.10381310 6.99263e-08
1789873443.449 107.640 0.10384755 9.22830e-08
1789873443.459 107.683 0.10388758 5.97384e-08
1789873443.469 107.726 0.10394810 6.65303e-08
1789873443.479 107.769 0.10399932 6.25683e-08
1789873443.489 107.812 0.10403843 4.87015e-08
1789873443.499 107.855 0.10405985 6.14363e-08
1789873443.509 107.898 0.10407754 4.19096e-08
1789873443.519 107.941 0.10412875 4.81355e-08
1789873443.529 107.984 0.10418462 4.27586e-08
1789873443.539 108.027 0.10420138 3.11557e-08
1789873443.549 108.069 0.10423676 4.47395e-08
1789873443.559 108.112 0.10427587 1.72888e-08
1789873443.569 108.155 0.10429915 3.31367e-08
1789873443.579 108.198 0.10436153 2.88917e-08
1789873443.589 108.241 0.10441834 1.78548e-08
1789873443.599 108.283 0.10445372 3.51176e-08
1789873443.609 108.326 0.10450027 1.38929e-08
1789873443.619 108.369 0.10453752 2.83257e-08
1789873443.629 108.411 0.10458593 2.23828e-08
1789873443.639 108.454 0.10464367 1.30439e-08
1789873443.649 108.497 0.10465950 3.03067e-08
1789873443.659 108.539 0.10469395 1.30439e-08
1789873443.669 108.582 0.10472840 2.35148e-08
1789873443.679 108.625 0.10476937 1.87038e-08
1789873443.689 108.667 0.10483176 7.66695e-09
1789873443.699 108.710 0.10485131 2.54957e-08
1789873443.709 108.752 0.10489880 7.94995e-09
1789873443.719 108.795 0.10492673 2.06848e-08
1789873443.729 108.837 0.10496491 1.53079e-08
1789873443.739 108.880 0.10502636 5.68597e-09
1789873443.749 108.922 0.10505803 2.43638e-08
1789873443.759 108.965 0.10510644 9.93092e-09
1789873443.769 109.007 0.10514276 2.15338e-08
1789873443.779 109.050 0.10518465 1.55909e-08
1789873443.789 109.092 0.10522283 8.51594e-09
1789873443.799 109.135 0.10527591 2.49298e-08
1789873443.809 109.177 0.10532898 9.64793e-09
1789873443.819 109.220 0.10533271 2.12508e-08
1789873443.829 109.262 0.10537461 1.41759e-08
1789873443.839 109.304 0.10542302 9.08193e-09
1789873443.849 109.347 0.10544816 2.49298e-08
1789873443.859 109.389 0.10550030 8.79894e-09
1789873443.869 109.431 0.10556084 2.20998e-08
1789873443.879 109.473 0.10558598 1.61569e-08
1789873443.889 109.516 0.10562787 1.10629e-08
1789873443.899 109.558 0.10565395 2.83257e-08
1789873443.909 109.600 0.10569584 1.38929e-08
1789873443.919 109.642 0.10572565 2.86087e-08
1789873443.929 109.685 0.10577313 2.26658e-08
1789873443.939 109.727 0.10582155 1.72888e-08
1789873443.949 109.769 0.10586159 3.68156e-08
1789873443.959 109.811 0.10588207 2.29488e-08
1789873443.969 109.853 0.10593235 3.68156e-08
1789873443.979 109.895 0.10597240 3.00237e-08
1789873443.989 109.938 0.10601057 2.57787e-08
1789873443.999 109.980 0.10604595 4.72865e-08
1789873444.009 110.022 0.10612324 2.91747e-08
