1789955869.518 31.725 0.03411956 1.14194e-06
1789955869.523 31.870 0.03411956 1.12213e-06
1789955869.533 32.015 0.03410279 1.18298e-06
1789955869.543 32.159 0.03409069 1.24722e-06
1789955869.553 32.303 0.03407579 1.28769e-06
1789955869.563 32.446 0.03404972 1.35108e-06
1789955869.573 32.588 0.03405531 1.34486e-06
1789955869.583 32.730 0.03407114 1.46881e-06
1789955869.593 32.871 0.03406927 1.48042e-06
1789955869.603 33.012 0.03404227 1.51466e-06
1789955869.613 33.152 0.03402365 1.54353e-06
1789955869.623 33.291 0.03405344 1.56673e-06
1789955869.633 33.430 0.03405996 1.61682e-06
1789955869.643 33.568 0.03405158 1.60182e-06
1789955869.653 33.705 0.03406555 1.64569e-06
1789955869.663 33.842 0.03408696 1.66041e-06
1789955869.673 33.979 0.03413538 1.61116e-06
1789955869.683 34.115 0.03414935 1.49513e-06
1789955869.693 34.250 0.03420615 1.43400e-06
1789955869.703 34.385 0.03426667 1.27241e-06
1789955869.713 34.519 0.03432906 1.10544e-06
1789955869.723 34.653 0.03437375 9.18655e-07
1789955869.733 34.787 0.03448735 7.25081e-07
1789955869.743 34.919 0.03460095 5.46506e-07
1789955869.753 35.052 0.03470151 3.64535e-07
1789955869.763 35.183 0.03484770 2.03223e-07
1789955869.773 35.315 0.03496409 5.04011e-08
1789955869.783 35.446 0.03510376 1.64407e-08
1789955869.793 35.576 0.03525740 1.55917e-08
1789955869.803 35.706 0.03539242 4.27157e-09
1789955869.813 35.835 0.03553395 2.09688e-08
1789955869.823 35.964 0.03568572 7.38461e-09
1789955869.833 36.092 0.03585333 1.64407e-08
1789955869.843 36.220 0.03601721 1.87047e-08
1789955869.853 36.348 0.03619598 9.64863e-09
1789955869.863 36.475 0.03635614 2.57798e-08
1789955869.873 36.602 0.03652188 9.08263e-09
1789955869.883 36.728 0.03667272 1.55917e-08
1789955869.893 36.854 0.03679750 1.36107e-08
1789955869.903 36.979 0.03696231 3.98857e-09
1789955869.913 37.104 0.03711036 2.06858e-08
1789955869.923 37.229 0.03725003 3.70557e-09
1789955869.933 37.353 0.03738039 1.21957e-08
1789955869.943 37.476 0.03751261 1.19127e-08
1789955869.953 37.600 0.03764390 3.13956e-09
1789955869.963 37.723 0.03778171 1.95538e-08
1789955869.973 37.845 0.03787948 3.13956e-09
1789955869.983 37.967 0.03801449 1.19127e-08
1789955869.993 38.089 0.03812064 1.07806e-08
1789955870.003 38.210 0.03823331 2.00754e-09
1789955870.013 38.331 0.03830966 2.01198e-08
1789955870.023 38.452 0.03841302 2.29055e-09
1789955870.033 38.572 0.03850985 1.30447e-08
1789955870.043 38.692 0.03860576 1.07806e-08
1789955870.053 38.811 0.03870725 3.13956e-09
1789955870.063 38.930 0.03879012 1.98368e-08
1789955870.073 39.049 0.03887858 3.98857e-09
1789955870.083 39.167 0.03896797 1.21957e-08
1789955870.093 39.285 0.03906388 1.13466e-08
1789955870.103 39.403 0.03913092 2.57355e-09
1789955870.113 39.520 0.03923893 1.89877e-08
1789955870.123 39.637 0.03932366 2.57355e-09
1789955870.133 39.754 0.03942516 1.21957e-08
1789955870.143 39.870 0.03953410 1.07806e-08
1789955870.153 39.986 0.03963001 2.57355e-09
1789955870.163 40.101 0.03972126 1.84217e-08
1789955870.173 40.217 0.03981810 1.72454e-09
1789955870.183 40.332 0.03991866 1.19127e-08
1789955870.192 40.446 0.04000898 1.13466e-08
1789955870.203 40.560 0.04013654 3.13956e-09
1789955870.212 40.674 0.04026318 1.75727e-08
1789955870.222 40.788 0.04036281 2.85655e-09
1789955870.232 40.901 0.04047734 1.21957e-08
1789955870.242 41.014 0.04057045 1.13466e-08
1789955870.252 41.127 0.04067660 2.00754e-09
1789955870.262 41.239 0.04081907 1.75727e-08
1789955870.272 41.351 0.04094197 3.09525e-10
1789955870.282 41.463 0.04103974 1.19127e-08
1789955870.292 41.575 0.04113845 1.04976e-08
1789955870.302 41.686 0.04124739 1.44154e-09
1789955870.312 41.797 0.04134516 1.75727e-08
1789955870.322 41.907 0.04147831 8.75532e-10
1789955870.332 42.018 0.04159936 1.30447e-08
1789955870.342 42.128 0.04167478 1.07806e-08
1789955870.352 42.237 0.04179303 2.29055e-09
1789955870.362 42.347 0.04193177 1.87047e-08
1789955870.372 42.456 0.04201557 8.75532e-10
1789955870.382 42.565 0.04211334 1.30447e-08
1789955870.392 42.673 0.04221949 9.08263e-09
1789955870.402 42.782 0.04233682 3.09525e-10
1789955870.412 42.890 0.04243738 1.70067e-08
1789955870.422 42.998 0.04254166 3.09525e-10
1789955870.432 43.105 0.04263757 1.19127e-08
1789955870.442 43.212 0.04274558 9.93164e-09
1789955870.452 43.319 0.04284149 5.92528e-10
1789955870.462 43.426 0.04292529 1.70067e-08
1789955870.472 43.532 0.04301840 3.09525e-10
1789955870.482 43.639 0.04309848 1.33277e-08
1789955870.492 43.745 0.04320370 8.79962e-09
1789955870.502 43.850 0.04330706 5.92528e-10
1789955870.512 43.956 0.04340203 1.72897e-08
1789955870.522 44.061 0.04349328 2.65218e-11
1789955870.532 44.166 0.04360409 1.30447e-08
1789955870.542 44.270 0.04371489 8.23362e-09
1789955870.552 44.375 0.04382197 -2.56481e-10
1789955870.562 44.479 0.04390764 1.70067e-08
1789955870.572 44.583 0.04399051 -2.56481e-10
1789955870.582 44.687 0.04407338 1.21957e-08
1789955870.592 44.790 0.04417208 9.08263e-09
1789955870.602 44.893 0.04427171 1.72454e-09
1789955870.612 44.996 0.04438345 1.75727e-08
1789955870.622 45.099 0.04447377 2.29055e-09
1789955870.632 45.201 0.04457154 1.44597e-08
1789955870.642 45.304 0.04465162 9.64863e-09
1789955870.652 45.406 0.04475124 2.85655e-09
1789955870.662 45.508 0.04485367 1.92708e-08
1789955870.672 45.609 0.04494027 1.72454e-09
1789955870.682 45.711 0.04503990 1.50257e-08
1789955870.692 45.812 0.04514698 9.08263e-09
1789955870.702 45.913 0.04521868 3.42256e-09
1789955870.712 46.013 0.04531924 1.89877e-08
1789955870.722 46.114 0.04544867 3.98857e-09
1789955870.732 46.214 0.04554457 1.72897e-08
1789955870.742 46.314 0.04561720 1.19127e-08
1789955870.752 46.414 0.04570100 5.40358e-09
1789955870.762 46.513 0.04578108 2.21008e-08
1789955870.772 46.613 0.04589840 5.96959e-09
1789955870.782 46.712 0.04601386 1.95538e-08
1789955870.792 46.811 0.04610698 1.36107e-08
1789955870.802 46.910 0.04621220 7.95061e-09
1789955870.812 47.008 0.04631741 2.43648e-08
1789955870.822 47.107 0.04640960 8.79962e-09
1789955870.832 47.205 0.04650457 2.06858e-08
1789955870.842 47.303 0.04659117 1.33277e-08
1789955870.852 47.401 0.04666938 8.23362e-09
1789955870.862 47.498 0.04675039 2.21008e-08
1789955870.872 47.595 0.04684723 4.83758e-09
1789955870.882 47.693 0.04694965 1.55917e-08
1789955870.892 47.789 0.04702694 5.68659e-09
1789955870.902 47.886 0.04711260 -1.67150e-09
1789955870.912 47.983 0.04722806 1.02146e-08
1789955870.922 48.079 0.04731280 -4.50153e-09
1789955870.932 48.175 0.04740964 1.24787e-08
1789955870.942 48.271 0.04747388 5.96959e-09
1789955870.952 48.367 0.04756700 2.57355e-09
1789955870.962 48.463 0.04766383 1.78557e-08
1789955870.972 48.558 0.04776347 3.09525e-10
1789955870.982 48.653 0.04785379 1.33277e-08
1789955870.992 48.748 0.04794783 5.40358e-09
1789955871.002 48.843 0.04803256 1.10636e-08
1789955871.012 48.938 0.04811357 5.86409e-07
1789955871.022 49.032 0.04822344 2.58045e-06
1789955871.032 49.127 0.04829607 7.08105e-06
1789955871.042 49.221 0.04836591 1.41745e-05
1789955871.052 49.315 0.04849161 2.66496e-05
1789955871.062 49.408 0.04858473 3.77790e-05
1789955871.072 49.502 0.04865456 4.55205e-05
1789955871.082 49.595 0.04873557 4.09625e-05
1789955871.092 49.689 0.04882123 3.11969e-05
1789955871.102 49.782 0.04891807 2.12635e-05
1789955871.112 49.875 0.04899722 1.32811e-05
1789955871.122 49.967 0.04909592 9.00434e-06
1789955871.132 50.060 0.04917972 6.05205e-06
1789955871.142 50.152 0.04926259 4.23574e-06
1789955871.152 50.244 0.04935571 2.70809e-06
1789955871.162 50.336 0.04943485 1.75578e-06
1789955871.172 50.428 0.04953634 7.63003e-07
1789955871.182 50.520 0.04963039 3.02840e-07
1789955871.192 50.611 0.04971326 7.38904e-08
1789955871.202 50.703 0.04981010 2.46478e-08
1789955871.212 50.794 0.04990135 3.25719e-08
1789955871.222 50.885 0.04996932 1.36107e-08
1789955871.232 50.976 0.05005406 3.11569e-08
1789955871.242 51.067 0.05014624 2.15348e-08
1789955871.252 51.157 0.05024959 1.61577e-08
1789955871.262 51.248 0.05033340 2.37988e-08
1789955871.272 51.338 0.05040696 1.72454e-09
1789955871.282 51.428 0.05046562 1.21957e-08
1789955871.292 51.518 0.05055221 5.12058e-09
1789955871.302 51.608 0.05065650 1.07806e-08
1789955871.312 51.697 0.05075613 3.31379e-08
1789955871.322 51.787 0.05084738 1.33277e-08
1789955871.332 51.876 0.05092373 3.45529e-08
1789955871.342 51.965 0.05098240 2.54968e-08
1789955871.352 52.054 0.05107272 3.03079e-08
1789955871.362 52.143 0.05117980 5.86082e-08
1789955871.372 52.232 0.05124591 6.20042e-08
1789955871.382 52.320 0.05131947 2.05204e-07
1789955871.392 52.408 0.05142282 3.25711e-06
1789955871.402 52.497 0.05150104 1.18740e-05
1789955871.412 52.585 0.05159509 2.52247e-05
1789955871.422 52.673 0.05169285 4.80681e-05
1789955871.432 52.761 0.05176176 7.74900e-05
1789955871.442 52.848 0.05184742 1.07594e-04
1789955871.452 52.936 0.05193495 1.53411e-04
1789955871.462 53.023 0.05199919 1.74488e-04
1789955871.472 53.110 0.05208579 1.69338e-04
1789955871.482 53.197 0.05218077 1.32758e-04
1789955871.492 53.284 0.05226643 8.08439e-05
1789955871.502 53.371 0.05233999 4.93382e-05
1789955871.512 53.458 0.05240610 3.00833e-05
1789955871.522 53.544 0.05248339 1.98997e-05
1789955871.532 53.631 0.05257277 1.44720e-05
1789955871.542 53.717 0.05266868 1.00302e-05
1789955871.552 53.803 0.05274969 6.67268e-06
1789955871.562 53.889 0.05282418 3.70086e-06
1789955871.572 53.975 0.05290519 1.98728e-06
1789955871.582 54.060 0.05300016 1.02393e-06
1789955871.592 54.146 0.05307559 6.18955e-07
1789955871.602 54.231 0.05313053 4.27078e-07
1789955871.612 54.317 0.05322550 4.03589e-07
1789955871.622 54.402 0.05329813 3.67082e-07
1789955871.632 54.487 0.05339124 3.60290e-07
1789955871.642 54.572 0.05347505 2.98878e-07
1789955871.652 54.656 0.05354860 2.63503e-07
1789955871.662 54.741 0.05363147 2.28127e-07
1789955871.672 54.825 0.05370597 1.94167e-07
1789955871.682 54.910 0.05378325 2.53315e-07
1789955871.692 54.994 0.05388288 2.43409e-07
1789955871.702 55.078 0.05396482 3.22933e-07
1789955871.712 55.162 0.05403466 3.76704e-07
1789955871.722 55.246 0.05412498 3.60573e-07
1789955871.732 55.330 0.05418736 4.72925e-07
1789955871.742 55.413 0.05426465 4.89056e-07
1789955871.752 55.497 0.05435031 5.55279e-07
1789955871.762 55.580 0.05445646 5.25564e-07
1789955871.772 55.663 0.05452909 4.38682e-07
1789955871.782 55.746 0.05461382 3.38498e-07
1789955871.792 55.829 0.05468366 2.41428e-07
1789955871.802 55.912 0.05477304 3.06519e-07
1789955871.812 55.995 0.05483450 3.51800e-07
1789955871.822 56.077 0.05491830 3.54630e-07
1789955871.832 56.160 0.05499838 3.84062e-07
1789955871.842 56.242 0.05506542 4.18305e-07
1789955871.852 56.324 0.05515667 4.71227e-07
1789955871.862 56.407 0.05523489 5.39148e-07
1789955871.872 56.489 0.05532334 5.60939e-07
1789955871.882 56.570 0.05538946 1.11959e-06
1789955871.892 56.652 0.05544719 3.10203e-06
1789955871.902 56.734 0.05551888 9.35045e-06
1789955871.912 56.815 0.05560827 3.09963e-05
1789955871.922 56.897 0.05567625 6.60578e-05
1789955871.932 56.978 0.05577122 1.02776e-04
1789955871.942 57.059 0.05585409 1.37548e-04
1789955871.951 57.140 0.05592951 1.68874e-04
1789955871.962 57.221 0.05599190 1.97511e-04
1789955871.972 57.302 0.05608315 2.32926e-04
1789955871.982 57.383 0.05614647 2.75340e-04
1789955871.992 57.463 0.05621351 2.81902e-04
1789955872.001 57.544 0.05629359 2.43740e-04
1789955872.011 57.624 0.05639322 1.81846e-04
1789955872.021 57.704 0.05645467 1.02597e-04
1789955872.031 57.785 0.05653847 5.72437e-05
1789955872.041 57.865 0.05661762 3.13240e-05
1789955872.051 57.945 0.05669584 1.97848e-05
1789955872.061 58.024 0.05675729 1.37772e-05
1789955872.071 58.104 0.05684296 8.80964e-06
1789955872.081 58.184 0.05691652 5.42294e-06
1789955872.091 58.263 0.05697238 3.28569e-06
1789955872.101 58.343 0.05705712 2.34867e-06
1789955872.111 58.422 0.05711485 2.27311e-06
1789955872.121 58.501 0.05721169 2.58753e-06
1789955872.131 58.580 0.05729735 3.11844e-06
1789955872.141 58.659 0.05737091 3.66322e-06
1789955872.151 58.738 0.05745378 3.92924e-06
1789955872.161 58.817 0.05752827 4.77684e-06
1789955872.171 58.895 0.05757390 5.25030e-06
1789955872.181 58.974 0.05765118 5.16144e-06
1789955872.191 59.052 0.05773684 4.79014e-06
1789955872.201 59.130 0.05781692 3.65898e-06
1789955872.211 59.209 0.05787931 2.53376e-06
1789955872.221 59.287 0.05794821 1.86955e-06
1789955872.231 59.365 0.05803295 1.45947e-06
1789955872.241 59.443 0.05811023 1.27241e-06
1789955872.251 59.521 0.05818937 1.19628e-06
1789955872.261 59.598 0.05827038 9.83463e-07
1789955872.271 59.676 0.05834022 8.37716e-07
1789955872.281 59.753 0.05841098 5.75372e-07
1789955872.291 59.831 0.05849199 4.48021e-07
1789955872.301 59.908 0.05854042 2.62088e-07
1789955872.311 59.985 0.05859442 2.80483e-07
1789955872.321 60.062 0.05869219 2.63786e-07
1789955872.331 60.139 0.05877785 3.05387e-07
1789955872.341 60.216 0.05884582 2.89256e-07
1789955872.351 60.293 0.05890635 4.04721e-07
1789955872.361 60.370 0.05897898 4.21984e-07
1789955872.371 60.446 0.05906278 5.95465e-07
1789955872.381 60.523 0.05915682 7.71776e-07
1789955872.391 60.599 0.05921456 8.70262e-07
1789955872.401 60.676 0.05927135 1.05818e-06
1789955872.411 60.752 0.05933747 1.18298e-06
1789955872.421 60.828 0.05940637 1.20166e-06
1789955872.431 60.904 0.05948365 1.45466e-06
1789955872.441 60.980 0.05957304 1.68899e-06
1789955872.451 61.056 0.05964474 1.72040e-06
1789955872.461 61.132 0.05971923 1.55089e-06
1789955872.471 61.207 0.05980955 1.29562e-06
1789955872.481 61.283 0.05986263 9.07618e-07
1789955872.491 61.358 0.05992129 7.64984e-07
1789955872.501 61.434 0.06000230 6.35369e-07
1789955872.511 61.509 0.06008517 6.33388e-07
1789955872.521 61.584 0.06014476 6.16974e-07
1789955872.531 61.659 0.06021925 7.09233e-07
1789955872.541 61.734 0.06030492 8.77903e-07
1789955872.551 61.809 0.06038406 1.12298e-06
1789955872.561 61.884 0.06045483 8.12246e-07
1789955872.571 61.959 0.06050138 9.93085e-07
1789955872.581 62.033 0.06057960 8.88940e-07
1789955872.591 62.108 0.06064105 9.47521e-07
1789955872.601 62.182 0.06071461 1.50193e-06
1789955872.611 62.257 0.06079003 3.22513e-06
1789955872.621 62.331 0.06085708 4.74826e-06
1789955872.631 62.405 0.06091294 1.07912e-05
1789955872.641 62.480 0.06100047 2.62251e-05
1789955872.651 62.554 0.06109359 4.39731e-05
1789955872.661 62.627 0.06117087 5.81985e-05
1789955872.671 62.701 0.06121277 7.10709e-05
1789955872.681 62.775 0.06128353 8.61278e-05
1789955872.691 62.849 0.06135244 9.76588e-05
1789955872.701 62.922 0.06140924 1.11475e-04
1789955872.711 62.996 0.06147814 1.34008e-04
1789955872.721 63.069 0.06158057 1.46190e-04
1789955872.731 63.143 0.06162526 1.45016e-04
1789955872.741 63.216 0.06169323 1.30810e-04
1789955872.751 63.289 0.06175842 9.90948e-05
1789955872.761 63.362 0.06183011 6.29006e-05
1789955872.771 63.435 0.06188598 3.16081e-05
1789955872.781 63.508 0.06199213 1.61089e-05
1789955872.791 63.581 0.06204427 8.96387e-06
1789955872.801 63.654 0.06210014 6.45533e-06
1789955872.811 63.726 0.06217836 5.13597e-06
1789955872.821 63.799 0.06228451 3.94622e-06
1789955872.831 63.871 0.06234130 3.50389e-06
1789955872.841 63.944 0.06238693 2.94581e-06
1789955872.851 64.016 0.06244280 2.58838e-06
1789955872.861 64.088 0.06252660 2.14151e-06
1789955872.871 64.161 0.06260202 1.75125e-06
1789955872.881 64.233 0.06268024 1.38561e-06
1789955872.891 64.305 0.06274728 1.07176e-06
1789955872.901 64.377 0.06280501 9.95066e-07
1789955872.911 64.448 0.06286367 9.63936e-07
1789955872.921 64.520 0.06295213 8.45640e-07
1789955872.931 64.592 0.06303127 7.26213e-07
1789955872.941 64.664 0.06310018 4.29059e-07
1789955872.951 64.735 0.06314115 3.16424e-07
1789955872.961 64.807 0.06320540 2.83596e-07
1789955872.971 64.878 0.06327803 2.52748e-07
1789955872.981 64.949 0.06335438 3.02840e-07
1789955872.991 65.020 0.06343911 3.27461e-07
1789955873.001 65.092 0.06348287 3.92835e-07
1789955873.011 65.163 0.06354712 3.63969e-07
1789955873.021 65.234 0.06362627 3.87175e-07
1789955873.031 65.305 0.06368679 4.79151e-07
1789955873.041 65.375 0.06374825 4.70944e-07
1789955873.051 65.446 0.06384229 5.58392e-07
1789955873.061 65.517 0.06391399 8.54980e-07
1789955873.071 65.587 0.06395589 9.95915e-07
1789955873.081 65.658 0.06402759 1.30722e-06
1789955873.091 65.728 0.06409742 1.58852e-06
1789955873.101 65.799 0.06415981 1.97822e-06
1789955873.111 65.869 0.06423244 2.51366e-06
1789955873.121 65.939 0.06430879 3.10910e-06
1789955873.131 66.009 0.06438515 3.63152e-06
1789955873.141 66.080 0.06443542 3.75067e-06
1789955873.151 66.150 0.06449874 3.55257e-06
1789955873.161 66.219 0.06455089 3.10514e-06
1789955873.171 66.289 0.06462538 2.29632e-06
1789955873.181 66.359 0.06469521 1.48296e-06
1789955873.191 66.429 0.06476970 8.63187e-07
1789955873.201 66.498 0.06484047 5.97164e-07
1789955873.211 66.568 0.06487678 4.95282e-07
1789955873.221 66.637 0.06495872 4.73491e-07
1789955873.231 66.707 0.06502111 5.67448e-07
1789955873.241 66.776 0.06507698 5.57260e-07
1789955873.251 66.846 0.06515519 6.14710e-07
1789955873.261 66.915 0.06522130 6.60273e-07
1789955873.271 66.984 0.06527065 6.46972e-07
1789955873.281 67.053 0.06533490 6.53481e-07
1789955873.291 67.122 0.06541405 6.64518e-07
1789955873.301 67.191 0.06547084 6.70461e-07
1789955873.311 67.260 0.06554999 6.26879e-07
1789955873.321 67.328 0.06562262 5.47355e-07
1789955873.331 67.397 0.06568967 5.01508e-07
1789955873.341 67.466 0.06574646 4.62171e-07
1789955873.351 67.534 0.06580233 3.81232e-07
1789955873.361 67.603 0.06585541 3.11896e-07
1789955873.371 67.671 0.06592897 2.57560e-07
1789955873.381 67.740 0.06601183 2.70861e-07
1789955873.391 67.808 0.06608353 2.39730e-07
1789955873.401 67.876 0.06613567 3.22650e-07
1789955873.411 67.944 0.06618782 2.85294e-07
1789955873.421 68.012 0.06626417 1.91337e-07
1789955873.431 68.080 0.06633494 1.64734e-07
1789955873.441 68.148 0.06636474 1.14360e-07
1789955873.451 68.216 0.06645505 8.54935e-08
1789955873.461 68.284 0.06653793 9.08706e-08
1789955873.471 68.352 0.06659566 7.27584e-08
1789955873.481 68.419 0.06664408 1.01908e-07
1789955873.491 68.487 0.06671205 8.52105e-08
1789955873.501 68.555 0.06676698 9.11536e-08
1789955873.511 68.622 0.06682751 1.06436e-07
1789955873.521 68.689 0.06689734 1.10964e-07
1789955873.531 68.757 0.06696718 1.25397e-07
1789955873.541 68.824 0.06703795 1.36717e-07
1789955873.551 68.891 0.06709009 1.73508e-07
1789955873.561 68.958 0.06717669 2.35202e-07
1789955873.571 69.026 0.06723814 2.78219e-07
1789955873.581 69.093 0.06730239 3.23499e-07
1789955873.591 69.160 0.06736850 3.19537e-07
1789955873.601 69.226 0.06742809 3.25480e-07
1789955873.611 69.293 0.06748675 3.28593e-07
1789955873.621 69.360 0.06755193 2.98595e-07
1789955873.631 69.427 0.06760408 3.03406e-07
1789955873.641 69.493 0.06768695 3.19537e-07
1789955873.651 69.560 0.06776423 3.80949e-07
1789955873.661 69.626 0.06780613 4.92735e-07
1789955873.671 69.693 0.06785734 6.14144e-07
1789955873.681 69.759 0.06794487 7.72060e-07
1789955873.691 69.825 0.06800539 9.88557e-07
1789955873.701 69.892 0.06806685 1.50758e-06
1789955873.711 69.958 0.06812831 2.85383e-06
1789955873.721 70.024 0.06818790 5.44190e-06
1789955873.731 70.090 0.06824656 9.23273e-06
1789955873.741 70.156 0.06830894 1.36170e-05
1789955873.750 70.222 0.06836481 1.85642e-05
1789955873.760 70.288 0.06843837 2.51658e-05
1789955873.770 70.354 0.06850821 3.44076e-05
1789955873.780 70.420 0.06855569 4.83650e-05
1789955873.790 70.485 0.06861994 6.82947e-05
1789955873.800 70.551 0.06866743 9.45078e-05
1789955873.810 70.616 0.06873540 1.22266e-04
1789955873.820 70.682 0.06881083 1.42079e-04
1789955873.830 70.747 0.06888252 1.50400e-04
1789955873.840 70.813 0.06895329 1.41852e-04
1789955873.850 70.878 0.06898588 1.28986e-04
1789955873.860 70.943 0.06903895 1.01651e-04
1789955873.870 71.009 0.06912834 6.60816e-05
1789955873.880 71.074 0.06916000 3.50169e-05
1789955873.890 71.139 0.06923542 1.91676e-05
1789955873.900 71.204 0.06931457 9.91646e-06
1789955873.910 71.269 0.06935182 6.36619e-06
1789955873.920 71.334 0.06941047 5.31681e-06
1789955873.930 71.399 0.06949148 4.49808e-06
1789955873.940 71.463 0.06955760 3.68869e-06
1789955873.950 71.528 0.06962836 3.25853e-06
1789955873.960 71.593 0.06968609 2.90902e-06
1789955873.970 71.657 0.06973823 2.41065e-06
1789955873.980 71.722 0.06975872 2.09142e-06
1789955873.990 71.786 0.06983694 1.95586e-06
1789955874.000 71.851 0.06992167 1.66409e-06
1789955874.010 71.915 0.06997940 1.49825e-06
1789955874.020 71.980 0.07003992 1.34033e-06
1789955874.030 72.044 0.07011069 1.21553e-06
1789955874.040 72.108 0.07017587 1.08874e-06
1789955874.050 72.172 0.07024105 9.94217e-07
1789955874.060 72.236 0.07029133 9.19504e-07
1789955874.070 72.300 0.07034627 8.47338e-07
1789955874.080 72.364 0.07039468 8.13378e-07
1789955874.090 72.428 0.07049432 7.05554e-07
1789955874.100 72.492 0.07053156 6.31124e-07
1789955874.110 72.556 0.07057346 6.02258e-07
1789955874.120 72.620 0.07064050 5.35186e-07
1789955874.130 72.683 0.07071965 5.19338e-07
1789955874.140 72.747 0.07076249 4.59907e-07
1789955874.150 72.811 0.07083325 4.53964e-07
1789955874.160 72.874 0.07087888 4.35569e-07
1789955874.170 72.938 0.07094405 4.02740e-07
1789955874.180 73.001 0.07099061 3.83779e-07
1789955874.190 73.064 0.07103717 3.42461e-07
1789955874.200 73.128 0.07110980 3.23216e-07
1789955874.210 73.191 0.07117218 3.11047e-07
1789955874.220 73.254 0.07123084 2.84728e-07
1789955874.230 73.317 0.07130068 2.83030e-07
1789955874.240 73.380 0.07136679 2.55862e-07
1789955874.250 73.444 0.07142079 2.60956e-07
1789955874.260 73.507 0.07146456 2.51333e-07
1789955874.270 73.569 0.07155302 2.43975e-07
1789955874.280 73.632 0.07162192 2.59541e-07
1789955874.290 73.695 0.07169176 2.49352e-07
1789955874.300 73.758 0.07174203 2.71144e-07
1789955874.310 73.821 0.07177928 2.90671e-07
1789955874.320 73.883 0.07184260 2.83313e-07
1789955874.330 73.946 0.07191057 2.92935e-07
1789955874.340 74.009 0.07196271 2.81049e-07
1789955874.350 74.071 0.07203721 2.64352e-07
1789955874.360 74.133 0.07207817 2.48503e-07
1789955874.370 74.196 0.07214056 2.10581e-07
1789955874.380 74.258 0.07220947 2.08317e-07
1789955874.390 74.321 0.07228582 1.91337e-07
1789955874.400 74.383 0.07234914 2.05770e-07
1789955874.410 74.445 0.07241059 2.18788e-07
1789955874.420 74.507 0.07245901 2.38315e-07
1789955874.430 74.569 0.07249346 2.62371e-07
1789955874.440 74.631 0.07255864 2.61805e-07
1789955874.450 74.693 0.07260985 2.77936e-07
1789955874.460 74.755 0.07268993 2.77653e-07
1789955874.470 74.817 0.07275511 2.72559e-07
1789955874.480 74.879 0.07278770 2.87841e-07
1789955874.490 74.941 0.07285288 3.09915e-07
1789955874.500 75.002 0.07291340 3.63403e-07
1789955874.510 75.064 0.07296183 3.96231e-07
1789955874.520 75.126 0.07304190 4.00193e-07
1789955874.530 75.187 0.07310708 4.00476e-07
1789955874.540 75.249 0.07316015 3.73308e-07
1789955874.550 75.310 0.07319833 3.48970e-07
1789955874.560 75.372 0.07325885 2.86143e-07
1789955874.570 75.433 0.07333148 2.06619e-07
1789955874.580 75.494 0.07338083 1.60206e-07
1789955874.590 75.556 0.07342646 1.09549e-07
1789955874.600 75.617 0.07348698 1.06436e-07
1789955874.610 75.678 0.07354844 1.04172e-07
1789955874.620 75.739 0.07362665 1.19454e-07
1789955874.630 75.800 0.07366949 1.65866e-07
1789955874.640 75.861 0.07372256 2.08034e-07
1789955874.650 75.922 0.07379612 2.85011e-07
1789955874.660 75.983 0.07384733 3.59441e-07
1789955874.670 76.044 0.07390041 4.59624e-07
1789955874.680 76.105 0.07394417 6.09899e-07
1789955874.690 76.166 0.07402518 7.82248e-07
1789955874.700 76.227 0.07409874 1.08987e-06
1789955874.710 76.287 0.07413412 1.52853e-06
1789955874.720 76.348 0.07418347 2.34528e-06
1789955874.730 76.408 0.07423468 3.19259e-06
1789955874.740 76.469 0.07430080 3.79454e-06
1789955874.750 76.530 0.07434456 4.14404e-06
1789955874.760 76.590 0.07441439 4.17036e-06
1789955874.770 76.650 0.07449074 4.03622e-06
1789955874.780 76.711 0.07452147 3.67199e-06
1789955874.790 76.771 0.07459224 3.17844e-06
1789955874.800 76.831 0.07463507 2.33169e-06
1789955874.810 76.892 0.07471422 1.49004e-06
1789955874.820 76.952 0.07478126 8.69130e-07
1789955874.830 77.012 0.07482688 5.26979e-07
1789955874.840 77.072 0.07485948 3.42461e-07
1789955874.850 77.132 0.07493117 2.50767e-07
1789955874.860 77.192 0.07500659 1.87941e-07
1789955874.870 77.252 0.07505315 1.57376e-07
1789955874.880 77.312 0.07510343 1.57376e-07
1789955874.890 77.372 0.07516395 1.26246e-07
1789955874.900 77.431 0.07520586 1.33321e-07
1789955874.910 77.491 0.07526824 1.21718e-07
1789955874.920 77.551 0.07535204 1.15775e-07
1789955874.930 77.610 0.07539302 1.19737e-07
1789955874.940 77.670 0.07544236 9.37006e-08
1789955874.950 77.730 0.07551965 1.07568e-07
1789955874.960 77.789 0.07558110 9.00216e-08
1789955874.970 77.849 0.07560438 7.70034e-08
1789955874.980 77.908 0.07565746 7.75694e-08
1789955874.990 77.967 0.07573474 4.89861e-08
1789955875.000 78.027 0.07580178 5.86082e-08
1789955875.010 78.086 0.07585393 4.47410e-08
1789955875.020 78.145 0.07590141 3.87980e-08
1789955875.030 78.205 0.07595077 4.98351e-08
1789955875.040 78.264 0.07601408 2.74778e-08
1789955875.050 78.323 0.07609323 4.10620e-08
1789955875.060 78.382 0.07613606 3.25719e-08
1789955875.070 78.441 0.07616027 2.63458e-08
1789955875.080 78.500 0.07622359 4.19110e-08
1789955875.090 78.559 0.07630180 2.15348e-08
1789955875.100 78.618 0.07634370 4.07790e-08
1789955875.110 78.677 0.07639399 3.39869e-08
1789955875.120 78.735 0.07647033 3.45529e-08
1789955875.130 78.794 0.07652341 5.37971e-08
1789955875.140 78.853 0.07658207 4.75711e-08
1789955875.150 78.911 0.07663515 7.61544e-08
1789955875.160 78.970 0.07669381 7.81354e-08
1789955875.170 79.029 0.07674409 9.62476e-08
1789955875.180 79.087 0.07678320 1.35019e-07
1789955875.190 79.146 0.07685955 1.36151e-07
1789955875.200 79.204 0.07690797 1.58508e-07
1789955875.210 79.263 0.07696663 1.50018e-07
1789955875.220 79.321 0.07701412 1.35868e-07
1789955875.230 79.379 0.07704577 1.36434e-07
1789955875.240 79.438 0.07713144 1.00776e-07
1789955875.250 79.496 0.07720128 9.90777e-08
1789955875.260 79.554 0.07723759 6.87963e-08
1789955875.270 79.612 0.07730091 5.43632e-08
1789955875.280 79.670 0.07733722 6.08722e-08
1789955875.290 79.728 0.07738099 3.54019e-08
1789955875.300 79.786 0.07744989 4.92691e-08
1789955875.310 79.844 0.07752624 3.42699e-08
1789955875.320 79.902 0.07759236 3.00249e-08
1789955875.330 79.960 0.07764077 4.36090e-08
1789955875.340 80.018 0.07768919 2.32328e-08
1789955875.350 80.076 0.07773296 4.13450e-08
1789955875.360 80.134 0.07777299 3.34209e-08
1789955875.370 80.191 0.07782048 3.76660e-08
1789955875.380 80.249 0.07789218 6.54003e-08
1789955875.390 80.307 0.07795829 7.30414e-08
1789955875.400 80.364 0.07803650 1.20586e-07
1789955875.410 80.422 0.07806258 1.59923e-07
1789955875.420 80.479 0.07809330 2.04638e-07
1789955875.430 80.537 0.07815476 2.81332e-07
1789955875.440 80.594 0.07822552 3.40196e-07
1789955875.450 80.652 0.07828605 4.25380e-07
1789955875.460 80.709 0.07834471 4.82830e-07
1789955875.470 80.766 0.07839592 5.81032e-07
1789955875.480 80.824 0.07846482 7.63003e-07
1789955875.490 80.881 0.07851325 9.46107e-07
1789955875.500 80.938 0.07855142 1.33778e-06
1789955875.510 80.995 0.07860822 1.93520e-06
1789955875.520 81.052 0.07864640 2.92656e-06
1789955875.529 81.110 0.07872554 4.22442e-06
1789955875.539 81.167 0.07876744 5.43199e-06
1789955875.549 81.224 0.07882331 7.12237e-06
1789955875.559 81.281 0.07888290 8.98878e-06
1789955875.569 81.337 0.07891549 1.10904e-05
1789955875.579 81.394 0.07897695 1.39886e-05
1789955875.589 81.451 0.07903188 1.73312e-05
1789955875.599 81.508 0.07909800 2.21971e-05
1789955875.609 81.565 0.07915107 2.93568e-05
1789955875.619 81.621 0.07918832 4.11023e-05
1789955875.629 81.678 0.07922835 5.71786e-05
1789955875.639 81.735 0.07928702 8.21915e-05
1789955875.649 81.791 0.07935686 1.06121e-04
1789955875.659 81.848 0.07940341 1.23478e-04
1789955875.669 81.905 0.07946766 1.30656e-04
1789955875.679 81.961 0.07953749 1.35701e-04
1789955875.689 82.017 0.07958218 1.30380e-04
1789955875.699 82.074 0.07962688 1.25309e-04
1789955875.709 82.130 0.07967344 1.09780e-04
1789955875.719 82.187 0.07972745 9.03681e-05
1789955875.729 82.243 0.07980101 6.58512e-05
1789955875.739 82.299 0.07984291 4.35854e-05
1789955875.749 82.355 0.07989598 2.79248e-05
1789955875.759 82.412 0.07994812 1.75488e-05
1789955875.769 82.468 0.08000585 1.17905e-05
1789955875.779 82.524 0.08005986 8.20627e-06
1789955875.789 82.580 0.08011852 5.96743e-06
1789955875.799 82.636 0.08017718 4.61439e-06
1789955875.809 82.692 0.08022187 3.67171e-06
1789955875.819 82.748 0.08026005 3.01118e-06
1789955875.829 82.804 0.08031871 2.50461e-06
1789955875.839 82.860 0.08037086 2.12878e-06
1789955875.849 82.915 0.08040065 1.81974e-06
1789955875.859 82.971 0.08047794 1.60777e-06
1789955875.869 83.027 0.08055336 1.41787e-06
1789955875.879 83.083 0.08060178 1.24128e-06
1789955875.889 83.138 0.08063623 1.08251e-06
1789955875.899 83.194 0.08068558 9.94783e-07
1789955875.909 83.250 0.08075728 8.90921e-07
1789955875.919 83.305 0.08081873 8.25264e-07
1789955875.929 83.361 0.08085132 7.63003e-07
1789955875.939 83.416 0.08091744 6.66782e-07
1789955875.949 83.472 0.08096213 6.51783e-07
1789955875.959 83.527 0.08101799 5.77636e-07
1789955875.969 83.583 0.08107200 5.41412e-07
1789955875.979 83.638 0.08112787 5.06602e-07
1789955875.989 83.693 0.08116791 4.74340e-07
1789955875.999 83.748 0.08123775 4.51134e-07
1789955876.009 83.804 0.08128616 4.23399e-07
1789955876.019 83.859 0.08134483 3.96514e-07
1789955876.029 83.914 0.08137742 3.78968e-07
1789955876.039 83.969 0.08142863 3.41045e-07
1789955876.049 84.024 0.08149381 3.41045e-07
1789955876.059 84.079 0.08153943 3.10764e-07
1789955876.069 84.134 0.08160275 2.97463e-07
1789955876.079 84.189 0.08165024 2.93501e-07
1789955876.089 84.244 0.08167537 2.63503e-07
1789955876.099 84.299 0.08173590 2.71144e-07
1789955876.109 84.354 0.08177408 2.49635e-07
1789955876.119 84.409 0.08182808 2.38881e-07
1789955876.129 84.464 0.08188488 2.28693e-07
1789955876.139 84.519 0.08196217 1.93035e-07
1789955876.149 84.573 0.08201711 1.84828e-07
1789955876.159 84.628 0.08207204 1.54263e-07
1789955876.169 84.683 0.08209625 1.46339e-07
1789955876.179 84.737 0.08214095 1.45490e-07
1789955876.189 84.792 0.08221078 1.23133e-07
1789955876.199 84.847 0.08226385 1.33887e-07
1789955876.209 84.901 0.08230389 1.16058e-07
1789955876.219 84.956 0.08234859 1.19171e-07
1789955876.229 85.010 0.08241656 1.30208e-07
1789955876.239 85.064 0.08246126 1.07568e-07
1789955876.249 85.119 0.08250874 1.23416e-07
1789955876.259 85.173 0.08259068 1.03889e-07
1789955876.269 85.228 0.08262979 1.06719e-07
1789955876.279 85.282 0.08267727 1.13511e-07
1789955876.289 85.336 0.08273501 9.03046e-08
1789955876.299 85.390 0.08279740 1.06436e-07
1789955876.309 85.444 0.08286723 8.88896e-08
1789955876.319 85.499 0.08290820 8.52105e-08
1789955876.329 85.553 0.08293706 9.59646e-08
1789955876.339 85.607 0.08299014 7.44564e-08
1789955876.349 85.661 0.08304135 9.31346e-08
1789955876.359 85.715 0.08307580 8.49275e-08
1789955876.369 85.769 0.08314378 8.18145e-08
1789955876.379 85.823 0.08317916 8.46445e-08
1789955876.389 85.877 0.08321826 6.48343e-08
1789955876.399 85.931 0.08327693 8.71915e-08
1789955876.409 85.984 0.08334397 7.75694e-08
1789955876.419 86.038 0.08340822 7.92674e-08
1789955876.429 86.092 0.08345757 9.08706e-08
1789955876.439 86.146 0.08349947 8.57765e-08
1789955876.449 86.199 0.08354230 1.10681e-07
1789955876.459 86.253 0.08361121 1.06153e-07
1789955876.469 86.307 0.08364379 1.23416e-07
1789955876.479 86.360 0.08368384 1.42943e-07
1789955876.489 86.414 0.08373598 1.44358e-07
1789955876.499 86.467 0.08377136 1.91054e-07
1789955876.509 86.521 0.08383095 2.09732e-07
1789955876.519 86.574 0.08391941 2.64918e-07
1789955876.529 86.628 0.08396597 3.50102e-07
1789955876.539 86.681 0.08400228 4.57360e-07
1789955876.549 86.735 0.08406094 6.05088e-07
1789955876.559 86.788 0.08410750 7.02724e-07
1789955876.569 86.841 0.08414940 8.34037e-07
1789955876.579 86.895 0.08420713 9.17240e-07
1789955876.589 86.948 0.08424996 9.44692e-07
1789955876.599 87.001 0.08429466 9.87425e-07
1789955876.609 87.054 0.08435518 9.55163e-07
1789955876.619 87.107 0.08441663 9.33654e-07
1789955876.629 87.161 0.08446413 8.58092e-07
1789955876.639 87.214 0.08450975 7.15176e-07
1789955876.649 87.267 0.08456655 6.15276e-07
1789955876.659 87.320 0.08461776 4.57926e-07
1789955876.669 87.373 0.08466153 3.54064e-07
1789955876.679 87.426 0.08473136 2.77370e-07
1789955876.689 87.479 0.08476115 2.00393e-07
1789955876.699 87.531 0.08479282 1.65583e-07
1789955876.709 87.584 0.08483472 1.14077e-07
1789955876.719 87.637 0.08489710 9.11536e-08
1789955876.729 87.690 0.08496135 7.78524e-08
1789955876.739 87.743 0.08501536 4.95521e-08
1789955876.749 87.795 0.08505260 5.74762e-08
1789955876.759 87.848 0.08508798 3.93640e-08
1789955876.769 87.901 0.08515968 4.13450e-08
1789955876.779 87.953 0.08522114 4.16280e-08
1789955876.789 88.006 0.08526304 2.21008e-08
1789955876.799 88.059 0.08531425 4.04960e-08
1789955876.809 88.111 0.08538688 2.35158e-08
1789955876.819 88.164 0.08543251 2.97419e-08
1789955876.829 88.216 0.08548372 3.25719e-08
1789955876.839 88.269 0.08551817 1.50257e-08
1789955876.849 88.321 0.08554610 3.45529e-08
1789955876.859 88.373 0.08560383 1.89877e-08
1789955876.869 88.426 0.08564201 2.63458e-08
1789955876.879 88.478 0.08570067 3.11569e-08
1789955876.889 88.530 0.08574816 1.47427e-08
1789955876.899 88.583 0.08581241 3.68170e-08
1789955876.909 88.635 0.08587013 2.04028e-08
1789955876.919 88.687 0.08590738 2.91759e-08
1789955876.929 88.739 0.08594928 3.20059e-08
1789955876.939 88.791 0.08600701 1.58747e-08
1789955876.949 88.843 0.08605357 3.45529e-08
1789955876.959 88.896 0.08610292 1.75727e-08
1789955876.969 88.948 0.08615879 2.46478e-08
1789955876.979 89.000 0.08621187 2.77608e-08
1789955876.989 89.052 0.08624818 1.27617e-08
1789955876.999 89.104 0.08632174 3.17229e-08
1789955877.009 89.155 0.08635619 1.36107e-08
1789955877.019 89.207 0.08638598 2.04028e-08
1789955877.029 89.259 0.08644651 2.63458e-08
1789955877.039 89.311 0.08651355 1.02146e-08
1789955877.049 89.363 0.08655638 2.86099e-08
1789955877.059 89.415 0.08660480 1.27617e-08
1789955877.069 89.466 0.08663833 2.06858e-08
1789955877.079 89.518 0.08668488 2.40818e-08
1789955877.089 89.570 0.08674913 1.04976e-08
1789955877.099 89.621 0.08678172 2.91759e-08
1789955877.109 89.673 0.08683014 1.21957e-08
1789955877.119 89.725 0.08688228 2.04028e-08
1789955877.129 89.776 0.08691953 2.37988e-08
1789955877.139 89.828 0.08699122 9.93164e-09
1789955877.149 89.879 0.08704709 2.86099e-08
1789955877.159 89.931 0.08709737 1.24787e-08
1789955877.169 89.982 0.08712996 1.98368e-08
1789955877.179 90.034 0.08716907 2.43648e-08
1789955877.189 90.085 0.08722959 9.93164e-09
1789955877.199 90.136 0.08730129 2.91759e-08
1789955877.209 90.188 0.08734785 1.16297e-08
1789955877.219 90.239 0.08739720 2.01198e-08
1789955877.229 90.290 0.08743910 2.40818e-08
1789955877.239 90.342 0.08746703 1.24787e-08
1789955877.249 90.393 0.08751824 3.03079e-08
1789955877.259 90.444 0.08757877 1.41767e-08
1789955877.269 90.495 0.08761043 2.40818e-08
1789955877.278 90.546 0.08767933 2.74778e-08
1789955877.288 90.597 0.08775569 1.38937e-08
1789955877.298 90.648 0.08778269 3.22889e-08
1789955877.308 90.699 0.08783390 1.47427e-08
1789955877.318 90.750 0.08788139 2.37988e-08
1789955877.328 90.801 0.08791770 2.43648e-08
1789955877.338 90.852 0.08795123 1.16297e-08
1789955877.348 90.903 0.08800802 2.88929e-08
1789955877.358 90.954 0.08805365 1.13466e-08
1789955877.368 91.005 0.08811324 2.01198e-08
1789955877.378 91.056 0.08817655 2.21008e-08
1789955877.388 91.107 0.08822498 9.93164e-09
1789955877.398 91.157 0.08826036 2.71948e-08
1789955877.408 91.208 0.08832275 1.16297e-08
1789955877.418 91.259 0.08836744 2.09688e-08
1789955877.428 91.310 0.08838885 2.43648e-08
1789955877.438 91.360 0.08844100 1.41767e-08
1789955877.448 91.411 0.08848197 3.42699e-08
1789955877.458 91.462 0.08854063 1.81387e-08
1789955877.468 91.512 0.08860115 3.20059e-08
1789955877.478 91.563 0.08864678 3.34209e-08
1789955877.488 91.613 0.08869520 2.23838e-08
1789955877.498 91.664 0.08875386 4.27600e-08
1789955877.508 91.714 0.08878086 2.49308e-08
1789955877.518 91.765 0.08883207 3.51189e-08
1789955877.528 91.815 0.08888608 3.62509e-08
1789955877.538 91.866 0.08892798 2.46478e-08
1789955877.548 91.916 0.08897454 4.07790e-08
1789955877.558 91.966 0.08902296 2.37988e-08
1789955877.568 92.017 0.08908069 3.17229e-08
1789955877.578 92.067 0.08912911 3.17229e-08
1789955877.588 92.117 0.08917567 2.06858e-08
1789955877.598 92.167 0.08922222 3.68170e-08
1789955877.608 92.218 0.08926412 1.89877e-08
1789955877.618 92.268 0.08932558 2.83269e-08
1789955877.628 92.318 0.08936282 2.77608e-08
1789955877.638 92.368 0.08938890 1.70067e-08
1789955877.648 92.418 0.08944104 3.25719e-08
1789955877.658 92.468 0.08950529 1.61577e-08
1789955877.668 92.518 0.08954998 2.52138e-08
1789955877.678 92.568 0.08957791 2.71948e-08
1789955877.688 92.618 0.08963565 1.53087e-08
1789955877.698 92.668 0.08970175 3.39869e-08
1789955877.708 92.718 0.08975483 1.92708e-08
1789955877.718 92.768 0.08980325 3.20059e-08
1789955877.728 92.818 0.08982839 3.70999e-08
1789955877.738 92.868 0.08988798 3.73830e-08
1789955877.748 92.917 0.08993827 6.79473e-08
1789955877.758 92.967 0.08995782 6.65323e-08
1789955877.768 93.017 0.09001462 9.42666e-08
1789955877.778 93.067 0.09006397 1.11813e-07
1789955877.788 93.117 0.09011983 1.22850e-07
1789955877.798 93.166 0.09015801 1.62187e-07
1789955877.808 93.216 0.09019526 1.81715e-07
1789955877.818 93.266 0.09024554 2.30108e-07
1789955877.828 93.315 0.09030979 2.63503e-07
1789955877.838 93.365 0.09037124 3.17273e-07
1789955877.848 93.414 0.09040011 3.97080e-07
1789955877.858 93.464 0.09042059 5.00659e-07
1789955877.868 93.513 0.09048391 6.32256e-07
1789955877.878 93.563 0.09053978 8.35735e-07
1789955877.888 93.612 0.09060403 1.04629e-06
1789955877.898 93.662 0.09064779 1.33212e-06
1789955877.908 93.711 0.09069341 1.65843e-06
1789955877.918 93.760 0.09073159 2.04812e-06
1789955877.928 93.810 0.09076977 2.34160e-06
1789955877.938 93.859 0.09082284 2.70129e-06
1789955877.948 93.908 0.09086660 3.02307e-06
1789955877.958 93.958 0.09090943 3.34173e-06
1789955877.968 94.007 0.09095879 3.48380e-06
1789955877.978 94.056 0.09099789 3.54210e-06
1789955877.988 94.105 0.09104352 3.47050e-06
1789955877.998 94.154 0.09111242 3.41276e-06
1789955878.008 94.204 0.09114874 3.18608e-06
1789955878.018 94.253 0.09118692 2.92458e-06
1789955878.028 94.302 0.09124185 2.69082e-06
1789955878.038 94.351 0.09129586 2.26660e-06
1789955878.048 94.400 0.09132938 1.98275e-06
1789955878.058 94.449 0.09138245 1.63692e-06
1789955878.068 94.498 0.09142901 1.34571e-06
1789955878.078 94.547 0.09145415 1.12044e-06
1789955878.088 94.596 0.09150909 9.30541e-07
1789955878.098 94.645 0.09156588 8.44508e-07
1789955878.108 94.694 0.09161710 7.27628e-07
1789955878.118 94.743 0.09166831 6.48104e-07
1789955878.128 94.791 0.09170742 5.80466e-07
1789955878.138 94.840 0.09174001 4.71510e-07
1789955878.148 94.889 0.09176794 3.94533e-07
1789955878.158 94.938 0.09184616 3.22367e-07
1789955878.168 94.986 0.09191133 2.60390e-07
1789955878.178 95.035 0.09192158 2.26995e-07
1789955878.188 95.084 0.09199700 1.70394e-07
1789955878.198 95.133 0.09203146 1.68414e-07
1789955878.208 95.181 0.09207242 1.22567e-07
1789955878.218 95.230 0.09213388 1.22001e-07
1789955878.228 95.278 0.09216647 9.76627e-08
1789955878.238 95.327 0.09223165 8.37955e-08
1789955878.248 95.375 0.09228100 8.32295e-08
1789955878.258 95.424 0.09230428 5.83252e-08
1789955878.268 95.472 0.09235642 5.94572e-08
1789955878.278 95.521 0.09239553 5.35141e-08
1789955878.288 95.569 0.09242905 3.48359e-08
1789955878.298 95.618 0.09247933 5.09671e-08
1789955878.308 95.666 0.09253706 2.77608e-08
1789955878.318 95.715 0.09259292 3.70999e-08
1789955878.328 95.763 0.09262366 3.03079e-08
1789955878.338 95.811 0.09269256 1.84217e-08
1789955878.348 95.859 0.09272608 3.39869e-08
1789955878.358 95.908 0.09276705 1.30447e-08
1789955878.368 95.956 0.09279126 2.35158e-08
1789955878.378 96.004 0.09285364 1.72897e-08
1789955878.388 96.052 0.09290579 7.10160e-09
1789955878.398 96.101 0.09294862 2.15348e-08
1789955878.408 96.149 0.09298866 2.57355e-09
1789955878.418 96.197 0.09301659 1.53087e-08
1789955878.428 96.245 0.09307991 7.10160e-09
1789955878.438 96.293 0.09313298 -3.36952e-09
1789955878.448 96.341 0.09316464 1.16297e-08
1789955878.458 96.389 0.09321772 -7.61457e-09
1789955878.468 96.437 0.09326800 4.27157e-09
1789955878.478 96.485 0.09331549 -3.08651e-09
1789955878.488 96.533 0.09336577 -1.46897e-08
1789955878.498 96.581 0.09340022 2.00754e-09
1789955878.508 96.629 0.09345329 -1.86517e-08
1789955878.518 96.677 0.09350637 -4.78453e-09
1789955878.528 96.725 0.09353989 -1.63877e-08
1789955878.538 96.772 0.09359762 -2.57268e-08
1789955878.548 96.820 0.09365442 -1.04446e-08
1789955878.558 96.868 0.09367677 -2.91228e-08
1789955878.568 96.916 0.09372332 -1.92177e-08
1789955878.578 96.964 0.09376522 -2.68588e-08
1789955878.588 97.011 0.09384065 -3.47828e-08
1789955878.598 97.059 0.09386579 -1.89347e-08
1789955878.608 97.107 0.09390303 -3.22358e-08
1789955878.618 97.154 0.09395052 -1.89347e-08
1789955878.628 97.202 0.09401011 -2.57268e-08
1789955878.638 97.250 0.09405388 -3.08208e-08
1789955878.648 97.297 0.09409112 -1.15766e-08
1789955878.658 97.345 0.09412837 -2.77078e-08
1789955878.668 97.392 0.09419820 -1.29916e-08
1789955878.678 97.440 0.09422893 -2.00667e-08
1789955878.688 97.487 0.09427269 -2.62928e-08
1789955878.698 97.535 0.09432484 -7.33156e-09
1789955878.708 97.582 0.09436767 -2.06327e-08
1789955878.718 97.630 0.09439840 -1.95450e-09
1789955878.728 97.677 0.09443564 -5.91655e-09
1789955878.738 97.724 0.09449710 -3.36952e-09
1789955878.748 97.772 0.09456321 1.75727e-08
1789955878.758 97.819 0.09458369 3.13956e-09
1789955878.768 97.866 0.09461721 1.84217e-08
1789955878.778 97.914 0.09467867 1.16297e-08
1789955878.788 97.961 0.09470195 8.23362e-09
1789955878.798 98.008 0.09474757 2.46478e-08
1789955878.808 98.055 0.09480157 6.53560e-09
1789955878.818 98.102 0.09484534 1.98368e-08
1789955878.828 98.150 0.09488445 1.21957e-08
1789955878.838 98.197 0.09492170 8.79962e-09
1789955878.848 98.244 0.09498780 2.40818e-08
1789955878.858 98.291 0.09504367 5.40358e-09
1789955878.868 98.338 0.09508278 1.95538e-08
1789955878.878 98.385 0.09513120 1.19127e-08
1789955878.888 98.432 0.09517589 8.51662e-09
1789955878.898 98.479 0.09520941 2.35158e-08
1789955878.908 98.526 0.09526249 5.96959e-09
1789955878.918 98.573 0.09529229 1.92708e-08
1789955878.928 98.620 0.09534443 1.21957e-08
1789955878.938 98.667 0.09538633 6.53560e-09
1789955878.948 98.714 0.09543382 2.18178e-08
1789955878.958 98.761 0.09547013 5.96959e-09
1789955878.968 98.808 0.09552693 1.95538e-08
1789955878.978 98.854 0.09556883 1.47427e-08
1789955878.988 98.901 0.09560794 1.33277e-08
1789955878.998 98.948 0.09565356 3.82320e-08
1789955879.008 98.995 0.09569361 3.90810e-08
1789955879.017 99.041 0.09572061 8.63425e-08
1789955879.027 99.088 0.09578578 1.09549e-07
1789955879.037 99.135 0.09584259 1.70394e-07
1789955879.047 99.182 0.09587704 2.60390e-07
1789955879.057 99.228 0.09593011 3.82364e-07
1789955879.067 99.275 0.09597667 5.09432e-07
1789955879.077 99.321 0.09600554 6.58858e-07
1789955879.087 99.368 0.09606326 9.34220e-07
1789955879.097 99.415 0.09611727 1.17817e-06
1789955879.107 99.461 0.09614986 1.51664e-06
1789955879.117 99.508 0.09620386 1.77474e-06
1789955879.127 99.554 0.09623646 2.23122e-06
1789955879.137 99.601 0.09627836 2.56149e-06
1789955879.147 99.647 0.09632119 3.13259e-06
1789955879.157 99.694 0.09634819 4.03707e-06
1789955879.167 99.740 0.09639847 4.64071e-06
1789955879.177 99.786 0.09644503 6.04300e-06
1789955879.187 99.833 0.09649159 7.01483e-06
1789955879.197 99.879 0.09653349 9.74468e-06
1789955879.207 99.925 0.09658749 1.23288e-05
1789955879.217 99.972 0.09662567 1.54497e-05
1789955879.227 100.018 0.09662660 2.04388e-05
1789955879.237 100.064 0.09668433 2.49734e-05
1789955879.247 100.110 0.09674858 3.21316e-05
1789955879.257 100.157 0.09678303 4.18503e-05
1789955879.267 100.203 0.09685473 4.76408e-05
1789955879.277 100.249 0.09689198 5.38485e-05
1789955879.287 100.295 0.09692736 6.16229e-05
1789955879.297 100.341 0.09697205 7.31405e-05
1789955879.307 100.387 0.09701395 7.89381e-05
1789955879.317 100.434 0.09707634 8.89174e-05
1789955879.327 100.480 0.09708751 9.32089e-05
1789955879.337 100.526 0.09713128 9.70685e-05
1789955879.347 100.572 0.09716945 9.79565e-05
1789955879.357 100.618 0.09722439 9.70922e-05
1789955879.367 100.664 0.09728957 9.60556e-05
1789955879.377 100.710 0.09731378 9.01139e-05
1789955879.387 100.756 0.09736499 8.20614e-05
1789955879.397 100.802 0.09739851 7.72707e-05
1789955879.407 100.847 0.09743203 7.07319e-05
1789955879.417 100.893 0.09750932 6.36707e-05
1789955879.427 100.939 0.09755215 5.47249e-05
1789955879.437 100.985 0.09757263 4.76479e-05
1789955879.447 101.031 0.09760243 3.85935e-05
1789955879.457 101.077 0.09767227 3.39819e-05
1789955879.467 101.122 0.09771417 2.78031e-05
1789955879.477 101.168 0.09776538 2.34225e-05
1789955879.487 101.214 0.09782311 2.02551e-05
1789955879.497 101.260 0.09785663 1.84600e-05
1789955879.507 101.305 0.09788828 1.69989e-05
1789955879.517 101.351 0.09792460 1.55066e-05
1789955879.527 101.397 0.09797023 1.41907e-05
1789955879.537 101.442 0.09801213 1.31051e-05
1789955879.547 101.488 0.09805217 1.18581e-05
1789955879.557 101.533 0.09809407 1.05139e-05
1789955879.567 101.579 0.09813969 9.93372e-06
1789955879.577 101.625 0.09821139 8.52890e-06
1789955879.587 101.670 0.09824491 7.52622e-06
1789955879.597 101.716 0.09826447 7.12265e-06
1789955879.607 101.761 0.09831661 6.46892e-06
1789955879.617 101.807 0.09837527 5.50840e-06
1789955879.627 101.852 0.09840041 5.37200e-06
1789955879.637 101.898 0.09844045 4.76467e-06
1789955879.647 101.943 0.09849259 4.73014e-06
1789955879.657 101.988 0.09854473 3.85963e-06
1789955879.667 102.034 0.09859874 3.52908e-06
1789955879.677 102.079 0.09862016 3.32616e-06
1789955879.687 102.124 0.09867603 2.66394e-06
1789955879.697 102.170 0.09871048 2.53460e-06
1789955879.707 102.215 0.09874400 2.32263e-06
1789955879.717 102.260 0.09878683 2.32971e-06
1789955879.727 102.305 0.09883525 1.95105e-06
1789955879.737 102.351 0.09887995 1.70569e-06
1789955879.747 102.396 0.09892092 1.69012e-06
1789955879.757 102.441 0.09897306 1.34882e-06
1789955879.767 102.486 0.09901217 1.17449e-06
1789955879.777 102.531 0.09904941 1.14194e-06
1789955879.787 102.577 0.09912670 9.86293e-07
1789955879.797 102.622 0.09915370 9.61672e-07
1789955879.807 102.667 0.09919187 8.68564e-07
1789955879.817 102.712 0.09921981 7.61305e-07
1789955879.827 102.757 0.09927009 6.88573e-07
1789955879.837 102.802 0.09930920 6.46689e-07
1789955879.847 102.847 0.09937158 6.14710e-07
1789955879.857 102.892 0.09938090 5.13394e-07
1789955879.867 102.937 0.09941908 4.23399e-07
1789955879.877 102.982 0.09947494 4.10098e-07
1789955879.887 103.027 0.09950474 3.47555e-07
1789955879.897 103.072 0.09954757 3.59724e-07
1789955879.907 103.117 0.09959506 2.94350e-07
1789955879.917 103.161 0.09964162 3.15858e-07
1789955879.927 103.206 0.09970586 2.28410e-07
1789955879.937 103.251 0.09975335 2.05487e-07
1789955879.947 103.296 0.09976639 2.13411e-07
1789955879.957 103.341 0.09981015 1.89356e-07
1789955879.967 103.385 0.09984832 1.70961e-07
1789955879.977 103.430 0.09989768 1.57659e-07
1789955879.987 103.475 0.09994144 1.53131e-07
1789955879.997 103.520 0.09998520 1.37000e-07
1789955880.007 103.564 0.10004293 1.03040e-07
1789955880.017 103.609 0.10007180 1.19454e-07
1789955880.027 103.654 0.10013697 8.88896e-08
1789955880.037 103.698 0.10018539 7.72864e-08
1789955880.047 103.743 0.10021147 7.36074e-08
1789955880.057 103.788 0.10024592 3.68170e-08
1789955880.067 103.832 0.10027758 4.36090e-08
1789955880.077 103.877 0.10032413 1.92708e-08
1789955880.087 103.921 0.10038279 1.07806e-08
1789955880.097 103.966 0.10040793 1.27617e-08
1789955880.107 104.010 0.10046101 -1.63877e-08
1789955880.117 104.055 0.10050384 5.96959e-09
1789955880.127 104.099 0.10055319 -1.61047e-08
1789955880.137 104.144 0.10057275 -1.44067e-08
1789955880.147 104.188 0.10060627 -1.24256e-08
1789955880.157 104.233 0.10065190 -3.19528e-08
1789955880.167 104.277 0.10070776 -7.04856e-09
1789955880.177 104.321 0.10073849 -2.06327e-08
1789955880.187 104.366 0.10078225 -2.17647e-08
1789955880.197 104.410 0.10081670 -1.04446e-08
1789955880.207 104.454 0.10087351 -2.60098e-08
1789955880.217 104.499 0.10091168 -2.23751e-09
1789955880.227 104.543 0.10094148 -1.44067e-08
1789955880.237 104.587 0.10099455 -1.24256e-08
1789955880.247 104.631 0.10106159 -1.67150e-09
1789955880.257 104.676 0.10108207 -1.69537e-08
1789955880.267 104.720 0.10112678 6.81860e-09
1789955880.277 104.764 0.10117333 -7.61457e-09
1789955880.287 104.808 0.10121895 -7.04856e-09
1789955880.297 104.852 0.10126365 4.83758e-09
1789955880.307 104.896 0.10132325 -1.24256e-08
1789955880.317 104.941 0.10134187 7.66761e-09
1789955880.327 104.985 0.10138284 -9.31259e-09
1789955880.337 105.029 0.10142846 -6.19955e-09
1789955880.347 105.073 0.10148339 2.57355e-09
1789955880.357 105.117 0.10149736 -1.66707e-08
1789955880.367 105.161 0.10153089 4.55457e-09
1789955880.377 105.205 0.10157372 -1.10106e-08
1789955880.387 105.249 0.10160258 -4.50153e-09
1789955880.397 105.293 0.10167055 3.13956e-09
1789955880.407 105.337 0.10170128 -1.35576e-08
1789955880.417 105.381 0.10174505 4.27157e-09
1789955880.427 105.425 0.10181116 -7.89757e-09
1789955880.437 105.469 0.10183164 -4.50153e-09
1789955880.447 105.512 0.10187727 5.12058e-09
1789955880.457 105.556 0.10192475 -1.07276e-08
1789955880.467 105.600 0.10196573 6.81860e-09
1789955880.477 105.644 0.10198249 -6.76556e-09
1789955880.487 105.688 0.10201601 -2.23751e-09
1789955880.497 105.731 0.10207560 9.36563e-09
1789955880.507 105.775 0.10210912 -8.46358e-09
1789955880.517 105.819 0.10214264 1.30447e-08
1789955880.527 105.863 0.10220596 8.75532e-10
1789955880.537 105.906 0.10226555 9.36563e-09
1789955880.547 105.950 0.10229162 2.01198e-08
1789955880.557 105.994 0.10233166 8.23362e-09
1789955880.567 106.037 0.10236890 3.05909e-08
1789955880.577 106.081 0.10239125 2.15348e-08
1789955880.587 106.125 0.10243223 3.59679e-08
1789955880.597 106.168 0.10249647 5.06841e-08
1789955880.607 106.212 0.10252347 4.10620e-08
1789955880.617 106.255 0.10258493 7.19094e-08
1789955880.627 106.299 0.10263242 7.13434e-08
1789955880.637 106.343 0.10267153 8.66255e-08
1789955880.647 106.386 0.10273763 1.12379e-07
1789955880.657 106.430 0.10275626 1.04738e-07
1789955880.667 106.473 0.10280374 1.41528e-07
1789955880.677 106.516 0.10284193 1.33038e-07
1789955880.687 106.560 0.10287731 1.53131e-07
1789955880.697 106.603 0.10292945 1.69263e-07
1789955880.707 106.647 0.10295273 1.58791e-07
1789955880.717 106.690 0.10296669 1.81149e-07
1789955880.727 106.733 0.10302256 1.72375e-07
1789955880.737 106.777 0.10305887 1.80866e-07
1789955880.747 106.820 0.10310451 1.87658e-07
1789955880.757 106.864 0.10315292 1.57093e-07
1789955880.767 106.907 0.10319389 1.73791e-07
1789955880.777 106.950 0.10323951 1.47754e-07
1789955880.786 106.993 0.10327955 1.41528e-07
1789955880.797 107.037 0.10331774 1.35585e-07
1789955880.807 107.080 0.10336336 1.09832e-07
1789955880.816 107.123 0.10339129 1.16907e-07
1789955880.826 107.166 0.10343133 9.14366e-08
1789955880.836 107.209 0.10346950 8.57765e-08
1789955880.846 107.253 0.10351700 7.87014e-08
1789955880.856 107.296 0.10356262 5.23821e-08
1789955880.866 107.339 0.10358683 6.08722e-08
1789955880.876 107.382 0.10362780 3.82320e-08
1789955880.886 107.425 0.10367249 4.21940e-08
1789955880.896 107.468 0.10372185 4.38920e-08
1789955880.906 107.511 0.10376840 2.35158e-08
1789955880.916 107.554 0.10380379 4.13450e-08
1789955880.926 107.597 0.10383637 2.43648e-08
1789955880.936 107.640 0.10388758 3.00249e-08
1789955880.946 107.683 0.10395648 3.31379e-08
1789955880.956 107.726 0.10398908 1.53087e-08
1789955880.966 107.769 0.10402260 3.39869e-08
1789955880.976 107.812 0.10405798 1.89877e-08
1789955880.986 107.855 0.10408592 2.49308e-08
1789955880.996 107.898 0.10413154 2.80439e-08
1789955881.006 107.941 0.10415761 1.24787e-08
1789955881.016 107.984 0.10418462 3.20059e-08
1789955881.026 108.027 0.10424514 1.50257e-08
1789955881.036 108.069 0.10430380 2.21008e-08
1789955881.046 108.112 0.10432429 2.57798e-08
1789955881.056 108.155 0.10436805 1.02146e-08
1789955881.066 108.198 0.10440903 2.83269e-08
1789955881.076 108.241 0.10445651 1.30447e-08
1789955881.086 108.283 0.10449096 1.95538e-08
1789955881.096 108.326 0.10453472 2.26668e-08
1789955881.106 108.369 0.10456731 7.66761e-09
1789955881.116 108.411 0.10459059 2.63458e-08
1789955881.126 108.454 0.10464646 1.16297e-08
1789955881.136 108.497 0.10472281 1.89877e-08
1789955881.146 108.539 0.10474516 2.09688e-08
1789955881.156 108.582 0.10476006 7.95061e-09
1789955881.166 108.625 0.10482711 2.60628e-08
1789955881.176 108.667 0.10486062 1.02146e-08
1789955881.186 108.710 0.10488763 1.70067e-08
1789955881.196 108.752 0.10494070 1.98368e-08
1789955881.206 108.795 0.10498725 6.25259e-09
1789955881.216 108.837 0.10502729 2.43648e-08
1789955881.226 108.880 0.10507385 8.51662e-09
1789955881.236 108.922 0.10511669 1.55917e-08
1789955881.246 108.965 0.10515579 1.87047e-08
1789955881.256 109.007 0.10519397 5.68659e-09
1789955881.266 109.050 0.10521259 2.35158e-08
1789955881.276 109.092 0.10525728 6.81860e-09
1789955881.286 109.135 0.10530571 1.47427e-08
1789955881.296 109.177 0.10535412 1.84217e-08
1789955881.306 109.220 0.10538392 4.83758e-09
1789955881.316 109.262 0.10542768 2.37988e-08
1789955881.326 109.304 0.10545934 7.66761e-09
1789955881.336 109.347 0.10550311 1.38937e-08
1789955881.346 109.389 0.10557015 1.87047e-08
1789955881.356 109.431 0.10560087 5.12058e-09
1789955881.366 109.473 0.10564743 2.23838e-08
1789955881.376 109.516 0.10568653 6.25259e-09
1789955881.386 109.558 0.10572006 1.38937e-08
1789955881.396 109.600 0.10577313 1.84217e-08
1789955881.406 109.642 0.10580945 5.68659e-09
1789955881.416 109.685 0.10582435 2.37988e-08
1789955881.426 109.727 0.10585600 7.66761e-09
1789955881.436 109.769 0.10588673 1.58747e-08
1789955881.446 109.811 0.10595378 1.87047e-08
1789955881.456 109.853 0.10598730 6.81860e-09
1789955881.466 109.895 0.10601523 2.46478e-08
1789955881.476 109.938 0.10605899 6.25259e-09
1789955881.486 109.980 0.10608972 1.55917e-08
1789955881.496 110.022 0.10614094 1.95538e-08
