1789866406.735 31.726 0.03402830 1.33576e-06
1789866406.741 31.871 0.03402830 1.32416e-06
1789866406.751 32.016 0.03401992 1.27492e-06
1789866406.761 32.160 0.03401247 1.36434e-06
1789866406.771 32.304 0.03401434 1.39236e-06
1789866406.781 32.447 0.03400595 1.46481e-06
1789866406.791 32.589 0.03399757 1.48830e-06
1789866406.801 32.731 0.03399757 1.54235e-06
1789866406.811 32.872 0.03400316 1.61904e-06
1789866406.821 33.013 0.03399664 1.68668e-06
1789866406.831 33.152 0.03397150 1.74667e-06
1789866406.841 33.292 0.03396964 1.70620e-06
1789866406.851 33.430 0.03397802 1.74724e-06
1789866406.861 33.569 0.03399199 1.82166e-06
1789866406.871 33.706 0.03400782 1.80214e-06
1789866406.881 33.843 0.03402179 1.75884e-06
1789866406.891 33.980 0.03404786 1.69913e-06
1789866406.901 34.116 0.03409814 1.66290e-06
1789866406.911 34.251 0.03414935 1.68017e-06
1789866406.921 34.386 0.03418567 1.52169e-06
1789866406.931 34.520 0.03426854 1.29954e-06
1789866406.941 34.654 0.03435234 1.05673e-06
1789866406.951 34.787 0.03443335 8.57501e-07
1789866406.961 34.920 0.03453205 5.95730e-07
1789866406.971 35.053 0.03465682 3.65938e-07
1789866406.981 35.184 0.03476669 1.47749e-07
1789866406.991 35.316 0.03489053 5.06820e-08
1789866407.001 35.446 0.03503951 1.33267e-08
1789866407.011 35.577 0.03516335 2.40805e-08
1789866407.021 35.707 0.03531141 6.25178e-09
1789866407.031 35.836 0.03546784 1.50246e-08
1789866407.041 35.965 0.03563544 1.55906e-08
1789866407.051 36.093 0.03580211 7.38376e-09
1789866407.061 36.221 0.03595948 2.54954e-08
1789866407.071 36.349 0.03612056 1.04967e-08
1789866407.081 36.476 0.03629468 1.89865e-08
1789866407.091 36.603 0.03643436 1.72886e-08
1789866407.101 36.729 0.03657123 7.10076e-09
1789866407.111 36.855 0.03673977 2.26655e-08
1789866407.121 36.980 0.03688223 5.40279e-09
1789866407.131 37.105 0.03702935 1.33267e-08
1789866407.141 37.230 0.03718764 1.24777e-08
1789866407.151 37.354 0.03732266 2.28985e-09
1789866407.161 37.477 0.03744650 1.81376e-08
1789866407.171 37.601 0.03758710 1.72386e-09
1789866407.181 37.724 0.03768859 1.19117e-08
1789866407.191 37.846 0.03780033 1.19117e-08
1789866407.201 37.968 0.03792603 1.72386e-09
1789866407.211 38.090 0.03804429 1.89865e-08
1789866407.221 38.211 0.03815416 2.85584e-09
1789866407.231 38.332 0.03825659 1.24777e-08
1789866407.241 38.453 0.03835435 1.10627e-08
1789866407.251 38.573 0.03842978 2.00685e-09
1789866407.261 38.693 0.03853127 1.89865e-08
1789866407.271 38.812 0.03861042 3.42183e-09
1789866407.281 38.931 0.03869608 1.10627e-08
1789866407.291 39.050 0.03879571 1.10627e-08
1789866407.301 39.168 0.03887113 2.57284e-09
1789866407.311 39.286 0.03896611 1.95525e-08
1789866407.321 39.404 0.03906574 3.70482e-09
1789866407.331 39.521 0.03917096 1.21947e-08
1789866407.341 39.638 0.03927804 1.10627e-08
1789866407.351 39.755 0.03938326 3.13883e-09
1789866407.361 39.871 0.03946147 2.04015e-08
1789866407.371 39.987 0.03955552 2.85584e-09
1789866407.381 40.102 0.03967656 1.16287e-08
1789866407.391 40.218 0.03976502 1.07797e-08
1789866407.401 40.333 0.03986558 8.74874e-10
1789866407.411 40.447 0.03996056 2.01185e-08
1789866407.421 40.561 0.04006857 2.85584e-09
1789866407.431 40.675 0.04016820 1.19117e-08
1789866407.441 40.789 0.04028273 1.13457e-08
1789866407.451 40.902 0.04038795 2.85584e-09
1789866407.461 41.015 0.04049503 1.92695e-08
1789866407.471 41.128 0.04062353 2.57284e-09
1789866407.481 41.240 0.04073526 1.30437e-08
1789866407.491 41.353 0.04084048 1.04967e-08
1789866407.501 41.464 0.04095687 3.13883e-09
1789866407.511 41.576 0.04106489 1.92695e-08
1789866407.521 41.687 0.04117569 3.13883e-09
1789866407.531 41.798 0.04129394 1.10627e-08
1789866407.540 41.908 0.04143361 1.13457e-08
1789866407.550 42.019 0.04152673 2.00685e-09
1789866407.561 42.129 0.04161984 1.87036e-08
1789866407.570 42.238 0.04171761 1.44086e-09
1789866407.580 42.348 0.04181165 1.24777e-08
1789866407.590 42.457 0.04192898 1.04967e-08
1789866407.600 42.566 0.04203792 3.98782e-09
1789866407.610 42.674 0.04213848 2.04015e-08
1789866407.620 42.783 0.04225581 3.13883e-09
1789866407.630 42.891 0.04236289 1.19117e-08
1789866407.640 42.999 0.04246997 1.04967e-08
1789866407.650 43.106 0.04257146 3.13883e-09
1789866407.660 43.213 0.04267668 1.95525e-08
1789866407.670 43.320 0.04276700 1.72386e-09
1789866407.680 43.427 0.04287128 1.16287e-08
1789866407.690 43.534 0.04296254 1.13457e-08
1789866407.700 43.640 0.04305100 2.85584e-09
1789866407.710 43.746 0.04315435 1.92695e-08
1789866407.720 43.851 0.04325398 2.00685e-09
1789866407.730 43.957 0.04333127 1.13457e-08
1789866407.740 44.062 0.04344952 1.07797e-08
1789866407.750 44.167 0.04355195 3.13883e-09
1789866407.760 44.271 0.04366554 1.92695e-08
1789866407.770 44.376 0.04375307 2.28985e-09
1789866407.780 44.480 0.04384246 1.16287e-08
1789866407.790 44.584 0.04393650 1.07797e-08
1789866407.800 44.688 0.04401751 3.42183e-09
1789866407.810 44.791 0.04409200 1.87036e-08
1789866407.820 44.894 0.04419908 2.85584e-09
1789866407.830 44.997 0.04430430 1.19117e-08
1789866407.840 45.100 0.04439928 1.10627e-08
1789866407.850 45.203 0.04450729 2.85584e-09
1789866407.860 45.305 0.04460878 1.87036e-08
1789866407.870 45.407 0.04468327 2.00685e-09
1789866407.880 45.509 0.04478290 1.21947e-08
1789866407.890 45.610 0.04488812 1.04967e-08
1789866407.900 45.712 0.04498403 2.85584e-09
1789866407.910 45.813 0.04506969 1.84206e-08
1789866407.920 45.914 0.04517864 1.44086e-09
1789866407.930 46.014 0.04526803 1.21947e-08
1789866407.940 46.115 0.04537231 1.07797e-08
1789866407.950 46.215 0.04547474 2.57284e-09
1789866407.960 46.315 0.04555575 1.75716e-08
1789866407.970 46.415 0.04565817 1.72386e-09
1789866407.980 46.515 0.04576339 1.19117e-08
1789866407.990 46.614 0.04585837 1.07797e-08
1789866408.000 46.713 0.04594496 2.00685e-09
1789866408.010 46.812 0.04603714 1.78546e-08
1789866408.020 46.911 0.04614050 2.28985e-09
1789866408.030 47.010 0.04623547 1.27607e-08
1789866408.040 47.108 0.04633138 1.10627e-08
1789866408.050 47.206 0.04642636 3.42183e-09
1789866408.060 47.304 0.04651202 1.87036e-08
1789866408.070 47.402 0.04660607 3.13883e-09
1789866408.080 47.499 0.04670477 1.24777e-08
1789866408.090 47.597 0.04678950 1.13457e-08
1789866408.100 47.694 0.04687423 1.72386e-09
1789866408.110 47.791 0.04696548 1.78546e-08
1789866408.120 47.887 0.04706884 -5.40101e-10
1789866408.130 47.984 0.04715171 1.07797e-08
1789866408.140 48.080 0.04722527 8.79873e-09
1789866408.150 48.177 0.04734166 1.15787e-09
1789866408.160 48.273 0.04743384 1.72886e-08
1789866408.170 48.368 0.04751113 8.74874e-10
1789866408.180 48.464 0.04760052 1.13457e-08
1789866408.190 48.559 0.04771132 1.02137e-08
1789866408.200 48.655 0.04777371 1.44086e-09
1789866408.210 48.750 0.04786310 1.81376e-08
1789866408.220 48.844 0.04797018 3.70482e-09
1789866408.230 48.939 0.04804653 7.30386e-08
1789866408.240 49.034 0.04814244 1.96707e-07
1789866408.250 49.128 0.04823183 4.13764e-07
1789866408.260 49.222 0.04831283 6.02239e-07
1789866408.270 49.316 0.04841060 8.86366e-07
1789866408.280 49.410 0.04848323 1.35925e-06
1789866408.290 49.503 0.04858473 2.07523e-06
1789866408.300 49.597 0.04868063 2.67857e-06
1789866408.310 49.690 0.04874581 2.40718e-06
1789866408.320 49.783 0.04883893 1.64847e-06
1789866408.330 49.876 0.04895718 1.13568e-06
1789866408.340 49.969 0.04902329 7.27040e-07
1789866408.350 50.061 0.04910802 4.93003e-07
1789866408.360 50.153 0.04919276 4.12633e-07
1789866408.370 50.246 0.04928215 3.00849e-07
1789866408.380 50.338 0.04936502 1.98405e-07
1789866408.390 50.430 0.04947582 1.04451e-07
1789866408.400 50.521 0.04956335 4.67201e-08
1789866408.410 50.613 0.04964901 4.33241e-08
1789866408.420 50.704 0.04971606 1.10627e-08
1789866408.430 50.795 0.04981289 1.67226e-08
1789866408.440 50.886 0.04989576 1.07797e-08
1789866408.450 50.977 0.04998608 5.91879e-10
1789866408.460 51.068 0.05007547 1.53076e-08
1789866408.470 51.159 0.05016486 -3.93604e-09
1789866408.480 51.249 0.05024214 7.94975e-09
1789866408.490 51.339 0.05033340 3.98782e-09
1789866408.500 51.429 0.05040509 -2.80406e-09
1789866408.510 51.519 0.05048797 1.33267e-08
1789866408.520 51.609 0.05058014 -1.95508e-09
1789866408.530 51.699 0.05065743 1.16287e-08
1789866408.540 51.788 0.05075986 9.93071e-09
1789866408.550 51.877 0.05082411 1.44086e-09
1789866408.560 51.966 0.05093491 1.64396e-08
1789866408.570 52.055 0.05102057 1.44086e-09
1789866408.580 52.144 0.05110344 1.50246e-08
1789866408.590 52.233 0.05118725 1.10627e-08
1789866408.600 52.321 0.05127757 7.64345e-08
1789866408.610 52.410 0.05134368 7.46284e-07
1789866408.620 52.498 0.05142655 2.47057e-06
1789866408.630 52.586 0.05150663 4.83896e-06
1789866408.640 52.674 0.05160440 6.54174e-06
1789866408.650 52.762 0.05169937 9.25198e-06
1789866408.660 52.850 0.05176641 1.30101e-05
1789866408.670 52.937 0.05183718 2.05220e-05
1789866408.680 53.024 0.05192564 3.32870e-05
1789866408.690 53.112 0.05202713 3.40698e-05
1789866408.700 53.199 0.05211186 3.01265e-05
1789866408.710 53.286 0.05217611 1.90651e-05
1789866408.720 53.372 0.05228226 1.13668e-05
1789866408.730 53.459 0.05236140 5.68087e-06
1789866408.740 53.546 0.05242565 5.07328e-06
1789866408.750 53.632 0.05250760 4.12156e-06
1789866408.760 53.718 0.05258767 3.35719e-06
1789866408.770 53.804 0.05267333 2.23059e-06
1789866408.780 53.890 0.05277390 1.31539e-06
1789866408.790 53.976 0.05284839 5.90636e-07
1789866408.800 54.062 0.05292102 2.92077e-07
1789866408.810 54.147 0.05298620 2.01518e-07
1789866408.820 54.233 0.05307559 1.57654e-07
1789866408.830 54.318 0.05317056 1.74634e-07
1789866408.840 54.403 0.05325437 1.83973e-07
1789866408.850 54.488 0.05332140 1.61050e-07
1789866408.860 54.573 0.05339310 1.53409e-07
1789866408.870 54.658 0.05347132 9.28482e-08
1789866408.880 54.742 0.05356629 8.06794e-08
1789866408.890 54.827 0.05364172 5.49269e-08
1789866408.900 54.911 0.05373111 4.36071e-08
1789866408.910 54.995 0.05379908 6.05868e-08
1789866408.920 55.079 0.05387822 3.34193e-08
1789866408.930 55.163 0.05396948 3.93622e-08
1789866408.940 55.247 0.05404769 2.54954e-08
1789866408.950 55.331 0.05414174 1.36097e-08
1789866408.960 55.415 0.05422926 4.02112e-08
1789866408.970 55.498 0.05429072 4.04942e-08
1789866408.980 55.581 0.05437545 5.40779e-08
1789866408.990 55.665 0.05445739 4.24751e-08
1789866409.000 55.748 0.05452071 2.54954e-08
1789866409.010 55.831 0.05458309 3.73812e-08
1789866409.020 55.913 0.05468086 2.74764e-08
1789866409.030 55.996 0.05478328 5.52099e-08
1789866409.040 56.079 0.05484381 6.14358e-08
1789866409.050 56.161 0.05491923 6.85107e-08
1789866409.060 56.244 0.05500024 1.08696e-07
1789866409.070 56.326 0.05507473 1.25393e-07
1789866409.080 56.408 0.05515574 1.32468e-07
1789866409.090 56.490 0.05522185 1.07281e-07
1789866409.100 56.572 0.05532614 8.29434e-08
1789866409.110 56.654 0.05539318 7.96940e-07
1789866409.120 56.735 0.05547233 4.29165e-06
1789866409.130 56.817 0.05556172 1.17293e-05
1789866409.140 56.898 0.05564738 2.13078e-05
1789866409.150 56.979 0.05570232 3.09970e-05
1789866409.160 57.061 0.05575353 5.52191e-05
1789866409.170 57.142 0.05584106 8.13860e-05
1789866409.180 57.223 0.05591369 1.11433e-04
1789866409.190 57.303 0.05600773 1.40795e-04
1789866409.200 57.384 0.05608408 1.80403e-04
1789866409.210 57.465 0.05616137 1.81764e-04
1789866409.220 57.545 0.05623213 1.55015e-04
1789866409.230 57.626 0.05631221 1.19165e-04
1789866409.240 57.706 0.05640812 5.74579e-05
1789866409.250 57.786 0.05645467 2.42057e-05
1789866409.260 57.866 0.05653196 1.55848e-05
1789866409.270 57.946 0.05663252 1.08404e-05
1789866409.280 58.026 0.05670236 8.50035e-06
1789866409.290 58.106 0.05677126 6.08810e-06
1789866409.300 58.185 0.05683644 4.04204e-06
1789866409.309 58.265 0.05691465 2.72895e-06
1789866409.319 58.344 0.05697704 1.92892e-06
1789866409.330 58.423 0.05708132 1.52622e-06
1789866409.339 58.502 0.05715861 1.61536e-06
1789866409.349 58.581 0.05721727 2.07551e-06
1789866409.359 58.660 0.05728804 2.88035e-06
1789866409.369 58.739 0.05735415 3.49473e-06
1789866409.379 58.818 0.05743702 4.40824e-06
1789866409.389 58.897 0.05752082 4.94649e-06
1789866409.399 58.975 0.05759624 4.20929e-06
1789866409.409 59.054 0.05766701 3.48681e-06
1789866409.419 59.132 0.05774429 2.40209e-06
1789866409.429 59.210 0.05781972 1.29558e-06
1789866409.439 59.288 0.05789514 7.77696e-07
1789866409.449 59.366 0.05796590 6.24313e-07
1789866409.459 59.444 0.05803574 6.27426e-07
1789866409.469 59.522 0.05811489 5.04606e-07
1789866409.479 59.600 0.05818937 4.24801e-07
1789866409.489 59.677 0.05824990 3.21508e-07
1789866409.499 59.755 0.05832253 2.03499e-07
1789866409.509 59.832 0.05841751 1.44636e-07
1789866409.519 59.910 0.05849665 1.08979e-07
1789866409.529 59.987 0.05855345 1.12941e-07
1789866409.539 60.064 0.05861863 8.71883e-08
1789866409.549 60.141 0.05870709 8.26604e-08
1789866409.559 60.218 0.05878251 1.03036e-07
1789866409.569 60.295 0.05887190 1.09828e-07
1789866409.579 60.371 0.05892777 1.39259e-07
1789866409.589 60.448 0.05900412 1.93594e-07
1789866409.599 60.524 0.05908512 2.81040e-07
1789866409.609 60.601 0.05915031 4.56780e-07
1789866409.619 60.677 0.05920152 6.24313e-07
1789866409.629 60.753 0.05926670 7.77979e-07
1789866409.639 60.830 0.05935981 9.59379e-07
1789866409.649 60.906 0.05943896 1.13455e-06
1789866409.659 60.982 0.05951159 1.17955e-06
1789866409.669 61.057 0.05957025 1.05928e-06
1789866409.679 61.133 0.05965871 8.49577e-07
1789866409.689 61.209 0.05973599 6.20068e-07
1789866409.699 61.284 0.05978162 4.10935e-07
1789866409.709 61.360 0.05985890 3.07924e-07
1789866409.719 61.435 0.05994736 3.56317e-07
1789866409.729 61.511 0.06000788 4.33008e-07
1789866409.739 61.586 0.06007493 4.82249e-07
1789866409.749 61.661 0.06014290 5.88938e-07
1789866409.759 61.736 0.06022391 5.94032e-07
1789866409.769 61.811 0.06031236 5.39131e-07
1789866409.779 61.886 0.06036451 5.03757e-07
1789866409.789 61.960 0.06044458 4.04992e-07
1789866409.799 62.035 0.06052373 3.00001e-07
1789866409.809 62.110 0.06057774 2.42270e-07
1789866409.819 62.184 0.06065409 4.33857e-07
1789866409.829 62.258 0.06070996 1.25341e-06
1789866409.839 62.333 0.06079003 4.41418e-06
1789866409.849 62.407 0.06088129 1.28701e-05
1789866409.859 62.481 0.06093901 2.19938e-05
1789866409.869 62.555 0.06100140 4.23545e-05
1789866409.879 62.629 0.06107496 6.42738e-05
1789866409.889 62.703 0.06113362 8.61145e-05
1789866409.899 62.777 0.06121649 1.05111e-04
1789866409.909 62.850 0.06128075 1.30454e-04
1789866409.919 62.924 0.06134220 1.60667e-04
1789866409.929 62.997 0.06141762 1.65846e-04
1789866409.939 63.071 0.06149490 1.71183e-04
1789866409.949 63.144 0.06158150 1.44291e-04
1789866409.959 63.218 0.06163644 1.16492e-04
1789866409.969 63.291 0.06171651 7.73154e-05
1789866409.979 63.364 0.06178542 3.67282e-05
1789866409.989 63.437 0.06183570 1.41045e-05
1789866409.999 63.510 0.06191671 7.38252e-06
1789866410.009 63.583 0.06198189 5.59823e-06
1789866410.019 63.655 0.06204613 4.32136e-06
1789866410.029 63.728 0.06212342 3.90054e-06
1789866410.039 63.801 0.06218394 3.77631e-06
1789866410.049 63.873 0.06223981 3.07278e-06
1789866410.059 63.945 0.06233479 2.32964e-06
1789866410.069 64.018 0.06240555 1.80157e-06
1789866410.079 64.090 0.06246328 1.87572e-06
1789866410.089 64.162 0.06253777 1.59895e-06
1789866410.099 64.234 0.06259736 1.41528e-06
1789866410.109 64.306 0.06266534 1.30237e-06
1789866410.119 64.378 0.06273145 1.08276e-06
1789866410.129 64.450 0.06280780 8.27786e-07
1789866410.139 64.522 0.06287391 7.21663e-07
1789866410.149 64.594 0.06293630 5.55828e-07
1789866410.159 64.665 0.06299589 3.92540e-07
1789866410.169 64.737 0.06308807 2.92360e-07
1789866410.179 64.808 0.06315418 3.08490e-07
1789866410.189 64.880 0.06322309 3.21508e-07
1789866410.199 64.951 0.06330317 3.48959e-07
1789866410.209 65.022 0.06335065 3.98200e-07
1789866410.219 65.093 0.06341490 4.18010e-07
1789866410.229 65.164 0.06348660 4.39800e-07
1789866410.239 65.235 0.06354712 4.83947e-07
1789866410.249 65.306 0.06362068 5.51866e-07
1789866410.259 65.377 0.06369424 6.02805e-07
1789866410.269 65.448 0.06376873 6.34501e-07
1789866410.279 65.518 0.06383485 9.19760e-07
1789866410.289 65.589 0.06390095 1.37283e-06
1789866410.299 65.660 0.06395310 1.86440e-06
1789866410.309 65.730 0.06401641 2.33870e-06
1789866410.319 65.800 0.06409929 2.91884e-06
1789866410.329 65.871 0.06414770 3.57086e-06
1789866410.339 65.941 0.06422126 4.22542e-06
1789866410.349 66.011 0.06430507 4.56134e-06
1789866410.359 66.081 0.06435255 4.06525e-06
1789866410.369 66.151 0.06441215 3.39681e-06
1789866410.379 66.221 0.06449688 2.66159e-06
1789866410.389 66.291 0.06457044 1.72573e-06
1789866410.399 66.361 0.06462352 1.01400e-06
1789866410.409 66.430 0.06467659 6.01390e-07
1789866410.419 66.500 0.06476132 5.32905e-07
1789866410.429 66.570 0.06482092 5.87240e-07
1789866410.439 66.639 0.06487958 6.76384e-07
1789866410.449 66.709 0.06494941 7.17984e-07
1789866410.459 66.778 0.06502856 7.69489e-07
1789866410.469 66.847 0.06509094 7.86186e-07
1789866410.479 66.916 0.06514681 8.52690e-07
1789866410.489 66.986 0.06521572 8.75612e-07
1789866410.499 67.055 0.06529300 8.44483e-07
1789866410.509 67.124 0.06536191 8.60048e-07
1789866410.519 67.193 0.06540939 8.92592e-07
1789866410.529 67.261 0.06547084 8.70518e-07
1789866410.539 67.330 0.06554254 8.07977e-07
1789866410.549 67.399 0.06561424 6.50065e-07
1789866410.559 67.467 0.06566452 5.67714e-07
1789866410.569 67.536 0.06575764 5.17624e-07
1789866410.579 67.605 0.06582189 4.69798e-07
1789866410.589 67.673 0.06585727 4.18010e-07
1789866410.599 67.741 0.06591593 4.48856e-07
1789866410.609 67.810 0.06598018 4.25933e-07
1789866410.619 67.878 0.06606677 4.10935e-07
1789866410.629 67.946 0.06612729 3.36224e-07
1789866410.639 68.014 0.06619434 2.49910e-07
1789866410.649 68.082 0.06626511 1.63597e-07
1789866410.659 68.150 0.06633214 1.02187e-07
1789866410.669 68.218 0.06638522 5.66249e-08
1789866410.679 68.286 0.06645971 6.51147e-08
1789866410.689 68.353 0.06651372 6.79447e-08
1789866410.699 68.421 0.06659100 7.24726e-08
1789866410.709 68.489 0.06663104 8.46414e-08
1789866410.719 68.556 0.06670646 6.73787e-08
1789866410.729 68.624 0.06678747 8.43584e-08
1789866410.739 68.691 0.06683961 1.05866e-07
1789866410.749 68.759 0.06689827 1.35015e-07
1789866410.759 68.826 0.06696811 1.89066e-07
1789866410.769 68.893 0.06703329 2.11423e-07
1789866410.779 68.960 0.06708357 3.10471e-07
1789866410.789 69.027 0.06713851 3.71315e-07
1789866410.799 69.094 0.06722417 3.95936e-07
1789866410.809 69.161 0.06726887 4.13764e-07
1789866410.819 69.228 0.06734336 4.12350e-07
1789866410.829 69.295 0.06740574 3.82352e-07
1789866410.839 69.362 0.06747465 3.39903e-07
1789866410.849 69.428 0.06754914 2.45383e-07
1789866410.859 69.495 0.06761246 1.99820e-07
1789866410.869 69.562 0.06765715 1.55956e-07
1789866410.879 69.628 0.06771302 1.51428e-07
1789866410.889 69.695 0.06779030 2.01801e-07
1789866410.899 69.761 0.06785921 5.32905e-07
1789866410.909 69.827 0.06792811 1.76110e-06
1789866410.919 69.894 0.06798770 3.61642e-06
1789866410.929 69.960 0.06805940 7.51977e-06
1789866410.939 70.026 0.06813203 1.23989e-05
1789866410.949 70.092 0.06819441 1.88656e-05
1789866410.959 70.158 0.06823073 2.51003e-05
1789866410.969 70.224 0.06829405 3.67529e-05
1789866410.979 70.290 0.06835085 5.61530e-05
1789866410.989 70.356 0.06840857 8.55794e-05
1789866410.999 70.421 0.06848120 1.14909e-04
1789866411.009 70.487 0.06853893 1.45713e-04
1789866411.019 70.553 0.06861994 1.75286e-04
1789866411.029 70.618 0.06868512 1.97717e-04
1789866411.039 70.684 0.06873727 1.95945e-04
1789866411.049 70.749 0.06877823 1.85813e-04
1789866411.059 70.815 0.06883876 1.61472e-04
1789866411.069 70.880 0.06891884 1.18706e-04
1789866411.079 70.945 0.06897377 8.11522e-05
1789866411.089 71.010 0.06905758 4.91404e-05
1789866411.099 71.076 0.06909575 2.43843e-05
1789866411.109 71.141 0.06915907 1.01018e-05
1789866411.119 71.206 0.06923915 6.52023e-06
1789866411.129 71.271 0.06930433 6.06149e-06
1789866411.139 71.336 0.06936858 4.24948e-06
1789866411.149 71.400 0.06941234 4.58115e-06
1789866411.159 71.465 0.06946728 4.38022e-06
1789866411.169 71.530 0.06952873 3.41181e-06
1789866411.179 71.595 0.06961719 3.13872e-06
1789866411.189 71.659 0.06966747 2.47170e-06
1789866411.199 71.724 0.06970565 1.86440e-06
1789866411.209 71.788 0.06978200 1.78714e-06
1789866411.219 71.853 0.06985928 1.37481e-06
1789866411.229 71.917 0.06992912 1.16200e-06
1789866411.239 71.981 0.06997102 1.01598e-06
1789866411.249 72.046 0.07002130 8.58916e-07
1789866411.259 72.110 0.07009672 7.93261e-07
1789866411.269 72.174 0.07014700 7.24493e-07
1789866411.278 72.238 0.07021497 6.37896e-07
1789866411.288 72.302 0.07029691 6.03371e-07
1789866411.298 72.366 0.07033882 5.21020e-07
1789866411.308 72.430 0.07040772 4.45743e-07
1789866411.318 72.494 0.07045707 3.63674e-07
1789866411.328 72.558 0.07051573 3.56599e-07
1789866411.338 72.622 0.07057998 3.20942e-07
1789866411.348 72.685 0.07063026 2.88398e-07
1789866411.358 72.749 0.07070662 2.99718e-07
1789866411.368 72.813 0.07076062 2.50193e-07
1789866411.378 72.876 0.07081742 2.43402e-07
1789866411.388 72.940 0.07088073 2.40855e-07
1789866411.398 73.003 0.07093940 1.99537e-07
1789866411.408 73.066 0.07097850 1.78313e-07
1789866411.418 73.130 0.07105393 1.54541e-07
1789866411.428 73.193 0.07111911 1.74351e-07
1789866411.438 73.256 0.07118335 1.50296e-07
1789866411.448 73.319 0.07125133 1.65578e-07
1789866411.458 73.382 0.07132023 1.56805e-07
1789866411.468 73.445 0.07136306 1.42372e-07
1789866411.478 73.508 0.07143010 1.81709e-07
1789866411.488 73.571 0.07149342 2.09442e-07
1789866411.498 73.634 0.07155581 2.51325e-07
1789866411.508 73.697 0.07160423 3.25187e-07
1789866411.518 73.760 0.07166010 3.38488e-07
1789866411.528 73.823 0.07172807 3.98483e-07
1789866411.538 73.885 0.07177463 3.19810e-07
1789866411.548 73.948 0.07183515 3.34809e-07
1789866411.558 74.010 0.07191430 3.00001e-07
1789866411.568 74.073 0.07196644 2.38308e-07
1789866411.578 74.135 0.07203162 2.13687e-07
1789866411.588 74.198 0.07209401 1.88218e-07
1789866411.598 74.260 0.07214242 2.05197e-07
1789866411.608 74.322 0.07219085 2.83021e-07
1789866411.618 74.385 0.07225044 3.26036e-07
1789866411.628 74.447 0.07231189 4.15179e-07
1789866411.638 74.509 0.07237428 4.96116e-07
1789866411.648 74.571 0.07244132 4.92720e-07
1789866411.658 74.633 0.07250277 4.41781e-07
1789866411.668 74.695 0.07255678 4.90173e-07
1789866411.678 74.757 0.07261078 4.48007e-07
1789866411.688 74.819 0.07266758 4.67817e-07
1789866411.698 74.881 0.07274207 5.17907e-07
1789866411.708 74.943 0.07280353 5.52149e-07
1789866411.718 75.004 0.07285288 5.50451e-07
1789866411.728 75.066 0.07291061 5.85542e-07
1789866411.738 75.128 0.07296927 5.79883e-07
1789866411.748 75.189 0.07301955 5.32056e-07
1789866411.758 75.251 0.07307356 4.90456e-07
1789866411.768 75.312 0.07313874 4.08671e-07
1789866411.778 75.374 0.07321137 3.17546e-07
1789866411.788 75.435 0.07325234 2.14253e-07
1789866411.798 75.496 0.07330821 1.59352e-07
1789866411.808 75.558 0.07338176 1.43504e-07
1789866411.818 75.619 0.07344415 1.26808e-07
1789866411.828 75.680 0.07348419 1.65578e-07
1789866411.838 75.741 0.07355309 2.06895e-07
1789866411.848 75.802 0.07359779 2.47080e-07
1789866411.858 75.863 0.07366297 3.89710e-07
1789866411.868 75.924 0.07374398 4.88475e-07
1789866411.878 75.985 0.07380264 6.64498e-07
1789866411.888 76.046 0.07383988 8.85234e-07
1789866411.898 76.107 0.07389016 1.17842e-06
1789866411.908 76.168 0.07395627 1.68809e-06
1789866411.918 76.228 0.07399724 2.50708e-06
1789866411.928 76.289 0.07407732 3.55841e-06
1789866411.938 76.350 0.07413412 4.50332e-06
1789866411.948 76.410 0.07417323 5.00253e-06
1789866411.958 76.471 0.07421792 5.31495e-06
1789866411.968 76.531 0.07429893 5.41032e-06
1789866411.978 76.592 0.07436039 5.03932e-06
1789866411.988 76.652 0.07440415 4.40994e-06
1789866411.998 76.713 0.07449167 3.49105e-06
1789866412.008 76.773 0.07452892 2.54783e-06
1789866412.018 76.833 0.07458944 1.60829e-06
1789866412.028 76.893 0.07463973 8.83253e-07
1789866412.038 76.954 0.07468721 4.38951e-07
1789866412.048 77.014 0.07475146 2.95756e-07
1789866412.058 77.074 0.07481478 2.49344e-07
1789866412.068 77.134 0.07488648 2.06046e-07
1789866412.078 77.194 0.07493955 2.14253e-07
1789866412.088 77.254 0.07499449 2.12272e-07
1789866412.098 77.314 0.07502987 2.18498e-07
1789866412.108 77.374 0.07510157 2.54155e-07
1789866412.118 77.433 0.07516675 2.28969e-07
1789866412.128 77.493 0.07521982 2.47930e-07
1789866412.138 77.553 0.07525055 2.26139e-07
1789866412.148 77.612 0.07532411 2.28686e-07
1789866412.158 77.672 0.07539767 2.24441e-07
1789866412.168 77.732 0.07542281 1.74634e-07
1789866412.178 77.791 0.07549730 1.61333e-07
1789866412.188 77.851 0.07556714 1.15488e-07
1789866412.198 77.910 0.07560252 6.82277e-08
1789866412.208 77.969 0.07563883 6.96426e-08
1789866412.218 78.029 0.07568911 3.22873e-08
1789866412.228 78.088 0.07575057 4.87010e-08
1789866412.238 78.147 0.07582040 3.87962e-08
1789866412.248 78.207 0.07588745 3.08723e-08
1789866412.258 78.266 0.07593679 4.70030e-08
1789866412.268 78.325 0.07600384 2.06845e-08
1789866412.278 78.384 0.07605505 2.57784e-08
1789866412.288 78.443 0.07609509 1.44586e-08
1789866412.298 78.502 0.07614537 8.51574e-09
1789866412.308 78.561 0.07621521 2.32315e-08
1789866412.318 78.620 0.07630087 2.01185e-08
1789866412.328 78.679 0.07634370 4.27581e-08
1789866412.338 78.737 0.07638188 4.75690e-08
1789866412.348 78.796 0.07643775 5.66249e-08
1789866412.358 78.855 0.07648896 1.12375e-07
1789866412.368 78.913 0.07654017 1.55390e-07
1789866412.378 78.972 0.07661932 2.19913e-07
1789866412.388 79.031 0.07668357 2.70286e-07
1789866412.398 79.089 0.07671336 3.20659e-07
1789866412.408 79.148 0.07677202 3.22923e-07
1789866412.418 79.206 0.07683161 2.84719e-07
1789866412.428 79.265 0.07689400 2.88681e-07
1789866412.438 79.323 0.07694708 2.58400e-07
1789866412.448 79.381 0.07701226 2.34629e-07
1789866412.458 79.440 0.07705137 1.81709e-07
1789866412.468 79.498 0.07712213 1.12092e-07
1789866412.478 79.556 0.07716496 7.81325e-08
1789866412.488 79.614 0.07721431 5.20970e-08
1789866412.498 79.672 0.07729625 4.04942e-08
1789866412.508 79.730 0.07735491 5.18140e-08
1789866412.518 79.788 0.07740054 2.69104e-08
1789866412.528 79.846 0.07744151 5.32289e-08
1789866412.538 79.904 0.07750576 3.96452e-08
1789866412.548 79.962 0.07755883 4.50221e-08
1789866412.558 80.020 0.07760539 4.41731e-08
1789866412.568 80.078 0.07764636 2.71934e-08
1789866412.578 80.136 0.07772644 4.21921e-08
1789866412.588 80.193 0.07778975 2.80424e-08
1789866412.598 80.251 0.07784376 2.86084e-08
1789866412.608 80.309 0.07788380 3.45513e-08
1789866412.618 80.366 0.07794619 1.55906e-08
1789866412.628 80.424 0.07801788 3.45513e-08
1789866412.638 80.481 0.07807282 2.49294e-08
1789866412.648 80.539 0.07811099 2.43635e-08
1789866412.658 80.596 0.07818269 3.73812e-08
1789866412.668 80.654 0.07821342 2.60614e-08
1789866412.678 80.711 0.07826184 8.12454e-08
1789866412.688 80.769 0.07832609 1.85388e-07
1789866412.698 80.826 0.07838661 4.31027e-07
1789866412.708 80.883 0.07843875 8.64009e-07
1789866412.718 80.940 0.07848811 1.66885e-06
1789866412.728 80.997 0.07852349 2.66386e-06
1789866412.738 81.055 0.07857004 3.85725e-06
1789866412.748 81.112 0.07862871 5.70747e-06
1789866412.758 81.169 0.07868085 7.80842e-06
1789866412.768 81.226 0.07873951 1.06590e-05
1789866412.778 81.283 0.07880003 1.42205e-05
1789866412.788 81.340 0.07885683 1.90561e-05
1789866412.798 81.396 0.07892573 2.57333e-05
1789866412.808 81.453 0.07897323 3.39971e-05
1789866412.818 81.510 0.07903003 4.68680e-05
1789866412.828 81.567 0.07907286 6.43539e-05
1789866412.837 81.624 0.07912779 9.42563e-05
1789866412.848 81.680 0.07918366 1.20968e-04
1789866412.858 81.737 0.07924605 1.47826e-04
1789866412.868 81.794 0.07930098 1.66760e-04
1789866412.877 81.850 0.07935686 1.76454e-04
1789866412.887 81.907 0.07940062 1.82041e-04
1789866412.897 81.963 0.07946393 1.73845e-04
1789866412.907 82.020 0.07951608 1.64520e-04
1789866412.917 82.076 0.07955705 1.44718e-04
1789866412.927 82.132 0.07960267 1.17713e-04
1789866412.937 82.189 0.07968927 8.51841e-05
1789866412.947 82.245 0.07974327 5.51911e-05
1789866412.957 82.301 0.07977028 3.20209e-05
1789866412.967 82.357 0.07984011 1.77348e-05
1789866412.977 82.414 0.07989412 1.08119e-05
1789866412.987 82.470 0.07994812 8.74372e-06
1789866412.997 82.526 0.07999468 6.36996e-06
1789866413.007 82.582 0.08004776 5.27901e-06
1789866413.017 82.638 0.08009710 4.12949e-06
1789866413.027 82.694 0.08015391 3.63764e-06
1789866413.037 82.750 0.08021443 2.98279e-06
1789866413.047 82.806 0.08026005 2.45755e-06
1789866413.057 82.862 0.08030102 2.18531e-06
1789866413.067 82.918 0.08036155 1.80836e-06
1789866413.077 82.973 0.08040531 1.62696e-06
1789866413.087 83.029 0.08046862 1.41019e-06
1789866413.097 83.085 0.08051053 1.12606e-06
1789866413.107 83.140 0.08055988 1.05333e-06
1789866413.117 83.196 0.08062692 8.98535e-07
1789866413.127 83.252 0.08068372 8.15900e-07
1789866413.137 83.307 0.08073959 6.93930e-07
1789866413.147 83.363 0.08078149 6.48084e-07
1789866413.157 83.418 0.08083177 6.07333e-07
1789866413.167 83.474 0.08088298 5.49036e-07
1789866413.177 83.529 0.08095002 5.24416e-07
1789866413.187 83.585 0.08100030 4.51403e-07
1789866413.197 83.640 0.08104872 4.33008e-07
1789866413.207 83.695 0.08111669 4.08954e-07
1789866413.217 83.751 0.08117629 3.58014e-07
1789866413.227 83.806 0.08121819 3.52355e-07
1789866413.237 83.861 0.08127685 3.17263e-07
1789866413.247 83.916 0.08132341 2.87266e-07
1789866413.257 83.971 0.08137183 2.77361e-07
1789866413.267 84.026 0.08143514 2.64626e-07
1789866413.277 84.082 0.08147425 2.38308e-07
1789866413.287 84.137 0.08152267 2.22743e-07
1789866413.297 84.192 0.08156364 2.24441e-07
1789866413.307 84.247 0.08164186 2.26422e-07
1789866413.317 84.301 0.08167444 2.13404e-07
1789866413.327 84.356 0.08171635 2.13970e-07
1789866413.337 84.411 0.08176290 1.81426e-07
1789866413.347 84.466 0.08182808 1.80294e-07
1789866413.357 84.521 0.08188860 1.59352e-07
1789866413.367 84.576 0.08192399 1.38693e-07
1789866413.377 84.630 0.08199103 1.44353e-07
1789866413.387 84.685 0.08204690 1.28223e-07
1789866413.397 84.740 0.08207949 1.31336e-07
1789866413.407 84.794 0.08212884 1.35015e-07
1789866413.417 84.849 0.08218750 1.10960e-07
1789866413.427 84.903 0.08225454 1.27657e-07
1789866413.437 84.958 0.08230669 1.10394e-07
1789866413.447 85.012 0.08235045 1.05300e-07
1789866413.457 85.067 0.08241097 1.01055e-07
1789866413.467 85.121 0.08247243 7.61515e-08
1789866413.477 85.175 0.08251247 9.22822e-08
1789866413.487 85.230 0.08254505 6.39828e-08
1789866413.497 85.284 0.08260930 7.02086e-08
1789866413.507 85.338 0.08264841 7.16236e-08
1789866413.517 85.392 0.08271266 5.23800e-08
1789866413.527 85.447 0.08278715 7.81325e-08
1789866413.537 85.501 0.08282719 5.88888e-08
1789866413.547 85.555 0.08287002 6.76617e-08
1789866413.557 85.609 0.08292310 6.76617e-08
1789866413.567 85.663 0.08294638 4.95500e-08
1789866413.577 85.717 0.08299387 6.17188e-08
1789866413.587 85.771 0.08307580 4.92670e-08
1789866413.597 85.825 0.08312050 5.37949e-08
1789866413.607 85.879 0.08317823 6.14358e-08
1789866413.617 85.933 0.08323503 5.01160e-08
1789866413.627 85.987 0.08328438 6.65297e-08
1789866413.637 86.040 0.08334211 5.49269e-08
1789866413.647 86.094 0.08338960 6.56807e-08
1789866413.657 86.148 0.08342684 7.50196e-08
1789866413.667 86.202 0.08348643 6.82277e-08
1789866413.677 86.255 0.08353299 9.45462e-08
1789866413.687 86.309 0.08357955 9.56782e-08
1789866413.697 86.363 0.08361214 1.21431e-07
1789866413.707 86.416 0.08367173 1.58220e-07
1789866413.717 86.470 0.08373784 1.81143e-07
1789866413.727 86.523 0.08378440 2.40572e-07
1789866413.737 86.577 0.08384213 2.87549e-07
1789866413.747 86.630 0.08389520 3.88295e-07
1789866413.757 86.684 0.08393152 5.08285e-07
1789866413.767 86.737 0.08399297 6.26577e-07
1789866413.777 86.790 0.08404511 8.02034e-07
1789866413.787 86.844 0.08410005 9.12402e-07
1789866413.797 86.897 0.08414195 1.01145e-06
1789866413.807 86.950 0.08418758 1.04796e-06
1789866413.817 87.003 0.08421831 1.01909e-06
1789866413.827 87.056 0.08428535 1.00239e-06
1789866413.837 87.110 0.08436170 9.30230e-07
1789866413.847 87.163 0.08440360 8.26088e-07
1789866413.857 87.216 0.08444923 7.35813e-07
1789866413.867 87.269 0.08448275 5.62903e-07
1789866413.877 87.322 0.08452930 4.26782e-07
1789866413.887 87.375 0.08459076 2.69437e-07
1789866413.897 87.428 0.08464942 1.87935e-07
1789866413.907 87.481 0.08469691 1.40391e-07
1789866413.917 87.534 0.08473601 8.29434e-08
1789866413.927 87.587 0.08478723 8.32264e-08
1789866413.937 87.639 0.08483378 5.86059e-08
1789866413.947 87.692 0.08489245 5.74739e-08
1789866413.957 87.745 0.08494086 5.52099e-08
1789866413.967 87.798 0.08499022 3.62492e-08
1789866413.977 87.850 0.08502932 4.87010e-08
1789866413.987 87.903 0.08509357 2.94574e-08
1789866413.997 87.956 0.08512989 3.54003e-08
1789866414.007 88.008 0.08518017 3.90792e-08
1789866414.017 88.061 0.08524255 1.87036e-08
1789866414.027 88.113 0.08529935 3.48343e-08
1789866414.037 88.166 0.08531983 2.04015e-08
1789866414.047 88.218 0.08539340 2.66274e-08
1789866414.057 88.271 0.08544647 3.14383e-08
1789866414.067 88.323 0.08549396 1.61566e-08
1789866414.077 88.376 0.08554890 3.34193e-08
1789866414.087 88.428 0.08558707 2.01185e-08
1789866414.097 88.480 0.08566063 3.03063e-08
1789866414.107 88.533 0.08570346 3.73812e-08
1789866414.117 88.585 0.08575561 2.32315e-08
1789866414.127 88.637 0.08578634 4.27581e-08
1789866414.137 88.689 0.08582917 2.69104e-08
1789866414.147 88.741 0.08589528 3.79472e-08
1789866414.157 88.794 0.08594928 4.13432e-08
1789866414.167 88.846 0.08599957 2.12505e-08
1789866414.177 88.898 0.08603867 3.96452e-08
1789866414.187 88.950 0.08608523 2.32315e-08
1789866414.197 89.002 0.08613551 2.86084e-08
1789866414.207 89.054 0.08618579 3.39853e-08
1789866414.217 89.106 0.08624166 1.47416e-08
1789866414.227 89.158 0.08627890 3.03063e-08
1789866414.237 89.210 0.08632919 1.30437e-08
1789866414.247 89.261 0.08639343 2.15335e-08
1789866414.257 89.313 0.08646886 2.66274e-08
1789866414.267 89.365 0.08648934 1.02137e-08
1789866414.277 89.417 0.08652845 2.74764e-08
1789866414.287 89.469 0.08657966 1.24777e-08
1789866414.297 89.520 0.08664298 1.95525e-08
1789866414.307 89.572 0.08667743 2.63444e-08
1789866414.317 89.624 0.08670350 1.10627e-08
1789866414.327 89.675 0.08676217 2.69104e-08
1789866414.337 89.727 0.08681803 1.36097e-08
1789866414.347 89.779 0.08686552 1.98355e-08
1789866414.357 89.830 0.08691301 2.63444e-08
1789866414.367 89.882 0.08697074 9.64772e-09
1789866414.377 89.933 0.08702940 2.57784e-08
1789866414.387 89.984 0.08708620 1.30437e-08
1789866414.397 90.036 0.08712438 1.87036e-08
1789866414.407 90.087 0.08716255 2.69104e-08
1789866414.417 90.139 0.08722028 9.93071e-09
1789866414.427 90.190 0.08725939 2.77594e-08
1789866414.437 90.241 0.08732457 1.30437e-08
1789866414.447 90.293 0.08737392 1.95525e-08
1789866414.457 90.344 0.08739999 2.74764e-08
1789866414.467 90.395 0.08746517 1.07797e-08
1789866414.477 90.446 0.08750893 2.86084e-08
1789866414.487 90.497 0.08756201 1.44586e-08
1789866414.497 90.549 0.08763371 2.26655e-08
1789866414.507 90.600 0.08766071 2.66274e-08
1789866414.517 90.651 0.08769888 1.07797e-08
1789866414.527 90.702 0.08776779 3.05893e-08
1789866414.537 90.753 0.08781621 1.44586e-08
1789866414.547 90.804 0.08785346 2.09675e-08
1789866414.557 90.855 0.08790467 2.49294e-08
1789866414.567 90.906 0.08794750 9.64772e-09
1789866414.577 90.957 0.08799033 2.86084e-08
1789866414.587 91.007 0.08802199 1.24777e-08
1789866414.597 91.058 0.08807413 2.06845e-08
1789866414.607 91.109 0.08813652 2.60614e-08
1789866414.617 91.160 0.08818028 1.19117e-08
1789866414.627 91.211 0.08824267 3.37023e-08
1789866414.636 91.261 0.08828457 2.18165e-08
1789866414.646 91.312 0.08832740 3.34193e-08
1789866414.656 91.363 0.08836278 4.30411e-08
1789866414.666 91.413 0.08842517 3.17213e-08
1789866414.676 91.464 0.08849500 5.97378e-08
1789866414.686 91.515 0.08854436 5.23800e-08
1789866414.696 91.565 0.08858346 7.04916e-08
1789866414.706 91.616 0.08862164 7.53026e-08
1789866414.716 91.666 0.08867844 6.73787e-08
1789866414.726 91.717 0.08873058 8.71883e-08
1789866414.736 91.767 0.08877807 6.87937e-08
1789866414.746 91.817 0.08882369 7.98305e-08
1789866414.756 91.868 0.08885908 8.03965e-08
1789866414.766 91.918 0.08890005 6.51147e-08
1789866414.776 91.969 0.08892984 8.35094e-08
1789866414.786 92.019 0.08899409 6.39828e-08
1789866414.796 92.069 0.08905275 6.90767e-08
1789866414.806 92.119 0.08909466 6.42657e-08
1789866414.816 92.170 0.08913469 4.58711e-08
1789866414.826 92.220 0.08918218 6.73787e-08
1789866414.836 92.270 0.08924084 4.07772e-08
1789866414.846 92.320 0.08928275 5.37949e-08
1789866414.856 92.370 0.08931999 5.63419e-08
1789866414.866 92.420 0.08937399 4.27581e-08
1789866414.876 92.470 0.08941683 5.91718e-08
1789866414.886 92.521 0.08948107 4.02112e-08
1789866414.896 92.571 0.08951646 4.50221e-08
1789866414.906 92.621 0.08955277 4.70030e-08
1789866414.916 92.670 0.08960771 3.25703e-08
1789866414.926 92.720 0.08965427 5.35119e-08
1789866414.936 92.770 0.08970175 3.73812e-08
1789866414.946 92.820 0.08976135 5.01160e-08
1789866414.956 92.870 0.08980697 6.28508e-08
1789866414.966 92.920 0.08985539 6.05868e-08
1789866414.976 92.970 0.08990288 8.60564e-08
1789866414.986 93.019 0.08993547 7.95475e-08
1789866414.996 93.069 0.09000437 1.03885e-07
1789866415.006 93.119 0.09006024 1.20582e-07
1789866415.016 93.169 0.09010121 1.26242e-07
1789866415.026 93.218 0.09015149 1.67842e-07
1789866415.036 93.268 0.09019712 1.80294e-07
1789866415.046 93.317 0.09023436 2.31799e-07
1789866415.056 93.367 0.09027719 3.11320e-07
1789866415.066 93.417 0.09032748 3.72164e-07
1789866415.076 93.466 0.09037869 5.30641e-07
1789866415.086 93.516 0.09044108 6.40726e-07
1789866415.096 93.565 0.09048856 8.07127e-07
1789866415.106 93.615 0.09052767 1.12606e-06
1789866415.116 93.664 0.09055374 1.32614e-06
1789866415.126 93.713 0.09060030 1.65951e-06
1789866415.136 93.763 0.09063755 2.12645e-06
1789866415.146 93.812 0.09069993 2.56764e-06
1789866415.156 93.861 0.09076045 3.13618e-06
1789866415.166 93.911 0.09079211 3.49699e-06
1789866415.176 93.960 0.09083960 3.85979e-06
1789866415.186 94.009 0.09088336 4.18156e-06
1789866415.196 94.059 0.09093364 4.24212e-06
1789866415.206 94.108 0.09097741 4.22203e-06
1789866415.216 94.157 0.09101838 4.11053e-06
1789866415.226 94.206 0.09108170 3.97950e-06
1789866415.236 94.255 0.09112173 3.70556e-06
1789866415.246 94.304 0.09116457 3.39427e-06
1789866415.256 94.353 0.09121857 3.01081e-06
1789866415.266 94.402 0.09127258 2.49095e-06
1789866415.276 94.451 0.09130703 2.03476e-06
1789866415.286 94.500 0.09137221 1.54631e-06
1789866415.296 94.549 0.09141039 1.16880e-06
1789866415.306 94.598 0.09145601 9.75792e-07
1789866415.316 94.647 0.09150164 8.09109e-07
1789866415.326 94.696 0.09154726 6.17804e-07
1789866415.336 94.745 0.09160127 4.96965e-07
1789866415.346 94.794 0.09164503 4.08954e-07
1789866415.356 94.843 0.09168228 3.70749e-07
1789866415.366 94.891 0.09172046 2.68305e-07
1789866415.376 94.940 0.09174653 2.47364e-07
1789866415.386 94.989 0.09181450 1.85671e-07
1789866415.396 95.038 0.09188061 1.63031e-07
1789866415.406 95.086 0.09192716 1.43221e-07
1789866415.416 95.135 0.09196907 1.11243e-07
1789866415.426 95.184 0.09204262 1.18601e-07
1789866415.436 95.232 0.09207056 8.29434e-08
1789866415.446 95.281 0.09209943 8.23774e-08
1789866415.456 95.329 0.09215250 8.15284e-08
1789866415.466 95.378 0.09220371 5.43609e-08
1789866415.476 95.426 0.09224096 6.42657e-08
1789866415.486 95.475 0.09229217 3.79472e-08
1789866415.496 95.523 0.09235362 4.24751e-08
1789866415.506 95.572 0.09237597 4.36071e-08
1789866415.516 95.620 0.09242067 2.63444e-08
1789866415.526 95.669 0.09246536 3.93622e-08
1789866415.536 95.717 0.09250168 1.92695e-08
1789866415.546 95.765 0.09255382 2.35145e-08
1789866415.556 95.814 0.09259292 2.37975e-08
1789866415.566 95.862 0.09264879 7.38376e-09
1789866415.576 95.910 0.09269722 2.20995e-08
1789866415.586 95.958 0.09274563 1.44086e-09
1789866415.596 96.007 0.09278846 7.94975e-09
1789866415.606 96.055 0.09282757 7.38376e-09
1789866415.616 96.103 0.09287227 -9.02995e-09
1789866415.626 96.151 0.09292534 6.25178e-09
1789866415.636 96.199 0.09294862 -1.46898e-08
1789866415.646 96.247 0.09302590 -7.89797e-09
1789866415.656 96.295 0.09308177 -9.87893e-09
1789866415.666 96.344 0.09312367 -2.45947e-08
1789866415.676 96.392 0.09318047 -1.15769e-08
1789866415.686 96.440 0.09319630 -3.25185e-08
1789866415.696 96.488 0.09321399 -2.65756e-08
1789866415.706 96.535 0.09327638 -2.88396e-08
1789866415.716 96.583 0.09333970 -4.61022e-08
1789866415.726 96.631 0.09339836 -3.30845e-08
1789866415.736 96.679 0.09343933 -5.45921e-08
1789866415.746 96.727 0.09349240 -4.72342e-08
1789866415.756 96.775 0.09352685 -5.14791e-08
1789866415.766 96.823 0.09354734 -6.44969e-08
1789866415.776 96.871 0.09360042 -5.31771e-08
1789866415.786 96.918 0.09362649 -7.07227e-08
1789866415.796 96.966 0.09367304 -6.30819e-08
1789866415.806 97.014 0.09374940 -6.47799e-08
1789866415.816 97.061 0.09378664 -7.49677e-08
1789866415.826 97.109 0.09384158 -5.88370e-08
1789866415.836 97.157 0.09387696 -7.38357e-08
1789866415.846 97.204 0.09391328 -5.91200e-08
1789866415.856 97.252 0.09396169 -5.45921e-08
1789866415.866 97.300 0.09401197 -6.11009e-08
1789866415.876 97.347 0.09405853 -4.10083e-08
1789866415.886 97.395 0.09411719 -5.91200e-08
1789866415.896 97.442 0.09415723 -4.18573e-08
1789866415.906 97.490 0.09419541 -3.53484e-08
1789866415.916 97.537 0.09422241 -4.78002e-08
1789866415.926 97.585 0.09428666 -2.23307e-08
1789866415.936 97.632 0.09432670 -3.44995e-08
1789866415.946 97.679 0.09435650 -1.72368e-08
1789866415.956 97.727 0.09442912 -4.50203e-09
1789866415.966 97.774 0.09447103 -9.31294e-09
1789866415.976 97.821 0.09450175 1.27607e-08
1789866415.986 97.869 0.09454551 1.44086e-09
1789866415.996 97.916 0.09461256 1.27607e-08
1789866416.006 97.963 0.09463397 1.70056e-08
1789866416.016 98.011 0.09469543 7.38376e-09
1789866416.026 98.058 0.09474664 2.49294e-08
1789866416.036 98.105 0.09478575 9.64772e-09
1789866416.046 98.152 0.09483137 1.84206e-08
1789866416.056 98.199 0.09486676 1.89865e-08
1789866416.066 98.246 0.09490587 7.38376e-09
1789866416.076 98.293 0.09498501 2.35145e-08
1789866416.086 98.341 0.09503157 7.66675e-09
1789866416.096 98.388 0.09504833 1.64396e-08
1789866416.106 98.435 0.09510047 1.70056e-08
1789866416.116 98.482 0.09514331 5.40279e-09
1789866416.126 98.529 0.09518520 2.23825e-08
1789866416.136 98.576 0.09522990 7.66675e-09
1789866416.146 98.623 0.09526621 1.64396e-08
1789866416.156 98.669 0.09533139 1.55906e-08
1789866416.166 98.716 0.09535933 6.25178e-09
1789866416.176 98.763 0.09541613 2.26655e-08
1789866416.186 98.810 0.09544778 8.23274e-09
1789866416.196 98.857 0.09550924 1.75716e-08
1789866416.206 98.904 0.09553810 2.18165e-08
1789866416.216 98.950 0.09559025 1.44586e-08
1789866416.226 98.997 0.09563960 4.10602e-08
1789866416.236 99.044 0.09566567 3.70982e-08
1789866416.246 99.091 0.09569733 6.42657e-08
1789866416.256 99.137 0.09575692 9.31312e-08
1789866416.266 99.184 0.09580720 1.37844e-07
1789866416.276 99.231 0.09585003 2.50193e-07
1789866416.286 99.277 0.09590684 3.51506e-07
1789866416.296 99.324 0.09594222 4.95833e-07
1789866416.306 99.371 0.09596456 6.75535e-07
1789866416.316 99.417 0.09601299 8.73914e-07
1789866416.326 99.464 0.09606140 1.09097e-06
1789866416.336 99.510 0.09612379 1.29473e-06
1789866416.346 99.557 0.09615452 1.60404e-06
1789866416.356 99.603 0.09620573 1.95665e-06
1789866416.366 99.650 0.09623739 2.27021e-06
1789866416.375 99.696 0.09629884 2.80083e-06
1789866416.385 99.742 0.09634633 3.35663e-06
1789866416.395 99.789 0.09639661 4.11789e-06
1789866416.405 99.835 0.09644130 4.87886e-06
1789866416.415 99.882 0.09648693 7.45892e-06
1789866416.425 99.928 0.09650276 9.09011e-06
1789866416.435 99.974 0.09655025 1.11447e-05
1789866416.445 100.021 0.09660146 1.37776e-05
1789866416.455 100.067 0.09664708 1.87767e-05
1789866416.465 100.113 0.09667875 2.68953e-05
1789866416.475 100.159 0.09672623 3.71519e-05
1789866416.485 100.205 0.09675323 4.64647e-05
1789866416.495 100.252 0.09681748 5.60789e-05
1789866416.505 100.298 0.09685193 6.32749e-05
1789866416.515 100.344 0.09689476 7.76145e-05
1789866416.525 100.390 0.09694226 8.72295e-05
1789866416.535 100.436 0.09700185 9.49488e-05
1789866416.545 100.482 0.09700837 1.06681e-04
1789866416.555 100.528 0.09706610 1.11957e-04
1789866416.565 100.574 0.09713407 1.20754e-04
1789866416.575 100.620 0.09717876 1.23449e-04
1789866416.585 100.666 0.09722718 1.22314e-04
1789866416.595 100.712 0.09726629 1.22110e-04
1789866416.605 100.758 0.09730633 1.19785e-04
1789866416.615 100.804 0.09734544 1.11060e-04
1789866416.625 100.850 0.09737896 1.04830e-04
1789866416.635 100.896 0.09743110 9.38530e-05
1789866416.645 100.942 0.09747580 8.75748e-05
1789866416.655 100.988 0.09750838 8.00675e-05
1789866416.665 101.033 0.09756053 6.56868e-05
1789866416.675 101.079 0.09762012 5.72041e-05
1789866416.685 101.125 0.09766202 4.92109e-05
1789866416.695 101.171 0.09769368 4.01298e-05
1789866416.705 101.217 0.09772999 3.52850e-05
1789866416.715 101.262 0.09777004 2.96287e-05
1789866416.725 101.308 0.09781845 2.63188e-05
1789866416.735 101.354 0.09787525 2.25530e-05
1789866416.745 101.399 0.09789481 1.90020e-05
1789866416.755 101.445 0.09795160 1.53664e-05
1789866416.765 101.490 0.09796836 1.30900e-05
1789866416.775 101.536 0.09803261 1.15680e-05
1789866416.785 101.582 0.09809407 1.01536e-05
1789866416.795 101.627 0.09813969 7.80220e-06
1789866416.805 101.673 0.09818346 6.68437e-06
1789866416.815 101.718 0.09820487 5.89368e-06
1789866416.825 101.764 0.09825609 5.04922e-06
1789866416.835 101.809 0.09827936 4.58879e-06
1789866416.845 101.855 0.09831474 3.87168e-06
1789866416.855 101.900 0.09837062 3.32692e-06
1789866416.865 101.946 0.09843673 2.99779e-06
1789866416.875 101.991 0.09848235 2.58462e-06
1789866416.885 102.036 0.09851587 2.37181e-06
1789866416.895 102.082 0.09855777 1.75884e-06
1789866416.905 102.127 0.09858291 1.61621e-06
1789866416.915 102.172 0.09863971 1.48433e-06
1789866416.925 102.218 0.09870024 1.28171e-06
1789866416.935 102.263 0.09872817 1.20106e-06
1789866416.945 102.308 0.09875890 9.37022e-07
1789866416.955 102.353 0.09881290 7.95242e-07
1789866416.965 102.399 0.09885294 7.94110e-07
1789866416.975 102.444 0.09888181 7.63829e-07
1789866416.985 102.489 0.09894326 7.07796e-07
1789866416.995 102.534 0.09897119 6.07616e-07
1789866417.005 102.579 0.09901962 5.51300e-07
1789866417.015 102.624 0.09905779 4.56497e-07
1789866417.025 102.669 0.09912018 4.81117e-07
1789866417.035 102.714 0.09916208 4.18858e-07
1789866417.045 102.759 0.09918536 3.69617e-07
1789866417.055 102.805 0.09924030 3.63674e-07
1789866417.065 102.850 0.09928964 3.33111e-07
1789866417.075 102.895 0.09930175 3.32828e-07
1789866417.085 102.939 0.09934272 3.18112e-07
1789866417.095 102.984 0.09940603 2.90096e-07
1789866417.105 103.029 0.09945725 2.72267e-07
1789866417.115 103.074 0.09951125 2.47080e-07
1789866417.125 103.119 0.09953640 2.62362e-07
1789866417.135 103.164 0.09957364 2.24441e-07
1789866417.145 103.209 0.09962951 2.30384e-07
1789866417.155 103.254 0.09967514 2.14536e-07
1789866417.165 103.299 0.09971517 1.93028e-07
1789866417.175 103.343 0.09975708 2.15102e-07
1789866417.185 103.388 0.09979804 1.96141e-07
1789866417.195 103.433 0.09982970 1.89633e-07
1789866417.205 103.478 0.09987626 1.89916e-07
1789866417.215 103.522 0.09992561 1.70955e-07
1789866417.225 103.567 0.09995634 1.71238e-07
1789866417.235 103.612 0.09999545 1.49447e-07
1789866417.245 103.656 0.10003083 1.50013e-07
1789866417.255 103.701 0.10008856 1.36996e-07
1789866417.265 103.746 0.10013884 1.01621e-07
1789866417.275 103.790 0.10017049 1.08130e-07
1789866417.285 103.835 0.10020030 7.70005e-08
1789866417.295 103.879 0.10023754 7.41706e-08
1789866417.305 103.924 0.10028596 5.83228e-08
1789866417.315 103.968 0.10035672 2.69104e-08
1789866417.325 104.013 0.10038186 2.66274e-08
1789866417.335 104.057 0.10041817 1.15787e-09
1789866417.345 104.102 0.10047312 4.83680e-09
1789866417.355 104.146 0.10051409 -8.18096e-09
1789866417.365 104.191 0.10054481 -2.37457e-08
1789866417.375 104.235 0.10057554 -1.07279e-08
1789866417.385 104.280 0.10062582 -2.79906e-08
1789866417.395 104.324 0.10068635 -1.72368e-08
1789866417.405 104.368 0.10072545 -1.80858e-08
1789866417.415 104.413 0.10076084 -2.82736e-08
1789866417.425 104.457 0.10082974 -5.63401e-09
1789866417.435 104.501 0.10087910 -2.40287e-08
1789866417.445 104.546 0.10090703 1.72386e-09
1789866417.455 104.590 0.10093962 -2.80406e-09
1789866417.465 104.634 0.10097965 -7.89797e-09
1789866417.475 104.678 0.10101224 1.58736e-08
1789866417.485 104.723 0.10103552 3.42183e-09
1789866417.495 104.767 0.10107090 1.98355e-08
1789866417.505 104.811 0.10114447 1.84206e-08
1789866417.515 104.855 0.10114912 1.07797e-08
1789866417.525 104.899 0.10119381 2.66274e-08
1789866417.535 104.943 0.10128134 1.04967e-08
1789866417.545 104.987 0.10132138 2.18165e-08
1789866417.555 105.031 0.10134745 2.35145e-08
1789866417.565 105.076 0.10138004 9.93071e-09
1789866417.575 105.120 0.10142660 2.54954e-08
1789866417.585 105.164 0.10147595 1.21947e-08
1789866417.595 105.208 0.10150853 2.20995e-08
1789866417.605 105.252 0.10156627 1.84206e-08
1789866417.615 105.296 0.10159141 1.10627e-08
1789866417.625 105.339 0.10163797 2.69104e-08
1789866417.635 105.383 0.10168080 1.27607e-08
1789866417.645 105.427 0.10170593 2.46464e-08
1789866417.655 105.471 0.10175714 1.53076e-08
1789866417.665 105.515 0.10180185 1.13457e-08
1789866417.675 105.559 0.10183444 2.63444e-08
1789866417.685 105.603 0.10186982 1.02137e-08
1789866417.695 105.647 0.10191730 2.29485e-08
1789866417.705 105.690 0.10195268 1.64396e-08
1789866417.715 105.734 0.10199180 1.04967e-08
1789866417.725 105.778 0.10203742 3.03063e-08
1789866417.735 105.822 0.10209701 1.38926e-08
1789866417.745 105.865 0.10213239 3.14383e-08
1789866417.755 105.909 0.10217150 2.52124e-08
1789866417.765 105.953 0.10224414 2.46464e-08
1789866417.775 105.996 0.10227952 4.41731e-08
1789866417.785 106.040 0.10230652 3.25703e-08
1789866417.795 106.084 0.10235773 5.43609e-08
1789866417.805 106.127 0.10239497 4.81350e-08
1789866417.815 106.171 0.10243688 6.00208e-08
1789866417.825 106.215 0.10247133 8.35094e-08
1789866417.835 106.258 0.10250113 8.60564e-08
1789866417.845 106.302 0.10253651 1.06715e-07
1789866417.855 106.345 0.10259610 1.14073e-07
1789866417.865 106.389 0.10264546 1.35015e-07
1789866417.875 106.432 0.10267618 1.54541e-07
1789866417.885 106.476 0.10270598 1.59918e-07
1789866417.895 106.519 0.10273763 1.81426e-07
1789866417.905 106.563 0.10280747 1.89916e-07
1789866417.915 106.606 0.10284379 1.97839e-07
1789866417.925 106.649 0.10286055 2.28120e-07
1789866417.935 106.693 0.10292014 2.25007e-07
1789866417.945 106.736 0.10295180 2.50193e-07
1789866417.955 106.780 0.10301139 2.51891e-07
1789866417.965 106.823 0.10304211 2.40855e-07
1789866417.975 106.866 0.10309426 2.59815e-07
1789866417.985 106.910 0.10314268 2.39440e-07
1789866417.995 106.953 0.10317992 2.40572e-07
1789866418.005 106.996 0.10321903 2.32365e-07
1789866418.015 107.039 0.10324044 2.09725e-07
1789866418.025 107.083 0.10329725 2.19913e-07
1789866418.035 107.126 0.10335870 1.96141e-07
1789866418.045 107.169 0.10337546 1.89066e-07
1789866418.055 107.212 0.10340805 1.74917e-07
1789866418.065 107.255 0.10344902 1.55390e-07
1789866418.075 107.298 0.10350302 1.61333e-07
1789866418.085 107.342 0.10352631 1.19733e-07
1789866418.095 107.385 0.10357659 1.20016e-07
1789866418.105 107.428 0.10363245 1.07564e-07
1789866418.115 107.471 0.10366784 9.03013e-08
1789866418.125 107.514 0.10371625 9.85081e-08
1789866418.135 107.557 0.10375723 7.89815e-08
1789866418.145 107.600 0.10380099 8.54904e-08
1789866418.155 107.643 0.10382706 7.38876e-08
1789866418.165 107.686 0.10387269 5.77569e-08
1789866418.174 107.729 0.10391645 7.02086e-08
1789866418.184 107.772 0.10395463 4.61541e-08
1789866418.194 107.815 0.10399281 5.37949e-08
1789866418.204 107.858 0.10400677 4.47391e-08
1789866418.214 107.901 0.10405705 3.70982e-08
1789866418.224 107.944 0.10412409 4.53051e-08
1789866418.234 107.986 0.10416600 2.80424e-08
1789866418.244 108.029 0.10420324 3.73812e-08
1789866418.254 108.072 0.10424421 2.69104e-08
1789866418.264 108.115 0.10428518 2.09675e-08
1789866418.274 108.158 0.10430380 3.59662e-08
1789866418.284 108.201 0.10434663 1.50246e-08
1789866418.294 108.243 0.10440623 2.63444e-08
1789866418.304 108.286 0.10444441 1.75716e-08
1789866418.314 108.329 0.10448444 1.13457e-08
1789866418.324 108.371 0.10452727 2.80424e-08
1789866418.334 108.414 0.10456917 9.08173e-09
1789866418.344 108.457 0.10461015 2.12505e-08
1789866418.354 108.500 0.10464553 1.24777e-08
1789866418.364 108.542 0.10467626 9.93071e-09
1789866418.374 108.585 0.10471443 2.40805e-08
1789866418.384 108.627 0.10474702 6.53477e-09
1789866418.394 108.670 0.10478985 1.98355e-08
1789866418.404 108.713 0.10484852 1.13457e-08
1789866418.414 108.755 0.10487738 8.51574e-09
1789866418.424 108.798 0.10491183 2.29485e-08
1789866418.434 108.840 0.10495746 5.40279e-09
1789866418.444 108.883 0.10498539 1.78546e-08
1789866418.454 108.925 0.10503660 1.02137e-08
1789866418.464 108.968 0.10506920 6.53477e-09
1789866418.474 109.010 0.10513065 2.18165e-08
1789866418.484 109.053 0.10516696 4.27081e-09
1789866418.494 109.095 0.10519397 1.81376e-08
1789866418.504 109.138 0.10524238 1.04967e-08
1789866418.514 109.180 0.10527964 7.66675e-09
1789866418.524 109.222 0.10531967 2.15335e-08
1789866418.534 109.265 0.10536809 3.98782e-09
1789866418.544 109.307 0.10539788 1.87036e-08
1789866418.554 109.349 0.10544909 1.10627e-08
1789866418.564 109.392 0.10549845 7.10076e-09
1789866418.574 109.434 0.10553290 2.23825e-08
1789866418.584 109.476 0.10556177 4.27081e-09
1789866418.594 109.519 0.10559529 2.09675e-08
1789866418.604 109.561 0.10565488 1.16287e-08
1789866418.614 109.603 0.10569584 9.93071e-09
1789866418.624 109.645 0.10572658 2.57784e-08
1789866418.634 109.687 0.10576289 1.02137e-08
1789866418.644 109.730 0.10579083 2.52124e-08
1789866418.654 109.772 0.10581410 1.70056e-08
1789866418.664 109.814 0.10587090 1.50246e-08
1789866418.674 109.856 0.10592119 3.22873e-08
1789866418.684 109.898 0.10595191 1.02137e-08
1789866418.694 109.940 0.10598264 2.97404e-08
1789866418.704 109.982 0.10603106 1.98355e-08
1789866418.714 110.025 0.10607482 1.89865e-08
