1789891310.078 31.726 0.03407114 1.12554e-06
1789891310.084 31.872 0.03407114 1.10799e-06
1789891310.094 32.017 0.03406648 1.23478e-06
1789891310.104 32.161 0.03404693 1.18525e-06
1789891310.114 32.305 0.03404041 1.25261e-06
1789891310.124 32.448 0.03404227 1.26930e-06
1789891310.134 32.590 0.03402365 1.29308e-06
1789891310.144 32.732 0.03401713 1.31657e-06
1789891310.154 32.873 0.03399385 1.21582e-06
1789891310.164 33.013 0.03398175 1.36807e-06
1789891310.174 33.153 0.03401992 1.28345e-06
1789891310.184 33.293 0.03400223 1.35647e-06
1789891310.194 33.431 0.03402085 1.41647e-06
1789891310.204 33.569 0.03403017 1.44165e-06
1789891310.214 33.707 0.03402272 1.36666e-06
1789891310.224 33.844 0.03404320 1.40911e-06
1789891310.234 33.981 0.03408696 1.41166e-06
1789891310.244 34.117 0.03411956 1.34968e-06
1789891310.254 34.252 0.03416797 1.28147e-06
1789891310.264 34.387 0.03422943 1.22572e-06
1789891310.274 34.521 0.03431230 1.14789e-06
1789891310.284 34.655 0.03438772 1.11082e-06
1789891310.294 34.788 0.03445849 9.25736e-07
1789891310.304 34.921 0.03455719 6.19808e-07
1789891310.313 35.053 0.03466986 3.98781e-07
1789891310.323 35.185 0.03478159 1.25964e-07
1789891310.333 35.317 0.03492219 5.18166e-08
1789891310.343 35.447 0.03504417 9.64882e-09
1789891310.353 35.578 0.03521457 1.27619e-08
1789891310.363 35.708 0.03535331 1.95540e-08
1789891310.373 35.837 0.03550508 3.98872e-09
1789891310.383 35.966 0.03567082 2.09690e-08
1789891310.393 36.094 0.03583470 8.79981e-09
1789891310.403 36.222 0.03597251 1.41769e-08
1789891310.413 36.350 0.03614012 2.29501e-08
1789891310.423 36.477 0.03628910 6.25276e-09
1789891310.433 36.604 0.03645205 2.35161e-08
1789891310.443 36.730 0.03663455 9.93183e-09
1789891310.453 36.856 0.03679470 1.30449e-08
1789891310.463 36.981 0.03692227 2.01200e-08
1789891310.473 37.106 0.03708429 2.29069e-09
1789891310.483 37.231 0.03722582 1.98370e-08
1789891310.493 37.355 0.03735338 5.68675e-09
1789891310.503 37.478 0.03748188 1.07808e-08
1789891310.513 37.602 0.03760852 1.61579e-08
1789891310.523 37.725 0.03771839 8.75667e-10
1789891310.533 37.847 0.03784875 1.67239e-08
1789891310.543 37.969 0.03795583 3.13971e-09
1789891310.553 38.091 0.03806756 1.10638e-08
1789891310.563 38.212 0.03815509 1.72900e-08
1789891310.573 38.333 0.03825193 -5.39358e-10
1789891310.583 38.454 0.03835715 1.70069e-08
1789891310.593 38.574 0.03845398 3.13971e-09
1789891310.603 38.694 0.03856293 1.07808e-08
1789891310.613 38.813 0.03865697 1.64409e-08
1789891310.623 38.932 0.03875474 -2.56353e-10
1789891310.633 39.051 0.03881899 1.58749e-08
1789891310.643 39.169 0.03891024 2.85670e-09
1789891310.653 39.287 0.03900801 1.04978e-08
1789891310.663 39.405 0.03910764 1.53089e-08
1789891310.673 39.522 0.03919610 3.09657e-10
1789891310.683 39.639 0.03928735 1.72900e-08
1789891310.693 39.756 0.03938419 2.57370e-09
1789891310.703 39.872 0.03948475 1.10638e-08
1789891310.713 39.988 0.03960300 1.58749e-08
1789891310.723 40.103 0.03968774 -8.22363e-10
1789891310.733 40.219 0.03978085 1.70069e-08
1789891310.743 40.334 0.03986279 2.85670e-09
1789891310.753 40.448 0.04001084 1.16299e-08
1789891310.763 40.563 0.04010954 1.41769e-08
1789891310.773 40.676 0.04021197 -1.38837e-09
1789891310.783 40.790 0.04031346 1.72900e-08
1789891310.793 40.903 0.04043730 3.42271e-09
1789891310.803 41.016 0.04054438 1.07808e-08
1789891310.813 41.129 0.04065332 1.38939e-08
1789891310.823 41.241 0.04077716 -1.10537e-09
1789891310.833 41.354 0.04089542 1.72900e-08
1789891310.843 41.465 0.04099412 3.42271e-09
1789891310.853 41.577 0.04110120 1.13469e-08
1789891310.863 41.688 0.04123342 1.38939e-08
1789891310.873 41.799 0.04134981 -2.56353e-10
1789891310.883 41.909 0.04144758 1.78560e-08
1789891310.893 42.020 0.04155466 3.13971e-09
1789891310.903 42.130 0.04164964 1.07808e-08
1789891310.913 42.240 0.04174741 1.38939e-08
1789891310.923 42.349 0.04187218 -2.23739e-09
1789891310.933 42.458 0.04198298 1.64409e-08
1789891310.943 42.567 0.04209006 2.85670e-09
1789891310.953 42.676 0.04221111 1.07808e-08
1789891310.963 42.784 0.04229771 1.47429e-08
1789891310.973 42.892 0.04237406 -1.38837e-09
1789891310.983 43.000 0.04249325 1.84220e-08
1789891310.993 43.107 0.04260405 2.85670e-09
1789891311.003 43.214 0.04272044 1.10638e-08
1789891311.013 43.321 0.04281355 1.41769e-08
1789891311.023 43.428 0.04289736 -1.38837e-09
1789891311.033 43.535 0.04299140 1.89880e-08
1789891311.043 43.641 0.04309383 3.42271e-09
1789891311.053 43.747 0.04318880 1.07808e-08
1789891311.063 43.852 0.04328099 1.44599e-08
1789891311.073 43.958 0.04337876 -2.56353e-10
1789891311.083 44.063 0.04349422 1.89880e-08
1789891311.093 44.168 0.04358174 2.57370e-09
1789891311.103 44.273 0.04364413 1.21959e-08
1789891311.113 44.377 0.04375866 1.38939e-08
1789891311.123 44.481 0.04384991 3.09657e-10
1789891311.133 44.585 0.04393837 1.92710e-08
1789891311.143 44.689 0.04404358 3.70572e-09
1789891311.153 44.792 0.04414415 1.02148e-08
1789891311.163 44.896 0.04425216 1.38939e-08
1789891311.173 44.998 0.04433317 3.09657e-10
1789891311.183 45.101 0.04444304 1.84220e-08
1789891311.193 45.204 0.04452963 2.00769e-09
1789891311.203 45.306 0.04460227 1.13469e-08
1789891311.213 45.408 0.04470562 1.38939e-08
1789891311.223 45.510 0.04482108 3.09657e-10
1789891311.233 45.611 0.04493282 1.92710e-08
1789891311.243 45.713 0.04503897 1.15867e-09
1789891311.253 45.814 0.04514605 1.19129e-08
1789891311.263 45.915 0.04522240 1.47429e-08
1789891311.273 46.016 0.04529503 8.75667e-10
1789891311.283 46.116 0.04538442 1.87050e-08
1789891311.293 46.216 0.04549802 2.00769e-09
1789891311.303 46.316 0.04559299 1.24789e-08
1789891311.313 46.416 0.04565631 1.41769e-08
1789891311.323 46.516 0.04576804 1.44168e-09
1789891311.333 46.615 0.04587513 1.87050e-08
1789891311.343 46.714 0.04598965 2.00769e-09
1789891311.353 46.813 0.04608556 1.27619e-08
1789891311.363 46.912 0.04617309 1.58749e-08
1789891311.373 47.011 0.04625782 2.57370e-09
1789891311.383 47.109 0.04634535 2.06860e-08
1789891311.393 47.207 0.04642729 3.70572e-09
1789891311.403 47.305 0.04654275 1.24789e-08
1789891311.413 47.403 0.04663400 1.41769e-08
1789891311.423 47.500 0.04673177 2.57370e-09
1789891311.433 47.598 0.04680998 1.84220e-08
1789891311.443 47.695 0.04690123 5.92662e-10
1789891311.453 47.792 0.04699900 9.36582e-09
1789891311.463 47.889 0.04708746 9.93183e-09
1789891311.473 47.985 0.04718616 -4.21842e-09
1789891311.483 48.082 0.04728300 1.41769e-08
1789891311.493 48.178 0.04735097 -8.22363e-10
1789891311.503 48.274 0.04745340 1.04978e-08
1789891311.513 48.370 0.04755955 1.19129e-08
1789891311.523 48.465 0.04764614 -2.56353e-10
1789891311.533 48.561 0.04773088 1.64409e-08
1789891311.543 48.656 0.04781933 1.15867e-09
1789891311.553 48.751 0.04788917 1.07808e-08
1789891311.563 48.846 0.04797390 1.03606e-07
1789891311.573 48.940 0.04808191 5.87262e-07
1789891311.583 49.035 0.04818248 1.51495e-06
1789891311.593 49.129 0.04826907 2.47802e-06
1789891311.603 49.223 0.04835846 3.38929e-06
1789891311.613 49.317 0.04842550 4.32576e-06
1789891311.623 49.411 0.04850837 7.67229e-06
1789891311.633 49.505 0.04860801 1.06373e-05
1789891311.643 49.598 0.04869646 1.38627e-05
1789891311.653 49.691 0.04879702 1.05711e-05
1789891311.663 49.784 0.04888735 7.72776e-06
1789891311.673 49.877 0.04897580 4.06143e-06
1789891311.683 49.970 0.04904471 2.25190e-06
1789891311.693 50.062 0.04912665 1.93663e-06
1789891311.703 50.155 0.04923186 1.41109e-06
1789891311.713 50.247 0.04929984 9.63376e-07
1789891311.723 50.339 0.04940412 5.93205e-07
1789891311.733 50.431 0.04950096 3.14162e-07
1789891311.743 50.523 0.04958383 1.10682e-07
1789891311.753 50.614 0.04967508 4.50244e-08
1789891311.763 50.705 0.04975795 2.63461e-08
1789891311.773 50.797 0.04986876 9.93183e-09
1789891311.783 50.888 0.04993673 2.32331e-08
1789891311.793 50.979 0.05001681 5.96976e-09
1789891311.803 51.069 0.05011644 1.02148e-08
1789891311.813 51.160 0.05021421 6.81877e-09
1789891311.823 51.250 0.05027194 -8.18049e-09
1789891311.833 51.340 0.05035016 9.08281e-09
1789891311.843 51.431 0.05043768 -9.31251e-09
1789891311.853 51.520 0.05050659 3.42271e-09
1789891311.863 51.610 0.05060715 1.07808e-08
1789891311.873 51.700 0.05068723 4.83774e-09
1789891311.883 51.789 0.05077941 2.15350e-08
1789891311.893 51.879 0.05086601 5.40375e-09
1789891311.903 51.968 0.05096657 1.58749e-08
1789891311.913 52.057 0.05104292 1.81390e-08
1789891311.923 52.146 0.05112207 1.10638e-08
1789891311.933 52.234 0.05120308 3.59683e-08
1789891311.943 52.323 0.05128781 3.61707e-07
1789891311.953 52.411 0.05135299 2.99846e-06
1789891311.963 52.499 0.05144982 7.27693e-06
1789891311.973 52.587 0.05154015 1.21540e-05
1789891311.983 52.675 0.05162022 1.73451e-05
1789891311.993 52.763 0.05173475 2.15039e-05
1789891312.003 52.851 0.05181297 3.31147e-05
1789891312.013 52.938 0.05187908 5.70980e-05
1789891312.023 53.026 0.05197685 8.05687e-05
1789891312.033 53.113 0.05207276 9.07323e-05
1789891312.043 53.200 0.05214352 7.74842e-05
1789891312.053 53.287 0.05220870 5.08269e-05
1789891312.063 53.374 0.05228412 1.79590e-05
1789891312.073 53.460 0.05239120 1.20139e-05
1789891312.082 53.547 0.05247501 8.13161e-06
1789891312.092 53.633 0.05255881 7.26986e-06
1789891312.102 53.720 0.05263702 5.45297e-06
1789891312.112 53.806 0.05270593 3.95417e-06
1789891312.122 53.892 0.05280463 2.41406e-06
1789891312.132 53.977 0.05287260 1.06781e-06
1789891312.142 54.063 0.05295920 4.53684e-07
1789891312.152 54.149 0.05304207 2.28695e-07
1789891312.162 54.234 0.05310911 1.99262e-07
1789891312.172 54.319 0.05319291 2.07469e-07
1789891312.182 54.404 0.05326647 2.40298e-07
1789891312.192 54.489 0.05333165 1.99545e-07
1789891312.202 54.574 0.05344245 1.82848e-07
1789891312.212 54.659 0.05352439 1.30209e-07
1789891312.222 54.744 0.05360633 8.57772e-08
1789891312.232 54.828 0.05367523 9.14373e-08
1789891312.242 54.913 0.05374414 7.47400e-08
1789891312.252 54.997 0.05383446 8.66262e-08
1789891312.262 55.081 0.05393409 8.46452e-08
1789891312.272 55.165 0.05401510 8.52112e-08
1789891312.282 55.249 0.05409890 9.03052e-08
1789891312.292 55.332 0.05417153 7.75700e-08
1789891312.302 55.416 0.05427768 1.65585e-07
1789891312.312 55.499 0.05433728 2.10865e-07
1789891312.322 55.583 0.05438756 1.83980e-07
1789891312.332 55.666 0.05449184 1.77471e-07
1789891312.342 55.749 0.05457658 8.97392e-08
1789891312.352 55.832 0.05462965 7.53060e-08
1789891312.362 55.915 0.05468924 7.41740e-08
1789891312.372 55.998 0.05477304 8.32301e-08
1789891312.382 56.080 0.05485871 1.35586e-07
1789891312.392 56.163 0.05495834 1.72094e-07
1789891312.402 56.245 0.05503469 2.37751e-07
1789891312.412 56.327 0.05509801 2.95484e-07
1789891312.422 56.409 0.05518088 2.60957e-07
1789891312.432 56.491 0.05528144 2.28978e-07
1789891312.442 56.573 0.05536338 1.72943e-07
1789891312.452 56.655 0.05543787 4.64438e-07
1789891312.462 56.737 0.05549560 4.11973e-06
1789891312.472 56.818 0.05557475 1.24672e-05
1789891312.482 56.900 0.05565203 2.36018e-05
1789891312.492 56.981 0.05573863 3.87281e-05
1789891312.502 57.062 0.05579171 6.45911e-05
1789891312.512 57.143 0.05586061 1.05218e-04
1789891312.522 57.224 0.05595093 1.49540e-04
1789891312.532 57.305 0.05602449 2.00994e-04
1789891312.542 57.386 0.05610363 2.53442e-04
1789891312.552 57.466 0.05617626 2.46057e-04
1789891312.562 57.547 0.05626658 1.90526e-04
1789891312.572 57.627 0.05635318 1.35569e-04
1789891312.582 57.707 0.05642860 5.40862e-05
1789891312.592 57.787 0.05650309 2.36895e-05
1789891312.602 57.868 0.05656269 1.13850e-05
1789891312.612 57.947 0.05666884 8.90959e-06
1789891312.622 58.027 0.05675543 7.19090e-06
1789891312.632 58.107 0.05682340 5.79767e-06
1789891312.642 58.187 0.05691838 4.19784e-06
1789891312.652 58.266 0.05696773 2.94300e-06
1789891312.662 58.345 0.05702267 2.00568e-06
1789891312.672 58.425 0.05711578 1.45382e-06
1789891312.682 58.504 0.05717165 1.38930e-06
1789891312.692 58.583 0.05724241 1.93465e-06
1789891312.702 58.662 0.05733180 2.68489e-06
1789891312.712 58.741 0.05740350 3.38392e-06
1789891312.722 58.820 0.05747427 4.21057e-06
1789891312.732 58.898 0.05755062 4.43019e-06
1789891312.742 58.977 0.05761952 3.89842e-06
1789891312.752 59.055 0.05770053 3.13770e-06
1789891312.762 59.133 0.05778527 2.13700e-06
1789891312.772 59.212 0.05786348 1.26591e-06
1789891312.782 59.290 0.05791655 9.56301e-07
1789891312.792 59.368 0.05799570 9.75545e-07
1789891312.802 59.446 0.05806088 1.01856e-06
1789891312.812 59.524 0.05813537 7.78856e-07
1789891312.822 59.601 0.05823128 6.67918e-07
1789891312.832 59.679 0.05828528 4.15478e-07
1789891312.842 59.756 0.05837095 2.21620e-07
1789891312.852 59.834 0.05844078 1.55396e-07
1789891312.862 59.911 0.05852179 1.17191e-07
1789891312.872 59.988 0.05858976 1.08984e-07
1789891312.882 60.065 0.05863725 1.18889e-07
1789891312.892 60.142 0.05872478 1.08701e-07
1789891312.902 60.219 0.05880579 1.27379e-07
1789891312.912 60.296 0.05888773 1.49170e-07
1789891312.922 60.373 0.05898084 1.38133e-07
1789891312.932 60.449 0.05902367 2.05488e-07
1789891312.942 60.526 0.05910003 2.65768e-07
1789891312.952 60.602 0.05918383 4.15761e-07
1789891312.962 60.679 0.05924342 5.71414e-07
1789891312.972 60.755 0.05932815 8.15364e-07
1789891312.982 60.831 0.05939519 1.06073e-06
1789891312.992 60.907 0.05948086 1.28826e-06
1789891313.002 60.983 0.05955070 1.28685e-06
1789891313.012 61.059 0.05958794 1.13063e-06
1789891313.022 61.135 0.05968385 9.20076e-07
1789891313.032 61.210 0.05977417 6.52070e-07
1789891313.042 61.286 0.05981793 3.89442e-07
1789891313.052 61.361 0.05991663 3.03691e-07
1789891313.062 61.437 0.05997436 4.52552e-07
1789891313.072 61.512 0.06004419 5.46792e-07
1789891313.082 61.587 0.06010286 7.39802e-07
1789891313.092 61.662 0.06018573 9.00266e-07
1789891313.102 61.737 0.06024160 9.01398e-07
1789891313.112 61.812 0.06031516 8.44231e-07
1789891313.122 61.887 0.06038127 6.41882e-07
1789891313.132 61.962 0.06045483 5.10851e-07
1789891313.142 62.037 0.06054422 3.74725e-07
1789891313.152 62.111 0.06060846 2.51901e-07
1789891313.162 62.186 0.06065688 2.46241e-07
1789891313.172 62.260 0.06073323 6.06789e-07
1789891313.182 62.334 0.06083566 2.52103e-06
1789891313.192 62.409 0.06088780 7.10939e-06
1789891313.202 62.483 0.06095950 1.54122e-05
1789891313.212 62.557 0.06103771 2.71272e-05
1789891313.222 62.631 0.06112059 4.86565e-05
1789891313.232 62.705 0.06115783 6.92847e-05
1789891313.242 62.778 0.06124536 9.22766e-05
1789891313.252 62.852 0.06131333 1.13082e-04
1789891313.262 62.926 0.06138968 1.46745e-04
1789891313.272 62.999 0.06146697 1.62648e-04
1789891313.282 63.073 0.06154425 1.62497e-04
1789891313.292 63.146 0.06160664 1.40745e-04
1789891313.302 63.219 0.06166530 1.09390e-04
1789891313.312 63.292 0.06174352 6.52587e-05
1789891313.322 63.365 0.06181335 3.15927e-05
1789891313.332 63.438 0.06189064 1.02655e-05
1789891313.342 63.511 0.06196420 4.68234e-06
1789891313.352 63.584 0.06203030 3.81154e-06
1789891313.362 63.657 0.06211131 3.24977e-06
1789891313.372 63.730 0.06217743 2.69735e-06
1789891313.382 63.802 0.06221933 2.48340e-06
1789891313.392 63.875 0.06227985 2.10219e-06
1789891313.402 63.947 0.06236365 1.82711e-06
1789891313.412 64.019 0.06242045 1.55061e-06
1789891313.422 64.092 0.06246514 1.29364e-06
1789891313.432 64.164 0.06255360 1.19516e-06
1789891313.442 64.236 0.06262996 1.13205e-06
1789891313.452 64.308 0.06268024 1.17733e-06
1789891313.462 64.380 0.06276125 1.12639e-06
1789891313.472 64.452 0.06284505 8.79606e-07
1789891313.482 64.524 0.06293350 6.97917e-07
1789891313.492 64.595 0.06300148 4.71230e-07
1789891313.502 64.667 0.06305176 3.10200e-07
1789891313.512 64.738 0.06309832 1.87659e-07
1789891313.522 64.810 0.06317467 1.77471e-07
1789891313.532 64.881 0.06323985 2.04356e-07
1789891313.542 64.953 0.06331993 2.20204e-07
1789891313.552 65.024 0.06341118 2.56429e-07
1789891313.562 65.095 0.06348101 2.76805e-07
1789891313.572 65.166 0.06351826 3.02842e-07
1789891313.582 65.237 0.06358250 3.62556e-07
1789891313.592 65.308 0.06365513 3.31709e-07
1789891313.602 65.379 0.06372497 4.24251e-07
1789891313.612 65.449 0.06378270 4.54250e-07
1789891313.622 65.520 0.06384323 5.20190e-07
1789891313.632 65.591 0.06392051 6.57164e-07
1789891313.642 65.661 0.06400245 1.05931e-06
1789891313.652 65.732 0.06406949 1.54948e-06
1789891313.662 65.802 0.06412349 2.12398e-06
1789891313.672 65.872 0.06419985 2.78423e-06
1789891313.682 65.943 0.06427155 3.55061e-06
1789891313.692 66.013 0.06432741 3.88597e-06
1789891313.702 66.083 0.06438421 3.63834e-06
1789891313.712 66.153 0.06443449 3.07459e-06
1789891313.722 66.223 0.06452668 2.36651e-06
1789891313.732 66.293 0.06458440 1.41647e-06
1789891313.742 66.362 0.06464866 7.00181e-07
1789891313.752 66.432 0.06472129 3.75291e-07
1789891313.762 66.502 0.06479298 3.31143e-07
1789891313.772 66.571 0.06486282 3.76423e-07
1789891313.782 66.641 0.06491496 4.49156e-07
1789891313.792 66.710 0.06497176 4.86512e-07
1789891313.802 66.780 0.06504532 5.45943e-07
1789891313.812 66.849 0.06510770 5.98865e-07
1789891313.822 66.918 0.06518033 6.57164e-07
1789891313.832 66.987 0.06523992 7.25935e-07
1789891313.841 67.056 0.06530324 7.65272e-07
1789891313.851 67.125 0.06537308 8.13949e-07
1789891313.861 67.194 0.06544105 7.86781e-07
1789891313.871 67.263 0.06551089 7.79705e-07
1789891313.881 67.332 0.06557141 6.58013e-07
1789891313.891 67.401 0.06562914 5.73961e-07
1789891313.901 67.469 0.06571574 5.34623e-07
1789891313.911 67.538 0.06574739 3.70763e-07
1789891313.921 67.606 0.06582189 2.21337e-07
1789891313.931 67.675 0.06589637 2.44826e-07
1789891313.941 67.743 0.06598297 2.33223e-07
1789891313.951 67.811 0.06604163 2.64636e-07
1789891313.961 67.880 0.06609098 2.36336e-07
1789891313.971 67.948 0.06616175 2.05771e-07
1789891313.981 68.016 0.06623251 1.66434e-07
1789891313.991 68.084 0.06628838 8.37961e-08
1789891314.001 68.152 0.06635356 6.00237e-08
1789891314.011 68.220 0.06642247 3.51193e-08
1789891314.021 68.287 0.06649789 3.90813e-08
1789891314.031 68.355 0.06656213 5.35146e-08
1789891314.041 68.423 0.06663942 3.71003e-08
1789891314.051 68.491 0.06668784 6.31368e-08
1789891314.061 68.558 0.06674650 6.03067e-08
1789891314.071 68.626 0.06682099 5.88917e-08
1789891314.081 68.693 0.06688151 8.54942e-08
1789891314.091 68.760 0.06694949 8.06831e-08
1789891314.101 68.828 0.06699325 1.19455e-07
1789891314.111 68.895 0.06705191 1.24549e-07
1789891314.121 68.962 0.06711988 1.56245e-07
1789891314.131 69.029 0.06720555 2.24733e-07
1789891314.141 69.096 0.06726421 2.30110e-07
1789891314.151 69.163 0.06731822 2.92371e-07
1789891314.161 69.230 0.06739923 2.70862e-07
1789891314.171 69.297 0.06744485 2.36619e-07
1789891314.181 69.364 0.06751096 2.36619e-07
1789891314.191 69.430 0.06758173 1.74641e-07
1789891314.201 69.497 0.06764039 1.53415e-07
1789891314.211 69.563 0.06771209 1.08418e-07
1789891314.221 69.630 0.06776330 9.62484e-08
1789891314.231 69.696 0.06783407 1.24549e-07
1789891314.241 69.763 0.06788155 4.32458e-07
1789891314.251 69.829 0.06794301 1.28968e-06
1789891314.261 69.895 0.06801750 2.48085e-06
1789891314.271 69.962 0.06809199 4.68801e-06
1789891314.281 70.028 0.06814041 8.03199e-06
1789891314.291 70.094 0.06820931 1.23572e-05
1789891314.301 70.160 0.06825028 1.75633e-05
1789891314.311 70.226 0.06832663 2.41075e-05
1789891314.321 70.292 0.06840019 3.17798e-05
1789891314.331 70.357 0.06845607 4.40625e-05
1789891314.341 70.423 0.06853521 6.63656e-05
1789891314.351 70.489 0.06859108 1.06154e-04
1789891314.361 70.554 0.06865719 1.42200e-04
1789891314.371 70.620 0.06870002 1.66754e-04
1789891314.381 70.686 0.06877172 1.77865e-04
1789891314.391 70.751 0.06884993 1.75945e-04
1789891314.401 70.816 0.06890487 1.59986e-04
1789891314.411 70.882 0.06897005 1.29764e-04
1789891314.421 70.947 0.06903523 7.83279e-05
1789891314.431 71.012 0.06910041 3.90335e-05
1789891314.441 71.077 0.06914883 1.42720e-05
1789891314.451 71.142 0.06922891 7.76483e-06
1789891314.461 71.207 0.06929688 5.01686e-06
1789891314.471 71.272 0.06932946 4.26774e-06
1789891314.481 71.337 0.06938906 3.85739e-06
1789891314.491 71.402 0.06947659 3.30864e-06
1789891314.501 71.467 0.06953338 2.70725e-06
1789891314.511 71.532 0.06959205 2.35208e-06
1789891314.521 71.596 0.06963302 1.94937e-06
1789891314.531 71.661 0.06969820 1.62278e-06
1789891314.541 71.726 0.06977455 1.26025e-06
1789891314.551 71.790 0.06984066 1.09809e-06
1789891314.561 71.855 0.06991795 8.84134e-07
1789891314.571 71.919 0.06996450 7.19425e-07
1789891314.581 71.983 0.07001758 5.98582e-07
1789891314.591 72.048 0.07006879 4.61325e-07
1789891314.601 72.112 0.07012373 4.16893e-07
1789891314.611 72.176 0.07019077 3.37652e-07
1789891314.621 72.240 0.07025036 2.99729e-07
1789891314.631 72.304 0.07033323 2.77372e-07
1789891314.641 72.368 0.07038351 2.28978e-07
1789891314.651 72.432 0.07043380 2.04073e-07
1789891314.661 72.496 0.07048314 1.66717e-07
1789891314.671 72.560 0.07055019 1.57660e-07
1789891314.681 72.623 0.07060419 1.48604e-07
1789891314.691 72.687 0.07068892 1.20870e-07
1789891314.701 72.751 0.07073082 1.38699e-07
1789891314.711 72.814 0.07079042 1.21719e-07
1789891314.721 72.878 0.07086677 1.20870e-07
1789891314.731 72.941 0.07090402 1.04738e-07
1789891314.741 73.005 0.07097012 7.10609e-08
1789891314.751 73.068 0.07103158 9.45503e-08
1789891314.761 73.132 0.07110980 7.38910e-08
1789891314.771 73.195 0.07116194 7.16269e-08
1789891314.781 73.258 0.07121315 7.50230e-08
1789891314.791 73.321 0.07129695 4.75715e-08
1789891314.801 73.384 0.07135748 6.37028e-08
1789891314.811 73.447 0.07140496 5.49296e-08
1789891314.821 73.510 0.07148225 6.20047e-08
1789891314.831 73.573 0.07153905 7.78530e-08
1789891314.841 73.636 0.07157630 7.50230e-08
1789891314.851 73.699 0.07164799 1.17474e-07
1789891314.861 73.762 0.07171317 1.29926e-07
1789891314.871 73.824 0.07177183 1.54830e-07
1789891314.881 73.887 0.07184353 1.60490e-07
1789891314.891 73.950 0.07188264 1.52000e-07
1789891314.901 74.012 0.07194688 1.38416e-07
1789891314.911 74.075 0.07202045 1.12097e-07
1789891314.921 74.137 0.07206793 1.11248e-07
1789891314.931 74.200 0.07211263 1.06153e-07
1789891314.941 74.262 0.07216756 8.74752e-08
1789891314.951 74.324 0.07223740 1.34454e-07
1789891314.961 74.387 0.07232213 1.51717e-07
1789891314.971 74.449 0.07234262 2.12563e-07
1789891314.981 74.511 0.07241711 2.83315e-07
1789891314.991 74.573 0.07249160 3.03125e-07
1789891315.001 74.635 0.07254561 2.95201e-07
1789891315.011 74.697 0.07258192 3.04540e-07
1789891315.021 74.759 0.07265269 3.14162e-07
1789891315.031 74.821 0.07271693 3.17841e-07
1789891315.041 74.883 0.07277001 3.47557e-07
1789891315.051 74.944 0.07282681 4.06422e-07
1789891315.061 75.006 0.07289385 4.14346e-07
1789891315.071 75.068 0.07293389 4.45476e-07
1789891315.081 75.130 0.07300372 4.36703e-07
1789891315.091 75.191 0.07308567 4.05573e-07
1789891315.101 75.253 0.07313874 3.90857e-07
1789891315.111 75.314 0.07318995 3.33123e-07
1789891315.121 75.376 0.07323371 2.60674e-07
1789891315.131 75.437 0.07330355 1.57377e-07
1789891315.141 75.498 0.07335849 9.99274e-08
1789891315.151 75.560 0.07339480 1.04456e-07
1789891315.161 75.621 0.07346929 9.11543e-08
1789891315.171 75.682 0.07353726 1.14927e-07
1789891315.181 75.743 0.07359034 1.54830e-07
1789891315.191 75.804 0.07366483 1.89640e-07
1789891315.201 75.865 0.07369462 2.88126e-07
1789891315.211 75.926 0.07375236 3.69914e-07
1789891315.221 75.987 0.07382033 4.90757e-07
1789891315.231 76.048 0.07387434 6.36222e-07
1789891315.241 76.109 0.07392927 8.28382e-07
1789891315.251 76.170 0.07400562 1.17252e-06
1789891315.261 76.230 0.07403914 1.58570e-06
1789891315.271 76.291 0.07409967 2.32520e-06
1789891315.281 76.352 0.07416671 3.21779e-06
1789891315.291 76.412 0.07423282 3.92616e-06
1789891315.301 76.473 0.07428589 4.27086e-06
1789891315.311 76.533 0.07435480 4.11888e-06
1789891315.321 76.594 0.07440228 3.89870e-06
1789891315.331 76.654 0.07445722 3.57240e-06
1789891315.341 76.715 0.07452427 3.15978e-06
1789891315.351 76.775 0.07456337 2.33680e-06
1789891315.361 76.835 0.07460620 1.45552e-06
1789891315.371 76.895 0.07467045 7.40085e-07
1789891315.381 76.956 0.07474122 4.16044e-07
1789891315.391 77.016 0.07479336 3.01710e-07
1789891315.401 77.076 0.07485203 2.65202e-07
1789891315.411 77.136 0.07490603 2.20771e-07
1789891315.421 77.196 0.07495165 1.96998e-07
1789891315.431 77.256 0.07499076 1.70113e-07
1789891315.441 77.316 0.07507364 1.49736e-07
1789891315.451 77.375 0.07513602 1.46623e-07
1789891315.461 77.435 0.07521331 1.12097e-07
1789891315.471 77.495 0.07528034 1.25964e-07
1789891315.481 77.555 0.07531573 1.06720e-07
1789891315.491 77.614 0.07537160 8.49282e-08
1789891315.501 77.674 0.07543585 9.34183e-08
1789891315.511 77.734 0.07549730 6.96459e-08
1789891315.521 77.793 0.07553269 6.59668e-08
1789891315.531 77.853 0.07558296 5.74767e-08
1789891315.541 77.912 0.07563232 3.42703e-08
1789891315.551 77.971 0.07569377 4.50244e-08
1789891315.561 78.031 0.07575988 1.81390e-08
1789891315.571 78.090 0.07582040 2.77611e-08
1789891315.581 78.149 0.07590793 3.20062e-08
1789891315.591 78.208 0.07594890 1.24789e-08
1789891315.600 78.268 0.07597032 3.25722e-08
1789891315.610 78.327 0.07603177 1.27619e-08
1789891315.620 78.386 0.07611185 1.61579e-08
1789891315.630 78.445 0.07618169 1.70069e-08
1789891315.640 78.504 0.07621707 2.29069e-09
1789891315.650 78.563 0.07628132 2.12520e-08
1789891315.660 78.622 0.07634649 7.10178e-09
1789891315.670 78.681 0.07638561 1.87050e-08
1789891315.680 78.739 0.07643775 2.74781e-08
1789891315.690 78.798 0.07648896 2.32331e-08
1789891315.700 78.857 0.07655134 6.03067e-08
1789891315.710 78.915 0.07661000 6.39858e-08
1789891315.720 78.974 0.07666215 1.04456e-07
1789891315.730 79.033 0.07667612 1.40680e-07
1789891315.740 79.091 0.07673757 1.74641e-07
1789891315.750 79.150 0.07681951 2.12846e-07
1789891315.760 79.208 0.07686979 1.95017e-07
1789891315.770 79.267 0.07695546 1.87376e-07
1789891315.780 79.325 0.07699922 1.80301e-07
1789891315.790 79.383 0.07703088 1.34454e-07
1789891315.800 79.442 0.07708861 1.37001e-07
1789891315.810 79.500 0.07715286 9.11543e-08
1789891315.820 79.558 0.07720407 7.04949e-08
1789891315.830 79.616 0.07726367 5.09675e-08
1789891315.840 79.674 0.07732698 2.80442e-08
1789891315.850 79.732 0.07740520 4.44584e-08
1789891315.860 79.790 0.07747317 2.54971e-08
1789891315.870 79.848 0.07750110 3.48363e-08
1789891315.880 79.906 0.07752438 3.48363e-08
1789891315.890 79.964 0.07757280 2.12520e-08
1789891315.900 80.022 0.07765660 3.73833e-08
1789891315.910 80.080 0.07769757 2.09690e-08
1789891315.920 80.138 0.07774599 2.80442e-08
1789891315.930 80.195 0.07781769 2.83272e-08
1789891315.940 80.253 0.07788473 1.55919e-08
1789891315.950 80.311 0.07794805 2.97422e-08
1789891315.960 80.368 0.07797971 1.21959e-08
1789891315.970 80.426 0.07802998 2.06860e-08
1789891315.980 80.484 0.07810261 2.29501e-08
1789891315.990 80.541 0.07815662 1.30449e-08
1789891316.000 80.598 0.07822366 3.99304e-08
1789891316.010 80.656 0.07826277 6.93629e-08
1789891316.020 80.713 0.07831678 1.40114e-07
1789891316.030 80.771 0.07836334 2.58127e-07
1789891316.040 80.828 0.07842479 4.85097e-07
1789891316.050 80.885 0.07848065 9.64791e-07
1789891316.060 80.942 0.07855515 1.71419e-06
1789891316.070 80.999 0.07859704 2.77206e-06
1789891316.080 81.057 0.07863709 4.00794e-06
1789891316.090 81.114 0.07868923 5.77078e-06
1789891316.100 81.171 0.07875068 7.86276e-06
1789891316.110 81.228 0.07879165 1.04987e-05
1789891316.120 81.285 0.07884380 1.36100e-05
1789891316.130 81.342 0.07891177 1.77467e-05
1789891316.140 81.399 0.07895833 2.26512e-05
1789891316.150 81.455 0.07901606 3.08855e-05
1789891316.160 81.512 0.07906355 4.05730e-05
1789891316.170 81.569 0.07912686 5.37231e-05
1789891316.180 81.626 0.07918739 7.04770e-05
1789891316.190 81.682 0.07924511 9.65257e-05
1789891316.200 81.739 0.07928888 1.25088e-04
1789891316.210 81.796 0.07933078 1.45039e-04
1789891316.220 81.852 0.07938386 1.57385e-04
1789891316.230 81.909 0.07944438 1.59606e-04
1789891316.240 81.965 0.07950863 1.51528e-04
1789891316.250 82.022 0.07956729 1.44654e-04
1789891316.260 82.078 0.07961757 1.28526e-04
1789891316.270 82.134 0.07969206 1.09044e-04
1789891316.280 82.191 0.07974327 8.14231e-05
1789891316.290 82.247 0.07976748 5.32423e-05
1789891316.300 82.303 0.07981218 2.83625e-05
1789891316.310 82.360 0.07988294 1.98061e-05
1789891316.320 82.416 0.07995185 1.10364e-05
1789891316.330 82.472 0.07998630 8.45310e-06
1789891316.340 82.528 0.08003844 6.79469e-06
1789891316.350 82.584 0.08009431 5.95191e-06
1789891316.360 82.640 0.08015297 4.76159e-06
1789891316.370 82.696 0.08020418 3.97766e-06
1789891316.380 82.752 0.08024795 3.40684e-06
1789891316.390 82.808 0.08031406 2.88979e-06
1789891316.400 82.864 0.08036155 2.42057e-06
1789891316.410 82.920 0.08039227 2.06059e-06
1789891316.420 82.975 0.08045093 1.69976e-06
1789891316.430 83.031 0.08051053 1.39949e-06
1789891316.440 83.087 0.08056639 1.08592e-06
1789891316.450 83.143 0.08063437 9.73564e-07
1789891316.460 83.198 0.08067814 7.89045e-07
1789891316.470 83.254 0.08072562 6.53768e-07
1789891316.480 83.309 0.08075728 5.73678e-07
1789891316.490 83.365 0.08080477 5.05474e-07
1789891316.500 83.420 0.08086063 4.48590e-07
1789891316.510 83.476 0.08092768 4.06988e-07
1789891316.520 83.531 0.08099006 3.27463e-07
1789891316.530 83.587 0.08102545 3.26614e-07
1789891316.540 83.642 0.08107200 2.90107e-07
1789891316.550 83.697 0.08112880 2.77655e-07
1789891316.560 83.753 0.08120515 2.56995e-07
1789891316.570 83.808 0.08126382 2.29827e-07
1789891316.580 83.863 0.08128803 2.19356e-07
1789891316.590 83.918 0.08137276 1.98413e-07
1789891316.600 83.974 0.08141838 2.05205e-07
1789891316.610 84.029 0.08146681 1.70679e-07
1789891316.620 84.084 0.08152546 1.70396e-07
1789891316.630 84.139 0.08157854 1.68132e-07
1789891316.640 84.194 0.08159996 1.44359e-07
1789891316.650 84.249 0.08165210 1.67000e-07
1789891316.660 84.304 0.08173962 1.48321e-07
1789891316.670 84.358 0.08177780 1.52849e-07
1789891316.680 84.413 0.08184112 1.47755e-07
1789891316.690 84.468 0.08186440 1.23983e-07
1789891316.700 84.523 0.08190723 1.20304e-07
1789891316.710 84.578 0.08196403 8.09661e-08
1789891316.720 84.632 0.08202362 8.32301e-08
1789891316.730 84.687 0.08208880 7.67210e-08
1789891316.740 84.742 0.08212232 6.76649e-08
1789891316.750 84.796 0.08217540 8.40791e-08
1789891316.760 84.851 0.08223778 6.25708e-08
1789891316.770 84.905 0.08231506 7.10609e-08
1789891316.780 84.960 0.08237559 6.93629e-08
1789891316.790 85.014 0.08240352 5.66276e-08
1789891316.800 85.069 0.08246777 7.36079e-08
1789891316.810 85.123 0.08248174 4.89865e-08
1789891316.820 85.178 0.08254412 5.63447e-08
1789891316.830 85.232 0.08260372 4.50244e-08
1789891316.840 85.286 0.08263910 3.62513e-08
1789891316.850 85.340 0.08270428 4.92695e-08
1789891316.860 85.395 0.08274059 3.20062e-08
1789891316.870 85.449 0.08279646 4.27604e-08
1789891316.880 85.503 0.08286257 3.79493e-08
1789891316.890 85.557 0.08292682 2.71951e-08
1789891316.900 85.611 0.08296593 4.38924e-08
1789891316.910 85.665 0.08299200 2.57801e-08
1789891316.920 85.719 0.08304601 3.96474e-08
1789891316.930 85.773 0.08311398 3.34212e-08
1789891316.940 85.827 0.08318195 2.49311e-08
1789891316.950 85.881 0.08322758 4.47414e-08
1789891316.960 85.935 0.08328065 2.83272e-08
1789891316.970 85.989 0.08332069 4.53075e-08
1789891316.980 86.043 0.08336073 4.50244e-08
1789891316.990 86.096 0.08343429 4.19114e-08
1789891317.000 86.150 0.08348085 6.65328e-08
1789891317.010 86.204 0.08352368 6.11557e-08
1789891317.020 86.257 0.08357396 8.52112e-08
1789891317.030 86.311 0.08360283 1.01909e-07
1789891317.040 86.365 0.08364566 1.20587e-07
1789891317.050 86.418 0.08372573 1.71528e-07
1789891317.060 86.472 0.08378254 1.95866e-07
1789891317.070 86.525 0.08382630 2.50203e-07
1789891317.080 86.579 0.08389148 2.97748e-07
1789891317.090 86.632 0.08394269 3.58877e-07
1789891317.100 86.686 0.08397993 4.72079e-07
1789891317.110 86.739 0.08404046 5.63490e-07
1789891317.120 86.792 0.08409167 7.18293e-07
1789891317.130 86.846 0.08413823 8.34608e-07
1789891317.140 86.899 0.08420527 8.93190e-07
1789891317.150 86.952 0.08424996 9.30264e-07
1789891317.160 87.006 0.08430490 9.22057e-07
1789891317.170 87.059 0.08435425 8.84134e-07
1789891317.180 87.112 0.08438963 8.25269e-07
1789891317.190 87.165 0.08446226 7.58480e-07
1789891317.200 87.218 0.08449578 6.61975e-07
1789891317.210 87.271 0.08453954 5.40000e-07
1789891317.220 87.324 0.08458983 4.08969e-07
1789891317.230 87.377 0.08464849 2.94069e-07
1789891317.240 87.430 0.08468108 1.91904e-07
1789891317.250 87.483 0.08474253 1.50302e-07
1789891317.260 87.536 0.08479282 9.82294e-08
1789891317.270 87.589 0.08485241 8.69092e-08
1789891317.280 87.642 0.08489245 6.90799e-08
1789891317.290 87.694 0.08492969 5.04015e-08
1789891317.300 87.747 0.08499487 6.20047e-08
1789891317.310 87.800 0.08505539 3.87983e-08
1789891317.320 87.853 0.08511220 4.87035e-08
1789891317.330 87.905 0.08515875 3.76663e-08
1789891317.340 87.958 0.08520252 2.97422e-08
1789891317.350 88.010 0.08525093 4.50244e-08
1789891317.360 88.063 0.08529749 2.29501e-08
1789891317.370 88.116 0.08534591 3.48363e-08
1789891317.380 88.168 0.08541574 2.40821e-08
1789891317.389 88.221 0.08548185 1.95540e-08
1789891317.399 88.273 0.08549954 3.34212e-08
1789891317.409 88.325 0.08554797 1.50259e-08
1789891317.419 88.378 0.08560104 2.74781e-08
1789891317.429 88.430 0.08565505 1.98370e-08
1789891317.439 88.483 0.08569788 1.58749e-08
1789891317.449 88.535 0.08575095 3.25722e-08
1789891317.459 88.587 0.08578075 1.44599e-08
1789891317.469 88.639 0.08584593 3.08742e-08
1789891317.479 88.692 0.08590552 2.18180e-08
1789891317.489 88.744 0.08592507 1.64409e-08
1789891317.499 88.796 0.08596604 3.31382e-08
1789891317.509 88.848 0.08603867 1.41769e-08
1789891317.519 88.900 0.08609734 2.94592e-08
1789891317.529 88.952 0.08614482 1.87050e-08
1789891317.539 89.004 0.08621187 1.44599e-08
1789891317.549 89.056 0.08624818 3.00252e-08
1789891317.559 89.108 0.08628077 1.04978e-08
1789891317.569 89.160 0.08635060 2.37991e-08
1789891317.579 89.212 0.08641206 1.55919e-08
1789891317.589 89.264 0.08646793 1.19129e-08
1789891317.599 89.316 0.08649679 2.74781e-08
1789891317.609 89.367 0.08654056 8.79981e-09
1789891317.619 89.419 0.08658897 2.29501e-08
1789891317.629 89.471 0.08663739 1.61579e-08
1789891317.639 89.523 0.08666905 1.21959e-08
1789891317.649 89.574 0.08672305 2.74781e-08
1789891317.659 89.626 0.08677241 7.66779e-09
1789891317.669 89.678 0.08679662 2.37991e-08
1789891317.679 89.729 0.08685621 1.33279e-08
1789891317.689 89.781 0.08691673 1.16299e-08
1789891317.699 89.832 0.08696515 2.43651e-08
1789891317.709 89.884 0.08702567 6.25276e-09
1789891317.719 89.935 0.08708526 2.18180e-08
1789891317.729 89.987 0.08713369 1.36109e-08
1789891317.739 90.038 0.08717745 1.16299e-08
1789891317.749 90.090 0.08722215 2.63461e-08
1789891317.759 90.141 0.08728453 7.66779e-09
1789891317.769 90.192 0.08733388 2.29501e-08
1789891317.779 90.244 0.08737671 1.47429e-08
1789891317.789 90.295 0.08740930 1.24789e-08
1789891317.799 90.346 0.08746238 2.60631e-08
1789891317.809 90.397 0.08750614 9.64882e-09
1789891317.819 90.449 0.08757318 2.66291e-08
1789891317.829 90.500 0.08760298 1.58749e-08
1789891317.839 90.551 0.08764209 1.36109e-08
1789891317.849 90.602 0.08770168 2.83272e-08
1789891317.859 90.653 0.08775382 9.36582e-09
1789891317.869 90.704 0.08778827 2.63461e-08
1789891317.879 90.755 0.08786928 1.61579e-08
1789891317.889 90.806 0.08791770 1.30449e-08
1789891317.899 90.857 0.08796892 2.54971e-08
1789891317.909 90.908 0.08799219 6.81877e-09
1789891317.919 90.959 0.08803595 2.52141e-08
1789891317.929 91.010 0.08810020 1.33279e-08
1789891317.939 91.061 0.08812069 1.16299e-08
1789891317.949 91.111 0.08818773 2.46481e-08
1789891317.959 91.162 0.08823336 7.10178e-09
1789891317.969 91.213 0.08829015 2.80442e-08
1789891317.979 91.264 0.08835161 1.89880e-08
1789891317.989 91.314 0.08837302 2.12520e-08
1789891317.999 91.365 0.08844566 3.76663e-08
1789891318.009 91.416 0.08849314 2.37991e-08
1789891318.019 91.466 0.08852294 4.36094e-08
1789891318.029 91.517 0.08857508 3.93644e-08
1789891318.039 91.567 0.08861605 4.10624e-08
1789891318.049 91.618 0.08867285 5.94577e-08
1789891318.059 91.668 0.08872779 3.87983e-08
1789891318.069 91.719 0.08876317 6.22878e-08
1789891318.079 91.769 0.08880507 4.98355e-08
1789891318.089 91.820 0.08884977 4.72885e-08
1789891318.099 91.870 0.08891495 5.57786e-08
1789891318.109 91.921 0.08896616 3.85153e-08
1789891318.119 91.971 0.08902575 5.15336e-08
1789891318.129 92.021 0.08907603 3.68173e-08
1789891318.139 92.072 0.08911048 3.22892e-08
1789891318.149 92.122 0.08915145 4.53075e-08
1789891318.159 92.172 0.08918870 2.18180e-08
1789891318.169 92.222 0.08922874 3.56853e-08
1789891318.179 92.272 0.08929858 2.49311e-08
1789891318.189 92.323 0.08936655 2.06860e-08
1789891318.199 92.373 0.08941310 3.25722e-08
1789891318.209 92.423 0.08945873 1.41769e-08
1789891318.219 92.473 0.08949597 3.11572e-08
1789891318.229 92.523 0.08952950 2.12520e-08
1789891318.239 92.573 0.08956953 1.89880e-08
1789891318.249 92.623 0.08963751 3.28552e-08
1789891318.259 92.673 0.08964961 1.75730e-08
1789891318.269 92.723 0.08972410 3.71003e-08
1789891318.279 92.773 0.08977159 2.88932e-08
1789891318.289 92.823 0.08980045 3.28552e-08
1789891318.299 92.872 0.08987867 5.86087e-08
1789891318.309 92.922 0.08991778 4.53075e-08
1789891318.319 92.972 0.08996434 6.93629e-08
1789891318.329 93.022 0.09001741 7.72870e-08
1789891318.339 93.072 0.09006769 8.71922e-08
1789891318.349 93.121 0.09013287 1.21719e-07
1789891318.359 93.171 0.09016826 1.28511e-07
1789891318.369 93.221 0.09019898 1.75490e-07
1789891318.379 93.270 0.09025019 2.21054e-07
1789891318.389 93.320 0.09031817 2.74258e-07
1789891318.399 93.369 0.09035075 3.81234e-07
1789891318.409 93.419 0.09039731 4.71796e-07
1789891318.419 93.469 0.09043176 6.16412e-07
1789891318.429 93.518 0.09047459 7.45462e-07
1789891318.439 93.568 0.09053233 9.25170e-07
1789891318.449 93.617 0.09057888 1.19119e-06
1789891318.459 93.666 0.09062544 1.44873e-06
1789891318.469 93.716 0.09066920 1.72296e-06
1789891318.479 93.765 0.09073811 2.09907e-06
1789891318.489 93.815 0.09076325 2.36906e-06
1789891318.499 93.864 0.09080049 2.79187e-06
1789891318.509 93.913 0.09082284 3.09978e-06
1789891318.519 93.962 0.09088988 3.33298e-06
1789891318.529 94.012 0.09093737 3.51099e-06
1789891318.539 94.061 0.09099603 3.49287e-06
1789891318.549 94.110 0.09105656 3.47391e-06
1789891318.559 94.159 0.09110684 3.35590e-06
1789891318.569 94.208 0.09114687 3.18383e-06
1789891318.579 94.258 0.09117760 3.00356e-06
1789891318.589 94.307 0.09122509 2.68037e-06
1789891318.599 94.356 0.09128189 2.36057e-06
1789891318.609 94.405 0.09133403 2.00710e-06
1789891318.619 94.454 0.09136476 1.63466e-06
1789891318.629 94.503 0.09139735 1.30779e-06
1789891318.639 94.552 0.09146439 1.04092e-06
1789891318.649 94.601 0.09150909 8.89511e-07
1789891318.659 94.650 0.09153888 7.00464e-07
1789891318.669 94.698 0.09157706 5.73678e-07
1789891318.679 94.747 0.09164224 4.66419e-07
1789891318.689 94.796 0.09168879 4.04441e-07
1789891318.699 94.845 0.09173908 3.26897e-07
1789891318.709 94.894 0.09179029 2.41713e-07
1789891318.719 94.943 0.09184802 2.25016e-07
1789891318.729 94.991 0.09187688 1.81716e-07
1789891318.739 95.040 0.09192716 1.53698e-07
1789891318.749 95.089 0.09196348 1.40397e-07
1789891318.759 95.137 0.09201283 1.02757e-07
1789891318.769 95.186 0.09208360 1.12097e-07
1789891318.779 95.235 0.09213201 9.08713e-08
1789891318.789 95.283 0.09216461 8.12491e-08
1789891318.799 95.332 0.09219068 7.92681e-08
1789891318.809 95.380 0.09224841 5.32316e-08
1789891318.819 95.429 0.09230055 6.48348e-08
1789891318.829 95.477 0.09235455 4.78545e-08
1789891318.839 95.526 0.09241508 4.16284e-08
1789891318.849 95.574 0.09242253 4.84205e-08
1789891318.859 95.623 0.09248492 2.21010e-08
1789891318.869 95.671 0.09251099 3.87983e-08
1789891318.879 95.719 0.09253054 2.18180e-08
1789891318.889 95.768 0.09260783 1.87050e-08
1789891318.899 95.816 0.09267952 2.54971e-08
1789891318.909 95.864 0.09271677 4.83774e-09
1789891318.919 95.913 0.09274936 2.18180e-08
1789891318.929 95.961 0.09278753 5.68675e-09
1789891318.939 96.009 0.09283223 7.10178e-09
1789891318.949 96.057 0.09290486 1.47429e-08
1789891318.959 96.105 0.09295979 -4.50143e-09
1789891318.969 96.154 0.09300449 1.19129e-08
1789891318.979 96.202 0.09303894 -3.65241e-09
1789891318.989 96.250 0.09305850 -4.78443e-09
1789891318.999 96.298 0.09312274 1.72468e-09
1789891319.009 96.346 0.09318047 -2.00667e-08
1789891319.019 96.394 0.09322051 -5.06744e-09
1789891319.029 96.442 0.09326241 -2.20477e-08
1789891319.039 96.490 0.09329314 -2.37458e-08
1789891319.049 96.538 0.09332107 -1.92177e-08
1789891319.059 96.586 0.09338439 -3.93110e-08
1789891319.069 96.634 0.09342536 -2.45948e-08
1789891319.079 96.682 0.09346913 -4.21410e-08
1789891319.089 96.730 0.09355199 -4.38391e-08
1789891319.099 96.777 0.09359110 -3.90280e-08
1789891319.109 96.825 0.09362183 -6.05363e-08
1789891319.119 96.873 0.09367025 -4.63861e-08
1789891319.128 96.921 0.09372332 -6.36494e-08
1789891319.139 96.969 0.09376243 -6.13853e-08
1789891319.149 97.016 0.09379316 -5.77063e-08
1789891319.159 97.064 0.09383134 -7.41205e-08
1789891319.168 97.112 0.09390769 -5.96873e-08
1789891319.178 97.159 0.09394028 -7.21395e-08
1789891319.188 97.207 0.09400266 -6.67624e-08
1789891319.198 97.254 0.09403805 -5.77063e-08
1789891319.208 97.302 0.09407250 -7.35545e-08
1789891319.218 97.350 0.09412092 -5.09142e-08
1789891319.228 97.397 0.09416841 -5.94043e-08
1789891319.238 97.445 0.09419168 -4.52541e-08
1789891319.248 97.492 0.09423358 -3.08209e-08
1789891319.258 97.540 0.09428945 -4.04430e-08
1789891319.268 97.587 0.09432856 -9.02951e-09
1789891319.278 97.634 0.09438257 -1.69536e-08
1789891319.288 97.682 0.09444495 -2.80340e-09
1789891319.298 97.729 0.09449617 9.36582e-09
1789891319.308 97.777 0.09453620 -2.23739e-09
1789891319.318 97.824 0.09457158 1.87050e-08
1789891319.328 97.871 0.09460232 7.10178e-09
1789891319.338 97.919 0.09465166 1.55919e-08
1789891319.348 97.966 0.09469264 2.40821e-08
1789891319.358 98.013 0.09474757 7.38478e-09
1789891319.368 98.060 0.09478854 2.32331e-08
1789891319.378 98.107 0.09482020 9.93183e-09
1789891319.388 98.155 0.09485931 1.55919e-08
1789891319.398 98.202 0.09491052 2.15350e-08
1789891319.408 98.249 0.09496453 4.83774e-09
1789891319.418 98.296 0.09499246 2.21010e-08
1789891319.428 98.343 0.09503250 7.66779e-09
1789891319.438 98.390 0.09509954 1.44599e-08
1789891319.448 98.437 0.09512748 1.87050e-08
1789891319.458 98.484 0.09518893 4.27173e-09
1789891319.468 98.531 0.09523735 2.09690e-08
1789891319.478 98.578 0.09526435 7.95079e-09
1789891319.488 98.625 0.09531463 1.47429e-08
1789891319.498 98.672 0.09538447 1.98370e-08
1789891319.508 98.719 0.09543289 4.27173e-09
1789891319.518 98.766 0.09544871 2.15350e-08
1789891319.528 98.813 0.09548410 7.95079e-09
1789891319.538 98.859 0.09555114 1.44599e-08
1789891319.548 98.906 0.09558653 2.01200e-08
1789891319.558 98.953 0.09562656 6.81877e-09
1789891319.568 99.000 0.09566287 3.45533e-08
1789891319.578 99.047 0.09572526 4.27604e-08
1789891319.588 99.093 0.09576530 8.26641e-08
1789891319.598 99.140 0.09580348 1.41812e-07
1789891319.608 99.187 0.09586121 2.39449e-07
1789891319.618 99.233 0.09588169 3.23784e-07
1789891319.628 99.280 0.09593849 4.52552e-07
1789891319.638 99.327 0.09597108 6.51221e-07
1789891319.648 99.373 0.09602975 8.32910e-07
1789891319.658 99.420 0.09606606 1.12242e-06
1789891319.668 99.466 0.09611169 1.28826e-06
1789891319.678 99.513 0.09614800 1.72862e-06
1789891319.688 99.559 0.09619921 1.96663e-06
1789891319.698 99.606 0.09626160 2.48538e-06
1789891319.708 99.652 0.09631001 2.98856e-06
1789891319.718 99.699 0.09633515 3.39184e-06
1789891319.728 99.745 0.09637240 4.41660e-06
1789891319.738 99.791 0.09640871 5.20251e-06
1789891319.748 99.838 0.09644689 6.75875e-06
1789891319.758 99.884 0.09649624 9.61342e-06
1789891319.768 99.930 0.09654559 1.21670e-05
1789891319.778 99.977 0.09661170 1.69099e-05
1789891319.788 100.023 0.09664802 2.41749e-05
1789891319.798 100.069 0.09668806 3.17421e-05
1789891319.808 100.116 0.09671971 3.80039e-05
1789891319.818 100.162 0.09678024 4.62385e-05
1789891319.828 100.208 0.09681748 5.87439e-05
1789891319.838 100.254 0.09686404 6.69729e-05
1789891319.848 100.300 0.09691060 7.66174e-05
1789891319.858 100.346 0.09693667 8.40486e-05
1789891319.868 100.393 0.09698881 9.05311e-05
1789891319.878 100.439 0.09704189 1.01011e-04
1789891319.888 100.485 0.09708472 1.05639e-04
1789891319.898 100.531 0.09713779 1.12522e-04
1789891319.908 100.577 0.09716666 1.15458e-04
1789891319.918 100.623 0.09721228 1.17991e-04
1789891319.928 100.669 0.09724581 1.16367e-04
1789891319.938 100.715 0.09728026 1.11006e-04
1789891319.948 100.761 0.09733427 1.04134e-04
1789891319.958 100.807 0.09739199 9.88777e-05
1789891319.968 100.853 0.09743482 9.22447e-05
1789891319.978 100.898 0.09750187 8.49836e-05
1789891319.988 100.944 0.09754377 7.78824e-05
1789891319.998 100.990 0.09757915 6.80438e-05
1789891320.008 101.036 0.09762478 6.00650e-05
1789891320.018 101.082 0.09766947 5.05965e-05
1789891320.028 101.128 0.09770206 4.29837e-05
1789891320.038 101.173 0.09775606 3.89285e-05
1789891320.048 101.219 0.09780262 3.28951e-05
1789891320.058 101.265 0.09786501 3.00569e-05
1789891320.068 101.310 0.09788922 2.59589e-05
1789891320.078 101.356 0.09792088 2.35053e-05
1789891320.088 101.402 0.09796091 1.85270e-05
1789891320.098 101.447 0.09799723 1.72379e-05
1789891320.108 101.493 0.09803727 1.56833e-05
1789891320.118 101.539 0.09809500 1.13199e-05
1789891320.128 101.584 0.09814994 9.25089e-06
1789891320.138 101.630 0.09818439 6.73073e-06
1789891320.148 101.675 0.09821604 6.18652e-06
1789891320.158 101.721 0.09827657 4.71857e-06
1789891320.168 101.766 0.09830916 3.90663e-06
1789891320.178 101.812 0.09835013 3.16883e-06
1789891320.188 101.857 0.09839482 2.99931e-06
1789891320.198 101.903 0.09843487 2.39991e-06
1789891320.208 101.948 0.09849352 2.05295e-06
1789891320.218 101.994 0.09851308 1.90776e-06
1789891320.228 102.039 0.09856057 1.55712e-06
1789891320.238 102.084 0.09860061 1.36553e-06
1789891320.248 102.130 0.09864995 1.17704e-06
1789891320.258 102.175 0.09867510 1.21723e-06
1789891320.268 102.220 0.09871513 1.08677e-06
1789891320.278 102.265 0.09877659 1.00611e-06
1789891320.288 102.311 0.09880546 8.97718e-07
1789891320.298 102.356 0.09886318 8.73946e-07
1789891320.308 102.401 0.09891440 7.99233e-07
1789891320.318 102.446 0.09894699 7.35557e-07
1789891320.328 102.491 0.09899448 7.10086e-07
1789891320.338 102.537 0.09903545 6.32543e-07
1789891320.348 102.582 0.09909038 6.17544e-07
1789891320.358 102.627 0.09914904 5.57830e-07
1789891320.368 102.672 0.09917232 5.61226e-07
1789891320.378 102.717 0.09920585 5.25567e-07
1789891320.388 102.762 0.09925054 4.95285e-07
1789891320.398 102.807 0.09929151 4.56797e-07
1789891320.408 102.852 0.09932037 4.14063e-07
1789891320.418 102.897 0.09938648 4.32741e-07
1789891320.428 102.942 0.09943304 3.95668e-07
1789891320.438 102.987 0.09946470 3.75857e-07
1789891320.448 103.032 0.09951963 3.50387e-07
1789891320.458 103.077 0.09953825 3.15577e-07
1789891320.468 103.122 0.09958202 3.22652e-07
1789891320.478 103.167 0.09963509 3.05672e-07
1789891320.488 103.212 0.09968258 3.01993e-07
1789891320.498 103.256 0.09971052 2.90107e-07
1789891320.508 103.301 0.09978128 2.74258e-07
1789891320.518 103.346 0.09980642 2.73692e-07
1789891320.528 103.391 0.09983994 2.47090e-07
1789891320.538 103.436 0.09986695 2.47656e-07
1789891320.548 103.480 0.09991909 2.36902e-07
1789891320.558 103.525 0.09997589 2.18506e-07
1789891320.568 103.570 0.10001128 2.17940e-07
1789891320.578 103.614 0.10005131 1.91621e-07
1789891320.588 103.659 0.10009508 1.84263e-07
1789891320.598 103.704 0.10014349 1.70396e-07
1789891320.608 103.748 0.10018725 1.36718e-07
1789891320.618 103.793 0.10025523 1.44076e-07
1789891320.628 103.837 0.10028689 1.07002e-07
1789891320.638 103.882 0.10029993 1.01059e-07
1789891320.648 103.927 0.10033065 8.52112e-08
1789891320.658 103.971 0.10038559 6.31368e-08
1789891320.668 104.016 0.10044332 6.54008e-08
1789891320.678 104.060 0.10047871 3.73833e-08
1789891320.688 104.105 0.10050757 5.09675e-08
1789891320.698 104.149 0.10054668 4.13454e-08
1789891320.708 104.193 0.10061837 2.69121e-08
1789891320.718 104.238 0.10063235 4.13454e-08
1789891320.728 104.282 0.10065562 2.21010e-08
1789891320.738 104.327 0.10072359 3.03082e-08
1789891320.748 104.371 0.10077387 3.00252e-08
1789891320.758 104.415 0.10080087 2.52141e-08
1789891320.768 104.460 0.10085582 4.41754e-08
1789891320.778 104.504 0.10090423 3.11572e-08
1789891320.788 104.548 0.10093962 3.96474e-08
1789891320.798 104.593 0.10098896 4.04964e-08
1789891320.808 104.637 0.10102900 3.54023e-08
1789891320.818 104.681 0.10108674 5.71937e-08
1789891320.828 104.725 0.10111933 4.19114e-08
1789891320.838 104.769 0.10115098 5.46466e-08
1789891320.848 104.814 0.10120033 5.12506e-08
1789891320.858 104.858 0.10122175 4.38924e-08
1789891320.868 104.902 0.10126644 6.11557e-08
1789891320.878 104.946 0.10130835 4.27604e-08
1789891320.888 104.990 0.10136142 5.06846e-08
1789891320.898 105.034 0.10141263 4.81375e-08
1789891320.908 105.078 0.10144708 3.71003e-08
1789891320.918 105.122 0.10147781 5.29486e-08
1789891320.927 105.166 0.10152251 3.71003e-08
1789891320.937 105.210 0.10156348 4.75715e-08
1789891320.947 105.254 0.10162400 4.30434e-08
1789891320.957 105.298 0.10167521 3.03082e-08
1789891320.967 105.342 0.10169197 4.87035e-08
1789891320.977 105.386 0.10174598 2.86102e-08
1789891320.987 105.430 0.10178509 3.59683e-08
1789891320.997 105.474 0.10182419 3.39872e-08
1789891321.007 105.518 0.10186516 2.40821e-08
1789891321.017 105.562 0.10190706 4.30434e-08
1789891321.027 105.605 0.10194896 2.37991e-08
1789891321.037 105.649 0.10197970 3.56853e-08
1789891321.047 105.693 0.10202066 3.37043e-08
1789891321.057 105.737 0.10205698 2.40821e-08
1789891321.067 105.781 0.10212215 4.21944e-08
1789891321.077 105.824 0.10214543 3.25722e-08
1789891321.087 105.868 0.10218827 4.24774e-08
1789891321.097 105.912 0.10223203 4.81375e-08
1789891321.107 105.956 0.10227579 4.47414e-08
1789891321.117 105.999 0.10231769 6.68158e-08
1789891321.127 106.043 0.10236425 5.86087e-08
1789891321.137 106.086 0.10241640 7.92681e-08
1789891321.147 106.130 0.10246388 8.71922e-08
1789891321.157 106.174 0.10249927 8.77582e-08
1789891321.167 106.217 0.10253744 1.18606e-07
1789891321.177 106.261 0.10259237 1.15493e-07
1789891321.187 106.304 0.10261286 1.40680e-07
1789891321.197 106.348 0.10266035 1.48321e-07
1789891321.207 106.391 0.10269853 1.58509e-07
1789891321.217 106.435 0.10271994 1.81150e-07
1789891321.227 106.478 0.10275998 1.78603e-07
1789891321.237 106.522 0.10280840 1.98979e-07
1789891321.247 106.565 0.10284379 2.12846e-07
1789891321.257 106.609 0.10286893 2.15111e-07
1789891321.267 106.652 0.10291548 2.39732e-07
1789891321.277 106.696 0.10296949 2.18790e-07
1789891321.287 106.739 0.10301511 2.30676e-07
1789891321.297 106.782 0.10305516 2.30110e-07
1789891321.307 106.826 0.10311288 2.17375e-07
1789891321.317 106.869 0.10314734 2.29261e-07
1789891321.327 106.912 0.10317434 2.08601e-07
1789891321.337 106.956 0.10323579 2.12280e-07
1789891321.347 106.999 0.10327770 1.96149e-07
1789891321.357 107.042 0.10330284 1.78320e-07
1789891321.367 107.085 0.10333543 1.82848e-07
1789891321.377 107.129 0.10338664 1.56811e-07
1789891321.387 107.172 0.10342202 1.53132e-07
1789891321.397 107.215 0.10345274 1.37850e-07
1789891321.407 107.258 0.10350862 1.15776e-07
1789891321.417 107.301 0.10354214 1.27379e-07
1789891321.427 107.344 0.10356542 1.03041e-07
1789891321.437 107.387 0.10362594 1.09833e-07
1789891321.447 107.431 0.10367063 9.65314e-08
1789891321.457 107.474 0.10371999 8.49282e-08
1789891321.467 107.517 0.10374978 9.70974e-08
1789891321.477 107.560 0.10379634 7.47400e-08
1789891321.487 107.603 0.10384010 8.35131e-08
1789891321.497 107.646 0.10387082 7.41740e-08
1789891321.507 107.689 0.10390807 6.20047e-08
1789891321.517 107.732 0.10395929 7.67210e-08
1789891321.527 107.775 0.10400491 5.43636e-08
1789891321.537 107.818 0.10404588 6.22878e-08
1789891321.547 107.861 0.10404960 4.75715e-08
1789891321.557 107.903 0.10409430 3.76663e-08
1789891321.567 107.946 0.10414364 5.29486e-08
1789891321.577 107.989 0.10420511 2.91762e-08
1789891321.587 108.032 0.10425538 4.04964e-08
1789891321.597 108.075 0.10429728 2.60631e-08
1789891321.607 108.118 0.10433918 1.61579e-08
1789891321.617 108.160 0.10439227 2.94592e-08
1789891321.627 108.203 0.10441554 1.07808e-08
1789891321.637 108.246 0.10445651 2.18180e-08
1789891321.647 108.289 0.10449469 1.33279e-08
1789891321.657 108.332 0.10450958 8.23380e-09
1789891321.667 108.374 0.10456266 2.15350e-08
1789891321.677 108.417 0.10461107 5.12074e-09
1789891321.687 108.460 0.10463715 1.50259e-08
1789891321.697 108.502 0.10467347 1.04978e-08
1789891321.707 108.545 0.10471536 4.27173e-09
1789891321.717 108.588 0.10476471 1.98370e-08
1789891321.727 108.630 0.10482059 2.29069e-09
1789891321.737 108.673 0.10485876 1.50259e-08
1789891321.747 108.715 0.10490811 9.08281e-09
1789891321.757 108.758 0.10494442 4.55473e-09
1789891321.767 108.801 0.10497701 1.95540e-08
1789891321.777 108.843 0.10502450 2.57370e-09
1789891321.787 108.886 0.10507292 1.55919e-08
1789891321.797 108.928 0.10511110 9.08281e-09
1789891321.807 108.971 0.10512600 5.12074e-09
1789891321.817 109.013 0.10516603 2.09690e-08
1789891321.827 109.055 0.10523400 2.00769e-09
1789891321.837 109.098 0.10525076 1.64409e-08
1789891321.847 109.140 0.10529733 8.79981e-09
1789891321.857 109.183 0.10533923 4.55473e-09
1789891321.867 109.225 0.10535878 1.95540e-08
1789891321.877 109.267 0.10542209 8.75667e-10
1789891321.887 109.310 0.10546492 1.61579e-08
1789891321.897 109.352 0.10549752 9.64882e-09
1789891321.907 109.394 0.10553290 6.81877e-09
1789891321.917 109.437 0.10556084 2.06860e-08
1789891321.927 109.479 0.10563719 3.13971e-09
1789891321.937 109.521 0.10567908 1.72900e-08
1789891321.947 109.564 0.10569865 1.04978e-08
1789891321.957 109.606 0.10573962 6.81877e-09
1789891321.967 109.648 0.10578431 2.15350e-08
1789891321.977 109.690 0.10582435 2.29069e-09
1789891321.987 109.732 0.10585228 2.01200e-08
1789891321.997 109.775 0.10589325 1.13469e-08
1789891322.007 109.817 0.10592397 7.95079e-09
1789891322.017 109.859 0.10595750 2.21010e-08
1789891322.027 109.901 0.10601523 3.98872e-09
1789891322.037 109.943 0.10606085 2.09690e-08
1789891322.047 109.985 0.10610554 1.21959e-08
1789891322.057 110.027 0.10613813 9.64882e-09
