1761211600.598 33.802 0.03264091 -4.22310e-09
1761211600.648 33.937 0.03261391 -7.37350e-09
1761211600.698 34.072 0.03260460 -7.93090e-09
1761211600.748 34.206 0.03262788 -9.34220e-09
1761211600.798 34.339 0.03270609 -8.90250e-09
1761211600.849 34.472 0.03279641 -9.23130e-09
1761211600.899 34.604 0.03295377 -9.35990e-09
1761211600.949 34.736 0.03309717 -8.35860e-09
1761211600.956 34.867 0.03309717 2.70631e-08
1761211600.967 34.998 0.03314000 4.28230e-08
1761211601.015 35.129 0.03328805 -7.15670e-09
1761211601.065 35.259 0.03340444 -6.62160e-09
1761211601.149 35.388 0.03364840 -1.11763e-08
1761211601.169 35.517 0.03371637 6.22278e-08
1761211601.176 35.646 0.03371637 1.75526e-07
1761211601.186 35.774 0.03377410 2.02404e-07
1761211601.196 35.901 0.03380856 5.43531e-07
1761211601.206 36.028 0.03382625 7.87536e-07
1761211601.216 36.155 0.03387467 1.48280e-06
1761211601.226 36.281 0.03389888 2.84554e-06
1761211601.236 36.407 0.03392681 3.66547e-06
1761211601.246 36.532 0.03395381 5.41690e-06
1761211601.256 36.657 0.03398082 6.98373e-06
1761211601.266 36.782 0.03402085 8.33722e-06
1761211601.276 36.906 0.03402830 8.43931e-06
1761211601.286 37.030 0.03405996 7.83389e-06
1761211601.296 37.153 0.03407765 7.02307e-06
1761211601.306 37.276 0.03411304 6.04459e-06
1761211601.316 37.398 0.03415121 4.40796e-06
1761211601.326 37.520 0.03418287 2.21459e-06
1761211601.336 37.642 0.03423408 6.43180e-07
1761211601.346 37.763 0.03429926 3.59439e-07
1761211601.356 37.884 0.03435141 1.24268e-07
1761211601.366 38.004 0.03441100 9.29027e-08
1761211601.376 38.125 0.03445663 4.97996e-08
1761211601.386 38.244 0.03456371 1.50840e-09
1761211601.396 38.364 0.03466054 5.91674e-08
1761211601.444 38.483 0.03520898 6.01448e-08
1761211601.494 38.601 0.03587940 6.44320e-08
1761211601.562 38.719 0.03676211 5.55127e-08
1761211601.568 38.837 0.03684312 2.59165e-08
1761211601.576 38.955 0.03684312 5.58001e-08
1761211601.586 39.072 0.03691947 -4.97190e-09
1761211601.596 39.189 0.03697348 5.36710e-08
1761211601.606 39.305 0.03704145 1.49306e-08
1761211601.616 39.422 0.03712153 4.79080e-08
1761211601.686 39.537 0.03720627 2.54750e-09
1761211601.696 39.653 0.03720627 4.98970e-08
1761211601.744 39.768 0.03722675 7.61854e-08
1761211601.812 39.883 0.03744836 4.84306e-08
1761211601.819 39.997 0.03749026 1.47091e-08
1761211601.826 40.111 0.03749026 4.51427e-08
1761211601.836 40.225 0.03753961 -5.12540e-09
1761211601.846 40.339 0.03756754 5.70164e-08
1761211601.856 40.452 0.03761969 1.35153e-08
1761211601.866 40.565 0.03768766 4.73307e-08
1761211601.876 40.677 0.03773049 3.06589e-08
1761211601.886 40.790 0.03777426 -5.74280e-09
1761211601.896 40.901 0.03780591 5.01999e-08
1761211601.943 41.013 0.03803311 5.62823e-08
1761211601.993 41.124 0.03826031 5.35939e-08
1761211602.044 41.235 0.03857969 6.16128e-08
1761211602.094 41.346 0.03892048 5.82812e-08
1761211602.144 41.457 0.03919982 6.51194e-08
1761211602.222 41.567 0.03938977 5.53544e-08
1761211602.228 41.677 0.03941119 4.92010e-08
1761211602.276 41.786 0.03944099 4.64111e-08
1761211602.326 41.895 0.03945961 4.41993e-08
1761211602.376 42.004 0.03952758 4.38643e-08
1761211602.426 42.113 0.03963653 4.41349e-08
1761211602.477 42.222 0.03978271 5.76093e-08
1761211602.527 42.330 0.03992425 6.08317e-08
1761211602.577 42.438 0.04003040 6.26980e-08
1761211602.627 42.545 0.04013003 6.70899e-08
1761211602.677 42.652 0.04019707 6.87297e-08
1761211602.760 42.760 0.04035629 4.32897e-08
1761211602.810 42.866 0.04043916 4.39099e-08
1761211602.862 42.973 0.04052855 5.26730e-08
1761211602.912 43.079 0.04062074 5.47279e-08
1761211602.962 43.185 0.04070919 4.83913e-08
1761211602.969 43.291 0.04071478 -2.42480e-09
1761211602.975 43.396 0.04074271 5.09280e-08
1761211603.024 43.502 0.04078462 6.21793e-08
1761211603.030 43.606 0.04082372 2.79220e-09
1761211603.078 43.711 0.04092428 5.32784e-08
1761211603.085 43.816 0.04094663 6.24420e-09
1761211603.095 43.920 0.04094663 5.17502e-08
1761211603.144 44.024 0.04110679 6.88013e-08
1761211603.194 44.128 0.04128557 6.72254e-08
1761211603.244 44.231 0.04152393 7.42720e-08
1761211603.319 44.334 0.04186473 1.04858e-08
1761211603.325 44.437 0.04190756 4.67323e-08
1761211603.376 44.540 0.04200813 4.82723e-08
1761211603.424 44.643 0.04205561 5.50284e-08
1761211603.430 44.745 0.04207424 -6.40030e-09
1761211603.477 44.847 0.04214035 5.42567e-08
1761211603.548 44.949 0.04224184 -1.12379e-08
1761211603.598 45.050 0.04237871 -1.10282e-08
1761211603.666 45.152 0.04255563 -1.13650e-09
1761211603.716 45.253 0.04266644 -6.16700e-10
1761211603.725 45.354 0.04266644 6.42229e-08
1761211603.773 45.455 0.04275303 6.27651e-08
1761211603.780 45.555 0.04278376 1.47289e-08
1761211603.786 45.655 0.04279959 1.06798e-08
1761211603.794 45.755 0.04279959 4.85714e-08
1761211603.856 45.855 0.04289177 6.82826e-08
1761211603.864 45.955 0.04289177 1.70717e-08
1761211603.912 46.054 0.04303516 3.82621e-08
1761211603.963 46.153 0.04321860 3.43848e-08
1761211604.013 46.252 0.04345231 3.04892e-08
1761211604.063 46.351 0.04365251 1.55884e-08
1761211604.113 46.449 0.04381545 2.07357e-08
1761211604.163 46.548 0.04390578 1.83180e-08
1761211604.213 46.646 0.04395792 1.56802e-08
1761211604.219 46.744 0.04394116 1.18122e-08
1761211604.226 46.842 0.04396630 4.87662e-08
1761211604.274 46.939 0.04398306 6.01010e-08
1761211604.325 47.036 0.04410876 5.28178e-08
1761211604.394 47.133 0.04425029 4.96730e-08
1761211604.445 47.230 0.04443373 5.28536e-08
1761211604.455 47.327 0.04443373 8.09770e-09
1761211604.464 47.424 0.04448401 5.77217e-08
1761211604.514 47.520 0.04463672 -8.33890e-09
1761211604.564 47.616 0.04474100 -7.18700e-09
1761211604.614 47.712 0.04482294 -6.71730e-09
1761211604.664 47.808 0.04494492 -5.65920e-09
1761211604.714 47.903 0.04506038 -5.89840e-09
1761211604.764 47.998 0.04516560 -5.86530e-09
1761211604.814 48.094 0.04526058 -5.00000e-09
1761211604.864 48.189 0.04535090 -3.06180e-09
1761211604.931 48.283 0.04545146 -6.90650e-09
1761211604.982 48.378 0.04553806 -4.93190e-09
1761211605.034 48.472 0.04561627 1.96708e-08
1761211605.041 48.567 0.04560975 5.90410e-08
1761211605.048 48.661 0.04562837 -6.07290e-09
1761211605.097 48.755 0.04572242 -1.10135e-08
1761211605.165 48.848 0.04584440 -9.84500e-10
1761211605.215 48.942 0.04599338 -1.30920e-09
1761211605.265 49.035 0.04611070 -8.62600e-10
1761211605.315 49.128 0.04625968 1.83610e-09
1761211605.324 49.221 0.04625968 6.24735e-08
1761211605.373 49.314 0.04633976 6.13072e-08
1761211605.380 49.407 0.04637887 2.86370e-09
1761211605.428 49.499 0.04643194 5.04637e-08
1761211605.502 49.591 0.04657255 5.95090e-09
1761211605.509 49.683 0.04659862 4.48565e-08
1761211605.558 49.775 0.04672897 4.86661e-08
1761211605.607 49.867 0.04685840 5.22405e-08
1761211605.613 49.959 0.04685840 -1.22265e-08
1761211605.661 50.050 0.04698131 4.79668e-08
1761211605.711 50.141 0.04709026 4.90257e-08
1761211605.761 50.232 0.04721410 4.81450e-08
1761211605.815 50.323 0.04732118 1.41993e-08
1761211605.863 50.414 0.04742826 -1.18991e-08
1761211605.914 50.505 0.04751392 -1.13471e-08
1761211605.963 50.595 0.04758934 -1.06706e-08
1761211606.039 50.686 0.04770760 7.08560e-08
1761211606.045 50.776 0.04772995 2.80678e-08
1761211606.054 50.866 0.04772995 8.21910e-09
1761211606.063 50.955 0.04775415 7.65151e-08
1761211606.073 51.045 0.04774671 4.70580e-08
1761211606.083 51.135 0.04776533 5.04771e-08
1761211606.093 51.224 0.04778674 1.45145e-07
1761211606.103 51.313 0.04779978 1.69893e-07
1761211606.113 51.402 0.04781375 2.26161e-07
1761211606.123 51.491 0.04782678 3.10135e-07
1761211606.133 51.580 0.04784354 4.08856e-07
1761211606.143 51.668 0.04786217 6.20756e-07
1761211606.153 51.757 0.04787986 6.72700e-07
1761211606.163 51.845 0.04791338 1.05199e-06
1761211606.173 51.933 0.04792362 1.34911e-06
1761211606.183 52.021 0.04796738 1.64308e-06
1761211606.193 52.109 0.04798880 2.72559e-06
1761211606.203 52.196 0.04800277 3.61643e-06
1761211606.213 52.284 0.04805212 6.17059e-06
1761211606.223 52.371 0.04809867 8.42842e-06
1761211606.233 52.459 0.04815920 1.02388e-05
1761211606.243 52.546 0.04821134 1.04400e-05
1761211606.253 52.633 0.04827745 9.19644e-06
1761211606.263 52.719 0.04833518 9.34467e-06
1761211606.273 52.806 0.04838732 7.75735e-06
1761211606.283 52.893 0.04849720 4.37226e-06
1761211606.294 52.979 0.04858100 1.17611e-06
1761211606.303 53.065 0.04867505 7.70046e-07
1761211606.313 53.151 0.04875233 4.68310e-07
1761211606.323 53.237 0.04885662 1.60138e-07
1761211606.333 53.323 0.04896370 4.64881e-08
1761211606.343 53.409 0.04905309 9.07432e-08
1761211606.391 53.494 0.04958569 4.60990e-08
1761211606.441 53.580 0.05007640 4.49346e-08
1761211606.491 53.665 0.05047772 4.96475e-08
1761211606.541 53.750 0.05070865 6.20277e-08
1761211606.592 53.835 0.05078034 6.19285e-08
1761211606.599 53.920 0.05080827 6.40619e-08
1761211606.606 54.005 0.05080548 1.25801e-07
1761211606.613 54.089 0.05080548 7.26513e-08
1761211606.623 54.174 0.05079244 7.41658e-08
1761211606.633 54.258 0.05080734 6.64692e-08
1761211606.643 54.342 0.05078313 1.49209e-07
1761211606.653 54.426 0.05077475 9.14607e-08
1761211606.663 54.510 0.05077662 1.11544e-07
1761211606.673 54.594 0.05075706 5.77860e-08
1761211606.683 54.678 0.05077755 6.59265e-08
1761211606.693 54.761 0.05075892 1.03982e-07
1761211606.703 54.845 0.05074868 8.46922e-08
1761211606.713 54.928 0.05075799 1.10375e-07
1761211606.723 55.011 0.05076079 8.15339e-08
1761211606.733 55.094 0.05080362 6.14018e-08
1761211606.743 55.177 0.05081013 1.18583e-07
1761211606.753 55.260 0.05085018 6.01001e-08
1761211606.769 55.342 0.05092001 3.92787e-08
1761211606.776 55.425 0.05099264 8.03626e-08
1761211606.826 55.507 0.05134554 6.54363e-07
1761211606.833 55.590 0.05140048 1.22178e-06
1761211606.843 55.672 0.05148056 3.07038e-06
1761211606.853 55.754 0.05148056 5.46114e-06
1761211606.863 55.836 0.05157833 1.64769e-05
1761211606.873 55.918 0.05166771 3.57277e-05
1761211606.883 55.999 0.05178317 3.40762e-05
1761211606.893 56.081 0.05187442 3.28935e-05
1761211606.903 56.162 0.05196661 2.19519e-05
1761211606.913 56.244 0.05207182 2.37781e-06
1761211606.923 56.325 0.05213979 9.14407e-07
1761211606.933 56.406 0.05222918 1.00702e-06
1761211606.943 56.487 0.05229716 1.80874e-06
1761211606.953 56.568 0.05238655 1.78401e-06
1761211606.963 56.649 0.05247221 1.46620e-06
1761211606.973 56.729 0.05253553 1.04418e-06
1761211606.983 56.810 0.05261468 2.74974e-07
1761211606.993 56.890 0.05266030 2.53492e-07
1761211607.003 56.971 0.05273293 8.40777e-08
1761211607.013 57.051 0.05279718 8.98510e-08
1761211607.023 57.131 0.05282884 3.89806e-08
1761211607.033 57.211 0.05288843 6.76104e-08
1761211607.043 57.291 0.05299737 2.26379e-07
1761211607.053 57.371 0.05299737 1.64985e-07
1761211607.063 57.450 0.05305231 2.17029e-07
1761211607.076 57.530 0.05317708 2.32315e-07
1761211607.085 57.609 0.05322177 1.10860e-07
1761211607.093 57.688 0.05322177 1.09503e-07
1761211607.123 57.768 0.05347225 4.27931e-08
1761211607.146 57.847 0.05360075 -4.00920e-09
1761211607.196 57.926 0.05394806 1.32093e-07
1761211607.203 58.005 0.05394806 3.79832e-07
1761211607.213 58.083 0.05403186 6.01446e-07
1761211607.223 58.162 0.05410170 7.05802e-07
1761211607.233 58.241 0.05420226 5.72707e-07
1761211607.243 58.319 0.05425254 7.13680e-07
1761211607.253 58.397 0.05432517 4.02928e-07
1761211607.262 58.476 0.05440245 6.00727e-08
1761211607.273 58.554 0.05444901 3.94979e-08
1761211607.283 58.632 0.05451605 2.99157e-08
1761211607.292 58.710 0.05457006 7.81652e-08
1761211607.343 58.788 0.05481215 1.43502e-07
1761211607.353 58.865 0.05486150 1.18565e-07
1761211607.363 58.943 0.05486150 1.60162e-07
1761211607.372 59.020 0.05487919 1.18888e-07
1761211607.382 59.098 0.05492668 1.06053e-07
1761211607.392 59.175 0.05496486 1.26093e-07
1761211607.402 59.252 0.05501142 5.98152e-08
1761211607.412 59.329 0.05504959 8.77810e-08
1761211607.422 59.406 0.05506542 4.28074e-08
1761211607.432 59.483 0.05512408 2.59087e-08
1761211607.442 59.560 0.05515481 9.58551e-08
1761211607.452 59.637 0.05520509 4.72552e-08
1761211607.462 59.713 0.05525817 8.90184e-08
1761211607.472 59.790 0.05529075 1.57421e-07
1761211607.482 59.866 0.05534569 4.63567e-07
1761211607.492 59.943 0.05538946 1.02250e-06
1761211607.502 60.019 0.05544998 1.88734e-06
1761211607.512 60.095 0.05550585 4.24470e-06
1761211607.522 60.171 0.05553750 7.32116e-06
1761211607.532 60.247 0.05559058 1.75519e-05
1761211607.542 60.323 0.05565017 4.18636e-05
1761211607.552 60.399 0.05571070 6.35979e-05
1761211607.562 60.474 0.05577960 8.24089e-05
1761211607.572 60.550 0.05584385 8.56311e-05
1761211607.582 60.625 0.05591927 7.50797e-05
1761211607.592 60.701 0.05597141 6.54242e-05
1761211607.602 60.776 0.05604870 4.34183e-05
1761211607.612 60.851 0.05611947 9.89985e-06
1761211607.622 60.926 0.05618744 2.93318e-06
1761211607.632 61.001 0.05628241 1.29876e-06
1761211607.642 61.076 0.05633828 7.73883e-07
1761211607.672 61.151 0.05657386 2.26466e-07
1761211607.726 61.226 0.05709064 3.20509e-07
1761211607.732 61.300 0.05715209 6.01267e-07
1761211607.742 61.375 0.05715209 1.32505e-06
1761211607.752 61.449 0.05723683 3.47320e-06
1761211607.762 61.524 0.05730760 3.99227e-06
1761211607.772 61.598 0.05738208 4.13639e-06
1761211607.782 61.672 0.05747613 3.79825e-06
1761211607.792 61.746 0.05752175 2.68864e-06
1761211607.802 61.820 0.05758135 6.18724e-07
1761211607.812 61.894 0.05762697 4.94016e-07
1761211607.822 61.968 0.05765211 4.38738e-07
1761211607.832 62.042 0.05773033 7.36550e-07
1761211607.842 62.115 0.05777223 1.21870e-06
1761211607.852 62.189 0.05781040 1.02869e-06
1761211607.862 62.262 0.05783275 1.05974e-06
1761211607.872 62.336 0.05786068 8.96851e-07
1761211607.882 62.409 0.05791097 7.95001e-07
1761211607.892 62.482 0.05791562 6.20511e-07
1761211607.902 62.555 0.05797242 4.13049e-07
1761211607.912 62.628 0.05800315 1.25181e-07
1761211607.922 62.701 0.05801526 6.76230e-08
1761211607.932 62.774 0.05805622 6.73105e-08
1761211607.942 62.847 0.05808043 1.33694e-07
1761211607.952 62.920 0.05812792 9.63892e-08
1761211607.962 62.992 0.05817913 1.74468e-07
1761211607.972 63.065 0.05821173 1.88683e-07
1761211607.982 63.137 0.05827783 1.35435e-07
1761211607.992 63.210 0.05833557 2.44286e-07
1761211608.002 63.282 0.05839422 1.32559e-07
1761211608.012 63.354 0.05845661 1.73512e-07
1761211608.024 63.426 0.05860094 1.91737e-07
1761211608.032 63.498 0.05865495 8.95837e-08
1761211608.042 63.570 0.05865495 9.85141e-08
1761211608.090 63.642 0.05903205 1.71521e-07
1761211608.099 63.714 0.05912424 4.08728e-07
1761211608.104 63.786 0.05921269 6.41804e-07
1761211608.112 63.857 0.05921269 8.58098e-07
1761211608.122 63.929 0.05926949 9.69733e-07
1761211608.132 64.000 0.05936354 9.70840e-07
1761211608.142 64.072 0.05944641 9.65211e-07
1761211608.152 64.143 0.05952556 5.68536e-07
1761211608.162 64.214 0.05960191 1.99883e-07
1761211608.172 64.285 0.05967454 1.25452e-07
1761211608.182 64.356 0.05976951 8.74203e-08
1761211608.235 64.427 0.06010007 9.42507e-07
1761211608.242 64.498 0.06015500 9.92118e-07
1761211608.252 64.569 0.06015500 9.41161e-07
1761211608.262 64.640 0.06020063 6.66976e-07
1761211608.272 64.711 0.06025277 1.53080e-07
1761211608.282 64.781 0.06030864 7.77135e-08
1761211608.292 64.852 0.06033843 1.23709e-07
1761211608.302 64.922 0.06037475 8.51015e-08
1761211608.312 64.993 0.06042503 1.12181e-07
1761211608.322 65.063 0.06046414 6.29436e-08
1761211608.332 65.133 0.06052559 6.78900e-08
1761211608.342 65.203 0.06054608 1.56776e-07
1761211608.352 65.273 0.06057867 2.96608e-07
1761211608.362 65.343 0.06063547 5.06896e-07
1761211608.372 65.413 0.06065316 7.38757e-07
1761211608.382 65.483 0.06069413 1.28081e-06
1761211608.392 65.553 0.06073323 1.94543e-06
1761211608.402 65.623 0.06077793 4.15441e-06
1761211608.412 65.692 0.06082448 5.88749e-06
1761211608.422 65.762 0.06085708 9.61232e-06
1761211608.432 65.831 0.06091667 1.87544e-05
1761211608.442 65.901 0.06094367 3.51373e-05
1761211608.452 65.970 0.06100326 4.87226e-05
1761211608.462 66.039 0.06105354 5.93142e-05
1761211608.472 66.109 0.06110010 6.13622e-05
1761211608.482 66.178 0.06116156 5.90069e-05
1761211608.492 66.247 0.06121091 5.56720e-05
1761211608.502 66.316 0.06129657 5.15327e-05
1761211608.512 66.385 0.06135523 3.82059e-05
1761211608.522 66.454 0.06140645 1.79584e-05
1761211608.532 66.522 0.06148466 3.67112e-06
1761211608.542 66.591 0.06154519 2.07884e-06
1761211608.552 66.660 0.06162713 8.94538e-07
1761211608.562 66.728 0.06172024 5.78080e-07
1761211608.572 66.797 0.06177704 2.28074e-07
1761211608.582 66.865 0.06186270 4.99873e-08
1761211608.592 66.933 0.06191577 9.79855e-08
1761211608.602 67.002 0.06200982 4.37665e-08
1761211608.612 67.070 0.06208152 8.11112e-08
1761211608.622 67.138 0.06216066 5.11741e-08
1761211608.632 67.206 0.06224260 1.06173e-07
1761211608.642 67.274 0.06229847 3.61858e-07
1761211608.652 67.342 0.06237482 1.67744e-07
1761211608.662 67.410 0.06251915 4.18213e-07
1761211608.672 67.478 0.06251915 4.33308e-07
1761211608.682 67.545 0.06260574 5.70595e-07
1761211608.692 67.613 0.06265789 5.01185e-07
1761211608.702 67.681 0.06274262 2.84727e-07
1761211608.712 67.748 0.06281897 1.10696e-07
1761211608.722 67.816 0.06287484 6.90157e-08
1761211608.732 67.883 0.06294281 8.18576e-08
1761211608.742 67.950 0.06298751 1.25763e-07
1761211608.785 68.017 0.06328734 5.49343e-08
1761211608.792 68.085 0.06328734 1.27825e-07
1761211608.802 68.152 0.06335903 6.77644e-08
1761211608.812 68.219 0.06341490 1.01403e-07
1761211608.822 68.286 0.06345960 7.59362e-08
1761211608.832 68.353 0.06352757 1.20450e-07
1761211608.842 68.420 0.06357412 1.94832e-07
1761211608.852 68.486 0.06363372 2.08119e-07
1761211608.862 68.553 0.06373242 4.53416e-07
1761211608.872 68.620 0.06373242 7.23269e-07
1761211608.882 68.686 0.06379946 1.34371e-06
1761211608.892 68.753 0.06383298 2.66225e-06
1761211608.902 68.819 0.06388978 3.71593e-06
1761211608.912 68.886 0.06395403 4.17147e-06
1761211608.922 68.952 0.06399407 4.43606e-06
1761211608.932 69.018 0.06405739 4.26097e-06
1761211608.942 69.085 0.06411139 3.88988e-06
1761211608.952 69.151 0.06415702 3.37823e-06
1761211608.962 69.217 0.06419240 2.06133e-06
1761211608.972 69.283 0.06425106 7.61237e-07
1761211608.982 69.349 0.06431158 3.59752e-07
1761211608.992 69.415 0.06433207 2.76719e-07
1761211609.002 69.481 0.06437397 1.11859e-07
1761211609.011 69.546 0.06443077 1.28503e-07
1761211609.022 69.612 0.06448198 7.35902e-08
1761211609.031 69.678 0.06456485 7.10075e-08
1761211609.041 69.743 0.06458907 1.09424e-07
1761211609.052 69.809 0.06463748 6.78760e-08
1761211609.061 69.874 0.06470639 1.29439e-07
1761211609.071 69.940 0.06475667 1.37947e-07
1761211609.081 70.005 0.06483675 1.87809e-07
1761211609.091 70.070 0.06489354 2.60529e-07
1761211609.101 70.135 0.06496152 2.35329e-07
1761211609.111 70.201 0.06500714 2.96522e-07
1761211609.121 70.266 0.06506767 3.43942e-07
1761211609.131 70.331 0.06515892 4.43899e-07
1761211609.141 70.396 0.06522130 4.40580e-07
1761211609.151 70.461 0.06526693 3.66029e-07
1761211609.161 70.525 0.06533118 2.58762e-07
1761211609.171 70.590 0.06540008 3.14695e-07
1761211609.181 70.655 0.06547550 1.64536e-07
1761211609.191 70.720 0.06554813 7.75890e-08
1761211609.201 70.784 0.06561331 3.77760e-08
1761211609.219 70.849 0.06573994 8.30961e-08
1761211609.224 70.913 0.06581723 1.01806e-07
1761211609.272 70.978 0.06615337 3.17433e-08
1761211609.281 71.042 0.06615337 -1.97182e-08
1761211609.291 71.107 0.06619899 5.67216e-08
1761211609.337 71.171 0.06649323 4.70966e-08
1761211609.342 71.235 0.06654537 7.21607e-08
1761211609.390 71.299 0.06673160 7.61186e-08
1761211609.396 71.363 0.06677723 3.59584e-08
1761211609.402 71.427 0.06682379 7.69064e-08
1761211609.411 71.491 0.06682379 1.29419e-07
1761211609.421 71.555 0.06685265 8.97869e-08
1761211609.431 71.619 0.06689920 1.12724e-07
1761211609.441 71.683 0.06691783 1.48642e-07
1761211609.451 71.747 0.06695601 9.11263e-08
1761211609.461 71.810 0.06697556 1.31434e-07
1761211609.471 71.874 0.06697649 8.71988e-08
1761211609.481 71.938 0.06701933 1.07609e-07
1761211609.491 72.001 0.06702771 1.35499e-07
1761211609.501 72.065 0.06704819 8.26818e-08
1761211609.511 72.128 0.06706402 1.13238e-07
1761211609.521 72.191 0.06707705 6.62231e-08
1761211609.531 72.255 0.06712175 6.92882e-08
1761211609.541 72.318 0.06713292 1.10972e-07
1761211609.551 72.381 0.06715713 5.40306e-08
1761211609.561 72.444 0.06719251 8.59708e-08
1761211609.571 72.507 0.06723162 5.87627e-08
1761211609.581 72.570 0.06726980 7.13504e-08
1761211609.591 72.633 0.06728842 1.05668e-07
1761211609.601 72.696 0.06732566 5.70952e-08
1761211609.611 72.759 0.06739550 8.86397e-08
1761211609.621 72.822 0.06743647 5.50001e-08
1761211609.631 72.885 0.06750538 1.04335e-07
1761211609.641 72.947 0.06755845 3.35630e-07
1761211609.651 73.010 0.06761711 3.61794e-07
1761211609.661 73.073 0.06767671 5.41324e-07
1761211609.671 73.135 0.06772419 8.02560e-07
1761211609.681 73.198 0.06780334 1.23750e-06
1761211609.691 73.260 0.06785455 2.46921e-06
1761211609.701 73.322 0.06793463 3.61250e-06
1761211609.711 73.385 0.06801564 5.65806e-06
1761211609.721 73.447 0.06808547 1.00136e-05
1761211609.731 73.509 0.06817114 1.83501e-05
1761211609.741 73.571 0.06823446 3.56345e-05
1761211609.751 73.633 0.06829684 5.81859e-05
1761211609.761 73.696 0.06837133 7.79651e-05
1761211609.771 73.758 0.06841509 8.07422e-05
1761211609.781 73.820 0.06850634 7.86124e-05
1761211609.791 73.881 0.06857525 7.46117e-05
1761211609.801 73.943 0.06865719 5.85008e-05
1761211609.811 74.005 0.06871492 3.40033e-05
1761211609.821 74.067 0.06877358 7.88957e-06
1761211609.831 74.129 0.06885179 3.47394e-06
1761211609.841 74.190 0.06890767 1.98161e-06
1761211609.893 74.252 0.06926336 6.68975e-08
1761211609.901 74.313 0.06926336 4.42084e-08
1761211609.911 74.375 0.06931457 1.22600e-07
1761211609.921 74.436 0.06934809 3.13525e-08
1761211609.931 74.498 0.06942351 5.18138e-08
1761211609.941 74.559 0.06944865 9.39804e-08
1761211609.989 74.620 0.06970192 5.73744e-08
1761211609.996 74.682 0.06974289 -1.64450e-09
1761211610.045 74.743 0.06994495 1.61022e-08
1761211610.095 74.804 0.07011255 1.10839e-08
1761211610.145 74.865 0.07022708 1.56924e-08
1761211610.194 74.926 0.07032765 1.46360e-08
1761211610.201 74.987 0.07032765 3.49661e-08
1761211610.211 75.048 0.07032951 5.55957e-08
1761211610.221 75.109 0.07035465 1.59363e-08
1761211610.231 75.170 0.07038072 3.70878e-08
1761211610.241 75.231 0.07036675 7.74319e-08
1761211610.289 75.291 0.07043566 6.54006e-08
1761211610.295 75.352 0.07045987 -6.98160e-09
1761211610.343 75.413 0.07051387 5.35293e-08
1761211610.394 75.473 0.07067310 5.13600e-08
1761211610.424 75.534 0.07078111 1.93048e-08
1761211610.507 75.594 0.07100551 6.38777e-08
1761211610.562 75.655 0.07109769 2.58820e-08
1761211610.571 75.715 0.07109769 8.81875e-08
1761211610.581 75.775 0.07112004 6.78332e-08
1761211610.591 75.836 0.07111352 9.30400e-08
1761211610.601 75.896 0.07112470 3.94025e-08
1761211610.611 75.956 0.07113308 7.85504e-08
1761211610.621 76.016 0.07113401 4.59691e-08
1761211610.631 76.077 0.07115635 6.64567e-08
1761211610.641 76.137 0.07115728 1.06416e-07
1761211610.651 76.197 0.07117218 3.86264e-08
1761211610.661 76.257 0.07115356 8.25021e-08
1761211610.671 76.317 0.07114797 4.53206e-08
1761211610.681 76.376 0.07117963 7.27756e-08
1761211610.691 76.436 0.07118801 1.00021e-07
1761211610.701 76.496 0.07121688 3.30352e-08
1761211610.711 76.556 0.07122433 8.15326e-08
1761211610.721 76.616 0.07122898 4.83121e-08
1761211610.731 76.675 0.07125878 7.42361e-08
1761211610.741 76.735 0.07127461 1.03844e-07
1761211610.751 76.794 0.07132117 3.89573e-08
1761211610.761 76.854 0.07135934 8.01004e-08
1761211610.770 76.913 0.07138076 4.25344e-08
1761211610.781 76.973 0.07143942 6.26565e-08
1761211610.791 77.032 0.07145804 8.64945e-08
1761211610.838 77.091 0.07175414 9.55957e-08
1761211610.843 77.151 0.07184446 5.23443e-08
1761211610.850 77.210 0.07184446 4.01286e-08
1761211610.860 77.269 0.07188357 1.01217e-07
1761211610.870 77.328 0.07193571 6.92942e-08
1761211610.880 77.387 0.07200276 9.60839e-08
1761211610.890 77.446 0.07207072 1.41358e-07
1761211610.900 77.505 0.07215639 9.06097e-08
1761211610.910 77.564 0.07222437 1.39520e-07
1761211610.920 77.623 0.07226533 1.05177e-07
1761211610.930 77.682 0.07233517 1.67151e-07
1761211610.940 77.741 0.07237521 2.18926e-07
1761211610.980 77.800 0.07260147 1.96338e-07
1761211610.986 77.859 0.07263220 2.50176e-07
1761211610.992 77.917 0.07269459 2.13595e-07
1761211611.001 77.976 0.07272904 1.56768e-07
1761211611.010 78.035 0.07272904 1.81927e-07
1761211611.020 78.093 0.07276163 9.90570e-08
1761211611.030 78.152 0.07281936 9.14570e-08
1761211611.040 78.210 0.07286033 9.04382e-08
1761211611.091 78.269 0.07308753 1.41194e-07
1761211611.101 78.327 0.07311267 9.25396e-08
1761211611.110 78.385 0.07311267 1.48026e-07
1761211611.120 78.444 0.07313501 1.45360e-07
1761211611.130 78.502 0.07320206 1.91122e-07
1761211611.140 78.560 0.07324396 3.08816e-07
1761211611.150 78.618 0.07328586 3.34859e-07
1761211611.160 78.676 0.07331845 4.72087e-07
1761211611.170 78.734 0.07335104 5.50882e-07
1761211611.180 78.792 0.07341715 7.28047e-07
1761211611.190 78.850 0.07343950 1.02172e-06
1761211611.200 78.908 0.07348233 1.35568e-06
1761211611.210 78.966 0.07351305 2.28746e-06
1761211611.220 79.024 0.07354564 2.88220e-06
1761211611.230 79.082 0.07358848 3.89742e-06
1761211611.240 79.140 0.07360710 4.93621e-06
1761211611.250 79.198 0.07366949 5.89396e-06
1761211611.260 79.255 0.07372442 6.98817e-06
1761211611.270 79.313 0.07374770 7.09504e-06
1761211611.280 79.371 0.07379426 7.23583e-06
1761211611.290 79.428 0.07382312 7.19196e-06
1761211611.300 79.486 0.07387154 6.86055e-06
1761211611.310 79.543 0.07392741 6.60279e-06
1761211611.320 79.601 0.07396559 5.93995e-06
1761211611.330 79.658 0.07401680 4.94586e-06
1761211611.340 79.715 0.07405683 3.80964e-06
1761211611.350 79.773 0.07411084 2.12540e-06
1761211611.360 79.830 0.07415740 9.03690e-07
1761211611.370 79.887 0.07421420 4.18875e-07
1761211611.380 79.945 0.07427938 2.35834e-07
1761211611.390 80.002 0.07431662 1.69965e-07
1761211611.400 80.059 0.07437714 9.50357e-08
1761211611.410 80.116 0.07445164 1.11983e-07
1761211611.420 80.173 0.07448795 3.06136e-08
1761211611.430 80.230 0.07457548 4.80828e-08
1761211611.440 80.287 0.07460341 7.17259e-08
1761211611.516 80.344 0.07508853 -1.02178e-08
1761211611.523 80.401 0.07515744 4.31144e-08
1761211611.571 80.458 0.07542095 5.40830e-08
1761211611.580 80.514 0.07542095 -2.06666e-08
1761211611.590 80.571 0.07545540 4.82287e-08
1761211611.632 80.628 0.07563232 -7.04040e-10
1761211611.640 80.685 0.07563232 1.14755e-08
1761211611.650 80.741 0.07567049 -6.59080e-10
1761211611.660 80.798 0.07567142 4.57917e-09
1761211611.670 80.854 0.07570215 -1.40918e-08
1761211611.680 80.911 0.07572822 5.68215e-09
1761211611.690 80.967 0.07570308 -1.05285e-08
1761211611.700 81.024 0.07572916 -1.42729e-08
1761211611.710 81.080 0.07573847 -6.76489e-09
1761211611.724 81.137 0.07576267 2.92389e-08
1761211611.730 81.193 0.07576267 -3.43332e-08
1761211611.740 81.249 0.07576174 2.97720e-08
1761211611.750 81.305 0.07578037 -3.94799e-08
1761211611.791 81.362 0.07586882 5.25223e-09
1761211611.800 81.418 0.07586882 -9.22621e-09
1761211611.810 81.474 0.07589583 3.42197e-09
1761211611.820 81.530 0.07592469 -8.87791e-09
1761211611.830 81.586 0.07597218 1.68363e-08
1761211611.840 81.642 0.07600942 5.64034e-09
1761211611.850 81.698 0.07604854 1.83626e-08
1761211611.864 81.754 0.07613140 4.77666e-08
1761211611.872 81.810 0.07618355 9.11840e-08
1761211611.881 81.866 0.07622545 7.54301e-08
1761211611.890 81.922 0.07622545 1.28682e-07
1761211611.900 81.977 0.07627946 5.88955e-08
1761211611.910 82.033 0.07633718 1.11531e-07
1761211611.920 82.089 0.07638281 6.11069e-08
1761211611.930 82.145 0.07644426 1.09241e-07
1761211611.940 82.200 0.07648616 1.30511e-07
1761211611.950 82.256 0.07654948 6.51456e-08
1761211611.960 82.311 0.07660442 9.60322e-08
1761211611.970 82.367 0.07663980 3.81439e-08
1761211611.980 82.422 0.07670312 7.06399e-08
1761211611.990 82.478 0.07673664 7.47765e-08
1761211612.077 82.533 0.07719383 3.54868e-08
1761211612.083 82.589 0.07724411 1.51583e-08
1761211612.090 82.644 0.07724411 5.12272e-08
1761211612.139 82.699 0.07746851 6.10515e-08
1761211612.188 82.755 0.07764822 5.58951e-08
1761211612.195 82.810 0.07769105 -4.19810e-09
1761211612.202 82.865 0.07769664 6.59406e-08
1761211612.210 82.920 0.07769664 5.72349e-08
1761211612.220 82.975 0.07771060 1.29158e-08
1761211612.230 83.030 0.07775344 7.29807e-08
1761211612.240 83.085 0.07775251 1.28477e-07
1761211612.250 83.140 0.07778323 8.71283e-08
1761211612.260 83.195 0.07777299 1.94561e-07
1761211612.270 83.250 0.07778230 1.53425e-07
1761211612.280 83.305 0.07782235 1.92422e-07
1761211612.290 83.360 0.07781024 3.42508e-07
1761211612.300 83.415 0.07783445 2.74521e-07
1761211612.310 83.470 0.07783445 4.20744e-07
1761211612.320 83.524 0.07783911 3.62311e-07
1761211612.330 83.579 0.07786611 5.33015e-07
1761211612.340 83.634 0.07787076 6.85696e-07
1761211612.350 83.689 0.07788752 7.01420e-07
1761211612.360 83.743 0.07791359 8.95064e-07
1761211612.370 83.798 0.07794619 9.70006e-07
1761211612.380 83.852 0.07798157 1.13555e-06
1761211612.390 83.907 0.07800112 1.40917e-06
1761211612.400 83.961 0.07802533 1.46676e-06
1761211612.410 84.016 0.07806630 1.84701e-06
1761211612.420 84.070 0.07811565 2.42050e-06
1761211612.430 84.124 0.07818269 2.81082e-06
1761211612.440 84.179 0.07822832 3.66815e-06
1761211612.450 84.233 0.07828977 5.09521e-06
1761211612.460 84.287 0.07833167 6.85736e-06
1761211612.470 84.342 0.07838103 9.45158e-06
1761211612.480 84.396 0.07844434 1.29224e-05
1761211612.490 84.450 0.07848345 1.98266e-05
1761211612.500 84.504 0.07855701 3.10183e-05
1761211612.510 84.558 0.07862498 3.92541e-05
1761211612.520 84.612 0.07868364 5.37674e-05
1761211612.530 84.666 0.07876465 7.47634e-05
1761211612.540 84.720 0.07881400 9.03035e-05
1761211612.549 84.774 0.07888477 1.03324e-04
1761211612.559 84.828 0.07893784 1.00126e-04
1761211612.569 84.882 0.07900023 9.54624e-05
1761211612.579 84.936 0.07908310 8.70451e-05
1761211612.627 84.990 0.07935406 3.40899e-05
1761211612.657 85.043 0.07952166 4.33652e-07
1761211612.667 85.097 0.07957474 1.34286e-07
1761211612.672 85.151 0.07961571 1.12924e-07
1761211612.679 85.204 0.07961571 3.24557e-08
1761211612.689 85.258 0.07964457 7.78473e-08
1761211612.737 85.312 0.07985222 7.24278e-08
1761211612.744 85.365 0.07989970 7.45300e-09
1761211612.753 85.419 0.07992857 3.30167e-08
1761211612.759 85.472 0.07992857 5.17200e-08
1761211612.807 85.526 0.08005986 7.48953e-08
1761211612.857 85.579 0.08017066 8.82383e-08
1761211612.925 85.633 0.08033175 5.31032e-08
1761211612.932 85.686 0.08034106 1.32513e-08
1761211612.939 85.739 0.08034106 5.45182e-08
1761211613.005 85.793 0.08049191 5.25229e-08
1761211613.055 85.846 0.08055801 5.12679e-08
1761211613.105 85.899 0.08063158 5.23324e-08
1761211613.179 85.952 0.08072283 2.60098e-08
1761211613.227 86.006 0.08077218 1.82690e-09
1761211613.294 86.059 0.08084387 9.48550e-09
1761211613.301 86.112 0.08086436 3.63877e-08
1761211613.309 86.165 0.08086436 8.25228e-08
1761211613.319 86.218 0.08085598 1.05115e-08
1761211613.329 86.271 0.08087926 6.17275e-08
1761211613.339 86.324 0.08088205 8.48623e-08
1761211613.387 86.377 0.08091650 7.54901e-08
1761211613.394 86.430 0.08092954 1.00131e-08
1761211613.442 86.483 0.08100961 6.99305e-08
1761211613.449 86.535 0.08100961 1.69206e-08
1761211613.459 86.588 0.08103290 6.05535e-08
1761211613.469 86.641 0.08105804 6.66460e-09
1761211613.479 86.694 0.08107666 6.12569e-08
1761211613.489 86.747 0.08108131 6.95086e-08
1761211613.537 86.799 0.08122564 6.34279e-08
1761211613.543 86.852 0.08127033 -5.86920e-09
1761211613.584 86.905 0.08137462 1.04723e-08
1761211613.598 86.957 0.08141466 -8.74960e-09
1761211613.603 87.010 0.08144445 4.20993e-08
1761211613.609 87.062 0.08144445 1.89137e-08
1761211613.619 87.115 0.08146308 -9.55800e-09
1761211613.629 87.167 0.08150312 4.01582e-08
1761211613.721 87.220 0.08177314 5.02180e-08
1761211613.729 87.272 0.08177314 -1.92924e-08
1761211613.739 87.324 0.08179456 6.62256e-08
1761211613.788 87.377 0.08192213 4.49109e-08
1761211613.798 87.429 0.08194075 -2.11100e-08
1761211613.807 87.481 0.08196961 4.84879e-08
1761211613.855 87.534 0.08208414 3.96187e-08
1761211613.860 87.586 0.08208787 -1.15761e-08
1761211613.908 87.638 0.08214467 4.55373e-08
1761211613.915 87.690 0.08215398 -7.37390e-09
1761211613.921 87.742 0.08220333 4.34877e-08
1761211613.929 87.794 0.08220333 -1.39935e-08
1761211613.976 87.846 0.08228155 -4.01820e-09
1761211614.027 87.898 0.08238025 -6.34000e-09
1761211614.077 87.950 0.08250595 -9.74460e-09
1761211614.127 88.002 0.08261396 -1.25186e-08
1761211614.176 88.054 0.08270242 -7.90810e-09
1761211614.182 88.106 0.08270801 8.28780e-09
1761211614.189 88.158 0.08270801 5.27177e-08
1761211614.283 88.210 0.08279460 5.16030e-08
1761211614.292 88.262 0.08282533 9.28239e-08
1761211614.299 88.314 0.08282533 6.15153e-08
1761211614.309 88.365 0.08283650 1.15901e-07
1761211614.319 88.417 0.08284767 8.31139e-08
1761211614.328 88.469 0.08287654 1.33803e-07
1761211614.339 88.520 0.08286909 1.49793e-07
1761211614.349 88.572 0.08289144 1.02776e-07
1761211614.358 88.624 0.08289423 1.81291e-07
1761211614.368 88.675 0.08290634 1.52529e-07
1761211614.378 88.727 0.08294172 1.86943e-07
1761211614.388 88.778 0.08292589 2.56547e-07
1761211614.398 88.830 0.08295569 2.02912e-07
1761211614.408 88.881 0.08296686 3.03539e-07
1761211614.418 88.933 0.08298734 2.78948e-07
1761211614.428 88.984 0.08302087 3.65757e-07
1761211614.438 89.035 0.08303390 4.27275e-07
1761211614.448 89.087 0.08307208 4.13899e-07
1761211614.458 89.138 0.08310187 5.06426e-07
1761211614.468 89.189 0.08313912 5.49687e-07
1761211614.478 89.240 0.08317171 6.17224e-07
1761211614.488 89.292 0.08318381 7.84234e-07
1761211614.498 89.343 0.08323596 7.98327e-07
1761211614.508 89.394 0.08326203 9.62604e-07
1761211614.518 89.445 0.08328065 1.05051e-06
1761211614.528 89.496 0.08333839 1.19040e-06
1761211614.538 89.547 0.08337842 1.45431e-06
1761211614.548 89.598 0.08343709 1.61798e-06
1761211614.558 89.649 0.08348178 1.61588e-06
1761211614.568 89.700 0.08352833 1.66432e-06
1761211614.578 89.751 0.08359258 1.80084e-06
1761211614.588 89.802 0.08362610 1.77051e-06
1761211614.598 89.853 0.08369035 1.58051e-06
1761211614.608 89.904 0.08374715 1.54174e-06
1761211614.618 89.955 0.08379371 1.38493e-06
1761211614.628 90.006 0.08386354 1.35075e-06
1761211614.638 90.056 0.08390545 1.15623e-06
1761211614.648 90.107 0.08396969 8.17513e-07
1761211614.658 90.158 0.08402835 6.04855e-07
1761211614.668 90.209 0.08407398 3.16185e-07
1761211614.678 90.259 0.08412706 2.16613e-07
1761211614.688 90.310 0.08415406 9.28547e-08
1761211614.698 90.361 0.08422948 1.14769e-08
1761211614.708 90.411 0.08427883 5.60888e-08
1761211614.718 90.462 0.08432446 8.79510e-09
1761211614.728 90.512 0.08439429 4.77708e-08
1761211614.776 90.563 0.08462614 7.68410e-09
1761211614.783 90.613 0.08466339 1.59656e-08
1761211614.812 90.664 0.08479188 5.98923e-08
1761211614.823 90.714 0.08484403 6.92265e-08
1761211614.871 90.764 0.08506377 5.15714e-08
1761211614.924 90.815 0.08523324 5.68975e-08
1761211614.973 90.865 0.08532077 5.53531e-08
1761211615.023 90.915 0.08540829 5.17572e-08
1761211615.074 90.966 0.08545951 4.98684e-08
1761211615.081 91.016 0.08543623 1.77244e-08
1761211615.088 91.066 0.08543623 5.29836e-08
1761211615.136 91.116 0.08548279 7.15673e-08
1761211615.143 91.167 0.08547720 1.46214e-08
1761211615.148 91.217 0.08549023 1.26000e-08
1761211615.158 91.267 0.08549023 5.01007e-08
1761211615.168 91.317 0.08551351 6.68680e-09
1761211615.178 91.367 0.08552748 5.10642e-08
1761211615.226 91.417 0.08558055 6.07020e-09
1761211615.232 91.467 0.08559638 1.66086e-08
1761211615.238 91.517 0.08559638 5.45855e-08
1761211615.248 91.567 0.08561873 2.63870e-09
1761211615.258 91.617 0.08562339 5.01529e-08
1761211615.268 91.667 0.08564294 1.02804e-08
1761211615.278 91.716 0.08569043 5.30707e-08
1761211615.355 91.766 0.08592507 5.01757e-08
1761211615.404 91.816 0.08610572 5.70461e-08
1761211615.410 91.866 0.08612154 -5.37750e-09
1761211615.460 91.916 0.08628263 8.91880e-09
1761211615.509 91.965 0.08637667 6.01560e-09
1761211615.560 92.015 0.08642603 5.49810e-09
1761211615.628 92.065 0.08649586 -3.62070e-09
1761211615.678 92.114 0.08653124 -3.40420e-09
1761211615.727 92.164 0.08656383 -4.14100e-10
1761211615.778 92.214 0.08662901 2.53520e-09
1761211615.784 92.263 0.08660480 6.77039e-08
1761211615.790 92.313 0.08661877 5.65539e-08
1761211615.837 92.362 0.08667184 6.64423e-08
1761211615.843 92.412 0.08670071 8.27860e-09
1761211615.849 92.461 0.08669792 3.24365e-08
1761211615.858 92.511 0.08669792 5.91242e-08
1761211615.907 92.560 0.08675006 6.34752e-08
1761211615.914 92.609 0.08676310 2.62932e-08
1761211615.920 92.659 0.08678265 6.52934e-08
1761211615.928 92.708 0.08678265 2.70683e-08
1761211615.938 92.757 0.08677893 4.51403e-08
1761211615.948 92.807 0.08681524 7.53750e-09
1761211615.958 92.856 0.08683014 6.23235e-08
1761211615.968 92.905 0.08685062 3.41469e-08
1761211615.978 92.954 0.08688694 6.16893e-08
1761211615.988 93.004 0.08688973 5.04911e-08
1761211615.998 93.053 0.08692325 1.47990e-09
1761211616.008 93.102 0.08693070 6.26754e-08
1761211616.018 93.151 0.08695863 3.26701e-08
1761211616.028 93.200 0.08700240 6.22418e-08
1761211616.038 93.249 0.08701636 4.28467e-08
1761211616.048 93.298 0.08704150 6.01470e-09
1761211616.058 93.347 0.08706571 6.31109e-08
1761211616.068 93.396 0.08710762 2.81251e-08
1761211616.078 93.445 0.08715324 5.80037e-08
1761211616.125 93.494 0.08736088 4.32080e-09
1761211616.131 93.543 0.08738788 8.04700e-09
1761211616.137 93.592 0.08738788 5.69240e-08
1761211616.147 93.640 0.08742606 -4.39960e-09
1761211616.158 93.689 0.08746889 5.11019e-08
1761211616.206 93.738 0.08770913 5.21974e-08
1761211616.255 93.787 0.08793074 6.50318e-08
1761211616.306 93.835 0.08810020 8.30245e-08
1761211616.313 93.884 0.08812069 3.81837e-08
1761211616.319 93.933 0.08814862 7.24340e-08
1761211616.327 93.982 0.08814862 3.34827e-08
1761211616.337 94.030 0.08816911 4.72545e-08
1761211616.347 94.079 0.08820449 1.28457e-08
1761211616.357 94.127 0.08822032 6.55783e-08
1761211616.367 94.176 0.08822591 3.33905e-08
1761211616.377 94.224 0.08823987 6.30089e-08
1761211616.387 94.273 0.08824174 4.49509e-08
1761211616.397 94.321 0.08825477 3.25990e-09
1761211616.407 94.370 0.08825756 6.42916e-08
1761211616.437 94.418 0.08827898 2.68910e-08
1761211616.503 94.467 0.08841772 6.16377e-08
1761211616.509 94.515 0.08842796 -7.92800e-09
1761211616.557 94.563 0.08857508 5.31109e-08
1761211616.607 94.612 0.08876876 5.30092e-08
1761211616.657 94.660 0.08892146 5.38702e-08
1761211616.708 94.708 0.08900806 4.68239e-08
1761211616.718 94.757 0.08900806 1.66450e-09
1761211616.728 94.805 0.08901644 4.97232e-08
1761211616.776 94.853 0.08902761 -7.74240e-09
1761211616.826 94.901 0.08906486 -1.03085e-08
1761211616.876 94.949 0.08911514 -1.13004e-08
1761211616.927 94.998 0.08919987 -1.12038e-08
1761211616.994 95.046 0.08931254 3.09000e-11
1761211617.044 95.094 0.08937120 4.30962e-08
1761211617.051 95.142 0.08936841 1.06752e-07
1761211617.057 95.190 0.08936841 1.34689e-07
1761211617.067 95.238 0.08938797 9.59598e-08
1761211617.077 95.286 0.08940286 1.82295e-07
1761211617.087 95.334 0.08939448 1.84092e-07
1761211617.097 95.382 0.08941776 2.15891e-07
1761211617.107 95.430 0.08941497 2.82703e-07
1761211617.117 95.478 0.08941310 2.80285e-07
1761211617.127 95.526 0.08943173 3.82305e-07
1761211617.137 95.573 0.08942614 3.67573e-07
1761211617.147 95.621 0.08944942 3.84612e-07
1761211617.157 95.669 0.08945035 5.06212e-07
1761211617.167 95.717 0.08945407 5.03329e-07
1761211617.177 95.765 0.08948294 5.78591e-07
1761211617.187 95.812 0.08947735 6.71598e-07
1761211617.197 95.860 0.08950808 7.32790e-07
1761211617.207 95.908 0.08952112 7.58991e-07
1761211617.217 95.955 0.08953415 9.40536e-07
1761211617.227 96.003 0.08957512 1.02743e-06
1761211617.237 96.051 0.08958350 1.18251e-06
1761211617.247 96.098 0.08962075 1.18475e-06
1761211617.257 96.146 0.08965613 1.36045e-06
1761211617.267 96.193 0.08970548 1.55641e-06
1761211617.277 96.241 0.08974086 1.71997e-06
1761211617.287 96.288 0.08977159 1.98408e-06
1761211617.297 96.336 0.08982466 2.27554e-06
1761211617.307 96.383 0.08986470 2.66919e-06
1761211617.317 96.431 0.08992057 3.00112e-06
1761211617.327 96.478 0.08998016 3.66993e-06
1761211617.337 96.525 0.08999879 4.34180e-06
1761211617.347 96.573 0.09004441 5.34578e-06
1761211617.357 96.620 0.09010214 6.17055e-06
1761211617.367 96.667 0.09014590 6.59177e-06
1761211617.377 96.715 0.09021667 7.16641e-06
1761211617.387 96.762 0.09027068 7.92454e-06
1761211617.397 96.809 0.09032561 7.75261e-06
1761211617.407 96.856 0.09037962 8.06144e-06
1761211617.417 96.904 0.09042152 7.92199e-06
1761211617.427 96.951 0.09047459 7.67587e-06
1761211617.437 96.998 0.09051650 6.88940e-06
1761211617.447 97.045 0.09058819 6.15194e-06
1761211617.457 97.092 0.09061613 5.43621e-06
1761211617.467 97.139 0.09067572 4.22790e-06
1761211617.477 97.186 0.09071856 3.35262e-06
1761211617.487 97.233 0.09075114 2.38090e-06
1761211617.497 97.280 0.09080329 1.51317e-06
1761211617.547 97.327 0.09103327 3.04146e-07
1761211617.556 97.374 0.09106121 1.07779e-07
1761211617.562 97.421 0.09110311 5.64026e-08
1761211617.567 97.468 0.09115433 9.43278e-08
1761211617.577 97.515 0.09115433 8.08140e-08
1761211617.587 97.562 0.09118785 4.68924e-08
1761211617.597 97.609 0.09124464 5.62110e-09
1761211617.607 97.656 0.09126793 6.81184e-08
1761211617.655 97.702 0.09144204 3.29785e-08
1761211617.661 97.749 0.09148674 -3.63800e-10
1761211617.711 97.796 0.09164783 -1.18799e-08
1761211617.718 97.843 0.09168135 4.70827e-08
1761211617.727 97.889 0.09168135 3.71244e-08
1761211617.768 97.936 0.09182754 1.26420e-08
1761211617.782 97.983 0.09183033 -1.04948e-08
1761211617.788 98.029 0.09187316 4.61673e-08
1761211617.797 98.076 0.09187316 -1.90231e-08
1761211617.807 98.123 0.09188247 3.68588e-08
1761211617.817 98.169 0.09190668 1.53350e-09
1761211617.827 98.216 0.09194765 3.96173e-08
1761211617.837 98.262 0.09193369 -3.61830e-09
1761211617.878 98.309 0.09203704 7.32810e-10
1761211617.887 98.355 0.09203704 9.21380e-10
1761211617.897 98.402 0.09207894 1.25571e-09
1761211617.907 98.448 0.09207522 7.98334e-09
1761211617.917 98.495 0.09210874 -7.91205e-09
1761211617.927 98.541 0.09215064 1.11282e-08
1761211617.937 98.587 0.09214226 -5.94957e-09
1761211617.947 98.634 0.09219161 1.12260e-10
1761211617.957 98.680 0.09221209 7.06482e-09
1761211617.967 98.726 0.09223165 -1.08550e-08
1761211617.976 98.773 0.09227355 7.33759e-09
1761211617.986 98.819 0.09229217 -1.43247e-08
1761211617.996 98.865 0.09232476 -3.49080e-09
1761211618.006 98.911 0.09235922 -2.98294e-09
1761211618.016 98.958 0.09238994 -1.48233e-08
1761211618.026 99.004 0.09242998 -1.13065e-09
1761211618.040 99.050 0.09250913 6.28230e-09
1761211618.046 99.096 0.09250913 -3.30509e-08
1761211618.076 99.142 0.09259479 1.13811e-08
1761211618.101 99.188 0.09270653 2.83290e-09
1761211618.169 99.235 0.09302032 -4.52335e-08
1761211618.177 99.281 0.09302032 -9.92976e-08
1761211618.187 99.327 0.09305105 -3.86488e-08
1761211618.197 99.373 0.09310784 -1.02646e-07
1761211618.207 99.419 0.09313951 -4.33138e-08
1761211618.217 99.465 0.09317396 -8.16035e-08
1761211618.226 99.511 0.09321679 -2.61846e-08
1761211618.236 99.557 0.09326614 -7.21846e-08
1761211618.246 99.602 0.09329686 -7.81369e-08
1761211618.294 99.648 0.09341605 -5.42585e-08
1761211618.300 99.694 0.09342164 9.92930e-09
1761211618.343 99.740 0.09347471 8.10827e-09
1761211618.348 99.786 0.09348589 -4.74058e-09
1761211618.356 99.832 0.09348589 1.67052e-08
1761211618.366 99.877 0.09351103 6.02352e-09
1761211618.380 99.923 0.09353803 -6.84820e-09
1761211618.386 99.969 0.09353803 4.80281e-08
1761211618.396 100.015 0.09356689 -7.73440e-09
1761211618.406 100.060 0.09356875 6.47064e-08
1761211618.454 100.106 0.09370005 5.96644e-08
1761211618.505 100.152 0.09383506 5.77668e-08
1761211618.572 100.197 0.09405015 7.22050e-08
1761211618.660 100.243 0.09422055 -2.24880e-09
1761211618.711 100.289 0.09429970 -4.48060e-09
1761211618.718 100.334 0.09428666 7.05061e-08
1761211618.726 100.380 0.09428666 2.92972e-08
1761211618.774 100.425 0.09428666 4.55281e-08
1761211618.781 100.471 0.09427549 1.86294e-08
1761211618.787 100.516 0.09427176 4.98377e-08
1761211618.853 100.562 0.09431087 5.25198e-08
1761211618.860 100.607 0.09432856 -3.21260e-09
1761211618.908 100.653 0.09439840 2.99804e-08
1761211618.916 100.698 0.09439840 1.21551e-08
1761211618.926 100.743 0.09442540 5.35136e-08
1761211618.975 100.789 0.09455948 1.15412e-08
1761211619.025 100.834 0.09465911 8.82960e-09
1761211619.075 100.879 0.09473640 5.93580e-09
1761211619.125 100.925 0.09481368 2.19240e-09
1761211619.198 100.970 0.09487141 1.53986e-08
1761211619.206 101.015 0.09487141 4.73513e-08
1761211619.254 101.061 0.09490772 5.20030e-08
1761211619.305 101.106 0.09494963 6.31004e-08
1761211619.373 101.151 0.09502971 6.04991e-08
1761211619.423 101.196 0.09508743 5.84104e-08
1761211619.430 101.241 0.09508278 1.50676e-08
1761211619.436 101.287 0.09510419 6.44128e-08
1761211619.446 101.332 0.09510419 -8.30000e-11
1761211619.456 101.377 0.09509209 7.07534e-08
1761211619.504 101.422 0.09515820 7.50209e-08
1761211619.554 101.467 0.09520010 5.32677e-08
1761211619.604 101.512 0.09528670 5.80977e-08
1761211619.674 101.557 0.09541892 9.60480e-08
1761211619.683 101.602 0.09543195 1.87138e-07
1761211619.692 101.647 0.09546827 2.06890e-07
1761211619.698 101.692 0.09546268 3.01160e-07
1761211619.749 101.737 0.09551576 1.32441e-06
1761211619.758 101.782 0.09552600 2.74294e-06
1761211619.766 101.827 0.09552600 2.25643e-06
1761211619.775 101.872 0.09554648 3.03844e-06
1761211619.785 101.917 0.09553997 3.78757e-06
1761211619.795 101.961 0.09556604 4.62687e-06
1761211619.805 102.006 0.09555766 4.88321e-06
1761211619.815 102.051 0.09556231 5.25318e-06
1761211619.825 102.096 0.09558187 5.80876e-06
1761211619.835 102.141 0.09558094 6.72383e-06
1761211619.845 102.185 0.09560142 7.35736e-06
1761211619.855 102.230 0.09559491 7.60834e-06
1761211619.865 102.275 0.09562656 8.97547e-06
1761211619.875 102.319 0.09566754 9.72830e-06
1761211619.885 102.364 0.09567032 1.01972e-05
1761211619.895 102.409 0.09569826 1.27370e-05
1761211619.905 102.453 0.09571130 1.26003e-05
1761211619.915 102.498 0.09574016 1.32980e-05
1761211619.925 102.543 0.09577182 1.43278e-05
1761211619.935 102.587 0.09577834 1.67904e-05
1761211619.945 102.632 0.09580534 1.88308e-05
1761211619.955 102.676 0.09583607 2.00186e-05
1761211619.965 102.721 0.09586586 2.40697e-05
1761211619.975 102.765 0.09592732 2.63802e-05
1761211619.985 102.810 0.09594594 2.98537e-05
1761211619.995 102.854 0.09600274 3.26981e-05
1761211620.005 102.899 0.09604930 3.62038e-05
1761211620.015 102.943 0.09608840 4.21912e-05
1761211620.025 102.988 0.09612751 4.46424e-05
1761211620.035 103.032 0.09617779 4.99312e-05
1761211620.045 103.076 0.09623553 5.68463e-05
1761211620.055 103.121 0.09626439 6.49757e-05
1761211620.065 103.165 0.09632026 7.12067e-05
1761211620.075 103.209 0.09637799 7.90439e-05
1761211620.085 103.254 0.09640965 8.31178e-05
1761211620.095 103.298 0.09646831 8.99421e-05
1761211620.105 103.342 0.09649624 8.92112e-05
1761211620.115 103.386 0.09655397 8.92138e-05
1761211620.125 103.430 0.09661543 8.77713e-05
1761211620.135 103.475 0.09665360 8.37309e-05
1761211620.145 103.519 0.09671506 7.36523e-05
1761211620.155 103.563 0.09673740 7.29829e-05
1761211620.165 103.607 0.09677558 6.11431e-05
1761211620.175 103.651 0.09682959 5.41996e-05
1761211620.185 103.695 0.09686590 4.52434e-05
1761211620.195 103.739 0.09692643 3.57505e-05
1761211620.205 103.783 0.09695250 2.56573e-05
1761211620.215 103.828 0.09699253 1.54965e-05
1761211620.225 103.872 0.09705865 1.29788e-05
1761211620.235 103.916 0.09707541 8.91708e-06
1761211620.245 103.960 0.09713873 5.36986e-06
1761211620.255 104.004 0.09715269 4.11080e-06
1761211620.301 104.047 0.09732960 2.54296e-07
1761211620.310 104.091 0.09738548 6.48354e-08
1761211620.316 104.135 0.09743575 1.24988e-07
1761211620.326 104.179 0.09743575 9.14580e-08
1761211620.335 104.223 0.09747393 4.23869e-08
1761211620.345 104.267 0.09752235 2.38233e-08
1761211620.355 104.311 0.09754097 7.22612e-08
1761211620.423 104.355 0.09780914 4.20520e-08
1761211620.474 104.398 0.09797023 7.74170e-09
1761211620.481 104.442 0.09799258 1.74046e-08
1761211620.486 104.486 0.09802610 4.55701e-08
1761211620.534 104.530 0.09808662 6.57543e-08
1761211620.540 104.573 0.09811735 4.13593e-08
1761211620.546 104.617 0.09813783 5.97290e-09
1761211620.555 104.661 0.09813783 6.07846e-08
1761211620.603 104.705 0.09819742 4.86944e-08
1761211620.653 104.748 0.09826819 4.81585e-08
1761211620.703 104.792 0.09832872 4.86300e-08
1761211620.753 104.835 0.09841624 4.87136e-08
1761211620.804 104.879 0.09850004 4.74183e-08
1761211620.855 104.923 0.09855964 7.02594e-08
1761211620.920 104.966 0.09863506 5.49767e-08
1761211620.971 105.010 0.09867696 6.85644e-08
1761211621.039 105.053 0.09872258 6.63752e-08
1761211621.046 105.097 0.09870582 3.12017e-08
1761211621.055 105.140 0.09870582 6.51921e-08
1761211621.065 105.184 0.09872072 3.01092e-08
1761211621.075 105.227 0.09875238 7.45649e-08
1761211621.124 105.271 0.09878870 5.07256e-08
1761211621.130 105.314 0.09879335 1.50499e-08
1761211621.137 105.357 0.09880359 6.07551e-08
1761211621.203 105.401 0.09886877 5.42313e-08
1761211621.253 105.444 0.09896095 5.07989e-08
1761211621.303 105.488 0.09907083 4.79365e-08
1761211621.406 105.531 0.09920585 3.16305e-08
1761211621.448 105.574 0.09925240 2.14873e-09
1761211621.455 105.617 0.09926450 2.09144e-08
1761211621.464 105.661 0.09926450 2.74484e-09
1761211621.474 105.704 0.09926637 1.64017e-08
1761211621.484 105.747 0.09925706 -3.06537e-09
1761211621.494 105.790 0.09925892 1.59423e-08
1761211621.504 105.834 0.09925147 4.53550e-09
1761211621.514 105.877 0.09927381 -1.91659e-09
1761211621.524 105.920 0.09927847 8.01823e-09
1761211621.534 105.963 0.09927568 -1.05178e-08
1761211621.544 106.006 0.09928778 1.09001e-08
1761211621.554 106.049 0.09927754 -2.21465e-09
1761211621.564 106.093 0.09928778 -1.08904e-08
1761211621.574 106.136 0.09930547 -1.62612e-09
1761211621.584 106.179 0.09930175 -1.95066e-08
1761211621.594 106.222 0.09932410 -1.97447e-09
1761211621.604 106.265 0.09932503 -1.42213e-08
1761211621.618 106.308 0.09938741 -2.04350e-09
1761211621.624 106.351 0.09938741 -3.45312e-08
1761211621.634 106.394 0.09937810 -4.92016e-08
1761211621.682 106.437 0.09954292 -5.02887e-08
1761211621.689 106.480 0.09960530 -2.36044e-08
1761211621.695 106.523 0.09963044 -5.91902e-08
1761211621.744 106.566 0.09979618 -5.40279e-08
1761211621.751 106.608 0.09983436 -1.47650e-09
1761211621.757 106.651 0.09990140 -4.46797e-08
1761211621.764 106.694 0.09990140 -6.09120e-08
1761211621.812 106.737 0.10010066 -3.16431e-08
1761211621.856 106.780 0.10024872 6.09433e-09
1761211621.864 106.823 0.10024872 -1.20436e-08
1761211621.874 106.865 0.10027572 5.10528e-09
1761211621.884 106.908 0.10027199 -1.30298e-08
1761211621.895 106.951 0.10030644 5.50734e-09
1761211621.905 106.994 0.10031296 6.71510e-10
1761211621.936 107.036 0.10038559 -8.38461e-09
1761211621.945 107.079 0.10037814 -5.43674e-09
1761211621.955 107.122 0.10037814 1.38890e-09
1761211621.964 107.165 0.10039955 -9.14616e-09
1761211621.975 107.207 0.10040514 7.48754e-09
1761211621.985 107.250 0.10039490 -1.37530e-08
1761211621.994 107.292 0.10042562 2.33976e-09
1761211622.004 107.335 0.10044053 -3.87834e-09
1761211622.014 107.378 0.10046567 -8.76501e-09
1761211622.024 107.420 0.10047498 3.82780e-09
1761211622.034 107.463 0.10048150 -1.21058e-08
1761211622.044 107.505 0.10051595 9.95033e-09
1761211622.054 107.548 0.10051502 -2.50232e-09
1761211622.064 107.590 0.10056157 -7.78601e-09
1761211622.074 107.633 0.10058857 4.44083e-09
1761211622.084 107.675 0.10059695 -1.09518e-08
1761211622.094 107.718 0.10063235 8.37551e-09
1761211622.104 107.760 0.10067145 -1.54335e-09
1761211622.114 107.803 0.10071521 -6.01852e-09
1761211622.124 107.845 0.10073290 6.87465e-09
1761211622.134 107.887 0.10076270 -8.19741e-09
1761211622.144 107.930 0.10079622 1.47571e-08
1761211622.154 107.972 0.10081484 3.94070e-09
1761211622.164 108.014 0.10086977 -1.43041e-09
1761211622.174 108.057 0.10091448 1.10400e-08
1761211622.184 108.099 0.10095358 -4.94514e-09
1761211622.194 108.141 0.10100107 1.44542e-08
1761211622.204 108.184 0.10103366 3.85684e-09
1761211622.214 108.226 0.10108395 4.90350e-10
1761211622.224 108.268 0.10113888 1.24397e-08
1761211622.234 108.310 0.10116681 -3.27362e-09
1761211622.244 108.352 0.10123571 1.95623e-08
1761211622.254 108.395 0.10126271 7.74119e-09
1761211622.264 108.437 0.10131766 4.46385e-09
1761211622.274 108.479 0.10137352 1.77400e-08
1761211622.284 108.521 0.10140518 4.20003e-09
1761211622.297 108.563 0.10147967 4.63150e-09
1761211622.304 108.605 0.10147967 3.88676e-08
1761211622.352 108.647 0.10169942 6.55422e-08
1761211622.359 108.690 0.10175622 1.30171e-08
1761211622.365 108.732 0.10179161 6.04959e-08
1761211622.374 108.774 0.10179161 7.73194e-08
1761211622.384 108.816 0.10180836 4.60982e-08
1761211622.394 108.858 0.10187168 6.92130e-08
1761211622.404 108.900 0.10190520 1.07818e-07
1761211622.414 108.942 0.10195082 6.85883e-08
1761211622.424 108.984 0.10198714 1.10097e-07
1761211622.434 109.025 0.10199180 8.87936e-08
1761211622.444 109.067 0.10204860 1.13507e-07
1761211622.494 109.109 0.10220224 1.36700e-07
1761211622.504 109.151 0.10224600 2.34756e-07
1761211622.514 109.193 0.10224600 1.67323e-07
1761211622.524 109.235 0.10227393 1.98190e-07
1761211622.534 109.277 0.10228510 1.75626e-07
1761211622.544 109.319 0.10233073 1.64411e-07
1761211622.554 109.360 0.10236890 2.05776e-07
1761211622.564 109.402 0.10238566 1.64950e-07
1761211622.574 109.444 0.10239778 1.92827e-07
1761211622.584 109.486 0.10242943 1.55698e-07
1761211622.594 109.528 0.10247133 1.70274e-07
1761211622.604 109.569 0.10249368 1.93472e-07
1761211622.614 109.611 0.10251696 1.32184e-07
1761211622.624 109.653 0.10255327 1.67419e-07
1761211622.634 109.694 0.10258120 1.15773e-07
1761211622.644 109.736 0.10262311 1.46090e-07
1761211622.654 109.778 0.10262496 1.59067e-07
1761211622.664 109.819 0.10265384 9.51317e-08
1761211622.674 109.861 0.10267898 1.27632e-07
1761211622.684 109.903 0.10269201 7.84183e-08
1761211622.694 109.944 0.10272367 1.00438e-07
1761211622.704 109.986 0.10275439 1.18220e-07
1761211622.714 110.027 0.10281585 5.26215e-08
