1761231589.733 33.802 0.03265954 6.82397e-08
1761231589.740 33.937 0.03265488 3.25866e-08
1761231589.749 34.072 0.03265488 1.16382e-08
1761231589.759 34.206 0.03265022 6.02634e-08
1761231589.807 34.339 0.03264371 3.81925e-08
1761231589.812 34.472 0.03263533 -4.27060e-09
1761231589.819 34.604 0.03263533 5.19237e-08
1761231589.829 34.736 0.03263440 -1.15295e-08
1761231589.839 34.867 0.03263160 5.68949e-08
1761231589.886 34.998 0.03270330 4.49622e-08
1761231589.937 35.129 0.03288580 4.69836e-08
1761231589.987 35.259 0.03323032 5.30137e-08
1761231590.037 35.388 0.03362792 6.15619e-08
1761231590.093 35.517 0.03399292 5.52580e-07
1761231590.099 35.646 0.03399292 1.14206e-06
1761231590.109 35.774 0.03403855 1.86937e-06
1761231590.119 35.901 0.03405717 3.91509e-06
1761231590.129 36.028 0.03409628 4.87186e-06
1761231590.139 36.155 0.03412887 5.04800e-06
1761231590.149 36.281 0.03415773 4.40094e-06
1761231590.159 36.407 0.03417542 3.61028e-06
1761231590.169 36.532 0.03414935 2.72842e-06
1761231590.179 36.657 0.03418473 1.40911e-06
1761231590.189 36.782 0.03418380 7.86463e-07
1761231590.199 36.906 0.03419218 3.53305e-07
1761231590.209 37.030 0.03420336 2.32628e-07
1761231590.219 37.153 0.03420522 1.85042e-07
1761231590.229 37.276 0.03421732 1.16872e-07
1761231590.239 37.398 0.03421081 1.40054e-07
1761231590.283 37.520 0.03439517 6.23389e-08
1761231590.290 37.642 0.03446780 4.08710e-08
1761231590.299 37.763 0.03446780 1.69210e-08
1761231590.309 37.884 0.03453950 5.77465e-08
1761231590.319 38.004 0.03460188 2.97842e-08
1761231590.329 38.125 0.03472759 -1.11190e-09
1761231590.338 38.244 0.03480673 6.26115e-08
1761231590.386 38.364 0.03539242 5.96499e-08
1761231590.437 38.483 0.03601721 6.48610e-08
1761231590.487 38.601 0.03654516 6.45248e-08
1761231590.537 38.719 0.03690551 6.54546e-08
1761231590.587 38.837 0.03703121 7.10692e-08
1761231590.637 38.955 0.03702097 7.19917e-08
1761231590.687 39.072 0.03699117 7.12468e-08
1761231590.738 39.189 0.03700235 6.97994e-08
1761231590.813 39.305 0.03714015 6.63891e-08
1761231590.837 39.422 0.03719695 5.81088e-08
1761231590.885 39.537 0.03734873 4.52889e-08
1761231590.953 39.653 0.03752844 7.38264e-08
1761231591.004 39.768 0.03762714 7.02295e-08
1761231591.054 39.883 0.03771560 6.65701e-08
1761231591.104 39.997 0.03781802 5.86270e-08
1761231591.155 40.111 0.03789344 5.95518e-08
1761231591.161 40.225 0.03790182 9.80900e-09
1761231591.168 40.339 0.03790182 5.70642e-08
1761231591.178 40.452 0.03794372 -1.17860e-08
1761231591.188 40.565 0.03795769 5.61898e-08
1761231591.236 40.677 0.03805732 4.37616e-08
1761231591.286 40.790 0.03817278 4.48548e-08
1761231591.336 40.901 0.03837298 4.70725e-08
1761231591.387 41.013 0.03859272 6.38432e-08
1761231591.435 41.124 0.03885158 4.85340e-08
1761231591.485 41.235 0.03899684 4.78819e-08
1761231591.553 41.346 0.03913837 5.12993e-08
1761231591.602 41.457 0.03920075 5.14934e-08
1761231591.653 41.567 0.03924079 5.97513e-08
1761231591.703 41.677 0.03933391 5.74869e-08
1761231591.753 41.786 0.03940188 6.53859e-08
1761231591.803 41.895 0.03951548 6.21493e-08
1761231591.911 42.004 0.03974454 6.63960e-09
1761231591.918 42.113 0.03977247 4.56122e-08
1761231591.966 42.222 0.03983299 6.18201e-08
1761231591.972 42.330 0.03986000 2.40393e-08
1761231592.020 42.438 0.03992518 6.08573e-08
1761231592.070 42.545 0.04000898 6.04761e-08
1761231592.121 42.652 0.04012723 4.80777e-08
1761231592.171 42.760 0.04026411 4.78704e-08
1761231592.221 42.866 0.04042147 4.78605e-08
1761231592.228 42.973 0.04045127 -2.60360e-09
1761231592.237 43.079 0.04045127 5.13169e-08
1761231592.285 43.185 0.04058814 4.81741e-08
1761231592.336 43.291 0.04070361 4.81005e-08
1761231592.385 43.396 0.04080696 4.93114e-08
1761231592.449 43.502 0.04103043 7.07814e-08
1761231592.458 43.606 0.04103043 3.43022e-08
1761231592.506 43.711 0.04113472 -6.85180e-09
1761231592.574 43.816 0.04130791 -6.97200e-09
1761231592.624 43.920 0.04141965 -6.71130e-09
1761231592.674 44.024 0.04151649 -6.72930e-09
1761231592.724 44.128 0.04159004 -7.88390e-09
1761231592.774 44.231 0.04167292 -8.34520e-09
1761231592.781 44.334 0.04168968 5.81486e-08
1761231592.787 44.437 0.04168968 4.70097e-08
1761231592.835 44.540 0.04176975 4.40440e-08
1761231592.885 44.643 0.04187870 4.71642e-08
1761231592.935 44.745 0.04201837 5.44551e-08
1761231593.008 44.847 0.04228560 2.68200e-10
1761231593.059 44.949 0.04242155 1.64676e-08
1761231593.067 45.050 0.04242155 5.95159e-08
1761231593.116 45.152 0.04252583 6.10218e-08
1761231593.123 45.253 0.04255843 -1.07408e-08
1761231593.171 45.354 0.04262081 4.20770e-08
1761231593.221 45.455 0.04268133 3.66903e-08
1761231593.271 45.555 0.04279307 3.44893e-08
1761231593.321 45.655 0.04295136 3.14781e-08
1761231593.372 45.755 0.04309289 2.76470e-08
1761231593.378 45.855 0.04310500 1.28825e-08
1761231593.387 45.955 0.04310500 5.14976e-08
1761231593.434 46.054 0.04323815 5.89389e-08
1761231593.485 46.153 0.04334337 5.94790e-08
1761231593.547 46.252 0.04350073 6.75106e-08
1761231593.557 46.351 0.04350073 4.83185e-08
1761231593.605 46.449 0.04365716 -3.40600e-10
1761231593.673 46.548 0.04381266 -5.29740e-09
1761231593.723 46.646 0.04392440 -3.86950e-09
1761231593.773 46.744 0.04404172 -3.28740e-09
1761231593.824 46.842 0.04414508 5.39100e-10
1761231593.874 46.939 0.04420933 -8.28700e-10
1761231593.924 47.036 0.04429406 1.83250e-09
1761231593.931 47.133 0.04429965 6.14434e-08
1761231593.936 47.230 0.04429965 4.93525e-08
1761231593.985 47.327 0.04437041 5.83196e-08
1761231594.034 47.424 0.04445515 6.08826e-08
1761231594.108 47.520 0.04468327 1.63529e-08
1761231594.117 47.616 0.04468327 6.17033e-08
1761231594.165 47.712 0.04484436 6.22741e-08
1761231594.172 47.808 0.04490023 -5.24540e-09
1761231594.220 47.903 0.04502593 4.60432e-08
1761231594.227 47.998 0.04504269 1.24458e-08
1761231594.236 48.094 0.04504269 4.73165e-08
1761231594.284 48.189 0.04513860 4.90608e-08
1761231594.335 48.283 0.04525685 6.56268e-08
1761231594.402 48.378 0.04545146 5.98103e-08
1761231594.453 48.472 0.04563955 6.06361e-08
1761231594.503 48.567 0.04577549 5.47776e-08
1761231594.553 48.661 0.04587326 6.14869e-08
1761231594.602 48.755 0.04592168 5.60530e-08
1761231594.673 48.848 0.04600269 -5.48790e-09
1761231594.724 48.942 0.04606321 6.94730e-09
1761231594.730 49.035 0.04608649 6.59435e-08
1761231594.736 49.128 0.04608649 4.53032e-08
1761231594.784 49.221 0.04617402 4.26870e-08
1761231594.834 49.314 0.04624292 4.79680e-08
1761231594.884 49.407 0.04634442 4.68716e-08
1761231594.928 49.499 0.04649247 1.33140e-08
1761231594.942 49.591 0.04652878 1.33709e-08
1761231594.949 49.683 0.04658465 4.43044e-08
1761231594.956 49.775 0.04658465 -9.45610e-09
1761231595.005 49.867 0.04672432 -1.26666e-08
1761231595.014 49.959 0.04671687 5.86100e-08
1761231595.023 50.050 0.04676063 -1.19350e-09
1761231595.071 50.141 0.04687423 6.36530e-09
1761231595.121 50.232 0.04703253 -2.14230e-09
1761231595.171 50.323 0.04722806 1.44120e-09
1761231595.244 50.414 0.04749809 1.79178e-08
1761231595.249 50.505 0.04753068 5.01066e-08
1761231595.256 50.595 0.04753068 -9.75100e-10
1761231595.304 50.686 0.04764149 1.33532e-08
1761231595.310 50.776 0.04764614 1.50140e-08
1761231595.316 50.866 0.04766290 5.17413e-08
1761231595.385 50.955 0.04775136 4.33965e-07
1761231595.391 51.045 0.04776160 5.13712e-07
1761231595.397 51.135 0.04779233 5.29019e-07
1761231595.406 51.224 0.04779233 5.99062e-07
1761231595.416 51.313 0.04776719 8.40292e-07
1761231595.426 51.402 0.04781188 9.77907e-07
1761231595.436 51.491 0.04784913 1.10990e-06
1761231595.446 51.580 0.04786310 1.61101e-06
1761231595.456 51.668 0.04788824 2.47194e-06
1761231595.466 51.757 0.04789383 3.24115e-06
1761231595.476 51.845 0.04795621 4.78885e-06
1761231595.486 51.933 0.04800183 7.91596e-06
1761231595.496 52.021 0.04802511 1.30340e-05
1761231595.506 52.109 0.04806422 1.88107e-05
1761231595.516 52.196 0.04808284 3.25294e-05
1761231595.526 52.284 0.04814244 3.44522e-05
1761231595.536 52.371 0.04818993 3.93650e-05
1761231595.546 52.459 0.04823462 3.87942e-05
1761231595.556 52.546 0.04829980 4.52662e-05
1761231595.566 52.633 0.04834729 3.64709e-05
1761231595.576 52.719 0.04841526 2.44382e-05
1761231595.586 52.806 0.04848882 1.26365e-05
1761231595.596 52.893 0.04855679 3.05210e-06
1761231595.605 52.979 0.04864152 9.44710e-07
1761231595.615 53.065 0.04872160 5.85911e-07
1761231595.625 53.151 0.04881658 2.19010e-07
1761231595.635 53.237 0.04889107 1.24835e-07
1761231595.645 53.323 0.04897860 5.44942e-08
1761231595.655 53.409 0.04908009 7.31828e-08
1761231595.665 53.494 0.04915458 4.22026e-08
1761231595.675 53.580 0.04926632 3.67120e-09
1761231595.685 53.665 0.04937898 5.47630e-08
1761231595.733 53.750 0.04986503 5.49466e-08
1761231595.805 53.835 0.05046655 2.21990e-09
1761231595.811 53.920 0.05054290 4.76378e-08
1761231595.818 54.005 0.05064067 7.24920e-08
1761231595.825 54.089 0.05064067 6.51105e-08
1761231595.835 54.174 0.05068443 9.36289e-08
1761231595.845 54.258 0.05074868 5.39091e-08
1761231595.855 54.342 0.05079710 8.79385e-08
1761231595.865 54.426 0.05081666 7.21359e-08
1761231595.875 54.510 0.05088276 8.81975e-08
1761231595.885 54.594 0.05093212 1.91715e-07
1761231595.895 54.678 0.05094702 1.67267e-07
1761231595.905 54.761 0.05098705 1.74977e-07
1761231595.915 54.845 0.05099916 2.43395e-07
1761231595.925 54.928 0.05102150 1.62240e-07
1761231595.935 55.011 0.05101498 1.74314e-07
1761231595.945 55.094 0.05103081 1.24426e-07
1761231595.955 55.177 0.05103827 1.68256e-07
1761231595.965 55.260 0.05105223 1.44577e-07
1761231595.975 55.342 0.05109320 3.24928e-07
1761231595.985 55.425 0.05111275 5.05170e-07
1761231595.995 55.507 0.05113789 8.47006e-07
1761231596.005 55.590 0.05117328 1.42157e-06
1761231596.015 55.672 0.05119470 2.27066e-06
1761231596.025 55.754 0.05126081 2.96070e-06
1761231596.035 55.836 0.05129712 5.49239e-06
1761231596.045 55.918 0.05135112 9.82696e-06
1761231596.055 55.999 0.05141910 1.90059e-05
1761231596.065 56.081 0.05146938 5.15563e-05
1761231596.075 56.162 0.05155597 7.05631e-05
1761231596.085 56.244 0.05164257 8.96460e-05
1761231596.095 56.325 0.05172544 1.05496e-04
1761231596.105 56.406 0.05181297 9.38797e-05
1761231596.115 56.487 0.05187535 6.31771e-05
1761231596.125 56.568 0.05198243 2.35505e-05
1761231596.135 56.649 0.05208579 2.21559e-06
1761231596.145 56.729 0.05218077 1.87495e-06
1761231596.155 56.810 0.05228505 3.35925e-06
1761231596.165 56.890 0.05235489 3.99069e-06
1761231596.175 56.971 0.05248059 4.34278e-06
1761231596.185 57.051 0.05257185 2.85661e-06
1761231596.195 57.131 0.05268171 6.20931e-07
1761231596.205 57.211 0.05278135 3.38862e-07
1761231596.215 57.291 0.05286515 1.10111e-07
1761231596.225 57.371 0.05295454 5.27170e-08
1761231596.235 57.450 0.05304952 2.05798e-07
1761231596.245 57.530 0.05315008 3.06814e-07
1761231596.255 57.609 0.05325902 3.06452e-07
1761231596.265 57.688 0.05331303 2.47285e-07
1761231596.275 57.768 0.05340986 8.58454e-08
1761231596.285 57.847 0.05347970 8.88101e-08
1761231596.295 57.926 0.05354953 4.25174e-08
1761231596.305 58.005 0.05362961 7.26994e-08
1761231596.335 58.083 0.05384936 6.19169e-08
1761231596.345 58.162 0.05393409 1.59986e-07
1761231596.352 58.241 0.05400113 2.82769e-07
1761231596.358 58.319 0.05403745 5.12336e-07
1761231596.365 58.397 0.05403745 7.98459e-07
1761231596.375 58.476 0.05411380 9.95798e-07
1761231596.385 58.554 0.05417339 1.25712e-06
1761231596.395 58.632 0.05422554 1.13088e-06
1761231596.405 58.710 0.05429537 7.67080e-07
1761231596.415 58.788 0.05434193 3.41294e-07
1761231596.425 58.865 0.05441456 6.65244e-08
1761231596.435 58.943 0.05446019 1.07384e-07
1761231596.445 59.020 0.05453374 7.27065e-08
1761231596.455 59.098 0.05460730 1.11134e-07
1761231596.465 59.175 0.05464362 7.79130e-08
1761231596.475 59.252 0.05471811 7.54380e-08
1761231596.485 59.329 0.05475163 2.04868e-07
1761231596.495 59.406 0.05481495 2.74251e-07
1761231596.505 59.483 0.05490061 2.74709e-07
1761231596.515 59.560 0.05495555 2.65083e-07
1761231596.525 59.637 0.05502073 2.17964e-07
1761231596.535 59.713 0.05508684 1.82377e-07
1761231596.545 59.790 0.05516040 8.16050e-08
1761231596.555 59.866 0.05523675 1.26615e-07
1761231596.565 59.943 0.05527958 1.23101e-07
1761231596.575 60.019 0.05536711 7.49968e-08
1761231596.585 60.095 0.05544998 6.27963e-07
1761231596.595 60.171 0.05551609 1.50034e-06
1761231596.605 60.247 0.05560082 7.38609e-06
1761231596.615 60.323 0.05565017 1.35727e-05
1761231596.625 60.399 0.05573118 5.26190e-05
1761231596.635 60.474 0.05581219 1.00332e-04
1761231596.645 60.550 0.05588575 1.38867e-04
1761231596.655 60.625 0.05599376 1.39039e-04
1761231596.665 60.701 0.05605987 1.26333e-04
1761231596.675 60.776 0.05615019 9.84628e-05
1761231596.685 60.851 0.05619582 2.88996e-05
1761231596.695 60.926 0.05627683 3.62958e-06
1761231596.705 61.001 0.05636622 1.21261e-06
1761231596.715 61.076 0.05641650 6.79216e-07
1761231596.725 61.151 0.05651147 1.71741e-07
1761231596.735 61.226 0.05657945 1.27541e-07
1761231596.745 61.300 0.05665953 6.00172e-08
1761231596.755 61.375 0.05673960 8.31872e-08
1761231596.765 61.449 0.05680012 5.38599e-08
1761231596.775 61.524 0.05690348 2.61149e-08
1761231596.785 61.598 0.05694910 1.76060e-07
1761231596.795 61.672 0.05700591 4.31674e-07
1761231596.805 61.746 0.05710926 7.39173e-07
1761231596.815 61.820 0.05715861 1.81170e-06
1761231596.825 61.894 0.05723683 5.05154e-06
1761231596.835 61.968 0.05729362 6.03307e-06
1761231596.865 62.042 0.05758414 5.83763e-06
1761231596.876 62.115 0.05763535 1.22103e-06
1761231596.885 62.189 0.05763535 7.12133e-07
1761231596.895 62.262 0.05769122 6.17336e-07
1761231596.905 62.336 0.05776944 8.01410e-07
1761231596.915 62.409 0.05781040 9.11072e-07
1761231596.925 62.482 0.05790911 8.24836e-07
1761231596.935 62.555 0.05795473 1.00467e-06
1761231596.945 62.628 0.05802270 7.02131e-07
1761231596.955 62.701 0.05813723 2.94233e-07
1761231596.965 62.774 0.05813723 1.10533e-07
1761231596.975 62.847 0.05823035 4.79501e-08
1761231596.985 62.920 0.05828621 1.15678e-07
1761231596.995 62.992 0.05834115 1.05668e-07
1761231597.005 63.065 0.05841005 1.76264e-07
1761231597.015 63.137 0.05845289 1.71607e-07
1761231597.025 63.210 0.05852924 1.21344e-07
1761231597.035 63.282 0.05856090 1.62248e-07
1761231597.045 63.354 0.05862701 1.22875e-07
1761231597.055 63.426 0.05867822 1.00718e-07
1761231597.065 63.498 0.05873409 5.79853e-08
1761231597.075 63.570 0.05882068 7.95260e-09
1761231597.085 63.642 0.05885980 6.82359e-08
1761231597.095 63.714 0.05892683 4.24496e-08
1761231597.105 63.786 0.05898736 1.02072e-07
1761231597.115 63.857 0.05903112 1.48995e-07
1761231597.125 63.929 0.05909072 3.91112e-07
1761231597.135 64.000 0.05915682 6.04456e-07
1761231597.145 64.072 0.05923783 7.92189e-07
1761231597.155 64.143 0.05930395 1.00107e-06
1761231597.165 64.214 0.05934864 9.00286e-07
1761231597.175 64.285 0.05941475 7.18468e-07
1761231597.185 64.356 0.05947434 6.04004e-07
1761231597.195 64.427 0.05955256 2.34742e-07
1761231597.205 64.498 0.05964288 7.12835e-08
1761231597.215 64.569 0.05969968 9.86265e-08
1761231597.225 64.640 0.05977603 6.08857e-08
1761231597.235 64.711 0.05982538 1.90078e-07
1761231597.245 64.781 0.05988963 3.73924e-07
1761231597.255 64.852 0.05997064 5.25900e-07
1761231597.265 64.922 0.06003116 6.34095e-07
1761231597.275 64.993 0.06012055 5.35511e-07
1761231597.285 65.063 0.06020528 5.12708e-07
1761231597.295 65.133 0.06027232 3.92681e-07
1761231597.305 65.203 0.06033750 2.26599e-07
1761231597.315 65.273 0.06039802 1.78323e-07
1761231597.325 65.343 0.06049207 1.05347e-07
1761231597.335 65.413 0.06053956 1.70173e-07
1761231597.345 65.483 0.06061777 1.06930e-07
1761231597.355 65.553 0.06070158 1.12647e-07
1761231597.365 65.623 0.06076210 2.04118e-07
1761231597.375 65.692 0.06083473 1.51120e-06
1761231597.429 65.762 0.06123046 7.12653e-05
1761231597.436 65.831 0.06126770 7.04176e-05
1761231597.444 65.901 0.06126770 7.03165e-05
1761231597.454 65.970 0.06134313 7.24088e-05
1761231597.464 66.039 0.06140179 6.26785e-05
1761231597.474 66.109 0.06147442 4.34901e-05
1761231597.484 66.178 0.06153029 1.49915e-05
1761231597.494 66.247 0.06159174 3.90612e-06
1761231597.504 66.316 0.06165413 2.17482e-06
1761231597.514 66.385 0.06169603 9.05611e-07
1761231597.524 66.454 0.06177145 4.17997e-07
1761231597.534 66.522 0.06182545 2.90009e-07
1761231597.544 66.591 0.06186829 1.03029e-07
1761231597.554 66.660 0.06191950 9.86550e-08
1761231597.564 66.728 0.06193440 5.98874e-08
1761231597.574 66.797 0.06198189 1.73788e-08
1761231597.584 66.865 0.06202099 6.99522e-08
1761231597.594 66.933 0.06206941 4.13896e-08
1761231597.604 67.002 0.06212807 7.71815e-08
1761231597.614 67.070 0.06215787 7.72219e-08
1761231597.624 67.138 0.06221374 6.05124e-08
1761231597.634 67.206 0.06225191 1.48324e-07
1761231597.644 67.274 0.06229475 2.00487e-07
1761231597.654 67.342 0.06235341 2.19873e-07
1761231597.664 67.410 0.06237482 3.09771e-07
1761231597.674 67.478 0.06243814 2.60860e-07
1761231597.684 67.545 0.06249028 2.76160e-07
1761231597.694 67.613 0.06253777 2.28336e-07
1761231597.704 67.681 0.06259643 2.67091e-07
1761231597.714 67.748 0.06265603 2.23808e-07
1761231597.724 67.816 0.06273518 8.28401e-08
1761231597.734 67.883 0.06277801 9.01295e-08
1761231597.744 67.950 0.06284784 5.38956e-08
1761231597.754 68.017 0.06291209 8.91706e-08
1761231597.764 68.085 0.06297913 6.90797e-08
1761231597.774 68.152 0.06307132 2.51478e-08
1761231597.784 68.219 0.06313184 7.94680e-08
1761231597.794 68.286 0.06319516 4.19282e-08
1761231597.804 68.353 0.06328548 7.71491e-08
1761231597.814 68.420 0.06333203 7.82878e-08
1761231597.824 68.486 0.06342887 2.54637e-08
1761231597.834 68.553 0.06350336 7.92563e-08
1761231597.844 68.620 0.06354805 6.86634e-08
1761231597.854 68.686 0.06363093 1.71780e-07
1761231597.864 68.753 0.06369517 3.15983e-07
1761231597.874 68.819 0.06375756 4.18379e-07
1761231597.884 68.886 0.06383950 8.16372e-07
1761231597.894 68.952 0.06390840 1.53028e-06
1761231597.904 69.018 0.06399127 3.22476e-06
1761231597.914 69.085 0.06404342 3.86045e-06
1761231597.924 69.151 0.06412443 4.23325e-06
1761231597.934 69.217 0.06416912 3.85542e-06
1761231597.982 69.283 0.06448198 3.26430e-07
1761231597.989 69.349 0.06455554 1.98219e-07
1761231597.997 69.415 0.06462445 1.38630e-07
1761231598.004 69.481 0.06462445 6.02950e-08
1761231598.014 69.546 0.06466076 9.05079e-08
1761231598.024 69.612 0.06473246 5.01774e-08
1761231598.034 69.678 0.06476505 1.26332e-07
1761231598.044 69.743 0.06481719 1.38488e-07
1761231598.054 69.809 0.06489447 1.80297e-07
1761231598.064 69.874 0.06492985 1.96993e-07
1761231598.074 69.940 0.06499411 1.95978e-07
1761231598.084 70.005 0.06506115 2.49152e-07
1761231598.094 70.070 0.06510584 1.80903e-07
1761231598.104 70.135 0.06515240 2.43348e-07
1761231598.114 70.201 0.06517102 2.22580e-07
1761231598.124 70.266 0.06522689 1.45271e-07
1761231598.134 70.331 0.06528183 1.64218e-07
1761231598.144 70.396 0.06532093 1.18918e-07
1761231598.154 70.461 0.06537867 1.56141e-07
1761231598.164 70.525 0.06540753 1.21001e-07
1761231598.174 70.590 0.06546991 3.90308e-08
1761231598.184 70.655 0.06550902 5.96982e-08
1761231598.194 70.720 0.06554720 3.15987e-08
1761231598.204 70.784 0.06559935 6.53365e-08
1761231598.214 70.849 0.06565242 3.88786e-08
1761231598.224 70.913 0.06570643 -7.52170e-09
1761231598.234 70.978 0.06574553 4.83169e-08
1761231598.275 71.042 0.06603884 2.43011e-09
1761231598.284 71.107 0.06603884 1.70521e-08
1761231598.294 71.171 0.06610867 5.10784e-09
1761231598.308 71.235 0.06624835 6.54570e-09
1761231598.314 71.299 0.06624835 5.89976e-08
1761231598.324 71.363 0.06632563 -5.51590e-09
1761231598.334 71.427 0.06636474 5.96028e-08
1761231598.344 71.491 0.06641502 3.39839e-08
1761231598.354 71.555 0.06649789 7.28686e-08
1761231598.364 71.619 0.06655934 5.97217e-08
1761231598.374 71.683 0.06665059 1.31948e-08
1761231598.384 71.747 0.06669808 7.87556e-08
1761231598.394 71.810 0.06675116 5.63494e-08
1761231598.404 71.874 0.06681448 1.03934e-07
1761231598.414 71.938 0.06685358 1.04624e-07
1761231598.424 72.001 0.06691411 8.64886e-08
1761231598.434 72.065 0.06695694 1.97334e-07
1761231598.444 72.128 0.06699884 1.62973e-07
1761231598.454 72.191 0.06706029 1.83136e-07
1761231598.464 72.255 0.06709940 1.53123e-07
1761231598.474 72.318 0.06714968 1.17108e-07
1761231598.484 72.381 0.06719065 1.55916e-07
1761231598.534 72.444 0.06746626 9.28486e-08
1761231598.544 72.507 0.06746626 2.99752e-08
1761231598.554 72.570 0.06753610 8.38711e-08
1761231598.564 72.633 0.06755938 8.93843e-08
1761231598.617 72.696 0.06791228 1.34439e-06
1761231598.624 72.759 0.06791228 1.93308e-06
1761231598.634 72.822 0.06795791 3.31144e-06
1761231598.644 72.885 0.06800539 4.57713e-06
1761231598.654 72.947 0.06805102 6.49475e-06
1761231598.664 73.010 0.06809571 1.05132e-05
1761231598.674 73.073 0.06816369 1.81346e-05
1761231598.684 73.135 0.06821024 2.82114e-05
1761231598.694 73.198 0.06825215 3.79242e-05
1761231598.704 73.260 0.06829032 5.48372e-05
1761231598.714 73.322 0.06832012 6.55466e-05
1761231598.724 73.385 0.06836388 7.20679e-05
1761231598.734 73.447 0.06837599 7.08490e-05
1761231598.744 73.509 0.06841323 6.89411e-05
1761231598.754 73.571 0.06846165 7.09567e-05
1761231598.764 73.633 0.06846631 6.58073e-05
1761231598.774 73.696 0.06849890 5.88009e-05
1761231598.784 73.758 0.06852683 5.58478e-05
1761231598.794 73.820 0.06855942 4.80210e-05
1761231598.804 73.881 0.06860691 3.40007e-05
1761231598.814 73.943 0.06862087 2.00955e-05
1761231598.824 74.005 0.06867115 9.56271e-06
1761231598.834 74.067 0.06871026 8.08690e-06
1761231598.844 74.129 0.06875030 6.39482e-06
1761231598.854 74.190 0.06879593 4.66710e-06
1761231598.864 74.252 0.06882386 3.61386e-06
1761231598.874 74.313 0.06889462 2.53034e-06
1761231598.884 74.375 0.06894770 1.35114e-06
1761231598.894 74.436 0.06899706 5.84803e-07
1761231598.904 74.498 0.06906037 3.29876e-07
1761231598.914 74.559 0.06909948 1.38596e-07
1761231598.924 74.620 0.06916000 2.73954e-08
1761231598.934 74.682 0.06922145 6.60812e-08
1761231598.944 74.743 0.06928663 2.94988e-08
1761231598.954 74.804 0.06936578 6.50702e-08
1761231598.964 74.865 0.06940582 4.78265e-08
1761231598.974 74.926 0.06949428 5.62940e-09
1761231598.984 74.987 0.06955853 6.00040e-08
1761231598.994 75.048 0.06963581 1.63400e-08
1761231599.004 75.109 0.06972241 5.13811e-08
1761231599.014 75.170 0.06977455 3.73010e-08
1761231599.024 75.231 0.06984718 1.27000e-09
1761231599.034 75.291 0.06989374 5.51834e-08
1761231599.065 75.352 0.07015725 2.30872e-08
1761231599.148 75.413 0.07063398 6.57976e-08
1761231599.199 75.473 0.07086677 6.40594e-08
1761231599.249 75.534 0.07100551 8.18011e-08
1761231599.299 75.594 0.07106231 7.87407e-08
1761231599.349 75.655 0.07105579 8.43113e-08
1761231599.356 75.715 0.07105020 3.57932e-08
1761231599.363 75.775 0.07105020 6.82160e-08
1761231599.373 75.836 0.07106789 6.35100e-09
1761231599.383 75.896 0.07106045 6.22049e-08
1761231599.393 75.956 0.07105020 3.20365e-08
1761231599.403 76.016 0.07106417 6.42881e-08
1761231599.413 76.077 0.07105579 5.60294e-08
1761231599.423 76.137 0.07107348 6.80820e-09
1761231599.433 76.197 0.07106696 6.39671e-08
1761231599.443 76.257 0.07108000 3.18987e-08
1761231599.453 76.317 0.07110328 7.01268e-08
1761231599.463 76.376 0.07110700 5.29207e-08
1761231599.473 76.436 0.07111818 9.58460e-09
1761231599.483 76.496 0.07114146 6.63835e-08
1761231599.493 76.556 0.07116101 2.93085e-08
1761231599.503 76.616 0.07119546 7.06630e-08
1761231599.513 76.675 0.07120942 6.15303e-08
1761231599.523 76.735 0.07125598 8.58680e-09
1761231599.533 76.794 0.07128950 6.65784e-08
1761231599.543 76.854 0.07135096 3.49258e-08
1761231599.553 76.913 0.07140217 7.39019e-08
1761231599.563 76.973 0.07142265 5.28070e-08
1761231599.595 77.032 0.07165637 7.74800e-09
1761231599.646 77.091 0.07196923 8.75833e-08
1761231599.654 77.151 0.07196923 3.22174e-08
1761231599.663 77.210 0.07203534 1.06609e-07
1761231599.673 77.269 0.07210611 3.18597e-08
1761231599.683 77.328 0.07217874 1.00302e-07
1761231599.693 77.387 0.07222343 6.94077e-08
1761231599.703 77.446 0.07227837 1.19986e-07
1761231599.713 77.505 0.07233610 1.13265e-07
1761231599.723 77.564 0.07241246 8.66778e-08
1761231599.733 77.623 0.07242828 1.77486e-07
1761231599.743 77.682 0.07246832 1.64495e-07
1761231599.753 77.741 0.07252419 1.48822e-07
1761231599.766 77.800 0.07259309 1.99771e-07
1761231599.774 77.859 0.07260799 1.54009e-07
1761231599.783 77.917 0.07260799 1.79822e-07
1761231599.793 77.976 0.07263407 1.44421e-07
1761231599.803 78.035 0.07268248 1.78609e-07
1761231599.813 78.093 0.07269645 1.53157e-07
1761231599.823 78.152 0.07274953 7.76020e-08
1761231599.833 78.210 0.07277467 1.07832e-07
1761231599.843 78.269 0.07279236 6.09991e-08
1761231599.853 78.327 0.07283798 8.52395e-08
1761231599.863 78.385 0.07284915 6.44264e-08
1761231599.873 78.444 0.07288919 8.01970e-09
1761231599.883 78.502 0.07290316 6.42961e-08
1761231599.893 78.560 0.07294785 1.91248e-08
1761231599.903 78.618 0.07300745 6.32628e-08
1761231599.913 78.676 0.07302886 5.42407e-08
1761231599.923 78.734 0.07309125 1.86343e-08
1761231599.933 78.792 0.07313222 8.40684e-08
1761231599.943 78.850 0.07318809 8.94082e-08
1761231599.953 78.908 0.07324768 1.71765e-07
1761231599.963 78.966 0.07330448 1.92724e-07
1761231599.973 79.024 0.07336966 2.85219e-07
1761231599.983 79.082 0.07341622 4.16079e-07
1761231599.993 79.140 0.07347022 5.48249e-07
1761231600.003 79.198 0.07353354 8.15572e-07
1761231600.013 79.255 0.07358289 1.36135e-06
1761231600.023 79.313 0.07366390 1.90987e-06
1761231600.033 79.371 0.07372070 3.42029e-06
1761231600.043 79.428 0.07378588 4.33790e-06
1761231600.053 79.486 0.07387620 4.79917e-06
1761231600.063 79.543 0.07391810 4.80216e-06
1761231600.073 79.601 0.07398514 4.76177e-06
1761231600.083 79.658 0.07403076 4.35539e-06
1761231600.093 79.715 0.07410898 3.82598e-06
1761231600.103 79.773 0.07417229 3.13997e-06
1761231600.156 79.830 0.07451309 2.30632e-07
1761231600.163 79.887 0.07451309 2.36214e-07
1761231600.173 79.945 0.07458665 1.24209e-07
1761231600.183 80.002 0.07463042 1.24551e-07
1761231600.193 80.059 0.07467697 4.53518e-08
1761231600.203 80.116 0.07473843 5.83960e-08
1761231600.251 80.173 0.07497680 2.60155e-08
1761231600.258 80.230 0.07499170 1.11482e-08
1761231600.263 80.287 0.07504291 4.74961e-08
1761231600.311 80.344 0.07517048 5.37711e-08
1761231600.318 80.401 0.07521703 -8.97210e-09
1761231600.367 80.458 0.07536135 4.36349e-08
1761231600.410 80.514 0.07544236 1.20283e-08
1761231600.425 80.571 0.07549917 -8.26400e-10
1761231600.433 80.628 0.07549917 4.29606e-08
1761231600.443 80.685 0.07550289 1.29750e-09
1761231600.453 80.741 0.07553641 3.06790e-08
1761231600.494 80.798 0.07565559 6.12482e-09
1761231600.503 80.854 0.07565559 1.21504e-08
1761231600.513 80.911 0.07564535 -1.36658e-09
1761231600.523 80.967 0.07569284 4.70340e-10
1761231600.533 81.024 0.07572263 5.59734e-09
1761231600.543 81.080 0.07573754 -9.07024e-09
1761231600.553 81.137 0.07576547 1.06829e-08
1761231600.563 81.193 0.07576454 -7.42367e-09
1761231600.573 81.249 0.07577850 -4.23990e-09
1761231600.583 81.305 0.07579992 1.22569e-09
1761231600.593 81.362 0.07583624 -1.10327e-08
1761231600.603 81.418 0.07587627 7.84556e-09
1761231600.613 81.474 0.07588093 -8.38262e-09
1761231600.623 81.530 0.07592003 7.12680e-10
1761231600.633 81.586 0.07594239 9.68565e-09
1761231600.643 81.642 0.07596008 2.11275e-09
1761231600.656 81.698 0.07603736 8.43480e-09
1761231600.686 81.754 0.07615561 4.78114e-08
1761231600.710 81.810 0.07624221 1.21388e-07
1761231600.716 81.866 0.07629715 1.07918e-07
1761231600.723 81.922 0.07629715 5.93933e-08
1761231600.733 81.977 0.07634836 1.10883e-07
1761231600.743 82.033 0.07639026 7.78154e-08
1761231600.753 82.089 0.07645544 1.16346e-07
1761231600.763 82.145 0.07650013 9.92406e-08
1761231600.773 82.200 0.07657462 5.27799e-08
1761231600.783 82.256 0.07662211 1.07446e-07
1761231600.793 82.311 0.07665377 6.39917e-08
1761231600.803 82.367 0.07671895 7.73041e-08
1761231600.813 82.422 0.07674595 5.45802e-08
1761231600.823 82.478 0.07682789 1.17965e-08
1761231600.833 82.533 0.07687538 6.31309e-08
1761231600.843 82.589 0.07690052 2.34360e-08
1761231600.853 82.644 0.07694801 6.10803e-08
1761231600.863 82.699 0.07697315 5.53187e-08
1761231600.873 82.755 0.07702995 2.06180e-09
1761231600.883 82.810 0.07709420 5.50069e-08
1761231600.893 82.865 0.07714261 2.35287e-08
1761231600.902 82.920 0.07717800 5.32660e-08
1761231600.950 82.975 0.07742009 2.24821e-08
1761231600.957 83.030 0.07743685 2.17357e-08
1761231600.963 83.085 0.07748899 5.51180e-08
1761231601.011 83.140 0.07767802 6.53330e-08
1761231601.018 83.195 0.07774134 -4.85590e-09
1761231601.066 83.250 0.07796667 6.24871e-08
1761231601.073 83.305 0.07800205 4.75799e-08
1761231601.082 83.360 0.07800205 1.23574e-07
1761231601.092 83.415 0.07803836 1.57930e-07
1761231601.102 83.470 0.07809703 3.15117e-07
1761231601.112 83.524 0.07812682 4.48884e-07
1761231601.122 83.579 0.07816407 6.93894e-07
1761231601.132 83.634 0.07817897 1.19615e-06
1761231601.142 83.689 0.07820876 1.61314e-06
1761231601.152 83.743 0.07824415 1.86084e-06
1761231601.162 83.798 0.07826277 2.85944e-06
1761231601.172 83.852 0.07830653 3.22971e-06
1761231601.182 83.907 0.07829722 4.21187e-06
1761231601.192 83.961 0.07830840 4.55107e-06
1761231601.202 84.016 0.07835029 5.54045e-06
1761231601.212 84.070 0.07834564 6.63866e-06
1761231601.259 84.124 0.07846948 1.26899e-05
1761231601.269 84.179 0.07850859 2.40532e-05
1761231601.275 84.233 0.07854490 2.69363e-05
1761231601.282 84.287 0.07854490 3.01556e-05
1761231601.292 84.342 0.07859332 3.45924e-05
1761231601.302 84.396 0.07862126 4.66397e-05
1761231601.312 84.450 0.07863709 5.56967e-05
1761231601.322 84.504 0.07870972 6.52012e-05
1761231601.332 84.558 0.07876186 7.34558e-05
1761231601.342 84.612 0.07880189 7.45672e-05
1761231601.352 84.666 0.07884939 7.22146e-05
1761231601.362 84.720 0.07889594 7.26308e-05
1761231601.372 84.774 0.07895181 7.23732e-05
1761231601.382 84.828 0.07899650 6.67486e-05
1761231601.392 84.882 0.07903095 6.11482e-05
1761231601.402 84.936 0.07909055 5.61893e-05
1761231601.412 84.990 0.07912314 4.66915e-05
1761231601.422 85.043 0.07918832 3.52342e-05
1761231601.432 85.097 0.07922463 2.17729e-05
1761231601.442 85.151 0.07927678 1.10272e-05
1761231601.452 85.204 0.07933078 8.24370e-06
1761231601.462 85.258 0.07936337 6.36308e-06
1761231601.472 85.312 0.07943320 4.70543e-06
1761231601.482 85.365 0.07946766 3.85653e-06
1761231601.492 85.419 0.07951049 2.78791e-06
1761231601.502 85.472 0.07956356 2.09603e-06
1761231601.512 85.526 0.07958871 1.21626e-06
1761231601.522 85.579 0.07965854 7.83285e-07
1761231601.532 85.633 0.07970324 4.37028e-07
1761231601.542 85.686 0.07975445 1.63103e-07
1761231601.552 85.739 0.07982242 5.56463e-08
1761231601.562 85.793 0.07984942 6.20520e-08
1761231601.572 85.846 0.07990436 -6.57700e-10
1761231601.582 85.899 0.07997419 5.35345e-08
1761231601.592 85.952 0.08001237 2.56668e-08
1761231601.602 86.006 0.08006545 5.41490e-08
1761231601.650 86.059 0.08032430 2.30108e-08
1761231601.718 86.112 0.08066603 -9.56290e-09
1761231601.810 86.165 0.08099937 7.11054e-08
1761231601.816 86.218 0.08101986 4.53360e-08
1761231601.822 86.271 0.08102452 1.71680e-08
1761231601.832 86.324 0.08102452 5.99301e-08
1761231601.842 86.377 0.08103662 3.46970e-08
1761231601.852 86.430 0.08105338 6.94882e-08
1761231601.862 86.483 0.08104966 5.37402e-08
1761231601.872 86.535 0.08106176 9.14010e-09
1761231601.882 86.588 0.08106921 6.88224e-08
1761231601.892 86.641 0.08107200 3.36671e-08
1761231601.902 86.694 0.08108876 6.29902e-08
1761231601.912 86.747 0.08105152 7.13603e-08
1761231601.922 86.799 0.08105804 5.17180e-09
1761231601.932 86.852 0.08106642 6.57305e-08
1761231601.942 86.905 0.08106642 3.06980e-08
1761231601.952 86.957 0.08107852 6.07522e-08
1761231601.962 87.010 0.08107480 4.15572e-08
1761231601.972 87.062 0.08110645 -8.68900e-10
1761231601.982 87.115 0.08111576 5.75570e-08
1761231601.992 87.167 0.08112229 2.24247e-08
1761231602.002 87.220 0.08116512 4.62796e-08
1761231602.043 87.272 0.08137183 1.92327e-08
1761231602.058 87.324 0.08141000 8.17140e-09
1761231602.064 87.377 0.08146214 5.51138e-08
1761231602.072 87.429 0.08146214 7.89610e-09
1761231602.082 87.481 0.08151150 4.69680e-08
1761231602.123 87.534 0.08181412 1.43373e-08
1761231602.138 87.586 0.08186347 1.32176e-08
1761231602.145 87.638 0.08194075 4.82725e-08
1761231602.152 87.690 0.08194075 -6.26250e-09
1761231602.200 87.742 0.08215864 2.67240e-09
1761231602.206 87.794 0.08216795 1.08168e-08
1761231602.212 87.846 0.08223592 4.20068e-08
1761231602.259 87.898 0.08235511 5.75089e-08
1761231602.265 87.950 0.08240259 3.84214e-08
1761231602.313 88.002 0.08248640 5.29015e-08
1761231602.361 88.054 0.08255996 6.63791e-08
1761231602.368 88.106 0.08260744 -5.52200e-09
1761231602.390 88.158 0.08261675 6.04768e-08
1761231602.396 88.210 0.08264562 5.69616e-08
1761231602.443 88.262 0.08273128 7.51978e-08
1761231602.452 88.314 0.08273128 2.41767e-08
1761231602.462 88.365 0.08273873 6.96851e-08
1761231602.472 88.417 0.08276387 1.06410e-08
1761231602.482 88.469 0.08277318 6.69395e-08
1761231602.492 88.520 0.08279367 1.94296e-08
1761231602.502 88.572 0.08282254 6.64955e-08
1761231602.512 88.624 0.08282347 6.00160e-08
1761231602.522 88.675 0.08287654 2.56336e-08
1761231602.532 88.727 0.08286723 8.14662e-08
1761231602.542 88.778 0.08287375 4.63305e-08
1761231602.552 88.830 0.08291006 9.83090e-08
1761231602.562 88.881 0.08293800 8.77237e-08
1761231602.572 88.933 0.08296313 5.26561e-08
1761231602.582 88.984 0.08298083 1.17439e-07
1761231602.592 89.035 0.08299852 9.25207e-08
1761231602.602 89.087 0.08304880 1.46470e-07
1761231602.612 89.138 0.08305346 1.47542e-07
1761231602.622 89.189 0.08310653 1.34670e-07
1761231602.632 89.240 0.08313540 2.61979e-07
1761231602.642 89.292 0.08316705 2.39684e-07
1761231602.652 89.343 0.08321548 3.11438e-07
1761231602.662 89.394 0.08323875 3.80414e-07
1761231602.672 89.445 0.08329276 3.92749e-07
1761231602.682 89.496 0.08333187 5.81999e-07
1761231602.691 89.547 0.08336911 5.91824e-07
1761231602.701 89.598 0.08342311 7.43869e-07
1761231602.711 89.649 0.08346595 8.61200e-07
1761231602.721 89.700 0.08352740 9.53949e-07
1761231602.731 89.751 0.08357210 9.93339e-07
1761231602.741 89.802 0.08361586 9.48459e-07
1761231602.751 89.853 0.08367452 1.01996e-06
1761231602.761 89.904 0.08370711 9.69374e-07
1761231602.771 89.955 0.08378067 8.49376e-07
1761231602.781 90.006 0.08383468 8.13961e-07
1761231602.791 90.056 0.08388403 6.85215e-07
1761231602.801 90.107 0.08393710 5.90326e-07
1761231602.811 90.158 0.08398273 4.57047e-07
1761231602.821 90.209 0.08404884 2.37336e-07
1761231602.831 90.259 0.08410470 1.86267e-07
1761231602.841 90.310 0.08415871 1.04606e-07
1761231602.851 90.361 0.08420061 1.30338e-07
1761231602.861 90.411 0.08424624 9.07685e-08
1761231602.871 90.462 0.08431980 3.62669e-08
1761231602.915 90.512 0.08455631 1.32740e-09
1761231602.922 90.563 0.08459169 8.50030e-09
1761231602.931 90.613 0.08459169 4.80416e-08
1761231602.941 90.664 0.08464569 1.58634e-08
1761231602.951 90.714 0.08471460 5.99875e-08
1761231602.961 90.764 0.08475557 3.75292e-08
1761231602.971 90.815 0.08479654 -7.51160e-09
1761231602.981 90.865 0.08483006 5.01963e-08
1761231602.991 90.915 0.08488686 1.58780e-08
1761231603.001 90.966 0.08493155 5.43417e-08
1761231603.011 91.016 0.08493342 4.60326e-08
1761231603.021 91.066 0.08498742 -6.80360e-09
1761231603.031 91.116 0.08503305 5.25272e-08
1761231603.041 91.167 0.08506843 2.27320e-08
1761231603.051 91.217 0.08510940 6.34636e-08
1761231603.061 91.267 0.08512802 4.04461e-08
1761231603.071 91.317 0.08519041 -7.42680e-09
1761231603.081 91.367 0.08522859 5.16367e-08
1761231603.091 91.417 0.08524628 2.30285e-08
1761231603.101 91.467 0.08528818 5.78972e-08
1761231603.111 91.517 0.08531052 3.76552e-08
1761231603.159 91.567 0.08549489 6.76801e-08
1761231603.166 91.617 0.08554890 2.99410e-09
1761231603.214 91.667 0.08577144 5.09217e-08
1761231603.264 91.716 0.08599957 5.04553e-08
1761231603.315 91.766 0.08616344 5.02534e-08
1761231603.321 91.816 0.08618207 5.12280e-09
1761231603.331 91.866 0.08618207 4.84145e-08
1761231603.341 91.916 0.08620442 1.72526e-08
1761231603.351 91.965 0.08623887 5.88763e-08
1761231603.361 92.015 0.08625283 3.00241e-08
1761231603.371 92.065 0.08628263 -9.23480e-09
1761231603.381 92.114 0.08628821 4.98703e-08
1761231603.466 92.164 0.08635153 2.63183e-08
1761231603.472 92.214 0.08635712 2.05923e-08
1761231603.481 92.263 0.08635712 4.92598e-08
1761231603.491 92.313 0.08637016 2.18972e-08
1761231603.501 92.362 0.08639902 5.07974e-08
1761231603.511 92.412 0.08642696 3.53759e-08
1761231603.559 92.461 0.08653776 6.31695e-08
1761231603.566 92.511 0.08658711 1.22487e-08
1761231603.572 92.560 0.08660201 1.91368e-08
1761231603.581 92.609 0.08660201 5.15220e-08
1761231603.629 92.659 0.08673330 5.66286e-08
1761231603.679 92.708 0.08688880 6.59661e-08
1761231603.730 92.757 0.08703499 6.87531e-08
1761231603.779 92.807 0.08713182 6.80715e-08
1761231603.829 92.856 0.08720073 6.83923e-08
1761231603.880 92.905 0.08726218 6.97931e-08
1761231603.929 92.954 0.08729291 6.88182e-08
1761231604.003 93.004 0.08736181 1.10279e-08
1761231604.011 93.053 0.08736181 6.14653e-08
1761231604.021 93.102 0.08739068 -5.02430e-09
1761231604.031 93.151 0.08738509 5.98898e-08
1761231604.080 93.200 0.08743258 6.23037e-08
1761231604.129 93.249 0.08748845 6.50415e-08
1761231604.178 93.298 0.08756946 7.22631e-08
1761231604.229 93.347 0.08766350 7.80175e-08
1761231604.279 93.396 0.08772309 7.96769e-08
1761231604.347 93.445 0.08781993 6.33890e-08
1761231604.354 93.494 0.08783017 2.07604e-08
1761231604.361 93.543 0.08783017 5.52285e-08
1761231604.371 93.592 0.08785811 4.56880e-09
1761231604.381 93.640 0.08785625 5.72259e-08
1761231604.391 93.689 0.08784321 2.06753e-08
1761231604.401 93.738 0.08786277 5.59109e-08
1761231604.411 93.787 0.08785532 4.84219e-08
1761231604.421 93.835 0.08787860 4.95260e-09
1761231604.431 93.884 0.08789722 5.65247e-08
1761231604.441 93.933 0.08788325 2.57942e-08
1761231604.451 93.982 0.08788884 6.14264e-08
1761231604.461 94.030 0.08788604 4.71162e-08
1761231604.471 94.079 0.08789442 2.91800e-09
1761231604.481 94.127 0.08791398 5.60480e-08
1761231604.490 94.176 0.08792515 2.06338e-08
1761231604.500 94.224 0.08796054 5.76617e-08
1761231604.510 94.273 0.08795774 5.16632e-08
1761231604.599 94.321 0.08829854 1.16800e-10
1761231604.649 94.370 0.08850897 -1.10490e-09
1761231604.699 94.418 0.08873430 -1.00548e-08
1761231604.767 94.467 0.08885349 -6.74760e-09
1761231604.817 94.515 0.08884418 -4.63410e-09
1761231604.825 94.563 0.08885815 6.43088e-08
1761231604.830 94.612 0.08884232 3.94894e-08
1761231604.840 94.660 0.08884232 9.96010e-09
1761231604.850 94.708 0.08884511 5.83820e-08
1761231604.860 94.757 0.08883021 4.03410e-08
1761231604.908 94.805 0.08883394 7.00252e-08
1761231604.914 94.853 0.08886094 2.70732e-08
1761231604.920 94.901 0.08886094 6.55840e-09
1761231604.930 94.949 0.08885908 5.30685e-08
1761231604.940 94.998 0.08886280 1.89317e-08
1761231604.950 95.046 0.08887305 6.10246e-08
1761231604.960 95.094 0.08888143 4.43384e-08
1761231605.010 95.142 0.08899409 6.67129e-08
1761231605.017 95.190 0.08904158 6.64760e-09
1761231605.023 95.238 0.08906579 6.04279e-08
1761231605.030 95.286 0.08906579 8.75598e-08
1761231605.040 95.334 0.08908721 1.92873e-08
1761231605.050 95.382 0.08913469 8.14564e-08
1761231605.060 95.430 0.08916821 6.95081e-08
1761231605.070 95.478 0.08922129 3.51923e-08
1761231605.080 95.526 0.08924736 1.00465e-07
1761231605.090 95.573 0.08926412 8.45572e-08
1761231605.100 95.621 0.08931440 1.28045e-07
1761231605.148 95.669 0.08949225 1.54536e-07
1761231605.157 95.717 0.08953322 3.19383e-07
1761231605.163 95.765 0.08958536 3.39419e-07
1761231605.170 95.812 0.08958536 3.45541e-07
1761231605.180 95.860 0.08959374 4.38259e-07
1761231605.190 95.908 0.08962727 4.66044e-07
1761231605.200 95.955 0.08967289 6.29542e-07
1761231605.210 96.003 0.08969803 7.82673e-07
1761231605.220 96.051 0.08975669 9.03975e-07
1761231605.230 96.098 0.08978649 1.22930e-06
1761231605.240 96.146 0.08981163 1.61204e-06
1761231605.250 96.193 0.08985539 1.91744e-06
1761231605.260 96.241 0.08987402 2.41784e-06
1761231605.270 96.288 0.08991498 2.68286e-06
1761231605.280 96.336 0.08993919 3.20911e-06
1761231605.290 96.383 0.08999413 3.73706e-06
1761231605.300 96.431 0.09002300 4.38316e-06
1761231605.310 96.478 0.09003137 4.95926e-06
1761231605.320 96.525 0.09007980 5.79705e-06
1761231605.330 96.573 0.09011518 6.52815e-06
1761231605.340 96.620 0.09013473 7.13081e-06
1761231605.350 96.667 0.09017570 7.52399e-06
1761231605.360 96.715 0.09020643 8.02982e-06
1761231605.370 96.762 0.09025298 7.84265e-06
1761231605.380 96.809 0.09028744 7.65515e-06
1761231605.390 96.856 0.09032561 7.30275e-06
1761231605.400 96.904 0.09038334 7.42078e-06
1761231605.410 96.951 0.09041314 7.01822e-06
1761231605.420 96.998 0.09048297 6.38616e-06
1761231605.430 97.045 0.09049788 6.11074e-06
1761231605.440 97.092 0.09053791 5.35308e-06
1761231605.450 97.139 0.09060403 4.61926e-06
1761231605.460 97.186 0.09062172 3.68811e-06
1761231605.470 97.233 0.09068317 2.65207e-06
1761231605.480 97.280 0.09073997 1.76163e-06
1761231605.490 97.327 0.09079491 1.00109e-06
1761231605.500 97.374 0.09086474 6.71957e-07
1761231605.510 97.421 0.09089454 4.91811e-07
1761231605.520 97.468 0.09094855 3.22437e-07
1761231605.530 97.515 0.09098579 2.93161e-07
1761231605.540 97.562 0.09102769 1.65743e-07
1761231605.550 97.609 0.09108170 1.74384e-07
1761231605.560 97.656 0.09109846 1.33392e-07
1761231605.570 97.702 0.09117760 5.77089e-08
1761231605.580 97.749 0.09121578 8.81290e-08
1761231605.590 97.796 0.09125209 3.87496e-08
1761231605.600 97.843 0.09131914 5.92436e-08
1761231605.610 97.889 0.09134521 3.99489e-08
1761231605.620 97.936 0.09141132 -8.71600e-09
1761231605.630 97.983 0.09145136 5.02597e-08
1761231605.701 98.029 0.09178191 3.09720e-09
1761231605.710 98.076 0.09178191 4.34613e-08
1761231605.720 98.123 0.09183685 -2.08348e-08
1761231605.730 98.169 0.09186199 3.27758e-08
1761231605.773 98.216 0.09206684 -3.91960e-10
1761231605.781 98.262 0.09210594 1.54761e-08
1761231605.790 98.309 0.09210594 -7.28071e-09
1761231605.800 98.355 0.09213481 1.20832e-08
1761231605.810 98.402 0.09214226 -7.41884e-09
1761231605.820 98.448 0.09218975 -2.06399e-09
1761231605.830 98.495 0.09221302 2.42861e-09
1761231605.840 98.541 0.09224561 -1.22563e-08
1761231605.850 98.587 0.09227355 5.29719e-09
1761231605.863 98.634 0.09230521 2.62616e-09
1761231605.870 98.680 0.09230521 -1.61155e-08
1761231605.880 98.726 0.09231731 -5.32860e-09
1761231605.890 98.773 0.09233128 -1.87012e-08
1761231605.900 98.819 0.09235455 -1.37870e-09
1761231605.913 98.865 0.09238715 -1.89458e-08
1761231605.920 98.911 0.09238715 -4.80870e-08
1761231605.961 98.958 0.09251192 -1.44004e-08
1761231605.975 99.004 0.09255568 -6.53290e-09
1761231605.981 99.050 0.09257151 -6.33419e-08
1761231605.990 99.096 0.09257151 -6.72142e-08
1761231606.040 99.142 0.09280150 -1.37321e-08
1761231606.091 99.188 0.09300356 -1.03896e-08
1761231606.100 99.235 0.09300356 -7.62688e-08
1761231606.110 99.281 0.09302311 -1.26945e-08
1761231606.120 99.327 0.09306967 -7.12259e-08
1761231606.168 99.373 0.09322144 -3.99034e-08
1761231606.173 99.419 0.09323727 2.74280e-09
1761231606.235 99.465 0.09334714 -9.51084e-09
1761231606.242 99.511 0.09337694 -2.62814e-09
1761231606.249 99.557 0.09337694 -3.30370e-10
1761231606.260 99.602 0.09335832 -7.05670e-09
1761231606.270 99.648 0.09339650 -3.24415e-09
1761231606.279 99.694 0.09339743 4.72768e-09
1761231606.289 99.740 0.09340115 -4.65357e-09
1761231606.299 99.786 0.09341791 1.64108e-08
1761231606.309 99.832 0.09340767 -7.53100e-10
1761231606.319 99.877 0.09343840 4.34744e-09
1761231606.329 99.923 0.09344584 1.60870e-08
1761231606.339 99.969 0.09348029 6.22194e-09
1761231606.353 100.015 0.09348961 4.29520e-09
1761231606.359 100.060 0.09348961 3.71820e-08
1761231606.407 100.106 0.09359390 6.38735e-08
1761231606.413 100.152 0.09363766 1.68218e-08
1761231606.419 100.197 0.09363766 2.79040e-09
1761231606.429 100.243 0.09365814 5.02540e-08
1761231606.439 100.289 0.09368794 1.67658e-08
1761231606.449 100.334 0.09373822 5.33263e-08
1761231606.459 100.380 0.09376429 5.22393e-08
1761231606.508 100.425 0.09395890 7.21816e-08
1761231606.514 100.471 0.09400732 2.93290e-09
1761231606.562 100.516 0.09420006 4.98911e-08
1761231606.569 100.562 0.09420006 1.16059e-08
1761231606.579 100.607 0.09422334 5.07271e-08
1761231606.589 100.653 0.09426990 1.40153e-08
1761231606.599 100.698 0.09432204 5.54407e-08
1761231606.647 100.743 0.09445240 2.27433e-08
1761231606.654 100.789 0.09445054 1.90937e-08
1761231606.660 100.834 0.09448127 6.01791e-08
1761231606.709 100.879 0.09455576 5.64043e-08
1761231606.776 100.925 0.09468798 5.02607e-08
1761231606.826 100.970 0.09477644 4.97002e-08
1761231606.876 101.015 0.09487607 5.16428e-08
1761231606.926 101.061 0.09495335 5.46485e-08
1761231606.976 101.106 0.09497663 5.74648e-08
1761231607.026 101.151 0.09502412 6.26513e-08
1761231607.079 101.196 0.09503716 1.16509e-07
1761231607.088 101.241 0.09505578 9.40487e-08
1761231607.095 101.287 0.09510140 1.15309e-07
1761231607.101 101.332 0.09507626 1.02086e-07
1761231607.109 101.377 0.09507626 1.47469e-07
1761231607.119 101.422 0.09509023 9.41206e-08
1761231607.129 101.467 0.09508464 1.40148e-07
1761231607.139 101.512 0.09509954 1.20427e-07
1761231607.149 101.557 0.09512748 1.94883e-07
1761231607.159 101.602 0.09511817 1.91827e-07
1761231607.169 101.647 0.09514703 1.55916e-07
1761231607.179 101.692 0.09513586 2.30085e-07
1761231607.189 101.737 0.09513865 2.15520e-07
1761231607.199 101.782 0.09517217 2.63310e-07
1761231607.209 101.827 0.09516007 3.25399e-07
1761231607.219 101.872 0.09519079 2.62748e-07
1761231607.229 101.917 0.09522059 3.86172e-07
1761231607.239 101.961 0.09522245 3.55879e-07
1761231607.249 102.006 0.09525690 4.80507e-07
1761231607.259 102.051 0.09526435 5.65892e-07
1761231607.269 102.096 0.09531649 5.32511e-07
1761231607.279 102.141 0.09532674 6.97873e-07
1761231607.328 102.185 0.09553252 1.16085e-06
1761231607.334 102.230 0.09556324 1.74721e-06
1761231607.340 102.275 0.09561632 1.95682e-06
1761231607.349 102.319 0.09561632 2.38743e-06
1761231607.359 102.364 0.09565822 2.67664e-06
1761231607.369 102.409 0.09570199 3.43084e-06
1761231607.379 102.453 0.09575226 4.02814e-06
1761231607.389 102.498 0.09580069 5.35294e-06
1761231607.399 102.543 0.09584631 7.09140e-06
1761231607.409 102.587 0.09586400 1.00959e-05
1761231607.419 102.632 0.09594222 1.36655e-05
1761231607.429 102.676 0.09598691 1.89233e-05
1761231607.439 102.721 0.09603254 2.52425e-05
1761231607.449 102.765 0.09607351 3.06755e-05
1761231607.459 102.810 0.09608933 3.57726e-05
1761231607.469 102.854 0.09613496 4.17962e-05
1761231607.479 102.899 0.09617872 4.86418e-05
1761231607.489 102.943 0.09620200 5.75047e-05
1761231607.499 102.988 0.09624484 6.24284e-05
1761231607.509 103.032 0.09624484 6.96318e-05
1761231607.519 103.076 0.09631188 8.05132e-05
1761231607.529 103.121 0.09635006 8.67735e-05
1761231607.539 103.165 0.09636123 9.43797e-05
1761231607.549 103.209 0.09641244 1.00418e-04
1761231607.559 103.254 0.09642175 1.05278e-04
1761231607.569 103.298 0.09645434 1.03659e-04
1761231607.579 103.342 0.09649159 1.00045e-04
1761231607.589 103.386 0.09651952 9.69262e-05
1761231607.599 103.430 0.09656980 9.36515e-05
1761231607.609 103.475 0.09659122 8.86709e-05
1761231607.619 103.519 0.09662567 8.28461e-05
1761231607.629 103.563 0.09666106 7.79371e-05
1761231607.639 103.607 0.09671227 7.17356e-05
1761231607.649 103.651 0.09676348 6.55280e-05
1761231607.659 103.695 0.09679514 5.86632e-05
1761231607.669 103.739 0.09683797 4.95391e-05
1761231607.679 103.783 0.09688267 4.00411e-05
1761231607.689 103.828 0.09692550 2.92997e-05
1761231607.699 103.872 0.09698322 1.99444e-05
1761231607.709 103.916 0.09700278 1.02523e-05
1761231607.719 103.960 0.09706610 5.41289e-06
1761231607.729 104.004 0.09709868 2.75048e-06
1761231607.739 104.047 0.09714245 9.24595e-07
1761231607.749 104.091 0.09721787 6.24107e-07
1761231607.759 104.135 0.09722998 3.95974e-07
1761231607.769 104.179 0.09728305 2.78078e-07
1761231607.779 104.223 0.09732029 1.91827e-07
1761231607.789 104.267 0.09736406 7.51109e-08
1761231607.799 104.311 0.09742272 7.13402e-08
1761231607.809 104.355 0.09744973 8.80470e-08
1761231607.819 104.398 0.09750280 9.90080e-09
1761231607.829 104.442 0.09753911 5.48838e-08
1761231607.858 104.486 0.09768437 1.19534e-08
1761231607.941 104.530 0.09803448 5.50672e-08
1761231607.949 104.573 0.09803448 -6.13600e-10
1761231607.959 104.617 0.09804379 7.19490e-08
1761231608.024 104.661 0.09828216 4.81988e-08
1761231608.031 104.705 0.09829799 -3.94690e-09
1761231608.096 104.748 0.09838179 -1.62600e-09
1761231608.147 104.792 0.09841717 1.82990e-09
1761231608.197 104.835 0.09843765 -8.03170e-09
1761231608.264 104.879 0.09851122 -8.90250e-09
1761231608.315 104.923 0.09858198 -3.23230e-09
1761231608.321 104.966 0.09858012 6.34721e-08
1761231608.328 105.010 0.09858012 4.58115e-08
1761231608.338 105.053 0.09856615 9.23480e-09
1761231608.348 105.097 0.09858291 5.27351e-08
1761231608.415 105.140 0.09867324 -6.21840e-09
1761231608.420 105.184 0.09866765 4.41875e-08
1761231608.428 105.227 0.09866765 7.19232e-08
1761231608.438 105.271 0.09868255 1.30814e-08
1761231608.448 105.314 0.09868906 5.29600e-08
1761231608.496 105.357 0.09877101 1.66315e-08
1761231608.546 105.401 0.09886784 2.11197e-08
1761231608.596 105.444 0.09897026 1.49839e-08
1761231608.646 105.488 0.09909225 1.50442e-08
1761231608.697 105.531 0.09917046 1.59000e-09
1761231608.764 105.574 0.09922167 -1.52089e-08
1761231608.816 105.617 0.09926637 -6.35670e-09
1761231608.822 105.661 0.09925426 5.36020e-08
1761231608.828 105.704 0.09925426 1.47276e-08
1761231608.869 105.747 0.09926823 9.88250e-10
1761231608.878 105.790 0.09926823 1.75392e-08
1761231608.888 105.834 0.09926823 8.77910e-10
1761231608.898 105.877 0.09929709 1.67121e-08
1761231608.908 105.920 0.09928219 -1.85926e-09
1761231608.918 105.963 0.09930082 1.53947e-09
1761231608.965 106.006 0.09936134 4.67766e-09
1761231608.997 106.049 0.09941162 -1.23748e-08
1761231609.011 106.093 0.09945818 -6.85830e-09
1761231609.018 106.136 0.09945818 -5.80721e-08
1761231609.066 106.179 0.09958761 -5.23742e-08
1761231609.116 106.222 0.09971145 -5.22332e-08
1761231609.184 106.265 0.09985298 -5.78697e-08
1761231609.252 106.308 0.09991444 -3.80209e-08
1761231609.295 106.351 0.09994796 -1.63420e-08
1761231609.310 106.394 0.09997309 -4.26000e-10
1761231609.318 106.437 0.09997309 -3.56690e-08
1761231609.328 106.480 0.09996565 1.31900e-09
1761231609.338 106.523 0.09997216 -4.78037e-08
1761231609.348 106.566 0.09999545 -3.12840e-09
1761231609.358 106.608 0.09997496 5.70320e-09
1761231609.368 106.651 0.09998241 -5.05727e-08
1761231609.409 106.694 0.10001779 -6.98450e-09
1761231609.418 106.737 0.10001779 -1.87962e-08
1761231609.428 106.780 0.10002617 -9.71969e-09
1761231609.441 106.823 0.10003083 6.83490e-09
1761231609.448 106.865 0.10003083 -4.76046e-08
1761231609.458 106.908 0.10004852 8.37800e-09
1761231609.468 106.951 0.10006249 -4.34381e-08
1761231609.514 106.994 0.10019470 -4.72281e-08
1761231609.521 107.036 0.10022078 1.82684e-08
1761231609.528 107.079 0.10022078 1.39771e-08
1761231609.538 107.122 0.10025058 -3.39967e-08
1761231609.578 107.165 0.10041912 6.36865e-09
1761231609.588 107.207 0.10041912 -1.24249e-08
1761231609.598 107.250 0.10045822 9.67204e-09
1761231609.608 107.292 0.10047405 -7.08032e-09
1761231609.618 107.335 0.10051222 -4.51942e-09
1761231609.628 107.378 0.10054388 2.66155e-09
1761231609.638 107.420 0.10057275 -8.92959e-09
1761231609.648 107.463 0.10061651 1.09294e-08
1761231609.658 107.505 0.10062861 -2.91253e-09
1761231609.668 107.548 0.10066959 -2.51751e-09
1761231609.678 107.590 0.10069752 4.70281e-09
1761231609.688 107.633 0.10070963 -6.70296e-09
1761231609.698 107.675 0.10073290 1.22392e-08
1761231609.708 107.718 0.10074966 -5.21314e-09
1761231609.718 107.760 0.10080180 -1.62165e-09
1761231609.728 107.803 0.10082136 6.05453e-09
1761231609.738 107.845 0.10084091 -5.67115e-09
1761231609.748 107.887 0.10087537 1.36338e-08
1761231609.758 107.930 0.10087258 2.10680e-10
1761231609.768 107.972 0.10091541 1.25101e-09
1761231609.778 108.014 0.10092658 7.95743e-09
1761231609.788 108.057 0.10095638 -3.54531e-09
1761231609.797 108.099 0.10100014 1.65334e-08
1761231609.807 108.141 0.10100945 -1.87034e-09
1761231609.817 108.184 0.10104948 1.93947e-09
1761231609.827 108.226 0.10109419 1.03476e-08
1761231609.837 108.268 0.10111933 -1.03575e-09
1761231609.847 108.310 0.10115005 1.84761e-08
1761231609.857 108.352 0.10118543 3.56030e-09
1761231609.867 108.395 0.10123571 4.20554e-09
1761231609.877 108.437 0.10126830 1.24646e-08
1761231609.887 108.479 0.10130368 9.17270e-10
1761231609.901 108.521 0.10139122 -7.32960e-09
1761231609.907 108.563 0.10139122 2.84280e-08
1761231609.917 108.605 0.10144243 -2.11259e-08
1761231609.927 108.647 0.10148432 3.05174e-08
1761231609.975 108.690 0.10170407 6.79234e-08
1761231609.981 108.732 0.10175529 3.87980e-08
1761231609.987 108.774 0.10175529 8.26488e-08
1761231609.997 108.816 0.10179067 7.91797e-08
1761231610.007 108.858 0.10181861 8.40234e-08
1761231610.017 108.900 0.10188937 3.77796e-08
1761231610.064 108.942 0.10208305 8.24913e-08
1761231610.070 108.984 0.10211657 1.61967e-07
1761231610.077 109.025 0.10211657 1.79337e-07
1761231610.087 109.067 0.10214915 1.48309e-07
1761231610.097 109.109 0.10219479 1.52810e-07
1761231610.109 109.151 0.10223855 2.06179e-07
1761231610.117 109.193 0.10223855 1.84939e-07
1761231610.127 109.235 0.10226648 2.08402e-07
1761231610.137 109.277 0.10228697 1.75024e-07
1761231610.147 109.319 0.10232793 2.39954e-07
1761231610.157 109.360 0.10232980 2.52073e-07
1761231610.167 109.402 0.10236425 1.94050e-07
1761231610.177 109.444 0.10238101 2.11268e-07
1761231610.187 109.486 0.10240149 1.54073e-07
1761231610.197 109.528 0.10242850 2.16313e-07
1761231610.266 109.569 0.10260913 1.14127e-07
1761231610.272 109.611 0.10263149 1.52844e-07
1761231610.278 109.653 0.10264453 8.47477e-08
1761231610.287 109.694 0.10264453 9.51201e-08
1761231610.297 109.736 0.10268177 1.26228e-07
1761231610.307 109.778 0.10271622 1.12837e-07
1761231610.317 109.819 0.10276557 4.36745e-08
1761231610.327 109.861 0.10279350 8.78303e-08
1761231610.337 109.903 0.10282050 4.46296e-08
1761231610.347 109.944 0.10286241 7.15123e-08
1761231610.357 109.986 0.10288569 6.30886e-08
1761231610.406 110.027 0.10304677 5.71933e-08
