1761234185.833 33.801 0.03245375 5.03963e-08
1761234185.901 33.936 0.03247797 4.52128e-08
1761234185.907 34.071 0.03243979 1.29961e-08
1761234185.914 34.205 0.03243979 6.03844e-08
1761234185.923 34.338 0.03244817 -7.87510e-09
1761234185.934 34.471 0.03243420 5.71861e-08
1761234185.982 34.603 0.03245934 4.81444e-08
1761234186.032 34.735 0.03253663 5.02404e-08
1761234186.082 34.867 0.03274427 5.15953e-08
1761234186.132 34.997 0.03303106 5.88673e-08
1761234186.182 35.128 0.03330016 6.12944e-08
1761234186.250 35.258 0.03360836 5.64928e-08
1761234186.257 35.387 0.03360557 1.80793e-08
1761234186.263 35.516 0.03360557 5.21713e-08
1761234186.273 35.645 0.03362699 -7.82040e-09
1761234186.283 35.773 0.03364002 5.71913e-08
1761234186.331 35.900 0.03370427 4.64620e-08
1761234186.420 36.027 0.03386163 4.31611e-07
1761234186.427 36.154 0.03389422 6.20961e-07
1761234186.434 36.280 0.03389422 7.46132e-07
1761234186.443 36.406 0.03392867 9.29624e-07
1761234186.453 36.531 0.03397802 1.41428e-06
1761234186.463 36.656 0.03402644 2.59669e-06
1761234186.473 36.781 0.03406369 3.91548e-06
1761234186.483 36.905 0.03411769 4.47653e-06
1761234186.493 37.029 0.03416797 4.49838e-06
1761234186.503 37.152 0.03422384 4.23615e-06
1761234186.513 37.275 0.03426667 3.58437e-06
1761234186.523 37.397 0.03431323 1.97181e-06
1761234186.533 37.519 0.03435793 1.01912e-06
1761234186.543 37.641 0.03441472 6.03949e-07
1761234186.553 37.762 0.03447059 3.90590e-07
1761234186.563 37.883 0.03450318 2.01401e-07
1761234186.573 38.003 0.03458140 5.77235e-08
1761234186.583 38.124 0.03462423 7.34416e-08
1761234186.631 38.243 0.03496502 5.80235e-08
1761234186.682 38.363 0.03545853 5.06766e-08
1761234186.731 38.482 0.03601814 6.10091e-08
1761234186.800 38.600 0.03663082 5.22330e-08
1761234186.850 38.718 0.03685057 5.45054e-08
1761234186.856 38.836 0.03684871 2.06969e-08
1761234186.863 38.954 0.03684871 4.98038e-08
1761234186.873 39.071 0.03687199 -9.39580e-09
1761234186.883 39.188 0.03687106 6.07092e-08
1761234186.955 39.304 0.03678912 2.73800e-08
1761234186.963 39.421 0.03678912 6.30603e-08
1761234187.012 39.536 0.03682078 6.32088e-08
1761234187.019 39.652 0.03686920 -1.48570e-09
1761234187.067 39.767 0.03706473 5.20266e-08
1761234187.117 39.882 0.03733290 5.15566e-08
1761234187.167 39.996 0.03760014 5.06347e-08
1761234187.174 40.110 0.03763272 -1.80980e-09
1761234187.183 40.224 0.03763272 5.18644e-08
1761234187.193 40.338 0.03768766 1.58961e-08
1761234187.203 40.451 0.03773701 4.80615e-08
1761234187.251 40.564 0.03791113 2.56702e-08
1761234187.258 40.676 0.03792324 2.05787e-08
1761234187.264 40.788 0.03794745 4.79817e-08
1761234187.312 40.900 0.03806291 5.79330e-08
1761234187.319 41.012 0.03809922 -6.60560e-09
1761234187.367 41.123 0.03825565 4.55658e-08
1761234187.374 41.234 0.03828638 1.66660e-09
1761234187.383 41.345 0.03828638 4.99287e-08
1761234187.393 41.456 0.03834411 1.57760e-09
1761234187.403 41.566 0.03840184 4.57971e-08
1761234187.451 41.676 0.03866349 2.16286e-08
1761234187.527 41.785 0.03914302 5.25062e-08
1761234187.533 41.894 0.03914302 5.74478e-08
1761234187.581 42.003 0.03940654 4.75477e-08
1761234187.631 42.112 0.03963653 5.00895e-08
1761234187.681 42.220 0.03974640 5.05343e-08
1761234187.731 42.329 0.03983299 5.29059e-08
1761234187.781 42.436 0.03989538 5.70620e-08
1761234187.831 42.544 0.03995404 5.85249e-08
1761234187.881 42.651 0.04005181 6.24616e-08
1761234187.932 42.758 0.04013654 6.59524e-08
1761234187.999 42.865 0.04030787 5.23411e-08
1761234188.006 42.972 0.04032091 1.22081e-08
1761234188.013 43.078 0.04032091 5.23078e-08
1761234188.022 43.184 0.04036933 -8.11380e-09
1761234188.032 43.290 0.04038516 5.97710e-08
1761234188.120 43.395 0.04055183 3.22230e-09
1761234188.170 43.500 0.04072502 1.03330e-08
1761234188.176 43.605 0.04074923 6.58273e-08
1761234188.183 43.710 0.04080231 4.80611e-08
1761234188.192 43.815 0.04080231 1.69793e-08
1761234188.202 43.919 0.04084048 7.17499e-08
1761234188.268 44.023 0.04109468 6.61900e-10
1761234188.318 44.126 0.04128557 -2.13840e-09
1761234188.386 44.230 0.04154349 -8.21250e-09
1761234188.392 44.333 0.04154349 2.84603e-08
1761234188.480 44.436 0.04180327 4.89559e-08
1761234188.529 44.539 0.04191594 4.85539e-08
1761234188.536 44.641 0.04192991 -7.53690e-09
1761234188.584 44.744 0.04199602 1.22844e-08
1761234188.671 44.846 0.04210869 1.49101e-08
1761234188.678 44.948 0.04212731 6.65544e-08
1761234188.684 45.049 0.04214128 1.27634e-08
1761234188.692 45.151 0.04214128 1.69413e-08
1761234188.702 45.252 0.04217387 5.96540e-08
1761234188.751 45.353 0.04229119 1.44384e-08
1761234188.758 45.453 0.04231167 1.67640e-08
1761234188.764 45.554 0.04235171 5.38818e-08
1761234188.815 45.654 0.04248300 6.45823e-08
1761234188.864 45.754 0.04266644 6.91317e-08
1761234188.914 45.854 0.04291691 7.17829e-08
1761234188.965 45.954 0.04317018 6.86323e-08
1761234189.015 46.053 0.04334430 6.67536e-08
1761234189.083 46.152 0.04349422 5.22951e-08
1761234189.133 46.251 0.04351935 5.22655e-08
1761234189.208 46.350 0.04357057 1.42964e-08
1761234189.214 46.448 0.04359105 5.86544e-08
1761234189.262 46.547 0.04365251 4.79616e-08
1761234189.312 46.645 0.04374934 4.80691e-08
1761234189.363 46.743 0.04384991 4.80052e-08
1761234189.412 46.840 0.04398027 4.85358e-08
1761234189.463 46.938 0.04408921 4.76071e-08
1761234189.513 47.035 0.04419443 4.78405e-08
1761234189.563 47.132 0.04429685 4.79182e-08
1761234189.612 47.229 0.04435738 4.84843e-08
1761234189.681 47.326 0.04447004 5.93752e-08
1761234189.746 47.422 0.04459202 4.96987e-08
1761234189.796 47.519 0.04467769 4.85138e-08
1761234189.848 47.615 0.04475031 5.77488e-08
1761234189.855 47.711 0.04475031 2.59878e-08
1761234189.862 47.806 0.04477452 5.43724e-08
1761234189.871 47.902 0.04477452 -7.81880e-09
1761234189.881 47.997 0.04478104 6.25897e-08
1761234189.947 48.092 0.04489743 5.37268e-08
1761234190.015 48.187 0.04508925 5.97990e-08
1761234190.065 48.282 0.04527361 5.86290e-08
1761234190.115 48.377 0.04545891 5.57594e-08
1761234190.166 48.471 0.04560696 5.22148e-08
1761234190.173 48.565 0.04563024 1.84480e-09
1761234190.181 48.659 0.04563024 4.98538e-08
1761234190.229 48.753 0.04568890 5.12742e-08
1761234190.304 48.847 0.04578480 2.32795e-08
1761234190.311 48.940 0.04578480 6.39789e-08
1761234190.321 49.034 0.04582112 -3.71690e-09
1761234190.331 49.127 0.04583415 6.08071e-08
1761234190.380 49.220 0.04593844 4.97593e-08
1761234190.430 49.313 0.04606694 5.66466e-08
1761234190.480 49.405 0.04625224 5.82696e-08
1761234190.531 49.498 0.04642449 5.11641e-08
1761234190.580 49.590 0.04657534 4.95123e-08
1761234190.623 49.682 0.04668801 1.32730e-08
1761234190.638 49.774 0.04671780 1.28110e-08
1761234190.646 49.866 0.04672897 4.00584e-08
1761234190.653 49.957 0.04674574 1.29444e-08
1761234190.661 50.049 0.04674574 5.80499e-08
1761234190.671 50.140 0.04678670 -1.24710e-09
1761234190.681 50.231 0.04679043 5.83469e-08
1761234190.729 50.322 0.04683047 4.92916e-08
1761234190.779 50.413 0.04692824 5.09823e-08
1761234190.843 50.504 0.04722061 6.72801e-08
1761234190.851 50.594 0.04722061 3.18980e-08
1761234190.861 50.684 0.04726903 4.64835e-08
1761234190.871 50.774 0.04734818 -6.03720e-09
1761234190.881 50.864 0.04738729 6.06439e-08
1761234190.929 50.954 0.04761821 5.01718e-08
1761234190.979 51.044 0.04779512 1.03854e-07
1761234190.986 51.133 0.04782306 1.11829e-07
1761234190.995 51.223 0.04784727 3.00007e-07
1761234191.001 51.312 0.04784727 3.68591e-07
1761234191.027 51.401 0.04793386 1.24138e-06
1761234191.034 51.490 0.04795435 1.55081e-06
1761234191.043 51.578 0.04799066 2.62862e-06
1761234191.051 51.667 0.04799066 2.93287e-06
1761234191.061 51.755 0.04800929 4.28746e-06
1761234191.071 51.844 0.04804187 7.09627e-06
1761234191.081 51.932 0.04805212 1.02397e-05
1761234191.091 52.020 0.04807540 1.54844e-05
1761234191.101 52.107 0.04811637 1.96573e-05
1761234191.111 52.195 0.04815082 2.66747e-05
1761234191.121 52.283 0.04821041 3.65532e-05
1761234191.131 52.370 0.04820575 3.99538e-05
1761234191.141 52.457 0.04822344 3.55025e-05
1761234191.151 52.544 0.04828025 3.53461e-05
1761234191.161 52.631 0.04831470 4.12983e-05
1761234191.171 52.718 0.04837056 3.24972e-05
1761234191.181 52.805 0.04841340 2.55831e-05
1761234191.191 52.891 0.04846927 2.07118e-05
1761234191.201 52.978 0.04853631 8.87621e-06
1761234191.211 53.064 0.04859590 4.42752e-06
1761234191.221 53.150 0.04867505 1.84951e-06
1761234191.231 53.236 0.04875885 1.00299e-06
1761234191.241 53.322 0.04883241 5.45497e-07
1761234191.251 53.407 0.04891528 2.99890e-07
1761234191.260 53.493 0.04899908 1.52295e-07
1761234191.270 53.578 0.04908847 6.30332e-08
1761234191.280 53.663 0.04918531 9.18186e-08
1761234191.328 53.749 0.04967695 6.56817e-08
1761234191.335 53.834 0.04979520 1.14666e-08
1761234191.342 53.918 0.04990135 5.47760e-08
1761234191.372 54.003 0.05018255 5.66917e-08
1761234191.382 54.088 0.05028125 3.47948e-08
1761234191.431 54.172 0.05059690 9.63142e-08
1761234191.437 54.257 0.05068257 6.02976e-08
1761234191.443 54.341 0.05074030 9.95830e-08
1761234191.450 54.425 0.05074030 6.36473e-08
1761234191.460 54.509 0.05078965 5.47728e-08
1761234191.470 54.593 0.05086414 4.03447e-08
1761234191.480 54.676 0.05089859 1.22955e-07
1761234191.490 54.760 0.05094143 1.18955e-07
1761234191.500 54.843 0.05097867 1.96056e-07
1761234191.510 54.926 0.05099543 1.99048e-07
1761234191.520 55.010 0.05104851 1.79535e-07
1761234191.530 55.093 0.05105689 2.04635e-07
1761234191.540 55.176 0.05109413 1.39811e-07
1761234191.550 55.258 0.05111555 1.90365e-07
1761234191.560 55.341 0.05112858 1.60688e-07
1761234191.570 55.424 0.05117049 4.48186e-07
1761234191.580 55.506 0.05118725 7.68928e-07
1761234191.590 55.588 0.05121704 1.35023e-06
1761234191.600 55.671 0.05124497 2.64594e-06
1761234191.610 55.753 0.05126453 3.41784e-06
1761234191.620 55.835 0.05131760 5.78220e-06
1761234191.630 55.916 0.05135485 9.30328e-06
1761234191.640 55.998 0.05140979 1.50976e-05
1761234191.650 56.080 0.05145355 3.01971e-05
1761234191.660 56.161 0.05150011 3.92178e-05
1761234191.670 56.242 0.05156901 5.81859e-05
1761234191.680 56.324 0.05163233 8.13669e-05
1761234191.690 56.405 0.05172637 1.00802e-04
1761234191.700 56.486 0.05179994 8.33721e-05
1761234191.710 56.567 0.05187070 6.50657e-05
1761234191.720 56.647 0.05196940 4.28962e-05
1761234191.730 56.728 0.05204668 1.23341e-05
1761234191.740 56.809 0.05215097 5.45316e-06
1761234191.750 56.889 0.05223477 3.38884e-06
1761234191.760 56.969 0.05233068 4.41943e-06
1761234191.770 57.049 0.05243310 3.80527e-06
1761234191.780 57.130 0.05250108 3.31778e-06
1761234191.790 57.210 0.05261840 2.56056e-06
1761234191.800 57.289 0.05272083 9.00046e-07
1761234191.810 57.369 0.05282046 3.98458e-07
1761234191.820 57.449 0.05292754 1.29129e-07
1761234191.830 57.528 0.05300482 1.73961e-07
1761234191.840 57.608 0.05311935 1.97185e-07
1761234191.850 57.687 0.05321619 2.68145e-07
1761234191.861 57.766 0.05337262 2.73482e-07
1761234191.870 57.845 0.05337262 1.75571e-07
1761234191.907 57.924 0.05369293 5.72128e-08
1761234191.913 58.003 0.05378045 1.13174e-07
1761234191.921 58.082 0.05378045 6.43784e-08
1761234191.930 58.161 0.05384563 1.43353e-07
1761234191.941 58.239 0.05391082 1.23237e-07
1761234191.951 58.318 0.05403559 2.54694e-07
1761234191.961 58.396 0.05403559 4.25014e-07
1761234191.971 58.474 0.05410170 1.04009e-06
1761234191.981 58.552 0.05417246 1.17989e-06
1761234191.991 58.630 0.05422088 1.01028e-06
1761234192.001 58.708 0.05429072 9.81066e-07
1761234192.011 58.786 0.05434100 6.52133e-07
1761234192.021 58.864 0.05442294 2.41727e-07
1761234192.030 58.941 0.05445739 1.68064e-07
1761234192.040 59.019 0.05452816 9.65504e-08
1761234192.050 59.096 0.05458589 1.41895e-07
1761234192.061 59.174 0.05461475 8.69982e-08
1761234192.070 59.251 0.05468180 6.57884e-08
1761234192.080 59.328 0.05474604 1.79312e-07
1761234192.090 59.405 0.05479260 1.81063e-07
1761234192.100 59.482 0.05484195 2.25271e-07
1761234192.110 59.559 0.05488665 2.27962e-07
1761234192.120 59.635 0.05497324 2.14208e-07
1761234192.130 59.712 0.05500118 2.58177e-07
1761234192.140 59.788 0.05506170 1.70879e-07
1761234192.150 59.865 0.05512595 1.98536e-07
1761234192.160 59.941 0.05517995 1.33245e-07
1761234192.170 60.017 0.05526748 1.33100e-07
1761234192.180 60.094 0.05533545 2.01176e-07
1761234192.190 60.170 0.05539877 4.62994e-07
1761234192.200 60.245 0.05546302 1.43435e-06
1761234192.210 60.321 0.05554682 6.10132e-06
1761234192.220 60.397 0.05565483 1.12326e-05
1761234192.254 60.473 0.05592951 1.42313e-04
1761234192.261 60.548 0.05602635 1.36139e-04
1761234192.270 60.624 0.05602635 1.22400e-04
1761234192.280 60.699 0.05608501 1.07859e-04
1761234192.290 60.774 0.05617813 8.22358e-05
1761234192.300 60.850 0.05626286 2.97302e-05
1761234192.310 60.925 0.05633549 1.05920e-05
1761234192.320 61.000 0.05642954 6.15967e-06
1761234192.330 61.075 0.05649657 2.82313e-06
1761234192.340 61.149 0.05658038 5.98728e-07
1761234192.350 61.224 0.05667256 2.82979e-07
1761234192.360 61.299 0.05673494 1.44036e-07
1761234192.370 61.373 0.05680478 5.17289e-08
1761234192.380 61.448 0.05685040 1.06217e-07
1761234192.390 61.522 0.05692210 1.14066e-07
1761234192.400 61.596 0.05699287 3.46485e-07
1761234192.410 61.670 0.05703756 5.77047e-07
1761234192.463 61.745 0.05738115 5.54069e-06
1761234192.470 61.819 0.05742026 4.82732e-06
1761234192.480 61.892 0.05742026 4.49982e-06
1761234192.490 61.966 0.05749196 3.67318e-06
1761234192.500 62.040 0.05755900 2.90605e-06
1761234192.510 62.114 0.05759997 1.66399e-06
1761234192.520 62.187 0.05765863 1.22153e-06
1761234192.530 62.261 0.05769774 1.04223e-06
1761234192.540 62.334 0.05776199 1.12563e-06
1761234192.550 62.407 0.05782251 1.06119e-06
1761234192.560 62.481 0.05788490 8.67649e-07
1761234192.570 62.554 0.05795473 8.93490e-07
1761234192.580 62.627 0.05798452 7.22685e-07
1761234192.590 62.700 0.05803388 5.07476e-07
1761234192.600 62.773 0.05809627 4.07011e-07
1761234192.610 62.845 0.05813910 2.04835e-07
1761234192.620 62.918 0.05818379 1.28581e-07
1761234192.630 62.991 0.05822290 1.61583e-07
1761234192.640 63.063 0.05827038 1.22820e-07
1761234192.650 63.136 0.05832253 1.73912e-07
1761234192.660 63.208 0.05837840 1.43448e-07
1761234192.670 63.280 0.05845754 1.51368e-07
1761234192.680 63.353 0.05848175 1.73630e-07
1761234192.690 63.425 0.05854135 1.30391e-07
1761234192.700 63.497 0.05860932 1.47100e-07
1761234192.710 63.569 0.05865308 1.00452e-07
1761234192.720 63.640 0.05873874 6.65251e-08
1761234192.730 63.712 0.05878717 1.03296e-07
1761234192.740 63.784 0.05884769 4.99947e-08
1761234192.750 63.856 0.05891566 1.01653e-07
1761234192.760 63.927 0.05897432 9.93401e-08
1761234192.770 63.999 0.05905533 1.69513e-07
1761234192.780 64.070 0.05912517 3.75809e-07
1761234192.790 64.141 0.05920897 5.29009e-07
1761234192.800 64.213 0.05927042 7.47474e-07
1761234192.810 64.284 0.05933467 7.53755e-07
1761234192.820 64.355 0.05942313 7.71408e-07
1761234192.830 64.426 0.05949948 6.78491e-07
1761234192.840 64.497 0.05957304 4.44219e-07
1761234192.850 64.568 0.05964195 3.37113e-07
1761234192.860 64.638 0.05970247 1.91261e-07
1761234192.870 64.709 0.05979279 1.34093e-07
1761234192.880 64.780 0.05985332 2.59483e-07
1761234192.890 64.850 0.05993339 3.23077e-07
1761234192.900 64.921 0.06001719 5.14469e-07
1761234192.910 64.991 0.06006933 5.13491e-07
1761234192.920 65.061 0.06014941 4.76947e-07
1761234192.930 65.132 0.06022577 5.72200e-07
1761234192.940 65.202 0.06031143 4.02704e-07
1761234192.950 65.272 0.06037102 3.59899e-07
1761234192.960 65.342 0.06044179 2.68220e-07
1761234192.970 65.412 0.06051162 1.90085e-07
1761234193.013 65.482 0.06082914 1.99413e-07
1761234193.023 65.551 0.06088594 3.03175e-06
1761234193.030 65.621 0.06095484 5.03013e-06
1761234193.041 65.691 0.06101816 7.50044e-06
1761234193.050 65.760 0.06101816 1.56232e-05
1761234193.059 65.830 0.06107589 2.70943e-05
1761234193.069 65.899 0.06113642 3.73856e-05
1761234193.080 65.968 0.06118204 5.92395e-05
1761234193.089 66.038 0.06124629 6.03747e-05
1761234193.099 66.107 0.06131799 5.79326e-05
1761234193.109 66.176 0.06136734 5.98233e-05
1761234193.119 66.245 0.06141669 4.76778e-05
1761234193.129 66.314 0.06146324 3.35213e-05
1761234193.139 66.383 0.06153029 2.15112e-05
1761234193.149 66.452 0.06156939 1.06875e-05
1761234193.159 66.521 0.06161875 8.06933e-06
1761234193.169 66.589 0.06168206 5.91147e-06
1761234193.179 66.658 0.06170906 4.03702e-06
1761234193.189 66.726 0.06177145 2.85373e-06
1761234193.199 66.795 0.06182359 1.82909e-06
1761234193.209 66.863 0.06184874 7.74425e-07
1761234193.219 66.932 0.06191112 2.74292e-07
1761234193.229 67.000 0.06194651 1.86419e-07
1761234193.239 67.068 0.06202192 5.10422e-08
1761234193.249 67.136 0.06207873 8.18701e-08
1761234193.259 67.204 0.06212156 5.62979e-08
1761234193.269 67.272 0.06217556 7.75193e-08
1761234193.279 67.340 0.06221467 1.38956e-07
1761234193.289 67.408 0.06229382 1.23965e-07
1761234193.299 67.476 0.06235899 1.56690e-07
1761234193.309 67.544 0.06241487 2.18637e-07
1761234193.319 67.611 0.06249028 2.20017e-07
1761234193.329 67.679 0.06252939 3.16980e-07
1761234193.339 67.746 0.06259085 2.53415e-07
1761234193.349 67.814 0.06267093 2.67051e-07
1761234193.359 67.881 0.06273704 1.87247e-07
1761234193.369 67.949 0.06282829 9.55226e-08
1761234193.379 68.016 0.06289160 1.31734e-07
1761234193.389 68.083 0.06295306 6.64681e-08
1761234193.399 68.150 0.06303779 9.52516e-08
1761234193.409 68.217 0.06308994 5.43603e-08
1761234193.419 68.284 0.06318584 6.01827e-08
1761234193.429 68.351 0.06324823 9.31795e-08
1761234193.439 68.418 0.06332644 4.47680e-08
1761234193.449 68.485 0.06338790 8.21960e-08
1761234193.459 68.551 0.06343725 5.69010e-08
1761234193.469 68.618 0.06352105 6.39353e-08
1761234193.479 68.685 0.06358250 1.52410e-07
1761234193.489 68.751 0.06366817 1.84204e-07
1761234193.499 68.818 0.06372311 4.04440e-07
1761234193.509 68.884 0.06377804 6.05970e-07
1761234193.519 68.950 0.06385626 1.05691e-06
1761234193.565 69.017 0.06416912 3.58779e-06
1761234193.572 69.083 0.06422219 3.24040e-06
1761234193.579 69.149 0.06422219 2.78432e-06
1761234193.589 69.215 0.06428645 2.28925e-06
1761234193.599 69.281 0.06433579 1.92678e-06
1761234193.609 69.347 0.06437863 1.21999e-06
1761234193.619 69.413 0.06446429 8.13710e-07
1761234193.629 69.479 0.06450154 5.92421e-07
1761234193.639 69.545 0.06456765 3.51578e-07
1761234193.649 69.610 0.06461607 3.59875e-07
1761234193.659 69.676 0.06468031 2.68520e-07
1761234193.669 69.741 0.06473991 1.74798e-07
1761234193.679 69.807 0.06476505 2.03493e-07
1761234193.689 69.872 0.06483861 1.38040e-07
1761234193.699 69.938 0.06489447 1.84600e-07
1761234193.709 70.003 0.06491496 1.72586e-07
1761234193.719 70.068 0.06497921 1.86621e-07
1761234193.729 70.134 0.06500342 2.09142e-07
1761234193.739 70.199 0.06505370 1.83144e-07
1761234193.749 70.264 0.06510584 2.22554e-07
1761234193.759 70.329 0.06512912 1.89295e-07
1761234193.769 70.394 0.06519058 1.55075e-07
1761234193.779 70.459 0.06523899 2.16560e-07
1761234193.789 70.524 0.06529952 1.25681e-07
1761234193.799 70.588 0.06534887 1.58876e-07
1761234193.809 70.653 0.06537774 1.16085e-07
1761234193.819 70.718 0.06543360 1.06027e-07
1761234193.829 70.783 0.06547737 1.27288e-07
1761234193.839 70.847 0.06556396 5.91672e-08
1761234193.849 70.912 0.06562914 7.55323e-08
1761234193.859 70.976 0.06565521 3.78742e-08
1761234193.869 71.040 0.06573250 4.53226e-08
1761234193.879 71.105 0.06577440 7.41350e-08
1761234193.920 71.169 0.06610309 7.97681e-09
1761234193.929 71.233 0.06610309 1.62584e-08
1761234193.939 71.297 0.06619713 7.21179e-09
1761234193.954 71.361 0.06631818 8.24180e-09
1761234193.961 71.425 0.06638615 5.29183e-08
1761234193.969 71.489 0.06638615 2.18360e-09
1761234193.979 71.553 0.06644388 7.89162e-08
1761234194.029 71.617 0.06681168 1.60923e-07
1761234194.039 71.681 0.06681168 1.13245e-07
1761234194.049 71.745 0.06687593 1.70438e-07
1761234194.059 71.808 0.06692528 1.81499e-07
1761234194.069 71.872 0.06697835 1.92526e-07
1761234194.116 71.936 0.06719251 1.73681e-07
1761234194.125 71.999 0.06720276 2.06928e-07
1761234194.132 72.063 0.06724745 1.62552e-07
1761234194.139 72.126 0.06724745 1.16085e-07
1761234194.149 72.189 0.06728377 1.40591e-07
1761234194.159 72.253 0.06729866 9.45915e-08
1761234194.169 72.316 0.06734429 1.11321e-07
1761234194.179 72.379 0.06734522 1.25726e-07
1761234194.189 72.442 0.06738433 6.86759e-08
1761234194.199 72.505 0.06743368 9.54512e-08
1761234194.209 72.568 0.06742902 5.76748e-08
1761234194.219 72.631 0.06746999 7.80537e-08
1761234194.229 72.694 0.06750072 1.07154e-07
1761234194.239 72.757 0.06754821 5.22916e-08
1761234194.249 72.820 0.06756124 1.13522e-07
1761234194.259 72.883 0.06757614 1.74922e-07
1761234194.269 72.945 0.06762642 3.59010e-07
1761234194.279 73.008 0.06766646 4.99752e-07
1761234194.289 73.071 0.06771488 7.62693e-07
1761234194.299 73.133 0.06775212 1.16974e-06
1761234194.309 73.196 0.06778192 1.49164e-06
1761234194.319 73.258 0.06784803 2.56633e-06
1761234194.329 73.321 0.06788900 3.47661e-06
1761234194.339 73.383 0.06794115 5.15870e-06
1761234194.349 73.445 0.06798305 6.85975e-06
1761234194.359 73.507 0.06803426 1.03896e-05
1761234194.369 73.569 0.06810968 1.59692e-05
1761234194.379 73.632 0.06814693 2.40557e-05
1761234194.389 73.694 0.06819162 3.06979e-05
1761234194.399 73.756 0.06827542 4.29677e-05
1761234194.409 73.818 0.06833688 5.39057e-05
1761234194.419 73.880 0.06841044 6.58299e-05
1761234194.429 73.941 0.06848400 6.30297e-05
1761234194.439 74.003 0.06856128 5.73655e-05
1761234194.449 74.065 0.06860877 5.53992e-05
1761234194.459 74.127 0.06868326 4.34999e-05
1761234194.469 74.188 0.06876985 3.12050e-05
1761234194.479 74.250 0.06881548 1.88986e-05
1761234194.489 74.311 0.06890208 9.77617e-06
1761234194.499 74.373 0.06896446 7.89714e-06
1761234194.509 74.434 0.06900637 5.82112e-06
1761234194.519 74.496 0.06908737 3.88788e-06
1761234194.529 74.557 0.06915348 2.87054e-06
1761234194.539 74.618 0.06923263 1.87259e-06
1761234194.549 74.680 0.06929501 9.05676e-07
1761234194.559 74.741 0.06934623 3.04996e-07
1761234194.569 74.802 0.06941885 8.64658e-08
1761234194.579 74.863 0.06945610 9.98914e-08
1761234194.667 74.924 0.06997474 1.82770e-09
1761234194.715 74.985 0.07020939 3.98179e-08
1761234194.722 75.046 0.07024477 2.43110e-08
1761234194.729 75.107 0.07024477 5.60415e-08
1761234194.779 75.168 0.07045521 7.53411e-08
1761234194.829 75.229 0.07055297 6.09859e-08
1761234194.879 75.289 0.07057626 6.25453e-08
1761234194.929 75.350 0.07063957 6.96524e-08
1761234194.997 75.411 0.07071593 5.83207e-08
1761234195.004 75.471 0.07071593 1.64125e-08
1761234195.010 75.532 0.07074293 5.67952e-08
1761234195.018 75.592 0.07074293 7.00100e-10
1761234195.028 75.653 0.07074851 6.86974e-08
1761234195.077 75.713 0.07083418 6.00979e-08
1761234195.127 75.774 0.07089750 6.20945e-08
1761234195.203 75.834 0.07110234 3.58007e-08
1761234195.209 75.894 0.07114146 8.03697e-08
1761234195.218 75.954 0.07114146 1.29589e-08
1761234195.228 76.014 0.07114425 7.98472e-08
1761234195.276 76.075 0.07126716 7.73099e-08
1761234195.283 76.135 0.07130906 1.70657e-08
1761234195.288 76.195 0.07130440 3.44181e-08
1761234195.298 76.255 0.07130440 6.61840e-08
1761234195.308 76.315 0.07130626 3.04960e-08
1761234195.318 76.374 0.07134631 5.60271e-08
1761234195.328 76.434 0.07135003 8.46376e-08
1761234195.376 76.494 0.07141614 7.70272e-08
1761234195.383 76.554 0.07145059 9.02580e-09
1761234195.389 76.614 0.07147946 3.50421e-08
1761234195.398 76.673 0.07147946 8.79393e-08
1761234195.408 76.733 0.07148970 2.51125e-08
1761234195.418 76.792 0.07152136 5.95691e-08
1761234195.428 76.852 0.07153067 8.42893e-08
1761234195.477 76.911 0.07171969 7.11648e-08
1761234195.521 76.971 0.07191895 4.03673e-08
1761234195.529 77.030 0.07191895 9.07773e-08
1761234195.538 77.089 0.07195806 6.75212e-08
1761234195.548 77.149 0.07201486 1.03370e-07
1761234195.558 77.208 0.07206048 6.22643e-08
1761234195.568 77.267 0.07212380 9.36617e-08
1761234195.578 77.326 0.07212753 1.30239e-07
1761234195.588 77.385 0.07217874 7.92643e-08
1761234195.598 77.444 0.07222809 1.29721e-07
1761234195.608 77.503 0.07224671 9.17673e-08
1761234195.618 77.562 0.07229140 1.41062e-07
1761234195.628 77.621 0.07232213 1.77797e-07
1761234195.638 77.680 0.07235659 1.29087e-07
1761234195.648 77.739 0.07239290 1.93092e-07
1761234195.658 77.798 0.07241524 1.52889e-07
1761234195.668 77.857 0.07244691 1.86153e-07
1761234195.678 77.915 0.07245715 2.00978e-07
1761234195.688 77.974 0.07249346 1.42627e-07
1761234195.698 78.033 0.07251953 1.81370e-07
1761234195.708 78.091 0.07254561 1.27048e-07
1761234195.755 78.150 0.07273835 1.12596e-07
1761234195.762 78.208 0.07279422 1.12906e-07
1761234195.768 78.267 0.07279422 6.56389e-08
1761234195.778 78.325 0.07281098 1.09560e-07
1761234195.788 78.383 0.07289199 3.58283e-08
1761234195.798 78.442 0.07292737 7.67553e-08
1761234195.808 78.500 0.07296368 2.65169e-08
1761234195.818 78.558 0.07303817 6.73031e-08
1761234195.828 78.616 0.07306797 9.87506e-08
1761234195.838 78.674 0.07313967 5.21453e-08
1761234195.848 78.732 0.07319461 1.25266e-07
1761234195.858 78.790 0.07325327 1.20353e-07
1761234195.868 78.848 0.07331845 2.37259e-07
1761234195.878 78.906 0.07334824 3.57001e-07
1761234195.888 78.964 0.07339945 3.78635e-07
1761234195.898 79.022 0.07345998 6.18662e-07
1761234195.908 79.080 0.07350467 8.59269e-07
1761234195.918 79.138 0.07356892 1.26656e-06
1761234195.928 79.196 0.07360896 1.59390e-06
1761234195.938 79.253 0.07366111 2.07393e-06
1761234195.948 79.311 0.07371325 2.97983e-06
1761234195.958 79.369 0.07375236 3.47291e-06
1761234195.968 79.426 0.07380729 4.22522e-06
1761234195.978 79.484 0.07384081 4.35686e-06
1761234195.988 79.541 0.07389761 4.36660e-06
1761234195.998 79.599 0.07393765 4.50569e-06
1761234196.008 79.656 0.07397490 4.00992e-06
1761234196.018 79.713 0.07403356 3.67529e-06
1761234196.028 79.771 0.07407639 3.26542e-06
1761234196.038 79.828 0.07415088 2.75688e-06
1761234196.048 79.885 0.07419837 2.05289e-06
1761234196.058 79.943 0.07424213 1.35803e-06
1761234196.068 80.000 0.07430266 9.02030e-07
1761234196.078 80.057 0.07432687 7.20397e-07
1761234196.088 80.114 0.07439297 5.77666e-07
1761234196.098 80.171 0.07444512 5.13616e-07
1761234196.108 80.228 0.07449819 3.68140e-07
1761234196.118 80.285 0.07455872 3.30322e-07
1761234196.128 80.342 0.07460155 2.94120e-07
1761234196.138 80.399 0.07467139 1.53303e-07
1761234196.148 80.456 0.07472166 1.72511e-07
1761234196.158 80.512 0.07477381 9.42647e-08
1761234196.168 80.569 0.07484272 9.58227e-08
1761234196.178 80.626 0.07487344 8.37621e-08
1761234196.244 80.683 0.07527569 4.66109e-08
1761234196.328 80.739 0.07574871 4.42944e-08
1761234196.338 80.796 0.07574871 -2.05620e-09
1761234196.348 80.852 0.07577199 3.79809e-08
1761234196.390 80.909 0.07591724 -1.78490e-09
1761234196.398 80.965 0.07591724 1.73505e-08
1761234196.408 81.022 0.07591165 -2.20771e-09
1761234196.418 81.078 0.07594145 1.57557e-08
1761234196.428 81.135 0.07594424 1.38367e-08
1761234196.438 81.191 0.07596473 9.06416e-09
1761234196.451 81.247 0.07596473 1.49666e-08
1761234196.458 81.303 0.07596473 6.30460e-08
1761234196.468 81.360 0.07598242 3.93044e-08
1761234196.516 81.416 0.07600198 7.74970e-09
1761234196.522 81.472 0.07599732 3.57917e-08
1761234196.529 81.528 0.07602525 9.40646e-08
1761234196.538 81.584 0.07602525 4.51336e-08
1761234196.548 81.640 0.07605598 7.96362e-08
1761234196.558 81.696 0.07605971 4.48894e-08
1761234196.568 81.752 0.07610813 8.96893e-08
1761234196.578 81.808 0.07611930 1.10967e-07
1761234196.587 81.864 0.07616306 6.75301e-08
1761234196.597 81.920 0.07621148 1.16495e-07
1761234196.607 81.975 0.07624221 6.57171e-08
1761234196.617 82.031 0.07628877 1.15482e-07
1761234196.627 82.087 0.07630739 1.40057e-07
1761234196.637 82.143 0.07636605 7.48608e-08
1761234196.647 82.198 0.07639864 1.25500e-07
1761234196.657 82.254 0.07645171 8.15358e-08
1761234196.667 82.309 0.07652062 1.20002e-07
1761234196.677 82.365 0.07653924 1.28567e-07
1761234196.687 82.420 0.07661280 6.28854e-08
1761234196.697 82.476 0.07666960 1.05699e-07
1761234196.707 82.531 0.07671615 3.83382e-08
1761234196.717 82.587 0.07677389 7.93484e-08
1761234196.727 82.642 0.07681392 8.42481e-08
1761234196.777 82.697 0.07706906 7.28735e-08
1761234196.826 82.752 0.07732419 6.48638e-08
1761234196.857 82.808 0.07747968 1.17940e-09
1761234196.909 82.863 0.07774040 5.55505e-08
1761234196.917 82.918 0.07774040 -1.87020e-09
1761234196.927 82.973 0.07776834 6.83188e-08
1761234196.996 83.028 0.07789218 2.24260e-07
1761234197.002 83.083 0.07788752 2.61429e-07
1761234197.008 83.138 0.07790614 3.45063e-07
1761234197.017 83.193 0.07790614 3.11662e-07
1761234197.027 83.248 0.07791266 4.23435e-07
1761234197.037 83.303 0.07792663 4.39832e-07
1761234197.047 83.358 0.07792197 5.85458e-07
1761234197.057 83.413 0.07792290 6.65052e-07
1761234197.067 83.468 0.07793687 7.01602e-07
1761234197.077 83.522 0.07793221 8.86110e-07
1761234197.087 83.577 0.07796481 9.75013e-07
1761234197.097 83.632 0.07795736 1.19104e-06
1761234197.107 83.686 0.07797039 1.10470e-06
1761234197.117 83.741 0.07800112 1.36010e-06
1761234197.127 83.796 0.07800578 1.61410e-06
1761234197.137 83.850 0.07804302 1.55731e-06
1761234197.147 83.905 0.07805792 1.98248e-06
1761234197.157 83.959 0.07807282 2.45359e-06
1761234197.167 84.014 0.07811472 2.32045e-06
1761234197.177 84.068 0.07814079 2.84330e-06
1761234197.187 84.122 0.07819014 3.53831e-06
1761234197.197 84.177 0.07821621 4.33045e-06
1761234197.207 84.231 0.07825346 5.07912e-06
1761234197.217 84.285 0.07831398 6.68266e-06
1761234197.227 84.339 0.07836240 8.46044e-06
1761234197.237 84.394 0.07843224 1.10862e-05
1761234197.247 84.448 0.07847414 1.40194e-05
1761234197.257 84.502 0.07853932 1.87696e-05
1761234197.267 84.556 0.07859798 2.62689e-05
1761234197.277 84.610 0.07863243 3.09322e-05
1761234197.287 84.664 0.07870785 4.00061e-05
1761234197.297 84.718 0.07877210 5.42643e-05
1761234197.307 84.772 0.07881027 6.71213e-05
1761234197.317 84.826 0.07888104 6.98802e-05
1761234197.327 84.880 0.07892388 6.85840e-05
1761234197.337 84.934 0.07898812 6.77343e-05
1761234197.347 84.987 0.07905051 6.38211e-05
1761234197.357 85.041 0.07910451 5.75273e-05
1761234197.367 85.095 0.07918180 5.07619e-05
1761234197.420 85.149 0.07949652 6.37430e-06
1761234197.427 85.202 0.07949652 5.71032e-06
1761234197.437 85.256 0.07954122 4.95939e-06
1761234197.447 85.309 0.07958685 3.98292e-06
1761234197.457 85.363 0.07963526 3.03680e-06
1761234197.467 85.417 0.07968461 2.51114e-06
1761234197.477 85.470 0.07972186 1.90145e-06
1761234197.488 85.524 0.07982615 1.22885e-06
1761234197.497 85.577 0.07982615 1.00809e-06
1761234197.507 85.630 0.07987084 6.56599e-07
1761234197.517 85.684 0.07992392 3.82087e-07
1761234197.527 85.737 0.07993974 2.64165e-07
1761234197.537 85.790 0.07999095 9.74607e-08
1761234197.547 85.844 0.08002634 9.88292e-08
1761234197.557 85.897 0.08004962 3.14821e-08
1761234197.567 85.950 0.08010362 6.17380e-08
1761234197.615 86.003 0.08025261 -5.19790e-09
1761234197.665 86.056 0.08044814 9.06100e-10
1761234197.715 86.110 0.08063809 -3.89500e-10
1761234197.782 86.163 0.08087832 -1.61970e-09
1761234197.789 86.216 0.08089788 3.79428e-08
1761234197.797 86.269 0.08089788 6.15086e-08
1761234197.807 86.322 0.08091184 2.31207e-08
1761234197.817 86.375 0.08094537 5.63738e-08
1761234197.827 86.428 0.08095096 6.49956e-08
1761234197.892 86.480 0.08101799 6.61926e-08
1761234197.897 86.533 0.08102731 9.34530e-09
1761234197.907 86.586 0.08102731 3.17621e-08
1761234197.917 86.639 0.08103476 6.57342e-08
1761234197.927 86.692 0.08101799 7.06050e-08
1761234197.970 86.744 0.08110738 3.93936e-08
1761234197.978 86.797 0.08114649 6.03468e-08
1761234198.000 86.850 0.08118374 9.60590e-09
1761234198.007 86.902 0.08118374 6.62626e-08
1761234198.017 86.955 0.08121633 4.67806e-08
1761234198.066 87.007 0.08136252 -1.70722e-08
1761234198.075 87.060 0.08138673 2.76340e-08
1761234198.125 87.112 0.08155898 5.49246e-08
1761234198.134 87.165 0.08159996 1.20360e-08
1761234198.143 87.217 0.08163254 4.40411e-08
1761234198.192 87.270 0.08176849 5.46347e-08
1761234198.199 87.322 0.08177780 -9.47880e-09
1761234198.247 87.374 0.08188767 1.39245e-08
1761234198.257 87.427 0.08188767 2.08272e-08
1761234198.267 87.479 0.08192492 3.81460e-08
1761234198.277 87.531 0.08193051 6.30242e-08
1761234198.326 87.584 0.08201617 4.93355e-08
1761234198.394 87.636 0.08215677 4.64312e-08
1761234198.444 87.688 0.08225827 6.00972e-08
1761234198.524 87.740 0.08240073 6.31151e-08
1761234198.530 87.792 0.08242401 2.63019e-08
1761234198.537 87.844 0.08243146 9.58760e-09
1761234198.546 87.896 0.08243146 5.08322e-08
1761234198.556 87.948 0.08245939 1.57239e-08
1761234198.566 88.000 0.08248453 4.93940e-08
1761234198.614 88.052 0.08251712 4.16160e-09
1761234198.665 88.104 0.08256368 2.53940e-09
1761234198.714 88.156 0.08262886 5.30960e-09
1761234198.765 88.208 0.08276387 1.81452e-08
1761234198.771 88.259 0.08276294 4.27349e-08
1761234198.778 88.311 0.08280764 9.73099e-08
1761234198.786 88.363 0.08280764 4.79487e-08
1761234198.796 88.415 0.08282719 8.15827e-08
1761234198.806 88.466 0.08284023 4.77905e-08
1761234198.816 88.518 0.08286443 9.32847e-08
1761234198.826 88.570 0.08285978 1.01424e-07
1761234198.836 88.621 0.08289982 5.67731e-08
1761234198.846 88.673 0.08292310 1.16981e-07
1761234198.856 88.724 0.08292403 1.04340e-07
1761234198.866 88.776 0.08295755 1.34482e-07
1761234198.876 88.827 0.08296500 1.56217e-07
1761234198.886 88.879 0.08298921 1.06766e-07
1761234198.896 88.930 0.08298827 1.75223e-07
1761234198.906 88.982 0.08299945 1.45973e-07
1761234198.916 89.033 0.08303204 1.50503e-07
1761234198.927 89.084 0.08305718 2.59254e-07
1761234198.936 89.136 0.08305718 2.02220e-07
1761234198.946 89.187 0.08308511 2.66782e-07
1761234198.956 89.238 0.08310653 2.53696e-07
1761234198.966 89.289 0.08315774 3.50860e-07
1761234198.976 89.341 0.08317450 3.99893e-07
1761234198.986 89.392 0.08321920 3.65994e-07
1761234198.996 89.443 0.08325924 5.06602e-07
1761234199.006 89.494 0.08329089 4.95491e-07
1761234199.016 89.545 0.08333932 6.30986e-07
1761234199.026 89.596 0.08338773 7.65419e-07
1761234199.077 89.647 0.08370525 1.01690e-06
1761234199.086 89.698 0.08370525 8.85968e-07
1761234199.096 89.749 0.08377043 9.04294e-07
1761234199.106 89.800 0.08382257 7.82583e-07
1761234199.116 89.851 0.08386727 7.75366e-07
1761234199.126 89.902 0.08391289 6.85336e-07
1761234199.136 89.953 0.08397714 4.61883e-07
1761234199.146 90.003 0.08403022 3.66817e-07
1761234199.156 90.054 0.08407677 2.13409e-07
1761234199.166 90.105 0.08412147 2.03168e-07
1761234199.176 90.156 0.08414475 1.58529e-07
1761234199.186 90.206 0.08420527 8.39921e-08
1761234199.196 90.257 0.08423507 1.24578e-07
1761234199.206 90.308 0.08428441 6.64687e-08
1761234199.216 90.358 0.08433377 1.05784e-07
1761234199.226 90.409 0.08435425 9.75899e-08
1761234199.236 90.459 0.08439801 3.19954e-08
1761234199.246 90.510 0.08440825 8.12177e-08
1761234199.256 90.560 0.08443899 3.88370e-08
1761234199.266 90.611 0.08447344 7.05938e-08
1761234199.276 90.661 0.08450323 6.31968e-08
1761234199.324 90.712 0.08467829 7.18127e-08
1761234199.331 90.762 0.08472205 1.21904e-08
1761234199.337 90.812 0.08474067 2.20773e-08
1761234199.346 90.863 0.08474067 5.37072e-08
1761234199.356 90.913 0.08478071 2.05649e-08
1761234199.366 90.963 0.08484309 5.51509e-08
1761234199.414 91.014 0.08505167 1.24072e-08
1761234199.482 91.064 0.08535522 -1.12770e-09
1761234199.531 91.114 0.08550420 -4.27840e-09
1761234199.608 91.164 0.08567646 -2.63800e-09
1761234199.631 91.214 0.08569229 -4.07420e-09
1761234199.697 91.264 0.08568577 1.07565e-08
1761234199.747 91.314 0.08570253 8.68790e-09
1761234199.756 91.365 0.08570253 2.35484e-08
1761234199.766 91.415 0.08573233 5.21651e-08
1761234199.776 91.465 0.08572581 6.77751e-08
1761234199.823 91.515 0.08577889 6.64274e-08
1761234199.830 91.564 0.08579472 2.07245e-08
1761234199.836 91.614 0.08580961 1.57032e-08
1761234199.846 91.664 0.08580961 5.30269e-08
1761234199.856 91.714 0.08582544 2.52416e-08
1761234199.866 91.764 0.08584686 4.92461e-08
1761234199.913 91.814 0.08592694 1.78996e-08
1761234199.918 91.864 0.08595021 -1.27200e-10
1761234199.926 91.913 0.08595021 5.74118e-08
1761234199.973 91.963 0.08607312 6.62186e-08
1761234199.980 92.013 0.08610944 1.94997e-08
1761234199.986 92.062 0.08613086 1.67373e-08
1761234199.996 92.112 0.08613086 5.16935e-08
1761234200.006 92.162 0.08615506 1.63869e-08
1761234200.016 92.211 0.08621187 5.09006e-08
1761234200.063 92.261 0.08636550 1.68045e-08
1761234200.113 92.310 0.08651914 1.45055e-08
1761234200.120 92.360 0.08651914 1.45559e-08
1761234200.126 92.409 0.08656104 5.35302e-08
1761234200.198 92.459 0.08672305 -1.53560e-09
1761234200.206 92.508 0.08672305 4.71033e-08
1761234200.216 92.558 0.08675844 5.37618e-08
1761234200.226 92.607 0.08678079 6.94355e-08
1761234200.292 92.656 0.08689718 5.82788e-08
1761234200.343 92.706 0.08696980 5.70830e-08
1761234200.393 92.755 0.08705268 5.53853e-08
1761234200.443 92.804 0.08713276 5.18398e-08
1761234200.493 92.854 0.08721004 4.94661e-08
1761234200.543 92.903 0.08723890 4.76959e-08
1761234200.593 92.952 0.08729663 4.74175e-08
1761234200.643 93.001 0.08733667 4.93659e-08
1761234200.693 93.050 0.08739440 5.61077e-08
1761234200.782 93.099 0.08749031 2.17820e-09
1761234200.832 93.148 0.08755177 9.07450e-09
1761234200.839 93.198 0.08755270 6.55586e-08
1761234200.845 93.247 0.08756015 5.25554e-08
1761234200.855 93.296 0.08756015 1.26804e-08
1761234200.865 93.345 0.08757225 5.50673e-08
1761234200.875 93.394 0.08755922 4.76337e-08
1761234200.885 93.443 0.08758249 -3.18120e-09
1761234200.895 93.491 0.08758994 5.52268e-08
1761234200.905 93.540 0.08759180 2.13515e-08
1761234200.915 93.589 0.08760949 5.53850e-08
1761234200.925 93.638 0.08760949 4.63775e-08
1761234200.935 93.687 0.08762439 -2.46260e-09
1761234200.945 93.736 0.08761881 5.46027e-08
1761234200.955 93.784 0.08763091 2.97383e-08
1761234200.965 93.833 0.08765792 5.61879e-08
1761234200.975 93.882 0.08765419 4.10647e-08
1761234200.985 93.930 0.08769237 -1.04540e-09
1761234200.995 93.979 0.08770447 5.59826e-08
1761234201.005 94.028 0.08772123 2.14869e-08
1761234201.015 94.076 0.08775662 6.01267e-08
1761234201.025 94.125 0.08777151 4.27819e-08
1761234201.035 94.174 0.08780503 2.74930e-09
1761234201.045 94.222 0.08783948 5.73828e-08
1761234201.055 94.271 0.08787394 3.38400e-08
1761234201.065 94.319 0.08791398 5.82770e-08
1761234201.075 94.367 0.08794005 5.86902e-08
1761234201.085 94.416 0.08799778 2.51710e-09
1761234201.095 94.464 0.08804247 5.79866e-08
1761234201.105 94.513 0.08809555 2.20193e-08
1761234201.115 94.561 0.08815514 6.09525e-08
1761234201.125 94.609 0.08819518 4.57889e-08
1761234201.135 94.658 0.08825570 -3.87900e-10
1761234201.145 94.706 0.08830412 5.52871e-08
1761234201.155 94.754 0.08834975 3.33350e-08
1761234201.165 94.803 0.08839723 5.67271e-08
1761234201.175 94.851 0.08844100 3.51294e-08
1761234201.185 94.899 0.08851362 -5.82090e-09
1761234201.195 94.947 0.08855087 5.18789e-08
1761234201.205 94.995 0.08861512 1.29103e-08
1761234201.215 95.043 0.08867937 5.25408e-08
1761234201.263 95.091 0.08889539 2.62431e-08
1761234201.269 95.139 0.08891401 1.40040e-08
1761234201.275 95.188 0.08897082 4.95909e-08
1761234201.348 95.236 0.08925388 5.41219e-08
1761234201.355 95.284 0.08925388 1.02455e-07
1761234201.365 95.331 0.08930975 1.06383e-07
1761234201.375 95.379 0.08932371 1.38020e-07
1761234201.385 95.427 0.08937492 1.03580e-07
1761234201.395 95.475 0.08938517 1.63783e-07
1761234201.405 95.523 0.08940286 1.42427e-07
1761234201.415 95.571 0.08944569 1.75947e-07
1761234201.425 95.619 0.08948201 2.66688e-07
1761234201.435 95.667 0.08951274 2.25619e-07
1761234201.445 95.714 0.08951460 3.12089e-07
1761234201.455 95.762 0.08954160 3.62344e-07
1761234201.465 95.810 0.08956953 4.35579e-07
1761234201.475 95.858 0.08957791 4.86607e-07
1761234201.485 95.905 0.08959933 5.06487e-07
1761234201.495 95.953 0.08961516 6.42380e-07
1761234201.505 96.001 0.08963285 6.53576e-07
1761234201.515 96.048 0.08965334 8.06989e-07
1761234201.525 96.096 0.08965427 9.96310e-07
1761234201.535 96.143 0.08968779 1.10129e-06
1761234201.545 96.191 0.08970920 1.25836e-06
1761234201.555 96.238 0.08973714 1.42453e-06
1761234201.565 96.286 0.08976042 1.67232e-06
1761234201.575 96.333 0.08979207 1.93074e-06
1761234201.585 96.381 0.08986098 2.23443e-06
1761234201.595 96.428 0.08986936 2.45259e-06
1761234201.605 96.476 0.08990753 2.79802e-06
1761234201.615 96.523 0.08996434 3.31802e-06
1761234201.625 96.570 0.08998482 3.78147e-06
1761234201.635 96.618 0.09004813 4.29408e-06
1761234201.645 96.665 0.09009004 5.36882e-06
1761234201.655 96.712 0.09011797 6.23748e-06
1761234201.665 96.759 0.09017197 6.84543e-06
1761234201.675 96.807 0.09022040 7.31982e-06
1761234201.685 96.854 0.09028278 7.76018e-06
1761234201.695 96.901 0.09033399 7.63988e-06
1761234201.705 96.948 0.09038149 7.21840e-06
1761234201.715 96.995 0.09045970 7.02326e-06
1761234201.725 97.043 0.09048111 6.81153e-06
1761234201.735 97.090 0.09054071 6.13607e-06
1761234201.745 97.137 0.09060495 5.48248e-06
1761234201.755 97.184 0.09064872 5.01754e-06
1761234201.765 97.231 0.09070179 3.84221e-06
1761234201.775 97.278 0.09072787 2.67046e-06
1761234201.785 97.325 0.09078932 1.62282e-06
1761234201.795 97.372 0.09084146 1.16041e-06
1761234201.805 97.419 0.09088430 7.71857e-07
1761234201.815 97.466 0.09094017 6.14070e-07
1761234201.825 97.512 0.09097741 4.26468e-07
1761234201.835 97.559 0.09105003 2.94909e-07
1761234201.845 97.606 0.09106959 2.98721e-07
1761234201.854 97.653 0.09110218 2.34335e-07
1761234201.905 97.700 0.09137221 1.00307e-07
1761234201.915 97.747 0.09137221 7.17781e-08
1761234201.924 97.793 0.09140759 5.44228e-08
1761234201.935 97.840 0.09147463 -2.93040e-09
1761234201.944 97.887 0.09150723 5.08174e-08
1761234201.992 97.934 0.09168228 3.69068e-08
1761234201.999 97.980 0.09169997 1.32260e-09
1761234202.040 98.027 0.09183592 1.77750e-08
1761234202.047 98.073 0.09188061 1.33207e-08
1761234202.055 98.120 0.09188061 6.30901e-09
1761234202.069 98.167 0.09194579 -6.16180e-09
1761234202.076 98.213 0.09197279 4.00690e-08
1761234202.084 98.260 0.09197279 -1.68164e-08
1761234202.094 98.306 0.09198676 2.74329e-08
1761234202.136 98.353 0.09208918 -5.55264e-09
1761234202.145 98.399 0.09208918 9.79203e-09
1761234202.155 98.446 0.09211246 -3.74684e-09
1761234202.165 98.492 0.09214412 1.46779e-08
1761234202.175 98.539 0.09215064 1.11160e-09
1761234202.185 98.585 0.09218509 -1.88604e-09
1761234202.195 98.631 0.09219161 3.97506e-09
1761234202.204 98.678 0.09220371 -1.17972e-08
1761234202.214 98.724 0.09223537 7.36101e-09
1761234202.224 98.770 0.09226703 -1.19799e-08
1761234202.234 98.816 0.09229683 -6.99375e-09
1761234202.244 98.863 0.09229217 -3.18012e-09
1761234202.254 98.909 0.09233686 -1.24265e-08
1761234202.264 98.955 0.09237318 4.04243e-09
1761234202.274 99.001 0.09239553 -1.94801e-08
1761234202.284 99.048 0.09243836 -1.37853e-08
1761234202.294 99.094 0.09246908 -1.08743e-08
1761234202.308 99.140 0.09254078 -1.64050e-09
1761234202.314 99.186 0.09254078 -6.10898e-08
1761234202.324 99.232 0.09256406 -2.70485e-08
1761234202.334 99.278 0.09261341 -6.63901e-08
1761234202.382 99.324 0.09280150 -6.50140e-08
1761234202.388 99.370 0.09284340 -2.21757e-08
1761234202.394 99.416 0.09284340 -3.53896e-08
1761234202.404 99.462 0.09287692 -6.91835e-08
1761234202.435 99.508 0.09307898 -3.87500e-08
1761234202.459 99.554 0.09318327 -2.81089e-08
1761234202.466 99.600 0.09321585 -5.95421e-08
1761234202.475 99.646 0.09321585 -7.08020e-09
1761234202.485 99.692 0.09326148 -7.16120e-08
1761234202.528 99.737 0.09343374 -8.07626e-09
1761234202.543 99.783 0.09345888 2.94125e-08
1761234202.549 99.829 0.09349427 -9.81030e-09
1761234202.554 99.875 0.09353430 3.91923e-08
1761234202.603 99.921 0.09360600 1.45489e-08
1761234202.609 99.966 0.09364138 6.52665e-08
1761234202.657 100.012 0.09375219 6.26017e-08
1761234202.664 100.058 0.09375219 -1.43940e-09
1761234202.712 100.104 0.09385834 1.55219e-08
1761234202.719 100.149 0.09387417 1.88668e-08
1761234202.725 100.195 0.09390769 5.73512e-08
1761234202.773 100.240 0.09395518 6.18546e-08
1761234202.779 100.286 0.09398497 -4.02660e-09
1761234202.827 100.332 0.09408740 5.01721e-08
1761234202.878 100.377 0.09418237 4.99757e-08
1761234202.928 100.423 0.09427363 4.16796e-08
1761234202.935 100.468 0.09429597 1.77332e-08
1761234202.944 100.514 0.09429597 4.96125e-08
1761234202.954 100.559 0.09430714 1.07067e-08
1761234203.047 100.605 0.09442726 -1.23300e-10
1761234203.098 100.650 0.09450734 6.14420e-09
1761234203.105 100.695 0.09453434 6.64729e-08
1761234203.114 100.741 0.09453434 4.76702e-08
1761234203.124 100.786 0.09452037 6.60414e-08
1761234203.173 100.832 0.09459952 6.33458e-08
1761234203.179 100.877 0.09461721 -4.29460e-09
1761234203.228 100.922 0.09467401 5.21822e-08
1761234203.234 100.967 0.09468518 3.60360e-09
1761234203.244 101.013 0.09468518 4.96503e-08
1761234203.254 101.058 0.09470288 1.15776e-08
1761234203.264 101.103 0.09473454 5.05542e-08
1761234203.313 101.148 0.09480810 -2.36800e-09
1761234203.381 101.194 0.09495987 1.36805e-08
1761234203.387 101.239 0.09496639 8.31830e-08
1761234203.394 101.284 0.09496639 6.55625e-08
1761234203.404 101.329 0.09498967 2.25328e-08
1761234203.414 101.374 0.09503157 9.87944e-08
1761234203.424 101.419 0.09504833 9.61781e-08
1761234203.434 101.464 0.09507719 5.83598e-08
1761234203.444 101.509 0.09509023 1.49347e-07
1761234203.454 101.554 0.09511351 1.60666e-07
1761234203.464 101.599 0.09513958 1.65599e-07
1761234203.474 101.644 0.09513399 2.27618e-07
1761234203.484 101.689 0.09516565 2.56501e-07
1761234203.494 101.734 0.09516751 3.55030e-07
1761234203.504 101.779 0.09518055 3.69506e-07
1761234203.514 101.824 0.09520476 4.13629e-07
1761234203.524 101.869 0.09521128 4.74744e-07
1761234203.534 101.914 0.09524387 5.24804e-07
1761234203.544 101.959 0.09524666 6.34953e-07
1761234203.554 102.004 0.09527925 7.04286e-07
1761234203.601 102.048 0.09541985 9.78208e-07
1761234203.607 102.093 0.09544871 1.46046e-06
1761234203.614 102.138 0.09544871 1.60079e-06
1761234203.624 102.183 0.09546734 1.80017e-06
1761234203.634 102.227 0.09553531 2.01139e-06
1761234203.643 102.272 0.09557721 2.54683e-06
1761234203.653 102.317 0.09559863 2.84210e-06
1761234203.663 102.362 0.09566008 3.53475e-06
1761234203.673 102.406 0.09567963 3.99161e-06
1761234203.683 102.451 0.09573644 4.72600e-06
1761234203.693 102.495 0.09576716 6.03612e-06
1761234203.703 102.540 0.09582210 8.14641e-06
1761234203.713 102.585 0.09586028 1.02718e-05
1761234203.723 102.629 0.09587424 1.33647e-05
1761234203.733 102.674 0.09594222 1.76727e-05
1761234203.743 102.718 0.09598225 2.27591e-05
1761234203.753 102.763 0.09601671 2.53750e-05
1761234203.763 102.807 0.09605116 2.99780e-05
1761234203.773 102.852 0.09606140 3.44113e-05
1761234203.783 102.896 0.09611354 4.05656e-05
1761234203.793 102.940 0.09614521 4.52447e-05
1761234203.803 102.985 0.09619548 5.12007e-05
1761234203.813 103.029 0.09623273 6.01351e-05
1761234203.823 103.074 0.09624949 6.49481e-05
1761234203.833 103.118 0.09630070 7.31857e-05
1761234203.843 103.162 0.09631467 8.16981e-05
1761234203.853 103.207 0.09635657 9.07726e-05
1761234203.863 103.251 0.09640499 9.81872e-05
1761234203.873 103.295 0.09642082 9.96052e-05
1761234203.883 103.339 0.09648228 1.04114e-04
1761234203.893 103.384 0.09652417 9.96127e-05
1761234203.903 103.428 0.09655304 9.41742e-05
1761234203.913 103.472 0.09659867 9.06177e-05
1761234203.923 103.516 0.09661356 8.82128e-05
1761234203.933 103.560 0.09669644 8.29636e-05
1761234203.943 103.604 0.09671785 7.66041e-05
1761234203.953 103.649 0.09675044 7.30320e-05
1761234203.963 103.693 0.09679979 6.45290e-05
1761234203.973 103.737 0.09683424 5.59662e-05
1761234203.983 103.781 0.09688638 4.62760e-05
1761234203.993 103.825 0.09691618 3.56914e-05
1761234204.003 103.869 0.09695995 2.32012e-05
1761234204.013 103.913 0.09701954 1.31793e-05
1761234204.023 103.957 0.09704840 7.73325e-06
1761234204.033 104.001 0.09711359 4.07893e-06
1761234204.043 104.045 0.09714524 2.71276e-06
1761234204.053 104.089 0.09719087 1.36523e-06
1761234204.063 104.133 0.09723650 7.85439e-07
1761234204.073 104.177 0.09726722 5.51112e-07
1761234204.083 104.220 0.09732216 2.94508e-07
1761234204.093 104.264 0.09735568 2.76619e-07
1761234204.103 104.308 0.09741527 9.77102e-08
1761234204.154 104.352 0.09765085 2.44722e-08
1761234204.164 104.396 0.09765085 5.50507e-08
1761234204.213 104.440 0.09785104 -1.65780e-09
1761234204.262 104.483 0.09804379 -3.50220e-09
1761234204.330 104.527 0.09820860 -6.75330e-09
1761234204.381 104.571 0.09827191 -3.65440e-09
1761234204.431 104.614 0.09828867 5.28540e-09
1761234204.438 104.658 0.09829333 6.35549e-08
1761234204.444 104.702 0.09829985 4.19257e-08
1761234204.453 104.745 0.09829985 4.74700e-09
1761234204.463 104.789 0.09830823 5.94685e-08
1761234204.511 104.833 0.09832126 3.62104e-08
1761234204.517 104.876 0.09832406 7.25900e-10
1761234204.523 104.920 0.09832406 5.29212e-08
1761234204.533 104.963 0.09834268 -6.22250e-09
1761234204.543 105.007 0.09833896 5.95003e-08
1761234204.591 105.051 0.09840507 4.76211e-08
1761234204.641 105.094 0.09850563 4.78613e-08
1761234204.727 105.138 0.09877380 5.23409e-08
1761234204.734 105.181 0.09880266 7.74890e-09
1761234204.743 105.225 0.09880266 5.27563e-08
1761234204.753 105.268 0.09882687 1.93984e-08
1761234204.763 105.311 0.09884829 5.50918e-08
1761234204.773 105.355 0.09885015 4.27514e-08
1761234204.840 105.398 0.09891347 5.58476e-08
1761234204.846 105.442 0.09891254 -3.32250e-09
1761234204.853 105.485 0.09891254 3.47575e-08
1761234204.863 105.528 0.09893768 5.81044e-08
1761234204.910 105.572 0.09899913 2.94112e-08
1761234204.916 105.615 0.09899820 1.27622e-08
1761234204.923 105.658 0.09899820 6.67447e-08
1761234204.933 105.701 0.09902613 -2.96310e-09
1761234204.943 105.745 0.09903172 6.91323e-08
1761234204.991 105.788 0.09912856 5.16716e-08
1761234205.041 105.831 0.09923750 4.11802e-08
1761234205.084 105.874 0.09938090 5.49379e-09
1761234205.100 105.917 0.09940790 -5.10370e-09
1761234205.107 105.961 0.09943117 1.94640e-08
1761234205.113 106.004 0.09944328 -3.72616e-08
1761234205.123 106.047 0.09944328 7.11820e-09
1761234205.188 106.090 0.09957643 -6.05160e-09
1761234205.195 106.133 0.09958761 -7.41745e-08
1761234205.203 106.176 0.09958761 -5.38866e-08
1761234205.213 106.219 0.09961182 -9.90390e-09
1761234205.223 106.262 0.09960437 -5.34366e-08
1761234205.233 106.305 0.09963975 -7.68364e-08
1761234205.321 106.348 0.09974497 1.84390e-09
1761234205.371 106.391 0.09984087 6.28690e-09
1761234205.422 106.434 0.09997216 2.62550e-09
1761234205.429 106.477 0.10001407 -5.43199e-08
1761234205.435 106.520 0.10002524 -2.00458e-08
1761234205.476 106.563 0.10007832 1.56660e-10
1761234205.484 106.606 0.10007925 -1.82214e-08
1761234205.493 106.649 0.10007925 -4.42700e-09
1761234205.502 106.691 0.10008576 -1.50226e-08
1761234205.512 106.734 0.10010904 3.47097e-09
1761234205.522 106.777 0.10010252 -1.68401e-08
1761234205.532 106.820 0.10012766 -4.81204e-09
1761234205.542 106.863 0.10011463 -1.89026e-09
1761234205.552 106.905 0.10013325 -1.00951e-08
1761234205.562 106.948 0.10013697 1.02935e-08
1761234205.572 106.991 0.10015094 -1.28684e-08
1761234205.582 107.034 0.10016956 -5.83180e-10
1761234205.592 107.076 0.10016398 -1.60250e-10
1761234205.602 107.119 0.10016398 -8.61322e-09
1761234205.612 107.162 0.10019006 8.47269e-09
1761234205.622 107.204 0.10020868 -1.21576e-08
1761234205.632 107.247 0.10024872 -8.15000e-11
1761234205.642 107.290 0.10025803 1.62727e-09
1761234205.652 107.332 0.10027386 -6.34034e-09
1761234205.662 107.375 0.10030644 1.40436e-08
1761234205.672 107.417 0.10031669 -9.46587e-09
1761234205.682 107.460 0.10038186 1.76557e-09
1761234205.692 107.503 0.10040048 2.98395e-09
1761234205.702 107.545 0.10043960 -5.70011e-09
1761234205.712 107.588 0.10047871 1.13934e-08
1761234205.722 107.630 0.10050012 -9.34427e-09
1761234205.732 107.672 0.10056716 3.30071e-09
1761234205.742 107.715 0.10059044 3.91377e-09
1761234205.752 107.757 0.10062861 -4.00520e-09
1761234205.762 107.800 0.10068356 1.68905e-08
1761234205.772 107.842 0.10073011 -6.87892e-09
1761234205.782 107.885 0.10079156 5.27025e-09
1761234205.792 107.927 0.10082881 6.05311e-09
1761234205.802 107.969 0.10086792 -2.56536e-09
1761234205.812 108.012 0.10092099 1.49410e-08
1761234205.822 108.054 0.10093682 -5.66188e-09
1761234205.870 108.096 0.10117892 2.46306e-09
1761234205.876 108.139 0.10122082 1.95048e-08
1761234205.883 108.181 0.10125527 -4.22600e-10
1761234205.892 108.223 0.10125527 1.38822e-08
1761234205.902 108.265 0.10130090 3.97681e-09
1761234205.916 108.308 0.10135956 -1.99752e-08
1761234205.922 108.350 0.10135956 3.82370e-08
1761234205.932 108.392 0.10140891 -2.54870e-08
1761234205.942 108.434 0.10145174 4.68202e-08
1761234205.952 108.476 0.10148991 6.89480e-09
1761234205.962 108.518 0.10152622 6.68203e-08
1761234206.010 108.560 0.10167800 6.46510e-08
1761234206.017 108.603 0.10170128 2.65899e-08
1761234206.023 108.645 0.10173945 7.63983e-08
1761234206.033 108.687 0.10173945 3.10902e-08
1761234206.042 108.729 0.10175995 8.84560e-08
1761234206.052 108.771 0.10177391 6.47261e-08
1761234206.062 108.813 0.10181861 1.29736e-07
1761234206.072 108.855 0.10182885 7.64807e-08
1761234206.082 108.897 0.10186795 5.97642e-08
1761234206.092 108.939 0.10189496 1.33908e-07
1761234206.102 108.981 0.10193034 9.60535e-08
1761234206.112 109.023 0.10195642 1.58933e-07
1761234206.122 109.065 0.10195920 1.13499e-07
1761234206.132 109.107 0.10201228 9.70027e-08
1761234206.142 109.148 0.10203370 1.74278e-07
1761234206.152 109.190 0.10205791 1.45943e-07
1761234206.162 109.232 0.10210446 1.25934e-07
1761234206.172 109.274 0.10211657 2.06941e-07
1761234206.182 109.316 0.10215102 1.50887e-07
1761234206.192 109.358 0.10217617 2.18422e-07
1761234206.202 109.399 0.10221993 1.74042e-07
1761234206.212 109.441 0.10224414 1.71038e-07
1761234206.222 109.483 0.10226648 1.96697e-07
1761234206.232 109.525 0.10231117 1.54230e-07
1761234206.242 109.566 0.10234097 2.25148e-07
1761234206.252 109.608 0.10239311 1.96249e-07
1761234206.262 109.650 0.10243036 2.05510e-07
1761234206.274 109.692 0.10251416 2.30531e-07
1761234206.282 109.733 0.10251416 1.53192e-07
1761234206.292 109.775 0.10254675 1.99889e-07
1761234206.302 109.817 0.10258865 1.49601e-07
1761234206.312 109.858 0.10263242 1.91112e-07
1761234206.322 109.900 0.10267153 1.20781e-07
1761234206.332 109.941 0.10272274 8.73997e-08
1761234206.342 109.983 0.10274788 1.38028e-07
1761234206.352 110.025 0.10279536 8.84693e-08
