1761316899.306 33.799 0.03263160 5.52386e-08
1761316899.315 33.934 0.03263160 1.36948e-08
1761316899.325 34.068 0.03262322 6.11317e-08
1761316899.392 34.202 0.03259436 4.79935e-08
1761316899.442 34.335 0.03262415 4.93133e-08
1761316899.509 34.468 0.03280852 5.52849e-08
1761316899.560 34.601 0.03297240 5.59252e-08
1761316899.566 34.733 0.03300033 2.87451e-08
1761316899.575 34.864 0.03300033 6.79102e-08
1761316899.623 34.995 0.03316980 5.66045e-08
1761316899.630 35.125 0.03319773 1.48780e-09
1761316899.636 35.255 0.03322660 2.31988e-08
1761316899.645 35.384 0.03322660 6.16625e-08
1761316899.655 35.513 0.03325360 1.62471e-08
1761316899.665 35.642 0.03329271 4.09752e-08
1761316899.713 35.770 0.03341655 3.67450e-09
1761316899.763 35.897 0.03360091 2.83590e-09
1761316899.770 36.025 0.03363723 3.01216e-08
1761316899.776 36.151 0.03369123 6.61486e-08
1761316899.881 36.277 0.03436351 6.84019e-07
1761316899.888 36.403 0.03443707 3.33146e-07
1761316899.895 36.529 0.03443707 1.74279e-07
1761316899.905 36.654 0.03449573 1.13433e-07
1761316899.914 36.778 0.03457302 6.70839e-08
1761316899.924 36.902 0.03461585 6.90651e-08
1761316899.934 37.026 0.03467544 2.19621e-08
1761316899.944 37.149 0.03472386 6.09841e-08
1761316899.954 37.272 0.03475179 1.93351e-08
1761316899.964 37.394 0.03478997 5.50049e-08
1761316899.974 37.516 0.03480952 7.26386e-08
1761316900.023 37.638 0.03496409 5.39034e-08
1761316900.029 37.759 0.03500413 6.55860e-09
1761316900.036 37.880 0.03503765 2.54840e-08
1761316900.044 38.001 0.03503765 6.11300e-08
1761316900.054 38.121 0.03505535 1.25621e-08
1761316900.064 38.240 0.03511494 4.66229e-08
1761316900.074 38.360 0.03514846 6.41949e-08
1761316900.140 38.479 0.03564382 5.22608e-08
1761316900.146 38.597 0.03570062 6.71790e-09
1761316900.154 38.716 0.03570062 2.82292e-08
1761316900.164 38.833 0.03579746 4.26326e-08
1761316900.174 38.951 0.03587847 6.94825e-08
1761316900.222 39.068 0.03636638 6.09386e-08
1761316900.229 39.185 0.03646136 1.26149e-08
1761316900.277 39.301 0.03688502 5.23535e-08
1761316900.285 39.418 0.03688502 2.32006e-08
1761316900.295 39.533 0.03695951 6.18210e-08
1761316900.305 39.649 0.03701259 1.88364e-08
1761316900.315 39.764 0.03710570 1.50015e-08
1761316900.325 39.879 0.03713177 6.19768e-08
1761316900.373 39.993 0.03737387 4.97833e-08
1761316900.447 40.107 0.03765507 3.60540e-09
1761316900.497 40.221 0.03786458 8.83950e-09
1761316900.546 40.335 0.03807967 3.64190e-09
1761316900.597 40.448 0.03822306 4.24280e-09
1761316900.647 40.561 0.03832921 5.70020e-09
1761316900.654 40.673 0.03832921 4.05569e-08
1761316900.664 40.785 0.03837670 4.77236e-08
1761316900.674 40.897 0.03835435 6.10014e-08
1761316900.722 41.009 0.03841953 6.54244e-08
1761316900.729 41.120 0.03843816 9.49940e-09
1761316900.777 41.231 0.03854524 4.98547e-08
1761316900.784 41.342 0.03854524 1.36250e-08
1761316900.794 41.452 0.03857224 4.19379e-08
1761316900.804 41.562 0.03858248 1.64717e-08
1761316900.814 41.672 0.03863369 2.99172e-08
1761316900.824 41.782 0.03865790 6.85926e-08
1761316900.891 41.891 0.03897821 5.25733e-08
1761316900.942 42.000 0.03929294 5.45625e-08
1761316901.013 42.109 0.03975292 2.89200e-09
1761316901.018 42.217 0.03978178 2.33590e-08
1761316901.024 42.325 0.03983113 5.73461e-08
1761316901.072 42.433 0.03997639 6.83145e-08
1761316901.123 42.541 0.04006857 4.75572e-08
1761316901.173 42.648 0.04012537 5.28157e-08
1761316901.224 42.755 0.04021383 4.71653e-08
1761316901.274 42.862 0.04030880 5.42736e-08
1761316901.323 42.968 0.04042799 5.00732e-08
1761316901.329 43.075 0.04046058 -1.04780e-09
1761316901.377 43.181 0.04056859 5.62355e-08
1761316901.427 43.286 0.04068126 4.98839e-08
1761316901.434 43.392 0.04068126 7.62380e-09
1761316901.444 43.497 0.04072223 5.49402e-08
1761316901.454 43.602 0.04072595 1.91849e-08
1761316901.464 43.707 0.04075202 2.74295e-08
1761316901.474 43.811 0.04076599 6.57691e-08
1761316901.551 43.915 0.04099133 2.14020e-08
1761316901.558 44.019 0.04103230 5.75622e-08
1761316901.607 44.123 0.04125484 4.24545e-08
1761316901.657 44.227 0.04150065 4.33334e-08
1761316901.707 44.330 0.04174834 4.33402e-08
1761316901.757 44.433 0.04193084 4.60975e-08
1761316901.807 44.536 0.04203606 4.59886e-08
1761316901.857 44.638 0.04208727 4.56420e-08
1761316901.907 44.740 0.04214407 4.46212e-08
1761316901.957 44.842 0.04220366 4.30412e-08
1761316902.007 44.944 0.04230236 4.43297e-08
1761316902.087 45.046 0.04243459 6.16681e-08
1761316902.094 45.147 0.04243738 4.06691e-08
1761316902.103 45.248 0.04243738 1.25986e-08
1761316902.113 45.349 0.04247648 4.71098e-08
1761316902.123 45.450 0.04247648 4.24887e-08
1761316902.173 45.550 0.04259753 4.88155e-08
1761316902.223 45.651 0.04272510 4.48908e-08
1761316902.273 45.751 0.04284149 5.11327e-08
1761316902.279 45.850 0.04289550 3.66550e-09
1761316902.327 45.950 0.04307893 4.39153e-08
1761316902.334 46.049 0.04313945 1.05220e-08
1761316902.343 46.149 0.04313945 5.31792e-08
1761316902.353 46.247 0.04315808 1.59932e-08
1761316902.363 46.346 0.04320277 4.89382e-08
1761316902.373 46.445 0.04320929 4.70747e-08
1761316902.383 46.543 0.04326981 1.10270e-09
1761316902.393 46.641 0.04330799 4.38067e-08
1761316902.403 46.739 0.04333778 1.75393e-08
1761316902.413 46.837 0.04338620 5.01624e-08
1761316902.423 46.934 0.04338993 3.87261e-08
1761316902.433 47.032 0.04342811 1.44670e-09
1761316902.443 47.129 0.04346907 4.32505e-08
1761316902.453 47.225 0.04348211 1.52293e-08
1761316902.463 47.322 0.04353146 5.06328e-08
1761316902.473 47.419 0.04353984 4.80593e-08
1761316902.483 47.515 0.04359664 4.23600e-10
1761316902.493 47.611 0.04364133 4.21592e-08
1761316902.503 47.707 0.04368323 1.85534e-08
1761316902.513 47.803 0.04376052 4.96419e-08
1761316902.523 47.898 0.04380614 3.78266e-08
1761316902.533 47.994 0.04386667 1.93000e-09
1761316902.543 48.089 0.04392067 4.24288e-08
1761316902.553 48.184 0.04398492 2.02025e-08
1761316902.563 48.278 0.04409107 4.95256e-08
1761316902.573 48.373 0.04414787 4.50022e-08
1761316902.583 48.467 0.04426613 -3.03510e-09
1761316902.593 48.562 0.04434527 4.24515e-08
1761316902.640 48.656 0.04487416 3.31785e-08
1761316902.688 48.750 0.04541701 6.28241e-08
1761316902.695 48.843 0.04550546 9.06270e-09
1761316902.742 48.937 0.04589654 4.68510e-08
1761316902.748 49.030 0.04595613 3.18199e-08
1761316902.754 49.123 0.04605949 6.12518e-08
1761316902.763 49.216 0.04605949 5.19547e-08
1761316902.773 49.309 0.04611629 4.14090e-08
1761316902.783 49.402 0.04617216 -9.01800e-10
1761316902.793 49.494 0.04622896 4.41048e-08
1761316902.803 49.586 0.04626341 2.53136e-08
1761316902.813 49.678 0.04630810 5.29772e-08
1761316902.861 49.770 0.04641332 3.01739e-08
1761316902.868 49.862 0.04639097 2.14116e-08
1761316902.873 49.954 0.04640680 5.95036e-08
1761316902.921 50.045 0.04648502 5.99156e-08
1761316902.928 50.136 0.04651947 -5.22810e-09
1761316902.976 50.227 0.04675598 5.30373e-08
1761316902.983 50.318 0.04675598 1.24212e-08
1761316902.993 50.409 0.04680998 4.16404e-08
1761316903.003 50.500 0.04683885 2.11914e-08
1761316903.013 50.590 0.04692079 4.79357e-08
1761316903.061 50.680 0.04719734 3.31634e-08
1761316903.067 50.770 0.04725041 2.09882e-08
1761316903.074 50.860 0.04730162 6.56252e-08
1761316903.122 50.950 0.04750088 5.77875e-08
1761316903.129 51.040 0.04755117 1.13580e-09
1761316903.217 51.129 0.04794224 2.41409e-07
1761316903.223 51.219 0.04799625 3.95701e-07
1761316903.233 51.308 0.04799625 4.91751e-07
1761316903.243 51.397 0.04801673 9.13929e-07
1761316903.253 51.486 0.04806050 1.50879e-06
1761316903.264 51.574 0.04812568 3.42262e-06
1761316903.273 51.663 0.04812568 4.21372e-06
1761316903.283 51.751 0.04816385 6.09935e-06
1761316903.293 51.840 0.04820017 8.11523e-06
1761316903.303 51.928 0.04821413 1.00919e-05
1761316903.313 52.016 0.04825324 1.18331e-05
1761316903.323 52.103 0.04825697 1.20745e-05
1761316903.333 52.191 0.04826348 1.20943e-05
1761316903.343 52.279 0.04830911 1.15628e-05
1761316903.353 52.366 0.04834077 1.09140e-05
1761316903.363 52.453 0.04837243 9.74648e-06
1761316903.373 52.540 0.04838732 8.22373e-06
1761316903.383 52.627 0.04842457 6.54058e-06
1761316903.393 52.714 0.04845902 4.20563e-06
1761316903.403 52.801 0.04849347 2.50787e-06
1761316903.413 52.887 0.04856610 1.48666e-06
1761316903.423 52.973 0.04859311 1.12153e-06
1761316903.433 53.060 0.04864711 7.41362e-07
1761316903.443 53.146 0.04869926 4.83071e-07
1761316903.453 53.232 0.04876630 2.40761e-07
1761316903.462 53.318 0.04884079 9.35848e-08
1761316903.473 53.403 0.04890038 8.77928e-08
1761316903.483 53.489 0.04899163 2.80640e-08
1761316903.493 53.574 0.04907264 6.46861e-08
1761316903.502 53.659 0.04916389 3.75045e-08
1761316903.512 53.744 0.04927190 5.60041e-08
1761316903.522 53.829 0.04934174 3.22620e-08
1761316903.532 53.914 0.04945720 7.26110e-09
1761316903.542 53.999 0.04955776 5.46298e-08
1761316903.552 54.084 0.04965087 3.14690e-08
1761316903.562 54.168 0.04976633 5.88502e-08
1761316903.572 54.252 0.04987248 3.68307e-08
1761316903.582 54.337 0.04998981 -2.61420e-09
1761316903.592 54.421 0.05007361 4.38627e-08
1761316903.640 54.505 0.05055966 5.68443e-08
1761316903.690 54.588 0.05099357 1.21680e-07
1761316903.697 54.672 0.05104106 1.18150e-07
1761316903.703 54.756 0.05115000 2.02397e-07
1761316903.712 54.839 0.05115000 1.90129e-07
1761316903.722 54.922 0.05119004 1.59861e-07
1761316903.775 55.005 0.05150849 6.75610e-06
1761316903.783 55.088 0.05150849 1.07772e-05
1761316903.792 55.171 0.05153549 1.75494e-05
1761316903.802 55.254 0.05156342 3.00146e-05
1761316903.812 55.337 0.05162209 4.13132e-05
1761316903.822 55.419 0.05160905 5.39713e-05
1761316903.832 55.502 0.05164630 6.23909e-05
1761316903.842 55.584 0.05167609 6.29658e-05
1761316903.852 55.666 0.05167888 6.01197e-05
1761316903.862 55.748 0.05170775 5.60959e-05
1761316903.872 55.830 0.05171893 5.11385e-05
1761316903.882 55.912 0.05177293 4.56639e-05
1761316903.892 55.994 0.05178038 3.71773e-05
1761316903.902 56.075 0.05178317 2.68698e-05
1761316903.912 56.157 0.05182228 1.40339e-05
1761316903.922 56.238 0.05184649 8.23316e-06
1761316903.932 56.319 0.05189304 4.55641e-06
1761316903.942 56.400 0.05192284 3.03715e-06
1761316903.952 56.481 0.05197312 2.35096e-06
1761316903.962 56.562 0.05203458 2.09224e-06
1761316903.972 56.643 0.05206158 2.18968e-06
1761316903.982 56.724 0.05212769 2.58122e-06
1761316903.992 56.804 0.05219008 2.85161e-06
1761316904.002 56.885 0.05224594 2.80788e-06
1761316904.012 56.965 0.05231485 2.76906e-06
1761316904.022 57.045 0.05238189 2.43546e-06
1761316904.032 57.125 0.05246104 1.64450e-06
1761316904.042 57.205 0.05253460 8.53438e-07
1761316904.052 57.285 0.05261840 4.60674e-07
1761316904.062 57.365 0.05271245 2.99795e-07
1761316904.072 57.444 0.05280463 1.66248e-07
1761316904.084 57.524 0.05299458 3.27184e-07
1761316904.092 57.603 0.05299458 4.96824e-07
1761316904.102 57.683 0.05308862 5.98635e-07
1761316904.112 57.762 0.05318546 6.19159e-07
1761316904.122 57.841 0.05326554 5.12820e-07
1761316904.132 57.920 0.05337728 2.61689e-07
1761316904.142 57.999 0.05347691 1.51333e-07
1761316904.152 58.077 0.05354581 8.33394e-08
1761316904.162 58.156 0.05364823 1.16234e-07
1761316904.172 58.235 0.05370690 7.90341e-08
1761316904.182 58.313 0.05381491 5.65263e-08
1761316904.192 58.391 0.05390895 1.49185e-07
1761316904.202 58.470 0.05397599 1.89164e-07
1761316904.212 58.548 0.05407935 4.86895e-07
1761316904.222 58.626 0.05414174 8.43077e-07
1761316904.232 58.704 0.05422833 9.52444e-07
1761316904.242 58.782 0.05430655 9.24801e-07
1761316904.252 58.859 0.05436707 9.42778e-07
1761316904.262 58.937 0.05446019 6.71883e-07
1761316904.272 59.014 0.05451326 4.83017e-07
1761316904.282 59.092 0.05459706 3.72585e-07
1761316904.327 59.169 0.05491830 2.68530e-07
1761316904.334 59.246 0.05499093 3.00603e-07
1761316904.342 59.323 0.05499093 3.10392e-07
1761316904.361 59.400 0.05513153 1.74218e-07
1761316904.374 59.477 0.05522372 2.11372e-07
1761316904.382 59.554 0.05528796 1.61919e-07
1761316904.392 59.631 0.05528796 2.42928e-07
1761316904.409 59.707 0.05543880 7.68288e-07
1761316904.415 59.784 0.05546953 1.49753e-06
1761316904.423 59.860 0.05554495 3.71340e-06
1761316904.432 59.937 0.05554495 6.32943e-06
1761316904.442 60.013 0.05560734 1.27206e-05
1761316904.452 60.089 0.05566787 2.88551e-05
1761316904.462 60.165 0.05572094 4.85031e-05
1761316904.472 60.241 0.05575911 8.54008e-05
1761316904.482 60.317 0.05582709 1.41129e-04
1761316904.492 60.392 0.05587364 1.61998e-04
1761316904.502 60.468 0.05592020 1.61825e-04
1761316904.512 60.544 0.05598445 1.48531e-04
1761316904.522 60.619 0.05599190 1.27166e-04
1761316904.532 60.694 0.05606360 9.39341e-05
1761316904.542 60.770 0.05611295 4.29488e-05
1761316904.552 60.845 0.05614740 1.32939e-05
1761316904.562 60.920 0.05621631 7.83980e-06
1761316904.572 60.995 0.05627590 4.25587e-06
1761316904.582 61.070 0.05634853 2.35373e-06
1761316904.592 61.145 0.05638856 1.33175e-06
1761316904.602 61.219 0.05643512 8.83097e-07
1761316904.612 61.294 0.05651426 5.21563e-07
1761316904.622 61.369 0.05657200 2.91248e-07
1761316904.632 61.443 0.05664462 1.59668e-07
1761316904.642 61.517 0.05671074 1.77317e-07
1761316904.654 61.592 0.05686437 3.03951e-07
1761316904.662 61.666 0.05686437 3.34317e-07
1761316904.672 61.740 0.05693886 5.51023e-07
1761316904.682 61.814 0.05703105 7.88839e-07
1761316904.692 61.888 0.05709530 1.35657e-06
1761316904.702 61.962 0.05715861 2.88177e-06
1761316904.712 62.035 0.05726290 4.96450e-06
1761316904.722 62.109 0.05732529 6.43705e-06
1761316904.732 62.182 0.05742306 6.68216e-06
1761316904.742 62.256 0.05749568 6.81377e-06
1761316904.752 62.329 0.05757297 5.90133e-06
1761316904.762 62.403 0.05766049 3.24209e-06
1761316904.772 62.476 0.05771729 2.32244e-06
1761316904.782 62.549 0.05780296 1.73494e-06
1761316904.792 62.622 0.05787279 1.64241e-06
1761316904.802 62.695 0.05794728 1.40001e-06
1761316904.812 62.768 0.05804226 1.46603e-06
1761316904.822 62.841 0.05809160 1.20429e-06
1761316904.832 62.913 0.05818006 6.25533e-07
1761316904.878 62.986 0.05852365 1.73965e-07
1761316904.885 63.058 0.05858232 3.31025e-07
1761316904.892 63.131 0.05858232 4.27874e-07
1761316904.902 63.203 0.05865681 5.01365e-07
1761316904.912 63.275 0.05873967 4.58167e-07
1761316904.922 63.348 0.05877879 3.96307e-07
1761316904.932 63.420 0.05884676 3.43562e-07
1761316904.942 63.492 0.05889611 3.60230e-07
1761316904.952 63.564 0.05895104 3.41474e-07
1761316904.962 63.636 0.05903578 5.25298e-07
1761316904.972 63.707 0.05907209 9.58180e-07
1761316904.982 63.779 0.05914472 1.82389e-06
1761316904.992 63.851 0.05921363 3.34870e-06
1761316905.002 63.922 0.05923783 3.62452e-06
1761316905.012 63.994 0.05927601 3.80333e-06
1761316905.022 64.065 0.05931698 3.43910e-06
1761316905.032 64.136 0.05938123 3.02593e-06
1761316905.042 64.208 0.05942127 2.56202e-06
1761316905.052 64.279 0.05947620 1.25681e-06
1761316905.062 64.350 0.05954976 6.76569e-07
1761316905.072 64.421 0.05957211 3.89248e-07
1761316905.082 64.492 0.05963636 2.90068e-07
1761316905.092 64.563 0.05968478 4.07859e-07
1761316905.102 64.633 0.05971737 5.32901e-07
1761316905.112 64.704 0.05979558 7.68103e-07
1761316905.122 64.775 0.05983096 9.57514e-07
1761316905.132 64.845 0.05990359 1.29398e-06
1761316905.142 64.916 0.05994643 1.33726e-06
1761316905.152 64.986 0.06000416 1.31509e-06
1761316905.162 65.056 0.06007771 1.17335e-06
1761316905.172 65.127 0.06013265 9.46782e-07
1761316905.182 65.197 0.06021459 6.63087e-07
1761316905.192 65.267 0.06028163 4.66466e-07
1761316905.202 65.337 0.06035613 3.83830e-07
1761316905.212 65.407 0.06044831 4.62710e-07
1761316905.222 65.477 0.06049393 5.24958e-07
1761316905.232 65.546 0.06057867 4.88389e-07
1761316905.242 65.616 0.06066433 4.82351e-07
1761316905.252 65.686 0.06072299 6.39301e-07
1761316905.261 65.755 0.06081145 1.56953e-06
1761316905.271 65.825 0.06087570 4.78364e-06
1761316905.281 65.894 0.06096695 8.15149e-06
1761316905.291 65.963 0.06102840 1.60695e-05
1761316905.301 66.033 0.06108521 3.90599e-05
1761316905.311 66.102 0.06117180 6.73130e-05
1761316905.321 66.171 0.06123139 9.57563e-05
1761316905.331 66.240 0.06131985 9.83865e-05
1761316905.341 66.309 0.06137385 9.24152e-05
1761316905.351 66.378 0.06143904 7.84497e-05
1761316905.361 66.447 0.06153308 5.26592e-05
1761316905.371 66.516 0.06158150 1.31724e-05
1761316905.381 66.584 0.06166251 6.95989e-06
1761316905.431 66.653 0.06197909 4.42304e-07
1761316905.438 66.721 0.06203030 4.13803e-07
1761316905.444 66.790 0.06208804 3.28036e-07
1761316905.451 66.858 0.06208804 3.39130e-07
1761316905.461 66.927 0.06217277 3.23376e-07
1761316905.471 66.995 0.06220815 3.17871e-07
1761316905.481 67.063 0.06228358 3.51571e-07
1761316905.491 67.131 0.06233199 5.21438e-07
1761316905.501 67.199 0.06238879 7.39145e-07
1761316905.511 67.267 0.06246794 9.15652e-07
1761316905.521 67.335 0.06248842 9.08285e-07
1761316905.531 67.403 0.06255826 8.80448e-07
1761316905.541 67.471 0.06260016 9.27956e-07
1761316905.551 67.538 0.06262810 7.93905e-07
1761316905.561 67.606 0.06270817 6.24655e-07
1761316905.571 67.674 0.06274728 3.67155e-07
1761316905.581 67.741 0.06281432 2.86853e-07
1761316905.591 67.809 0.06286088 3.46081e-07
1761316905.601 67.876 0.06289719 3.36275e-07
1761316905.611 67.943 0.06295213 3.96355e-07
1761316905.621 68.011 0.06298006 4.43026e-07
1761316905.631 68.078 0.06303872 4.95498e-07
1761316905.641 68.145 0.06307318 6.54586e-07
1761316905.651 68.212 0.06312625 8.09861e-07
1761316905.661 68.279 0.06319143 1.14275e-06
1761316905.671 68.346 0.06320726 1.52380e-06
1761316905.681 68.413 0.06329479 1.50341e-06
1761316905.691 68.479 0.06334600 1.50506e-06
1761316905.701 68.546 0.06338976 1.40873e-06
1761316905.711 68.613 0.06347542 1.27897e-06
1761316905.721 68.679 0.06351360 1.12718e-06
1761316905.731 68.746 0.06361230 8.45744e-07
1761316905.741 68.812 0.06366910 6.15095e-07
1761316905.751 68.879 0.06371566 6.76388e-07
1761316905.761 68.945 0.06381063 1.06481e-06
1761316905.771 69.011 0.06385347 1.62462e-06
1761316905.781 69.078 0.06391585 3.04833e-06
1761316905.791 69.144 0.06398755 4.15902e-06
1761316905.801 69.210 0.06406297 4.46706e-06
1761316905.811 69.276 0.06413281 4.49862e-06
1761316905.821 69.342 0.06418495 4.04662e-06
1761316905.831 69.408 0.06427713 3.44859e-06
1761316905.841 69.473 0.06435535 2.35526e-06
1761316905.851 69.539 0.06439632 8.54895e-07
1761316905.861 69.605 0.06447732 6.64122e-07
1761316905.871 69.671 0.06454437 4.70532e-07
1761316905.881 69.736 0.06463283 3.39527e-07
1761316905.891 69.802 0.06469615 3.36067e-07
1761316905.901 69.867 0.06475667 3.09308e-07
1761316905.911 69.932 0.06483116 3.74450e-07
1761316905.921 69.998 0.06486933 3.69836e-07
1761316905.931 70.063 0.06495593 3.70997e-07
1761316905.961 70.128 0.06513657 4.46912e-07
1761316905.985 70.193 0.06531348 6.40572e-07
1761316905.992 70.259 0.06536469 6.52484e-07
1761316906.001 70.324 0.06536469 5.73209e-07
1761316906.011 70.389 0.06542522 5.81043e-07
1761316906.021 70.453 0.06545222 5.55659e-07
1761316906.031 70.518 0.06552392 5.01086e-07
1761316906.041 70.583 0.06558724 5.78144e-07
1761316906.051 70.648 0.06564124 8.06872e-07
1761316906.061 70.712 0.06570829 9.85037e-07
1761316906.071 70.777 0.06573622 9.15494e-07
1761316906.081 70.842 0.06579581 8.33221e-07
1761316906.091 70.906 0.06585447 7.29847e-07
1761316906.101 70.971 0.06589172 6.46395e-07
1761316906.111 71.035 0.06595690 5.33025e-07
1761316906.121 71.099 0.06599694 2.80223e-07
1761316906.131 71.164 0.06605467 1.15482e-07
1761316906.141 71.228 0.06608540 1.28675e-07
1761316906.151 71.292 0.06612450 1.00723e-07
1761316906.161 71.356 0.06618503 1.49253e-07
1761316906.171 71.420 0.06620924 1.17057e-07
1761316906.181 71.484 0.06626883 1.17808e-07
1761316906.191 71.548 0.06631073 1.74520e-07
1761316906.201 71.612 0.06634611 1.52111e-07
1761316906.211 71.676 0.06641595 1.99989e-07
1761316906.221 71.739 0.06646903 1.41124e-07
1761316906.231 71.803 0.06652768 1.26005e-07
1761316906.241 71.867 0.06655375 1.69448e-07
1761316906.251 71.930 0.06660962 1.35970e-07
1761316906.261 71.994 0.06670553 1.76009e-07
1761316906.271 72.057 0.06673719 1.58718e-07
1761316906.281 72.121 0.06680237 1.84625e-07
1761316906.291 72.184 0.06684427 2.95891e-07
1761316906.301 72.247 0.06690758 2.91115e-07
1761316906.311 72.310 0.06699604 3.96043e-07
1761316906.321 72.374 0.06703422 3.27384e-07
1761316906.331 72.437 0.06711523 2.75295e-07
1761316906.341 72.500 0.06718413 3.10500e-07
1761316906.351 72.563 0.06722883 2.59690e-07
1761316906.361 72.626 0.06731449 2.67037e-07
1761316906.412 72.689 0.06770091 1.94177e-07
1761316906.422 72.752 0.06778006 2.74161e-07
1761316906.431 72.814 0.06778006 3.42230e-07
1761316906.441 72.877 0.06784058 6.92948e-07
1761316906.451 72.940 0.06789366 1.40969e-06
1761316906.461 73.002 0.06796442 3.15667e-06
1761316906.471 73.065 0.06800074 4.78479e-06
1761316906.481 73.128 0.06807430 7.94423e-06
1761316906.511 73.190 0.06827356 1.27460e-05
1761316906.524 73.253 0.06834154 6.95014e-05
1761316906.531 73.315 0.06834154 8.20566e-05
1761316906.541 73.377 0.06838344 9.18609e-05
1761316906.551 73.439 0.06841044 9.57231e-05
1761316906.561 73.502 0.06847562 9.48819e-05
1761316906.571 73.564 0.06848958 9.14263e-05
1761316906.581 73.626 0.06855197 8.56162e-05
1761316906.591 73.688 0.06857153 7.75361e-05
1761316906.601 73.750 0.06858829 6.46519e-05
1761316906.611 73.812 0.06861994 5.47778e-05
1761316906.621 73.874 0.06865160 3.67190e-05
1761316906.631 73.936 0.06871492 2.25988e-05
1761316906.641 73.998 0.06873727 1.36854e-05
1761316906.651 74.059 0.06876240 1.04277e-05
1761316906.661 74.121 0.06881362 8.20537e-06
1761316906.671 74.183 0.06883969 6.40762e-06
1761316906.681 74.244 0.06890673 4.86809e-06
1761316906.691 74.306 0.06892536 3.40197e-06
1761316906.701 74.367 0.06894677 2.08962e-06
1761316906.711 74.429 0.06900264 1.24813e-06
1761316906.721 74.490 0.06903895 7.58184e-07
1761316906.731 74.551 0.06911252 3.96168e-07
1761316906.741 74.613 0.06915348 3.10215e-07
1761316906.751 74.674 0.06918980 1.34819e-07
1761316906.761 74.735 0.06926336 1.57364e-07
1761316906.771 74.796 0.06930153 1.05957e-07
1761316906.781 74.857 0.06937044 9.71249e-08
1761316906.791 74.918 0.06942817 1.32953e-07
1761316906.801 74.979 0.06947938 9.05282e-08
1761316906.811 75.040 0.06957436 1.23892e-07
1761316906.821 75.101 0.06962464 7.63696e-08
1761316906.831 75.162 0.06970285 7.73844e-08
1761316906.841 75.223 0.06975220 1.29905e-07
1761316906.851 75.284 0.06981831 9.55557e-08
1761316906.861 75.344 0.06991143 1.36146e-07
1761316906.871 75.405 0.06996078 1.00360e-07
1761316906.881 75.466 0.07003620 9.60225e-08
1761316906.891 75.526 0.07007717 1.45330e-07
1761316906.901 75.587 0.07014700 9.41039e-08
1761316906.911 75.647 0.07023081 1.13416e-07
1761316906.921 75.707 0.07028015 6.98187e-08
1761316906.931 75.768 0.07036210 6.92954e-08
1761316906.941 75.828 0.07041610 1.15456e-07
1761316906.951 75.888 0.07046452 8.20106e-08
1761316906.961 75.949 0.07052784 1.16495e-07
1761316906.971 76.009 0.07057160 7.62781e-08
1761316906.981 76.069 0.07063212 7.97283e-08
1761316906.991 76.129 0.07068520 1.16855e-07
1761316907.001 76.189 0.07074293 7.76586e-08
1761316907.011 76.249 0.07081835 1.13406e-07
1761316907.020 76.309 0.07085001 6.12253e-08
1761316907.069 76.369 0.07112004 6.25834e-08
1761316907.076 76.428 0.07119453 1.19370e-07
1761316907.081 76.488 0.07123084 8.07380e-08
1761316907.090 76.548 0.07123084 1.43614e-07
1761316907.100 76.608 0.07128578 1.42946e-07
1761316907.110 76.667 0.07135841 2.00900e-07
1761316907.120 76.727 0.07137703 1.76577e-07
1761316907.130 76.786 0.07144221 1.68663e-07
1761316907.141 76.846 0.07153253 1.98254e-07
1761316907.150 76.905 0.07153253 1.62822e-07
1761316907.160 76.965 0.07159771 1.87578e-07
1761316907.170 77.024 0.07163961 1.35995e-07
1761316907.180 77.084 0.07169734 1.24034e-07
1761316907.190 77.143 0.07172062 1.37228e-07
1761316907.200 77.202 0.07178208 8.54934e-08
1761316907.210 77.261 0.07184539 1.15064e-07
1761316907.220 77.320 0.07186867 8.27339e-08
1761316907.230 77.379 0.07193106 9.77993e-08
1761316907.240 77.439 0.07195340 1.51957e-07
1761316907.250 77.498 0.07198227 1.32529e-07
1761316907.260 77.556 0.07204000 1.71558e-07
1761316907.270 77.615 0.07206514 1.42048e-07
1761316907.280 77.674 0.07213125 1.53630e-07
1761316907.290 77.733 0.07216756 1.88803e-07
1761316907.300 77.792 0.07221505 1.59749e-07
1761316907.310 77.851 0.07227744 2.00234e-07
1761316907.320 77.909 0.07229513 1.70782e-07
1761316907.330 77.968 0.07236031 1.83950e-07
1761316907.340 78.027 0.07240314 2.23913e-07
1761316907.350 78.085 0.07244970 2.37318e-07
1761316907.360 78.144 0.07252232 2.84490e-07
1761316907.370 78.202 0.07255026 2.34035e-07
1761316907.380 78.261 0.07262009 2.17171e-07
1761316907.390 78.319 0.07267224 2.52757e-07
1761316907.400 78.377 0.07273649 2.08420e-07
1761316907.410 78.436 0.07282029 2.28822e-07
1761316907.420 78.494 0.07285474 1.76402e-07
1761316907.430 78.552 0.07290689 1.14612e-07
1761316907.440 78.610 0.07296834 1.23571e-07
1761316907.450 78.668 0.07304376 7.30998e-08
1761316907.460 78.726 0.07311918 1.03124e-07
1761316907.470 78.784 0.07316295 6.93539e-08
1761316907.480 78.842 0.07324116 8.18271e-08
1761316907.490 78.900 0.07329610 1.39691e-07
1761316907.500 78.958 0.07333614 1.47548e-07
1761316907.510 79.016 0.07341063 2.71045e-07
1761316907.520 79.074 0.07344881 3.51457e-07
1761316907.530 79.132 0.07352051 5.10079e-07
1761316907.540 79.190 0.07358289 8.37267e-07
1761316907.550 79.247 0.07363410 1.26516e-06
1761316907.560 79.305 0.07370859 1.83237e-06
1761316907.570 79.363 0.07374398 2.83758e-06
1761316907.621 79.420 0.07408105 4.90867e-06
1761316907.631 79.478 0.07408105 4.10630e-06
1761316907.640 79.535 0.07412853 3.77269e-06
1761316907.650 79.593 0.07417696 3.12297e-06
1761316907.660 79.650 0.07424213 2.25967e-06
1761316907.670 79.707 0.07427472 1.18785e-06
1761316907.680 79.765 0.07434176 7.03317e-07
1761316907.690 79.822 0.07436411 5.68658e-07
1761316907.700 79.879 0.07441719 4.11468e-07
1761316907.710 79.936 0.07447771 3.71299e-07
1761316907.720 79.994 0.07450285 2.44413e-07
1761316907.730 80.051 0.07456244 1.77200e-07
1761316907.740 80.108 0.07460527 1.55635e-07
1761316907.750 80.165 0.07464345 1.17773e-07
1761316907.760 80.222 0.07468442 1.29822e-07
1761316907.770 80.279 0.07470118 8.14028e-08
1761316907.780 80.336 0.07476822 8.98883e-08
1761316907.790 80.393 0.07479057 1.21519e-07
1761316907.800 80.449 0.07481943 9.23218e-08
1761316907.810 80.506 0.07486041 1.22375e-07
1761316907.820 80.563 0.07488927 8.46875e-08
1761316907.830 80.620 0.07495258 7.80793e-08
1761316907.840 80.676 0.07497494 1.16229e-07
1761316907.850 80.733 0.07500566 7.96445e-08
1761316907.860 80.790 0.07505502 1.05910e-07
1761316907.870 80.846 0.07508015 6.15252e-08
1761316907.880 80.903 0.07514347 5.93515e-08
1761316907.890 80.959 0.07518444 8.15109e-08
1761316907.938 81.016 0.07543678 4.29104e-08
1761316907.945 81.072 0.07549264 4.02270e-09
1761316907.993 81.128 0.07577105 1.46215e-08
1761316908.036 81.185 0.07599453 1.62063e-08
1761316908.051 81.241 0.07611185 2.10285e-08
1761316908.060 81.297 0.07611185 4.50930e-08
1761316908.070 81.353 0.07612675 2.36171e-08
1761316908.080 81.410 0.07619286 2.03090e-08
1761316908.090 81.466 0.07623662 9.31716e-08
1761316908.100 81.522 0.07626269 8.96920e-08
1761316908.110 81.578 0.07629715 1.45486e-07
1761316908.120 81.634 0.07629435 1.27307e-07
1761316908.152 81.690 0.07639119 1.14719e-07
1761316908.175 81.746 0.07640050 1.72503e-07
1761316908.181 81.802 0.07640795 1.38536e-07
1761316908.190 81.858 0.07640795 1.71100e-07
1761316908.200 81.913 0.07642750 1.43926e-07
1761316908.210 81.969 0.07646289 1.67335e-07
1761316908.220 82.025 0.07646196 1.27066e-07
1761316908.230 82.081 0.07649547 1.31572e-07
1761316908.240 82.136 0.07650200 1.61814e-07
1761316908.250 82.192 0.07652527 1.24907e-07
1761316908.260 82.247 0.07655321 1.39217e-07
1761316908.270 82.303 0.07656531 9.43199e-08
1761316908.280 82.359 0.07662677 9.85707e-08
1761316908.290 82.414 0.07665843 1.18286e-07
1761316908.300 82.469 0.07668450 7.09011e-08
1761316908.310 82.525 0.07672547 8.55056e-08
1761316908.320 82.580 0.07675620 4.67137e-08
1761316908.330 82.636 0.07682323 5.18813e-08
1761316908.340 82.691 0.07685117 8.75443e-08
1761316908.350 82.746 0.07690983 5.03377e-08
1761316908.360 82.801 0.07695360 7.66549e-08
1761316908.370 82.857 0.07698432 3.96980e-08
1761316908.380 82.912 0.07705602 5.59466e-08
1761316908.390 82.967 0.07708395 8.90376e-08
1761316908.400 83.022 0.07714168 5.05233e-08
1761316908.410 83.077 0.07721152 7.31804e-08
1761316908.420 83.132 0.07723852 3.49545e-08
1761316908.430 83.187 0.07731208 4.47974e-08
1761316908.440 83.242 0.07735677 8.37271e-08
1761316908.450 83.297 0.07741916 4.51748e-08
1761316908.460 83.352 0.07749366 6.70059e-08
1761316908.470 83.406 0.07753090 2.94679e-08
1761316908.480 83.461 0.07758490 4.37130e-08
1761316908.490 83.516 0.07763612 7.55061e-08
1761316908.537 83.571 0.07792663 7.83003e-08
1761316908.543 83.625 0.07796946 6.69815e-08
1761316908.550 83.680 0.07796946 1.10013e-07
1761316908.560 83.735 0.07804116 1.94935e-07
1761316908.570 83.789 0.07807561 3.90915e-07
1761316908.580 83.844 0.07814358 4.64313e-07
1761316908.590 83.898 0.07819480 7.90525e-07
1761316908.600 83.953 0.07825719 1.25351e-06
1761316908.610 84.007 0.07830746 1.90782e-06
1761316908.620 84.061 0.07833074 3.13035e-06
1761316908.630 84.116 0.07841641 4.04220e-06
1761316908.640 84.170 0.07842944 5.69553e-06
1761316908.650 84.224 0.07848624 7.95241e-06
1761316908.660 84.279 0.07852349 1.06182e-05
1761316908.670 84.333 0.07853839 1.56176e-05
1761316908.706 84.387 0.07872089 4.98340e-05
1761316908.713 84.441 0.07872741 5.84179e-05
1761316908.720 84.495 0.07872741 6.93015e-05
1761316908.730 84.549 0.07878793 7.83071e-05
1761316908.740 84.604 0.07881587 8.60612e-05
1761316908.750 84.658 0.07885404 8.95026e-05
1761316908.760 84.711 0.07889966 9.04020e-05
1761316908.770 84.765 0.07891364 8.91541e-05
1761316908.780 84.819 0.07896578 8.63898e-05
1761316908.790 84.873 0.07901140 8.21393e-05
1761316908.800 84.927 0.07904679 7.71008e-05
1761316908.809 84.981 0.07910451 7.06929e-05
1761316908.819 85.035 0.07912593 6.19696e-05
1761316908.829 85.088 0.07917901 5.13352e-05
1761316908.840 85.142 0.07922370 3.83136e-05
1761316908.849 85.196 0.07927771 2.46743e-05
1761316908.859 85.249 0.07932799 1.44605e-05
1761316908.869 85.303 0.07934382 1.07404e-05
1761316908.879 85.357 0.07940713 7.96162e-06
1761316908.889 85.410 0.07944531 6.32630e-06
1761316908.899 85.464 0.07948535 4.89467e-06
1761316908.909 85.517 0.07955146 3.75337e-06
1761316908.919 85.570 0.07957660 2.74787e-06
1761316908.929 85.624 0.07963992 1.87988e-06
1761316908.939 85.677 0.07969393 1.21030e-06
1761316908.949 85.731 0.07972745 8.19537e-07
1761316908.959 85.784 0.07978610 4.73241e-07
1761316908.969 85.837 0.07982615 2.08781e-07
1761316908.979 85.890 0.07989691 6.55082e-08
1761316908.989 85.944 0.07991925 9.69706e-08
1761316909.037 85.997 0.08016973 5.55444e-08
1761316909.043 86.050 0.08023398 6.60890e-09
1761316909.049 86.103 0.08023398 2.65274e-08
1761316909.059 86.156 0.08030102 5.61261e-08
1761316909.069 86.209 0.08035038 2.89065e-08
1761316909.079 86.262 0.08043231 5.47780e-08
1761316909.089 86.315 0.08047142 7.28485e-08
1761316909.137 86.368 0.08070141 5.39251e-08
1761316909.144 86.421 0.08074424 5.96890e-09
1761316909.151 86.474 0.08080384 5.57788e-08
1761316909.159 86.527 0.08080384 6.25005e-08
1761316909.169 86.579 0.08082339 2.95375e-08
1761316909.179 86.632 0.08088577 4.88043e-08
1761316909.189 86.685 0.08091092 7.22674e-08
1761316909.268 86.738 0.08115301 1.02574e-07
1761316909.278 86.790 0.08118839 4.33350e-08
1761316909.283 86.843 0.08121633 6.40192e-08
1761316909.289 86.896 0.08121633 1.05138e-07
1761316909.299 86.948 0.08124799 5.32744e-08
1761316909.309 87.001 0.08128244 8.13175e-08
1761316909.319 87.053 0.08129734 5.33330e-08
1761316909.329 87.106 0.08135228 6.79596e-08
1761316909.339 87.158 0.08137462 8.89842e-08
1761316909.349 87.211 0.08139045 4.50885e-08
1761316909.359 87.263 0.08142397 7.41823e-08
1761316909.369 87.315 0.08142676 5.04604e-08
1761316909.379 87.368 0.08147891 7.85932e-08
1761316909.389 87.420 0.08149101 9.80426e-08
1761316909.399 87.472 0.08152267 5.31203e-08
1761316909.409 87.525 0.08156644 8.10862e-08
1761316909.419 87.577 0.08155340 5.13690e-08
1761316909.429 87.629 0.08161299 6.94373e-08
1761316909.439 87.681 0.08162323 9.10235e-08
1761316909.449 87.733 0.08165582 4.84170e-08
1761316909.459 87.785 0.08169307 7.65535e-08
1761316909.469 87.837 0.08171262 4.82332e-08
1761316909.479 87.889 0.08176663 7.25175e-08
1761316909.489 87.941 0.08181132 8.69649e-08
1761316909.499 87.993 0.08184484 4.17738e-08
1761316909.509 88.045 0.08189885 6.78852e-08
1761316909.519 88.097 0.08191561 3.40882e-08
1761316909.529 88.149 0.08199662 4.67285e-08
1761316909.539 88.201 0.08201990 6.85456e-08
1761316909.587 88.253 0.08230482 4.61274e-08
1761316909.592 88.305 0.08235511 1.21057e-08
1761316909.599 88.356 0.08235511 9.76180e-09
1761316909.609 88.408 0.08241377 4.61074e-08
1761316909.619 88.460 0.08244728 1.38900e-08
1761316909.629 88.511 0.08252178 3.94967e-08
1761316909.708 88.563 0.08291099 7.49688e-08
1761316909.714 88.615 0.08294731 4.67849e-08
1761316909.720 88.666 0.08301063 8.12751e-08
1761316909.729 88.718 0.08301063 4.35905e-08
1761316909.739 88.769 0.08302925 1.15959e-07
1761316909.749 88.821 0.08308511 9.38199e-08
1761316909.759 88.872 0.08313167 1.40406e-07
1761316909.769 88.924 0.08313726 1.34764e-07
1761316909.799 88.975 0.08324155 2.00379e-07
1761316909.811 89.026 0.08324620 4.08181e-07
1761316909.819 89.078 0.08324620 4.92763e-07
1761316909.829 89.129 0.08327227 5.29508e-07
1761316909.839 89.180 0.08328438 6.81894e-07
1761316909.849 89.231 0.08330859 7.44084e-07
1761316909.859 89.283 0.08333652 8.60594e-07
1761316909.869 89.334 0.08333279 9.76849e-07
1761316909.879 89.385 0.08338401 1.13021e-06
1761316909.889 89.436 0.08338308 1.33089e-06
1761316909.899 89.487 0.08340449 1.44328e-06
1761316909.909 89.538 0.08342963 1.58054e-06
1761316909.919 89.589 0.08345105 1.66890e-06
1761316909.929 89.640 0.08350599 1.75317e-06
1761316909.939 89.691 0.08352740 1.83162e-06
1761316909.949 89.742 0.08354509 1.80741e-06
1761316909.959 89.793 0.08357769 1.82484e-06
1761316909.969 89.844 0.08362052 1.77410e-06
1761316909.979 89.895 0.08368104 1.75167e-06
1761316909.989 89.946 0.08370711 1.71565e-06
1761316909.999 89.997 0.08374343 1.60932e-06
1761316910.009 90.047 0.08379371 1.51248e-06
1761316910.019 90.098 0.08381792 1.37122e-06
1761316910.029 90.149 0.08387937 1.21797e-06
1761316910.039 90.199 0.08392220 1.04808e-06
1761316910.049 90.250 0.08397900 7.62906e-07
1761316910.059 90.301 0.08404232 5.52826e-07
1761316910.069 90.351 0.08407212 3.42574e-07
1761316910.079 90.402 0.08415406 2.47185e-07
1761316910.089 90.452 0.08420527 2.23607e-07
1761316910.099 90.503 0.08424717 1.23099e-07
1761316910.109 90.553 0.08431793 1.38181e-07
1761316910.119 90.604 0.08434960 8.87659e-08
1761316910.129 90.654 0.08441198 9.49232e-08
1761316910.139 90.705 0.08445575 1.03506e-07
1761316910.149 90.755 0.08452278 4.50931e-08
1761316910.159 90.806 0.08458890 6.50310e-08
1761316910.169 90.856 0.08461031 2.60172e-08
1761316910.179 90.906 0.08467084 5.51821e-08
1761316910.189 90.956 0.08471460 7.22546e-08
1761316910.254 91.007 0.08507588 5.06569e-08
1761316910.344 91.057 0.08545020 1.08500e-08
1761316910.393 91.107 0.08557404 1.70391e-08
1761316910.444 91.157 0.08562897 1.26718e-08
1761316910.451 91.207 0.08563735 6.14915e-08
1761316910.459 91.257 0.08563735 5.41487e-08
1761316910.469 91.308 0.08562897 2.35230e-08
1761316910.479 91.358 0.08565039 5.08688e-08
1761316910.489 91.408 0.08564852 6.88872e-08
1761316910.536 91.458 0.08564387 6.69021e-08
1761316910.543 91.508 0.08563083 5.37360e-09
1761316910.591 91.557 0.08568298 4.51981e-08
1761316910.599 91.607 0.08568298 1.90761e-08
1761316910.608 91.657 0.08569043 4.74243e-08
1761316910.618 91.707 0.08571650 1.98954e-08
1761316910.628 91.757 0.08576027 5.14048e-08
1761316910.638 91.807 0.08577609 5.80889e-08
1761316910.687 91.857 0.08592135 6.89712e-08
1761316910.693 91.906 0.08596139 7.71580e-09
1761316910.741 91.956 0.08612154 5.49542e-08
1761316910.748 92.006 0.08612154 1.65096e-08
1761316910.758 92.055 0.08615227 5.14948e-08
1761316910.768 92.105 0.08617927 2.68273e-08
1761316910.778 92.155 0.08624073 6.15065e-08
1761316910.788 92.204 0.08622583 6.52551e-08
1761316910.836 92.254 0.08637109 6.58181e-08
1761316910.842 92.303 0.08640181 1.38342e-08
1761316910.873 92.353 0.08647444 2.66447e-08
1761316910.883 92.402 0.08647258 4.06629e-08
1761316910.889 92.452 0.08651169 6.72487e-08
1761316910.955 92.501 0.08665136 5.56580e-08
1761316911.005 92.551 0.08677055 5.92718e-08
1761316911.055 92.600 0.08688787 6.35526e-08
1761316911.062 92.649 0.08689066 3.96214e-08
1761316911.069 92.699 0.08689066 8.51565e-08
1761316911.079 92.748 0.08693163 5.70541e-08
1761316911.088 92.797 0.08693163 7.63754e-08
1761316911.098 92.846 0.08695863 2.46306e-08
1761316911.108 92.896 0.08698657 6.75578e-08
1761316911.118 92.945 0.08699216 2.94352e-08
1761316911.128 92.994 0.08701636 6.57964e-08
1761316911.138 93.043 0.08700985 7.21499e-08
1761316911.148 93.092 0.08701636 2.35484e-08
1761316911.158 93.141 0.08704337 6.71816e-08
1761316911.168 93.190 0.08704057 2.94642e-08
1761316911.178 93.239 0.08707875 7.03275e-08
1761316911.188 93.288 0.08706571 7.16952e-08
1761316911.236 93.337 0.08718303 7.46363e-08
1761316911.242 93.386 0.08719887 2.18929e-08
1761316911.248 93.435 0.08723332 3.48324e-08
1761316911.259 93.484 0.08723332 6.61272e-08
1761316911.268 93.533 0.08724728 3.40871e-08
1761316911.278 93.582 0.08731340 6.44434e-08
1761316911.288 93.631 0.08732457 6.75915e-08
1761316911.298 93.680 0.08737019 1.90000e-08
1761316911.308 93.728 0.08743817 5.81939e-08
1761316911.318 93.777 0.08746610 1.82911e-08
1761316911.328 93.826 0.08752477 5.74381e-08
1761316911.338 93.875 0.08754059 6.10437e-08
1761316911.348 93.923 0.08759460 1.71218e-08
1761316911.358 93.972 0.08765419 6.09508e-08
1761316911.493 94.021 0.08822311 5.05604e-08
1761316911.499 94.069 0.08826222 5.92691e-08
1761316911.508 94.118 0.08826222 9.44878e-08
1761316911.518 94.166 0.08827619 4.94810e-08
1761316911.528 94.215 0.08831809 8.61801e-08
1761316911.538 94.263 0.08833951 9.06211e-08
1761316911.548 94.312 0.08838327 4.19656e-08
1761316911.558 94.360 0.08839258 7.98166e-08
1761316911.568 94.409 0.08837489 3.67350e-08
1761316911.578 94.457 0.08841027 7.55267e-08
1761316911.588 94.505 0.08842517 7.17255e-08
1761316911.598 94.554 0.08845124 2.59114e-08
1761316911.608 94.602 0.08846055 6.16548e-08
1761316911.618 94.650 0.08843728 2.11897e-08
1761316911.628 94.699 0.08846893 5.91557e-08
1761316911.638 94.747 0.08847079 5.53355e-08
1761316911.648 94.795 0.08850338 1.83811e-08
1761316911.658 94.843 0.08851642 5.63991e-08
1761316911.668 94.892 0.08850245 1.96706e-08
1761316911.678 94.940 0.08853225 6.21206e-08
1761316911.688 94.988 0.08854249 6.37346e-08
1761316911.698 95.036 0.08856018 1.41339e-08
1761316911.708 95.084 0.08857694 5.35903e-08
1761316911.718 95.132 0.08861233 1.76458e-08
1761316911.728 95.180 0.08865702 5.48848e-08
1761316911.738 95.228 0.08867751 6.51963e-08
1761316911.785 95.276 0.08890098 7.36127e-08
1761316911.791 95.324 0.08895219 3.92524e-08
1761316911.798 95.372 0.08895219 2.47356e-08
1761316911.808 95.420 0.08900340 6.30081e-08
1761316911.818 95.468 0.08905461 3.31827e-08
1761316911.828 95.516 0.08913842 7.85259e-08
1761316911.838 95.564 0.08915983 9.60933e-08
1761316911.848 95.611 0.08923060 6.61698e-08
1761316911.858 95.659 0.08929578 1.16933e-07
1761316911.868 95.707 0.08931627 8.94327e-08
1761316911.878 95.755 0.08939541 1.50939e-07
1761316911.888 95.803 0.08941869 1.67733e-07
1761316911.898 95.850 0.08947269 1.39811e-07
1761316911.908 95.898 0.08952112 2.08447e-07
1761316911.918 95.946 0.08955557 1.86580e-07
1761316911.928 95.993 0.08961516 2.74705e-07
1761316911.938 96.041 0.08965706 3.41581e-07
1761316911.948 96.088 0.08969803 3.40508e-07
1761316911.958 96.136 0.08972875 4.44230e-07
1761316911.968 96.183 0.08973807 4.81437e-07
1761316911.978 96.231 0.08980045 6.65971e-07
1761316911.988 96.278 0.08982746 8.67626e-07
1761316911.998 96.326 0.08985912 1.01457e-06
1761316912.046 96.373 0.09004069 1.96583e-06
1761316912.055 96.421 0.09008538 3.42263e-06
1761316912.061 96.468 0.09008911 3.83853e-06
1761316912.068 96.516 0.09008911 4.24589e-06
1761316912.078 96.563 0.09013101 4.76437e-06
1761316912.088 96.610 0.09017477 5.58725e-06
1761316912.098 96.658 0.09022971 6.26794e-06
1761316912.108 96.705 0.09026695 6.84812e-06
1761316912.118 96.752 0.09028465 6.96748e-06
1761316912.128 96.799 0.09033865 7.06801e-06
1761316912.138 96.846 0.09038800 6.91079e-06
1761316912.148 96.894 0.09044387 6.61908e-06
1761316912.158 96.941 0.09046715 6.44160e-06
1761316912.168 96.988 0.09048484 6.11035e-06
1761316912.178 97.035 0.09055560 5.85249e-06
1761316912.188 97.082 0.09058354 5.36428e-06
1761316912.198 97.129 0.09061148 4.72542e-06
1761316912.208 97.176 0.09066082 4.01283e-06
1761316912.218 97.223 0.09067479 3.21674e-06
1761316912.228 97.270 0.09073252 2.51435e-06
1761316912.238 97.317 0.09074276 1.65005e-06
1761316912.248 97.364 0.09076697 1.02003e-06
1761316912.258 97.411 0.09082749 7.41674e-07
1761316912.268 97.458 0.09087871 4.88428e-07
1761316912.278 97.505 0.09093923 4.31716e-07
1761316912.288 97.552 0.09096251 3.54376e-07
1761316912.298 97.599 0.09100907 2.50005e-07
1761316912.308 97.646 0.09104165 2.20435e-07
1761316912.318 97.692 0.09107239 1.61874e-07
1761316912.327 97.739 0.09112825 1.63282e-07
1761316912.337 97.786 0.09116271 1.31940e-07
1761316912.347 97.833 0.09121019 6.69539e-08
1761316912.357 97.879 0.09124651 9.14041e-08
1761316912.367 97.926 0.09128375 5.13070e-08
1761316912.378 97.973 0.09134707 8.47649e-08
1761316912.387 98.019 0.09137686 6.34834e-08
1761316912.397 98.066 0.09142808 1.31456e-08
1761316912.407 98.113 0.09148487 4.95992e-08
1761316912.417 98.159 0.09152678 1.91728e-08
1761316912.427 98.206 0.09157333 4.94062e-08
1761316912.475 98.252 0.09181729 1.13604e-08
1761316912.519 98.299 0.09203424 2.01412e-08
1761316912.528 98.345 0.09203424 1.98121e-08
1761316912.537 98.392 0.09205194 1.72063e-08
1761316912.547 98.438 0.09210967 1.11007e-08
1761316912.598 98.485 0.09234245 9.63531e-09
1761316912.607 98.531 0.09234245 9.56874e-09
1761316912.617 98.577 0.09236200 -2.29659e-09
1761316912.627 98.624 0.09240205 9.42333e-09
1761316912.637 98.670 0.09240763 -1.54958e-09
1761316912.647 98.716 0.09243184 -5.59712e-09
1761316912.657 98.763 0.09246908 -1.46549e-09
1761316912.667 98.809 0.09245232 -1.37593e-08
1761316912.677 98.855 0.09248677 1.77265e-09
1761316912.687 98.901 0.09248957 -1.71372e-08
1761316912.697 98.948 0.09252309 -1.62119e-08
1761316912.707 98.994 0.09254358 -1.21624e-08
1761316912.721 99.040 0.09257430 -5.97230e-09
1761316912.727 99.086 0.09257430 -5.19036e-08
1761316912.780 99.132 0.09265811 -6.06601e-08
1761316912.839 99.178 0.09286854 -7.20081e-08
1761316912.847 99.224 0.09286854 -7.36355e-08
1761316912.896 99.270 0.09304732 -5.41646e-08
1761316912.901 99.316 0.09307898 -1.38806e-08
1761316912.949 99.363 0.09325869 -5.12475e-08
1761316912.993 99.409 0.09330524 -1.69767e-08
1761316913.007 99.454 0.09332573 -1.24340e-08
1761316913.017 99.500 0.09332573 -3.58799e-08
1761316913.027 99.546 0.09334807 1.33660e-09
1761316913.037 99.592 0.09333783 -3.19650e-09
1761316913.078 99.638 0.09337694 -3.18022e-09
1761316913.087 99.684 0.09337694 -6.87067e-09
1761316913.097 99.730 0.09339743 -1.21882e-09
1761316913.127 99.776 0.09344026 4.90708e-09
1761316913.151 99.821 0.09345702 4.67375e-09
1761316913.157 99.867 0.09347192 2.08809e-08
1761316913.167 99.913 0.09347192 5.22450e-09
1761316913.181 99.959 0.09350078 4.69720e-09
1761316913.187 100.004 0.09350078 2.91745e-08
1761316913.197 100.050 0.09354455 -7.95440e-09
1761316913.207 100.096 0.09357248 3.69226e-08
1761316913.217 100.142 0.09358924 1.03145e-08
1761316913.227 100.187 0.09363114 4.08808e-08
1761316913.237 100.233 0.09363300 3.15047e-08
1761316913.247 100.278 0.09364790 4.14150e-09
1761316913.257 100.324 0.09368701 4.81006e-08
1761316913.267 100.369 0.09372146 2.29703e-08
1761316913.277 100.415 0.09375033 5.49106e-08
1761316913.287 100.461 0.09377081 4.83562e-08
1761316913.297 100.506 0.09381644 9.23390e-09
1761316913.307 100.551 0.09384530 5.13142e-08
1761316913.317 100.597 0.09388068 2.27085e-08
1761316913.327 100.642 0.09392911 5.05374e-08
1761316913.337 100.688 0.09392911 4.19058e-08
1761316913.347 100.733 0.09396821 9.84440e-09
1761316913.357 100.779 0.09401942 5.15881e-08
1761316913.367 100.824 0.09405760 2.57678e-08
1761316913.377 100.869 0.09410509 5.72091e-08
1761316913.387 100.914 0.09411533 4.16174e-08
1761316913.397 100.960 0.09417586 1.12508e-08
1761316913.407 101.005 0.09420751 5.29562e-08
1761316913.417 101.050 0.09424011 2.80473e-08
1761316913.427 101.096 0.09430808 5.41521e-08
1761316913.437 101.141 0.09432670 4.47476e-08
1761316913.447 101.186 0.09437698 1.53953e-08
1761316913.457 101.231 0.09442633 5.47248e-08
1761316913.467 101.276 0.09445147 2.68114e-08
1761316913.477 101.321 0.09450175 6.02040e-08
1761316913.487 101.366 0.09456507 4.55061e-08
1761316913.497 101.412 0.09461628 1.20463e-08
1761316913.507 101.457 0.09465725 5.29847e-08
1761316913.517 101.502 0.09468705 2.51986e-08
1761316913.527 101.547 0.09476619 5.29873e-08
1761316913.537 101.592 0.09478481 4.52116e-08
1761316913.547 101.637 0.09484534 6.59630e-09
1761316913.557 101.682 0.09487700 5.04153e-08
1761316913.567 101.727 0.09490494 2.44289e-08
1761316913.577 101.771 0.09498129 5.82859e-08
1761316913.587 101.816 0.09500549 4.24300e-08
1761316913.597 101.861 0.09506509 1.81953e-08
1761316913.607 101.906 0.09510140 6.94598e-08
1761316913.617 101.951 0.09512655 5.88194e-08
1761316913.627 101.996 0.09518986 1.14922e-07
1761316913.637 102.041 0.09521686 1.55742e-07
1761316913.647 102.085 0.09526994 1.65243e-07
1761316913.684 102.130 0.09541892 6.33537e-07
1761316913.689 102.175 0.09548410 7.03292e-07
1761316913.697 102.220 0.09548410 7.72432e-07
1761316913.707 102.264 0.09552972 9.40752e-07
1761316913.717 102.309 0.09554648 1.11079e-06
1761316913.727 102.354 0.09560328 1.43398e-06
1761316913.737 102.398 0.09562191 1.78482e-06
1761316913.747 102.443 0.09567963 2.30877e-06
1761316913.757 102.488 0.09573271 2.63041e-06
1761316913.767 102.532 0.09575971 3.41389e-06
1761316913.777 102.577 0.09580348 4.14465e-06
1761316913.787 102.621 0.09581838 5.21768e-06
1761316913.797 102.666 0.09587424 6.65383e-06
1761316913.807 102.710 0.09592080 8.83712e-06
1761316913.817 102.755 0.09592639 1.13245e-05
1761316913.827 102.799 0.09598412 1.49859e-05
1761316913.837 102.844 0.09600739 1.96133e-05
1761316913.847 102.888 0.09605302 2.60034e-05
1761316913.857 102.933 0.09608561 2.99546e-05
1761316913.867 102.977 0.09610423 3.56051e-05
1761316913.877 103.021 0.09616476 4.18256e-05
1761316913.887 103.066 0.09618897 4.94952e-05
1761316913.897 103.110 0.09622993 5.78482e-05
1761316913.907 103.154 0.09626811 6.60251e-05
1761316913.917 103.199 0.09629605 7.42660e-05
1761316913.927 103.243 0.09633050 8.28576e-05
1761316913.937 103.287 0.09634354 9.34872e-05
1761316913.950 103.331 0.09645154 1.03669e-04
1761316913.957 103.376 0.09645154 1.13130e-04
1761316913.967 103.420 0.09648879 1.15941e-04
1761316913.977 103.464 0.09654000 1.17333e-04
1761316913.987 103.508 0.09655584 1.15181e-04
1761316913.997 103.552 0.09660798 1.11562e-04
1761316914.007 103.597 0.09665919 1.06041e-04
1761316914.017 103.641 0.09669644 9.93888e-05
1761316914.027 103.685 0.09674392 9.30312e-05
1761316914.037 103.729 0.09676627 8.52420e-05
1761316914.047 103.773 0.09682214 7.72798e-05
1761316914.057 103.817 0.09688638 6.75748e-05
1761316914.067 103.861 0.09691060 5.75134e-05
1761316914.077 103.905 0.09695064 4.58078e-05
1761316914.087 103.949 0.09698509 3.26276e-05
1761316914.096 103.993 0.09704934 1.97056e-05
1761316914.106 104.037 0.09708751 1.07146e-05
1761316914.117 104.081 0.09711824 5.89093e-06
1761316914.126 104.125 0.09718807 3.03035e-06
1761316914.136 104.169 0.09722067 1.44150e-06
1761316914.146 104.212 0.09726908 8.11606e-07
1761316914.156 104.256 0.09732029 4.66289e-07
1761316914.166 104.300 0.09735475 2.78148e-07
1761316914.176 104.344 0.09740875 1.13543e-07
1761316914.186 104.388 0.09741341 8.92893e-08
1761316914.237 104.432 0.09768716 6.97086e-08
1761316914.246 104.475 0.09768716 1.74815e-08
1761316914.257 104.519 0.09772441 5.80104e-08
1761316914.267 104.563 0.09774675 2.21472e-08
1761316914.277 104.606 0.09780262 6.19343e-08
1761316914.287 104.650 0.09783521 6.71190e-08
1761316914.336 104.694 0.09801213 6.09294e-08
1761316914.343 104.737 0.09806986 1.04230e-09
1761316914.349 104.781 0.09809034 3.07367e-08
1761316914.356 104.825 0.09809034 7.00869e-08
1761316914.366 104.868 0.09810245 3.48923e-08
1761316914.376 104.912 0.09814714 6.12689e-08
1761316914.386 104.955 0.09815832 2.99494e-08
1761316914.396 104.999 0.09820953 1.15600e-10
1761316914.406 105.043 0.09823188 5.11063e-08
1761316914.416 105.086 0.09822443 3.54266e-08
1761316914.426 105.130 0.09827471 5.97060e-08
1761316914.436 105.173 0.09829240 3.14061e-08
1761316914.446 105.216 0.09832126 2.69040e-09
1761316914.456 105.260 0.09833244 5.39605e-08
1761316914.466 105.303 0.09835199 3.55443e-08
1761316914.476 105.347 0.09840786 6.44503e-08
1761316914.486 105.390 0.09839762 3.07739e-08
1761316914.496 105.433 0.09842741 2.45920e-09
1761316914.506 105.477 0.09845349 6.76109e-08
1761316914.516 105.520 0.09847676 3.28653e-08
1761316914.526 105.563 0.09852611 5.86213e-08
1761316914.536 105.607 0.09852798 3.19958e-08
1761316914.546 105.650 0.09855871 1.71730e-09
1761316914.556 105.693 0.09860805 5.76541e-08
1761316914.566 105.736 0.09862854 3.35113e-08
1761316914.576 105.780 0.09868068 6.63115e-08
1761316914.586 105.823 0.09869744 2.70937e-08
1761316914.596 105.866 0.09876356 1.92180e-09
1761316914.606 105.909 0.09880359 5.89421e-08
1761316914.616 105.952 0.09884549 3.66626e-08
1761316914.626 105.996 0.09889391 6.24131e-08
1761316914.674 106.039 0.09913135 5.82843e-08
1761316914.681 106.082 0.09915184 2.63502e-08
1761316914.687 106.125 0.09919001 6.16184e-08
1761316914.735 106.168 0.09937903 7.42435e-08
1761316914.767 106.211 0.09957364 1.45747e-08
1761316914.790 106.254 0.09962206 2.31912e-08
1761316914.834 106.297 0.09971983 -1.05509e-08
1761316914.841 106.340 0.09976080 -3.30352e-09
1761316914.855 106.383 0.09976639 1.60017e-08
1761316914.863 106.426 0.09976173 -3.09802e-08
1761316914.904 106.469 0.09983808 -1.65187e-08
1761316914.918 106.512 0.09986136 1.52000e-10
1761316914.926 106.555 0.09986136 -3.33197e-08
1761316914.936 106.598 0.09985019 -3.81391e-08
1761316914.984 106.640 0.09989488 -9.27100e-10
1761316915.034 106.683 0.09996938 3.47280e-09
1761316915.086 106.726 0.10010904 -1.23786e-08
1761316915.096 106.769 0.10010904 -1.50552e-08
1761316915.106 106.812 0.10013511 -1.11780e-08
1761316915.116 106.855 0.10016211 -1.72236e-08
1761316915.126 106.897 0.10020494 -3.18984e-09
1761316915.136 106.940 0.10019099 -1.77262e-08
1761316915.146 106.983 0.10022078 -7.85202e-09
1761316915.156 107.026 0.10022637 -5.61419e-09
1761316915.166 107.068 0.10024592 -1.13932e-08
1761316915.176 107.111 0.10029341 5.72963e-09
1761316915.186 107.154 0.10029527 -1.03573e-08
1761316915.196 107.196 0.10032041 -2.90899e-09
1761316915.206 107.239 0.10032041 -1.15028e-09
1761316915.216 107.281 0.10032134 -7.72803e-09
1761316915.226 107.324 0.10035579 5.51821e-09
1761316915.236 107.367 0.10035486 -1.09011e-08
1761316915.246 107.409 0.10038466 -1.98745e-09
1761316915.256 107.452 0.10038838 3.98080e-10
1761316915.266 107.494 0.10040607 -6.51920e-09
1761316915.276 107.537 0.10044332 9.85336e-09
1761316915.286 107.579 0.10044426 -7.96858e-09
1761316915.315 107.622 0.10053736 -6.15090e-10
1761316915.326 107.664 0.10057461 -2.45031e-09
1761316915.332 107.707 0.10057461 -8.48183e-09
1761316915.338 107.749 0.10063885 7.84506e-09
1761316915.346 107.792 0.10063885 -3.28565e-09
1761316915.356 107.834 0.10067518 2.76632e-09
1761316915.366 107.876 0.10070870 -3.71960e-09
1761316915.376 107.919 0.10076735 1.27359e-08
1761316915.386 107.961 0.10079529 -5.23522e-09
1761316915.396 108.003 0.10084558 2.79633e-09
1761316915.406 108.046 0.10087165 7.34162e-09
1761316915.416 108.088 0.10092099 -1.89316e-09
1761316915.426 108.130 0.10097034 1.17222e-08
1761316915.436 108.173 0.10098710 -4.91611e-09
1761316915.446 108.215 0.10104111 4.42418e-09
1761316915.456 108.257 0.10107929 7.02752e-09
1761316915.466 108.299 0.10113143 1.18104e-09
1761316915.476 108.341 0.10118823 1.79995e-08
1761316915.486 108.384 0.10120499 2.11620e-10
1761316915.496 108.426 0.10127109 8.53538e-09
1761316915.506 108.468 0.10129997 1.08373e-08
1761316915.516 108.510 0.10132697 5.03980e-09
1761316915.526 108.552 0.10139401 1.89410e-08
1761316915.536 108.594 0.10140984 2.48478e-09
1761316915.546 108.636 0.10144522 1.37174e-08
1761316915.556 108.678 0.10147688 1.63864e-08
1761316915.566 108.720 0.10150667 1.19120e-08
1761316915.579 108.763 0.10156813 -4.62180e-09
1761316915.586 108.805 0.10156813 4.81750e-08
1761316915.596 108.847 0.10164262 -3.40990e-09
1761316915.606 108.889 0.10168824 5.91366e-08
1761316915.616 108.930 0.10171431 3.50038e-08
1761316915.626 108.972 0.10177391 8.46830e-08
1761316915.636 109.014 0.10179812 4.92450e-08
1761316915.646 109.056 0.10184002 3.98878e-08
1761316915.656 109.098 0.10187261 1.03330e-07
1761316915.666 109.140 0.10190147 8.30759e-08
1761316915.676 109.182 0.10196944 1.34423e-07
1761316915.686 109.224 0.10197783 9.92525e-08
1761316915.696 109.266 0.10202253 9.65620e-08
1761316915.706 109.307 0.10204767 1.65901e-07
1761316915.716 109.349 0.10207560 1.51829e-07
1761316915.726 109.391 0.10215847 2.04862e-07
1761316915.736 109.433 0.10217803 1.79159e-07
1761316915.746 109.475 0.10222272 2.06367e-07
1761316915.756 109.516 0.10226648 2.39855e-07
1761316915.766 109.558 0.10230093 2.19159e-07
1761316915.776 109.600 0.10235773 2.57119e-07
1761316915.786 109.642 0.10236518 2.29294e-07
1761316915.796 109.683 0.10242198 1.97463e-07
1761316915.806 109.725 0.10246761 2.56057e-07
1761316915.816 109.767 0.10249554 2.19013e-07
1761316915.826 109.808 0.10255513 2.32484e-07
1761316915.874 109.850 0.10275719 1.87317e-07
1761316915.884 109.891 0.10279257 1.65862e-07
1761316915.889 109.933 0.10282795 1.36484e-07
1761316915.895 109.975 0.10282795 1.02748e-07
1761316915.905 110.016 0.10285124 1.27016e-07
