1747831341.608 42.743 0.03515125 7.71464e-08
1747831341.614 42.914 0.03514660 9.89310e-09
1747831341.621 43.084 0.03513635 3.00212e-08
1747831341.630 43.253 0.03513635 5.44601e-08
1747831341.678 43.422 0.03512052 5.71361e-08
1747831341.728 43.590 0.03510935 5.63492e-08
1747831341.778 43.757 0.03526950 5.78221e-08
1747831341.846 43.924 0.03558888 4.55913e-08
1747831341.896 44.090 0.03585612 4.85024e-08
1747831341.903 44.256 0.03589709 3.23220e-08
1747831341.910 44.420 0.03589709 4.51409e-08
1747831341.959 44.585 0.03604514 5.32667e-08
1747831342.009 44.748 0.03615129 4.94848e-08
1747831342.016 44.911 0.03616526 -1.61331e-08
1747831342.022 45.074 0.03619040 3.71021e-08
1747831342.029 45.236 0.03619040 4.91967e-08
1747831342.077 45.397 0.03631983 5.87371e-08
1747831342.165 45.558 0.03664293 1.87831e-06
1747831342.172 45.718 0.03669786 2.67608e-06
1747831342.180 45.878 0.03669786 3.18770e-06
1747831342.190 46.037 0.03676956 3.75336e-06
1747831342.200 46.195 0.03684964 5.05208e-06
1747831342.210 46.353 0.03690737 5.81571e-06
1747831342.220 46.511 0.03694648 5.78711e-06
1747831342.230 46.668 0.03701073 5.73192e-06
1747831342.240 46.824 0.03706101 5.23352e-06
1747831342.250 46.980 0.03711222 4.31666e-06
1747831342.260 47.135 0.03716809 3.18518e-06
1747831342.270 47.290 0.03720627 1.97372e-06
1747831342.279 47.444 0.03724816 6.55668e-07
1747831342.289 47.598 0.03730124 2.79226e-07
1747831342.300 47.752 0.03735804 1.27432e-07
1747831342.309 47.904 0.03740460 6.55846e-08
1747831342.359 48.057 0.03770908 6.15405e-08
1747831342.366 48.209 0.03776960 -1.06220e-08
1747831342.372 48.360 0.03784688 3.98662e-08
1747831342.379 48.511 0.03784688 4.81113e-08
1747831342.427 48.661 0.03831618 4.41042e-08
1747831342.477 48.811 0.03888510 5.21015e-08
1747831342.545 48.961 0.03961511 5.79162e-08
1747831342.596 49.110 0.03987210 5.85839e-08
1747831342.646 49.259 0.03995777 5.07589e-08
1747831342.724 49.407 0.03989445 7.81233e-08
1747831342.732 49.555 0.03989445 -4.37010e-09
1747831342.739 49.702 0.03989445 2.57845e-08
1747831342.749 49.849 0.03990842 4.65083e-08
1747831342.759 49.995 0.03991587 7.79787e-08
1747831342.808 50.141 0.03994939 8.06766e-08
1747831342.814 50.287 0.03996149 1.13369e-08
1747831342.821 50.432 0.04000525 2.91524e-08
1747831342.829 50.577 0.04000525 3.81192e-08
1747831342.877 50.721 0.04016355 3.75478e-08
1747831342.884 50.865 0.04020824 2.83820e-09
1747831342.890 51.008 0.04027528 7.67956e-08
1747831342.899 51.152 0.04027528 5.24018e-08
1747831342.909 51.294 0.04032091 2.43590e-08
1747831342.919 51.437 0.04039074 -1.93770e-08
1747831342.929 51.579 0.04046524 6.43744e-08
1747831342.977 51.720 0.04081720 3.62591e-08
1747831343.027 51.861 0.04118128 3.57872e-08
1747831343.034 52.002 0.04128277 9.42810e-09
1747831343.041 52.142 0.04136564 7.98719e-08
1747831343.049 52.282 0.04136564 3.42635e-08
1747831343.098 52.422 0.04177907 3.87086e-08
1747831343.104 52.561 0.04185263 2.87955e-08
1747831343.111 52.700 0.04192805 4.35202e-08
1747831343.119 52.839 0.04192805 -1.14240e-09
1747831343.129 52.977 0.04200626 6.77285e-08
1747831343.177 53.115 0.04230888 4.18652e-08
1747831343.183 53.252 0.04235171 -7.02620e-09
1747831343.189 53.389 0.04238617 5.49282e-08
1747831343.199 53.526 0.04238617 4.88426e-08
1747831343.209 53.662 0.04241782 2.92435e-08
1747831343.219 53.798 0.04246624 -1.56893e-08
1747831343.229 53.934 0.04250814 7.65833e-08
1747831343.277 54.070 0.04272324 6.14383e-08
1747831343.284 54.205 0.04277538 -2.86300e-10
1747831343.290 54.339 0.04283683 7.72993e-08
1747831343.299 54.474 0.04283683 4.69353e-08
1747831343.309 54.608 0.04289736 2.64015e-08
1747831343.319 54.741 0.04296347 -1.38412e-08
1747831343.329 54.875 0.04302120 7.21892e-08
1747831343.378 55.008 0.04336944 4.20822e-08
1747831343.428 55.141 0.04379497 4.24983e-08
1747831343.478 55.273 0.04422143 4.50875e-08
1747831343.484 55.405 0.04429406 9.03630e-09
1747831343.490 55.537 0.04437786 8.24415e-08
1747831343.499 55.668 0.04437786 4.48199e-08
1747831343.509 55.800 0.04447377 2.89963e-08
1747831343.519 55.930 0.04453429 -1.03461e-08
1747831343.529 56.061 0.04458364 7.67701e-08
1747831343.577 56.191 0.04480991 4.75624e-08
1747831343.584 56.321 0.04483877 7.53610e-09
1747831343.591 56.451 0.04485739 7.70373e-08
1747831343.599 56.580 0.04485739 1.44985e-08
1747831343.609 56.709 0.04488440 3.05110e-08
1747831343.619 56.838 0.04490768 7.42060e-09
1747831343.629 56.966 0.04494213 7.74669e-08
1747831343.676 57.095 0.04508552 4.96744e-08
1747831343.683 57.222 0.04514698 -1.54589e-08
1747831343.689 57.350 0.04521402 4.84137e-08
1747831343.699 57.477 0.04521402 5.00877e-08
1747831343.709 57.604 0.04524847 3.15663e-08
1747831343.719 57.731 0.04529689 -8.33160e-09
1747831343.729 57.858 0.04535648 6.65926e-08
1747831343.779 57.984 0.04570473 5.04428e-08
1747831343.822 58.110 0.04615074 4.04124e-08
1747831343.829 58.236 0.04615074 4.97809e-08
1747831343.878 58.361 0.04659675 4.59835e-08
1747831343.928 58.486 0.04695710 4.60615e-08
1747831343.978 58.611 0.04718989 4.80315e-08
1747831344.028 58.736 0.04728207 4.68766e-08
1747831344.078 58.860 0.04730721 4.71604e-08
1747831344.129 58.984 0.04735563 4.68628e-08
1747831344.179 59.108 0.04743757 4.59233e-08
1747831344.229 59.231 0.04752789 4.67848e-08
1747831344.279 59.355 0.04766290 4.63626e-08
1747831344.371 59.478 0.04786123 2.74552e-08
1747831344.378 59.600 0.04786123 3.82222e-08
1747831344.427 59.723 0.04795249 3.96312e-08
1747831344.479 59.845 0.04806609 4.37065e-08
1747831344.530 59.967 0.04811916 4.21933e-08
1747831344.538 60.089 0.04811916 2.21014e-08
1747831344.548 60.211 0.04811544 4.67078e-08
1747831344.597 60.332 0.04826255 5.14485e-08
1747831344.604 60.453 0.04829235 2.35386e-08
1747831344.611 60.574 0.04831004 4.42344e-08
1747831344.659 60.694 0.04843761 7.59065e-08
1747831344.668 60.815 0.04843761 -1.14309e-08
1747831344.678 60.935 0.04845437 8.46933e-08
1747831344.727 61.055 0.04863408 4.67553e-08
1747831344.795 61.174 0.04891714 4.42316e-08
1747831344.845 61.294 0.04914620 4.15633e-08
1747831344.909 61.413 0.04944044 7.60081e-08
1747831344.918 61.532 0.04944044 -1.46248e-08
1747831344.928 61.650 0.04944137 7.93700e-08
1747831344.977 61.769 0.04952983 5.43331e-08
1747831345.027 61.887 0.04957825 4.96361e-08
1747831345.077 62.005 0.04965739 5.01348e-08
1747831345.145 62.123 0.04982965 4.64019e-08
1747831345.195 62.240 0.04998143 5.11423e-08
1747831345.262 62.358 0.05013693 5.88757e-08
1747831345.313 62.475 0.05023469 5.81502e-08
1747831345.363 62.592 0.05029895 5.36333e-08
1747831345.437 62.708 0.05037529 5.33798e-08
1747831345.457 62.825 0.05040882 -6.41910e-09
1747831345.464 62.941 0.05042651 4.78131e-08
1747831345.471 63.057 0.05044886 2.25696e-08
1747831345.478 63.173 0.05044886 4.78508e-08
1747831345.487 63.289 0.05047027 -4.23010e-09
1747831345.497 63.404 0.05048424 4.15408e-08
1747831345.507 63.519 0.05049914 2.95667e-08
1747831345.517 63.634 0.05051404 4.39486e-08
1747831345.527 63.749 0.05052149 7.37989e-08
1747831345.580 63.864 0.05067791 4.73403e-08
1747831345.630 63.978 0.05087997 4.74981e-08
1747831345.680 64.092 0.05120773 4.92827e-08
1747831345.731 64.206 0.05155970 6.04312e-08
1747831345.738 64.320 0.05155970 6.25017e-08
1747831345.748 64.433 0.05156901 1.13233e-07
1747831345.758 64.547 0.05162767 3.82726e-07
1747831345.768 64.660 0.05168819 3.59648e-07
1747831345.778 64.773 0.05173941 7.16366e-07
1747831345.788 64.886 0.05178876 1.09994e-06
1747831345.798 64.998 0.05182042 1.81308e-06
1747831345.807 65.111 0.05185115 3.30141e-06
1747831345.818 65.223 0.05187163 4.70235e-06
1747831345.828 65.335 0.05189491 7.22860e-06
1747831345.838 65.446 0.05192284 1.05769e-05
1747831345.848 65.558 0.05192750 1.20782e-05
1747831345.857 65.669 0.05193402 1.44978e-05
1747831345.868 65.781 0.05196754 1.86487e-05
1747831345.878 65.892 0.05196754 2.29928e-05
1747831345.887 66.003 0.05199454 2.85580e-05
1747831345.898 66.113 0.05200478 3.44376e-05
1747831345.908 66.224 0.05203644 4.04741e-05
1747831345.918 66.334 0.05208300 4.56182e-05
1747831345.928 66.444 0.05211186 4.59511e-05
1747831345.938 66.554 0.05214818 4.73501e-05
1747831345.947 66.664 0.05222639 4.73840e-05
1747831345.997 66.773 0.05257091 3.76835e-05
1747831346.005 66.883 0.05264913 1.27320e-05
1747831346.011 66.992 0.05273945 4.29064e-06
1747831346.018 67.101 0.05283722 2.05238e-06
1747831346.028 67.210 0.05283722 1.05355e-06
1747831346.037 67.319 0.05297316 2.85691e-07
1747831346.047 67.427 0.05308955 1.77677e-07
1747831346.057 67.535 0.05319012 1.17489e-07
1747831346.068 67.644 0.05340241 1.12607e-07
1747831346.077 67.752 0.05340241 1.62758e-07
1747831346.087 67.859 0.05352998 4.13252e-08
1747831346.097 67.967 0.05364078 1.28705e-07
1747831346.107 68.074 0.05375159 1.11919e-07
1747831346.117 68.182 0.05385029 1.28739e-07
1747831346.127 68.289 0.05393875 1.12280e-07
1747831346.137 68.396 0.05402255 6.02755e-08
1747831346.147 68.503 0.05409704 1.39838e-07
1747831346.157 68.609 0.05418271 8.95784e-08
1747831346.167 68.716 0.05426930 1.12596e-07
1747831346.177 68.822 0.05434193 9.49665e-08
1747831346.187 68.928 0.05442201 2.90314e-08
1747831346.197 69.034 0.05449277 1.06045e-07
1747831346.207 69.140 0.05454212 8.70918e-08
1747831346.217 69.246 0.05461382 9.54626e-08
1747831346.227 69.351 0.05469204 9.31726e-08
1747831346.237 69.456 0.05474232 4.29465e-08
1747831346.247 69.562 0.05480657 1.10703e-07
1747831346.257 69.667 0.05486057 7.73553e-08
1747831346.267 69.772 0.05493972 1.08486e-07
1747831346.277 69.876 0.05499651 1.12104e-07
1747831346.287 69.981 0.05506728 8.37857e-08
1747831346.297 70.085 0.05515015 3.29554e-07
1747831346.307 70.189 0.05520974 5.09480e-07
1747831346.317 70.293 0.05529541 1.17042e-06
1747831346.327 70.397 0.05544626 2.55441e-06
1747831346.337 70.501 0.05544626 3.11559e-06
1747831346.347 70.605 0.05552912 5.94766e-06
1747831346.357 70.708 0.05562038 1.21123e-05
1747831346.367 70.812 0.05567159 3.94028e-05
1747831346.377 70.915 0.05576098 6.94735e-05
1747831346.387 71.018 0.05586713 1.17088e-04
1747831346.397 71.121 0.05594627 1.86607e-04
1747831346.407 71.223 0.05603008 2.13663e-04
1747831346.417 71.326 0.05614554 1.98859e-04
1747831346.427 71.428 0.05626938 1.88109e-04
1747831346.437 71.531 0.05634853 1.50246e-04
1747831346.447 71.633 0.05640718 1.14677e-04
1747831346.457 71.735 0.05649006 2.82934e-05
1747831346.467 71.836 0.05657200 1.23235e-05
1747831346.477 71.938 0.05667442 9.90896e-06
1747831346.487 72.040 0.05676381 8.53607e-06
1747831346.497 72.141 0.05686158 8.05863e-06
1747831346.527 72.242 0.05709995 6.47049e-06
1747831346.553 72.344 0.05739326 8.40606e-07
1747831346.560 72.444 0.05746775 9.73543e-07
1747831346.567 72.545 0.05746775 8.21305e-07
1747831346.577 72.646 0.05753572 9.52473e-07
1747831346.587 72.747 0.05762325 9.81926e-07
1747831346.597 72.847 0.05773591 9.51406e-07
1747831346.607 72.947 0.05778433 8.90265e-07
1747831346.617 73.047 0.05786161 9.79304e-07
1747831346.627 73.147 0.05794542 1.02465e-06
1747831346.637 73.247 0.05799198 9.01006e-07
1747831346.647 73.347 0.05807205 8.73576e-07
1747831346.660 73.447 0.05821731 8.03482e-07
1747831346.667 73.546 0.05821731 8.19330e-07
1747831346.677 73.645 0.05825269 7.96309e-07
1747831346.687 73.745 0.05830856 7.65104e-07
1747831346.697 73.844 0.05837933 8.28908e-07
1747831346.707 73.943 0.05845568 7.42279e-07
1747831346.717 74.041 0.05849293 7.77958e-07
1747831346.727 74.140 0.05854321 8.86558e-07
1747831346.737 74.239 0.05858232 6.00273e-07
1747831346.747 74.337 0.05864004 6.88722e-07
1747831346.760 74.435 0.05878251 7.15614e-07
1747831346.767 74.533 0.05878251 6.71420e-07
1747831346.777 74.631 0.05885980 8.22500e-07
1747831346.787 74.729 0.05889983 8.13894e-07
1747831346.797 74.827 0.05896315 1.11432e-06
1747831346.807 74.925 0.05902367 1.36785e-06
1747831346.817 75.022 0.05908512 1.41562e-06
1747831346.827 75.120 0.05918103 1.47572e-06
1747831346.837 75.217 0.05924901 1.47012e-06
1747831346.847 75.314 0.05932722 1.51762e-06
1747831346.857 75.411 0.05938402 1.46410e-06
1747831346.867 75.508 0.05945851 1.32866e-06
1747831346.877 75.605 0.05957397 1.23059e-06
1747831346.887 75.701 0.05965778 1.45603e-06
1747831346.897 75.798 0.05974903 2.71117e-06
1747831346.907 75.894 0.05982817 3.56842e-06
1747831346.917 75.990 0.05990359 6.08167e-06
1747831346.927 76.087 0.05998181 1.59691e-05
1747831346.937 76.183 0.06007027 4.42131e-05
1747831346.947 76.279 0.06018014 8.88248e-05
1747831346.957 76.374 0.06026022 1.91273e-04
1747831346.967 76.470 0.06036730 4.05582e-04
1747831346.977 76.565 0.06043807 5.13641e-04
1747831346.987 76.661 0.06052373 6.22409e-04
1747831346.997 76.756 0.06063081 6.21380e-04
1747831347.007 76.851 0.06071554 5.88943e-04
1747831347.017 76.946 0.06078445 4.89152e-04
1747831347.027 77.041 0.06086639 3.84544e-04
1747831347.037 77.136 0.06093622 2.01398e-04
1747831347.047 77.231 0.06103958 2.91840e-05
1747831347.089 77.326 0.06140924 1.71610e-06
1747831347.100 77.420 0.06148000 1.26883e-06
1747831347.108 77.514 0.06157219 1.19268e-06
1747831347.117 77.609 0.06157219 2.48434e-06
1747831347.127 77.703 0.06165133 3.14156e-06
1747831347.137 77.797 0.06169323 5.85779e-06
1747831347.147 77.891 0.06177145 9.13974e-06
1747831347.157 77.984 0.06186177 1.49945e-05
1747831347.168 78.078 0.06197351 2.30308e-05
1747831347.177 78.172 0.06197351 2.55429e-05
1747831347.187 78.265 0.06204427 2.66947e-05
1747831347.196 78.359 0.06210293 2.59835e-05
1747831347.206 78.452 0.06218394 2.72369e-05
1747831347.216 78.545 0.06223515 2.67751e-05
1747831347.226 78.638 0.06229289 2.52922e-05
1747831347.236 78.731 0.06235713 2.25299e-05
1747831347.246 78.824 0.06238879 1.65544e-05
1747831347.256 78.916 0.06241673 1.14097e-05
1747831347.266 79.009 0.06247818 8.22080e-06
1747831347.276 79.101 0.06255267 7.20093e-06
1747831347.286 79.194 0.06259457 6.14275e-06
1747831347.296 79.286 0.06264485 4.76911e-06
1747831347.306 79.378 0.06271562 3.66985e-06
1747831347.316 79.470 0.06277335 2.22360e-06
1747831347.326 79.562 0.06281711 1.43617e-06
1747831347.337 79.654 0.06296889 1.23834e-06
1747831347.346 79.746 0.06296889 1.18526e-06
1747831347.356 79.837 0.06302103 1.03258e-06
1747831347.366 79.929 0.06309645 6.05090e-07
1747831347.376 80.020 0.06315139 1.01730e-06
1747831347.386 80.112 0.06321750 9.07657e-07
1747831347.396 80.203 0.06330596 1.14531e-06
1747831347.406 80.294 0.06338231 1.15028e-06
1747831347.416 80.385 0.06346704 1.31515e-06
1747831347.426 80.476 0.06356388 1.17885e-06
1747831347.436 80.566 0.06363093 1.33409e-06
1747831347.446 80.657 0.06370914 1.56556e-06
1747831347.456 80.748 0.06378922 2.09452e-06
1747831347.466 80.838 0.06388978 3.50147e-06
1747831347.476 80.929 0.06396893 6.46810e-06
1747831347.486 81.019 0.06404342 1.07015e-05
1747831347.496 81.109 0.06412908 1.44596e-05
1747831347.506 81.199 0.06421661 1.42650e-05
1747831347.516 81.289 0.06430600 1.39356e-05
1747831347.526 81.379 0.06439539 1.37332e-05
1747831347.536 81.469 0.06445405 1.32089e-05
1747831347.546 81.558 0.06453506 1.19557e-05
1747831347.556 81.648 0.06462631 7.08577e-06
1747831347.566 81.738 0.06468404 3.29949e-06
1747831347.576 81.827 0.06474456 9.92951e-07
1747831347.586 81.916 0.06482464 8.26298e-07
1747831347.596 82.005 0.06492427 1.11044e-06
1747831347.647 82.095 0.06533024 1.48314e-06
1747831347.656 82.184 0.06533024 1.99448e-06
1747831347.666 82.272 0.06543360 2.17507e-06
1747831347.676 82.361 0.06547364 2.41193e-06
1747831347.686 82.450 0.06554254 3.02805e-06
1747831347.696 82.539 0.06563473 4.42779e-06
1747831347.706 82.627 0.06566825 8.77367e-06
1747831347.716 82.716 0.06571760 1.58659e-05
1747831347.726 82.804 0.06577440 3.57113e-05
1747831347.736 82.892 0.06582654 5.75932e-05
1747831347.746 82.980 0.06591128 7.97099e-05
1747831347.756 83.068 0.06597831 1.20082e-04
1747831347.766 83.156 0.06604536 2.01248e-04
1747831347.776 83.244 0.06608912 2.98574e-04
1747831347.786 83.332 0.06613102 3.47013e-04
1747831347.796 83.420 0.06618968 3.89928e-04
1747831347.806 83.507 0.06624555 4.45533e-04
1747831347.816 83.595 0.06626511 4.61499e-04
1747831347.826 83.682 0.06630049 4.62854e-04
1747831347.836 83.769 0.06636753 4.45279e-04
1747831347.846 83.857 0.06640850 4.23702e-04
1747831347.856 83.944 0.06645505 4.12464e-04
1747831347.866 84.031 0.06652303 3.94536e-04
1747831347.876 84.118 0.06656772 3.39310e-04
1747831347.886 84.205 0.06661987 2.51977e-04
1747831347.896 84.291 0.06666828 1.48667e-04
1747831347.906 84.378 0.06671019 9.51782e-05
1747831347.916 84.465 0.06677257 3.45158e-05
1747831347.926 84.551 0.06685544 8.23882e-06
1747831347.936 84.638 0.06690573 4.57447e-06
1747831347.946 84.724 0.06696997 1.46489e-06
1747831347.957 84.810 0.06711523 1.09171e-06
1747831347.967 84.896 0.06719996 9.43580e-07
1747831347.976 84.982 0.06728656 9.44100e-07
1747831347.986 85.068 0.06728656 8.27604e-07
1747831347.996 85.154 0.06734802 9.18761e-07
1747831348.006 85.240 0.06742343 1.11633e-06
1747831348.016 85.326 0.06749793 1.24277e-06
1747831348.026 85.411 0.06758918 1.98755e-06
1747831348.036 85.497 0.06768416 2.09672e-06
1747831348.046 85.582 0.06774933 2.48233e-06
1747831348.056 85.668 0.06782010 2.77926e-06
1747831348.066 85.753 0.06789925 3.64147e-06
1747831348.076 85.838 0.06798770 4.23246e-06
1747831348.086 85.923 0.06806499 5.23131e-06
1747831348.096 86.008 0.06811993 6.62275e-06
1747831348.106 86.093 0.06820931 9.80523e-06
1747831348.116 86.178 0.06828194 1.25802e-05
1747831348.126 86.263 0.06835364 1.54079e-05
1747831348.136 86.348 0.06842813 1.53805e-05
1747831348.146 86.432 0.06850728 1.46218e-05
1747831348.156 86.517 0.06859853 1.38909e-05
1747831348.201 86.601 0.06892815 1.08828e-05
1747831348.207 86.686 0.06899333 4.61324e-06
1747831348.216 86.770 0.06899333 4.20184e-06
1747831348.226 86.854 0.06905571 4.75023e-06
1747831348.236 86.938 0.06912276 6.05420e-06
1747831348.246 87.022 0.06918886 8.62267e-06
1747831348.256 87.106 0.06924287 1.04820e-05
1747831348.266 87.190 0.06931364 1.57323e-05
1747831348.276 87.274 0.06934809 1.90998e-05
1747831348.286 87.358 0.06939558 1.93608e-05
1747831348.296 87.441 0.06945331 1.92314e-05
1747831348.306 87.525 0.06953245 1.84434e-05
1747831348.316 87.608 0.06959763 1.77431e-05
1747831348.326 87.692 0.06965443 1.65970e-05
1747831348.336 87.775 0.06970378 1.53901e-05
1747831348.346 87.858 0.06975220 1.44292e-05
1747831348.356 87.942 0.06981180 1.24495e-05
1747831348.366 88.025 0.06982483 1.02889e-05
1747831348.376 88.108 0.06986766 8.08985e-06
1747831348.386 88.191 0.06993377 5.26702e-06
1747831348.396 88.273 0.06999616 3.22345e-06
1747831348.406 88.356 0.07001478 1.90029e-06
1747831348.416 88.439 0.07006413 1.95103e-06
1747831348.426 88.522 0.07012280 2.29393e-06
1747831348.436 88.604 0.07019914 2.55213e-06
1747831348.446 88.687 0.07026433 3.17020e-06
1747831348.456 88.769 0.07030343 3.77575e-06
1747831348.466 88.851 0.07036116 4.49142e-06
1747831348.476 88.933 0.07042448 5.08560e-06
1747831348.486 89.016 0.07051294 6.10826e-06
1747831348.496 89.098 0.07055112 7.24394e-06
1747831348.506 89.180 0.07062281 8.75577e-06
1747831348.516 89.262 0.07072431 1.03346e-05
1747831348.526 89.344 0.07076249 1.16477e-05
1747831348.536 89.425 0.07081556 1.15267e-05
1747831348.546 89.507 0.07090960 1.13655e-05
1747831348.556 89.589 0.07097571 1.03312e-05
1747831348.566 89.670 0.07105951 1.00180e-05
1747831348.576 89.752 0.07113028 8.99583e-06
1747831348.586 89.833 0.07119453 7.88911e-06
1747831348.596 89.914 0.07127181 5.84872e-06
1747831348.606 89.996 0.07135096 4.60766e-06
1747831348.616 90.077 0.07142079 3.36270e-06
1747831348.626 90.158 0.07148597 1.68201e-06
1747831348.636 90.239 0.07157443 5.63009e-07
1747831348.646 90.320 0.07163216 3.29580e-07
1747831348.656 90.401 0.07170665 2.41787e-07
1747831348.666 90.482 0.07180349 2.36991e-07
1747831348.678 90.563 0.07192454 2.00424e-07
1747831348.686 90.643 0.07197482 1.80529e-07
1747831348.696 90.724 0.07197482 2.52637e-07
1747831348.706 90.804 0.07206048 2.53337e-07
1747831348.752 90.885 0.07237707 4.44876e-07
1747831348.759 90.965 0.07245342 7.37671e-07
1747831348.766 91.046 0.07245342 7.52423e-07
1747831348.780 91.126 0.07254095 9.51617e-07
1747831348.787 91.206 0.07262196 1.06218e-06
1747831348.796 91.286 0.07262196 1.21386e-06
1747831348.806 91.366 0.07267410 1.31889e-06
1747831348.816 91.446 0.07274022 1.60894e-06
1747831348.826 91.526 0.07278118 1.59489e-06
1747831348.836 91.606 0.07284822 1.85053e-06
1747831348.846 91.686 0.07292551 2.21071e-06
1747831348.856 91.765 0.07297579 2.32397e-06
1747831348.866 91.845 0.07304283 2.86267e-06
1747831348.878 91.925 0.07310708 3.25553e-06
1747831348.886 92.004 0.07310708 3.56391e-06
1747831348.896 92.084 0.07315550 4.34216e-06
1747831348.906 92.163 0.07320578 4.91723e-06
1747831348.916 92.242 0.07326537 5.86094e-06
1747831348.926 92.321 0.07329517 7.96018e-06
1747831348.936 92.401 0.07335011 1.08266e-05
1747831348.946 92.480 0.07337990 1.73520e-05
1747831348.956 92.559 0.07345346 3.41326e-05
1747831348.965 92.638 0.07352237 4.46917e-05
1747831348.975 92.716 0.07357544 6.03447e-05
1747831348.986 92.795 0.07360244 7.93059e-05
1747831348.995 92.874 0.07366483 8.51627e-05
1747831349.005 92.953 0.07369835 9.50726e-05
1747831349.015 93.031 0.07376912 1.18235e-04
1747831349.025 93.110 0.07381008 1.37006e-04
1747831349.035 93.188 0.07386223 1.66604e-04
1747831349.045 93.267 0.07394230 2.07474e-04
1747831349.055 93.345 0.07402145 2.55031e-04
1747831349.065 93.423 0.07407732 2.64664e-04
1747831349.075 93.502 0.07413878 2.85345e-04
1747831349.085 93.580 0.07421047 3.06689e-04
1747831349.095 93.658 0.07427938 3.43621e-04
1747831349.105 93.736 0.07434549 3.94289e-04
1747831349.115 93.814 0.07440322 4.09702e-04
1747831349.125 93.892 0.07449261 3.94993e-04
1747831349.135 93.970 0.07455127 3.60814e-04
1747831349.145 94.047 0.07462576 3.34052e-04
1747831349.155 94.125 0.07470863 3.13367e-04
1747831349.165 94.203 0.07477288 2.53959e-04
1747831349.175 94.280 0.07484272 2.23441e-04
1747831349.185 94.358 0.07492465 1.99630e-04
1747831349.195 94.435 0.07498238 1.61183e-04
1747831349.205 94.512 0.07504942 1.36375e-04
1747831349.215 94.590 0.07511554 1.05416e-04
1747831349.225 94.667 0.07519282 7.73948e-05
1747831349.235 94.744 0.07525520 4.86140e-05
1747831349.245 94.821 0.07532039 2.10410e-05
1747831349.255 94.898 0.07536229 1.21716e-05
1747831349.303 94.975 0.07570215 3.80290e-06
1747831349.310 95.052 0.07573660 1.87052e-06
1747831349.316 95.129 0.07579154 1.78722e-06
1747831349.327 95.206 0.07589117 1.67598e-06
1747831349.335 95.283 0.07589117 2.05134e-06
1747831349.345 95.360 0.07594332 1.76147e-06
1747831349.355 95.436 0.07600384 1.65826e-06
1747831349.365 95.513 0.07602246 1.69480e-06
1747831349.375 95.589 0.07608578 1.69854e-06
1747831349.385 95.666 0.07615189 1.84972e-06
1747831349.395 95.742 0.07619565 1.46935e-06
1747831349.405 95.818 0.07624407 1.63815e-06
1747831349.415 95.895 0.07629622 1.76195e-06
1747831349.425 95.971 0.07634649 1.70618e-06
1747831349.435 96.047 0.07640609 1.88953e-06
1747831349.445 96.123 0.07646568 1.99269e-06
1747831349.455 96.199 0.07650200 1.90593e-06
1747831349.465 96.275 0.07653738 1.49700e-06
1747831349.475 96.351 0.07658580 1.95231e-06
1747831349.485 96.427 0.07663235 1.91625e-06
1747831349.495 96.503 0.07665656 1.92468e-06
1747831349.505 96.578 0.07671243 1.87880e-06
1747831349.515 96.654 0.07677109 1.93449e-06
1747831349.525 96.730 0.07680275 1.85355e-06
1747831349.535 96.805 0.07685769 1.79343e-06
1747831349.545 96.881 0.07692659 1.81293e-06
1747831349.555 96.956 0.07698898 1.66506e-06
1747831349.565 97.031 0.07703367 1.30525e-06
1747831349.575 97.107 0.07707930 1.48237e-06
1747831349.585 97.182 0.07713610 1.25591e-06
1747831349.595 97.257 0.07719010 1.30897e-06
1747831349.605 97.332 0.07726460 1.22784e-06
1747831349.615 97.407 0.07732791 1.19829e-06
1747831349.625 97.482 0.07738191 1.06784e-06
1747831349.635 97.557 0.07742847 9.71135e-07
1747831349.645 97.632 0.07751041 9.09900e-07
1747831349.655 97.707 0.07757559 7.04459e-07
1747831349.665 97.782 0.07765008 6.13392e-07
1747831349.675 97.857 0.07772737 5.50918e-07
1747831349.685 97.931 0.07779441 5.27214e-07
1747831349.695 98.006 0.07784469 6.11792e-07
1747831349.705 98.080 0.07788566 5.94903e-07
1747831349.715 98.155 0.07799181 5.90533e-07
1747831349.725 98.229 0.07805327 6.34141e-07
1747831349.735 98.304 0.07810634 6.81624e-07
1747831349.745 98.378 0.07816314 7.57620e-07
1747831349.755 98.452 0.07823670 6.76219e-07
1747831349.765 98.527 0.07830933 7.99913e-07
1747831349.775 98.601 0.07837543 8.24673e-07
1747831349.785 98.675 0.07844806 8.60968e-07
1747831349.795 98.749 0.07851325 9.22091e-07
1747831349.805 98.823 0.07856259 8.26501e-07
1747831349.852 98.897 0.07886242 8.90493e-07
1747831349.859 98.971 0.07890153 9.82103e-07
1747831349.866 99.045 0.07895088 9.09524e-07
1747831349.875 99.118 0.07895088 9.13920e-07
1747831349.885 99.192 0.07900674 1.00920e-06
1747831349.895 99.266 0.07909986 1.10537e-06
1747831349.905 99.339 0.07914456 1.19422e-06
1747831349.915 99.413 0.07917714 1.50597e-06
1747831349.925 99.487 0.07926095 1.86299e-06
1747831349.935 99.560 0.07930471 2.70209e-06
1747831349.945 99.633 0.07933823 3.60349e-06
1747831349.955 99.707 0.07939596 3.94521e-06
1747831349.965 99.780 0.07944624 4.33702e-06
1747831349.975 99.853 0.07948721 4.60209e-06
1747831349.985 99.926 0.07955332 5.07786e-06
1747831349.995 100.000 0.07960174 5.79786e-06
1747831350.005 100.073 0.07962316 6.29723e-06
1747831350.015 100.146 0.07966785 7.29747e-06
1747831350.025 100.219 0.07972465 7.92969e-06
1747831350.035 100.292 0.07975910 8.51948e-06
1747831350.045 100.364 0.07978983 8.90579e-06
1747831350.055 100.437 0.07982708 9.40976e-06
1747831350.065 100.510 0.07988667 9.89834e-06
1747831350.075 100.583 0.07993881 1.02696e-05
1747831350.085 100.655 0.07998351 9.93188e-06
1747831350.095 100.728 0.08002355 1.00386e-05
1747831350.105 100.801 0.08007755 9.94824e-06
1747831350.115 100.873 0.08014273 1.00244e-05
1747831350.125 100.945 0.08016973 1.01058e-05
1747831350.135 101.018 0.08022653 1.04147e-05
1747831350.145 101.090 0.08029264 1.04320e-05
1747831350.155 101.163 0.08035782 9.94727e-06
1747831350.165 101.235 0.08043231 9.85852e-06
1747831350.175 101.307 0.08049470 9.36301e-06
1747831350.185 101.379 0.08055336 8.94189e-06
1747831350.195 101.451 0.08061109 9.01609e-06
1747831350.205 101.523 0.08066975 8.33366e-06
1747831350.215 101.595 0.08072748 8.12972e-06
1747831350.225 101.667 0.08079266 8.07066e-06
1747831350.235 101.739 0.08088577 8.85949e-06
1747831350.245 101.811 0.08093513 8.50711e-06
1747831350.255 101.883 0.08099006 8.52209e-06
1747831350.265 101.954 0.08107480 8.37326e-06
1747831350.275 102.026 0.08114463 7.66634e-06
1747831350.285 102.098 0.08119770 7.21582e-06
1747831350.295 102.169 0.08123682 6.64170e-06
1747831350.305 102.241 0.08128709 6.29464e-06
1747831350.315 102.312 0.08136438 5.33151e-06
1747831350.325 102.384 0.08144166 4.95367e-06
1747831350.335 102.455 0.08151243 4.68297e-06
1747831350.345 102.526 0.08155619 4.14866e-06
1747831350.355 102.598 0.08163348 3.76488e-06
1747831350.405 102.669 0.08191282 7.74286e-07
1747831350.410 102.740 0.08195937 7.34974e-07
1747831350.416 102.811 0.08201059 6.28330e-07
1747831350.425 102.882 0.08201059 7.26652e-07
1747831350.435 102.953 0.08204690 6.36794e-07
1747831350.445 103.024 0.08211859 7.16788e-07
1747831350.455 103.095 0.08221078 6.11937e-07
1747831350.465 103.166 0.08225920 8.01773e-07
1747831350.475 103.237 0.08230762 6.22216e-07
1747831350.485 103.308 0.08233835 5.82589e-07
1747831350.495 103.378 0.08240539 6.18378e-07
1747831350.505 103.449 0.08245288 4.91211e-07
1747831350.515 103.520 0.08250222 5.64455e-07
1747831350.525 103.590 0.08253574 5.92853e-07
1747831350.535 103.661 0.08256461 5.58429e-07
1747831350.545 103.731 0.08259906 5.99707e-07
1747831350.555 103.802 0.08265027 5.06320e-07
1747831350.565 103.872 0.08269869 5.93281e-07
1747831350.575 103.943 0.08272663 5.15026e-07
1747831350.585 104.013 0.08277225 5.48865e-07
1747831350.595 104.083 0.08281695 5.92069e-07
1747831350.605 104.153 0.08285512 5.01188e-07
1747831350.615 104.224 0.08288957 5.98650e-07
1747831350.625 104.294 0.08295476 5.59194e-07
1747831350.635 104.364 0.08299479 5.62678e-07
1747831350.645 104.434 0.08304042 5.68328e-07
1747831350.655 104.504 0.08311584 5.36675e-07
1747831350.665 104.574 0.08313447 6.48961e-07
1747831350.675 104.644 0.08319312 6.44412e-07
1747831350.685 104.713 0.08328065 6.74340e-07
1747831350.695 104.783 0.08332907 6.72417e-07
1747831350.705 104.853 0.08337190 6.32559e-07
1747831350.715 104.923 0.08342125 5.85143e-07
1747831350.725 104.992 0.08349109 6.23943e-07
1747831350.735 105.062 0.08353857 6.80050e-07
1747831350.745 105.131 0.08360283 6.52659e-07
1747831350.755 105.201 0.08368104 5.65822e-07
1747831350.765 105.270 0.08373318 6.77493e-07
1747831350.774 105.340 0.08377229 6.34610e-07
1747831350.784 105.409 0.08383747 5.95333e-07
1747831350.794 105.478 0.08392314 5.29438e-07
1747831350.804 105.548 0.08400601 5.45439e-07
1747831350.814 105.617 0.08405908 6.11954e-07
1747831350.824 105.686 0.08409353 5.57546e-07
1747831350.834 105.755 0.08414475 5.64909e-07
1747831350.844 105.824 0.08422669 5.58206e-07
1747831350.854 105.894 0.08428069 5.85220e-07
1747831350.864 105.963 0.08434215 9.21287e-07
1747831350.874 106.031 0.08439429 4.15737e-06
1747831350.884 106.100 0.08445202 6.41352e-06
1747831350.894 106.169 0.08452092 9.40910e-06
1747831350.904 106.238 0.08457586 1.83998e-05
1747831350.956 106.307 0.08488872 6.21120e-05
1747831350.965 106.376 0.08488872 6.82673e-05
1747831350.975 106.444 0.08494366 8.04505e-05
1747831350.985 106.513 0.08500977 8.74865e-05
1747831350.994 106.582 0.08505074 9.75353e-05
1747831351.004 106.650 0.08511592 1.05987e-04
1747831351.014 106.719 0.08518203 1.18950e-04
1747831351.025 106.787 0.08523417 1.08615e-04
1747831351.035 106.856 0.08526956 1.20473e-04
1747831351.045 106.924 0.08531145 1.25632e-04
1747831351.055 106.992 0.08535988 1.32628e-04
1747831351.065 107.061 0.08540643 1.28523e-04
1747831351.075 107.129 0.08546044 1.29704e-04
1747831351.085 107.197 0.08548185 1.30032e-04
1747831351.095 107.265 0.08552003 1.41327e-04
1747831351.105 107.333 0.08555914 1.40096e-04
1747831351.115 107.402 0.08560569 1.37742e-04
1747831351.125 107.470 0.08564481 1.39854e-04
1747831351.135 107.538 0.08568857 1.36198e-04
1747831351.145 107.606 0.08572581 1.38083e-04
1747831351.155 107.673 0.08575374 1.35218e-04
1747831351.164 107.741 0.08580030 1.32514e-04
1747831351.175 107.809 0.08584406 1.27534e-04
1747831351.185 107.877 0.08588690 1.34415e-04
1747831351.194 107.945 0.08594090 1.31592e-04
1747831351.205 108.012 0.08597443 1.19560e-04
1747831351.215 108.080 0.08600422 1.19957e-04
1747831351.225 108.148 0.08605916 1.11417e-04
1747831351.235 108.215 0.08609640 1.10861e-04
1747831351.245 108.283 0.08613644 1.08549e-04
1747831351.254 108.350 0.08619976 1.02659e-04
1747831351.264 108.418 0.08624725 9.62999e-05
1747831351.274 108.485 0.08630777 9.14513e-05
1747831351.285 108.552 0.08635526 1.02951e-04
1747831351.295 108.620 0.08639530 8.91173e-05
1747831351.305 108.687 0.08647258 8.99017e-05
1747831351.315 108.754 0.08654056 8.44919e-05
1747831351.325 108.822 0.08659735 8.18381e-05
1747831351.335 108.889 0.08667091 8.85159e-05
1747831351.344 108.956 0.08674075 8.14173e-05
1747831351.354 109.023 0.08678358 8.12110e-05
1747831351.364 109.090 0.08683107 1.00951e-04
1747831351.374 109.157 0.08688507 9.23679e-05
1747831351.384 109.224 0.08693442 9.85723e-05
1747831351.394 109.291 0.08703778 9.35988e-05
1747831351.404 109.358 0.08708620 9.26713e-05
1747831351.414 109.424 0.08712531 9.31688e-05
1747831351.424 109.491 0.08720818 8.30225e-05
1747831351.434 109.558 0.08724449 7.83901e-05
1747831351.445 109.625 0.08729478 7.26803e-05
1747831351.454 109.691 0.08736368 7.12684e-05
1747831351.485 109.758 0.08757970 7.30668e-05
1747831351.496 109.825 0.08762347 3.65668e-05
1747831351.505 109.891 0.08762347 4.04520e-05
1747831351.515 109.958 0.08768306 2.53511e-05
1747831351.525 110.024 0.08774731 2.47990e-05
1747831351.535 110.091 0.08778827 1.96874e-05
1747831351.545 110.157 0.08785717 1.53234e-05
1747831351.554 110.223 0.08792794 1.25785e-05
1747831351.564 110.290 0.08796426 1.26911e-05
1747831351.574 110.356 0.08799871 1.06467e-05
1747831351.584 110.422 0.08804806 1.12140e-05
1747831351.595 110.488 0.08807413 1.01978e-05
1747831351.604 110.554 0.08813838 5.37330e-06
1747831351.614 110.620 0.08818773 4.29784e-06
1747831351.624 110.687 0.08823987 4.72552e-06
1747831351.634 110.753 0.08828923 4.46088e-06
1747831351.644 110.819 0.08832833 6.94187e-06
1747831351.654 110.884 0.08835347 5.96303e-06
1747831351.664 110.950 0.08840841 4.57045e-06
1747831351.674 111.016 0.08845497 4.45980e-06
1747831351.684 111.082 0.08848662 3.78907e-06
1747831351.694 111.148 0.08853784 3.43223e-06
1747831351.704 111.214 0.08857322 4.59117e-06
1747831351.714 111.279 0.08860953 2.65284e-06
1747831351.724 111.345 0.08864306 2.37915e-06
1747831351.734 111.411 0.08871848 1.24667e-06
1747831351.744 111.476 0.08876038 1.21720e-06
1747831351.755 111.542 0.08885349 1.35732e-06
1747831351.764 111.607 0.08885349 1.64813e-06
1747831351.776 111.673 0.08897547 1.96279e-06
1747831351.784 111.738 0.08897547 2.50853e-06
1747831351.794 111.804 0.08900713 1.54870e-06
1747831351.804 111.869 0.08907510 1.40695e-06
1747831351.814 111.934 0.08913283 1.12490e-06
1747831351.824 112.000 0.08918498 9.64517e-07
1747831351.834 112.065 0.08922688 8.95003e-07
1747831351.844 112.130 0.08929392 8.62929e-07
1747831351.854 112.195 0.08936655 1.39559e-06
1747831351.864 112.260 0.08940379 1.18864e-06
1747831351.874 112.326 0.08945407 1.08090e-06
1747831351.884 112.391 0.08952484 7.81148e-07
1747831351.894 112.456 0.08959002 8.84647e-07
1747831351.904 112.521 0.08965241 6.93864e-07
1747831351.914 112.586 0.08969617 1.56129e-06
1747831351.924 112.650 0.08976507 1.30673e-06
1747831351.934 112.715 0.08980790 1.38104e-06
1747831351.944 112.780 0.08986005 1.16450e-06
1747831351.954 112.845 0.08991964 1.07384e-06
1747831351.968 112.910 0.09003975 1.08883e-06
1747831351.975 112.974 0.09007980 1.22559e-06
1747831351.984 113.039 0.09007980 1.39793e-06
1747831352.014 113.104 0.09024554 1.33161e-06
1747831352.025 113.168 0.09035541 1.14793e-06
1747831352.034 113.233 0.09035541 1.10588e-06
1747831352.044 113.298 0.09039358 1.26214e-06
1747831352.054 113.362 0.09043363 1.33866e-06
1747831352.064 113.427 0.09049322 1.18864e-06
1747831352.074 113.491 0.09054536 1.23941e-06
1747831352.084 113.555 0.09059285 1.68178e-06
1747831352.094 113.620 0.09062730 1.44199e-06
1747831352.104 113.684 0.09068782 1.32792e-06
1747831352.114 113.748 0.09074276 1.24862e-06
1747831352.124 113.813 0.09079491 1.10270e-06
1747831352.134 113.877 0.09083495 1.08108e-06
1747831352.144 113.941 0.09088150 1.09124e-06
1747831352.154 114.005 0.09092154 1.31499e-06
1747831352.164 114.069 0.09095786 1.14737e-06
1747831352.174 114.133 0.09098672 1.05302e-06
1747831352.184 114.197 0.09105097 1.00731e-06
1747831352.194 114.261 0.09109659 9.52013e-07
1747831352.204 114.325 0.09112546 8.91572e-07
1747831352.214 114.389 0.09118133 1.02815e-06
1747831352.224 114.453 0.09121485 1.00283e-06
1747831352.234 114.517 0.09125768 9.49211e-07
1747831352.244 114.581 0.09130238 9.32913e-07
1747831352.254 114.645 0.09136103 8.48115e-07
1747831352.264 114.708 0.09140480 9.08868e-07
1747831352.274 114.772 0.09142715 8.64519e-07
1747831352.284 114.836 0.09146346 7.83945e-07
1747831352.294 114.899 0.09153237 7.79307e-07
1747831352.304 114.963 0.09157054 7.26216e-07
1747831352.314 115.026 0.09162269 8.30056e-07
1747831352.324 115.090 0.09166086 7.38151e-07
1747831352.334 115.154 0.09174280 7.72839e-07
1747831352.344 115.217 0.09179587 6.92863e-07
1747831352.354 115.280 0.09183871 6.85979e-07
1747831352.364 115.344 0.09185919 7.45060e-07
1747831352.374 115.407 0.09192623 6.90704e-07
1747831352.384 115.470 0.09200538 6.07894e-07
1747831352.394 115.534 0.09207335 5.60010e-07
1747831352.404 115.597 0.09210408 5.00354e-07
1747831352.414 115.660 0.09215530 5.91461e-07
1747831352.424 115.723 0.09220837 5.49174e-07
1747831352.434 115.787 0.09228100 5.83820e-07
1747831352.444 115.850 0.09232848 5.86912e-07
1747831352.454 115.913 0.09238249 5.30117e-07
1747831352.464 115.976 0.09243370 6.48454e-07
1747831352.474 116.039 0.09248771 6.18192e-07
1747831352.484 116.102 0.09254637 6.55975e-07
1747831352.494 116.165 0.09258361 5.96120e-07
1747831352.504 116.228 0.09265252 6.21300e-07
1747831352.514 116.291 0.09272329 6.74925e-07
1747831352.524 116.353 0.09274470 6.99545e-07
1747831352.573 116.416 0.09300262 6.60089e-07
1747831352.580 116.479 0.09307339 6.87177e-07
1747831352.586 116.542 0.09312833 6.78488e-07
1747831352.593 116.604 0.09312833 7.10671e-07
1747831352.603 116.667 0.09317396 6.01990e-07
1747831352.613 116.730 0.09323168 6.40170e-07
1747831352.623 116.792 0.09328383 5.86446e-07
1747831352.633 116.855 0.09332014 5.67123e-07
1747831352.643 116.918 0.09336298 4.92321e-07
1747831352.653 116.980 0.09339370 4.41903e-07
1747831352.663 117.043 0.09344026 4.79674e-07
1747831352.673 117.105 0.09348029 4.10446e-07
1747831352.683 117.167 0.09352779 4.11107e-07
1747831352.693 117.230 0.09358086 3.52781e-07
1747831352.703 117.292 0.09362556 3.01694e-07
1747831352.713 117.354 0.09364325 3.52007e-07
1747831352.723 117.417 0.09366187 3.01081e-07
1747831352.733 117.479 0.09370284 2.75632e-07
1747831352.743 117.541 0.09375405 2.75443e-07
1747831352.753 117.603 0.09381830 2.31414e-07
1747831352.763 117.665 0.09385182 3.67313e-07
1747831352.773 117.728 0.09387789 2.62282e-07
1747831352.783 117.790 0.09390396 2.59878e-07
1747831352.793 117.852 0.09394400 2.46250e-07
1747831352.803 117.914 0.09399708 2.42894e-07
1747831352.813 117.976 0.09403153 2.86692e-07
1747831352.823 118.038 0.09407250 2.26714e-07
1747831352.833 118.100 0.09414141 2.27008e-07
1747831352.843 118.161 0.09420100 2.33896e-07
1747831352.853 118.223 0.09424011 2.45580e-07
1747831352.863 118.285 0.09427549 2.90349e-07
1747831352.873 118.347 0.09432297 1.90703e-07
1747831352.883 118.409 0.09438257 2.01925e-07
1747831352.893 118.470 0.09441609 2.06880e-07
1747831352.903 118.532 0.09446823 1.95433e-07
1747831352.913 118.594 0.09451479 2.39750e-07
1747831352.923 118.655 0.09457996 1.78952e-07
1747831352.933 118.717 0.09463118 1.59432e-07
1747831352.945 118.778 0.09474105 1.79945e-07
1747831352.954 118.840 0.09480624 1.69720e-07
1747831352.963 118.902 0.09480624 1.96647e-07
1747831352.973 118.963 0.09483417 1.61315e-07
1747831352.983 119.024 0.09491890 1.85580e-07
1747831352.993 119.086 0.09496918 1.64014e-07
1747831353.003 119.147 0.09503716 1.69833e-07
1747831353.013 119.209 0.09509116 1.80940e-07
1747831353.023 119.270 0.09511537 1.52441e-07
1747831353.033 119.331 0.09514796 1.80900e-07
1747831353.043 119.392 0.09520755 1.61328e-07
1747831353.053 119.454 0.09527087 1.71709e-07
1747831353.063 119.515 0.09532580 1.85979e-07
1747831353.073 119.576 0.09537795 1.67573e-07
1747831353.125 119.637 0.09567032 2.24311e-07
1747831353.134 119.698 0.09567032 1.80693e-07
1747831353.147 119.759 0.09578671 2.03700e-07
1747831353.156 119.820 0.09582210 1.82569e-07
1747831353.165 119.881 0.09585097 1.95426e-07
1747831353.174 119.942 0.09585097 1.89504e-07
1747831353.183 120.003 0.09590963 2.07348e-07
1747831353.193 120.064 0.09594687 1.92183e-07
1747831353.203 120.125 0.09600088 1.72791e-07
1747831353.213 120.186 0.09605395 2.22793e-07
1747831353.223 120.247 0.09609306 1.75229e-07
1747831353.233 120.307 0.09614427 1.83562e-07
1747831353.243 120.368 0.09614893 1.97955e-07
1747831353.253 120.429 0.09617221 1.64604e-07
1747831353.263 120.489 0.09622622 2.04349e-07
1747831353.273 120.550 0.09624670 1.25479e-07
1747831353.283 120.611 0.09629884 1.73526e-07
1747831353.293 120.671 0.09632677 1.55079e-07
1747831353.303 120.732 0.09637054 1.79842e-07
1747831353.313 120.792 0.09640313 2.04796e-07
1747831353.323 120.853 0.09641989 2.09231e-07
1747831353.333 120.913 0.09644969 2.93193e-07
1747831353.343 120.974 0.09650742 2.23472e-07
1747831353.353 121.034 0.09654093 3.14798e-07
1747831353.363 121.095 0.09658377 4.61541e-07
1747831353.373 121.155 0.09663126 4.68249e-07
1747831353.383 121.215 0.09666944 5.78238e-07
1747831353.393 121.276 0.09668713 6.73759e-07
1747831353.403 121.336 0.09674020 8.61227e-07
1747831353.413 121.396 0.09678769 1.03191e-06
1747831353.423 121.456 0.09682400 1.07265e-06
1747831353.433 121.516 0.09688267 1.26669e-06
1747831353.443 121.577 0.09690780 1.40466e-06
1747831353.453 121.637 0.09697298 1.74493e-06
1747831353.463 121.697 0.09701582 2.04301e-06
1747831353.473 121.757 0.09705772 2.06908e-06
1747831353.483 121.817 0.09714804 2.56197e-06
1747831353.493 121.877 0.09718342 2.77454e-06
1747831353.503 121.937 0.09724301 2.95988e-06
1747831353.513 121.997 0.09730447 3.16082e-06
1747831353.523 122.057 0.09733799 3.17396e-06
1747831353.533 122.117 0.09740317 3.32303e-06
1747831353.543 122.176 0.09745066 3.54141e-06
1747831353.553 122.236 0.09752607 3.64435e-06
1747831353.563 122.296 0.09755774 4.28489e-06
1747831353.573 122.356 0.09762291 4.13725e-06
1747831353.583 122.416 0.09768810 4.53706e-06
1747831353.593 122.475 0.09771882 4.24152e-06
1747831353.603 122.535 0.09779145 4.39763e-06
1747831353.613 122.595 0.09785477 4.24582e-06
1747831353.623 122.654 0.09790970 4.19485e-06
1747831353.633 122.714 0.09794602 4.86606e-06
1747831353.680 122.773 0.09815925 4.54760e-06
1747831353.687 122.833 0.09820766 4.67316e-06
1747831353.694 122.892 0.09826912 4.76988e-06
1747831353.703 122.952 0.09826912 4.74331e-06
1747831353.713 123.011 0.09830264 4.81104e-06
1747831353.723 123.071 0.09833337 4.81105e-06
1747831353.733 123.130 0.09841438 4.92455e-06
1747831353.743 123.189 0.09846559 4.90975e-06
1747831353.753 123.249 0.09848235 4.74135e-06
1747831353.763 123.308 0.09852146 4.79973e-06
1747831353.773 123.367 0.09855126 4.84569e-06
1747831353.783 123.427 0.09860526 4.84483e-06
1747831353.793 123.486 0.09864623 4.72567e-06
1747831353.803 123.545 0.09867324 4.59693e-06
1747831353.813 123.604 0.09871141 4.79477e-06
1747831353.823 123.663 0.09876914 4.35628e-06
1747831353.833 123.722 0.09879708 4.63670e-06
1747831353.843 123.781 0.09880546 4.51558e-06
1747831353.853 123.840 0.09884270 4.41790e-06
1747831353.863 123.900 0.09887902 4.47993e-06
1747831353.873 123.958 0.09890695 4.08675e-06
1747831353.883 124.017 0.09895909 3.97619e-06
1747831353.893 124.076 0.09900099 3.96755e-06
1747831353.903 124.135 0.09904289 3.78276e-06
1747831353.913 124.194 0.09910342 3.72721e-06
1747831353.923 124.253 0.09913787 3.39041e-06
1747831353.933 124.312 0.09914718 3.39267e-06
1747831353.943 124.371 0.09921329 3.17348e-06
1747831353.953 124.429 0.09926171 3.07775e-06
1747831353.963 124.488 0.09926543 3.02728e-06
1747831353.973 124.547 0.09933900 2.81555e-06
1747831353.983 124.606 0.09939486 2.84066e-06
1747831353.993 124.664 0.09940603 2.83269e-06
1747831354.003 124.723 0.09947122 2.69801e-06
1747831354.013 124.781 0.09952894 2.55699e-06
1747831354.023 124.840 0.09958668 2.37531e-06
1747831354.033 124.899 0.09963230 2.30879e-06
1747831354.043 124.957 0.09967607 2.25581e-06
1747831354.053 125.016 0.09972728 2.17470e-06
1747831354.063 125.074 0.09976732 2.18970e-06
1747831354.073 125.132 0.09983063 2.10342e-06
1747831354.083 125.191 0.09990978 2.04748e-06
1747831354.093 125.249 0.09992933 2.01919e-06
1747831354.103 125.308 0.09997403 2.03436e-06
1747831354.113 125.366 0.10001966 1.99733e-06
1747831354.123 125.424 0.10007366 2.04853e-06
1747831354.133 125.482 0.10012208 2.09999e-06
1747831354.143 125.541 0.10019006 2.15873e-06
1747831354.153 125.599 0.10022637 2.27977e-06
1747831354.163 125.657 0.10029341 2.64329e-06
1747831354.173 125.715 0.10034555 2.52599e-06
1747831354.183 125.773 0.10040700 2.67236e-06
1747831354.231 125.832 0.10062209 2.92272e-06
1747831354.237 125.890 0.10066493 2.73184e-06
1747831354.244 125.948 0.10072452 2.84933e-06
1747831354.253 126.006 0.10072452 2.80533e-06
1747831354.263 126.064 0.10076363 2.90301e-06
1747831354.273 126.122 0.10080832 2.87778e-06
1747831354.283 126.180 0.10085208 2.57339e-06
1747831354.292 126.238 0.10091727 2.71791e-06
1747831354.303 126.295 0.10097407 2.49344e-06
1747831354.313 126.353 0.10099548 2.67215e-06
1747831354.322 126.411 0.10103738 2.34189e-06
1747831354.332 126.469 0.10107557 2.37994e-06
1747831354.342 126.527 0.10112491 2.22102e-06
1747831354.352 126.585 0.10114633 2.35975e-06
1747831354.362 126.642 0.10118730 2.09019e-06
1747831354.372 126.700 0.10122920 1.86315e-06
1747831354.382 126.758 0.10125340 1.23906e-06
1747831354.392 126.815 0.10127482 7.25028e-07
1747831354.402 126.873 0.10131394 8.81782e-07
1747831354.412 126.931 0.10132604 8.49285e-07
1747831354.422 126.988 0.10136328 8.38437e-07
1747831354.432 127.046 0.10140798 7.90578e-07
1747831354.442 127.103 0.10146291 7.19789e-07
1747831354.452 127.161 0.10151227 9.07588e-07
1747831354.462 127.218 0.10156348 9.24541e-07
1747831354.472 127.276 0.10158769 6.74888e-07
1747831354.482 127.333 0.10162865 6.18222e-07
1747831354.492 127.390 0.10166217 5.63695e-07
1747831354.502 127.448 0.10169383 5.97984e-07
1747831354.512 127.505 0.10173107 6.16820e-07
1747831354.522 127.562 0.10177950 4.43968e-07
1747831354.532 127.620 0.10183723 4.87024e-07
1747831354.542 127.677 0.10186702 4.29434e-07
1747831354.552 127.734 0.10191544 3.57967e-07
1747831354.562 127.792 0.10196666 4.54372e-07
1747831354.572 127.849 0.10202066 2.95772e-07
1747831354.582 127.906 0.10209050 3.35611e-07
1747831354.592 127.963 0.10213053 2.86157e-07
1747831354.602 128.020 0.10216033 3.41526e-07
1747831354.612 128.077 0.10221062 3.20048e-07
1747831354.622 128.134 0.10226369 2.24961e-07
1747831354.632 128.191 0.10229535 2.65772e-07
1747831354.642 128.248 0.10236145 2.54407e-07
1747831354.652 128.305 0.10243502 2.24204e-07
1747831354.662 128.362 0.10248902 2.78378e-07
1747831354.672 128.419 0.10254210 1.82769e-07
1747831354.682 128.476 0.10257003 2.35631e-07
1747831354.692 128.533 0.10262589 1.85640e-07
1747831354.702 128.590 0.10269387 1.27782e-07
1747831354.712 128.647 0.10273112 1.71003e-07
1747831354.722 128.704 0.10276743 1.35334e-07
1747831354.732 128.760 0.10282609 1.79827e-07
1747831354.781 128.817 0.10305794 2.53109e-07
1747831354.787 128.874 0.10309799 5.20311e-07
1747831354.794 128.931 0.10312406 6.98614e-07
1747831354.803 128.987 0.10312406 8.63234e-07
1747831354.813 129.044 0.10317899 1.20647e-06
1747831354.823 129.101 0.10322089 9.94351e-07
1747831354.832 129.157 0.10326931 1.65927e-06
1747831354.843 129.214 0.10331308 2.57215e-06
1747831354.852 129.270 0.10335684 3.39279e-06
1747831354.863 129.327 0.10338477 4.48339e-06
1747831354.873 129.383 0.10342760 4.95504e-06
1747831354.883 129.440 0.10347137 7.27475e-06
1747831354.893 129.496 0.10350955 9.03005e-06
1747831354.903 129.553 0.10354028 1.11461e-05
1747831354.913 129.609 0.10356262 1.37078e-05
1747831354.922 129.666 0.10361290 1.96001e-05
1747831354.933 129.722 0.10365946 2.09929e-05
1747831354.943 129.778 0.10365946 2.17802e-05
1747831354.953 129.835 0.10369670 2.24650e-05
1747831354.963 129.891 0.10373675 2.68674e-05
1747831354.972 129.947 0.10377399 2.76992e-05
1747831354.983 130.003 0.10381217 3.16381e-05
1747831354.992 130.060 0.10384941 3.23019e-05
1747831355.002 130.116 0.10387548 3.23606e-05
1747831355.012 130.172 0.10390714 3.46145e-05
1747831355.022 130.228 0.10397046 3.62607e-05
1747831355.032 130.284 0.10402633 3.86507e-05
1747831355.042 130.340 0.10405426 4.29153e-05
1747831355.052 130.396 0.10407847 4.49902e-05
1747831355.062 130.452 0.10410826 4.69125e-05
1747831355.072 130.508 0.10415295 5.54387e-05
1747831355.082 130.564 0.10419673 5.16930e-05
1747831355.092 130.620 0.10424142 5.16803e-05
1747831355.102 130.676 0.10432056 5.10016e-05
1747831355.112 130.732 0.10435781 5.14710e-05
1747831355.122 130.788 0.10439970 5.60542e-05
1747831355.132 130.844 0.10445279 5.36057e-05
1747831355.142 130.900 0.10449934 5.47098e-05
1747831355.152 130.956 0.10454403 5.97325e-05
1747831355.162 131.012 0.10460643 6.92591e-05
1747831355.172 131.067 0.10463622 5.40096e-05
1747831355.182 131.123 0.10469116 5.72275e-05
1747831355.192 131.179 0.10474423 5.87603e-05
1747831355.202 131.235 0.10481313 6.00702e-05
1747831355.212 131.290 0.10485969 6.46957e-05
1747831355.222 131.346 0.10490439 6.28053e-05
1747831355.232 131.402 0.10495001 7.21606e-05
1747831355.242 131.457 0.10500774 6.38201e-05
1747831355.252 131.513 0.10504591 6.54507e-05
1747831355.262 131.568 0.10507758 6.70560e-05
1747831355.272 131.624 0.10514462 7.08855e-05
1747831355.282 131.680 0.10517348 7.97682e-05
1747831355.312 131.735 0.10530850 7.45194e-05
1747831355.336 131.791 0.10543978 6.79653e-05
1747831355.343 131.846 0.10549566 7.61908e-05
1747831355.352 131.901 0.10549566 6.99792e-05
1747831355.362 131.957 0.10554128 7.10265e-05
1747831355.372 132.012 0.10557294 6.81644e-05
1747831355.382 132.068 0.10561856 6.86832e-05
1747831355.392 132.123 0.10565860 6.90141e-05
1747831355.402 132.178 0.10569865 7.00692e-05
1747831355.412 132.234 0.10574893 6.27843e-05
1747831355.422 132.289 0.10577500 6.19452e-05
1747831355.432 132.344 0.10580479 5.55671e-05
1747831355.442 132.399 0.10585135 5.62251e-05
1747831355.452 132.454 0.10590535 5.45943e-05
1747831355.462 132.510 0.10592304 5.48979e-05
1747831355.472 132.565 0.10595005 3.86303e-05
1747831355.482 132.620 0.10598637 4.27812e-05
1747831355.492 132.675 0.10599847 3.80416e-05
1747831355.502 132.730 0.10604130 4.59769e-05
1747831355.512 132.785 0.10608599 4.32712e-05
1747831355.522 132.840 0.10612417 4.35989e-05
1747831355.532 132.895 0.10617352 4.23526e-05
1747831355.542 132.950 0.10618842 4.24908e-05
1747831355.552 133.005 0.10621915 3.77499e-05
1747831355.562 133.060 0.10625919 3.43090e-05
1747831355.572 133.115 0.10632157 3.40306e-05
1747831355.582 133.170 0.10636441 3.34625e-05
1747831355.592 133.225 0.10637836 3.42309e-05
1747831355.602 133.280 0.10642958 2.94995e-05
1747831355.612 133.335 0.10646404 2.82646e-05
1747831355.622 133.389 0.10650873 2.72048e-05
1747831355.632 133.444 0.10655063 2.80254e-05
1747831355.642 133.499 0.10658042 3.03677e-05
1747831355.652 133.554 0.10662606 2.99772e-05
1747831355.662 133.608 0.10666144 2.41428e-05
1747831355.672 133.663 0.10671823 2.31796e-05
1747831355.682 133.718 0.10676944 2.23295e-05
1747831355.692 133.773 0.10679551 2.32636e-05
1747831355.702 133.827 0.10684953 2.33037e-05
1747831355.712 133.882 0.10691284 2.00903e-05
1747831355.722 133.936 0.10695567 2.33652e-05
1747831355.732 133.991 0.10701340 2.15327e-05
1747831355.742 134.045 0.10704226 2.04249e-05
1747831355.752 134.100 0.10710559 2.96413e-05
1747831355.762 134.154 0.10715680 2.35939e-05
1747831355.772 134.209 0.10719777 2.47089e-05
1747831355.782 134.263 0.10722756 2.25294e-05
1747831355.792 134.318 0.10728902 2.20307e-05
1747831355.803 134.372 0.10739237 2.15388e-05
1747831355.812 134.427 0.10739237 2.57097e-05
1747831355.822 134.481 0.10742776 3.84713e-05
1747831355.832 134.535 0.10748641 4.10481e-05
1747831355.861 134.590 0.10764005 4.25211e-05
1747831355.872 134.644 0.10769314 2.86228e-05
1747831355.882 134.698 0.10769314 3.15441e-05
1747831355.892 134.753 0.10772759 2.23994e-05
1747831355.902 134.807 0.10776949 2.17912e-05
1747831355.912 134.861 0.10783746 2.24521e-05
1747831355.922 134.915 0.10787377 2.16584e-05
1747831355.932 134.969 0.10792685 2.32129e-05
1747831355.942 135.024 0.10796130 2.40092e-05
1747831355.952 135.078 0.10800692 2.32440e-05
1747831355.962 135.132 0.10802834 2.54673e-05
1747831355.972 135.186 0.10806372 2.51376e-05
1747831355.982 135.240 0.10811679 1.93681e-05
1747831355.992 135.294 0.10816336 1.97528e-05
1747831356.002 135.348 0.10820060 1.84896e-05
1747831356.012 135.402 0.10821550 1.83477e-05
1747831356.022 135.456 0.10826578 1.86187e-05
1747831356.032 135.510 0.10829650 1.98375e-05
1747831356.042 135.564 0.10833095 2.06935e-05
1747831356.052 135.618 0.10835516 1.84007e-05
1747831356.062 135.672 0.10839800 1.54810e-05
1747831356.072 135.726 0.10843804 1.41301e-05
1747831356.081 135.779 0.10848087 1.42577e-05
1747831356.091 135.833 0.10851439 1.34797e-05
1747831356.101 135.887 0.10856932 1.30892e-05
1747831356.111 135.941 0.10862613 8.35490e-06
1747831356.121 135.995 0.10864568 9.75826e-06
1747831356.131 136.048 0.10866710 9.97966e-06
1747831356.141 136.102 0.10868851 1.04232e-05
1747831356.151 136.156 0.10874904 1.01915e-05
1747831356.161 136.209 0.10878255 8.80457e-06
1747831356.171 136.263 0.10883377 9.07788e-06
1747831356.181 136.317 0.10888033 8.12693e-06
1747831356.191 136.370 0.10891292 8.47709e-06
1747831356.201 136.424 0.10895202 8.31163e-06
1747831356.211 136.478 0.10900882 6.75249e-06
1747831356.221 136.531 0.10907587 6.68732e-06
1747831356.231 136.585 0.10911404 6.99893e-06
1747831356.241 136.638 0.10915036 6.79646e-06
1747831356.251 136.692 0.10918853 7.56357e-06
1747831356.261 136.745 0.10922484 6.58336e-06
1747831356.271 136.799 0.10927793 6.28286e-06
1747831356.281 136.852 0.10935055 4.77716e-06
1747831356.291 136.905 0.10939245 4.99985e-06
1747831356.301 136.959 0.10942690 5.54722e-06
1747831356.311 137.012 0.10947626 5.50038e-06
1747831356.321 137.065 0.10951816 5.11993e-06
1747831356.331 137.119 0.10957682 5.19510e-06
1747831356.341 137.172 0.10961406 4.91130e-06
1747831356.351 137.225 0.10966249 4.86224e-06
1747831356.361 137.279 0.10970439 3.97057e-06
1747831356.371 137.332 0.10974908 4.33866e-06
1747831356.418 137.385 0.10993717 3.62646e-06
1747831356.429 137.438 0.11001352 3.53180e-06
1747831356.449 137.491 0.11006566 3.40679e-06
1747831356.456 137.545 0.11011316 3.01281e-06
1747831356.463 137.598 0.11016995 2.89797e-06
1747831356.471 137.651 0.11016995 3.05679e-06
1747831356.481 137.704 0.11019788 3.02756e-06
1747831356.491 137.757 0.11024258 3.05226e-06
1747831356.501 137.810 0.11029006 3.11629e-06
1747831356.511 137.863 0.11033942 3.08088e-06
1747831356.521 137.916 0.11036642 3.06724e-06
1747831356.531 137.969 0.11037480 2.57432e-06
1747831356.541 138.022 0.11042508 2.65576e-06
1747831356.551 138.075 0.11045767 2.69179e-06
1747831356.561 138.128 0.11049584 2.70828e-06
1747831356.571 138.181 0.11053216 2.52481e-06
1747831356.581 138.234 0.11052564 2.51151e-06
1747831356.591 138.287 0.11055264 2.04629e-06
1747831356.601 138.340 0.11060945 1.73605e-06
1747831356.611 138.392 0.11064483 1.81895e-06
1747831356.621 138.445 0.11065693 1.86823e-06
1747831356.631 138.498 0.11068393 2.02858e-06
1747831356.641 138.551 0.11072304 1.66966e-06
1747831356.651 138.604 0.11077240 1.39649e-06
1747831356.661 138.656 0.11078078 1.52132e-06
1747831356.671 138.709 0.11081988 1.86273e-06
1747831356.681 138.762 0.11084037 1.55885e-06
1747831356.691 138.814 0.11089251 1.55604e-06
1747831356.701 138.867 0.11094093 1.79095e-06
1747831356.711 138.920 0.11095769 1.78258e-06
1747831356.721 138.972 0.11100053 1.98340e-06
1747831356.731 139.025 0.11104708 1.67623e-06
1747831356.741 139.077 0.11109829 1.77082e-06
1747831356.751 139.130 0.11115043 1.87384e-06
