1747742108.481 42.744 0.03512332 5.27037e-08
1747742108.487 42.915 0.03510376 -8.82090e-09
1747742108.496 43.085 0.03510376 3.07134e-08
1747742108.506 43.254 0.03508514 1.33405e-08
1747742108.516 43.423 0.03508421 7.55078e-08
1747742108.564 43.591 0.03511494 5.61716e-08
1747742108.571 43.759 0.03510004 -1.66475e-08
1747742108.577 43.925 0.03511587 3.03376e-08
1747742108.586 44.091 0.03511587 5.55472e-08
1747742108.596 44.257 0.03511401 3.23088e-08
1747742108.606 44.422 0.03512239 4.32523e-08
1747742108.616 44.586 0.03513915 8.53459e-08
1747742108.664 44.750 0.03531885 7.41274e-08
1747742108.670 44.913 0.03536914 -1.70052e-08
1747742108.676 45.075 0.03543804 3.13216e-08
1747742108.686 45.237 0.03543804 4.68983e-08
1747742108.696 45.399 0.03552557 3.11400e-08
1747742108.706 45.559 0.03559726 1.62662e-08
1747742108.716 45.719 0.03565779 8.76125e-08
1747742108.726 45.879 0.03574997 1.20943e-08
1747742108.736 46.038 0.03586543 4.36088e-08
1747742108.746 46.197 0.03596972 2.37084e-08
1747742108.756 46.355 0.03605725 -9.11500e-09
1747742108.766 46.512 0.03616712 8.20404e-08
1747742108.776 46.669 0.03626861 1.39507e-08
1747742108.786 46.825 0.03640828 4.79779e-08
1747742108.796 46.981 0.03650978 3.11287e-08
1747742108.806 47.137 0.03660848 2.72095e-08
1747742108.816 47.292 0.03674442 1.38222e-07
1747742108.826 47.446 0.03685430 4.88836e-07
1747742108.836 47.600 0.03694834 8.70019e-07
1747742108.846 47.753 0.03707777 1.93816e-06
1747742108.856 47.906 0.03718112 2.24370e-06
1747742108.866 48.058 0.03732266 2.01348e-06
1747742108.876 48.210 0.03744464 7.55529e-07
1747742108.886 48.362 0.03756010 2.22837e-07
1747742108.896 48.512 0.03768766 7.78635e-08
1747742108.906 48.663 0.03777239 2.99592e-08
1747742108.916 48.813 0.03787854 8.03635e-08
1747742108.926 48.962 0.03802846 7.09380e-09
1747742108.936 49.112 0.03814206 3.84993e-08
1747742108.946 49.260 0.03826217 2.73625e-08
1747742108.956 49.408 0.03837763 2.69259e-08
1747742108.966 49.556 0.03850706 8.37520e-08
1747742108.976 49.703 0.03864301 1.10280e-08
1747742108.986 49.850 0.03876126 4.22836e-08
1747742109.025 49.997 0.03918679 5.79090e-08
1747742109.032 50.143 0.03929294 4.02552e-08
1747742109.080 50.288 0.03990097 6.82624e-08
1747742109.087 50.434 0.04001643 -3.34620e-09
1747742109.096 50.578 0.04001643 3.25329e-08
1747742109.106 50.723 0.04014679 2.34768e-08
1747742109.116 50.867 0.04021848 8.22431e-08
1747742109.126 51.010 0.04030322 2.16340e-09
1747742109.136 51.153 0.04041589 3.95350e-08
1747742109.146 51.296 0.04049131 2.73168e-08
1747742109.156 51.438 0.04061049 3.29783e-08
1747742109.166 51.580 0.04068591 7.86282e-08
1747742109.176 51.722 0.04075389 1.08164e-08
1747742109.185 51.863 0.04083769 3.94295e-08
1747742109.195 52.004 0.04092335 3.36473e-08
1747742109.205 52.144 0.04096246 4.25143e-08
1747742109.216 52.284 0.04102392 8.19189e-08
1747742109.265 52.424 0.04127532 4.36763e-08
1747742109.332 52.563 0.04177814 4.38572e-08
1747742109.380 52.702 0.04224743 6.84414e-08
1747742109.387 52.840 0.04233402 -5.90430e-09
1747742109.395 52.979 0.04233402 3.62949e-08
1747742109.405 53.116 0.04239455 4.27813e-08
1747742109.415 53.254 0.04248300 5.35345e-08
1747742109.463 53.391 0.04274186 7.32426e-08
1747742109.470 53.528 0.04278004 9.68540e-09
1747742109.476 53.664 0.04282007 2.48093e-08
1747742109.485 53.800 0.04282007 4.13155e-08
1747742109.495 53.936 0.04284708 3.22000e-08
1747742109.505 54.071 0.04288339 4.25864e-08
1747742109.515 54.206 0.04291132 4.95991e-08
1747742109.598 54.341 0.04319066 4.29237e-08
1747742109.650 54.475 0.04347559 4.33852e-08
1747742109.699 54.609 0.04382197 3.70111e-08
1747742109.706 54.743 0.04387784 7.55200e-09
1747742109.715 54.877 0.04387784 8.00764e-08
1747742109.763 55.010 0.04412180 7.47251e-08
1747742109.770 55.142 0.04418512 -1.25705e-08
1747742109.777 55.275 0.04419722 2.58940e-08
1747742109.785 55.407 0.04419722 5.27006e-08
1747742109.795 55.539 0.04422702 3.09519e-08
1747742109.805 55.670 0.04426799 3.67228e-08
1747742109.815 55.801 0.04426892 8.13286e-08
1747742109.825 55.932 0.04432199 3.37800e-10
1747742109.835 56.063 0.04432479 4.40352e-08
1747742109.845 56.193 0.04434341 2.52032e-08
1747742109.855 56.323 0.04436855 4.10692e-08
1747742109.865 56.453 0.04438717 8.34453e-08
1747742109.875 56.582 0.04440207 -1.72290e-09
1747742109.885 56.711 0.04443001 4.43446e-08
1747742109.895 56.840 0.04443932 2.88606e-08
1747742109.905 56.968 0.04451008 2.78887e-08
1747742109.915 57.096 0.04453895 6.22694e-08
1747742109.925 57.224 0.04457992 -9.92500e-10
1747742109.935 57.352 0.04463858 3.98436e-08
1747742109.945 57.479 0.04470841 2.43150e-08
1747742109.955 57.606 0.04476149 3.92932e-08
1747742109.965 57.733 0.04484808 8.39766e-08
1747742110.014 57.860 0.04530620 6.18662e-08
1747742110.020 57.986 0.04542073 -1.56437e-08
1747742110.026 58.112 0.04554923 2.44282e-08
1747742110.035 58.237 0.04554923 4.02888e-08
1747742110.083 58.363 0.04618054 4.29536e-08
1747742110.158 58.488 0.04707256 2.52442e-08
1747742110.165 58.613 0.04707256 5.03328e-08
1747742110.215 58.737 0.04736215 4.66218e-08
1747742110.264 58.862 0.04746271 5.45591e-08
1747742110.315 58.986 0.04745061 4.76159e-08
1747742110.365 59.110 0.04742453 4.78422e-08
1747742110.416 59.233 0.04749530 3.94253e-08
1747742110.466 59.356 0.04761262 4.07159e-08
1747742110.475 59.479 0.04761262 -3.60300e-09
1747742110.485 59.602 0.04765173 4.29397e-08
1747742110.495 59.725 0.04768804 2.88620e-08
1747742110.505 59.847 0.04769829 3.09854e-08
1747742110.515 59.969 0.04771691 8.39085e-08
1747742110.563 60.091 0.04788824 7.86503e-08
1747742110.571 60.212 0.04790127 -1.94971e-08
1747742110.577 60.334 0.04795062 3.08498e-08
1747742110.584 60.455 0.04795062 4.44224e-08
1747742110.594 60.576 0.04798694 3.09264e-08
1747742110.604 60.696 0.04800370 5.04407e-08
1747742110.614 60.817 0.04804746 3.48976e-08
1747742110.624 60.937 0.04807726 -2.12113e-08
1747742110.634 61.056 0.04808936 6.04604e-08
1747742110.696 61.176 0.04846461 7.95396e-08
1747742110.705 61.295 0.04846461 1.98391e-08
1747742110.715 61.415 0.04854282 8.11066e-08
1747742110.781 61.534 0.04902701 5.30997e-08
1747742110.788 61.652 0.04912013 -7.12540e-09
1747742110.794 61.771 0.04912013 5.35834e-08
1747742110.804 61.889 0.04919648 5.02186e-08
1747742110.814 62.007 0.04928773 3.21593e-08
1747742110.824 62.125 0.04935757 -1.73883e-08
1747742110.834 62.242 0.04942275 6.59205e-08
1747742110.882 62.360 0.04969929 4.34608e-08
1747742110.933 62.477 0.04985945 4.36068e-08
1747742110.983 62.594 0.05007920 4.51654e-08
1747742111.034 62.710 0.05031012 4.73515e-08
1747742111.101 62.827 0.05051031 4.77048e-08
1747742111.151 62.943 0.05059039 4.25641e-08
1747742111.225 63.059 0.05070958 4.29283e-08
1747742111.235 63.175 0.05069747 4.04199e-08
1747742111.245 63.291 0.05069747 2.68606e-08
1747742111.254 63.406 0.05070585 4.42348e-08
1747742111.265 63.521 0.05072634 6.49540e-08
1747742111.354 63.636 0.05089394 -1.59086e-08
1747742111.361 63.751 0.05093119 3.48951e-08
1747742111.367 63.866 0.05093491 4.85727e-08
1747742111.415 63.980 0.05109879 4.57346e-08
1747742111.424 64.094 0.05109879 5.41900e-10
1747742111.434 64.208 0.05116304 5.89949e-08
1747742111.482 64.322 0.05134833 4.81146e-08
1747742111.533 64.435 0.05152711 5.87708e-08
1747742111.586 64.549 0.05175524 4.92906e-07
1747742111.594 64.662 0.05175524 6.47510e-07
1747742111.604 64.775 0.05182042 9.43812e-07
1747742111.614 64.888 0.05182880 1.44953e-06
1747742111.625 65.000 0.05187908 2.54762e-06
1747742111.634 65.113 0.05187908 3.54131e-06
1747742111.644 65.225 0.05192098 4.96739e-06
1747742111.654 65.337 0.05196661 6.68895e-06
1747742111.664 65.449 0.05197685 8.69574e-06
1747742111.674 65.560 0.05199454 1.11282e-05
1747742111.684 65.672 0.05200385 1.43259e-05
1747742111.694 65.783 0.05204389 1.79132e-05
1747742111.704 65.894 0.05209976 2.27589e-05
1747742111.714 66.005 0.05209976 2.35614e-05
1747742111.724 66.115 0.05215097 2.42258e-05
1747742111.734 66.226 0.05217891 2.53356e-05
1747742111.784 66.336 0.05236048 2.48493e-05
1747742111.791 66.446 0.05240983 2.04843e-05
1747742111.798 66.556 0.05249549 1.89408e-05
1747742111.805 66.666 0.05255136 1.60961e-05
1747742111.814 66.776 0.05255136 1.34048e-05
1747742111.824 66.885 0.05263795 7.55029e-06
1747742111.834 66.994 0.05270220 2.90553e-06
1747742111.844 67.103 0.05278228 9.95013e-07
1747742111.854 67.212 0.05289494 4.60760e-07
1747742111.864 67.321 0.05297782 1.41193e-07
1747742111.874 67.429 0.05305790 3.56305e-08
1747742111.884 67.538 0.05316218 9.54200e-08
1747742111.932 67.646 0.05363334 6.32244e-08
1747742111.982 67.754 0.05405700 6.63792e-08
1747742111.988 67.862 0.05411659 1.41992e-08
1747742111.995 67.969 0.05418271 7.98936e-08
1747742112.004 68.077 0.05418271 5.80147e-08
1747742112.014 68.184 0.05429258 4.14600e-08
1747742112.024 68.291 0.05433913 8.03990e-09
1747742112.034 68.398 0.05441549 7.96801e-08
1747742112.102 68.505 0.05477490 5.30540e-08
1747742112.111 68.612 0.05481122 7.64095e-08
1747742112.118 68.718 0.05486243 5.81063e-08
1747742112.125 68.824 0.05487826 4.07093e-08
1747742112.134 68.930 0.05487826 5.96014e-08
1747742112.182 69.036 0.05503097 7.62579e-08
1747742112.189 69.142 0.05506542 3.44677e-08
1747742112.194 69.248 0.05507380 1.13790e-07
1747742112.204 69.353 0.05507380 9.83272e-08
1747742112.214 69.459 0.05511570 1.17490e-07
1747742112.224 69.564 0.05517436 1.70616e-07
1747742112.233 69.669 0.05519392 3.45410e-07
1747742112.244 69.774 0.05520974 4.28880e-07
1747742112.253 69.878 0.05526096 6.46277e-07
1747742112.264 69.983 0.05530286 1.03939e-06
1747742112.273 70.087 0.05533265 1.66055e-06
1747742112.283 70.192 0.05537456 3.50120e-06
1747742112.312 70.296 0.05550585 5.10060e-06
1747742112.340 70.400 0.05570511 5.32559e-05
1747742112.347 70.503 0.05579916 6.98949e-05
1747742112.354 70.607 0.05586433 8.62065e-05
1747742112.364 70.710 0.05586433 1.02502e-04
1747742112.374 70.814 0.05593324 1.06078e-04
1747742112.384 70.917 0.05597607 1.08899e-04
1747742112.394 71.020 0.05605242 1.04367e-04
1747742112.404 71.123 0.05613436 9.61369e-05
1747742112.414 71.226 0.05623772 7.88904e-05
1747742112.424 71.328 0.05629917 5.81429e-05
1747742112.434 71.431 0.05636342 2.68455e-05
1747742112.444 71.533 0.05645561 7.88169e-06
1747742112.454 71.635 0.05651985 6.20949e-06
1747742112.464 71.737 0.05659248 4.54690e-06
1747742112.474 71.839 0.05669304 3.85371e-06
1747742112.484 71.940 0.05675077 3.66955e-06
1747742112.494 72.042 0.05683271 3.04958e-06
1747742112.504 72.143 0.05691559 2.19120e-06
1747742112.514 72.245 0.05700404 9.26257e-07
1747742112.524 72.346 0.05708877 2.61327e-07
1747742112.534 72.447 0.05717071 2.19470e-07
1747742112.543 72.548 0.05723031 1.43130e-07
1747742112.554 72.648 0.05730293 1.69999e-07
1747742112.564 72.749 0.05738022 1.67704e-07
1747742112.574 72.849 0.05745285 1.28164e-07
1747742112.584 72.950 0.05753572 2.00185e-07
1747742112.593 73.050 0.05758879 1.81527e-07
1747742112.604 73.150 0.05766236 2.03540e-07
1747742112.614 73.250 0.05774429 1.72287e-07
1747742112.624 73.349 0.05782530 9.92098e-08
1747742112.634 73.449 0.05791190 1.73113e-07
1747742112.644 73.548 0.05801246 1.33210e-07
1747742112.654 73.648 0.05806833 1.62145e-07
1747742112.664 73.747 0.05814748 1.35525e-07
1747742112.674 73.846 0.05823500 8.27976e-08
1747742112.684 73.945 0.05830577 1.59930e-07
1747742112.694 74.044 0.05839702 1.42610e-07
1747742112.704 74.142 0.05846220 1.69980e-07
1747742112.714 74.241 0.05855904 1.47532e-07
1747742112.724 74.339 0.05860839 8.94709e-08
1747742112.734 74.438 0.05870616 1.59611e-07
1747742112.744 74.536 0.05878344 1.10505e-07
1747742112.754 74.634 0.05889983 1.24347e-07
1747742112.764 74.732 0.05897619 1.04715e-07
1747742112.774 74.830 0.05905905 6.01347e-08
1747742112.784 74.927 0.05910934 1.69583e-07
1747742112.794 75.025 0.05920245 1.77282e-07
1747742112.803 75.122 0.05928718 2.39587e-07
1747742112.814 75.219 0.05937005 3.30389e-07
1747742112.824 75.316 0.05946317 2.99204e-07
1747742112.833 75.413 0.05956001 3.88175e-07
1747742112.864 75.510 0.05986356 3.54099e-07
1747742112.875 75.607 0.05994456 1.23712e-06
1747742112.885 75.704 0.06001533 3.38054e-06
1747742112.894 75.800 0.06001533 7.20524e-06
1747742112.904 75.897 0.06006840 2.06466e-05
1747742112.913 75.993 0.06016338 5.55003e-05
1747742112.923 76.089 0.06023601 8.92011e-05
1747742112.934 76.185 0.06032819 1.64275e-04
1747742112.944 76.281 0.06038592 2.85375e-04
1747742112.953 76.377 0.06045948 3.62255e-04
1747742112.963 76.472 0.06052746 3.67721e-04
1747742112.974 76.568 0.06059170 3.64322e-04
1747742112.984 76.663 0.06064943 3.44853e-04
1747742112.994 76.759 0.06073882 3.07326e-04
1747742113.004 76.854 0.06083380 2.40825e-04
1747742113.014 76.949 0.06090922 1.50211e-04
1747742113.024 77.044 0.06094739 6.25155e-05
1747742113.033 77.139 0.06100606 1.43006e-05
1747742113.044 77.233 0.06102747 8.98968e-06
1747742113.054 77.328 0.06111035 4.55986e-06
1747742113.063 77.422 0.06120905 1.24614e-06
1747742113.073 77.517 0.06127329 6.41993e-07
1747742113.083 77.611 0.06130402 4.65177e-07
1747742113.093 77.705 0.06136734 3.62130e-07
1747742113.103 77.799 0.06144183 4.42025e-07
1747742113.113 77.893 0.06151353 6.56590e-07
1747742113.123 77.987 0.06159733 1.10701e-06
1747742113.134 78.081 0.06173048 2.69246e-06
1747742113.143 78.174 0.06173048 3.93359e-06
1747742113.153 78.268 0.06179007 6.04222e-06
1747742113.163 78.361 0.06185060 9.24924e-06
1747742113.173 78.454 0.06194464 1.24141e-05
1747742113.183 78.547 0.06203496 1.30781e-05
1747742113.193 78.640 0.06207966 1.30296e-05
1747742113.203 78.733 0.06216625 1.27176e-05
1747742113.213 78.826 0.06222212 1.17421e-05
1747742113.223 78.919 0.06232175 9.90800e-06
1747742113.233 79.011 0.06239904 7.52298e-06
1747742113.243 79.104 0.06246142 3.80835e-06
1747742113.253 79.196 0.06257967 1.26856e-06
1747742113.263 79.289 0.06266068 8.83935e-07
1747742113.273 79.381 0.06272400 6.75123e-07
1747742113.283 79.473 0.06284133 5.94397e-07
1747742113.293 79.565 0.06290557 4.19829e-07
1747742113.303 79.657 0.06295213 3.80560e-07
1747742113.313 79.748 0.06306387 3.14658e-07
1747742113.323 79.840 0.06314301 2.54299e-07
1747742113.333 79.931 0.06321936 3.11048e-07
1747742113.343 80.023 0.06331993 2.44682e-07
1747742113.353 80.114 0.06339628 2.56219e-07
1747742113.363 80.205 0.06345215 2.39753e-07
1747742113.373 80.296 0.06351547 2.26468e-07
1747742113.424 80.387 0.06398662 2.58832e-07
1747742113.433 80.478 0.06398662 9.28803e-07
1747742113.443 80.569 0.06404528 1.33460e-06
1747742113.453 80.660 0.06411884 1.81334e-06
1747742113.463 80.750 0.06418402 1.89110e-06
1747742113.473 80.841 0.06424175 1.88320e-06
1747742113.483 80.931 0.06431717 1.88708e-06
1747742113.493 81.021 0.06439539 1.72498e-06
1747742113.503 81.112 0.06444194 1.57353e-06
1747742113.513 81.202 0.06450247 1.30836e-06
1747742113.523 81.292 0.06456392 8.54332e-07
1747742113.533 81.382 0.06464307 5.54453e-07
1747742113.543 81.471 0.06468124 3.20344e-07
1747742113.553 81.561 0.06472780 3.46279e-07
1747742113.563 81.651 0.06478181 4.06846e-07
1747742113.573 81.740 0.06483861 4.24894e-07
1747742113.583 81.830 0.06487678 5.48039e-07
1747742113.593 81.919 0.06490565 5.04445e-07
1747742113.603 82.008 0.06497083 5.11742e-07
1747742113.613 82.097 0.06501459 5.14105e-07
1747742113.623 82.186 0.06504253 5.39161e-07
1747742113.633 82.275 0.06511422 6.15217e-07
1747742113.643 82.364 0.06514402 5.85366e-07
1747742113.653 82.453 0.06521758 7.15596e-07
1747742113.663 82.541 0.06527252 8.42401e-07
1747742113.673 82.630 0.06530138 1.07309e-06
1747742113.683 82.718 0.06536563 1.48152e-06
1747742113.693 82.806 0.06543546 1.91476e-06
1747742113.703 82.895 0.06549692 2.89904e-06
1747742113.713 82.983 0.06556210 3.84400e-06
1747742113.723 83.071 0.06563845 8.00837e-06
1747742113.733 83.159 0.06569059 1.60543e-05
1747742113.743 83.247 0.06577067 3.04766e-05
1747742113.753 83.335 0.06584796 4.59948e-05
1747742113.763 83.422 0.06592059 7.74990e-05
1747742113.773 83.510 0.06601463 1.26342e-04
1747742113.783 83.597 0.06608726 2.00928e-04
1747742113.793 83.685 0.06617572 2.93998e-04
1747742113.803 83.772 0.06627907 3.48549e-04
1747742113.813 83.859 0.06633121 3.58568e-04
1747742113.823 83.946 0.06642340 3.56892e-04
1747742113.833 84.033 0.06652024 3.37849e-04
1747742113.843 84.120 0.06660404 2.98233e-04
1747742113.853 84.207 0.06666828 2.46797e-04
1747742113.863 84.294 0.06674929 1.56914e-04
1747742113.873 84.381 0.06683496 7.73981e-05
1747742113.883 84.467 0.06690200 2.22894e-05
1747742113.893 84.554 0.06696159 8.12494e-06
1747742113.903 84.640 0.06706495 4.02622e-06
1747742113.913 84.727 0.06714968 1.97329e-06
1747742113.923 84.813 0.06720555 9.38638e-07
1747742113.954 84.899 0.06747372 7.94176e-07
1747742113.978 84.985 0.06761711 8.53457e-07
1747742113.985 85.071 0.06770185 8.28246e-07
1747742113.993 85.157 0.06770185 8.31976e-07
1747742114.003 85.243 0.06776050 8.54175e-07
1747742114.013 85.328 0.06780148 8.39459e-07
1747742114.023 85.414 0.06787131 8.36339e-07
1747742114.033 85.500 0.06793835 9.62415e-07
1747742114.043 85.585 0.06802961 1.01885e-06
1747742114.053 85.670 0.06807057 1.19707e-06
1747742114.063 85.756 0.06813669 1.42461e-06
1747742114.073 85.841 0.06817300 1.60435e-06
1747742114.083 85.926 0.06821024 1.87053e-06
1747742114.093 86.011 0.06828660 1.89291e-06
1747742114.103 86.096 0.06836388 1.93105e-06
1747742114.113 86.181 0.06838530 1.86752e-06
1747742114.123 86.266 0.06842533 1.78154e-06
1747742114.133 86.350 0.06847376 1.77419e-06
1747742114.143 86.435 0.06855011 1.66613e-06
1747742114.153 86.520 0.06860691 1.63586e-06
1747742114.163 86.604 0.06866370 1.62182e-06
1747742114.173 86.688 0.06870468 1.47146e-06
1747742114.183 86.773 0.06878196 1.54581e-06
1747742114.193 86.857 0.06882479 1.64191e-06
1747742114.203 86.941 0.06886204 2.09622e-06
1747742114.212 87.025 0.06890208 3.12632e-06
1747742114.222 87.109 0.06898029 3.74349e-06
1747742114.232 87.193 0.06903523 5.26175e-06
1747742114.242 87.277 0.06908272 7.32314e-06
1747742114.252 87.361 0.06914045 1.02186e-05
1747742114.262 87.444 0.06918421 1.26855e-05
1747742114.272 87.528 0.06926243 1.46665e-05
1747742114.282 87.611 0.06937044 1.51377e-05
1747742114.292 87.695 0.06943841 1.49887e-05
1747742114.302 87.778 0.06951476 1.47133e-05
1747742114.312 87.861 0.06958832 1.38580e-05
1747742114.322 87.944 0.06965443 1.29174e-05
1747742114.332 88.027 0.06972427 1.17501e-05
1747742114.342 88.110 0.06979131 8.83877e-06
1747742114.352 88.193 0.06988349 5.44587e-06
1747742114.362 88.276 0.06995891 2.98371e-06
1747742114.372 88.359 0.07002689 1.86563e-06
1747742114.382 88.442 0.07009858 1.29514e-06
1747742114.392 88.524 0.07016469 1.18134e-06
1747742114.402 88.607 0.07025502 1.30710e-06
1747742114.412 88.689 0.07032299 1.44161e-06
1747742114.422 88.772 0.07040400 1.60773e-06
1747742114.432 88.854 0.07048966 1.92981e-06
1747742114.442 88.936 0.07055950 2.45117e-06
1747742114.452 89.018 0.07063492 2.88608e-06
1747742114.462 89.101 0.07071034 3.16290e-06
1747742114.472 89.183 0.07074945 3.29227e-06
1747742114.528 89.265 0.07113494 2.39713e-06
1747742114.536 89.346 0.07120384 1.40977e-06
1747742114.543 89.428 0.07120384 1.04580e-06
1747742114.552 89.510 0.07124667 7.27497e-07
1747742114.562 89.592 0.07130440 4.36908e-07
1747742114.572 89.673 0.07139472 3.20968e-07
1747742114.582 89.755 0.07144221 2.75763e-07
1747742114.592 89.836 0.07148411 1.48033e-07
1747742114.602 89.917 0.07155488 1.44039e-07
1747742114.612 89.999 0.07163775 1.06396e-07
1747742114.622 90.080 0.07171038 1.15744e-07
1747742114.632 90.161 0.07173924 1.37998e-07
1747742114.642 90.242 0.07176811 4.64613e-08
1747742114.652 90.323 0.07182118 9.43127e-08
1747742114.662 90.404 0.07188916 7.64243e-08
1747742114.672 90.485 0.07190964 1.00301e-07
1747742114.682 90.565 0.07197016 1.36876e-07
1747742114.692 90.646 0.07202324 6.45707e-08
1747742114.702 90.727 0.07203255 1.29214e-07
1747742114.712 90.807 0.07208377 1.45553e-07
1747742114.722 90.888 0.07213498 2.03646e-07
1747742114.732 90.968 0.07215267 2.27005e-07
1747742114.744 91.049 0.07226813 3.03442e-07
1747742114.752 91.129 0.07226813 2.87648e-07
1747742114.762 91.209 0.07232679 3.05202e-07
1747742114.772 91.289 0.07237986 3.92022e-07
1747742114.782 91.369 0.07241804 5.13561e-07
1747742114.792 91.449 0.07246739 4.56978e-07
1747742114.802 91.529 0.07254095 5.25773e-07
1747742114.812 91.609 0.07259682 5.29542e-07
1747742114.822 91.689 0.07264803 5.83558e-07
1747742114.832 91.768 0.07271228 6.89533e-07
1747742114.842 91.848 0.07279981 6.48367e-07
1747742114.852 91.928 0.07287337 8.46948e-07
1747742114.862 92.007 0.07295530 1.06776e-06
1747742114.872 92.086 0.07300745 1.41517e-06
1747742114.882 92.166 0.07303352 1.93872e-06
1747742114.892 92.245 0.07312384 2.93981e-06
1747742114.902 92.324 0.07323278 3.97196e-06
1747742114.912 92.403 0.07329796 5.84644e-06
1747742114.922 92.483 0.07337711 8.73043e-06
1747742114.932 92.562 0.07342646 1.43705e-05
1747742114.942 92.641 0.07347395 2.50123e-05
1747742114.952 92.719 0.07358661 3.30084e-05
1747742114.962 92.798 0.07365086 4.75989e-05
1747742114.972 92.877 0.07371325 7.26696e-05
1747742114.982 92.956 0.07380729 9.15836e-05
1747742114.992 93.034 0.07388272 1.21196e-04
1747742115.002 93.113 0.07394603 1.67089e-04
1747742115.012 93.191 0.07398235 2.77033e-04
1747742115.022 93.270 0.07406987 3.51551e-04
1747742115.032 93.348 0.07413505 4.21052e-04
1747742115.078 93.426 0.07442929 4.71343e-04
1747742115.090 93.505 0.07450099 4.24398e-04
1747742115.110 93.583 0.07464066 3.19246e-04
1747742115.116 93.661 0.07468908 2.80034e-04
1747742115.122 93.739 0.07476450 2.25780e-04
1747742115.132 93.817 0.07476450 1.82626e-04
1747742115.142 93.895 0.07479429 1.13873e-04
1747742115.152 93.972 0.07484737 7.80193e-05
1747742115.162 94.050 0.07491069 5.30623e-05
1747742115.172 94.128 0.07494514 3.85439e-05
1747742115.182 94.206 0.07501870 2.77657e-05
1747742115.192 94.283 0.07506898 1.92339e-05
1747742115.202 94.361 0.07511460 1.27119e-05
1747742115.212 94.438 0.07518351 9.35891e-06
1747742115.222 94.516 0.07521051 7.22764e-06
1747742115.232 94.593 0.07524124 5.71877e-06
1747742115.242 94.670 0.07528500 4.77257e-06
1747742115.252 94.747 0.07531294 4.13789e-06
1747742115.262 94.824 0.07534832 3.60594e-06
1747742115.272 94.901 0.07539580 3.16110e-06
1747742115.282 94.978 0.07546192 2.85052e-06
1747742115.292 95.055 0.07549637 2.37525e-06
1747742115.302 95.132 0.07552896 2.06040e-06
1747742115.312 95.209 0.07558483 1.76952e-06
1747742115.322 95.286 0.07562487 1.66232e-06
1747742115.332 95.363 0.07569563 1.55027e-06
1747742115.342 95.439 0.07574778 1.29199e-06
1747742115.352 95.516 0.07577571 1.22395e-06
1747742115.362 95.592 0.07583624 1.10818e-06
1747742115.372 95.669 0.07589676 1.04937e-06
1747742115.382 95.745 0.07595915 1.01851e-06
1747742115.392 95.821 0.07603270 8.73963e-07
1747742115.402 95.898 0.07608764 8.78034e-07
1747742115.412 95.974 0.07616213 8.58225e-07
1747742115.422 96.050 0.07621521 8.85620e-07
1747742115.432 96.126 0.07627666 9.40530e-07
1747742115.442 96.202 0.07635953 9.07873e-07
1747742115.452 96.278 0.07641447 1.04211e-06
1747742115.462 96.354 0.07648337 1.05218e-06
1747742115.472 96.430 0.07656624 1.06661e-06
1747742115.482 96.506 0.07662491 1.03201e-06
1747742115.492 96.581 0.07670498 9.36622e-07
1747742115.502 96.657 0.07677109 9.20857e-07
1747742115.512 96.733 0.07685583 8.35657e-07
1747742115.522 96.808 0.07691635 8.13424e-07
1747742115.532 96.884 0.07697129 8.00455e-07
1747742115.542 96.959 0.07703646 6.49177e-07
1747742115.552 97.035 0.07709327 6.30313e-07
1747742115.562 97.110 0.07715845 5.05423e-07
1747742115.572 97.185 0.07722269 4.18614e-07
1747742115.582 97.260 0.07731860 3.98842e-07
1747742115.634 97.335 0.07767988 3.64143e-07
1747742115.642 97.410 0.07767988 3.28204e-07
1747742115.652 97.486 0.07774227 3.50450e-07
1747742115.662 97.560 0.07775344 3.36616e-07
1747742115.672 97.635 0.07782700 3.76073e-07
1747742115.682 97.710 0.07792197 4.28464e-07
1747742115.692 97.785 0.07795270 3.90039e-07
1747742115.702 97.860 0.07799553 4.79791e-07
1747742115.712 97.934 0.07802533 5.01369e-07
1747742115.722 98.009 0.07808306 5.71173e-07
1747742115.732 98.084 0.07814824 6.40095e-07
1747742115.742 98.158 0.07820690 5.95322e-07
1747742115.752 98.233 0.07826277 7.17274e-07
1747742115.762 98.307 0.07830188 7.35925e-07
1747742115.772 98.381 0.07833912 8.04031e-07
1747742115.782 98.456 0.07836892 8.89664e-07
1747742115.792 98.530 0.07838754 8.50399e-07
1747742115.801 98.604 0.07842479 9.29254e-07
1747742115.811 98.678 0.07849090 9.23772e-07
1747742115.821 98.752 0.07853001 9.72890e-07
1747742115.831 98.826 0.07855980 1.03785e-06
1747742115.841 98.900 0.07861660 9.72870e-07
1747742115.851 98.974 0.07866316 1.06412e-06
1747742115.861 99.048 0.07868364 1.07099e-06
1747742115.871 99.122 0.07876465 1.10920e-06
1747742115.881 99.195 0.07881121 1.14151e-06
1747742115.891 99.269 0.07885777 1.04020e-06
1747742115.901 99.343 0.07888197 1.06059e-06
1747742115.911 99.416 0.07895647 9.97388e-07
1747742115.921 99.490 0.07901047 9.73220e-07
1747742115.931 99.563 0.07906075 9.81672e-07
1747742115.941 99.637 0.07912221 9.00442e-07
1747742115.951 99.710 0.07919763 9.92802e-07
1747742115.961 99.783 0.07927585 1.04497e-06
1747742115.971 99.856 0.07931588 1.21102e-06
1747742115.981 99.930 0.07935592 1.52003e-06
1747742115.991 100.003 0.07943414 1.93268e-06
1747742116.001 100.076 0.07950584 2.81151e-06
1747742116.011 100.149 0.07958032 3.20071e-06
1747742116.021 100.222 0.07965388 3.80200e-06
1747742116.031 100.295 0.07969579 4.53783e-06
1747742116.041 100.368 0.07975352 5.38920e-06
1747742116.051 100.440 0.07985315 6.62419e-06
1747742116.061 100.513 0.07991925 8.03975e-06
1747742116.071 100.586 0.07998071 9.33691e-06
1747742116.081 100.659 0.08003658 1.03755e-05
1747742116.091 100.731 0.08009897 1.11865e-05
1747742116.101 100.804 0.08017160 1.20444e-05
1747742116.111 100.876 0.08024050 1.27531e-05
1747742116.121 100.949 0.08030568 1.36917e-05
1747742116.131 101.021 0.08039134 1.48184e-05
1747742116.141 101.093 0.08042486 1.50969e-05
1747742116.186 101.166 0.08070514 1.28195e-05
1747742116.193 101.238 0.08078987 1.08345e-05
1747742116.201 101.310 0.08078987 1.02952e-05
1747742116.211 101.382 0.08083736 9.46529e-06
1747742116.221 101.454 0.08088019 8.55797e-06
1747742116.231 101.526 0.08093420 7.63459e-06
1747742116.241 101.598 0.08099658 6.46244e-06
1747742116.251 101.670 0.08099937 5.48100e-06
1747742116.261 101.742 0.08105431 3.88356e-06
1747742116.271 101.814 0.08113998 2.77553e-06
1747742116.281 101.886 0.08116977 2.15106e-06
1747742116.291 101.958 0.08123215 1.70828e-06
1747742116.301 102.029 0.08130292 1.49505e-06
1747742116.311 102.101 0.08134948 1.27293e-06
1747742116.321 102.172 0.08139324 1.12356e-06
1747742116.331 102.244 0.08140349 1.00504e-06
1747742116.341 102.315 0.08143049 7.96934e-07
1747742116.351 102.387 0.08150684 7.64842e-07
1747742116.361 102.458 0.08156736 6.51759e-07
1747742116.371 102.530 0.08157389 5.74248e-07
1747742116.381 102.601 0.08161858 5.17105e-07
1747742116.391 102.672 0.08165489 3.92953e-07
1747742116.401 102.743 0.08171542 4.07365e-07
1747742116.411 102.814 0.08176756 3.14234e-07
1747742116.421 102.885 0.08185509 2.88177e-07
1747742116.431 102.957 0.08188395 2.53200e-07
1747742116.441 103.027 0.08188954 1.62011e-07
1747742116.451 103.098 0.08195286 2.13340e-07
1747742116.461 103.169 0.08200779 1.70919e-07
1747742116.486 103.240 0.08216795 1.54880e-07
1747742116.492 103.311 0.08223685 1.91394e-07
1747742116.501 103.382 0.08223685 2.12922e-07
1747742116.511 103.452 0.08227875 1.98026e-07
1747742116.521 103.523 0.08235045 1.65689e-07
1747742116.531 103.594 0.08241749 2.46964e-07
1747742116.541 103.664 0.08247522 1.93431e-07
1747742116.551 103.735 0.08254412 2.91936e-07
1747742116.561 103.805 0.08259720 2.89871e-07
1747742116.571 103.876 0.08266889 3.53006e-07
1747742116.581 103.946 0.08273221 3.57252e-07
1747742116.591 104.016 0.08281881 2.99216e-07
1747742116.601 104.086 0.08287747 3.70614e-07
1747742116.611 104.157 0.08294638 3.47504e-07
1747742116.621 104.227 0.08296407 3.67159e-07
1747742116.631 104.297 0.08301528 3.60976e-07
1747742116.641 104.367 0.08307208 2.98743e-07
1747742116.651 104.437 0.08312702 3.76298e-07
1747742116.661 104.507 0.08319312 3.78905e-07
1747742116.671 104.577 0.08326110 4.28592e-07
1747742116.681 104.647 0.08331790 4.50449e-07
1747742116.691 104.717 0.08335142 4.17004e-07
1747742116.737 104.786 0.08362052 4.67022e-07
1747742116.744 104.856 0.08370059 5.14109e-07
1747742116.751 104.926 0.08370059 5.19425e-07
1747742116.761 104.996 0.08374622 4.71853e-07
1747742116.771 105.065 0.08377974 4.85426e-07
1747742116.781 105.135 0.08383468 4.45856e-07
1747742116.791 105.204 0.08390265 3.70170e-07
1747742116.801 105.274 0.08394176 4.23844e-07
1747742116.811 105.343 0.08398366 3.91576e-07
1747742116.821 105.413 0.08405908 3.99602e-07
1747742116.831 105.482 0.08408236 3.97262e-07
1747742116.841 105.551 0.08413450 2.97916e-07
1747742116.851 105.620 0.08417920 3.63135e-07
1747742116.861 105.690 0.08419968 3.30026e-07
1747742116.871 105.759 0.08425276 3.40791e-07
1747742116.881 105.828 0.08432539 3.26494e-07
1747742116.891 105.897 0.08433377 2.72667e-07
1747742116.901 105.966 0.08438405 3.63354e-07
1747742116.911 106.035 0.08443712 4.28907e-07
1747742116.921 106.104 0.08448182 7.03717e-07
1747742116.931 106.173 0.08452837 1.17607e-06
1747742116.941 106.242 0.08457307 2.01969e-06
1747742116.951 106.310 0.08462521 4.10745e-06
1747742116.961 106.379 0.08464756 5.95050e-06
1747742116.971 106.448 0.08469691 1.03948e-05
1747742116.981 106.516 0.08475277 1.74770e-05
1747742116.991 106.585 0.08481330 2.94553e-05
1747742117.001 106.654 0.08485520 3.62279e-05
1747742117.011 106.722 0.08491014 4.37970e-05
1747742117.021 106.791 0.08495949 5.14016e-05
1747742117.031 106.859 0.08501256 6.03531e-05
1747742117.041 106.927 0.08508798 6.97778e-05
1747742117.051 106.996 0.08513733 8.27634e-05
1747742117.061 107.064 0.08520717 9.73418e-05
1747742117.071 107.132 0.08524442 1.15657e-04
1747742117.081 107.201 0.08530680 1.35465e-04
1747742117.091 107.269 0.08535801 1.59453e-04
1747742117.101 107.337 0.08542320 1.88033e-04
1747742117.111 107.405 0.08546603 2.06947e-04
1747742117.121 107.473 0.08551444 2.26645e-04
1747742117.131 107.541 0.08558707 2.32419e-04
1747742117.141 107.609 0.08567926 2.40441e-04
1747742117.151 107.677 0.08574629 2.49627e-04
1747742117.161 107.745 0.08579565 2.56464e-04
1747742117.171 107.813 0.08581986 2.64257e-04
1747742117.181 107.880 0.08588224 2.66268e-04
1747742117.191 107.948 0.08594835 2.70073e-04
1747742117.201 108.016 0.08602377 2.74541e-04
1747742117.211 108.083 0.08605450 2.77496e-04
1747742117.221 108.151 0.08611223 2.78469e-04
1747742117.231 108.219 0.08617555 2.67110e-04
1747742117.241 108.286 0.08623607 2.51568e-04
1747742117.290 108.354 0.08651541 1.98846e-04
1747742117.299 108.421 0.08656756 1.66659e-04
1747742117.305 108.489 0.08660759 1.59034e-04
1747742117.311 108.556 0.08660759 1.51340e-04
1747742117.321 108.623 0.08665322 1.44645e-04
1747742117.331 108.691 0.08669698 1.30664e-04
1747742117.341 108.758 0.08676589 1.15161e-04
1747742117.351 108.825 0.08683107 7.44422e-05
1747742117.361 108.892 0.08689811 6.24961e-05
1747742117.371 108.959 0.08694932 5.29413e-05
1747742117.381 109.026 0.08699029 4.37596e-05
1747742117.391 109.093 0.08701078 3.44458e-05
1747742117.401 109.160 0.08705268 2.74713e-05
1747742117.411 109.227 0.08708526 2.26243e-05
1747742117.421 109.294 0.08713834 1.94182e-05
1747742117.431 109.361 0.08718024 1.64081e-05
1747742117.441 109.428 0.08721749 1.43532e-05
1747742117.451 109.495 0.08726032 1.28532e-05
1747742117.461 109.561 0.08731991 1.11301e-05
1747742117.471 109.628 0.08737857 9.83712e-06
1747742117.481 109.695 0.08738323 8.59569e-06
1747742117.491 109.761 0.08743910 7.45246e-06
1747742117.501 109.828 0.08748565 6.81624e-06
1747742117.511 109.895 0.08751824 5.73298e-06
1747742117.521 109.961 0.08759087 5.14685e-06
1747742117.531 110.028 0.08762719 4.50983e-06
1747742117.541 110.094 0.08764674 3.82743e-06
1747742117.551 110.160 0.08765978 3.44375e-06
1747742117.561 110.227 0.08772216 2.72875e-06
1747742117.571 110.293 0.08779293 2.46861e-06
1747742117.581 110.359 0.08787301 1.96795e-06
1747742117.590 110.426 0.08792794 1.52249e-06
1747742117.600 110.492 0.08795961 1.30802e-06
1747742117.610 110.558 0.08799964 1.03223e-06
1747742117.620 110.624 0.08804899 9.04801e-07
1747742117.630 110.690 0.08812255 7.21539e-07
1747742117.640 110.756 0.08817376 6.05700e-07
1747742117.650 110.822 0.08820915 6.13080e-07
1747742117.660 110.888 0.08829108 4.78588e-07
1747742117.670 110.954 0.08835906 4.63172e-07
1747742117.680 111.020 0.08839816 3.99749e-07
1747742117.690 111.086 0.08847452 3.30907e-07
1747742117.700 111.151 0.08853318 4.00102e-07
1747742117.710 111.217 0.08859277 3.35926e-07
1747742117.720 111.283 0.08862537 3.21632e-07
1747742117.730 111.349 0.08869799 3.05451e-07
1747742117.740 111.414 0.08877062 2.37321e-07
1747742117.750 111.480 0.08883114 3.28537e-07
1747742117.760 111.545 0.08889167 2.80696e-07
1747742117.770 111.611 0.08893915 3.03031e-07
1747742117.780 111.676 0.08898664 2.78380e-07
1747742117.790 111.742 0.08906486 2.21056e-07
1747742117.821 111.807 0.08925108 3.04701e-07
1747742117.845 111.873 0.08935630 2.95424e-07
1747742117.851 111.938 0.08940938 2.42006e-07
1747742117.861 112.003 0.08940938 2.31201e-07
1747742117.870 112.068 0.08947363 2.55902e-07
1747742117.880 112.134 0.08951646 2.43293e-07
1747742117.890 112.199 0.08956674 1.96020e-07
1747742117.900 112.264 0.08960678 2.68865e-07
1747742117.910 112.329 0.08964309 2.23128e-07
1747742117.920 112.394 0.08968872 2.55511e-07
1747742117.930 112.459 0.08975204 2.39678e-07
1747742117.940 112.524 0.08979394 1.91780e-07
1747742117.950 112.589 0.08983677 3.02686e-07
1747742117.960 112.654 0.08985074 2.73127e-07
1747742117.970 112.719 0.08990288 3.16059e-07
1747742117.980 112.784 0.08997272 3.14128e-07
1747742117.990 112.849 0.09001368 2.82591e-07
1747742118.000 112.913 0.09005838 3.83204e-07
1747742118.010 112.978 0.09006769 3.50746e-07
1747742118.020 113.043 0.09012263 3.97845e-07
1747742118.030 113.107 0.09015335 4.02701e-07
1747742118.040 113.172 0.09021295 3.88919e-07
1747742118.050 113.237 0.09026881 5.15234e-07
1747742118.060 113.301 0.09029116 5.04366e-07
1747742118.070 113.366 0.09034237 5.98164e-07
1747742118.080 113.430 0.09036658 6.25218e-07
1747742118.090 113.495 0.09040849 6.24266e-07
1747742118.120 113.559 0.09061799 7.08994e-07
1747742118.130 113.623 0.09061799 7.75202e-07
1747742118.140 113.688 0.09066362 7.38072e-07
1747742118.150 113.752 0.09071203 8.57568e-07
1747742118.160 113.816 0.09077163 8.27399e-07
1747742118.170 113.880 0.09081539 8.73927e-07
1747742118.180 113.945 0.09087964 8.71652e-07
1747742118.190 114.009 0.09093551 8.38383e-07
1747742118.200 114.073 0.09099510 9.16583e-07
1747742118.210 114.137 0.09105190 8.74859e-07
1747742118.220 114.201 0.09109473 8.77725e-07
1747742118.230 114.265 0.09114501 8.49952e-07
1747742118.240 114.329 0.09118785 7.58361e-07
1747742118.250 114.393 0.09124930 8.10287e-07
1747742118.260 114.457 0.09129027 7.40338e-07
1747742118.270 114.521 0.09133217 7.56510e-07
1747742118.280 114.584 0.09139270 7.36012e-07
1747742118.290 114.648 0.09141504 6.86951e-07
1747742118.300 114.712 0.09146346 7.44443e-07
1747742118.310 114.776 0.09154168 7.08864e-07
1747742118.320 114.839 0.09157985 7.27084e-07
1747742118.330 114.903 0.09161989 6.97692e-07
1747742118.340 114.967 0.09166179 6.39503e-07
1747742118.369 115.030 0.09182009 7.09761e-07
1747742118.380 115.094 0.09187595 6.43028e-07
1747742118.386 115.157 0.09190295 5.61962e-07
1747742118.393 115.221 0.09193927 5.84087e-07
1747742118.400 115.284 0.09193927 5.83292e-07
1747742118.410 115.347 0.09197652 5.59082e-07
1747742118.420 115.411 0.09202493 5.63683e-07
1747742118.430 115.474 0.09208453 5.15618e-07
1747742118.440 115.537 0.09214785 4.51887e-07
1747742118.450 115.601 0.09219254 5.16145e-07
1747742118.460 115.664 0.09223630 4.37005e-07
1747742118.470 115.727 0.09228752 4.38387e-07
1747742118.480 115.790 0.09234152 3.80342e-07
1747742118.490 115.853 0.09239553 3.08865e-07
1747742118.500 115.916 0.09242625 3.53501e-07
1747742118.510 115.980 0.09246443 2.77416e-07
1747742118.520 116.043 0.09253427 2.73381e-07
1747742118.530 116.106 0.09257710 2.22534e-07
1747742118.540 116.169 0.09260596 1.58442e-07
1747742118.550 116.231 0.09264507 2.32034e-07
1747742118.560 116.294 0.09269256 1.67898e-07
1747742118.570 116.357 0.09275867 1.89122e-07
1747742118.580 116.420 0.09280243 1.62448e-07
1747742118.590 116.483 0.09283689 1.49389e-07
1747742118.600 116.545 0.09290299 1.87056e-07
1747742118.610 116.608 0.09298400 1.55888e-07
1747742118.620 116.671 0.09299704 1.86508e-07
1747742118.630 116.734 0.09305198 1.66019e-07
1747742118.640 116.796 0.09308270 1.53165e-07
1747742118.650 116.859 0.09316558 1.94096e-07
1747742118.660 116.921 0.09322423 1.77955e-07
1747742118.670 116.984 0.09324286 2.00699e-07
1747742118.680 117.046 0.09332387 1.81807e-07
1747742118.690 117.109 0.09337043 1.74508e-07
1747742118.700 117.171 0.09341419 2.04661e-07
1747742118.710 117.233 0.09347937 1.92300e-07
1747742118.720 117.296 0.09351382 2.01961e-07
1747742118.732 117.358 0.09362276 2.20835e-07
1747742118.740 117.420 0.09365535 1.97814e-07
1747742118.750 117.483 0.09365535 2.06629e-07
1747742118.760 117.545 0.09372332 1.92489e-07
1747742118.770 117.607 0.09378105 2.04650e-07
1747742118.782 117.669 0.09389093 2.09246e-07
1747742118.790 117.731 0.09394028 1.82963e-07
1747742118.800 117.793 0.09394028 1.83443e-07
1747742118.810 117.855 0.09397287 1.65337e-07
1747742118.820 117.917 0.09402408 1.84452e-07
1747742118.830 117.979 0.09406319 1.58535e-07
1747742118.840 118.041 0.09410974 1.47559e-07
1747742118.850 118.103 0.09417120 2.07762e-07
1747742118.860 118.165 0.09420006 1.42903e-07
1747742118.870 118.227 0.09427642 1.65309e-07
1747742118.880 118.289 0.09435277 1.45841e-07
1747742118.929 118.351 0.09459766 1.49003e-07
1747742118.935 118.412 0.09466563 1.55607e-07
1747742118.941 118.474 0.09470381 1.44533e-07
1747742118.950 118.536 0.09470381 1.77418e-07
1747742118.960 118.597 0.09472988 1.37436e-07
1747742118.970 118.659 0.09477644 1.64398e-07
1747742118.980 118.721 0.09481834 1.41094e-07
1747742118.990 118.782 0.09489190 1.47979e-07
1747742119.000 118.844 0.09494683 1.95638e-07
1747742119.010 118.905 0.09495708 1.29572e-07
1747742119.020 118.967 0.09502319 1.53382e-07
1747742119.030 119.028 0.09503809 1.34270e-07
1747742119.040 119.090 0.09508092 1.26440e-07
1747742119.050 119.151 0.09512933 1.91742e-07
1747742119.060 119.212 0.09515820 1.15865e-07
1747742119.070 119.274 0.09518334 1.44453e-07
1747742119.080 119.335 0.09524108 1.23949e-07
1747742119.090 119.396 0.09530439 1.35244e-07
1747742119.100 119.457 0.09534536 1.81877e-07
1747742119.110 119.519 0.09538074 1.02277e-07
1747742119.120 119.580 0.09538912 1.33049e-07
1747742119.130 119.641 0.09540030 1.13875e-07
1747742119.140 119.702 0.09545989 1.11607e-07
1747742119.150 119.763 0.09550831 1.73604e-07
1747742119.160 119.824 0.09555859 1.02895e-07
1747742119.170 119.885 0.09558001 1.27378e-07
1747742119.180 119.946 0.09562749 1.09116e-07
1747742119.190 120.007 0.09566287 1.13256e-07
1747742119.200 120.068 0.09573923 1.69447e-07
1747742119.210 120.129 0.09579509 9.85712e-08
1747742119.220 120.190 0.09583327 1.20177e-07
1747742119.230 120.250 0.09590311 1.04325e-07
1747742119.240 120.311 0.09596084 1.10472e-07
1747742119.250 120.372 0.09597667 1.69539e-07
1747742119.260 120.433 0.09602602 9.54822e-08
1747742119.270 120.493 0.09608096 1.18300e-07
1747742119.280 120.554 0.09613589 1.03982e-07
1747742119.290 120.615 0.09618152 1.13307e-07
1747742119.300 120.675 0.09623366 1.65551e-07
1747742119.310 120.736 0.09630256 8.59602e-08
1747742119.320 120.796 0.09634633 1.14693e-07
1747742119.330 120.857 0.09640965 9.97967e-08
1747742119.339 120.917 0.09644503 1.07160e-07
1747742119.349 120.978 0.09651486 1.61793e-07
1747742119.359 121.038 0.09657632 8.69442e-08
1747742119.369 121.099 0.09661822 1.25827e-07
1747742119.379 121.159 0.09668899 1.44223e-07
1747742119.389 121.219 0.09671971 2.15896e-07
1747742119.399 121.279 0.09675044 3.75644e-07
1747742119.409 121.340 0.09680072 4.50476e-07
1747742119.419 121.400 0.09685938 6.28901e-07
1747742119.429 121.460 0.09690967 8.27530e-07
1747742119.459 121.520 0.09705120 1.07361e-06
1747742119.486 121.581 0.09719645 2.58081e-06
1747742119.493 121.641 0.09724581 2.84069e-06
1747742119.499 121.701 0.09724581 3.15781e-06
1747742119.509 121.761 0.09728026 3.37110e-06
1747742119.519 121.821 0.09735196 3.78306e-06
1747742119.529 121.881 0.09742179 4.15562e-06
1747742119.539 121.941 0.09748231 4.50716e-06
1747742119.549 122.001 0.09750000 4.94939e-06
1747742119.559 122.061 0.09751583 5.20080e-06
1747742119.569 122.120 0.09757357 5.60192e-06
1747742119.579 122.180 0.09760802 5.85075e-06
1747742119.589 122.240 0.09764154 6.11758e-06
1747742119.599 122.300 0.09769461 6.39269e-06
1747742119.609 122.360 0.09775048 6.52576e-06
1747742119.619 122.419 0.09776817 6.69640e-06
1747742119.629 122.479 0.09780169 6.77679e-06
1747742119.639 122.539 0.09783707 6.88816e-06
1747742119.649 122.598 0.09788922 6.97732e-06
1747742119.659 122.658 0.09792926 7.02607e-06
1747742119.669 122.718 0.09795440 7.15899e-06
1747742119.679 122.777 0.09799537 7.22940e-06
1747742119.689 122.837 0.09802051 7.27558e-06
1747742119.699 122.896 0.09804751 7.29691e-06
1747742119.709 122.956 0.09807638 7.27094e-06
1747742119.719 123.015 0.09812200 7.36498e-06
1747742119.729 123.075 0.09814249 7.17723e-06
1747742119.739 123.134 0.09822629 7.06254e-06
1747742119.749 123.193 0.09825795 7.14592e-06
1747742119.759 123.253 0.09831754 6.97458e-06
1747742119.769 123.312 0.09832872 6.87533e-06
1747742119.779 123.371 0.09836130 6.76948e-06
1747742119.789 123.431 0.09843580 6.56868e-06
1747742119.799 123.490 0.09849725 6.47050e-06
1747742119.809 123.549 0.09855033 6.23579e-06
1747742119.819 123.608 0.09859409 6.09475e-06
1747742119.829 123.667 0.09866113 6.09486e-06
1747742119.839 123.726 0.09869186 5.93743e-06
1747742119.849 123.785 0.09874679 5.85084e-06
1747742119.859 123.844 0.09879335 5.64570e-06
1747742119.869 123.903 0.09884549 5.48885e-06
1747742119.879 123.962 0.09888181 5.50927e-06
1747742119.889 124.021 0.09897586 5.38031e-06
1747742119.899 124.080 0.09903545 5.32978e-06
1747742119.909 124.139 0.09906896 5.25441e-06
1747742119.919 124.198 0.09911739 5.23159e-06
1747742119.929 124.257 0.09918442 5.15287e-06
1747742119.939 124.316 0.09920864 5.21071e-06
1747742119.949 124.375 0.09927381 5.30140e-06
1747742119.959 124.433 0.09932037 5.26717e-06
1747742119.969 124.492 0.09937158 5.30623e-06
1747742119.979 124.551 0.09943211 5.36921e-06
1747742120.009 124.609 0.09953640 5.30958e-06
1747742120.019 124.668 0.09958947 5.17906e-06
1747742120.025 124.727 0.09965279 5.13684e-06
1747742120.031 124.785 0.09969655 5.07920e-06
1747742120.091 124.844 0.09995540 3.97665e-06
1747742120.099 124.902 0.09995540 3.87381e-06
1747742120.109 124.961 0.09999824 3.62242e-06
1747742120.119 125.019 0.10006063 3.47546e-06
1747742120.129 125.078 0.10010904 3.20693e-06
1747742120.139 125.136 0.10015373 2.98252e-06
1747742120.149 125.195 0.10017608 2.77186e-06
1747742120.159 125.253 0.10022544 2.45074e-06
1747742120.169 125.312 0.10025803 2.27412e-06
1747742120.179 125.370 0.10031017 2.01890e-06
1747742120.189 125.428 0.10031482 1.82712e-06
1747742120.199 125.486 0.10032041 1.63235e-06
1747742120.209 125.545 0.10034927 1.42844e-06
1747742120.219 125.603 0.10038372 1.30091e-06
1747742120.229 125.661 0.10041912 1.08956e-06
1747742120.239 125.719 0.10045077 9.67387e-07
1747742120.249 125.777 0.10048709 9.30822e-07
1747742120.259 125.836 0.10053085 7.20272e-07
1747742120.269 125.894 0.10057181 6.84940e-07
1747742120.279 125.952 0.10056716 5.83290e-07
1747742120.289 126.010 0.10060533 5.32431e-07
1747742120.299 126.068 0.10066307 5.49570e-07
1747742120.309 126.126 0.10068914 4.23341e-07
1747742120.319 126.184 0.10073477 4.17396e-07
1747742120.329 126.242 0.10074780 3.63721e-07
1747742120.339 126.299 0.10076363 3.34603e-07
1747742120.349 126.357 0.10081018 3.71331e-07
1747742120.359 126.415 0.10088561 2.63698e-07
1747742120.369 126.473 0.10090517 2.75301e-07
1747742120.379 126.531 0.10093589 2.29936e-07
1747742120.389 126.589 0.10097686 2.14053e-07
1747742120.399 126.646 0.10103086 1.89383e-07
1747742120.409 126.704 0.10109605 1.29363e-07
1747742120.419 126.762 0.10113516 6.94568e-08
1747742120.429 126.819 0.10116495 4.10011e-08
1747742120.439 126.877 0.10121895 5.23300e-08
1747742120.449 126.935 0.10129437 8.76988e-08
1747742120.459 126.992 0.10135956 -1.80680e-09
1747742120.469 127.050 0.10141729 3.45054e-08
1747742120.518 127.107 0.10165566 -2.06909e-08
1747742120.568 127.165 0.10189216 -2.01265e-08
1747742120.575 127.222 0.10193592 -4.64731e-08
1747742120.617 127.280 0.10214077 1.66330e-09
1747742120.623 127.337 0.10216964 -1.52502e-08
1747742120.630 127.395 0.10220410 2.31639e-09
1747742120.639 127.452 0.10220410 -8.29780e-10
1747742120.649 127.509 0.10224414 -1.55442e-09
1747742120.659 127.567 0.10226276 -1.61895e-08
1747742120.669 127.624 0.10228604 -9.15820e-10
1747742120.679 127.681 0.10230186 -1.94494e-08
1747742120.689 127.738 0.10231862 -1.50110e-10
1747742120.699 127.796 0.10231117 -7.54552e-09
1747742120.712 127.853 0.10235680 2.41389e-08
1747742120.719 127.910 0.10235680 -1.46258e-08
1747742120.729 127.967 0.10237356 -2.89405e-08
1747742120.770 128.024 0.10245737 -1.41184e-08
1747742120.785 128.081 0.10246761 1.33030e-09
1747742120.792 128.138 0.10246016 -1.47838e-08
1747742120.800 128.195 0.10249740 -2.07180e-09
1747742120.809 128.252 0.10249740 -1.87853e-08
1747742120.819 128.309 0.10253837 -3.23370e-09
1747742120.829 128.366 0.10257468 -1.59909e-08
1747742120.874 128.423 0.10275998 -3.17518e-09
1747742120.880 128.480 0.10281212 1.72010e-08
1747742120.889 128.537 0.10281212 1.44375e-08
1747742120.904 128.594 0.10291176 -2.85478e-08
1747742120.910 128.651 0.10296111 3.15524e-08
1747742120.919 128.708 0.10296111 4.64440e-08
1747742120.929 128.764 0.10295924 3.34559e-08
1747742120.939 128.821 0.10303932 6.68385e-08
1747742120.949 128.878 0.10306166 2.02168e-07
1747742120.959 128.935 0.10309613 3.44342e-07
1747742120.969 128.991 0.10314454 6.63278e-07
1747742120.979 129.048 0.10317527 1.13844e-06
1747742120.989 129.105 0.10321624 2.51533e-06
1747742120.999 129.161 0.10325907 3.57851e-06
1747742121.009 129.218 0.10330377 5.22111e-06
1747742121.019 129.274 0.10334567 7.61471e-06
1747742121.029 129.331 0.10336429 9.97818e-06
1747742121.039 129.387 0.10340246 1.27563e-05
1747742121.049 129.444 0.10343598 1.60569e-05
1747742121.059 129.500 0.10348440 1.84434e-05
1747742121.069 129.557 0.10348719 2.25271e-05
1747742121.098 129.613 0.10361663 2.49181e-05
1747742121.123 129.670 0.10369298 4.49200e-05
1747742121.130 129.726 0.10375909 4.82228e-05
1747742121.139 129.782 0.10375909 5.36665e-05
1747742121.148 129.839 0.10378703 5.80648e-05
1747742121.158 129.895 0.10382706 6.45716e-05
1747742121.168 129.951 0.10388293 7.07077e-05
1747742121.178 130.008 0.10391924 7.53473e-05
1747742121.188 130.064 0.10394624 8.21857e-05
1747742121.198 130.120 0.10401143 8.87121e-05
1747742121.208 130.176 0.10404774 9.47661e-05
1747742121.218 130.232 0.10410081 1.00861e-04
1747742121.228 130.288 0.10414737 1.05258e-04
1747742121.238 130.344 0.10420045 1.08147e-04
1747742121.248 130.401 0.10423397 1.12720e-04
1747742121.258 130.457 0.10427866 1.15410e-04
1747742121.268 130.513 0.10428797 1.18571e-04
1747742121.278 130.569 0.10433267 1.20298e-04
1747742121.288 130.625 0.10436153 1.22404e-04
1747742121.298 130.681 0.10442672 1.25617e-04
1747742121.308 130.737 0.10447606 1.27893e-04
1747742121.318 130.792 0.10450307 1.29623e-04
1747742121.328 130.848 0.10455055 1.31290e-04
1747742121.338 130.904 0.10455893 1.32774e-04
1747742121.348 130.960 0.10457383 1.33997e-04
1747742121.358 131.016 0.10463901 1.34705e-04
1747742121.368 131.072 0.10470605 1.35481e-04
1747742121.378 131.127 0.10469860 1.35382e-04
1747742121.388 131.183 0.10473026 1.37032e-04
1747742121.398 131.239 0.10479916 1.37798e-04
1747742121.408 131.295 0.10485318 1.37414e-04
1747742121.418 131.350 0.10491090 1.36504e-04
1747742121.428 131.406 0.10494815 1.37609e-04
1747742121.438 131.461 0.10499936 1.35144e-04
1747742121.448 131.517 0.10501891 1.33174e-04
1747742121.458 131.573 0.10505151 1.31120e-04
1747742121.468 131.628 0.10511948 1.30692e-04
1747742121.478 131.684 0.10517162 1.29104e-04
1747742121.488 131.739 0.10521352 1.27240e-04
1747742121.498 131.795 0.10526100 1.24851e-04
1747742121.508 131.850 0.10531595 1.22014e-04
1747742121.518 131.906 0.10535785 1.20521e-04
1747742121.528 131.961 0.10539323 1.17048e-04
1747742121.538 132.016 0.10543234 1.13640e-04
1747742121.548 132.072 0.10547611 1.10831e-04
1747742121.558 132.127 0.10554501 1.07400e-04
1747742121.568 132.182 0.10557946 1.03522e-04
1747742121.578 132.238 0.10562322 9.99232e-05
1747742121.588 132.293 0.10568188 9.60391e-05
1747742121.598 132.348 0.10572379 9.33185e-05
1747742121.608 132.403 0.10579827 8.77278e-05
1747742121.618 132.459 0.10584669 8.51889e-05
1747742121.649 132.514 0.10600312 8.27374e-05
1747742121.659 132.569 0.10605620 7.47874e-05
1747742121.668 132.624 0.10605620 7.32574e-05
1747742121.678 132.679 0.10609158 7.15539e-05
1747742121.688 132.734 0.10615211 7.06100e-05
1747742121.723 132.789 0.10632902 7.34081e-05
1747742121.729 132.844 0.10633833 7.19717e-05
1747742121.738 132.900 0.10633833 7.21290e-05
1747742121.748 132.955 0.10637279 7.24819e-05
1747742121.758 133.009 0.10641283 7.29625e-05
1747742121.768 133.064 0.10645659 7.41291e-05
1747742121.778 133.119 0.10649197 7.47715e-05
1747742121.788 133.174 0.10653387 7.44334e-05
1747742121.798 133.229 0.10656739 7.54678e-05
1747742121.808 133.284 0.10660557 7.60099e-05
1747742121.818 133.339 0.10664095 7.89755e-05
1747742121.828 133.394 0.10668285 7.95168e-05
1747742121.838 133.448 0.10669682 7.90268e-05
1747742121.848 133.503 0.10674244 7.87833e-05
1747742121.858 133.558 0.10679551 7.85140e-05
1747742121.868 133.613 0.10682997 7.78424e-05
1747742121.878 133.667 0.10684487 7.64948e-05
1747742121.888 133.722 0.10688398 7.56933e-05
1747742121.898 133.777 0.10693891 7.50122e-05
1747742121.908 133.831 0.10695753 7.42967e-05
1747742121.918 133.886 0.10695753 7.34735e-05
1747742121.928 133.941 0.10700874 7.16774e-05
1747742121.938 133.995 0.10703669 6.90371e-05
1747742121.948 134.050 0.10705717 6.71172e-05
1747742121.958 134.104 0.10710745 6.51151e-05
1747742121.968 134.159 0.10714842 6.45750e-05
1747742121.978 134.213 0.10717263 5.39722e-05
1747742121.988 134.268 0.10723687 5.49667e-05
1747742121.998 134.322 0.10728157 5.16329e-05
1747742122.008 134.377 0.10730485 4.72334e-05
1747742122.018 134.431 0.10735606 4.60003e-05
1747742122.028 134.485 0.10742217 4.19242e-05
1747742122.038 134.540 0.10745755 3.77195e-05
1747742122.048 134.594 0.10750598 3.50250e-05
1747742122.058 134.648 0.10753950 3.19182e-05
1747742122.068 134.703 0.10760095 3.05277e-05
1747742122.078 134.757 0.10766706 2.66470e-05
1747742122.088 134.811 0.10769126 2.30940e-05
1747742122.098 134.865 0.10773690 1.95556e-05
1747742122.108 134.920 0.10779742 1.59979e-05
1747742122.118 134.974 0.10784956 1.40682e-05
1747742122.128 135.028 0.10787470 1.16928e-05
1747742122.138 135.082 0.10794175 1.04945e-05
1747742122.148 135.136 0.10800041 9.39986e-06
1747742122.158 135.190 0.10802089 8.16575e-06
1747742122.205 135.244 0.10827788 3.90861e-06
1747742122.212 135.298 0.10827509 3.33530e-06
1747742122.218 135.352 0.10827509 3.13399e-06
1747742122.228 135.406 0.10833840 2.89777e-06
1747742122.238 135.460 0.10840359 2.75150e-06
1747742122.248 135.514 0.10842221 2.64691e-06
1747742122.258 135.568 0.10844456 2.31774e-06
1747742122.268 135.622 0.10849577 2.23312e-06
1747742122.278 135.676 0.10853953 2.02420e-06
1747742122.288 135.730 0.10855443 1.91015e-06
1747742122.298 135.784 0.10861682 1.79068e-06
1747742122.308 135.838 0.10864941 1.56077e-06
1747742122.318 135.891 0.10869410 1.51440e-06
1747742122.328 135.945 0.10872855 1.37058e-06
1747742122.338 135.999 0.10874252 1.39538e-06
1747742122.348 136.053 0.10877045 1.38092e-06
1747742122.358 136.106 0.10879093 1.20073e-06
1747742122.368 136.160 0.10883936 1.13928e-06
1747742122.378 136.214 0.10888592 1.05181e-06
1747742122.388 136.267 0.10893806 1.05793e-06
1747742122.398 136.321 0.10898275 1.04032e-06
1747742122.408 136.375 0.10900137 8.50108e-07
1747742122.418 136.428 0.10901906 8.54267e-07
1747742122.428 136.482 0.10901906 7.26166e-07
1747742122.438 136.535 0.10906004 7.00565e-07
1747742122.448 136.589 0.10911497 6.67027e-07
1747742122.458 136.642 0.10914104 5.30058e-07
1747742122.468 136.696 0.10916618 5.24422e-07
1747742122.478 136.749 0.10921646 4.48096e-07
1747742122.488 136.803 0.10927420 4.88290e-07
1747742122.498 136.856 0.10931517 5.07362e-07
1747742122.508 136.910 0.10936638 4.23109e-07
1747742122.518 136.963 0.10940362 4.48406e-07
1747742122.528 137.016 0.10944180 3.96596e-07
1747742122.538 137.070 0.10949954 4.36669e-07
1747742122.548 137.123 0.10956006 4.45805e-07
1747742122.558 137.176 0.10961127 3.48427e-07
1747742122.568 137.230 0.10964292 3.93067e-07
1747742122.578 137.283 0.10968949 3.56053e-07
1747742122.588 137.336 0.10973511 3.82476e-07
1747742122.598 137.389 0.10975373 4.10246e-07
1747742122.608 137.443 0.10979843 3.25860e-07
1747742122.618 137.496 0.10985057 3.81143e-07
1747742122.628 137.549 0.10992041 3.49006e-07
1747742122.638 137.602 0.10997162 2.29040e-07
1747742122.648 137.655 0.11000886 2.90183e-07
1747742122.658 137.708 0.11005728 2.27234e-07
1747742122.668 137.761 0.11011221 2.36392e-07
1747742122.678 137.815 0.11015226 2.36313e-07
1747742122.688 137.868 0.11019509 2.99379e-07
1747742122.698 137.921 0.11023978 3.37390e-07
1747742122.708 137.974 0.11029565 2.71804e-07
1747742122.756 138.027 0.11050329 2.98556e-07
1747742122.763 138.080 0.11054986 3.71054e-07
1747742122.770 138.132 0.11056474 3.12420e-07
1747742122.778 138.185 0.11056474 3.88560e-07
1747742122.788 138.238 0.11061690 3.76937e-07
1747742122.798 138.291 0.11067369 4.07658e-07
1747742122.808 138.344 0.11071652 3.29731e-07
1747742122.818 138.397 0.11074259 3.69624e-07
1747742122.828 138.450 0.11075935 3.54236e-07
1747742122.838 138.502 0.11078916 3.74544e-07
1747742122.848 138.555 0.11084223 4.16521e-07
1747742122.858 138.608 0.11088878 3.41172e-07
1747742122.868 138.661 0.11093627 3.76062e-07
1747742122.878 138.713 0.11099120 3.48834e-07
1747742122.888 138.766 0.11101449 3.82477e-07
1747742122.898 138.819 0.11102101 4.05890e-07
1747742122.907 138.871 0.11104056 3.24199e-07
1747742122.917 138.924 0.11107036 3.66850e-07
1747742122.927 138.977 0.11111226 3.45313e-07
1747742122.937 139.029 0.11114764 3.68582e-07
1747742122.947 139.082 0.11115509 3.95675e-07
1747742122.957 139.134 0.11123331 3.13491e-07
