1747832935.209 42.743 0.03512984 5.39861e-08
1747832935.259 42.914 0.03512518 5.42589e-08
1747832935.309 43.084 0.03512052 6.23096e-08
1747832935.359 43.253 0.03515032 5.86398e-08
1747832935.409 43.422 0.03524157 5.70940e-08
1747832935.459 43.590 0.03534772 5.72466e-08
1747832935.509 43.757 0.03551905 5.32988e-08
1747832935.560 43.924 0.03567176 4.99049e-08
1747832935.610 44.090 0.03580770 4.46438e-08
1747832935.660 44.256 0.03593527 4.43986e-08
1747832935.710 44.420 0.03603024 4.23488e-08
1747832935.753 44.585 0.03612615 3.86049e-08
1747832935.761 44.748 0.03612615 3.72219e-08
1747832935.771 44.911 0.03613732 2.27332e-08
1747832935.781 45.074 0.03615036 2.04294e-08
1747832935.791 45.236 0.03619598 8.00082e-08
1747832935.801 45.397 0.03622299 6.09580e-09
1747832935.811 45.558 0.03625464 4.12501e-08
1747832935.821 45.718 0.03625278 2.34620e-08
1747832935.831 45.878 0.03628630 2.42356e-08
1747832935.841 46.037 0.03631424 1.04149e-07
1747832935.851 46.195 0.03632355 5.66892e-08
1747832935.861 46.353 0.03634869 1.41733e-07
1747832935.872 46.511 0.03643901 3.22629e-07
1747832935.881 46.668 0.03643901 3.82532e-07
1747832935.891 46.824 0.03645856 7.76217e-07
1747832935.901 46.980 0.03648463 1.03555e-06
1747832935.911 47.135 0.03655633 1.31607e-06
1747832935.921 47.290 0.03661034 1.71067e-06
1747832935.931 47.444 0.03669135 2.84635e-06
1747832935.941 47.598 0.03677329 3.60964e-06
1747832935.951 47.752 0.03682916 4.95643e-06
1747832935.961 47.904 0.03692320 6.25692e-06
1747832935.971 48.057 0.03700886 7.07400e-06
1747832935.981 48.209 0.03712153 6.65091e-06
1747832935.991 48.360 0.03724072 5.53570e-06
1747832936.001 48.511 0.03737294 3.93432e-06
1747832936.011 48.661 0.03751168 1.76413e-06
1747832936.021 48.811 0.03762341 4.06844e-07
1747832936.031 48.961 0.03777333 5.73070e-08
1747832936.041 49.110 0.03804708 8.60649e-08
1747832936.051 49.259 0.03804708 2.95860e-08
1747832936.061 49.407 0.03821561 4.96942e-08
1747832936.071 49.555 0.03837670 3.15091e-08
1747832936.081 49.702 0.03852568 1.57516e-08
1747832936.091 49.849 0.03867280 9.41025e-08
1747832936.140 49.995 0.03937395 6.05866e-08
1747832936.208 50.141 0.04025759 4.28269e-08
1747832936.283 50.287 0.04084514 4.15220e-08
1747832936.308 50.432 0.04091218 4.61078e-08
1747832936.356 50.577 0.04096060 6.01990e-08
1747832936.406 50.721 0.04090566 6.05205e-08
1747832936.457 50.865 0.04088518 5.41059e-08
1747832936.507 51.008 0.04097177 5.73720e-08
1747832936.556 51.152 0.04108630 5.17168e-08
1747832936.562 51.294 0.04111889 -2.17692e-08
1747832936.571 51.437 0.04111889 3.52049e-08
1747832936.581 51.579 0.04115893 3.32557e-08
1747832936.591 51.720 0.04120362 7.32349e-08
1747832936.642 51.861 0.04139637 5.00550e-08
1747832936.691 52.002 0.04154907 4.06775e-08
1747832936.768 52.142 0.04189918 2.74748e-08
1747832936.775 52.282 0.04194387 4.28337e-08
1747832936.850 52.422 0.04222322 2.13912e-08
1747832936.857 52.561 0.04227350 4.58891e-08
1747832936.905 52.700 0.04236940 7.91487e-08
1747832936.912 52.839 0.04236661 -7.42000e-11
1747832936.921 52.977 0.04236661 3.95610e-08
1747832936.930 53.115 0.04240013 3.22021e-08
1747832936.940 53.252 0.04242341 6.48025e-08
1747832936.988 53.389 0.04250442 7.33818e-08
1747832936.995 53.526 0.04252956 2.20730e-08
1747832937.000 53.662 0.04254818 2.74497e-08
1747832937.010 53.798 0.04254818 4.98691e-08
1747832937.058 53.934 0.04271393 4.52706e-08
1747832937.108 54.070 0.04301468 4.45432e-08
1747832937.158 54.205 0.04332196 4.54967e-08
1747832937.209 54.339 0.04363761 4.46149e-08
1747832937.259 54.474 0.04394023 4.49237e-08
1747832937.309 54.608 0.04403614 4.35284e-08
1747832937.387 54.741 0.04411528 5.34216e-08
1747832937.394 54.875 0.04410783 3.91299e-08
1747832937.400 55.008 0.04410783 3.15450e-08
1747832937.410 55.141 0.04411063 4.67526e-08
1747832937.458 55.273 0.04415160 4.14253e-08
1747832937.508 55.405 0.04425216 4.30515e-08
1747832937.558 55.537 0.04441511 4.39361e-08
1747832937.609 55.668 0.04463392 4.40340e-08
1747832937.659 55.800 0.04485926 4.51539e-08
1747832937.709 55.930 0.04498682 4.25078e-08
1747832937.759 56.061 0.04509111 4.32397e-08
1747832937.810 56.191 0.04518236 4.10772e-08
1747832937.817 56.321 0.04519446 2.47222e-08
1747832937.823 56.451 0.04521681 4.10108e-08
1747832937.872 56.580 0.04530713 7.07705e-08
1747832937.880 56.709 0.04530713 -2.16380e-09
1747832937.890 56.838 0.04529503 8.02594e-08
1747832937.941 56.966 0.04542911 2.48779e-08
1747832937.953 57.095 0.04546636 6.71932e-08
1747832937.960 57.222 0.04546636 3.94176e-08
1747832938.010 57.350 0.04567028 4.49646e-08
1747832938.020 57.477 0.04567028 2.45383e-08
1747832938.030 57.604 0.04571869 3.28267e-08
1747832938.040 57.731 0.04576991 8.06330e-08
1747832938.050 57.858 0.04581926 4.92260e-09
1747832938.060 57.984 0.04586209 3.68263e-08
1747832938.070 58.110 0.04593286 2.40905e-08
1747832938.080 58.236 0.04601479 4.15793e-08
1747832938.090 58.361 0.04604738 8.19019e-08
1747832938.100 58.486 0.04611070 6.54880e-09
1747832938.110 58.611 0.04617029 5.06428e-08
1747832938.120 58.736 0.04620568 2.46702e-08
1747832938.130 58.860 0.04627272 4.23124e-08
1747832938.140 58.984 0.04631928 5.63370e-08
1747832938.188 59.108 0.04662282 7.34898e-08
1747832938.195 59.231 0.04668801 -1.07186e-08
1747832938.202 59.355 0.04677181 3.30000e-08
1747832938.210 59.478 0.04677181 4.41840e-08
1747832938.258 59.600 0.04718709 4.06247e-08
1747832938.264 59.723 0.04726531 1.05134e-08
1747832938.272 59.845 0.04735284 6.84783e-08
1747832938.280 59.967 0.04735284 -5.00640e-09
1747832938.328 60.089 0.04778488 2.51455e-08
1747832938.334 60.211 0.04785565 2.15853e-08
1747832938.341 60.332 0.04795900 3.99189e-08
1747832938.350 60.453 0.04795900 1.65190e-09
1747832938.359 60.574 0.04804001 4.64613e-08
1747832938.407 60.694 0.04834915 4.75276e-08
1747832938.415 60.815 0.04839850 1.64397e-08
1747832938.421 60.935 0.04846833 7.87790e-08
1747832938.429 61.055 0.04846833 2.36871e-08
1747832938.439 61.174 0.04850372 3.61688e-08
1747832938.449 61.294 0.04853351 -1.75168e-08
1747832938.493 61.413 0.04875699 4.49233e-08
1747832938.499 61.532 0.04875699 2.76454e-08
1747832938.510 61.650 0.04878771 6.11536e-08
1747832938.558 61.769 0.04901770 5.08021e-08
1747832938.608 61.887 0.04934826 5.01107e-08
1747832938.658 62.005 0.04962760 5.15349e-08
1747832938.709 62.123 0.04989297 5.15042e-08
1747832938.759 62.240 0.05006989 5.36032e-08
1747832938.810 62.358 0.05016393 5.03477e-08
1747832938.859 62.475 0.05017883 5.16874e-08
1747832938.909 62.592 0.05021887 4.89366e-08
1747832938.916 62.708 0.05024307 2.35673e-08
1747832938.922 62.825 0.05024680 5.22826e-08
1747832938.929 62.941 0.05024680 -1.37009e-08
1747832938.939 63.057 0.05025052 3.88453e-08
1747832938.949 63.173 0.05026263 -1.32855e-08
1747832938.959 63.289 0.05030174 6.51369e-08
1747832939.068 63.404 0.05057921 2.42562e-08
1747832939.075 63.519 0.05065464 4.44876e-08
1747832939.125 63.634 0.05093119 4.47356e-08
1747832939.175 63.749 0.05115931 4.73203e-08
1747832939.225 63.864 0.05133716 4.98551e-08
1747832939.275 63.978 0.05141724 5.25521e-08
1747832939.325 64.092 0.05149732 7.93804e-08
1747832939.332 64.206 0.05149918 5.65570e-08
1747832939.339 64.320 0.05149918 1.70439e-07
1747832939.349 64.433 0.05152246 9.67966e-08
1747832939.359 64.547 0.05150849 3.17557e-07
1747832939.370 64.660 0.05154294 4.83804e-07
1747832939.379 64.773 0.05154294 4.23394e-07
1747832939.389 64.886 0.05154946 5.50671e-07
1747832939.399 64.998 0.05155411 6.26982e-07
1747832939.409 65.111 0.05157646 7.99440e-07
1747832939.419 65.223 0.05158298 8.72195e-07
1747832939.429 65.335 0.05160626 1.28281e-06
1747832939.439 65.446 0.05162022 1.39000e-06
1747832939.449 65.558 0.05164816 1.37598e-06
1747832939.459 65.669 0.05171613 1.92163e-06
1747832939.471 65.781 0.05175710 2.97651e-06
1747832939.479 65.892 0.05175710 2.59983e-06
1747832939.489 66.003 0.05179621 3.76158e-06
1747832939.499 66.113 0.05184183 4.61956e-06
1747832939.509 66.224 0.05189677 6.23323e-06
1747832939.519 66.334 0.05196009 6.22588e-06
1747832939.529 66.444 0.05201316 8.81043e-06
1747832939.539 66.554 0.05208672 1.12711e-05
1747832939.549 66.664 0.05217797 1.56256e-05
1747832939.559 66.773 0.05225525 2.23821e-05
1747832939.570 66.883 0.05242659 2.43158e-05
1747832939.624 66.992 0.05296757 3.16284e-06
1747832939.635 67.101 0.05308304 1.14298e-06
1747832939.643 67.210 0.05319105 5.82423e-07
1747832939.657 67.319 0.05329627 8.11610e-08
1747832939.670 67.427 0.05353091 1.65207e-07
1747832939.679 67.535 0.05362216 5.28569e-08
1747832939.689 67.644 0.05362216 1.23293e-07
1747832939.709 67.752 0.05383074 1.40735e-07
1747832939.715 67.859 0.05391547 6.52318e-08
1747832939.721 67.967 0.05400206 1.06160e-07
1747832939.729 68.074 0.05400206 5.83149e-08
1747832939.739 68.182 0.05408214 6.45338e-08
1747832939.749 68.289 0.05416501 2.18908e-08
1747832939.759 68.396 0.05421809 9.90128e-08
1747832939.769 68.503 0.05430003 5.21124e-08
1747832939.779 68.609 0.05434473 7.65623e-08
1747832939.789 68.716 0.05440152 5.55579e-08
1747832939.799 68.822 0.05443504 5.16272e-08
1747832939.809 68.928 0.05448998 1.01100e-07
1747832939.819 69.034 0.05451791 5.51707e-08
1747832939.829 69.140 0.05457937 7.91142e-08
1747832939.839 69.246 0.05461848 5.30481e-08
1747832939.849 69.351 0.05466317 1.22716e-08
1747832939.859 69.456 0.05468366 1.03892e-07
1747832939.869 69.562 0.05474325 5.18831e-08
1747832939.879 69.667 0.05478981 7.40743e-08
1747832939.889 69.772 0.05485033 5.07723e-08
1747832939.899 69.876 0.05492110 1.72650e-08
1747832939.909 69.981 0.05497417 1.13669e-07
1747832939.919 70.085 0.05504028 6.93365e-08
1747832939.929 70.189 0.05507008 9.78416e-08
1747832939.939 70.293 0.05515015 9.47160e-08
1747832939.949 70.397 0.05522557 5.39108e-08
1747832939.959 70.501 0.05531403 9.52423e-07
1747832939.969 70.605 0.05540715 1.77521e-06
1747832939.979 70.708 0.05550212 4.97060e-06
1747832939.989 70.812 0.05559989 7.49734e-06
1747832939.999 70.915 0.05570325 1.50447e-05
1747832940.009 71.018 0.05581498 2.64925e-05
1747832940.019 71.121 0.05592207 3.91396e-05
1747832940.029 71.223 0.05601797 7.04453e-05
1747832940.039 71.326 0.05612040 9.04596e-05
1747832940.049 71.428 0.05621724 8.30353e-05
1747832940.059 71.531 0.05632524 8.22500e-05
1747832940.069 71.633 0.05642581 6.55739e-05
1747832940.079 71.735 0.05653382 4.81687e-05
1747832940.089 71.836 0.05662786 1.46776e-05
1747832940.098 71.938 0.05671818 7.28926e-06
1747832940.108 72.040 0.05681875 5.90689e-06
1747832940.119 72.141 0.05690721 4.51184e-06
1747832940.129 72.242 0.05700404 3.39729e-06
1747832940.176 72.344 0.05744540 4.72038e-07
1747832940.183 72.444 0.05751989 4.79873e-07
1747832940.190 72.545 0.05761393 5.44343e-07
1747832940.198 72.646 0.05761393 4.45582e-07
1747832940.208 72.747 0.05768563 6.39796e-07
1747832940.218 72.847 0.05774429 5.65219e-07
1747832940.228 72.947 0.05781599 7.69058e-07
1747832940.238 73.047 0.05788304 4.57075e-07
1747832940.248 73.147 0.05795845 6.22676e-07
1747832940.258 73.247 0.05801339 9.05800e-07
1747832940.268 73.347 0.05809160 5.47989e-07
1747832940.278 73.447 0.05812885 6.87281e-07
1747832940.288 73.546 0.05820707 8.33871e-07
1747832940.298 73.645 0.05826294 7.54604e-07
1747832940.308 73.745 0.05832160 6.53341e-07
1747832940.318 73.844 0.05838212 6.00532e-07
1747832940.328 73.943 0.05841564 6.67139e-07
1747832940.338 74.041 0.05846034 3.88907e-07
1747832940.348 74.140 0.05853390 3.00487e-07
1747832940.358 74.239 0.05859721 2.79171e-07
1747832940.369 74.337 0.05870895 6.50064e-07
1747832940.378 74.435 0.05870895 3.97627e-07
1747832940.388 74.533 0.05877413 4.93347e-07
1747832940.398 74.631 0.05882906 3.49148e-07
1747832940.408 74.729 0.05886351 7.42853e-07
1747832940.419 74.827 0.05902088 6.60182e-07
1747832940.428 74.925 0.05902088 4.16455e-07
1747832940.438 75.022 0.05907954 1.12530e-06
1747832940.448 75.120 0.05915496 9.84777e-07
1747832940.458 75.217 0.05924901 5.86085e-07
1747832940.468 75.314 0.05932443 7.08796e-07
1747832940.478 75.411 0.05942499 1.51363e-06
1747832940.488 75.508 0.05949017 7.43404e-07
1747832940.498 75.605 0.05957211 6.97078e-07
1747832940.508 75.701 0.05965778 4.12654e-07
1747832940.518 75.798 0.05972761 4.75573e-07
1747832940.528 75.894 0.05982352 2.18063e-06
1747832940.538 75.990 0.05994363 5.36439e-06
1747832940.548 76.087 0.06001161 1.00336e-05
1747832940.558 76.183 0.06008051 2.36435e-05
1747832940.568 76.279 0.06016059 3.75996e-05
1747832940.578 76.374 0.06026208 6.04223e-05
1747832940.588 76.470 0.06034961 1.15033e-04
1747832940.598 76.565 0.06046041 1.87042e-04
1747832940.608 76.661 0.06054794 2.68320e-04
1747832940.618 76.756 0.06064012 2.74007e-04
1747832940.628 76.851 0.06073510 3.04865e-04
1747832940.638 76.946 0.06082169 2.61505e-04
1747832940.648 77.041 0.06090084 2.24167e-04
1747832940.658 77.136 0.06097068 1.33623e-04
1747832940.668 77.231 0.06103213 6.52007e-05
1747832940.678 77.326 0.06113642 2.05398e-05
1747832940.735 77.420 0.06156288 1.57074e-06
1747832940.742 77.514 0.06162526 2.28461e-06
1747832940.749 77.609 0.06171279 1.87449e-06
1747832940.758 77.703 0.06171279 2.91239e-06
1747832940.768 77.797 0.06176028 4.27832e-06
1747832940.778 77.891 0.06183011 5.58945e-06
1747832940.788 77.984 0.06191112 8.49081e-06
1747832940.798 78.078 0.06197723 1.17636e-05
1747832940.808 78.172 0.06204613 1.34277e-05
1747832940.818 78.265 0.06209362 1.27202e-05
1747832940.828 78.359 0.06217463 1.27090e-05
1747832940.838 78.452 0.06223795 1.40808e-05
1747832940.848 78.545 0.06227985 1.57254e-05
1747832940.858 78.638 0.06232548 1.23937e-05
1747832940.868 78.731 0.06237017 9.05200e-06
1747832940.878 78.824 0.06244466 6.35523e-06
1747832940.888 78.916 0.06247725 7.21474e-06
1747832940.898 79.009 0.06252101 7.81983e-06
1747832940.908 79.101 0.06256291 6.20891e-06
1747832940.918 79.194 0.06263089 5.26779e-06
1747832940.928 79.286 0.06268396 3.75659e-06
1747832940.938 79.378 0.06273052 2.51440e-06
1747832940.948 79.470 0.06277707 1.24145e-06
1747832940.959 79.562 0.06289998 1.13174e-06
1747832940.968 79.654 0.06289998 5.26300e-07
1747832940.978 79.746 0.06296982 4.90390e-07
1747832940.988 79.837 0.06302476 8.05778e-07
1747832940.998 79.929 0.06306573 3.12042e-07
1747832941.008 80.020 0.06311508 8.49163e-07
1747832941.018 80.112 0.06324078 6.63940e-07
1747832941.028 80.203 0.06331527 7.48546e-07
1747832941.038 80.294 0.06337487 9.11323e-07
1747832941.048 80.385 0.06345215 9.31199e-07
1747832941.058 80.476 0.06351826 9.59146e-07
1747832941.068 80.566 0.06361044 1.48762e-06
1747832941.079 80.657 0.06376873 1.17917e-06
1747832941.089 80.748 0.06386743 2.00365e-06
1747832941.098 80.838 0.06386743 2.14266e-06
1747832941.108 80.929 0.06394472 2.85050e-06
1747832941.118 81.019 0.06400152 5.18079e-06
1747832941.128 81.109 0.06409742 7.18601e-06
1747832941.138 81.199 0.06419612 7.59547e-06
1747832941.148 81.289 0.06429017 6.27461e-06
1747832941.158 81.379 0.06437677 1.05563e-05
1747832941.168 81.469 0.06445591 8.81837e-06
1747832941.178 81.558 0.06453878 1.45000e-05
1747832941.188 81.648 0.06462538 6.75495e-06
1747832941.198 81.738 0.06471849 2.45878e-06
1747832941.209 81.827 0.06483116 8.44800e-07
1747832941.218 81.916 0.06483116 8.15082e-07
1747832941.228 82.005 0.06491961 7.50603e-07
1747832941.238 82.095 0.06499969 9.87067e-07
1747832941.285 82.184 0.06535166 7.28123e-07
1747832941.295 82.272 0.06541032 1.59341e-06
1747832941.303 82.361 0.06546619 2.07934e-06
1747832941.309 82.450 0.06553137 2.19857e-06
1747832941.318 82.539 0.06553137 3.44565e-06
1747832941.328 82.627 0.06560214 6.61150e-06
1747832941.338 82.716 0.06568314 1.08538e-05
1747832941.348 82.804 0.06575764 1.81695e-05
1747832941.358 82.892 0.06584051 2.05476e-05
1747832941.368 82.980 0.06590289 3.00797e-05
1747832941.378 83.068 0.06593828 4.91396e-05
1747832941.388 83.156 0.06597366 6.49630e-05
1747832941.398 83.244 0.06606119 1.04986e-04
1747832941.408 83.332 0.06611333 1.43905e-04
1747832941.418 83.420 0.06615058 1.82554e-04
1747832941.428 83.507 0.06617665 2.32545e-04
1747832941.438 83.595 0.06623996 2.44277e-04
1747832941.448 83.682 0.06629863 2.61458e-04
1747832941.458 83.769 0.06636288 2.43848e-04
1747832941.468 83.857 0.06642526 2.46408e-04
1747832941.478 83.944 0.06648672 2.25007e-04
1747832941.488 84.031 0.06652861 2.14576e-04
1747832941.498 84.118 0.06659007 1.98374e-04
1747832941.508 84.205 0.06662452 1.61989e-04
1747832941.518 84.291 0.06668784 1.21856e-04
1747832941.528 84.378 0.06674650 6.90569e-05
1747832941.538 84.465 0.06681448 3.24934e-05
1747832941.548 84.551 0.06686010 1.38361e-05
1747832941.558 84.638 0.06694297 1.12083e-05
1747832941.568 84.724 0.06699139 5.71721e-06
1747832941.578 84.810 0.06706029 4.32572e-06
1747832941.588 84.896 0.06713572 3.71347e-06
1747832941.598 84.982 0.06722324 2.36278e-06
1747832941.608 85.068 0.06735919 1.52903e-06
1747832941.619 85.154 0.06743740 1.11033e-06
1747832941.628 85.240 0.06743740 9.87726e-07
1747832941.638 85.326 0.06752772 1.59114e-06
1747832941.648 85.411 0.06759849 1.02775e-06
1747832941.658 85.497 0.06766646 1.12169e-06
1747832941.668 85.582 0.06774933 9.80160e-07
1747832941.678 85.668 0.06782569 2.43325e-06
1747832941.688 85.753 0.06791508 2.46048e-06
1747832941.698 85.838 0.06807057 2.46720e-06
1747832941.708 85.923 0.06807057 2.30957e-06
1747832941.718 86.008 0.06813575 2.67262e-06
1747832941.728 86.093 0.06821769 3.05184e-06
1747832941.738 86.178 0.06828473 7.96622e-06
1747832941.748 86.263 0.06835085 7.69060e-06
1747832941.758 86.348 0.06843837 6.42936e-06
1747832941.768 86.432 0.06849238 8.01657e-06
1747832941.778 86.517 0.06856128 6.63743e-06
1747832941.788 86.601 0.06864322 8.37302e-06
1747832941.838 86.686 0.06905292 2.43626e-06
1747832941.848 86.770 0.06905292 3.43586e-06
1747832941.858 86.854 0.06910879 5.18406e-06
1747832941.868 86.938 0.06916559 7.21721e-06
1747832941.878 87.022 0.06924474 1.05866e-05
1747832941.887 87.106 0.06931457 1.25344e-05
1747832941.897 87.190 0.06935461 1.24850e-05
1747832941.907 87.274 0.06941606 1.42057e-05
1747832941.917 87.358 0.06947659 1.19015e-05
1747832941.927 87.441 0.06954456 1.27022e-05
1747832941.937 87.525 0.06956691 1.28572e-05
1747832941.947 87.608 0.06963395 1.11619e-05
1747832941.957 87.692 0.06969354 1.05595e-05
1747832941.968 87.775 0.06975593 9.40902e-06
1747832941.978 87.858 0.06979876 7.22745e-06
1747832941.988 87.942 0.06983507 4.61203e-06
1747832941.998 88.025 0.06989560 3.18141e-06
1747832942.008 88.108 0.06994867 2.46270e-06
1747832942.018 88.191 0.06997009 2.00890e-06
1747832942.028 88.273 0.07000920 1.91181e-06
1747832942.038 88.356 0.07007065 1.54229e-06
1747832942.048 88.439 0.07016190 1.52750e-06
1747832942.060 88.522 0.07021219 1.65005e-06
1747832942.072 88.604 0.07027550 2.39279e-06
1747832942.083 88.687 0.07032485 2.56616e-06
1747832942.090 88.769 0.07035465 2.60847e-06
1747832942.102 88.851 0.07043100 2.49042e-06
1747832942.108 88.933 0.07046731 3.63388e-06
1747832942.117 89.016 0.07046731 5.37177e-06
1747832942.127 89.098 0.07053808 2.64787e-06
1747832942.137 89.180 0.07060791 3.47036e-06
1747832942.147 89.262 0.07064516 5.85900e-06
1747832942.157 89.344 0.07073175 4.89942e-06
1747832942.167 89.425 0.07080345 6.21371e-06
1747832942.177 89.507 0.07088073 6.63196e-06
1747832942.187 89.589 0.07094312 7.42855e-06
1747832942.197 89.670 0.07100830 6.28033e-06
1747832942.207 89.752 0.07109676 4.70957e-06
1747832942.217 89.833 0.07116846 3.57630e-06
1747832942.227 89.914 0.07125133 3.06364e-06
1747832942.237 89.996 0.07130533 1.82373e-06
1747832942.247 90.077 0.07141894 7.84021e-07
1747832942.257 90.158 0.07148225 3.79132e-07
1747832942.268 90.239 0.07161540 3.34308e-07
1747832942.279 90.320 0.07171317 1.53788e-07
1747832942.287 90.401 0.07171317 1.85540e-07
1747832942.297 90.482 0.07178208 2.34009e-07
1747832942.309 90.563 0.07190964 2.53421e-07
1747832942.322 90.643 0.07197948 1.92088e-07
1747832942.327 90.724 0.07197948 1.82607e-07
1747832942.339 90.804 0.07212566 2.11707e-07
1747832942.369 90.885 0.07232586 2.05848e-07
1747832942.394 90.965 0.07244318 3.74566e-07
1747832942.400 91.046 0.07249625 5.21082e-07
1747832942.407 91.126 0.07249625 6.92888e-07
1747832942.417 91.206 0.07255492 8.35327e-07
1747832942.427 91.286 0.07262754 7.69659e-07
1747832942.437 91.366 0.07268900 9.19161e-07
1747832942.447 91.446 0.07275511 8.37746e-07
1747832942.457 91.526 0.07279608 9.38036e-07
1747832942.467 91.606 0.07288454 1.22047e-06
1747832942.477 91.686 0.07294320 1.15207e-06
1747832942.487 91.765 0.07298976 1.83469e-06
1747832942.497 91.845 0.07302048 2.05642e-06
1747832942.507 91.925 0.07308753 2.94459e-06
1747832942.517 92.004 0.07312663 4.44096e-06
1747832942.527 92.084 0.07316388 6.24069e-06
1747832942.537 92.163 0.07320392 7.17184e-06
1747832942.547 92.242 0.07327375 1.19406e-05
1747832942.557 92.321 0.07332403 1.62819e-05
1747832942.567 92.401 0.07334173 1.74813e-05
1747832942.577 92.480 0.07339294 2.18831e-05
1747832942.587 92.559 0.07346836 2.40699e-05
1747832942.597 92.638 0.07350281 3.20960e-05
1747832942.607 92.716 0.07356054 3.99981e-05
1747832942.617 92.795 0.07359592 4.38222e-05
1747832942.627 92.874 0.07366483 6.44389e-05
1747832942.637 92.953 0.07371138 6.58185e-05
1747832942.647 93.031 0.07376819 8.95527e-05
1747832942.657 93.110 0.07384454 1.10459e-04
1747832942.667 93.188 0.07388551 1.27588e-04
1747832942.677 93.267 0.07394789 1.73843e-04
1747832942.687 93.345 0.07402518 2.72380e-04
1747832942.697 93.423 0.07406335 2.93673e-04
1747832942.707 93.502 0.07412108 3.32303e-04
1747832942.717 93.580 0.07421699 3.30920e-04
1747832942.727 93.658 0.07428869 3.38271e-04
1747832942.737 93.736 0.07434828 3.31131e-04
1747832942.747 93.814 0.07440508 3.29254e-04
1747832942.757 93.892 0.07448143 3.03983e-04
1747832942.767 93.970 0.07456989 2.91523e-04
1747832942.777 94.047 0.07464438 2.24154e-04
1747832942.787 94.125 0.07471235 2.02139e-04
1747832942.797 94.203 0.07477381 1.31444e-04
1747832942.807 94.280 0.07483154 8.56225e-05
1747832942.817 94.358 0.07491069 5.27204e-05
1747832942.827 94.435 0.07498704 3.02952e-05
1747832942.837 94.512 0.07505222 2.10229e-05
1747832942.847 94.590 0.07511088 1.44416e-05
1747832942.857 94.667 0.07517513 9.91633e-06
1747832942.867 94.744 0.07524589 8.87385e-06
1747832942.877 94.821 0.07533156 7.25645e-06
1747832942.887 94.898 0.07536973 4.90427e-06
1747832942.897 94.975 0.07544981 4.12032e-06
1747832942.944 95.052 0.07573102 2.39389e-06
1747832942.953 95.129 0.07580457 1.39414e-06
1747832942.959 95.206 0.07585206 1.56785e-06
1747832942.968 95.283 0.07588558 1.35157e-06
1747832942.979 95.360 0.07596939 1.01782e-06
1747832942.987 95.436 0.07602618 1.22605e-06
1747832942.997 95.513 0.07602618 8.69241e-07
1747832943.007 95.589 0.07610440 1.23548e-06
1747832943.017 95.666 0.07615747 8.05122e-07
1747832943.027 95.742 0.07619938 6.93269e-07
1747832943.037 95.818 0.07624221 7.68922e-07
1747832943.047 95.895 0.07632508 9.35221e-07
1747832943.057 95.971 0.07637350 9.63934e-07
1747832943.067 96.047 0.07642285 8.27560e-07
1747832943.077 96.123 0.07646568 9.30092e-07
1747832943.087 96.199 0.07650665 1.43772e-06
1747832943.097 96.275 0.07656717 9.29914e-07
1747832943.107 96.351 0.07659324 7.92173e-07
1747832943.117 96.427 0.07662677 1.26457e-06
1747832943.127 96.503 0.07669288 1.46376e-06
1747832943.137 96.578 0.07671430 7.52244e-07
1747832943.147 96.654 0.07677482 9.61316e-07
1747832943.157 96.730 0.07681858 1.06151e-06
1747832943.167 96.805 0.07684931 1.23375e-06
1747832943.177 96.881 0.07690331 1.38054e-06
1747832943.187 96.956 0.07696198 8.85571e-07
1747832943.197 97.031 0.07703740 1.25518e-06
1747832943.207 97.107 0.07708395 7.16285e-07
1747832943.217 97.182 0.07716124 3.62725e-07
1747832943.227 97.257 0.07720686 4.69890e-07
1747832943.237 97.332 0.07726087 3.66827e-07
1747832943.247 97.407 0.07731953 3.10192e-07
1747832943.257 97.482 0.07737819 3.98501e-07
1747832943.267 97.557 0.07745082 4.13846e-07
1747832943.277 97.632 0.07753183 4.26007e-07
1747832943.287 97.707 0.07757745 3.58338e-07
1747832943.297 97.782 0.07763705 2.77857e-07
1747832943.307 97.857 0.07768733 3.82553e-07
1747832943.317 97.931 0.07773668 4.68749e-07
1747832943.327 98.006 0.07781769 4.49645e-07
1747832943.337 98.080 0.07791080 4.61645e-07
1747832943.347 98.155 0.07800205 3.97768e-07
1747832943.357 98.229 0.07803650 4.12595e-07
1747832943.367 98.304 0.07809051 5.45350e-07
1747832943.377 98.378 0.07819014 5.20875e-07
1747832943.387 98.452 0.07824415 5.64069e-07
1747832943.397 98.527 0.07829257 4.59903e-07
1747832943.407 98.601 0.07836240 6.87246e-07
1747832943.417 98.675 0.07842013 5.40281e-07
1747832943.427 98.749 0.07849835 6.75494e-07
1747832943.437 98.823 0.07856446 8.00232e-07
1747832943.447 98.897 0.07863243 7.06996e-07
1747832943.494 98.971 0.07890339 1.06522e-06
1747832943.501 99.045 0.07897881 1.20187e-06
1747832943.507 99.118 0.07902816 1.09496e-06
1747832943.517 99.192 0.07902816 1.30419e-06
1747832943.527 99.266 0.07908682 1.01266e-06
1747832943.537 99.339 0.07912779 9.98545e-07
1747832943.547 99.413 0.07917994 1.17046e-06
1747832943.557 99.487 0.07923953 1.31087e-06
1747832943.567 99.560 0.07929167 1.65068e-06
1747832943.577 99.633 0.07935871 1.64295e-06
1747832943.587 99.707 0.07941365 1.66925e-06
1747832943.597 99.780 0.07944996 2.35882e-06
1747832943.607 99.853 0.07951980 3.04871e-06
1747832943.617 99.926 0.07955518 3.40795e-06
1747832943.627 100.000 0.07957101 3.51923e-06
1747832943.637 100.073 0.07964178 4.44139e-06
1747832943.647 100.146 0.07967344 5.24125e-06
1747832943.657 100.219 0.07973396 5.94194e-06
1747832943.666 100.292 0.07977400 6.01143e-06
1747832943.676 100.364 0.07983732 7.23284e-06
1747832943.686 100.437 0.07987363 8.13464e-06
1747832943.696 100.510 0.07990250 1.05150e-05
1747832943.706 100.583 0.07996581 1.08530e-05
1747832943.716 100.655 0.07999654 1.17038e-05
1747832943.726 100.728 0.08003472 1.21539e-05
1747832943.736 100.801 0.08010455 1.27435e-05
1747832943.746 100.873 0.08014832 1.33014e-05
1747832943.756 100.945 0.08021629 1.43120e-05
1747832943.766 101.018 0.08028519 1.55015e-05
1747832943.776 101.090 0.08031964 1.52305e-05
1747832943.786 101.163 0.08036993 1.61050e-05
1747832943.796 101.235 0.08042859 1.56146e-05
1747832943.806 101.307 0.08049004 1.53758e-05
1747832943.816 101.379 0.08055801 1.38391e-05
1747832943.826 101.451 0.08059340 1.31496e-05
1747832943.836 101.523 0.08065113 1.13503e-05
1747832943.846 101.595 0.08074890 9.23467e-06
1747832943.856 101.667 0.08080198 9.26698e-06
1747832943.866 101.739 0.08085970 8.51949e-06
1747832943.876 101.811 0.08093513 6.89953e-06
1747832943.886 101.883 0.08098541 6.19576e-06
1747832943.896 101.954 0.08102824 5.22226e-06
1747832943.906 102.026 0.08112694 3.87068e-06
1747832943.916 102.098 0.08117536 2.65384e-06
1747832943.926 102.169 0.08126382 1.93542e-06
1747832943.936 102.241 0.08133644 1.34416e-06
1747832943.946 102.312 0.08137462 1.00038e-06
1747832943.956 102.384 0.08144259 8.69940e-07
1747832943.966 102.455 0.08148915 6.49035e-07
1747832943.976 102.526 0.08154688 5.47860e-07
1747832943.986 102.598 0.08161020 3.86346e-07
1747832943.996 102.669 0.08167444 3.80168e-07
1747832944.045 102.740 0.08195658 1.88619e-07
1747832944.051 102.811 0.08201059 3.48657e-07
1747832944.058 102.882 0.08206645 2.09118e-07
1747832944.071 102.953 0.08212698 2.15143e-07
1747832944.084 103.024 0.08218005 2.25432e-07
1747832944.097 103.095 0.08227782 1.95116e-07
1747832944.107 103.166 0.08227782 3.48527e-07
1747832944.121 103.237 0.08239421 3.47587e-07
1747832944.127 103.308 0.08246033 1.73523e-07
1747832944.139 103.378 0.08250781 2.16753e-07
1747832944.151 103.449 0.08254505 4.90933e-07
1747832944.157 103.520 0.08257765 3.36545e-07
1747832944.166 103.590 0.08257765 2.52750e-07
1747832944.176 103.661 0.08261117 2.88892e-07
1747832944.186 103.731 0.08267169 3.00652e-07
1747832944.196 103.802 0.08270614 3.42591e-07
1747832944.206 103.872 0.08274897 4.76181e-07
1747832944.216 103.943 0.08279367 3.12081e-07
1747832944.226 104.013 0.08283371 2.34592e-07
1747832944.236 104.083 0.08286350 2.51542e-07
1747832944.246 104.153 0.08291565 3.21906e-07
1747832944.256 104.224 0.08294451 5.64467e-07
1747832944.267 104.294 0.08303111 4.60963e-07
1747832944.276 104.364 0.08303111 2.00603e-07
1747832944.286 104.434 0.08305811 2.72452e-07
1747832944.296 104.504 0.08312050 2.42218e-07
1747832944.306 104.574 0.08314936 5.03832e-07
1747832944.316 104.644 0.08320244 3.52846e-07
1747832944.326 104.713 0.08327041 4.68478e-07
1747832944.336 104.783 0.08333001 3.06068e-07
1747832944.346 104.853 0.08336632 5.19097e-07
1747832944.356 104.923 0.08341008 5.15195e-07
1747832944.366 104.992 0.08347712 4.10409e-07
1747832944.376 105.062 0.08350692 4.96802e-07
1747832944.386 105.131 0.08356837 7.34204e-07
1747832944.396 105.201 0.08362890 3.38455e-07
1747832944.406 105.270 0.08369966 3.33601e-07
1747832944.416 105.340 0.08375087 3.90902e-07
1747832944.426 105.409 0.08383561 4.88886e-07
1747832944.436 105.478 0.08390079 4.28501e-07
1747832944.446 105.548 0.08396504 4.57222e-07
1747832944.456 105.617 0.08402649 3.53003e-07
1747832944.467 105.686 0.08414661 5.31616e-07
1747832944.476 105.755 0.08414661 3.07286e-07
1747832944.486 105.824 0.08421924 4.08020e-07
1747832944.496 105.894 0.08427790 4.88377e-07
1747832944.506 105.963 0.08434773 6.50325e-07
1747832944.516 106.031 0.08440546 8.06713e-07
1747832944.526 106.100 0.08446971 6.65574e-07
1747832944.536 106.169 0.08452651 1.68879e-06
1747832944.546 106.238 0.08460100 2.77615e-06
1747832944.575 106.307 0.08478537 3.30269e-06
1747832944.603 106.376 0.08491666 2.78079e-05
1747832944.610 106.444 0.08496694 3.34374e-05
1747832944.617 106.513 0.08500511 3.94450e-05
1747832944.626 106.582 0.08500511 4.91590e-05
1747832944.636 106.650 0.08504795 5.67907e-05
1747832944.646 106.719 0.08511592 5.83629e-05
1747832944.656 106.787 0.08517644 7.61038e-05
1747832944.666 106.856 0.08522021 7.73963e-05
1747832944.676 106.924 0.08527793 9.97566e-05
1747832944.686 106.992 0.08531611 1.10986e-04
1747832944.696 107.061 0.08538967 1.23637e-04
1747832944.706 107.129 0.08542133 1.46545e-04
1747832944.716 107.197 0.08546044 1.58002e-04
1747832944.726 107.265 0.08551444 1.69178e-04
1747832944.736 107.333 0.08555169 1.79454e-04
1747832944.746 107.402 0.08557869 2.03881e-04
1747832944.756 107.470 0.08561314 1.91250e-04
1747832944.766 107.538 0.08567088 2.09901e-04
1747832944.776 107.606 0.08573326 1.96145e-04
1747832944.786 107.673 0.08573326 2.24853e-04
1747832944.796 107.741 0.08580496 2.20389e-04
1747832944.806 107.809 0.08582730 2.33668e-04
1747832944.816 107.877 0.08585151 2.23859e-04
1747832944.826 107.945 0.08591483 2.20822e-04
1747832944.836 108.012 0.08596604 2.31206e-04
1747832944.846 108.080 0.08599398 2.16232e-04
1747832944.856 108.148 0.08604426 2.01677e-04
1747832944.866 108.215 0.08609827 2.32128e-04
1747832944.876 108.283 0.08616437 2.20868e-04
1747832944.886 108.350 0.08619231 2.14267e-04
1747832944.896 108.418 0.08624911 1.73269e-04
1747832944.906 108.485 0.08631895 1.69018e-04
1747832944.916 108.552 0.08638040 1.68211e-04
1747832944.926 108.620 0.08643348 1.44464e-04
1747832944.936 108.687 0.08648655 1.33638e-04
1747832944.946 108.754 0.08655359 1.41425e-04
1747832944.956 108.822 0.08661597 1.27177e-04
1747832944.966 108.889 0.08666905 1.14814e-04
1747832944.976 108.956 0.08672212 1.07848e-04
1747832944.986 109.023 0.08679103 8.92399e-05
1747832944.996 109.090 0.08684503 8.27674e-05
1747832945.006 109.157 0.08689159 7.30938e-05
1747832945.016 109.224 0.08695863 5.73058e-05
1747832945.026 109.291 0.08703499 4.13381e-05
1747832945.036 109.358 0.08710296 2.93043e-05
1747832945.046 109.424 0.08713834 2.05500e-05
1747832945.056 109.491 0.08719421 1.29527e-05
1747832945.066 109.558 0.08723518 1.05668e-05
1747832945.076 109.625 0.08730967 6.74034e-06
1747832945.086 109.691 0.08737857 4.68732e-06
1747832945.096 109.758 0.08743165 3.48540e-06
1747832945.126 109.825 0.08760577 3.07511e-06
1747832945.139 109.891 0.08768957 9.49877e-07
1747832945.146 109.958 0.08768957 6.08330e-07
1747832945.156 110.024 0.08773240 7.22049e-07
1747832945.166 110.091 0.08780224 6.72503e-07
1747832945.176 110.157 0.08785904 4.91087e-07
1747832945.186 110.223 0.08789815 4.37466e-07
1747832945.196 110.290 0.08796426 4.74979e-07
1747832945.206 110.356 0.08799685 5.50952e-07
1747832945.216 110.422 0.08805178 3.76722e-07
1747832945.226 110.488 0.08810672 4.03449e-07
1747832945.236 110.554 0.08814117 3.68652e-07
1747832945.246 110.620 0.08820729 3.36255e-07
1747832945.256 110.687 0.08822498 4.18055e-07
1747832945.268 110.753 0.08833671 3.84451e-07
1747832945.276 110.819 0.08833671 4.34214e-07
1747832945.286 110.884 0.08837302 2.66298e-07
1747832945.296 110.950 0.08843448 3.56393e-07
1747832945.306 111.016 0.08847173 3.49504e-07
1747832945.316 111.082 0.08849966 2.33136e-07
1747832945.326 111.148 0.08855832 3.49224e-07
1747832945.336 111.214 0.08861046 2.88416e-07
1747832945.347 111.279 0.08867751 2.55762e-07
1747832945.356 111.345 0.08867751 2.43367e-07
1747832945.366 111.411 0.08873058 2.79648e-07
1747832945.376 111.476 0.08878273 1.90719e-07
1747832945.386 111.542 0.08882556 1.99798e-07
1747832945.396 111.607 0.08887491 3.59194e-07
1747832945.406 111.673 0.08893077 4.12179e-07
1747832945.416 111.738 0.08899316 2.75706e-07
1747832945.429 111.804 0.08905368 2.23428e-07
1747832945.441 111.869 0.08912073 3.07258e-07
1747832945.450 111.934 0.08917753 1.89496e-07
1747832945.460 112.000 0.08922129 1.43534e-07
1747832945.473 112.065 0.08928647 3.37374e-07
1747832945.485 112.130 0.08935910 2.09476e-07
1747832945.491 112.195 0.08942893 2.08973e-07
1747832945.500 112.260 0.08944662 1.82288e-07
1747832945.510 112.326 0.08950621 1.75573e-07
1747832945.516 112.391 0.08958443 1.77954e-07
1747832945.526 112.456 0.08958443 2.63396e-07
1747832945.538 112.521 0.08967568 2.04683e-07
1747832945.546 112.586 0.08967568 1.59735e-07
1747832945.555 112.650 0.08973993 2.50625e-07
1747832945.566 112.715 0.08985539 2.43891e-07
1747832945.575 112.780 0.08985539 2.75279e-07
1747832945.585 112.845 0.08990102 2.95933e-07
1747832945.595 112.910 0.08999692 3.36161e-07
1747832945.605 112.974 0.09001927 3.69663e-07
1747832945.615 113.039 0.09006211 3.39048e-07
1747832945.625 113.104 0.09014218 4.43786e-07
1747832945.635 113.168 0.09018502 5.20512e-07
1747832945.686 113.233 0.09048577 7.29318e-07
1747832945.696 113.298 0.09048577 1.00723e-06
1747832945.706 113.362 0.09051277 1.20442e-06
1747832945.716 113.427 0.09057236 1.29990e-06
1747832945.726 113.491 0.09061706 1.33584e-06
1747832945.736 113.555 0.09066548 1.40116e-06
1747832945.746 113.620 0.09073997 1.48377e-06
1747832945.756 113.684 0.09076977 1.53893e-06
1747832945.766 113.748 0.09081632 1.48304e-06
1747832945.776 113.813 0.09087685 1.55726e-06
1747832945.786 113.877 0.09094482 1.52549e-06
1747832945.796 113.941 0.09098113 1.63224e-06
1747832945.806 114.005 0.09100534 1.69496e-06
1747832945.816 114.069 0.09106028 1.47202e-06
1747832945.826 114.133 0.09109287 1.54918e-06
1747832945.836 114.197 0.09111242 1.46896e-06
1747832945.845 114.261 0.09116550 1.58219e-06
1747832945.856 114.325 0.09121392 1.42038e-06
1747832945.866 114.389 0.09126979 1.37710e-06
1747832945.876 114.453 0.09129679 1.29384e-06
1747832945.886 114.517 0.09132565 1.34556e-06
1747832945.896 114.581 0.09135079 1.26031e-06
1747832945.906 114.645 0.09139642 1.25031e-06
1747832945.916 114.708 0.09142435 1.10794e-06
1747832945.926 114.772 0.09146346 1.06936e-06
1747832945.936 114.836 0.09150816 1.04584e-06
1747832945.946 114.899 0.09155564 1.06519e-06
1747832945.956 114.963 0.09157147 1.05209e-06
1747832945.966 115.026 0.09161151 1.05681e-06
1747832945.975 115.090 0.09167576 1.06116e-06
1747832945.986 115.154 0.09173163 1.04913e-06
1747832945.996 115.217 0.09179494 1.00642e-06
1747832946.006 115.280 0.09183405 1.10274e-06
1747832946.016 115.344 0.09187782 9.68995e-07
1747832946.026 115.407 0.09193182 9.66507e-07
1747832946.036 115.470 0.09197279 9.07331e-07
1747832946.046 115.534 0.09203611 9.17597e-07
1747832946.055 115.597 0.09207522 9.15480e-07
1747832946.066 115.660 0.09213853 8.05960e-07
1747832946.076 115.723 0.09221209 7.55390e-07
1747832946.086 115.787 0.09227541 6.99386e-07
1747832946.096 115.850 0.09233873 6.56838e-07
1747832946.106 115.913 0.09235922 6.66883e-07
1747832946.116 115.976 0.09243277 5.30810e-07
1747832946.125 116.039 0.09250447 5.25372e-07
1747832946.136 116.102 0.09256872 4.49790e-07
1747832946.146 116.165 0.09261062 3.72581e-07
1747832946.156 116.228 0.09265997 3.39689e-07
1747832946.166 116.291 0.09269535 1.95024e-07
1747832946.175 116.353 0.09276053 2.35921e-07
1747832946.186 116.416 0.09281919 1.75104e-07
1747832946.216 116.479 0.09303149 1.77709e-07
1747832946.240 116.542 0.09312181 1.66246e-07
1747832946.247 116.604 0.09316185 1.06014e-07
1747832946.255 116.667 0.09316185 1.77625e-07
1747832946.265 116.730 0.09321120 1.13406e-07
1747832946.275 116.792 0.09325869 1.78688e-07
1747832946.285 116.855 0.09332014 1.82951e-07
1747832946.295 116.918 0.09336763 1.90325e-07
1747832946.305 116.980 0.09342629 1.86399e-07
1747832946.315 117.043 0.09346820 1.45652e-07
1747832946.325 117.105 0.09349520 2.12306e-07
1747832946.335 117.167 0.09352779 2.49392e-07
1747832946.345 117.230 0.09357248 1.74741e-07
1747832946.355 117.292 0.09361252 2.02543e-07
1747832946.365 117.354 0.09367025 1.62838e-07
1747832946.375 117.417 0.09372891 2.36889e-07
1747832946.387 117.479 0.09377547 2.40909e-07
1747832946.396 117.541 0.09380992 1.64700e-07
1747832946.405 117.603 0.09384251 2.30021e-07
1747832946.417 117.665 0.09388906 2.21889e-07
1747832946.426 117.728 0.09395797 2.08358e-07
1747832946.435 117.790 0.09395797 2.01891e-07
1747832946.445 117.852 0.09397659 1.37156e-07
1747832946.455 117.914 0.09400546 2.40336e-07
1747832946.465 117.976 0.09404550 1.33411e-07
1747832946.475 118.038 0.09409391 2.24883e-07
1747832946.485 118.100 0.09415258 1.82656e-07
1747832946.495 118.161 0.09418517 2.02547e-07
1747832946.505 118.223 0.09423545 1.85709e-07
1747832946.515 118.285 0.09429876 1.30197e-07
1747832946.525 118.347 0.09432763 1.85352e-07
1747832946.535 118.409 0.09438350 1.73406e-07
1747832946.545 118.470 0.09443192 1.93886e-07
1747832946.555 118.532 0.09445519 1.62179e-07
1747832946.565 118.594 0.09452037 1.27746e-07
1747832946.575 118.655 0.09456227 1.68915e-07
1747832946.585 118.717 0.09459487 1.67657e-07
1747832946.595 118.778 0.09467122 1.72745e-07
1747832946.605 118.840 0.09474478 1.51326e-07
1747832946.615 118.902 0.09480437 1.15463e-07
1747832946.625 118.963 0.09484069 1.95791e-07
1747832946.635 119.024 0.09490121 1.30472e-07
1747832946.645 119.086 0.09494590 1.50893e-07
1747832946.655 119.147 0.09498222 1.67121e-07
1747832946.665 119.209 0.09504554 8.44418e-08
1747832946.675 119.270 0.09510885 1.81652e-07
1747832946.685 119.331 0.09516751 1.10441e-07
1747832946.695 119.392 0.09523270 1.34563e-07
1747832946.705 119.454 0.09527646 1.22876e-07
1747832946.715 119.515 0.09530904 8.13060e-08
1747832946.725 119.576 0.09539750 1.52980e-07
1747832946.735 119.637 0.09544871 1.03137e-07
1747832946.765 119.698 0.09555300 1.25852e-07
1747832946.775 119.759 0.09564891 1.22727e-07
1747832946.785 119.820 0.09564891 9.65046e-08
1747832946.795 119.881 0.09570757 1.21697e-07
1747832946.805 119.942 0.09575785 1.52172e-07
1747832946.815 120.003 0.09582396 7.53225e-08
1747832946.825 120.064 0.09587331 1.30597e-07
1747832946.835 120.125 0.09591708 1.13401e-07
1747832946.845 120.186 0.09597481 1.39042e-07
1747832946.855 120.247 0.09601205 1.83314e-07
1747832946.865 120.307 0.09605116 7.93182e-08
1747832946.875 120.368 0.09609585 1.49299e-07
1747832946.885 120.429 0.09613031 1.27718e-07
1747832946.895 120.489 0.09616103 1.51895e-07
1747832946.905 120.550 0.09621038 1.44188e-07
1747832946.915 120.611 0.09627556 9.01471e-08
1747832946.925 120.671 0.09631281 1.77133e-07
1747832946.935 120.732 0.09633050 1.37921e-07
1747832946.945 120.792 0.09639195 1.66259e-07
1747832946.955 120.853 0.09642641 1.53624e-07
1747832946.965 120.913 0.09646179 2.10758e-07
1747832946.975 120.974 0.09651580 2.43448e-07
1747832946.985 121.034 0.09653162 2.69626e-07
1747832946.995 121.095 0.09658936 3.23473e-07
1747832947.005 121.155 0.09663498 4.32345e-07
1747832947.015 121.215 0.09666850 4.34312e-07
1747832947.025 121.276 0.09670295 5.84768e-07
1747832947.035 121.336 0.09676068 6.90371e-07
1747832947.045 121.396 0.09682121 8.82645e-07
1747832947.055 121.456 0.09682679 1.00569e-06
1747832947.065 121.516 0.09691153 1.01859e-06
1747832947.075 121.577 0.09695064 1.41590e-06
1747832947.085 121.637 0.09698974 1.54104e-06
1747832947.095 121.697 0.09705958 1.76887e-06
1747832947.105 121.757 0.09706889 1.75822e-06
1747832947.115 121.817 0.09713035 2.21221e-06
1747832947.125 121.877 0.09719738 2.73723e-06
1747832947.135 121.937 0.09725046 2.99009e-06
1747832947.145 121.997 0.09732682 2.89238e-06
1747832947.155 122.057 0.09737616 3.37287e-06
1747832947.165 122.117 0.09740875 3.47702e-06
1747832947.175 122.176 0.09749535 3.89431e-06
1747832947.185 122.236 0.09753539 4.85676e-06
1747832947.195 122.296 0.09757822 5.15445e-06
1747832947.205 122.356 0.09762943 5.25121e-06
1747832947.215 122.416 0.09768251 6.77592e-06
1747832947.224 122.475 0.09773279 7.18650e-06
1747832947.234 122.535 0.09778680 7.05987e-06
1747832947.245 122.595 0.09781752 7.94096e-06
1747832947.254 122.654 0.09785383 8.19714e-06
1747832947.264 122.714 0.09791064 8.07379e-06
1747832947.295 122.773 0.09811549 9.07324e-06
1747832947.305 122.833 0.09814621 9.97638e-06
1747832947.315 122.892 0.09814621 9.27009e-06
1747832947.325 122.952 0.09819556 9.91500e-06
1747832947.335 123.011 0.09824957 1.01376e-05
1747832947.345 123.071 0.09831009 9.26476e-06
1747832947.355 123.130 0.09837527 9.91976e-06
1747832947.365 123.189 0.09839575 8.83158e-06
1747832947.375 123.249 0.09845349 8.64086e-06
1747832947.385 123.308 0.09849259 8.63021e-06
1747832947.395 123.367 0.09854288 8.55802e-06
1747832947.405 123.427 0.09857267 7.97957e-06
1747832947.415 123.486 0.09860247 7.63389e-06
1747832947.425 123.545 0.09865368 6.71132e-06
1747832947.435 123.604 0.09870024 6.98730e-06
1747832947.445 123.663 0.09874958 5.97014e-06
1747832947.455 123.722 0.09879801 6.43614e-06
1747832947.465 123.781 0.09882780 5.66592e-06
1747832947.475 123.840 0.09887249 6.10956e-06
1747832947.485 123.900 0.09891254 5.64094e-06
1747832947.495 123.958 0.09894512 5.47492e-06
1747832947.505 124.017 0.09897864 5.51231e-06
1747832947.514 124.076 0.09902334 5.66493e-06
1747832947.524 124.135 0.09905686 5.49126e-06
1747832947.534 124.194 0.09908572 5.24376e-06
1747832947.544 124.253 0.09912949 5.77920e-06
1747832947.554 124.312 0.09917698 4.68067e-06
1747832947.564 124.371 0.09921981 5.44025e-06
1747832947.574 124.429 0.09924774 5.27323e-06
1747832947.584 124.488 0.09928685 5.85050e-06
1747832947.594 124.547 0.09934365 5.72101e-06
1747832947.604 124.606 0.09939300 5.53909e-06
1747832947.614 124.664 0.09943956 5.23589e-06
1747832947.624 124.723 0.09947122 5.44749e-06
1747832947.634 124.781 0.09955968 5.41846e-06
1747832947.644 124.840 0.09960157 5.44474e-06
1747832947.654 124.899 0.09964069 5.44366e-06
1747832947.664 124.957 0.09970865 5.37530e-06
1747832947.674 125.016 0.09976918 4.45031e-06
1747832947.684 125.074 0.09978966 4.53712e-06
1747832947.694 125.132 0.09982225 4.28541e-06
1747832947.704 125.191 0.09987626 4.42411e-06
1747832947.714 125.249 0.09993213 4.05148e-06
1747832947.724 125.308 0.10000104 3.87558e-06
1747832947.734 125.366 0.10005411 3.61301e-06
1747832947.744 125.424 0.10008576 3.44678e-06
1747832947.754 125.482 0.10013697 3.17393e-06
1747832947.764 125.541 0.10020401 2.83349e-06
1747832947.774 125.599 0.10027199 2.45218e-06
1747832947.784 125.657 0.10031110 2.09419e-06
1747832947.794 125.715 0.10032320 1.85183e-06
1747832947.804 125.773 0.10035393 1.42520e-06
1747832947.854 125.832 0.10063235 6.93439e-07
1747832947.860 125.890 0.10066214 4.03755e-07
1747832947.866 125.948 0.10070963 4.66407e-07
1747832947.875 126.006 0.10070963 4.74373e-07
1747832947.884 126.064 0.10077480 3.47431e-07
1747832947.894 126.122 0.10080367 2.90269e-07
1747832947.904 126.180 0.10083812 2.55229e-07
1747832947.914 126.238 0.10090330 1.75347e-07
1747832947.924 126.295 0.10094986 1.50885e-07
1747832947.934 126.353 0.10097127 1.58537e-07
1747832947.944 126.411 0.10101690 1.50479e-07
1747832947.954 126.469 0.10105693 1.17810e-07
1747832947.964 126.527 0.10108488 8.40931e-08
1747832947.974 126.585 0.10113329 1.35872e-07
1747832947.984 126.642 0.10117054 5.77557e-08
1747832947.994 126.700 0.10121802 8.92023e-08
1747832948.004 126.758 0.10125340 5.89587e-08
1747832948.014 126.815 0.10129344 4.68320e-09
1747832948.024 126.873 0.10129623 7.88131e-08
1747832948.034 126.931 0.10133721 3.28110e-09
1747832948.044 126.988 0.10137818 2.06127e-08
1747832948.093 127.046 0.10157186 -4.71892e-08
1747832948.100 127.103 0.10161655 -3.08444e-08
1747832948.166 127.161 0.10193499 -1.12944e-08
1747832948.174 127.218 0.10193499 1.22389e-08
1747832948.184 127.276 0.10197225 -5.89450e-09
1747832948.226 127.333 0.10217057 1.31198e-08
1747832948.234 127.390 0.10217057 -4.98533e-09
1747832948.244 127.448 0.10220503 1.02667e-08
1747832948.254 127.505 0.10223669 -6.59324e-09
1747832948.264 127.562 0.10225531 -3.89513e-09
1747832948.274 127.620 0.10228790 6.66427e-09
1747832948.284 127.677 0.10230466 -1.30348e-08
1747832948.294 127.734 0.10234376 5.64941e-09
1747832948.304 127.792 0.10233818 -9.51383e-09
1747832948.314 127.849 0.10234842 -3.19202e-09
1747832948.324 127.906 0.10237635 5.52624e-09
1747832948.334 127.963 0.10238287 -1.08930e-08
1747832948.344 128.020 0.10237449 6.88919e-09
1747832948.354 128.077 0.10240521 -8.77299e-09
1747832948.383 128.134 0.10245550 6.11423e-09
1747832948.408 128.191 0.10252906 2.09599e-08
1747832948.428 128.248 0.10259237 8.31959e-09
1747832948.435 128.305 0.10263801 1.33895e-08
1747832948.450 128.362 0.10264453 1.50225e-08
1747832948.457 128.419 0.10269201 3.53483e-08
1747832948.464 128.476 0.10269201 9.13560e-09
1747832948.474 128.533 0.10272088 7.54754e-08
1747832948.525 128.590 0.10302256 1.05419e-07
1747832948.537 128.647 0.10303280 2.04620e-07
1747832948.544 128.704 0.10303280 4.47892e-07
1747832948.554 128.760 0.10305516 9.26905e-07
1747832948.564 128.817 0.10311009 9.36284e-07
1747832948.574 128.874 0.10314547 1.25908e-06
1747832948.584 128.931 0.10318644 2.02751e-06
1747832948.594 128.987 0.10321251 3.75279e-06
1747832948.604 129.044 0.10326838 5.60276e-06
1747832948.614 129.101 0.10331587 5.57433e-06
1747832948.624 129.157 0.10333356 7.36167e-06
1747832948.634 129.214 0.10336522 7.86610e-06
1747832948.644 129.270 0.10340898 1.19494e-05
1747832948.654 129.327 0.10342388 1.29978e-05
1747832948.664 129.383 0.10344716 1.20274e-05
1747832948.674 129.440 0.10348068 1.51809e-05
1747832948.684 129.496 0.10350395 1.78120e-05
1747832948.694 129.553 0.10352165 1.71971e-05
1747832948.704 129.609 0.10354028 2.15514e-05
1747832948.714 129.666 0.10358962 2.40058e-05
1747832948.724 129.722 0.10360918 2.80849e-05
1747832948.734 129.778 0.10363804 3.20616e-05
1747832948.744 129.835 0.10367249 3.05806e-05
1747832948.754 129.891 0.10370787 3.79728e-05
1747832948.764 129.947 0.10373394 3.89130e-05
1747832948.774 130.003 0.10378237 4.21494e-05
1747832948.784 130.060 0.10382986 4.08195e-05
1747832948.794 130.116 0.10386710 4.59248e-05
1747832948.804 130.172 0.10390155 4.59232e-05
1747832948.814 130.228 0.10394346 6.08285e-05
1747832948.824 130.284 0.10397139 6.02900e-05
1747832948.834 130.340 0.10403191 6.69842e-05
1747832948.844 130.396 0.10409243 7.11207e-05
1747832948.854 130.452 0.10412409 7.29555e-05
1747832948.864 130.508 0.10417066 8.75758e-05
1747832948.874 130.564 0.10422466 8.11461e-05
1747832948.884 130.620 0.10428611 9.46857e-05
1747832948.894 130.676 0.10433080 9.65485e-05
1747832948.904 130.732 0.10440623 1.13722e-04
1747832948.933 130.788 0.10452634 1.13778e-04
1747832948.944 130.844 0.10466229 1.40320e-04
1747832948.954 130.900 0.10466229 1.41986e-04
1747832948.964 130.956 0.10472468 1.44096e-04
1747832948.974 131.012 0.10476471 1.58026e-04
1747832948.984 131.067 0.10480475 1.47311e-04
1747832948.994 131.123 0.10485038 1.34047e-04
1747832949.004 131.179 0.10489880 1.37906e-04
1747832949.014 131.235 0.10493977 1.63350e-04
1747832949.024 131.290 0.10497608 1.51783e-04
1747832949.034 131.346 0.10500401 1.51195e-04
1747832949.043 131.402 0.10505615 1.40084e-04
1747832949.053 131.457 0.10509620 1.50969e-04
1747832949.063 131.513 0.10513903 1.34042e-04
1747832949.073 131.568 0.10515765 1.21664e-04
1747832949.083 131.624 0.10520235 1.28280e-04
1747832949.093 131.680 0.10523866 1.23256e-04
1747832949.103 131.735 0.10527312 1.11553e-04
1747832949.113 131.791 0.10532433 1.00596e-04
1747832949.123 131.846 0.10536809 1.07975e-04
1747832949.133 131.901 0.10538951 9.90651e-05
1747832949.143 131.957 0.10540813 8.57896e-05
1747832949.153 132.012 0.10544258 8.47597e-05
1747832949.163 132.068 0.10547796 8.98017e-05
1747832949.173 132.123 0.10549287 8.48308e-05
1747832949.183 132.178 0.10555339 8.33770e-05
1747832949.193 132.234 0.10558877 7.56674e-05
1747832949.203 132.289 0.10563812 7.42579e-05
1747832949.213 132.344 0.10566791 7.57009e-05
1747832949.223 132.399 0.10570796 7.25992e-05
1747832949.233 132.454 0.10573868 6.38507e-05
1747832949.243 132.510 0.10577313 7.31293e-05
1747832949.253 132.565 0.10583738 6.52463e-05
1747832949.263 132.620 0.10589045 5.98044e-05
1747832949.273 132.675 0.10593795 6.04749e-05
1747832949.283 132.730 0.10598264 6.93716e-05
1747832949.293 132.785 0.10602175 6.23608e-05
1747832949.303 132.840 0.10607016 6.09599e-05
1747832949.313 132.895 0.10612137 7.04947e-05
1747832949.323 132.950 0.10615489 6.29261e-05
1747832949.333 133.005 0.10621729 6.23630e-05
1747832949.343 133.060 0.10628898 6.58817e-05
1747832949.353 133.115 0.10633367 6.26919e-05
1747832949.363 133.170 0.10638955 6.75023e-05
1747832949.373 133.225 0.10644262 7.82141e-05
1747832949.383 133.280 0.10647148 7.61611e-05
1747832949.393 133.335 0.10651525 6.66110e-05
1747832949.403 133.389 0.10655901 8.00208e-05
1747832949.413 133.444 0.10660743 6.69619e-05
1747832949.423 133.499 0.10665119 7.67420e-05
1747832949.433 133.554 0.10666051 7.52965e-05
1747832949.443 133.608 0.10670147 7.57269e-05
1747832949.490 133.663 0.10694543 6.68688e-05
1747832949.501 133.718 0.10698174 5.78785e-05
1747832949.520 133.773 0.10709255 5.45448e-05
1747832949.526 133.827 0.10713259 4.86625e-05
1747832949.533 133.882 0.10713259 4.99901e-05
1747832949.543 133.936 0.10717914 5.01877e-05
1747832949.553 133.991 0.10722291 3.26911e-05
1747832949.563 134.045 0.10726388 3.65066e-05
1747832949.573 134.100 0.10731230 2.88940e-05
1747832949.583 134.154 0.10733744 2.16758e-05
1747832949.593 134.209 0.10736910 2.03388e-05
1747832949.603 134.263 0.10740355 2.12597e-05
1747832949.613 134.318 0.10744452 1.89896e-05
1747832949.623 134.372 0.10746034 1.65138e-05
1747832949.633 134.427 0.10750132 1.44803e-05
1747832949.643 134.481 0.10751343 1.37531e-05
1747832949.653 134.535 0.10756184 1.38459e-05
1747832949.663 134.590 0.10759443 1.21460e-05
1747832949.673 134.644 0.10761398 1.17449e-05
1747832949.683 134.698 0.10763819 1.08457e-05
1747832949.693 134.753 0.10768569 1.03513e-05
1747832949.703 134.807 0.10772107 8.61117e-06
1747832949.713 134.861 0.10775645 7.63755e-06
1747832949.723 134.915 0.10778625 7.58294e-06
1747832949.733 134.969 0.10782628 6.38906e-06
1747832949.743 135.024 0.10783373 6.20951e-06
1747832949.753 135.078 0.10787191 6.65047e-06
1747832949.763 135.132 0.10790449 4.70008e-06
1747832949.773 135.186 0.10795199 4.74863e-06
1747832949.783 135.240 0.10801717 3.48988e-06
1747832949.793 135.294 0.10806000 4.45350e-06
1747832949.803 135.348 0.10809072 4.30222e-06
1747832949.813 135.402 0.10809724 4.06147e-06
1747832949.823 135.456 0.10811867 3.08340e-06
1747832949.833 135.510 0.10817453 3.69086e-06
1747832949.843 135.564 0.10826019 3.00505e-06
1747832949.853 135.618 0.10832630 2.73825e-06
1747832949.863 135.672 0.10835890 2.49395e-06
1747832949.873 135.726 0.10838962 2.37745e-06
1747832949.883 135.779 0.10844921 1.83937e-06
1747832949.893 135.833 0.10851253 1.75510e-06
1747832949.903 135.887 0.10854698 1.62489e-06
1747832949.913 135.941 0.10857584 1.08547e-06
1747832949.923 135.995 0.10866058 1.37543e-06
1747832949.933 136.048 0.10871924 1.30311e-06
1747832949.943 136.102 0.10875276 1.34699e-06
1747832949.953 136.156 0.10881050 1.14771e-06
1747832949.963 136.209 0.10885426 1.10392e-06
1747832949.973 136.263 0.10889150 1.11826e-06
1747832949.983 136.317 0.10894737 8.24071e-07
1747832949.993 136.370 0.10898275 9.41386e-07
1747832950.025 136.424 0.10916432 7.66709e-07
1747832950.048 136.478 0.10923229 5.65316e-07
1747832950.054 136.531 0.10927048 5.89038e-07
1747832950.063 136.585 0.10927048 4.81848e-07
1747832950.073 136.638 0.10932448 3.73656e-07
1747832950.083 136.692 0.10937383 4.79549e-07
1747832950.093 136.745 0.10942969 3.85908e-07
1747832950.103 136.799 0.10945019 4.30934e-07
1747832950.113 136.852 0.10946321 3.58484e-07
1747832950.123 136.905 0.10951443 5.57778e-07
1747832950.134 136.959 0.10960661 3.23260e-07
1747832950.143 137.012 0.10960661 4.19493e-07
1747832950.153 137.065 0.10963454 4.20880e-07
1747832950.163 137.119 0.10966434 2.49918e-07
1747832950.173 137.172 0.10970252 4.13266e-07
1747832950.183 137.225 0.10973046 1.69006e-07
1747832950.193 137.279 0.10975839 2.96114e-07
1747832950.203 137.332 0.10979843 3.46575e-07
1747832950.213 137.385 0.10981798 3.08649e-07
1747832950.223 137.438 0.10986640 3.83249e-07
1747832950.233 137.491 0.10988129 3.22302e-07
1747832950.243 137.545 0.10991668 3.21788e-07
1747832950.253 137.598 0.10995579 2.25700e-07
1747832950.263 137.651 0.10999024 2.57327e-07
1747832950.273 137.704 0.11002097 3.97094e-07
1747832950.283 137.757 0.11006473 3.74623e-07
1747832950.293 137.810 0.11009080 3.63056e-07
1747832950.303 137.863 0.11010197 3.00114e-07
1747832950.313 137.916 0.11014574 2.77315e-07
1747832950.324 137.969 0.11023513 2.43712e-07
1747832950.333 138.022 0.11023513 3.54841e-07
1747832950.343 138.075 0.11028820 2.62554e-07
1747832950.353 138.128 0.11034034 3.91612e-07
1747832950.363 138.181 0.11040925 3.78579e-07
1747832950.373 138.234 0.11045301 3.71842e-07
1747832950.383 138.287 0.11048746 3.59815e-07
1747832950.393 138.340 0.11051353 4.00810e-07
1747832950.403 138.392 0.11055824 2.99108e-07
1747832950.413 138.445 0.11061224 3.50589e-07
1747832950.423 138.498 0.11064762 4.91465e-07
1747832950.433 138.551 0.11069325 3.57977e-07
1747832950.443 138.604 0.11074911 3.66080e-07
1747832950.453 138.656 0.11077892 3.16974e-07
1747832950.463 138.709 0.11083106 3.88571e-07
1747832950.473 138.762 0.11090554 4.60056e-07
1747832950.483 138.814 0.11093348 2.82743e-07
1747832950.493 138.867 0.11098284 4.49339e-07
1747832950.503 138.920 0.11104242 4.41797e-07
1747832950.513 138.972 0.11108712 3.45564e-07
1747832950.523 139.025 0.11111691 4.64165e-07
1747832950.533 139.077 0.11115881 3.20226e-07
1747832950.543 139.130 0.11120538 4.30347e-07
