1789956737.686 31.725 0.03408138 1.48806e-06
1789956737.692 31.870 0.03408138 1.44985e-06
1789956737.702 32.015 0.03407114 1.51551e-06
1789956737.712 32.159 0.03408417 1.48466e-06
1789956737.722 32.303 0.03406183 1.58909e-06
1789956737.732 32.446 0.03404693 1.58966e-06
1789956737.742 32.588 0.03407021 1.61767e-06
1789956737.752 32.730 0.03406834 1.60551e-06
1789956737.762 32.871 0.03404041 1.70880e-06
1789956737.772 33.012 0.03402923 1.73371e-06
1789956737.782 33.152 0.03404227 1.71503e-06
1789956737.792 33.291 0.03405251 1.77418e-06
1789956737.802 33.430 0.03407114 1.78917e-06
1789956737.812 33.568 0.03406834 1.78663e-06
1789956737.822 33.705 0.03407021 1.81068e-06
1789956737.832 33.842 0.03410279 1.76823e-06
1789956737.842 33.979 0.03411210 1.82455e-06
1789956737.852 34.115 0.03414935 1.72550e-06
1789956737.862 34.250 0.03421453 1.68758e-06
1789956737.872 34.385 0.03427598 1.53334e-06
1789956737.882 34.519 0.03431509 1.45891e-06
1789956737.892 34.653 0.03439424 1.33326e-06
1789956737.902 34.787 0.03446687 1.17647e-06
1789956737.912 34.919 0.03459164 1.00016e-06
1789956737.922 35.052 0.03471269 7.34704e-07
1789956737.932 35.183 0.03482535 4.06986e-07
1789956737.942 35.315 0.03494826 1.31906e-07
1789956737.952 35.446 0.03509724 2.32328e-08
1789956737.962 35.576 0.03524623 2.88929e-08
1789956737.972 35.706 0.03537472 1.70067e-08
1789956737.982 35.835 0.03554140 1.27617e-08
1789956737.992 35.964 0.03569038 2.66289e-08
1789956738.002 36.092 0.03586543 9.08264e-09
1789956738.012 36.220 0.03601255 2.66289e-08
1789956738.022 36.348 0.03617271 1.50257e-08
1789956738.032 36.475 0.03634031 1.41767e-08
1789956738.042 36.602 0.03651443 2.40818e-08
1789956738.052 36.728 0.03667738 7.38462e-09
1789956738.062 36.854 0.03683381 2.32328e-08
1789956738.072 36.979 0.03698093 1.16297e-08
1789956738.082 37.104 0.03711315 1.04977e-08
1789956738.092 37.229 0.03724910 2.06858e-08
1789956738.102 37.353 0.03738318 3.13957e-09
1789956738.112 37.476 0.03752006 1.89878e-08
1789956738.122 37.600 0.03764949 7.95063e-09
1789956738.132 37.723 0.03775843 7.38462e-09
1789956738.142 37.845 0.03787482 1.81388e-08
1789956738.152 37.967 0.03801076 2.65337e-11
1789956738.162 38.089 0.03809177 1.70067e-08
1789956738.172 38.210 0.03821934 7.66763e-09
1789956738.182 38.331 0.03832083 7.66763e-09
1789956738.192 38.452 0.03841022 1.92708e-08
1789956738.202 38.572 0.03851637 1.15855e-09
1789956738.212 38.692 0.03860110 1.78558e-08
1789956738.222 38.811 0.03868863 7.66763e-09
1789956738.232 38.930 0.03877057 7.38462e-09
1789956738.242 39.049 0.03886368 1.84218e-08
1789956738.252 39.167 0.03894469 5.92541e-10
1789956738.262 39.285 0.03903688 1.72897e-08
1789956738.272 39.403 0.03914116 6.53561e-09
1789956738.282 39.520 0.03923148 6.81862e-09
1789956738.292 39.637 0.03931528 1.70067e-08
1789956738.302 39.754 0.03942050 8.75544e-10
1789956738.312 39.870 0.03950430 1.72897e-08
1789956738.322 39.986 0.03961883 7.38462e-09
1789956738.332 40.101 0.03970450 8.23363e-09
1789956738.342 40.217 0.03979947 1.70067e-08
1789956738.352 40.332 0.03992704 1.15855e-09
1789956738.362 40.446 0.04002946 1.78558e-08
1789956738.372 40.560 0.04015517 6.53561e-09
1789956738.382 40.674 0.04025014 8.23363e-09
1789956738.392 40.788 0.04037771 1.61577e-08
1789956738.402 40.901 0.04049782 -1.38848e-09
1789956738.412 41.014 0.04057418 1.70067e-08
1789956738.422 41.127 0.04067940 6.25261e-09
1789956738.432 41.239 0.04079765 7.10162e-09
1789956738.442 41.351 0.04090939 1.53087e-08
1789956738.452 41.463 0.04101181 -8.22477e-10
1789956738.462 41.575 0.04111703 1.75728e-08
1789956738.472 41.686 0.04122690 7.10162e-09
1789956738.482 41.797 0.04133864 7.95063e-09
1789956738.492 41.907 0.04145969 1.61577e-08
1789956738.502 42.018 0.04160587 -5.39473e-10
1789956738.512 42.128 0.04170085 1.61577e-08
1789956738.522 42.237 0.04177907 6.53561e-09
1789956738.532 42.347 0.04188987 7.95063e-09
1789956738.542 42.456 0.04202675 1.58747e-08
1789956738.552 42.565 0.04213569 -1.38848e-09
1789956738.562 42.673 0.04223253 1.70067e-08
1789956738.572 42.782 0.04235823 6.81862e-09
1789956738.582 42.890 0.04244297 8.51664e-09
1789956738.592 42.998 0.04253421 1.61577e-08
1789956738.602 43.105 0.04264223 3.09537e-10
1789956738.612 43.212 0.04273348 1.72897e-08
1789956738.622 43.319 0.04282845 7.38462e-09
1789956738.632 43.426 0.04292343 9.36565e-09
1789956738.642 43.532 0.04302678 1.58747e-08
1789956738.652 43.639 0.04313293 -1.10548e-09
1789956738.662 43.745 0.04321488 1.64407e-08
1789956738.672 43.850 0.04331544 5.96961e-09
1789956738.682 43.956 0.04341972 8.23363e-09
1789956738.692 44.061 0.04350818 1.58747e-08
1789956738.702 44.166 0.04359105 2.65337e-11
1789956738.712 44.270 0.04369348 1.75728e-08
1789956738.722 44.375 0.04378659 6.81862e-09
1789956738.732 44.479 0.04388715 8.51664e-09
1789956738.742 44.583 0.04396909 1.53087e-08
1789956738.752 44.687 0.04408362 2.65337e-11
1789956738.762 44.790 0.04419815 1.72897e-08
1789956738.772 44.893 0.04426985 6.81862e-09
1789956738.782 44.996 0.04437321 8.23363e-09
1789956738.792 45.099 0.04445421 1.47427e-08
1789956738.802 45.201 0.04457433 -8.22477e-10
1789956738.812 45.304 0.04466186 1.78558e-08
1789956738.822 45.406 0.04477359 5.96961e-09
1789956738.832 45.508 0.04487416 8.51664e-09
1789956738.842 45.609 0.04495516 1.53087e-08
1789956738.852 45.711 0.04507900 8.75544e-10
1789956738.862 45.812 0.04515070 1.87048e-08
1789956738.872 45.913 0.04525127 7.66763e-09
1789956738.882 46.013 0.04535928 9.64865e-09
1789956738.892 46.114 0.04543935 1.75728e-08
1789956738.902 46.214 0.04551478 1.15855e-09
1789956738.912 46.314 0.04564048 2.04028e-08
1789956738.922 46.414 0.04575594 7.95063e-09
1789956738.932 46.513 0.04583881 1.02147e-08
1789956738.942 46.613 0.04591237 1.81388e-08
1789956738.952 46.712 0.04600455 2.85657e-09
1789956738.962 46.811 0.04610325 1.98368e-08
1789956738.972 46.910 0.04619544 8.51664e-09
1789956738.982 47.008 0.04630065 1.13467e-08
1789956738.992 47.107 0.04639656 1.89878e-08
1789956739.002 47.205 0.04648036 3.13957e-09
1789956739.012 47.303 0.04657348 2.01198e-08
1789956739.022 47.401 0.04667218 8.23363e-09
1789956739.032 47.498 0.04678577 1.21957e-08
1789956739.042 47.595 0.04687423 1.92708e-08
1789956739.052 47.693 0.04695804 8.75544e-10
1789956739.062 47.789 0.04705580 1.81388e-08
1789956739.072 47.886 0.04713495 2.29056e-09
1789956739.082 47.983 0.04721410 6.81862e-09
1789956739.092 48.079 0.04730628 1.61577e-08
1789956739.101 48.175 0.04739939 8.75544e-10
1789956739.111 48.271 0.04748599 1.87048e-08
1789956739.121 48.367 0.04758376 5.40360e-09
1789956739.131 48.463 0.04767222 1.16297e-08
1789956739.141 48.558 0.04774950 1.89878e-08
1789956739.151 48.653 0.04785192 5.92541e-10
1789956739.161 48.748 0.04794410 1.81388e-08
1789956739.171 48.843 0.04802605 6.53561e-09
1789956739.181 48.938 0.04810240 3.99300e-08
1789956739.191 49.032 0.04820668 2.10298e-07
1789956739.201 49.127 0.04829328 1.06101e-06
1789956739.211 49.221 0.04837708 4.17489e-06
1789956739.221 49.315 0.04847951 8.69899e-06
1789956739.231 49.408 0.04857355 1.37449e-05
1789956739.241 49.502 0.04865363 1.38675e-05
1789956739.251 49.595 0.04874954 1.26480e-05
1789956739.261 49.689 0.04882496 1.01879e-05
1789956739.271 49.782 0.04889759 7.08134e-06
1789956739.281 49.875 0.04898791 4.83571e-06
1789956739.291 49.967 0.04910616 2.87110e-06
1789956739.301 50.060 0.04919089 1.84210e-06
1789956739.311 50.152 0.04927749 9.43843e-07
1789956739.321 50.244 0.04935477 5.19338e-07
1789956739.331 50.336 0.04943857 2.21052e-07
1789956739.341 50.428 0.04953355 1.41245e-07
1789956739.351 50.520 0.04962108 4.67221e-08
1789956739.361 50.611 0.04970022 4.89861e-08
1789956739.371 50.703 0.04976168 2.21008e-08
1789956739.381 50.794 0.04986317 2.32328e-08
1789956739.391 50.885 0.04998515 2.97419e-08
1789956739.401 50.976 0.05006616 7.66763e-09
1789956739.411 51.067 0.05013506 2.52138e-08
1789956739.421 51.157 0.05021980 6.25261e-09
1789956739.431 51.248 0.05029895 1.16297e-08
1789956739.441 51.338 0.05040975 1.33277e-08
1789956739.451 51.428 0.05049076 -7.61456e-09
1789956739.461 51.518 0.05058014 1.47427e-08
1789956739.471 51.608 0.05065929 7.95063e-09
1789956739.481 51.697 0.05072913 1.70067e-08
1789956739.491 51.787 0.05081666 2.49308e-08
1789956739.501 51.876 0.05090604 1.27617e-08
1789956739.511 51.965 0.05100102 4.24770e-08
1789956739.521 52.054 0.05107365 4.21941e-08
1789956739.531 52.143 0.05114255 7.24754e-08
1789956739.541 52.232 0.05121890 1.08983e-07
1789956739.551 52.320 0.05131760 1.11813e-07
1789956739.561 52.408 0.05141258 2.44825e-07
1789956739.571 52.497 0.05150849 7.14610e-07
1789956739.581 52.585 0.05160160 4.98881e-06
1789956739.591 52.673 0.05168168 1.61839e-05
1789956739.601 52.761 0.05175431 3.60054e-05
1789956739.611 52.848 0.05182694 5.72239e-05
1789956739.621 52.936 0.05192471 8.45699e-05
1789956739.631 53.023 0.05198616 8.78270e-05
1789956739.641 53.110 0.05207369 7.58936e-05
1789956739.651 53.197 0.05216215 5.39266e-05
1789956739.661 53.284 0.05224687 3.71827e-05
1789956739.671 53.371 0.05232788 2.15612e-05
1789956739.681 53.458 0.05242193 1.45025e-05
1789956739.691 53.544 0.05251598 9.43027e-06
1789956739.701 53.631 0.05258301 5.75717e-06
1789956739.711 53.717 0.05265564 3.91736e-06
1789956739.721 53.803 0.05273759 2.06595e-06
1789956739.731 53.889 0.05280928 1.37486e-06
1789956739.741 53.975 0.05288843 6.71028e-07
1789956739.751 54.060 0.05297968 4.72925e-07
1789956739.761 54.146 0.05306534 3.72459e-07
1789956739.771 54.231 0.05312680 3.95665e-07
1789956739.781 54.317 0.05324785 3.58026e-07
1789956739.791 54.402 0.05332978 3.83779e-07
1789956739.801 54.487 0.05341917 2.81332e-07
1789956739.811 54.572 0.05348622 2.86709e-07
1789956739.821 54.656 0.05356537 2.58126e-07
1789956739.831 54.741 0.05364265 3.65384e-07
1789956739.841 54.825 0.05370876 4.19438e-07
1789956739.851 54.910 0.05379256 5.69712e-07
1789956739.861 54.994 0.05388567 5.42544e-07
1789956739.871 55.078 0.05396110 4.82830e-07
1789956739.881 55.162 0.05404117 6.28577e-07
1789956739.891 55.246 0.05412963 5.83014e-07
1789956739.901 55.330 0.05419295 7.68098e-07
1789956739.911 55.413 0.05427303 7.74041e-07
1789956739.921 55.497 0.05435497 1.25232e-06
1789956739.931 55.580 0.05443411 7.44043e-07
1789956739.941 55.663 0.05452071 8.94883e-07
1789956739.951 55.746 0.05461755 4.30192e-07
1789956739.961 55.829 0.05467248 4.96415e-07
1789956739.971 55.912 0.05473487 2.59258e-07
1789956739.981 55.995 0.05484940 3.87458e-07
1789956739.991 56.077 0.05492296 2.95482e-07
1789956740.001 56.160 0.05499372 3.27745e-07
1789956740.011 56.242 0.05506728 3.67365e-07
1789956740.021 56.324 0.05515667 3.26613e-07
1789956740.031 56.407 0.05521626 3.50951e-07
1789956740.041 56.489 0.05529075 2.84162e-07
1789956740.051 56.570 0.05539597 2.98595e-07
1789956740.061 56.652 0.05547512 3.81798e-07
1789956740.071 56.734 0.05551981 1.29392e-06
1789956740.081 56.815 0.05561572 3.41871e-06
1789956740.091 56.897 0.05569859 2.02939e-05
1789956740.101 56.978 0.05576842 5.02394e-05
1789956740.111 57.059 0.05582709 9.28874e-05
1789956740.121 57.140 0.05592020 1.22989e-04
1789956740.131 57.221 0.05599841 1.75134e-04
1789956740.141 57.302 0.05607384 1.96617e-04
1789956740.151 57.383 0.05614274 2.06499e-04
1789956740.161 57.463 0.05622282 2.03263e-04
1789956740.171 57.544 0.05628241 1.64790e-04
1789956740.181 57.624 0.05636435 1.09230e-04
1789956740.191 57.704 0.05647050 6.09225e-05
1789956740.201 57.785 0.05654406 3.52303e-05
1789956740.211 57.865 0.05660831 1.86061e-05
1789956740.221 57.945 0.05669025 1.14028e-05
1789956740.231 58.024 0.05677405 5.69292e-06
1789956740.241 58.104 0.05683458 3.40456e-06
1789956740.251 58.184 0.05690907 1.54947e-06
1789956740.261 58.263 0.05698822 1.19119e-06
1789956740.271 58.343 0.05704129 8.85827e-07
1789956740.281 58.422 0.05713347 1.79851e-06
1789956740.291 58.501 0.05721821 2.64101e-06
1789956740.301 58.580 0.05730480 3.70765e-06
1789956740.311 58.659 0.05736625 4.16838e-06
1789956740.321 58.738 0.05744354 5.52114e-06
1789956740.331 58.817 0.05751616 5.22936e-06
1789956740.341 58.895 0.05761114 5.73481e-06
1789956740.351 58.974 0.05766980 5.42464e-06
1789956740.361 59.052 0.05771170 4.88127e-06
1789956740.371 59.130 0.05781599 4.39252e-06
1789956740.381 59.209 0.05789141 2.83912e-06
1789956740.391 59.287 0.05797894 2.69648e-06
1789956740.401 59.365 0.05804505 1.94341e-06
1789956740.411 59.443 0.05811023 2.07020e-06
1789956740.421 59.521 0.05820055 1.30156e-06
1789956740.431 59.598 0.05825735 1.33156e-06
1789956740.441 59.676 0.05832905 7.90455e-07
1789956740.451 59.753 0.05840167 6.63953e-07
1789956740.461 59.831 0.05848455 3.52649e-07
1789956740.471 59.908 0.05855159 5.32639e-07
1789956740.481 59.985 0.05864191 4.88208e-07
1789956740.491 60.062 0.05869498 8.79035e-07
1789956740.501 60.139 0.05875272 8.44509e-07
1789956740.511 60.216 0.05882813 1.24043e-06
1789956740.521 60.293 0.05890728 8.27529e-07
1789956740.531 60.370 0.05899760 1.32788e-06
1789956740.541 60.446 0.05906185 1.08252e-06
1789956740.551 60.523 0.05915124 1.96945e-06
1789956740.561 60.599 0.05922945 1.73512e-06
1789956740.571 60.676 0.05930673 2.33735e-06
1789956740.581 60.752 0.05936261 2.56970e-06
1789956740.591 60.828 0.05941288 3.23532e-06
1789956740.601 60.904 0.05949296 3.33918e-06
1789956740.611 60.980 0.05958980 3.66322e-06
1789956740.621 61.056 0.05963264 3.11986e-06
1789956740.631 61.132 0.05970992 2.38065e-06
1789956740.641 61.207 0.05980024 1.87662e-06
1789956740.651 61.283 0.05986263 9.26297e-07
1789956740.661 61.358 0.05993805 9.04506e-07
1789956740.671 61.434 0.05999764 6.24615e-07
1789956740.681 61.509 0.06006375 9.57427e-07
1789956740.691 61.584 0.06013731 8.04605e-07
1789956740.701 61.659 0.06020063 1.32618e-06
1789956740.711 61.734 0.06028443 1.28430e-06
1789956740.721 61.809 0.06035892 1.68277e-06
1789956740.731 61.884 0.06044365 1.17053e-06
1789956740.741 61.959 0.06051908 1.41278e-06
1789956740.751 62.033 0.06058705 1.17958e-06
1789956740.761 62.108 0.06064571 1.90719e-06
1789956740.771 62.182 0.06072485 1.91398e-06
1789956740.781 62.257 0.06079562 2.98628e-06
1789956740.791 62.331 0.06086360 4.51139e-06
1789956740.801 62.405 0.06094553 8.92312e-06
1789956740.811 62.480 0.06101444 2.19458e-05
1789956740.821 62.554 0.06108055 4.41896e-05
1789956740.831 62.627 0.06113921 6.12267e-05
1789956740.841 62.701 0.06118763 7.84633e-05
1789956740.851 62.775 0.06127143 9.59141e-05
1789956740.860 62.849 0.06135058 1.10520e-04
1789956740.870 62.922 0.06142228 1.26697e-04
1789956740.880 62.996 0.06149863 1.33635e-04
1789956740.890 63.069 0.06157219 1.35811e-04
1789956740.900 63.143 0.06163737 1.19213e-04
1789956740.910 63.216 0.06169696 1.00942e-04
1789956740.920 63.289 0.06177424 6.50614e-05
1789956740.930 63.362 0.06185246 3.50313e-05
1789956740.940 63.435 0.06193533 1.59965e-05
1789956740.950 63.508 0.06197537 9.20273e-06
1789956740.960 63.581 0.06204986 5.33351e-06
1789956740.970 63.654 0.06212994 4.55185e-06
1789956740.980 63.726 0.06219326 3.52370e-06
1789956740.990 63.799 0.06225564 2.52074e-06
1789956741.000 63.871 0.06231430 2.04133e-06
1789956741.010 63.944 0.06238879 1.64116e-06
1789956741.020 64.016 0.06247073 1.46853e-06
1789956741.030 64.088 0.06252660 1.37684e-06
1789956741.040 64.161 0.06259271 1.45863e-06
1789956741.050 64.233 0.06266999 1.68277e-06
1789956741.060 64.305 0.06272866 1.46995e-06
1789956741.070 64.377 0.06280035 1.66013e-06
1789956741.080 64.448 0.06286646 1.32760e-06
1789956741.090 64.520 0.06294281 1.34882e-06
1789956741.100 64.592 0.06301638 9.72143e-07
1789956741.110 64.664 0.06307597 8.97713e-07
1789956741.120 64.735 0.06314115 7.37534e-07
1789956741.130 64.807 0.06319422 6.71877e-07
1789956741.140 64.878 0.06326033 1.07318e-06
1789956741.150 64.949 0.06335438 1.09157e-06
1789956741.160 65.020 0.06343166 1.38193e-06
1789956741.170 65.092 0.06348287 1.29901e-06
1789956741.180 65.163 0.06354619 1.90294e-06
1789956741.190 65.234 0.06363931 1.45155e-06
1789956741.200 65.305 0.06370169 1.94681e-06
1789956741.210 65.375 0.06375290 1.38363e-06
1789956741.220 65.446 0.06380784 1.88285e-06
1789956741.230 65.517 0.06387674 1.50674e-06
1789956741.240 65.587 0.06396148 1.93379e-06
1789956741.250 65.658 0.06402666 1.93577e-06
1789956741.260 65.728 0.06409556 2.38971e-06
1789956741.270 65.799 0.06414585 2.78931e-06
1789956741.280 65.869 0.06422592 3.34824e-06
1789956741.290 65.939 0.06430972 3.88963e-06
1789956741.300 66.009 0.06435628 3.97056e-06
1789956741.310 66.080 0.06443077 3.81321e-06
1789956741.320 66.150 0.06450433 3.30154e-06
1789956741.330 66.219 0.06455182 2.84053e-06
1789956741.340 66.289 0.06461048 2.05859e-06
1789956741.350 66.359 0.06469893 1.40259e-06
1789956741.360 66.429 0.06475853 9.19222e-07
1789956741.370 66.498 0.06481719 1.05223e-06
1789956741.380 66.568 0.06487771 9.77520e-07
1789956741.390 66.637 0.06495407 1.12242e-06
1789956741.400 66.707 0.06502576 9.56861e-07
1789956741.410 66.776 0.06510491 1.17166e-06
1789956741.420 66.846 0.06516171 9.36768e-07
1789956741.430 66.915 0.06522130 9.85728e-07
1789956741.440 66.984 0.06528741 7.72626e-07
1789956741.450 67.053 0.06535911 8.15360e-07
1789956741.460 67.122 0.06541125 6.80933e-07
1789956741.470 67.191 0.06548016 8.49037e-07
1789956741.480 67.260 0.06553882 6.58576e-07
1789956741.490 67.328 0.06562262 8.86676e-07
1789956741.500 67.397 0.06569432 7.05554e-07
1789956741.510 67.466 0.06574553 8.81016e-07
1789956741.520 67.534 0.06581816 6.62538e-07
1789956741.530 67.603 0.06588241 9.38749e-07
1789956741.540 67.671 0.06593828 8.41113e-07
1789956741.550 67.740 0.06602114 1.12185e-06
1789956741.560 67.808 0.06606770 1.18468e-06
1789956741.570 67.876 0.06613474 9.00260e-07
1789956741.580 67.944 0.06619806 8.73092e-07
1789956741.590 68.012 0.06623996 6.88574e-07
1789956741.600 68.080 0.06632283 5.08584e-07
1789956741.610 68.148 0.06638522 2.70295e-07
1789956741.620 68.216 0.06646530 2.30391e-07
1789956741.630 68.284 0.06653048 1.35019e-07
1789956741.640 68.352 0.06658821 2.30391e-07
1789956741.650 68.419 0.06667387 1.52848e-07
1789956741.660 68.487 0.06672322 2.38315e-07
1789956741.670 68.555 0.06677723 1.76621e-07
1789956741.680 68.622 0.06684427 2.28127e-07
1789956741.690 68.689 0.06691783 1.73225e-07
1789956741.700 68.757 0.06698580 2.33504e-07
1789956741.710 68.824 0.06703702 2.52183e-07
1789956741.720 68.891 0.06708823 4.55096e-07
1789956741.730 68.958 0.06716551 3.84062e-07
1789956741.740 69.026 0.06721393 5.85844e-07
1789956741.750 69.093 0.06728377 5.47072e-07
1789956741.760 69.160 0.06734895 7.24232e-07
1789956741.770 69.226 0.06742902 6.70745e-07
1789956741.780 69.293 0.06748862 5.83014e-07
1789956741.790 69.360 0.06755938 5.31507e-07
1789956741.800 69.427 0.06761711 5.13961e-07
1789956741.810 69.493 0.06767671 6.35086e-07
1789956741.820 69.560 0.06774561 5.24715e-07
1789956741.830 69.626 0.06780148 7.40647e-07
1789956741.840 69.693 0.06785641 8.69413e-07
1789956741.850 69.759 0.06791973 1.03780e-06
1789956741.860 69.825 0.06797932 1.17958e-06
1789956741.870 69.892 0.06805381 1.95445e-06
1789956741.880 69.958 0.06811062 3.85482e-06
1789956741.890 70.024 0.06819255 8.51758e-06
1789956741.900 70.090 0.06826611 1.37302e-05
1789956741.910 70.156 0.06828753 2.17845e-05
1789956741.920 70.222 0.06835923 3.10461e-05
1789956741.930 70.288 0.06844582 4.60099e-05
1789956741.940 70.354 0.06848400 6.19350e-05
1789956741.950 70.420 0.06854173 8.11609e-05
1789956741.960 70.485 0.06861529 1.00226e-04
1789956741.970 70.551 0.06867395 1.25368e-04
1789956741.980 70.616 0.06874192 1.44011e-04
1789956741.990 70.682 0.06881641 1.49217e-04
1789956742.000 70.747 0.06888066 1.44096e-04
1789956742.010 70.813 0.06893187 1.27094e-04
1789956742.020 70.878 0.06899706 1.03299e-04
1789956742.030 70.943 0.06905758 7.31649e-05
1789956742.040 71.009 0.06910879 4.12039e-05
1789956742.050 71.074 0.06916559 2.08865e-05
1789956742.060 71.139 0.06922984 1.13400e-05
1789956742.070 71.204 0.06929315 7.89809e-06
1789956742.080 71.269 0.06935833 6.66532e-06
1789956742.090 71.334 0.06941141 6.04158e-06
1789956742.100 71.399 0.06948124 5.30464e-06
1789956742.110 71.463 0.06955014 4.89429e-06
1789956742.120 71.528 0.06960695 4.24395e-06
1789956742.130 71.593 0.06967026 3.65049e-06
1789956742.140 71.657 0.06972427 3.24098e-06
1789956742.150 71.722 0.06975872 2.69365e-06
1789956742.160 71.786 0.06985835 2.29349e-06
1789956742.170 71.851 0.06993377 1.89106e-06
1789956742.180 71.915 0.06996264 1.57268e-06
1789956742.190 71.980 0.07002223 1.38193e-06
1789956742.200 72.044 0.07009393 1.12893e-06
1789956742.210 72.108 0.07015166 1.12015e-06
1789956742.220 72.172 0.07023174 9.49220e-07
1789956742.230 72.236 0.07029226 9.76954e-07
1789956742.240 72.300 0.07035558 7.76588e-07
1789956742.250 72.364 0.07039189 7.32722e-07
1789956742.260 72.428 0.07044311 6.14993e-07
1789956742.270 72.492 0.07050735 5.47638e-07
1789956742.280 72.556 0.07058184 4.79717e-07
1789956742.290 72.620 0.07063864 4.31041e-07
1789956742.300 72.683 0.07069451 4.25098e-07
1789956742.310 72.747 0.07075689 3.89156e-07
1789956742.320 72.811 0.07081183 3.82364e-07
1789956742.330 72.874 0.07087888 3.52083e-07
1789956742.340 72.938 0.07095243 3.53781e-07
1789956742.350 73.001 0.07102786 2.79068e-07
1789956742.360 73.064 0.07107907 3.00010e-07
1789956742.370 73.128 0.07114146 2.38315e-07
1789956742.380 73.191 0.07119080 2.69729e-07
1789956742.390 73.254 0.07125133 2.26712e-07
1789956742.400 73.317 0.07130906 2.25863e-07
1789956742.410 73.380 0.07137796 2.26146e-07
1789956742.420 73.444 0.07144873 2.38598e-07
1789956742.430 73.507 0.07148784 2.50485e-07
1789956742.440 73.569 0.07155860 2.73691e-07
1789956742.450 73.632 0.07159771 3.50102e-07
1789956742.460 73.695 0.07167406 3.61139e-07
1789956742.470 73.758 0.07173738 4.89340e-07
1789956742.480 73.821 0.07178766 4.88773e-07
1789956742.490 73.883 0.07184539 5.08867e-07
1789956742.500 73.946 0.07190964 4.43493e-07
1789956742.510 74.009 0.07197016 4.96981e-07
1789956742.520 74.071 0.07201393 3.48121e-07
1789956742.530 74.133 0.07207166 3.39348e-07
1789956742.540 74.196 0.07212194 2.24165e-07
1789956742.550 74.258 0.07220016 1.95582e-07
1789956742.560 74.321 0.07226068 1.78885e-07
1789956742.570 74.383 0.07232586 2.11996e-07
1789956742.580 74.445 0.07237614 2.18222e-07
1789956742.590 74.507 0.07242642 2.73125e-07
1789956742.600 74.569 0.07248881 2.49353e-07
1789956742.610 74.631 0.07257354 3.07368e-07
1789956742.620 74.693 0.07263407 2.69446e-07
1789956742.629 74.755 0.07267503 3.35952e-07
1789956742.639 74.817 0.07273183 3.27179e-07
1789956742.649 74.879 0.07279794 3.89439e-07
1789956742.659 74.941 0.07284357 4.25098e-07
1789956742.669 75.002 0.07290782 4.60190e-07
1789956742.679 75.064 0.07296927 4.62454e-07
1789956742.689 75.126 0.07300372 4.73774e-07
1789956742.699 75.187 0.07306145 4.47455e-07
1789956742.709 75.249 0.07312756 4.61039e-07
1789956742.719 75.310 0.07319181 3.59441e-07
1789956742.729 75.372 0.07324768 3.15009e-07
1789956742.739 75.433 0.07331566 2.17373e-07
1789956742.749 75.494 0.07337524 1.82847e-07
1789956742.759 75.556 0.07346091 1.48320e-07
1789956742.769 75.617 0.07350374 1.40962e-07
1789956742.779 75.678 0.07354564 1.43226e-07
1789956742.789 75.739 0.07359685 1.84545e-07
1789956742.799 75.800 0.07365924 2.40013e-07
1789956742.809 75.861 0.07372535 3.60573e-07
1789956742.819 75.922 0.07377843 4.63020e-07
1789956742.829 75.983 0.07383709 6.38199e-07
1789956742.839 76.044 0.07388458 8.23567e-07
1789956742.849 76.105 0.07394882 1.07714e-06
1789956742.859 76.166 0.07400749 1.48212e-06
1789956742.869 76.227 0.07408384 1.97567e-06
1789956742.879 76.287 0.07414157 2.76695e-06
1789956742.889 76.348 0.07420861 3.62530e-06
1789956742.899 76.408 0.07425610 4.29602e-06
1789956742.909 76.469 0.07431476 4.56289e-06
1789956742.919 76.530 0.07438832 4.58808e-06
1789956742.929 76.590 0.07443022 4.32885e-06
1789956742.939 76.650 0.07445443 4.02632e-06
1789956742.949 76.711 0.07452613 3.28853e-06
1789956742.959 76.771 0.07457641 2.47461e-06
1789956742.969 76.831 0.07463042 1.49400e-06
1789956742.979 76.892 0.07470490 7.72909e-07
1789956742.989 76.952 0.07474774 4.78868e-07
1789956742.999 77.012 0.07481012 3.24348e-07
1789956743.009 77.072 0.07486134 3.13311e-07
1789956743.019 77.132 0.07492651 2.39164e-07
1789956743.029 77.192 0.07498704 2.63503e-07
1789956743.039 77.252 0.07505408 2.32089e-07
1789956743.049 77.312 0.07510064 2.40013e-07
1789956743.059 77.372 0.07515464 2.65201e-07
1789956743.069 77.431 0.07522262 2.88973e-07
1789956743.079 77.491 0.07529804 3.04821e-07
1789956743.089 77.551 0.07535484 2.96897e-07
1789956743.099 77.610 0.07541071 2.73408e-07
1789956743.109 77.670 0.07546099 2.90388e-07
1789956743.119 77.730 0.07552244 2.38032e-07
1789956743.129 77.789 0.07554758 2.07751e-07
1789956743.139 77.849 0.07562673 1.77187e-07
1789956743.149 77.908 0.07567422 1.10964e-07
1789956743.159 77.967 0.07573009 1.05587e-07
1789956743.169 78.027 0.07576640 6.37023e-08
1789956743.179 78.086 0.07584182 8.23805e-08
1789956743.189 78.145 0.07587907 6.03063e-08
1789956743.199 78.205 0.07592935 5.12502e-08
1789956743.209 78.264 0.07600011 5.74762e-08
1789956743.219 78.323 0.07607461 3.96470e-08
1789956743.229 78.382 0.07613420 5.06842e-08
1789956743.239 78.441 0.07618355 3.99300e-08
1789956743.249 78.500 0.07624500 3.31379e-08
1789956743.259 78.559 0.07629808 5.32312e-08
1789956743.269 78.618 0.07634370 3.68170e-08
1789956743.279 78.677 0.07641540 5.71932e-08
1789956743.289 78.735 0.07646102 5.86082e-08
1789956743.299 78.794 0.07650479 6.70983e-08
1789956743.309 78.853 0.07657276 8.74746e-08
1789956743.319 78.911 0.07663608 9.59647e-08
1789956743.329 78.970 0.07668822 1.43792e-07
1789956743.339 79.029 0.07673944 1.62188e-07
1789956743.349 79.087 0.07680368 1.85677e-07
1789956743.359 79.146 0.07687352 2.17939e-07
1789956743.369 79.204 0.07692473 1.95865e-07
1789956743.379 79.263 0.07697501 2.02374e-07
1789956743.389 79.321 0.07701319 1.81149e-07
1789956743.399 79.379 0.07709792 1.66150e-07
1789956743.409 79.438 0.07713610 1.51999e-07
1789956743.419 79.496 0.07717521 9.37007e-08
1789956743.429 79.554 0.07721245 8.60596e-08
1789956743.439 79.612 0.07729625 4.89861e-08
1789956743.449 79.670 0.07733908 4.81371e-08
1789956743.459 79.728 0.07740799 5.63442e-08
1789956743.469 79.786 0.07747782 4.16280e-08
1789956743.479 79.844 0.07752717 5.12502e-08
1789956743.489 79.902 0.07756907 4.84201e-08
1789956743.499 79.960 0.07761098 4.61561e-08
1789956743.509 80.018 0.07766777 6.65323e-08
1789956743.519 80.076 0.07774134 5.57782e-08
1789956743.529 80.134 0.07780093 8.29465e-08
1789956743.539 80.191 0.07786518 8.63426e-08
1789956743.549 80.249 0.07789683 1.04738e-07
1789956743.559 80.307 0.07796388 1.49735e-07
1789956743.569 80.364 0.07800205 1.49735e-07
1789956743.579 80.422 0.07806910 2.09166e-07
1789956743.589 80.479 0.07813613 2.33787e-07
1789956743.599 80.537 0.07819666 2.99444e-07
1789956743.609 80.594 0.07822552 3.41329e-07
1789956743.619 80.652 0.07827395 3.88024e-07
1789956743.629 80.709 0.07833260 4.30192e-07
1789956743.639 80.766 0.07838847 4.90471e-07
1789956743.649 80.824 0.07844155 5.65750e-07
1789956743.659 80.881 0.07850859 7.81965e-07
1789956743.669 80.938 0.07854583 1.23930e-06
1789956743.679 80.995 0.07860543 2.24538e-06
1789956743.689 81.052 0.07868830 3.54606e-06
1789956743.699 81.110 0.07872834 5.66830e-06
1789956743.709 81.167 0.07876558 7.77413e-06
1789956743.719 81.224 0.07881680 1.06537e-05
1789956743.729 81.281 0.07887732 1.39804e-05
1789956743.739 81.337 0.07895088 1.82874e-05
1789956743.749 81.394 0.07898905 2.30161e-05
1789956743.759 81.451 0.07901885 2.96342e-05
1789956743.769 81.508 0.07907565 3.87155e-05
1789956743.779 81.565 0.07913710 4.98505e-05
1789956743.789 81.621 0.07920415 6.78314e-05
1789956743.799 81.678 0.07924418 9.00647e-05
1789956743.809 81.735 0.07929447 1.14629e-04
1789956743.819 81.791 0.07935499 1.31849e-04
1789956743.829 81.848 0.07940527 1.40884e-04
1789956743.839 81.905 0.07947138 1.43626e-04
1789956743.849 81.961 0.07952446 1.40772e-04
1789956743.859 82.017 0.07958032 1.31452e-04
1789956743.869 82.074 0.07961664 1.18115e-04
1789956743.879 82.130 0.07965295 1.01716e-04
1789956743.889 82.187 0.07972931 7.03988e-05
1789956743.899 82.243 0.07981497 4.89950e-05
1789956743.909 82.299 0.07983639 2.92878e-05
1789956743.919 82.355 0.07989598 1.79756e-05
1789956743.929 82.412 0.07995650 1.12899e-05
1789956743.939 82.468 0.08001889 8.73776e-06
1789956743.949 82.524 0.08006452 6.82324e-06
1789956743.959 82.580 0.08011479 5.80075e-06
1789956743.969 82.636 0.08017160 4.93900e-06
1789956743.979 82.692 0.08022281 4.35036e-06
1789956743.989 82.748 0.08026937 3.76369e-06
1789956743.999 82.804 0.08031778 3.36805e-06
1789956744.009 82.860 0.08036620 2.98543e-06
1789956744.019 82.915 0.08042673 2.72252e-06
1789956744.029 82.971 0.08049749 2.41518e-06
1789956744.039 83.027 0.08053846 2.24566e-06
1789956744.049 83.083 0.08058037 2.04303e-06
1789956744.059 83.138 0.08064927 1.88342e-06
1789956744.069 83.194 0.08069955 1.67427e-06
1789956744.079 83.250 0.08073866 1.60692e-06
1789956744.089 83.305 0.08080384 1.51155e-06
1789956744.099 83.361 0.08086250 1.39325e-06
1789956744.109 83.416 0.08090719 1.34910e-06
1789956744.119 83.472 0.08097609 1.19656e-06
1789956744.129 83.527 0.08101521 1.21807e-06
1789956744.139 83.583 0.08105990 1.05308e-06
1789956744.149 83.638 0.08109900 1.02535e-06
1789956744.159 83.693 0.08113905 9.53465e-07
1789956744.169 83.748 0.08121633 8.98562e-07
1789956744.179 83.804 0.08126289 8.59225e-07
1789956744.189 83.859 0.08132527 8.03756e-07
1789956744.199 83.914 0.08137183 7.53665e-07
1789956744.209 83.969 0.08142863 7.47722e-07
1789956744.219 84.024 0.08147891 6.50369e-07
1789956744.229 84.079 0.08154409 6.46972e-07
1789956744.239 84.134 0.08161392 6.06786e-07
1789956744.249 84.189 0.08165210 5.94617e-07
1789956744.259 84.244 0.08170331 5.56977e-07
1789956744.269 84.299 0.08174056 5.33488e-07
1789956744.279 84.354 0.08178432 5.27545e-07
1789956744.289 84.409 0.08186812 5.17923e-07
1789956744.299 84.464 0.08191747 4.61888e-07
1789956744.309 84.519 0.08195099 4.52832e-07
1789956744.319 84.573 0.08200127 3.88307e-07
1789956744.329 84.628 0.08205714 4.09249e-07
1789956744.339 84.683 0.08210556 3.62837e-07
1789956744.349 84.737 0.08216143 3.67931e-07
1789956744.359 84.792 0.08219867 3.62837e-07
1789956744.369 84.847 0.08225734 3.40197e-07
1789956744.379 84.901 0.08233369 3.34537e-07
1789956744.389 84.956 0.08238304 3.11613e-07
1789956744.399 85.010 0.08241749 3.24632e-07
1789956744.409 85.064 0.08248640 3.08217e-07
1789956744.419 85.119 0.08252550 2.78785e-07
1789956744.428 85.173 0.08258137 2.80200e-07
1789956744.438 85.228 0.08263538 2.66899e-07
1789956744.448 85.282 0.08268566 2.53315e-07
1789956744.458 85.336 0.08273221 2.57560e-07
1789956744.468 85.390 0.08279740 2.31806e-07
1789956744.478 85.444 0.08284581 2.40863e-07
1789956744.488 85.499 0.08288306 2.17939e-07
1789956744.498 85.553 0.08294824 2.11713e-07
1789956744.508 85.607 0.08299665 2.12845e-07
1789956744.518 85.661 0.08304414 1.94733e-07
1789956744.528 85.715 0.08310560 2.03223e-07
1789956744.538 85.769 0.08313633 1.87658e-07
1789956744.548 85.823 0.08319778 1.83130e-07
1789956744.558 85.877 0.08324155 1.85960e-07
1789956744.568 85.931 0.08330207 1.68414e-07
1789956744.578 85.984 0.08333932 1.92186e-07
1789956744.588 86.038 0.08337935 1.79168e-07
1789956744.598 86.092 0.08344360 1.88507e-07
1789956744.608 86.146 0.08349574 2.09449e-07
1789956744.618 86.199 0.08355068 1.99827e-07
1789956744.628 86.253 0.08360003 2.34070e-07
1789956744.638 86.307 0.08366242 2.35202e-07
1789956744.648 86.360 0.08370711 2.73691e-07
1789956744.658 86.414 0.08375646 3.11330e-07
1789956744.668 86.467 0.08380209 3.37367e-07
1789956744.678 86.521 0.08386447 4.17740e-07
1789956744.688 86.574 0.08390917 5.03773e-07
1789956744.698 86.628 0.08393431 6.05937e-07
1789956744.708 86.681 0.08400321 7.76588e-07
1789956744.718 86.735 0.08405256 8.92902e-07
1789956744.728 86.788 0.08412054 1.08053e-06
1789956744.738 86.841 0.08418199 1.22232e-06
1789956744.748 86.895 0.08422110 1.28231e-06
1789956744.758 86.948 0.08426765 1.31684e-06
1789956744.768 87.001 0.08432073 1.28203e-06
1789956744.778 87.054 0.08436077 1.22288e-06
1789956744.788 87.107 0.08443061 1.13289e-06
1789956744.798 87.161 0.08446040 9.93935e-07
1789956744.808 87.214 0.08449485 8.59791e-07
1789956744.818 87.267 0.08455352 6.64236e-07
1789956744.828 87.320 0.08463359 4.94434e-07
1789956744.838 87.373 0.08465966 3.53781e-07
1789956744.848 87.426 0.08470994 2.59824e-07
1789956744.858 87.479 0.08475837 2.01242e-07
1789956744.868 87.531 0.08481051 1.22284e-07
1789956744.878 87.584 0.08486544 1.24265e-07
1789956744.888 87.637 0.08491107 8.01165e-08
1789956744.898 87.690 0.08496787 7.64375e-08
1789956744.908 87.743 0.08503305 7.02114e-08
1789956744.918 87.795 0.08507588 4.78541e-08
1789956744.928 87.848 0.08510195 5.69102e-08
1789956744.938 87.901 0.08515596 4.27601e-08
1789956744.948 87.953 0.08520344 4.21941e-08
1789956744.958 88.006 0.08525931 4.95521e-08
1789956744.968 88.059 0.08529563 2.83269e-08
1789956744.978 88.111 0.08533660 4.53071e-08
1789956744.988 88.164 0.08540550 2.88929e-08
1789956744.998 88.216 0.08546975 3.68170e-08
1789956745.008 88.269 0.08550886 4.04960e-08
1789956745.018 88.321 0.08555542 2.63459e-08
1789956745.028 88.373 0.08562059 4.50241e-08
1789956745.038 88.426 0.08567181 3.39870e-08
1789956745.048 88.478 0.08572953 4.47411e-08
1789956745.058 88.530 0.08577609 5.12502e-08
1789956745.068 88.583 0.08580961 4.10620e-08
1789956745.078 88.635 0.08585896 5.88913e-08
1789956745.088 88.687 0.08591297 4.75711e-08
1789956745.098 88.739 0.08599305 5.40802e-08
1789956745.108 88.791 0.08602843 6.03063e-08
1789956745.118 88.843 0.08608616 4.10620e-08
1789956745.128 88.896 0.08611410 5.74762e-08
1789956745.138 88.948 0.08616810 3.90810e-08
1789956745.148 89.000 0.08620628 4.38921e-08
1789956745.158 89.052 0.08625097 4.30431e-08
1789956745.168 89.104 0.08629846 2.35158e-08
1789956745.178 89.155 0.08633943 3.82320e-08
1789956745.188 89.207 0.08638692 2.37988e-08
1789956745.198 89.259 0.08643348 2.77609e-08
1789956745.208 89.311 0.08649213 3.28549e-08
1789956745.218 89.363 0.08655545 1.61577e-08
1789956745.228 89.415 0.08661225 3.54020e-08
1789956745.238 89.466 0.08666812 2.01198e-08
1789956745.248 89.518 0.08669885 2.74779e-08
1789956745.258 89.570 0.08673795 3.05909e-08
1789956745.268 89.621 0.08681244 1.64407e-08
1789956745.278 89.673 0.08685714 3.56850e-08
1789956745.288 89.725 0.08690742 2.01198e-08
1789956745.298 89.776 0.08694466 2.60628e-08
1789956745.308 89.828 0.08700147 3.03079e-08
1789956745.318 89.879 0.08707502 1.41767e-08
1789956745.328 89.931 0.08708993 3.34209e-08
1789956745.338 89.982 0.08714300 1.64407e-08
1789956745.348 90.034 0.08718769 2.49308e-08
1789956745.358 90.085 0.08724449 2.88929e-08
1789956745.368 90.136 0.08727894 1.44597e-08
1789956745.378 90.188 0.08731991 3.42699e-08
1789956745.388 90.239 0.08739813 1.75728e-08
1789956745.398 90.290 0.08743724 2.74779e-08
1789956745.408 90.342 0.08746889 3.17229e-08
1789956745.418 90.393 0.08752663 1.75728e-08
1789956745.428 90.444 0.08756015 3.90810e-08
1789956745.438 90.495 0.08762253 2.26668e-08
1789956745.448 90.546 0.08768306 3.00249e-08
1789956745.458 90.597 0.08773613 3.34209e-08
1789956745.468 90.648 0.08778269 1.84218e-08
1789956745.478 90.699 0.08781993 3.71000e-08
1789956745.488 90.750 0.08789070 2.01198e-08
1789956745.498 90.801 0.08791305 2.71949e-08
1789956745.508 90.852 0.08797357 3.08739e-08
1789956745.518 90.903 0.08802106 1.55917e-08
1789956745.528 90.954 0.08805644 3.39870e-08
1789956745.538 91.005 0.08811696 1.58747e-08
1789956745.548 91.056 0.08819239 2.35158e-08
1789956745.558 91.107 0.08822405 2.88929e-08
1789956745.568 91.157 0.08826315 1.47427e-08
1789956745.578 91.208 0.08828923 3.42699e-08
1789956745.588 91.259 0.08833951 1.89878e-08
1789956745.598 91.310 0.08838792 2.86099e-08
1789956745.608 91.360 0.08845776 3.79490e-08
1789956745.618 91.411 0.08850618 2.57798e-08
1789956745.628 91.462 0.08854156 5.06842e-08
1789956745.638 91.512 0.08858719 3.68170e-08
1789956745.648 91.563 0.08862909 4.98351e-08
1789956745.658 91.613 0.08870451 5.43632e-08
1789956745.668 91.664 0.08873710 4.61561e-08
1789956745.678 91.714 0.08878831 6.42683e-08
1789956745.688 91.765 0.08882369 4.84201e-08
1789956745.698 91.815 0.08887584 5.71932e-08
1789956745.708 91.866 0.08891960 6.54003e-08
1789956745.718 91.916 0.08897920 4.75711e-08
1789956745.728 91.966 0.08902668 7.36074e-08
1789956745.738 92.017 0.08907231 4.75711e-08
1789956745.748 92.067 0.08913283 7.02114e-08
1789956745.758 92.117 0.08918684 6.54003e-08
1789956745.768 92.167 0.08921570 6.70983e-08
1789956745.778 92.218 0.08924643 7.47394e-08
1789956745.788 92.268 0.08930323 6.59663e-08
1789956745.798 92.318 0.08937120 7.13434e-08
1789956745.808 92.368 0.08940845 7.72865e-08
1789956745.818 92.418 0.08944756 5.37972e-08
1789956745.828 92.468 0.08951367 8.20975e-08
1789956745.838 92.518 0.08958071 5.01181e-08
1789956745.848 92.568 0.08959188 7.04944e-08
1789956745.858 92.618 0.08963099 6.08723e-08
1789956745.868 92.668 0.08968592 5.80422e-08
1789956745.878 92.718 0.08974552 7.30414e-08
1789956745.888 92.768 0.08978835 7.33244e-08
1789956745.898 92.818 0.08981535 8.91726e-08
1789956745.908 92.868 0.08985726 1.19171e-07
1789956745.918 92.917 0.08991685 1.23133e-07
1789956745.928 92.967 0.08997179 1.76055e-07
1789956745.938 93.017 0.09002951 1.80300e-07
1789956745.948 93.067 0.09008818 2.24165e-07
1789956745.958 93.117 0.09011983 2.48787e-07
1789956745.968 93.166 0.09018129 2.80200e-07
1789956745.978 93.216 0.09021388 3.38499e-07
1789956745.988 93.266 0.09024460 3.64818e-07
1789956745.998 93.315 0.09030886 4.36418e-07
1789956746.008 93.365 0.09036286 4.99528e-07
1789956746.018 93.414 0.09042525 5.92636e-07
1789956746.028 93.464 0.09046994 7.06403e-07
1789956746.038 93.513 0.09052302 8.55829e-07
1789956746.048 93.563 0.09053791 1.09695e-06
1789956746.058 93.612 0.09057143 1.39948e-06
1789956746.068 93.662 0.09062730 1.64484e-06
1789956746.078 93.711 0.09067944 2.12340e-06
1789956746.088 93.760 0.09071203 2.50178e-06
1789956746.098 93.810 0.09076697 3.11137e-06
1789956746.108 93.859 0.09080701 3.45465e-06
1789956746.118 93.908 0.09088150 3.83472e-06
1789956746.128 93.958 0.09094855 4.13499e-06
1789956746.138 94.007 0.09096996 4.11575e-06
1789956746.148 94.056 0.09102303 4.35205e-06
1789956746.158 94.105 0.09108915 4.09367e-06
1789956746.167 94.154 0.09110591 4.18452e-06
1789956746.178 94.204 0.09115618 3.73171e-06
1789956746.188 94.253 0.09119716 3.63747e-06
1789956746.197 94.302 0.09125116 3.07373e-06
1789956746.207 94.351 0.09129120 2.79384e-06
1789956746.217 94.400 0.09134521 2.02803e-06
1789956746.227 94.449 0.09138432 1.76625e-06
1789956746.237 94.498 0.09139642 1.31684e-06
1789956746.247 94.547 0.09145601 1.11874e-06
1789956746.257 94.596 0.09151840 9.56861e-07
1789956746.267 94.645 0.09158730 7.76588e-07
1789956746.277 94.694 0.09163665 7.01309e-07
1789956746.287 94.743 0.09168879 5.16225e-07
1789956746.297 94.791 0.09170462 4.17740e-07
1789956746.307 94.840 0.09177632 3.29160e-07
1789956746.317 94.889 0.09179308 2.71710e-07
1789956746.327 94.938 0.09184709 2.41712e-07
1789956746.337 94.986 0.09191320 1.83696e-07
1789956746.347 95.035 0.09193927 1.57093e-07
1789956746.357 95.084 0.09198490 1.40396e-07
1789956746.367 95.133 0.09202959 1.13228e-07
1789956746.377 95.181 0.09208918 1.18322e-07
1789956746.387 95.230 0.09215064 7.84185e-08
1789956746.397 95.278 0.09218695 8.86066e-08
1789956746.407 95.327 0.09223165 7.02114e-08
1789956746.417 95.375 0.09225027 5.20992e-08
1789956746.427 95.424 0.09230428 6.20043e-08
1789956746.437 95.472 0.09237038 4.07790e-08
1789956746.447 95.521 0.09241508 5.12502e-08
1789956746.457 95.569 0.09245419 3.96470e-08
1789956746.467 95.618 0.09249516 3.14399e-08
1789956746.477 95.666 0.09255382 4.07790e-08
1789956746.487 95.715 0.09259758 2.43648e-08
1789956746.497 95.763 0.09263948 2.97419e-08
1789956746.507 95.811 0.09265904 3.00249e-08
1789956746.517 95.859 0.09271863 1.50257e-08
1789956746.527 95.908 0.09277543 3.42699e-08
1789956746.537 95.956 0.09279591 1.24787e-08
1789956746.547 96.004 0.09284527 2.21008e-08
1789956746.557 96.052 0.09290579 1.87048e-08
1789956746.567 96.101 0.09296538 9.08264e-09
1789956746.577 96.149 0.09300262 2.18178e-08
1789956746.587 96.197 0.09304825 1.72455e-09
1789956746.597 96.245 0.09308084 9.93166e-09
1789956746.607 96.293 0.09312926 6.25261e-09
1789956746.617 96.341 0.09317489 -4.21852e-09
1789956746.627 96.389 0.09324937 8.23363e-09
1789956746.637 96.437 0.09331921 -1.12936e-08
1789956746.647 96.485 0.09334342 -5.35053e-09
1789956746.657 96.533 0.09336390 -9.02958e-09
1789956746.667 96.581 0.09341512 -2.09157e-08
1789956746.677 96.629 0.09344957 -6.76555e-09
1789956746.687 96.677 0.09349427 -2.85568e-08
1789956746.697 96.725 0.09354734 -2.06327e-08
1789956746.707 96.772 0.09357993 -2.62928e-08
1789956746.717 96.820 0.09361345 -3.81789e-08
1789956746.727 96.868 0.09367677 -2.43118e-08
1789956746.737 96.916 0.09372984 -4.46880e-08
1789956746.747 96.964 0.09376057 -3.59149e-08
1789956746.757 97.011 0.09380992 -3.73299e-08
1789956746.767 97.059 0.09384065 -5.00650e-08
1789956746.777 97.107 0.09389000 -2.99718e-08
1789956746.787 97.154 0.09394028 -4.66690e-08
1789956746.797 97.202 0.09399428 -3.13868e-08
1789956746.807 97.250 0.09403339 -3.19528e-08
1789956746.817 97.297 0.09408647 -3.50659e-08
1789956746.827 97.345 0.09413396 -1.55387e-08
1789956746.837 97.392 0.09417772 -2.99718e-08
1789956746.847 97.440 0.09421962 -1.61047e-08
1789956746.857 97.487 0.09424569 -1.63877e-08
1789956746.867 97.535 0.09428945 -2.31797e-08
1789956746.877 97.582 0.09434532 2.00756e-09
1789956746.887 97.630 0.09440119 -1.21426e-08
1789956746.897 97.677 0.09447661 9.64865e-09
1789956746.907 97.724 0.09448872 1.24787e-08
1789956746.917 97.772 0.09453155 8.51664e-09
1789956746.927 97.819 0.09459114 2.74779e-08
1789956746.937 97.866 0.09463490 1.16297e-08
1789956746.947 97.914 0.09467122 2.37988e-08
1789956746.957 97.961 0.09471126 2.06858e-08
1789956746.967 98.008 0.09476806 1.27617e-08
1789956746.977 98.055 0.09481461 3.00249e-08
1789956746.987 98.102 0.09485372 1.27617e-08
1789956746.997 98.150 0.09490214 2.32328e-08
1789956747.007 98.197 0.09494870 2.01198e-08
1789956747.017 98.244 0.09497011 1.10637e-08
1789956747.027 98.291 0.09501480 2.74779e-08
1789956747.037 98.338 0.09507906 1.04977e-08
1789956747.047 98.385 0.09512375 2.21008e-08
1789956747.057 98.432 0.09519079 1.75728e-08
1789956747.067 98.479 0.09522990 1.10637e-08
1789956747.077 98.526 0.09524387 2.66289e-08
1789956747.087 98.573 0.09528484 9.36565e-09
1789956747.097 98.620 0.09534070 2.46478e-08
1789956747.107 98.667 0.09537236 2.06858e-08
1789956747.117 98.714 0.09540961 2.18178e-08
1789956747.127 98.761 0.09546734 4.04960e-08
1789956747.137 98.808 0.09550645 3.93640e-08
1789956747.147 98.854 0.09553997 6.00233e-08
1789956747.157 98.901 0.09561353 7.75695e-08
1789956747.167 98.948 0.09566939 8.97386e-08
1789956747.177 98.995 0.09569361 1.43792e-07
1789956747.187 99.041 0.09573085 1.64169e-07
1789956747.197 99.088 0.09577834 2.76238e-07
1789956747.207 99.135 0.09583793 3.39065e-07
1789956747.217 99.182 0.09587517 5.74240e-07
1789956747.227 99.228 0.09590870 7.36684e-07
1789956747.237 99.275 0.09595805 1.13147e-06
1789956747.247 99.321 0.09600274 1.38986e-06
1789956747.257 99.368 0.09605302 2.03539e-06
1789956747.267 99.415 0.09609306 2.43725e-06
1789956747.277 99.461 0.09615638 3.19061e-06
1789956747.287 99.508 0.09619642 3.74133e-06
1789956747.297 99.554 0.09622249 4.34470e-06
1789956747.307 99.601 0.09626346 5.19427e-06
1789956747.317 99.647 0.09630815 5.81858e-06
1789956747.327 99.694 0.09636309 6.96616e-06
1789956747.337 99.740 0.09641896 7.69772e-06
1789956747.347 99.786 0.09645434 9.28395e-06
1789956747.357 99.833 0.09650369 1.03254e-05
1789956747.367 99.879 0.09652697 1.24632e-05
1789956747.377 99.925 0.09657260 1.35163e-05
1789956747.387 99.972 0.09662288 1.76153e-05
1789956747.397 100.018 0.09668061 2.01063e-05
1789956747.407 100.064 0.09671227 2.52920e-05
1789956747.417 100.110 0.09675882 3.05160e-05
1789956747.427 100.157 0.09679700 4.09956e-05
1789956747.437 100.203 0.09683797 4.45652e-05
1789956747.447 100.249 0.09688452 5.90213e-05
1789956747.457 100.295 0.09690687 6.82687e-05
1789956747.467 100.341 0.09693946 8.60634e-05
1789956747.477 100.387 0.09700371 9.30674e-05
1789956747.487 100.434 0.09704654 1.06845e-04
1789956747.497 100.480 0.09710428 1.16674e-04
1789956747.507 100.526 0.09714990 1.17337e-04
1789956747.517 100.572 0.09719273 1.23921e-04
1789956747.527 100.618 0.09721601 1.19014e-04
1789956747.537 100.664 0.09728305 1.22431e-04
1789956747.547 100.710 0.09734358 1.12826e-04
1789956747.557 100.756 0.09739479 1.13849e-04
1789956747.567 100.802 0.09739944 1.01400e-04
1789956747.577 100.847 0.09745345 9.99857e-05
1789956747.587 100.893 0.09749535 7.90633e-05
1789956747.597 100.939 0.09751863 7.39341e-05
1789956747.607 100.985 0.09758008 5.48486e-05
1789956747.617 101.031 0.09761453 4.79671e-05
1789956747.627 101.077 0.09767972 3.76814e-05
1789956747.637 101.122 0.09770951 3.33670e-05
1789956747.647 101.168 0.09772906 2.85859e-05
1789956747.657 101.214 0.09776538 2.52536e-05
1789956747.667 101.260 0.09780449 2.23859e-05
1789956747.677 101.305 0.09786687 2.09828e-05
1789956747.687 101.351 0.09791343 1.76094e-05
1789956747.697 101.397 0.09796464 1.50298e-05
1789956747.707 101.442 0.09800003 1.25342e-05
1789956747.717 101.488 0.09804844 9.89807e-06
1789956747.727 101.533 0.09812293 8.06110e-06
1789956747.737 101.579 0.09814994 6.83343e-06
1789956747.747 101.625 0.09818625 5.06522e-06
1789956747.757 101.670 0.09823560 4.50657e-06
1789956747.767 101.716 0.09829054 3.27721e-06
1789956747.777 101.761 0.09834268 2.47178e-06
1789956747.787 101.807 0.09835386 2.35235e-06
1789956747.797 101.852 0.09838924 1.70144e-06
1789956747.807 101.898 0.09844976 1.74305e-06
1789956747.817 101.943 0.09848235 1.11223e-06
1789956747.827 101.988 0.09853263 1.15610e-06
1789956747.837 102.034 0.09858943 7.84229e-07
1789956747.847 102.079 0.09863785 9.90256e-07
1789956747.857 102.124 0.09867510 5.14527e-07
1789956747.867 102.170 0.09870117 6.76122e-07
1789956747.877 102.215 0.09874865 4.10947e-07
1789956747.887 102.260 0.09878404 4.80849e-07
1789956747.897 102.305 0.09883059 2.90671e-07
1789956747.907 102.351 0.09888088 3.81798e-07
1789956747.917 102.396 0.09893116 1.72942e-07
1789956747.926 102.441 0.09896840 3.27745e-07
1789956747.936 102.486 0.09900844 1.34736e-07
1789956747.946 102.531 0.09905127 1.96148e-07
1789956747.956 102.577 0.09910063 1.17756e-07
1789956747.966 102.622 0.09914718 2.12279e-07
1789956747.976 102.667 0.09917977 1.12662e-07
1789956747.986 102.712 0.09923192 1.48886e-07
1789956747.996 102.757 0.09927847 1.12379e-07
1789956748.006 102.802 0.09930547 8.80406e-08
1789956748.016 102.847 0.09935948 9.51157e-08
1789956748.026 102.892 0.09940976 8.83236e-08
1789956748.036 102.937 0.09944515 7.36074e-08
1789956748.046 102.982 0.09947308 7.10604e-08
1789956748.056 103.027 0.09952056 7.81355e-08
1789956748.066 103.072 0.09956899 5.60612e-08
1789956748.076 103.117 0.09960157 5.46462e-08
1789956748.086 103.161 0.09964813 4.98351e-08
1789956748.096 103.206 0.09969562 4.30431e-08
1789956748.106 103.251 0.09973100 4.75711e-08
1789956748.116 103.296 0.09977663 2.83269e-08
1789956748.126 103.341 0.09980829 6.45513e-08
1789956748.136 103.385 0.09984646 3.54020e-08
1789956748.146 103.430 0.09988837 7.21924e-08
1789956748.156 103.475 0.09993492 4.10620e-08
1789956748.166 103.520 0.09999079 5.57782e-08
1789956748.176 103.564 0.10001686 5.04011e-08
1789956748.186 103.609 0.10005504 4.04960e-08
1789956748.196 103.654 0.10011184 4.84201e-08
1789956748.206 103.698 0.10015280 3.11569e-08
1789956748.216 103.743 0.10019937 9.36565e-09
1789956748.226 103.788 0.10022171 1.67237e-08
1789956748.236 103.832 0.10027479 -1.89347e-08
1789956748.246 103.877 0.10033065 -1.21426e-08
1789956748.256 103.921 0.10036510 -3.25188e-08
1789956748.266 103.966 0.10039583 -5.06310e-08
1789956748.276 104.010 0.10043867 -3.28018e-08
1789956748.286 104.055 0.10047871 -6.22341e-08
1789956748.296 104.099 0.10053457 -3.76129e-08
1789956748.306 104.144 0.10059602 -6.05361e-08
1789956748.316 104.188 0.10063792 -5.99701e-08
1789956748.326 104.233 0.10067331 -5.34610e-08
1789956748.336 104.277 0.10070963 -6.30831e-08
1789956748.346 104.321 0.10076084 -4.66690e-08
1789956748.356 104.366 0.10081950 -4.86500e-08
1789956748.366 104.410 0.10084836 -5.09140e-08
1789956748.376 104.454 0.10088003 -2.82738e-08
1789956748.386 104.499 0.10091448 -4.58200e-08
1789956748.396 104.543 0.10094893 -1.61047e-08
1789956748.406 104.587 0.10097779 -3.13868e-08
1789956748.416 104.631 0.10103273 -2.23307e-08
1789956748.426 104.676 0.10108207 -1.72367e-08
1789956748.436 104.720 0.10112678 -2.43118e-08
1789956748.446 104.764 0.10117240 -1.35576e-08
1789956748.456 104.808 0.10118450 -1.97837e-08
1789956748.466 104.852 0.10123758 -2.51608e-08
1789956748.476 104.896 0.10130461 -8.18057e-09
1789956748.486 104.941 0.10134839 -2.94058e-08
1789956748.496 104.985 0.10138377 -6.76555e-09
1789956748.506 105.029 0.10143125 -2.20477e-08
1789956748.516 105.073 0.10145453 -2.00667e-08
1789956748.526 105.117 0.10149084 -8.46357e-09
1789956748.536 105.161 0.10156162 -2.51608e-08
1789956748.546 105.205 0.10162214 -7.61456e-09
1789956748.556 105.249 0.10164076 -1.89347e-08
1789956748.566 105.293 0.10166776 -1.92177e-08
1789956748.576 105.337 0.10169755 -9.02958e-09
1789956748.586 105.381 0.10173666 -2.14817e-08
1789956748.596 105.425 0.10179254 -7.89756e-09
1789956748.606 105.469 0.10182792 -1.78027e-08
1789956748.616 105.512 0.10187075 -1.92177e-08
1789956748.626 105.556 0.10191172 -5.35053e-09
1789956748.636 105.600 0.10194803 -2.23307e-08
1789956748.646 105.644 0.10198808 -3.08650e-09
1789956748.656 105.688 0.10203277 -1.29916e-08
1789956748.666 105.731 0.10209050 -1.07276e-08
1789956748.676 105.775 0.10211098 2.29056e-09
1789956748.686 105.819 0.10214543 -1.12936e-08
1789956748.696 105.863 0.10219851 6.53561e-09
1789956748.706 105.906 0.10225345 1.44155e-09
1789956748.716 105.950 0.10230279 2.00756e-09
1789956748.726 105.994 0.10233445 1.92708e-08
1789956748.736 106.037 0.10236611 3.70558e-09
1789956748.746 106.081 0.10239778 3.20059e-08
1789956748.756 106.125 0.10244806 3.14399e-08
1789956748.766 106.168 0.10248623 3.48360e-08
1789956748.776 106.212 0.10253558 6.93624e-08
1789956748.786 106.255 0.10257748 5.69102e-08
1789956748.796 106.299 0.10260727 9.93608e-08
1789956748.806 106.343 0.10266035 1.04738e-07
1789956748.816 106.386 0.10269667 1.30208e-07
1789956748.826 106.430 0.10272274 1.54263e-07
1789956748.836 106.473 0.10278326 1.68414e-07
1789956748.846 106.516 0.10281492 2.17939e-07
1789956748.856 106.560 0.10286986 2.10581e-07
1789956748.866 106.603 0.10292386 2.55296e-07
1789956748.876 106.647 0.10294993 2.51900e-07
1789956748.886 106.690 0.10299276 2.73974e-07
1789956748.896 106.733 0.10303466 2.60956e-07
1789956748.906 106.777 0.10309054 2.67182e-07
1789956748.916 106.820 0.10313244 2.38032e-07
1789956748.926 106.864 0.10315106 2.84162e-07
1789956748.936 106.907 0.10320320 2.17939e-07
1789956748.946 106.950 0.10324510 2.26429e-07
1789956748.956 106.993 0.10328234 2.07751e-07
1789956748.966 107.037 0.10332611 1.78602e-07
1789956748.976 107.080 0.10336057 1.77470e-07
1789956748.986 107.123 0.10339502 1.26246e-07
1789956748.996 107.166 0.10344064 1.38415e-07
1789956749.006 107.209 0.10349092 9.68137e-08
1789956749.016 107.253 0.10352817 1.03889e-07
1789956749.026 107.296 0.10358683 8.88896e-08
1789956749.036 107.339 0.10362873 7.19094e-08
1789956749.046 107.382 0.10366597 7.50224e-08
1789956749.056 107.425 0.10370042 6.20043e-08
1789956749.066 107.468 0.10374326 5.74762e-08
1789956749.076 107.511 0.10379820 6.68154e-08
1789956749.086 107.554 0.10383172 4.33261e-08
1789956749.096 107.597 0.10386058 6.05893e-08
1789956749.106 107.640 0.10389224 4.33261e-08
1789956749.116 107.683 0.10393786 4.19110e-08
1789956749.126 107.726 0.10397605 5.01181e-08
1789956749.136 107.769 0.10400119 2.26668e-08
1789956749.146 107.812 0.10406823 3.90810e-08
1789956749.156 107.855 0.10412409 2.52138e-08
1789956749.166 107.898 0.10413899 2.15348e-08
1789956749.176 107.941 0.10417252 2.80439e-08
1789956749.186 107.984 0.10421442 1.10637e-08
1789956749.196 108.027 0.10424049 2.52138e-08
1789956749.206 108.069 0.10428704 1.50257e-08
1789956749.216 108.112 0.10434663 1.19127e-08
1789956749.226 108.155 0.10436805 2.18178e-08
1789956749.236 108.198 0.10441089 2.57356e-09
1789956749.246 108.241 0.10445092 2.21008e-08
1789956749.256 108.283 0.10449469 8.79964e-09
1789956749.266 108.326 0.10454683 1.04977e-08
1789956749.276 108.369 0.10456824 1.72897e-08
1789956749.286 108.411 0.10461107 1.15855e-09
1789956749.296 108.454 0.10466322 1.84218e-08
1789956749.306 108.497 0.10469954 8.51664e-09
1789956749.316 108.539 0.10474330 8.79964e-09
1789956749.326 108.582 0.10478520 1.78558e-08
1789956749.336 108.625 0.10480661 1.15855e-09
1789956749.346 108.667 0.10483921 1.81388e-08
1789956749.356 108.710 0.10489135 9.08264e-09
1789956749.366 108.752 0.10493604 1.04977e-08
1789956749.376 108.795 0.10497422 1.87048e-08
1789956749.386 108.837 0.10502357 1.72455e-09
1789956749.396 108.880 0.10507851 2.04028e-08
1789956749.406 108.922 0.10513996 8.51664e-09
1789956749.416 108.965 0.10515300 1.07807e-08
1789956749.426 109.007 0.10518186 1.75728e-08
1789956749.436 109.050 0.10523028 1.72455e-09
1789956749.446 109.092 0.10528150 1.98368e-08
1789956749.456 109.135 0.10529733 9.08264e-09
1789956749.466 109.177 0.10531874 1.16297e-08
1789956749.476 109.220 0.10537740 1.78558e-08
1789956749.486 109.262 0.10540999 3.42258e-09
1789956749.496 109.304 0.10545282 2.06858e-08
1789956749.506 109.347 0.10549566 1.13467e-08
1789956749.516 109.389 0.10553104 1.30447e-08
1789956749.526 109.431 0.10558691 2.12518e-08
1789956749.536 109.473 0.10561670 5.12060e-09
1789956749.546 109.516 0.10566884 2.52138e-08
1789956749.556 109.558 0.10570703 1.30447e-08
1789956749.566 109.600 0.10574520 1.61577e-08
1789956749.576 109.642 0.10578151 2.43648e-08
1789956749.586 109.685 0.10582341 1.13467e-08
1789956749.596 109.727 0.10586438 2.88929e-08
1789956749.606 109.769 0.10591652 2.15348e-08
1789956749.616 109.811 0.10595843 2.40818e-08
1789956749.626 109.853 0.10598264 3.87980e-08
1789956749.636 109.895 0.10601244 1.81388e-08
1789956749.646 109.938 0.10605806 4.64391e-08
1789956749.656 109.980 0.10612603 3.14399e-08
1789956749.666 110.022 0.10615675 4.47411e-08
