1789886034.781 31.726 0.03405065 1.53532e-06
1789886034.786 31.871 0.03405065 1.46287e-06
1789886034.796 32.016 0.03406183 1.48353e-06
1789886034.806 32.160 0.03404879 1.61938e-06
1789886034.816 32.304 0.03402179 1.61372e-06
1789886034.826 32.447 0.03403575 1.65900e-06
1789886034.836 32.589 0.03403761 1.73258e-06
1789886034.846 32.731 0.03402551 1.80389e-06
1789886034.856 32.872 0.03399944 1.82484e-06
1789886034.866 33.013 0.03401527 1.83446e-06
1789886034.876 33.152 0.03401061 1.90464e-06
1789886034.886 33.292 0.03399478 1.96351e-06
1789886034.896 33.430 0.03399664 2.00228e-06
1789886034.906 33.569 0.03402179 2.12227e-06
1789886034.916 33.706 0.03405251 2.04218e-06
1789886034.926 33.843 0.03405996 2.04558e-06
1789886034.936 33.980 0.03407486 1.99832e-06
1789886034.946 34.116 0.03411862 1.92247e-06
1789886034.956 34.251 0.03417356 1.81804e-06
1789886034.966 34.386 0.03422105 1.62249e-06
1789886034.976 34.520 0.03428995 1.59221e-06
1789886034.986 34.654 0.03436165 1.42410e-06
1789886034.996 34.787 0.03444918 1.23562e-06
1789886035.006 34.920 0.03455346 9.60825e-07
1789886035.016 35.053 0.03465309 6.03957e-07
1789886035.026 35.184 0.03477973 3.02841e-07
1789886035.036 35.316 0.03493336 9.28519e-08
1789886035.046 35.446 0.03504045 4.92693e-08
1789886035.056 35.577 0.03520991 1.72898e-08
1789886035.066 35.707 0.03535238 1.21958e-08
1789886035.076 35.836 0.03551160 2.40819e-08
1789886035.086 35.965 0.03566151 6.81868e-09
1789886035.096 36.093 0.03581980 2.57800e-08
1789886035.106 36.221 0.03598648 1.55918e-08
1789886035.116 36.349 0.03615874 1.47428e-08
1789886035.126 36.476 0.03630120 2.69120e-08
1789886035.136 36.603 0.03646974 9.64871e-09
1789886035.146 36.729 0.03661965 2.46479e-08
1789886035.156 36.855 0.03676584 1.24788e-08
1789886035.166 36.980 0.03694369 9.93172e-09
1789886035.176 37.105 0.03708894 2.04029e-08
1789886035.186 37.230 0.03722582 3.13962e-09
1789886035.196 37.354 0.03737853 1.92708e-08
1789886035.206 37.477 0.03748561 8.51670e-09
1789886035.216 37.601 0.03759920 6.53567e-09
1789886035.226 37.724 0.03772025 1.84218e-08
1789886035.236 37.846 0.03784968 1.15859e-09
1789886035.246 37.968 0.03795117 1.75728e-08
1789886035.256 38.090 0.03805825 8.23369e-09
1789886035.266 38.211 0.03816161 4.27164e-09
1789886035.276 38.332 0.03826496 1.81388e-08
1789886035.286 38.453 0.03836553 5.92586e-10
1789886035.296 38.573 0.03846795 1.72898e-08
1789886035.306 38.693 0.03853779 7.38468e-09
1789886035.316 38.812 0.03863928 5.40365e-09
1789886035.326 38.931 0.03873705 1.87048e-08
1789886035.336 39.050 0.03881061 1.44160e-09
1789886035.346 39.168 0.03891024 1.81388e-08
1789886035.356 39.286 0.03900149 8.23369e-09
1789886035.366 39.404 0.03908902 5.96966e-09
1789886035.376 39.521 0.03918027 1.84218e-08
1789886035.386 39.638 0.03928828 1.44160e-09
1789886035.396 39.755 0.03937674 1.67238e-08
1789886035.406 39.871 0.03947544 7.95069e-09
1789886035.416 39.987 0.03957973 3.70563e-09
1789886035.426 40.102 0.03966725 1.67238e-08
1789886035.436 40.218 0.03976409 -1.95445e-09
1789886035.446 40.333 0.03987862 1.53088e-08
1789886035.456 40.447 0.03997825 7.66769e-09
1789886035.466 40.561 0.04004343 3.13962e-09
1789886035.476 40.675 0.04015889 1.70068e-08
1789886035.486 40.789 0.04029763 -1.10544e-09
1789886035.496 40.902 0.04042985 1.78558e-08
1789886035.506 41.015 0.04054624 7.38468e-09
1789886035.516 41.128 0.04065519 3.98863e-09
1789886035.525 41.240 0.04076972 1.67238e-08
1789886035.535 41.353 0.04088238 5.92586e-10
1789886035.545 41.464 0.04098295 1.78558e-08
1789886035.555 41.576 0.04108444 7.38468e-09
1789886035.565 41.687 0.04118686 5.96966e-09
1789886035.575 41.798 0.04130419 1.70068e-08
1789886035.585 41.908 0.04144013 3.09582e-10
1789886035.595 42.019 0.04153325 1.78558e-08
1789886035.605 42.129 0.04163753 7.66769e-09
1789886035.615 42.238 0.04173158 7.38468e-09
1789886035.625 42.348 0.04186752 1.87048e-08
1789886035.635 42.457 0.04197926 2.29061e-09
1789886035.645 42.566 0.04207330 1.84218e-08
1789886035.655 42.674 0.04218876 7.38468e-09
1789886035.665 42.783 0.04229864 6.81868e-09
1789886035.675 42.891 0.04239361 1.81388e-08
1789886035.685 42.999 0.04249883 8.75590e-10
1789886035.695 43.106 0.04262081 1.78558e-08
1789886035.705 43.213 0.04271486 6.81868e-09
1789886035.715 43.320 0.04281262 7.10168e-09
1789886035.725 43.427 0.04289736 1.81388e-08
1789886035.735 43.534 0.04299513 3.09582e-10
1789886035.745 43.640 0.04307986 1.75728e-08
1789886035.755 43.746 0.04318228 8.23369e-09
1789886035.765 43.851 0.04327354 7.38468e-09
1789886035.775 43.957 0.04336665 1.81388e-08
1789886035.785 44.062 0.04347094 8.75590e-10
1789886035.795 44.167 0.04356591 1.84218e-08
1789886035.805 44.271 0.04367765 7.10168e-09
1789886035.815 44.376 0.04375493 7.10168e-09
1789886035.825 44.480 0.04384898 1.78558e-08
1789886035.835 44.584 0.04392254 1.72460e-09
1789886035.845 44.688 0.04401844 1.75728e-08
1789886035.855 44.791 0.04411621 7.66769e-09
1789886035.865 44.894 0.04423354 6.81868e-09
1789886035.875 44.997 0.04435272 1.84218e-08
1789886035.885 45.100 0.04444211 1.72460e-09
1789886035.895 45.203 0.04454081 1.87048e-08
1789886035.905 45.305 0.04463392 9.08271e-09
1789886035.915 45.407 0.04471400 7.95069e-09
1789886035.925 45.509 0.04482760 1.78558e-08
1789886035.935 45.610 0.04491792 1.72460e-09
1789886035.945 45.712 0.04500545 1.72898e-08
1789886035.955 45.813 0.04511066 7.95069e-09
1789886035.965 45.914 0.04519912 7.10168e-09
1789886035.975 46.014 0.04530620 1.78558e-08
1789886035.985 46.115 0.04540304 5.92586e-10
1789886035.995 46.215 0.04548591 1.89878e-08
1789886036.005 46.315 0.04557251 7.66769e-09
1789886036.015 46.415 0.04567866 9.08271e-09
1789886036.025 46.515 0.04576339 1.92708e-08
1789886036.035 46.614 0.04587978 2.57361e-09
1789886036.045 46.713 0.04598965 1.95539e-08
1789886036.055 46.812 0.04607159 9.36571e-09
1789886036.065 46.911 0.04614329 1.02147e-08
1789886036.075 47.010 0.04624572 1.98369e-08
1789886036.085 47.108 0.04637142 3.42263e-09
1789886036.095 47.206 0.04646081 2.09689e-08
1789886036.105 47.304 0.04652692 1.04977e-08
1789886036.115 47.402 0.04661351 9.64871e-09
1789886036.125 47.499 0.04671128 1.98369e-08
1789886036.135 47.597 0.04683419 2.85662e-09
1789886036.145 47.694 0.04692917 1.84218e-08
1789886036.155 47.791 0.04698411 6.53567e-09
1789886036.165 47.887 0.04707629 5.12065e-09
1789886036.175 47.984 0.04718244 1.33278e-08
1789886036.185 48.080 0.04727462 -3.65247e-09
1789886036.195 48.177 0.04733328 1.38938e-08
1789886036.205 48.273 0.04742733 6.25267e-09
1789886036.215 48.368 0.04753441 7.38468e-09
1789886036.225 48.464 0.04763218 1.78558e-08
1789886036.235 48.559 0.04773833 -1.67145e-09
1789886036.245 48.655 0.04783330 1.70068e-08
1789886036.255 48.750 0.04789569 7.66769e-09
1789886036.265 48.844 0.04797763 3.97081e-07
1789886036.275 48.939 0.04808191 8.84980e-07
1789886036.285 49.034 0.04817223 1.73286e-06
1789886036.295 49.128 0.04825604 3.09496e-06
1789886036.305 49.222 0.04834170 4.24226e-06
1789886036.315 49.316 0.04843109 5.87519e-06
1789886036.325 49.410 0.04850558 8.76381e-06
1789886036.335 49.503 0.04858007 1.45923e-05
1789886036.345 49.597 0.04868994 1.92262e-05
1789886036.355 49.690 0.04877747 1.87462e-05
1789886036.365 49.783 0.04888083 1.54747e-05
1789886036.375 49.876 0.04897022 7.27436e-06
1789886036.385 49.969 0.04904564 4.81732e-06
1789886036.395 50.061 0.04914620 3.34089e-06
1789886036.405 50.153 0.04924490 2.30226e-06
1789886036.415 50.246 0.04934174 1.40627e-06
1789886036.425 50.338 0.04941157 5.36319e-07
1789886036.435 50.430 0.04949258 2.68031e-07
1789886036.445 50.521 0.04959128 1.54547e-07
1789886036.455 50.613 0.04967974 6.70985e-08
1789886036.465 50.704 0.04974399 3.90811e-08
1789886036.475 50.795 0.04983617 3.28551e-08
1789886036.485 50.886 0.04993021 7.95069e-09
1789886036.495 50.977 0.05002053 2.09689e-08
1789886036.505 51.068 0.05011644 5.68666e-09
1789886036.515 51.159 0.05017231 3.70563e-09
1789886036.525 51.249 0.05026729 1.16297e-08
1789886036.535 51.339 0.05034829 -1.12936e-08
1789886036.545 51.429 0.05045165 6.25267e-09
1789886036.555 51.519 0.05053825 -3.36947e-09
1789886036.565 51.609 0.05061088 2.29061e-09
1789886036.575 51.699 0.05070492 1.98369e-08
1789886036.585 51.788 0.05078500 9.93172e-09
1789886036.595 51.877 0.05086135 3.14400e-08
1789886036.605 51.966 0.05094329 2.37989e-08
1789886036.615 52.055 0.05103361 3.00250e-08
1789886036.625 52.144 0.05113417 5.06843e-08
1789886036.635 52.233 0.05121239 1.90205e-07
1789886036.645 52.321 0.05128409 1.69098e-06
1789886036.655 52.410 0.05137906 5.39267e-06
1789886036.665 52.498 0.05147403 1.08597e-05
1789886036.675 52.586 0.05157925 1.70643e-05
1789886036.685 52.674 0.05164816 2.46817e-05
1789886036.695 52.762 0.05171986 3.30903e-05
1789886036.705 52.850 0.05179621 4.42166e-05
1789886036.715 52.937 0.05186884 5.97526e-05
1789886036.725 53.024 0.05196195 9.03561e-05
1789886036.735 53.112 0.05204017 1.25911e-04
1789886036.745 53.199 0.05214259 1.18956e-04
1789886036.755 53.286 0.05221522 8.92352e-05
1789886036.765 53.372 0.05230181 4.83162e-05
1789886036.775 53.459 0.05237631 2.31200e-05
1789886036.785 53.546 0.05245638 1.40070e-05
1789886036.795 53.632 0.05255415 1.20764e-05
1789886036.805 53.718 0.05262306 7.70368e-06
1789886036.815 53.804 0.05269755 6.29658e-06
1789886036.825 53.890 0.05278600 2.41150e-06
1789886036.835 53.976 0.05287725 1.25175e-06
1789886036.845 54.062 0.05294244 6.27730e-07
1789886036.855 54.147 0.05305324 3.99345e-07
1789886036.865 54.233 0.05312028 3.28877e-07
1789886036.875 54.318 0.05318453 3.35952e-07
1789886036.885 54.403 0.05326368 3.54914e-07
1789886036.895 54.488 0.05333165 4.12930e-07
1789886036.905 54.573 0.05341079 3.60574e-07
1789886036.915 54.658 0.05352160 3.36801e-07
1789886036.925 54.742 0.05362682 2.90955e-07
1789886036.935 54.827 0.05368361 2.63503e-07
1789886036.945 54.911 0.05376462 3.20953e-07
1789886036.955 54.995 0.05383632 3.91421e-07
1789886036.965 55.079 0.05390522 4.48022e-07
1789886036.975 55.163 0.05401231 4.66134e-07
1789886036.985 55.247 0.05409518 4.46041e-07
1789886036.995 55.331 0.05415477 4.66983e-07
1789886037.005 55.415 0.05421716 4.50852e-07
1789886037.015 55.498 0.05430003 5.51318e-07
1789886037.025 55.581 0.05439500 6.29428e-07
1789886037.035 55.665 0.05447881 5.45658e-07
1789886037.045 55.748 0.05455796 4.19439e-07
1789886037.055 55.831 0.05463989 3.27462e-07
1789886037.065 55.913 0.05472276 2.36052e-07
1789886037.075 55.996 0.05480657 2.59541e-07
1789886037.085 56.079 0.05485685 2.70295e-07
1789886037.095 56.161 0.05493320 3.01709e-07
1789886037.105 56.244 0.05500862 3.08501e-07
1789886037.115 56.326 0.05512408 3.77837e-07
1789886037.125 56.408 0.05520974 4.04156e-07
1789886037.135 56.490 0.05525630 3.67366e-07
1789886037.145 56.572 0.05531962 3.94817e-07
1789886037.155 56.654 0.05541459 3.34598e-06
1789886037.165 56.735 0.05550398 1.07788e-05
1789886037.175 56.817 0.05558406 2.37927e-05
1789886037.185 56.898 0.05566600 4.82802e-05
1789886037.195 56.979 0.05571908 8.35977e-05
1789886037.205 57.061 0.05578891 1.23258e-04
1789886037.215 57.142 0.05585968 1.57794e-04
1789886037.224 57.223 0.05593882 1.89186e-04
1789886037.234 57.303 0.05603380 2.17959e-04
1789886037.245 57.384 0.05610363 2.65732e-04
1789886037.254 57.465 0.05617999 2.97136e-04
1789886037.264 57.545 0.05628055 2.90513e-04
1789886037.274 57.626 0.05635132 2.40532e-04
1789886037.284 57.706 0.05642581 1.68456e-04
1789886037.294 57.786 0.05649937 6.93380e-05
1789886037.304 57.866 0.05658503 2.36385e-05
1789886037.314 57.946 0.05664183 1.16326e-05
1789886037.324 58.026 0.05672284 1.02244e-05
1789886037.334 58.106 0.05680385 6.03877e-06
1789886037.344 58.185 0.05686623 3.11788e-06
1789886037.354 58.265 0.05695935 2.81790e-06
1789886037.364 58.344 0.05700591 2.65743e-06
1789886037.374 58.423 0.05708598 2.87535e-06
1789886037.384 58.502 0.05716420 3.34796e-06
1789886037.394 58.581 0.05724614 3.82002e-06
1789886037.404 58.660 0.05731597 4.25669e-06
1789886037.414 58.739 0.05740070 4.84166e-06
1789886037.424 58.818 0.05747520 5.63435e-06
1789886037.434 58.897 0.05754410 6.50204e-06
1789886037.444 58.975 0.05763349 6.86486e-06
1789886037.454 59.054 0.05769588 6.54138e-06
1789886037.464 59.132 0.05775919 5.67143e-06
1789886037.474 59.210 0.05785137 3.91652e-06
1789886037.484 59.288 0.05792214 2.52697e-06
1789886037.494 59.366 0.05798546 1.73286e-06
1789886037.504 59.444 0.05807950 1.50844e-06
1789886037.514 59.522 0.05815027 1.31798e-06
1789886037.524 59.600 0.05822476 1.25770e-06
1789886037.534 59.677 0.05831228 9.42430e-07
1789886037.544 59.755 0.05838491 7.91589e-07
1789886037.554 59.832 0.05843054 4.91605e-07
1789886037.564 59.910 0.05849944 3.35386e-07
1789886037.574 59.987 0.05857300 3.71328e-07
1789886037.584 60.064 0.05864563 3.82648e-07
1789886037.594 60.141 0.05873874 4.96982e-07
1789886037.604 60.218 0.05880579 5.81600e-07
1789886037.614 60.295 0.05887190 7.06122e-07
1789886037.624 60.371 0.05895849 8.85263e-07
1789886037.634 60.448 0.05903671 1.07657e-06
1789886037.644 60.524 0.05910468 1.24298e-06
1789886037.654 60.601 0.05917265 1.47901e-06
1789886037.664 60.677 0.05925739 1.57409e-06
1789886037.674 60.753 0.05931605 1.66267e-06
1789886037.684 60.830 0.05938588 1.82003e-06
1789886037.694 60.906 0.05945572 2.18878e-06
1789886037.704 60.982 0.05954511 2.56150e-06
1789886037.714 61.057 0.05959539 2.84224e-06
1789886037.724 61.133 0.05966523 2.74007e-06
1789886037.734 61.209 0.05974903 2.09737e-06
1789886037.744 61.284 0.05982165 1.43429e-06
1789886037.754 61.360 0.05988870 6.59426e-07
1789886037.764 61.435 0.05995947 5.90939e-07
1789886037.774 61.511 0.06004047 6.65086e-07
1789886037.784 61.586 0.06011217 7.36686e-07
1789886037.794 61.661 0.06018386 8.87527e-07
1789886037.804 61.736 0.06026487 1.01884e-06
1789886037.814 61.811 0.06031609 1.08280e-06
1789886037.824 61.886 0.06038778 1.25034e-06
1789886037.834 61.960 0.06047065 1.12270e-06
1789886037.844 62.035 0.06054515 9.50920e-07
1789886037.854 62.110 0.06063826 8.37152e-07
1789886037.864 62.184 0.06069133 8.77056e-07
1789886037.874 62.258 0.06077421 2.14888e-06
1789886037.884 62.333 0.06084404 5.87887e-06
1789886037.894 62.407 0.06091015 1.51082e-05
1789886037.904 62.481 0.06096416 2.87581e-05
1789886037.914 62.555 0.06104703 4.41702e-05
1789886037.924 62.629 0.06109172 6.25598e-05
1789886037.934 62.703 0.06115876 8.29346e-05
1789886037.944 62.777 0.06123419 1.04541e-04
1789886037.954 62.850 0.06131147 1.28550e-04
1789886037.964 62.924 0.06141203 1.47022e-04
1789886037.974 62.997 0.06146324 1.64315e-04
1789886037.984 63.071 0.06152191 1.86185e-04
1789886037.994 63.144 0.06159546 1.91823e-04
1789886038.004 63.218 0.06165506 1.74054e-04
1789886038.014 63.291 0.06173514 1.37678e-04
1789886038.024 63.364 0.06179100 8.53642e-05
1789886038.034 63.437 0.06188132 4.29841e-05
1789886038.044 63.510 0.06195209 1.87895e-05
1789886038.054 63.583 0.06201913 8.65769e-06
1789886038.064 63.655 0.06211504 6.27281e-06
1789886038.074 63.728 0.06216346 4.48904e-06
1789886038.084 63.801 0.06221746 3.79398e-06
1789886038.094 63.873 0.06229009 3.19741e-06
1789886038.104 63.945 0.06238413 2.71262e-06
1789886038.114 64.018 0.06244652 1.81691e-06
1789886038.124 64.090 0.06249401 1.70994e-06
1789886038.134 64.162 0.06257036 1.69098e-06
1789886038.144 64.234 0.06261878 1.74503e-06
1789886038.154 64.306 0.06267093 1.63749e-06
1789886038.164 64.378 0.06275100 1.67711e-06
1789886038.174 64.450 0.06282457 1.52259e-06
1789886038.184 64.522 0.06290557 1.38505e-06
1789886038.194 64.594 0.06296889 1.10827e-06
1789886038.204 64.665 0.06302476 9.27431e-07
1789886038.214 64.737 0.06310018 6.92254e-07
1789886038.224 64.808 0.06317467 5.73110e-07
1789886038.234 64.880 0.06324730 5.51601e-07
1789886038.244 64.951 0.06332086 6.51785e-07
1789886038.254 65.022 0.06338231 7.05273e-07
1789886038.264 65.093 0.06344563 7.19140e-07
1789886038.274 65.164 0.06350429 8.81867e-07
1789886038.284 65.235 0.06358344 1.01941e-06
1789886038.294 65.306 0.06365513 1.15893e-06
1789886038.304 65.377 0.06372497 1.30354e-06
1789886038.314 65.448 0.06376687 1.35901e-06
1789886038.324 65.518 0.06383205 1.42184e-06
1789886038.334 65.589 0.06390747 1.51438e-06
1789886038.344 65.660 0.06398103 1.59843e-06
1789886038.354 65.730 0.06405273 1.91059e-06
1789886038.364 65.800 0.06414025 2.59998e-06
1789886038.374 65.871 0.06421195 3.15892e-06
1789886038.384 65.941 0.06424175 3.93888e-06
1789886038.394 66.011 0.06430227 4.74487e-06
1789886038.404 66.081 0.06440842 4.95175e-06
1789886038.414 66.151 0.06445684 4.75195e-06
1789886038.424 66.221 0.06450992 4.13245e-06
1789886038.434 66.291 0.06458534 3.43485e-06
1789886038.444 66.361 0.06466728 2.32009e-06
1789886038.454 66.430 0.06473432 1.31883e-06
1789886038.464 66.500 0.06477436 7.50836e-07
1789886038.474 66.570 0.06485351 6.91971e-07
1789886038.484 66.639 0.06491123 7.64137e-07
1789886038.494 66.709 0.06497921 8.24983e-07
1789886038.504 66.778 0.06507046 8.82433e-07
1789886038.514 66.847 0.06511888 9.20073e-07
1789886038.524 66.916 0.06520734 9.38468e-07
1789886038.534 66.986 0.06525576 8.68000e-07
1789886038.544 67.055 0.06531721 8.46775e-07
1789886038.554 67.124 0.06539543 8.08003e-07
1789886038.564 67.193 0.06545036 8.57812e-07
1789886038.574 67.261 0.06551461 8.60642e-07
1789886038.584 67.330 0.06558630 7.75741e-07
1789886038.594 67.399 0.06565893 7.62439e-07
1789886038.604 67.467 0.06571667 6.63954e-07
1789886038.614 67.536 0.06577998 6.29428e-07
1789886038.624 67.605 0.06582561 6.13579e-07
1789886038.634 67.673 0.06590475 5.93203e-07
1789886038.644 67.741 0.06596155 6.96500e-07
1789886038.654 67.810 0.06601835 7.13763e-07
1789886038.664 67.878 0.06606212 7.77439e-07
1789886038.674 67.946 0.06613195 7.21687e-07
1789886038.684 68.014 0.06621855 6.13013e-07
1789886038.694 68.082 0.06631166 4.91888e-07
1789886038.704 68.150 0.06636753 3.07652e-07
1789886038.714 68.218 0.06642060 1.75772e-07
1789886038.724 68.286 0.06645971 1.20586e-07
1789886038.734 68.353 0.06652768 9.82290e-08
1789886038.744 68.421 0.06660869 1.34171e-07
1789886038.754 68.489 0.06668411 1.38699e-07
1789886038.764 68.556 0.06674836 1.50585e-07
1789886038.774 68.624 0.06683030 1.70112e-07
1789886038.784 68.691 0.06687407 1.53698e-07
1789886038.794 68.759 0.06691504 1.65301e-07
1789886038.804 68.826 0.06699604 1.68980e-07
1789886038.814 68.893 0.06703888 2.23317e-07
1789886038.824 68.960 0.06712919 2.96049e-07
1789886038.834 69.027 0.06721114 3.47272e-07
1789886038.844 69.094 0.06725583 4.71228e-07
1789886038.854 69.161 0.06730332 5.45658e-07
1789886038.864 69.228 0.06737409 6.16126e-07
1789886038.874 69.295 0.06744857 6.18956e-07
1789886038.884 69.362 0.06752958 5.61790e-07
1789886038.894 69.428 0.06755938 5.16509e-07
1789886038.904 69.495 0.06762177 4.15759e-07
1789886038.914 69.562 0.06768695 3.56895e-07
1789886038.924 69.628 0.06777540 3.13029e-07
1789886038.934 69.695 0.06780986 3.02275e-07
1789886038.944 69.761 0.06788900 4.47456e-07
1789886038.954 69.827 0.06796908 8.27813e-07
1789886038.964 69.894 0.06802681 1.72720e-06
1789886038.974 69.960 0.06805661 4.11264e-06
1789886038.984 70.026 0.06813110 7.18182e-06
1789886038.993 70.092 0.06820559 1.15078e-05
1789886039.003 70.158 0.06827635 1.72780e-05
1789886039.014 70.224 0.06832756 2.39011e-05
1789886039.023 70.290 0.06839926 3.15799e-05
1789886039.033 70.356 0.06845700 4.13172e-05
1789886039.043 70.421 0.06851845 6.82682e-05
1789886039.053 70.487 0.06859015 1.01925e-04
1789886039.063 70.553 0.06864788 1.37740e-04
1789886039.073 70.618 0.06871306 1.65816e-04
1789886039.083 70.684 0.06877638 1.94361e-04
1789886039.093 70.749 0.06882759 2.01512e-04
1789886039.103 70.815 0.06890208 2.00761e-04
1789886039.113 70.880 0.06895329 1.79905e-04
1789886039.123 70.945 0.06902499 1.51088e-04
1789886039.133 71.010 0.06907434 1.05684e-04
1789886039.143 71.076 0.06914231 6.32789e-05
1789886039.153 71.141 0.06919724 2.45956e-05
1789886039.163 71.206 0.06926429 1.10626e-05
1789886039.173 71.271 0.06930339 6.13499e-06
1789886039.183 71.336 0.06938813 4.68940e-06
1789886039.193 71.400 0.06944959 3.90775e-06
1789886039.203 71.465 0.06951011 3.45296e-06
1789886039.213 71.530 0.06959670 3.06411e-06
1789886039.223 71.595 0.06965257 2.45877e-06
1789886039.233 71.659 0.06968889 1.98445e-06
1789886039.243 71.724 0.06974289 1.70852e-06
1789886039.253 71.788 0.06978945 1.54862e-06
1789886039.263 71.853 0.06987883 1.27977e-06
1789886039.273 71.917 0.06994495 1.28090e-06
1789886039.283 71.981 0.06998405 1.15072e-06
1789886039.293 72.046 0.07005389 9.35072e-07
1789886039.303 72.110 0.07013490 9.71862e-07
1789886039.313 72.174 0.07019635 9.12432e-07
1789886039.323 72.238 0.07025781 8.63189e-07
1789886039.333 72.302 0.07032951 8.20455e-07
1789886039.343 72.366 0.07035837 7.93853e-07
1789886039.353 72.430 0.07043658 6.95650e-07
1789886039.363 72.494 0.07048780 6.27163e-07
1789886039.373 72.558 0.07053063 5.47356e-07
1789886039.383 72.622 0.07058277 4.71794e-07
1789886039.393 72.685 0.07065634 4.45758e-07
1789886039.403 72.749 0.07073082 3.90572e-07
1789886039.413 72.813 0.07080066 3.20670e-07
1789886039.423 72.876 0.07086491 3.17557e-07
1789886039.433 72.940 0.07091891 2.71711e-07
1789886039.443 73.003 0.07095802 2.75672e-07
1789886039.453 73.066 0.07101110 2.41712e-07
1789886039.463 73.130 0.07110142 2.50768e-07
1789886039.473 73.193 0.07116659 2.34637e-07
1789886039.483 73.256 0.07124109 2.11148e-07
1789886039.493 73.319 0.07128392 2.00676e-07
1789886039.503 73.382 0.07132303 1.95299e-07
1789886039.513 73.445 0.07139379 2.12280e-07
1789886039.523 73.508 0.07146828 2.15676e-07
1789886039.533 73.571 0.07153533 1.89922e-07
1789886039.543 73.634 0.07156047 2.49919e-07
1789886039.553 73.697 0.07163588 2.55862e-07
1789886039.563 73.760 0.07170758 3.08218e-07
1789886039.573 73.823 0.07176252 3.97647e-07
1789886039.583 73.885 0.07181001 4.09533e-07
1789886039.593 73.948 0.07189288 4.46041e-07
1789886039.603 74.010 0.07195806 4.19156e-07
1789886039.613 74.073 0.07201672 3.92270e-07
1789886039.623 74.135 0.07207445 3.43028e-07
1789886039.633 74.198 0.07211728 2.77937e-07
1789886039.643 74.260 0.07217408 2.33222e-07
1789886039.653 74.322 0.07223647 1.71244e-07
1789886039.663 74.385 0.07230538 1.85394e-07
1789886039.673 74.447 0.07234727 2.15959e-07
1789886039.683 74.509 0.07241804 2.45108e-07
1789886039.693 74.571 0.07247111 3.05671e-07
1789886039.703 74.633 0.07252792 3.13595e-07
1789886039.713 74.695 0.07258285 3.28311e-07
1789886039.723 74.757 0.07263965 3.43876e-07
1789886039.733 74.819 0.07272811 3.48971e-07
1789886039.743 74.881 0.07278677 3.96515e-07
1789886039.753 74.943 0.07284636 4.29627e-07
1789886039.763 75.004 0.07287895 4.98963e-07
1789886039.773 75.066 0.07292644 5.69148e-07
1789886039.783 75.128 0.07298510 5.73959e-07
1789886039.793 75.189 0.07304749 6.27163e-07
1789886039.803 75.251 0.07311732 5.86694e-07
1789886039.813 75.312 0.07318809 5.23301e-07
1789886039.823 75.374 0.07323837 4.64719e-07
1789886039.833 75.435 0.07328772 3.54065e-07
1789886039.843 75.496 0.07332962 2.64635e-07
1789886039.853 75.558 0.07341808 1.65867e-07
1789886039.863 75.619 0.07346743 1.50868e-07
1789886039.873 75.680 0.07353633 1.57377e-07
1789886039.883 75.741 0.07358196 1.65018e-07
1789886039.893 75.802 0.07364621 1.99544e-07
1789886039.903 75.863 0.07370859 2.26713e-07
1789886039.913 75.924 0.07377005 2.70578e-07
1789886039.923 75.985 0.07381102 3.69064e-07
1789886039.933 76.046 0.07389203 4.80850e-07
1789886039.943 76.107 0.07393299 6.80934e-07
1789886039.953 76.168 0.07395813 9.16111e-07
1789886039.963 76.228 0.07403821 1.32081e-06
1789886039.973 76.289 0.07410805 2.00879e-06
1789886039.983 76.350 0.07413784 2.83261e-06
1789886039.993 76.410 0.07420303 3.81181e-06
1789886040.003 76.471 0.07426727 4.83713e-06
1789886040.013 76.531 0.07431476 5.59388e-06
1789886040.023 76.592 0.07438366 5.61058e-06
1789886040.033 76.652 0.07446281 5.45493e-06
1789886040.043 76.713 0.07451030 4.88043e-06
1789886040.053 76.773 0.07456989 4.27452e-06
1789886040.063 76.833 0.07459503 3.33891e-06
1789886040.073 76.893 0.07467697 2.23972e-06
1789886040.083 76.954 0.07475146 1.21326e-06
1789886040.093 77.014 0.07480361 6.95367e-07
1789886040.103 77.074 0.07484737 3.55480e-07
1789886040.113 77.134 0.07492000 2.66616e-07
1789886040.123 77.194 0.07496283 2.13695e-07
1789886040.133 77.254 0.07502708 1.60773e-07
1789886040.143 77.314 0.07507364 1.47755e-07
1789886040.153 77.374 0.07511554 1.39548e-07
1789886040.163 77.433 0.07517606 1.64169e-07
1789886040.173 77.493 0.07524310 1.98695e-07
1789886040.183 77.553 0.07530176 2.04921e-07
1789886040.193 77.612 0.07536601 2.29826e-07
1789886040.203 77.672 0.07541722 2.04355e-07
1789886040.213 77.732 0.07548799 2.02374e-07
1789886040.223 77.791 0.07554665 2.05771e-07
1789886040.233 77.851 0.07558948 1.52283e-07
1789886040.243 77.910 0.07565932 1.30774e-07
1789886040.253 77.969 0.07570680 7.41736e-08
1789886040.263 78.029 0.07575523 5.77594e-08
1789886040.273 78.088 0.07580830 4.38922e-08
1789886040.283 78.147 0.07586882 2.15349e-08
1789886040.293 78.207 0.07592003 3.54021e-08
1789886040.303 78.266 0.07598801 1.36108e-08
1789886040.313 78.325 0.07604574 2.23839e-08
1789886040.323 78.384 0.07609975 2.23839e-08
1789886040.333 78.443 0.07616772 9.64871e-09
1789886040.343 78.502 0.07621148 2.40819e-08
1789886040.353 78.561 0.07627015 9.08271e-09
1789886040.363 78.620 0.07632694 2.04029e-08
1789886040.373 78.679 0.07638374 2.23839e-08
1789886040.383 78.737 0.07643495 1.58748e-08
1789886040.393 78.796 0.07650479 3.82321e-08
1789886040.403 78.855 0.07655972 2.94590e-08
1789886040.413 78.913 0.07661187 6.73815e-08
1789886040.423 78.972 0.07665191 1.05870e-07
1789886040.433 79.031 0.07669567 1.35019e-07
1789886040.443 79.089 0.07676364 1.95299e-07
1789886040.453 79.148 0.07679065 2.15110e-07
1789886040.463 79.206 0.07687538 2.37750e-07
1789886040.473 79.265 0.07694522 2.55579e-07
1789886040.483 79.323 0.07700760 2.31807e-07
1789886040.493 79.381 0.07704950 2.27845e-07
1789886040.503 79.440 0.07708768 1.80300e-07
1789886040.513 79.498 0.07714075 1.57094e-07
1789886040.523 79.556 0.07721711 1.20303e-07
1789886040.533 79.614 0.07728043 7.70037e-08
1789886040.543 79.672 0.07730370 6.99286e-08
1789886040.553 79.730 0.07736702 4.36092e-08
1789886040.563 79.788 0.07742940 4.67222e-08
1789886040.573 79.846 0.07748061 4.13452e-08
1789886040.583 79.904 0.07752624 2.86100e-08
1789886040.593 79.962 0.07759701 4.47412e-08
1789886040.603 80.020 0.07764729 2.77610e-08
1789886040.613 80.078 0.07770875 3.62511e-08
1789886040.623 80.136 0.07776368 3.59681e-08
1789886040.633 80.193 0.07781675 2.35159e-08
1789886040.643 80.251 0.07788100 4.10622e-08
1789886040.653 80.309 0.07793781 2.29499e-08
1789886040.663 80.366 0.07795922 3.05910e-08
1789886040.673 80.424 0.07801602 2.86100e-08
1789886040.683 80.481 0.07808585 1.75728e-08
1789886040.693 80.539 0.07815755 3.65341e-08
1789886040.703 80.596 0.07820225 3.05910e-08
1789886040.713 80.654 0.07824880 5.69104e-08
1789886040.723 80.711 0.07829536 7.78527e-08
1789886040.733 80.769 0.07837916 1.70961e-07
1789886040.743 80.826 0.07843224 3.74158e-07
1789886040.752 80.883 0.07846669 5.96882e-07
1789886040.762 80.940 0.07852535 1.11818e-06
1789886040.772 80.997 0.07858773 1.39467e-06
1789886040.782 81.055 0.07860729 2.18991e-06
1789886040.792 81.112 0.07866036 2.66168e-06
1789886040.802 81.169 0.07875627 4.29631e-06
1789886040.812 81.226 0.07882331 5.66916e-06
1789886040.822 81.283 0.07885032 7.23304e-06
1789886040.832 81.340 0.07887639 9.13993e-06
1789886040.842 81.396 0.07893133 1.35166e-05
1789886040.852 81.453 0.07899836 1.87949e-05
1789886040.862 81.510 0.07905144 2.51996e-05
1789886040.872 81.567 0.07909613 3.60703e-05
1789886040.882 81.624 0.07914828 5.07562e-05
1789886040.892 81.680 0.07921625 6.93120e-05
1789886040.902 81.737 0.07927212 1.01844e-04
1789886040.912 81.794 0.07932892 1.29328e-04
1789886040.922 81.850 0.07938479 1.54269e-04
1789886040.932 81.907 0.07943414 1.69973e-04
1789886040.942 81.963 0.07947045 1.85921e-04
1789886040.952 82.020 0.07954029 1.81578e-04
1789886040.962 82.076 0.07959429 1.70343e-04
1789886040.972 82.132 0.07965295 1.54042e-04
1789886040.982 82.189 0.07970975 1.36135e-04
1789886040.992 82.245 0.07975631 9.01974e-05
1789886041.002 82.301 0.07982428 6.94580e-05
1789886041.012 82.357 0.07989598 4.14533e-05
1789886041.022 82.414 0.07992485 2.74540e-05
1789886041.032 82.470 0.07999840 1.72919e-05
1789886041.042 82.526 0.08006172 1.25159e-05
1789886041.052 82.582 0.08009431 8.05092e-06
1789886041.062 82.638 0.08012411 5.78123e-06
1789886041.072 82.694 0.08017066 4.33254e-06
1789886041.082 82.750 0.08022653 3.37287e-06
1789886041.092 82.806 0.08031499 2.94751e-06
1789886041.102 82.862 0.08034758 1.80135e-06
1789886041.112 82.918 0.08039414 1.44816e-06
1789886041.122 82.973 0.08045838 1.21213e-06
1789886041.132 83.029 0.08051239 9.86579e-07
1789886041.142 83.085 0.08058595 9.12149e-07
1789886041.152 83.140 0.08063158 7.69798e-07
1789886041.162 83.196 0.08066882 7.91023e-07
1789886041.172 83.252 0.08072190 6.19522e-07
1789886041.182 83.307 0.08077590 8.71679e-07
1789886041.192 83.363 0.08083084 4.95284e-07
1789886041.202 83.418 0.08088577 4.21986e-07
1789886041.212 83.474 0.08093047 4.07552e-07
1789886041.222 83.529 0.08098075 3.91704e-07
1789886041.232 83.585 0.08101986 3.62272e-07
1789886041.242 83.640 0.08106921 3.45575e-07
1789886041.252 83.695 0.08113998 3.01992e-07
1789886041.262 83.751 0.08119864 2.80201e-07
1789886041.272 83.806 0.08122936 2.73125e-07
1789886041.282 83.861 0.08130292 2.95200e-07
1789886041.292 83.916 0.08135972 2.55579e-07
1789886041.302 83.971 0.08139417 2.08601e-07
1789886041.312 84.026 0.08144538 2.01808e-07
1789886041.322 84.082 0.08150498 1.89073e-07
1789886041.332 84.137 0.08156457 1.74074e-07
1789886041.342 84.192 0.08161020 1.77753e-07
1789886041.352 84.247 0.08165675 1.59358e-07
1789886041.362 84.301 0.08170238 1.70112e-07
1789886041.372 84.356 0.08175732 1.66150e-07
1789886041.382 84.411 0.08181784 1.56245e-07
1789886041.392 84.466 0.08188581 1.58509e-07
1789886041.402 84.521 0.08190723 1.36435e-07
1789886041.412 84.576 0.08196217 1.37001e-07
1789886041.422 84.630 0.08201990 1.13794e-07
1789886041.432 84.685 0.08205714 9.28519e-08
1789886041.442 84.740 0.08211208 9.17199e-08
1789886041.452 84.794 0.08218378 7.33246e-08
1789886041.462 84.849 0.08222940 7.36076e-08
1789886041.472 84.903 0.08225734 7.81357e-08
1789886041.482 84.958 0.08232624 6.93626e-08
1789886041.492 85.012 0.08239328 8.01167e-08
1789886041.502 85.067 0.08241470 6.00234e-08
1789886041.512 85.121 0.08247057 7.67207e-08
1789886041.522 85.175 0.08255250 6.59665e-08
1789886041.532 85.230 0.08260837 5.23823e-08
1789886041.542 85.284 0.08266145 6.54005e-08
1789886041.552 85.338 0.08274804 4.55902e-08
1789886041.562 85.392 0.08276480 5.18163e-08
1789886041.572 85.447 0.08279740 5.32313e-08
1789886041.582 85.501 0.08286071 4.67222e-08
1789886041.592 85.555 0.08290541 6.08724e-08
1789886041.602 85.609 0.08296220 4.21942e-08
1789886041.612 85.663 0.08302459 5.63444e-08
1789886041.622 85.717 0.08304880 5.18163e-08
1789886041.632 85.771 0.08311398 3.34211e-08
1789886041.642 85.825 0.08316519 5.60614e-08
1789886041.652 85.879 0.08321175 3.82321e-08
1789886041.662 85.933 0.08325831 5.43634e-08
1789886041.672 85.987 0.08329834 4.64392e-08
1789886041.682 86.040 0.08336632 5.15333e-08
1789886041.692 86.094 0.08341380 6.56835e-08
1789886041.702 86.148 0.08346223 5.12503e-08
1789886041.712 86.202 0.08352740 6.11554e-08
1789886041.722 86.255 0.08356651 6.34195e-08
1789886041.732 86.309 0.08360934 6.76645e-08
1789886041.742 86.363 0.08367732 9.31349e-08
1789886041.752 86.416 0.08373411 9.62480e-08
1789886041.762 86.470 0.08375832 1.36151e-07
1789886041.772 86.523 0.08379836 1.82564e-07
1789886041.782 86.577 0.08386168 2.28977e-07
1789886041.792 86.630 0.08393710 3.34820e-07
1789886041.802 86.684 0.08398831 3.97364e-07
1789886041.812 86.737 0.08404605 5.11698e-07
1789886041.822 86.790 0.08411495 6.52917e-07
1789886041.832 86.844 0.08413357 7.81118e-07
1789886041.842 86.897 0.08414940 9.78937e-07
1789886041.852 86.950 0.08421272 1.02280e-06
1789886041.862 87.003 0.08428535 1.04346e-06
1789886041.872 87.056 0.08434773 1.05422e-06
1789886041.882 87.110 0.08437380 9.96484e-07
1789886041.892 87.163 0.08443154 1.00441e-06
1789886041.902 87.216 0.08446319 9.08469e-07
1789886041.912 87.269 0.08452278 7.34139e-07
1789886041.922 87.322 0.08458797 6.23201e-07
1789886041.932 87.375 0.08465407 4.63870e-07
1789886041.942 87.428 0.08469318 3.49820e-07
1789886041.952 87.481 0.08473881 2.53315e-07
1789886041.962 87.534 0.08480678 2.11714e-07
1789886041.972 87.587 0.08485427 1.79734e-07
1789886041.982 87.639 0.08490921 1.39265e-07
1789886041.992 87.692 0.08495018 1.28793e-07
1789886042.002 87.745 0.08498929 8.97389e-08
1789886042.012 87.798 0.08503212 8.01167e-08
1789886042.022 87.850 0.08509730 5.80424e-08
1789886042.032 87.903 0.08516061 4.10622e-08
1789886042.042 87.956 0.08520159 5.26653e-08
1789886042.052 88.008 0.08525280 3.39871e-08
1789886042.062 88.061 0.08529004 4.61562e-08
1789886042.072 88.113 0.08534777 3.90811e-08
1789886042.082 88.166 0.08537664 2.74780e-08
1789886042.092 88.218 0.08542785 4.47412e-08
1789886042.102 88.271 0.08547813 2.52139e-08
1789886042.112 88.323 0.08551444 3.96471e-08
1789886042.122 88.376 0.08557869 3.42701e-08
1789886042.132 88.428 0.08562432 2.97420e-08
1789886042.142 88.480 0.08565505 4.89863e-08
1789886042.152 88.533 0.08573885 3.08740e-08
1789886042.162 88.585 0.08579006 4.55902e-08
1789886042.172 88.637 0.08582265 4.19112e-08
1789886042.182 88.689 0.08589528 3.56851e-08
1789886042.192 88.741 0.08594556 5.40803e-08
1789886042.202 88.794 0.08597443 3.54021e-08
1789886042.212 88.846 0.08602377 4.61562e-08
1789886042.222 88.898 0.08607219 4.13452e-08
1789886042.232 88.950 0.08611410 3.00250e-08
1789886042.242 89.002 0.08618579 4.61562e-08
1789886042.252 89.054 0.08622769 2.80440e-08
1789886042.262 89.106 0.08629753 3.76661e-08
1789886042.272 89.158 0.08633105 3.05910e-08
1789886042.282 89.210 0.08637295 1.87048e-08
1789886042.292 89.261 0.08642043 3.48361e-08
1789886042.302 89.313 0.08650331 1.61578e-08
1789886042.312 89.365 0.08655452 2.83270e-08
1789886042.322 89.417 0.08660294 2.23839e-08
1789886042.332 89.469 0.08663833 1.50258e-08
1789886042.342 89.520 0.08669047 3.08740e-08
1789886042.352 89.572 0.08671840 1.36108e-08
1789886042.362 89.624 0.08677334 2.66290e-08
1789886042.372 89.675 0.08683479 2.12519e-08
1789886042.382 89.727 0.08688507 1.27618e-08
1789886042.392 89.779 0.08691487 3.05910e-08
1789886042.402 89.830 0.08696422 1.24788e-08
1789886042.412 89.882 0.08703778 2.54969e-08
1789886042.422 89.933 0.08707782 1.92708e-08
1789886042.432 89.984 0.08711041 1.21958e-08
1789886042.442 90.036 0.08715976 2.97420e-08
1789886042.452 90.087 0.08718769 1.21958e-08
1789886042.462 90.139 0.08726404 2.40819e-08
1789886042.472 90.190 0.08730687 1.92708e-08
1789886042.482 90.241 0.08733667 1.24788e-08
1789886042.492 90.293 0.08739906 3.03080e-08
1789886042.502 90.344 0.08744934 1.27618e-08
1789886042.512 90.395 0.08750334 2.80440e-08
1789886042.522 90.446 0.08755549 2.21009e-08
1789886042.532 90.497 0.08760763 1.50258e-08
1789886042.541 90.549 0.08764767 3.37041e-08
1789886042.551 90.600 0.08771844 1.64408e-08
1789886042.561 90.651 0.08775289 2.91760e-08
1789886042.571 90.702 0.08779945 2.29499e-08
1789886042.581 90.753 0.08785997 1.50258e-08
1789886042.591 90.804 0.08791025 3.22890e-08
1789886042.601 90.855 0.08794843 1.38938e-08
1789886042.611 90.906 0.08799033 2.69120e-08
1789886042.621 90.957 0.08804527 1.98369e-08
1789886042.631 91.007 0.08809834 1.30448e-08
1789886042.641 91.058 0.08813186 2.91760e-08
1789886042.651 91.109 0.08818959 1.30448e-08
1789886042.661 91.160 0.08824639 2.86100e-08
1789886042.671 91.211 0.08828457 2.18179e-08
1789886042.681 91.261 0.08833857 1.78558e-08
1789886042.691 91.312 0.08837675 3.71001e-08
1789886042.701 91.363 0.08840654 2.35159e-08
1789886042.711 91.413 0.08848104 4.19112e-08
1789886042.721 91.464 0.08853318 3.96471e-08
1789886042.731 91.515 0.08858346 3.71001e-08
1789886042.741 91.565 0.08862071 5.88914e-08
1789886042.751 91.616 0.08866447 4.70053e-08
1789886042.761 91.666 0.08870172 6.20045e-08
1789886042.771 91.717 0.08876783 5.63444e-08
1789886042.781 91.767 0.08881438 5.40803e-08
1789886042.791 91.817 0.08887956 7.07776e-08
1789886042.801 91.868 0.08890005 5.71934e-08
1789886042.811 91.918 0.08895126 6.99286e-08
1789886042.821 91.969 0.08902668 6.34195e-08
1789886042.831 92.019 0.08906672 6.03064e-08
1789886042.841 92.069 0.08910397 7.75697e-08
1789886042.851 92.119 0.08913842 6.28535e-08
1789886042.861 92.170 0.08919336 7.21926e-08
1789886042.871 92.220 0.08926784 6.82306e-08
1789886042.881 92.270 0.08932278 6.28535e-08
1789886042.891 92.320 0.08935072 7.95507e-08
1789886042.901 92.370 0.08938703 6.08724e-08
1789886042.911 92.420 0.08943638 7.13436e-08
1789886042.921 92.470 0.08948014 6.22875e-08
1789886042.931 92.521 0.08954719 5.83254e-08
1789886042.941 92.571 0.08959467 7.13436e-08
1789886042.951 92.621 0.08963751 5.40803e-08
1789886042.961 92.670 0.08969058 6.45515e-08
1789886042.971 92.720 0.08973435 5.52124e-08
1789886042.981 92.770 0.08976228 4.70053e-08
1789886042.991 92.820 0.08979673 6.70985e-08
1789886043.001 92.870 0.08983770 5.12503e-08
1789886043.011 92.920 0.08990847 6.96456e-08
1789886043.021 92.970 0.08996620 7.04946e-08
1789886043.031 93.019 0.08998482 7.21926e-08
1789886043.041 93.069 0.09004069 9.48329e-08
1789886043.051 93.119 0.09008538 8.01167e-08
1789886043.061 93.169 0.09015056 1.01342e-07
1789886043.071 93.218 0.09018595 1.09832e-07
1789886043.081 93.268 0.09022691 1.27944e-07
1789886043.091 93.317 0.09027627 2.12563e-07
1789886043.101 93.367 0.09034889 2.75106e-07
1789886043.111 93.417 0.09038520 4.05005e-07
1789886043.121 93.466 0.09044480 5.06038e-07
1789886043.131 93.516 0.09048297 6.64803e-07
1789886043.141 93.565 0.09050905 8.43662e-07
1789886043.151 93.615 0.09055188 1.09016e-06
1789886043.161 93.664 0.09062358 1.42467e-06
1789886043.171 93.713 0.09066455 1.66522e-06
1789886043.181 93.763 0.09070179 2.03624e-06
1789886043.191 93.812 0.09075301 2.26576e-06
1789886043.201 93.861 0.09079025 2.69338e-06
1789886043.211 93.911 0.09084333 3.39409e-06
1789886043.221 93.960 0.09090478 3.60606e-06
1789886043.231 94.009 0.09095413 3.91001e-06
1789886043.241 94.059 0.09097834 4.01076e-06
1789886043.251 94.108 0.09101186 3.99576e-06
1789886043.261 94.157 0.09106680 3.95897e-06
1789886043.271 94.206 0.09111987 3.78804e-06
1789886043.281 94.255 0.09116829 3.68531e-06
1789886043.291 94.304 0.09120926 3.31825e-06
1789886043.301 94.353 0.09127444 3.05024e-06
1789886043.311 94.402 0.09131169 2.71913e-06
1789886043.321 94.451 0.09135917 2.37641e-06
1789886043.331 94.500 0.09140480 1.92247e-06
1789886043.341 94.549 0.09146532 1.52683e-06
1789886043.351 94.598 0.09149325 1.25402e-06
1789886043.361 94.647 0.09154912 1.06469e-06
1789886043.371 94.696 0.09161524 9.48090e-07
1789886043.381 94.745 0.09163293 8.04324e-07
1789886043.391 94.794 0.09167855 7.38950e-07
1789886043.401 94.843 0.09174001 6.49238e-07
1789886043.411 94.891 0.09177446 5.62922e-07
1789886043.421 94.940 0.09181823 4.77454e-07
1789886043.431 94.989 0.09185361 4.05854e-07
1789886043.441 95.038 0.09189458 3.54065e-07
1789886043.451 95.086 0.09195045 3.02841e-07
1789886043.461 95.135 0.09202307 2.66333e-07
1789886043.471 95.184 0.09208546 2.26147e-07
1789886043.481 95.232 0.09210129 1.91903e-07
1789886043.491 95.281 0.09211805 1.81432e-07
1789886043.501 95.329 0.09218323 1.53981e-07
1789886043.511 95.378 0.09224189 1.25114e-07
1789886043.521 95.426 0.09227541 1.12945e-07
1789886043.531 95.475 0.09231731 9.25689e-08
1789886043.541 95.523 0.09237784 9.34179e-08
1789886043.551 95.572 0.09243277 6.11554e-08
1789886043.561 95.620 0.09245977 6.56835e-08
1789886043.571 95.669 0.09252589 5.32313e-08
1789886043.581 95.717 0.09257896 4.95523e-08
1789886043.591 95.765 0.09262924 4.67222e-08
1789886043.601 95.814 0.09264414 2.91760e-08
1789886043.611 95.862 0.09271491 4.10622e-08
1789886043.621 95.910 0.09276239 2.71950e-08
1789886043.631 95.958 0.09280429 1.16297e-08
1789886043.641 96.007 0.09284620 2.43649e-08
1789886043.651 96.055 0.09289741 4.55464e-09
1789886043.661 96.103 0.09292255 1.78558e-08
1789886043.671 96.151 0.09296911 5.68666e-09
1789886043.681 96.199 0.09302032 3.13962e-09
1789886043.691 96.247 0.09306129 1.33278e-08
1789886043.701 96.295 0.09309481 -9.59556e-09
1789886043.711 96.344 0.09314229 8.51670e-09
1789886043.721 96.392 0.09321306 -7.61453e-09
1789886043.731 96.440 0.09327173 -1.12936e-08
1789886043.741 96.488 0.09332480 -3.93548e-09
1789886043.751 96.535 0.09334156 -2.45948e-08
1789886043.761 96.583 0.09336298 -8.46354e-09
1789886043.771 96.631 0.09343467 -2.40288e-08
1789886043.781 96.679 0.09348029 -3.08208e-08
1789886043.791 96.727 0.09353058 -2.00667e-08
1789886043.801 96.775 0.09357993 -4.27070e-08
1789886043.811 96.823 0.09359390 -2.79908e-08
1789886043.821 96.871 0.09367304 -4.15750e-08
1789886043.831 96.918 0.09373636 -4.86500e-08
1789886043.841 96.966 0.09377454 -3.78959e-08
1789886043.851 97.014 0.09378850 -5.85552e-08
1789886043.861 97.061 0.09386020 -3.93109e-08
1789886043.871 97.109 0.09390676 -5.11971e-08
1789886043.881 97.157 0.09391048 -5.51591e-08
1789886043.891 97.204 0.09395331 -4.04429e-08
1789886043.901 97.252 0.09400825 -5.74232e-08
1789886043.911 97.300 0.09404922 -3.76129e-08
1789886043.921 97.347 0.09410974 -4.75180e-08
1789886043.931 97.395 0.09415444 -4.24240e-08
1789886043.941 97.442 0.09418889 -3.25189e-08
1789886043.951 97.490 0.09425873 -4.97821e-08
1789886043.961 97.537 0.09428294 -2.77078e-08
1789886043.971 97.585 0.09433694 -3.67639e-08
1789886043.981 97.632 0.09439188 -3.33679e-08
1789886043.991 97.679 0.09442726 -1.29916e-08
1789886044.001 97.727 0.09446357 -2.54438e-08
1789886044.011 97.774 0.09450920 3.70563e-09
1789886044.021 97.821 0.09455296 -1.10544e-09
1789886044.031 97.869 0.09460604 3.42263e-09
1789886044.041 97.916 0.09463211 2.04029e-08
1789886044.051 97.963 0.09468798 5.68666e-09
1789886044.061 98.011 0.09475968 2.40819e-08
1789886044.071 98.058 0.09479599 1.33278e-08
1789886044.081 98.105 0.09479972 1.13467e-08
1789886044.091 98.152 0.09483324 2.46479e-08
1789886044.101 98.199 0.09489934 8.79970e-09
1789886044.111 98.246 0.09498501 2.49309e-08
1789886044.121 98.293 0.09500829 1.44598e-08
1789886044.131 98.341 0.09505857 1.27618e-08
1789886044.141 98.388 0.09510606 2.49309e-08
1789886044.151 98.435 0.09514982 7.38468e-09
1789886044.161 98.482 0.09518614 2.52139e-08
1789886044.171 98.529 0.09524573 1.36108e-08
1789886044.181 98.576 0.09527459 1.33278e-08
1789886044.191 98.623 0.09533325 2.46479e-08
1789886044.201 98.669 0.09538074 8.23369e-09
1789886044.211 98.716 0.09541706 2.43649e-08
1789886044.221 98.763 0.09546734 1.24788e-08
1789886044.231 98.810 0.09550458 1.21958e-08
1789886044.241 98.857 0.09553810 2.40819e-08
1789886044.251 98.904 0.09558932 8.51670e-09
1789886044.261 98.950 0.09562563 2.63460e-08
1789886044.271 98.997 0.09567870 1.92708e-08
1789886044.281 99.044 0.09572340 2.37989e-08
1789886044.291 99.091 0.09576530 4.30432e-08
1789886044.300 99.137 0.09581558 3.45531e-08
1789886044.310 99.184 0.09585376 7.44566e-08
1789886044.320 99.231 0.09590404 1.07568e-07
1789886044.330 99.277 0.09595153 1.56245e-07
1789886044.340 99.324 0.09600367 2.27562e-07
1789886044.350 99.371 0.09605954 2.94068e-07
1789886044.360 99.417 0.09609678 3.99911e-07
1789886044.370 99.464 0.09612193 4.95001e-07
1789886044.380 99.510 0.09616848 6.20654e-07
1789886044.390 99.557 0.09622155 8.10267e-07
1789886044.400 99.603 0.09628022 9.93088e-07
1789886044.410 99.650 0.09632212 1.30411e-06
1789886044.420 99.696 0.09633608 1.86163e-06
1789886044.430 99.742 0.09637520 2.49046e-06
1789886044.440 99.789 0.09642361 4.25273e-06
1789886044.450 99.835 0.09646179 5.63973e-06
1789886044.460 99.882 0.09654745 7.59784e-06
1789886044.470 99.928 0.09657725 1.00354e-05
1789886044.480 99.974 0.09658284 1.25764e-05
1789886044.490 100.021 0.09664057 1.94268e-05
1789886044.500 100.067 0.09668433 2.88347e-05
1789886044.510 100.113 0.09673089 3.24980e-05
1789886044.520 100.159 0.09676627 4.29170e-05
1789886044.530 100.205 0.09681004 4.63459e-05
1789886044.540 100.252 0.09686125 5.65731e-05
1789886044.550 100.298 0.09690874 6.04805e-05
1789886044.560 100.344 0.09696181 6.60577e-05
1789886044.570 100.390 0.09700837 7.69098e-05
1789886044.580 100.436 0.09702699 8.35898e-05
1789886044.590 100.482 0.09707168 1.02778e-04
1789886044.600 100.528 0.09711545 1.09257e-04
1789886044.610 100.574 0.09715083 1.14492e-04
1789886044.620 100.620 0.09722160 1.16314e-04
1789886044.630 100.666 0.09725326 1.15401e-04
1789886044.640 100.712 0.09729981 1.15495e-04
1789886044.650 100.758 0.09737151 1.14824e-04
1789886044.660 100.804 0.09741527 1.07261e-04
1789886044.670 100.850 0.09741806 1.04385e-04
1789886044.680 100.896 0.09746928 9.70455e-05
1789886044.690 100.942 0.09752887 9.08616e-05
1789886044.700 100.988 0.09757357 8.18442e-05
1789886044.710 101.033 0.09759871 6.85091e-05
1789886044.720 101.079 0.09764154 5.87474e-05
1789886044.730 101.125 0.09769927 5.06014e-05
1789886044.740 101.171 0.09774303 4.19293e-05
1789886044.750 101.217 0.09777189 3.49677e-05
1789886044.760 101.262 0.09783242 2.94327e-05
1789886044.770 101.308 0.09788922 2.64844e-05
1789886044.780 101.354 0.09792088 2.32613e-05
1789886044.790 101.399 0.09795812 2.15997e-05
1789886044.800 101.445 0.09799351 2.01239e-05
1789886044.810 101.490 0.09802796 1.65597e-05
1789886044.820 101.536 0.09808103 1.50411e-05
1789886044.830 101.582 0.09814156 1.23300e-05
1789886044.840 101.627 0.09816763 1.16086e-05
1789886044.850 101.673 0.09817508 1.02966e-05
1789886044.860 101.718 0.09822350 9.20756e-06
1789886044.870 101.764 0.09828495 7.20559e-06
1789886044.880 101.809 0.09833430 7.06409e-06
1789886044.890 101.855 0.09839389 6.17716e-06
1789886044.900 101.900 0.09844045 6.03990e-06
1789886044.910 101.946 0.09847118 5.56021e-06
1789886044.920 101.991 0.09848794 5.33862e-06
1789886044.930 102.036 0.09855871 4.58158e-06
1789886044.940 102.082 0.09861271 4.25103e-06
1789886044.950 102.127 0.09865182 4.28641e-06
1789886044.960 102.172 0.09867603 3.72068e-06
1789886044.970 102.218 0.09871048 3.33778e-06
1789886044.980 102.263 0.09878590 3.10147e-06
1789886044.990 102.308 0.09882315 2.61668e-06
1789886045.000 102.353 0.09885480 2.42113e-06
1789886045.010 102.399 0.09889112 2.57451e-06
1789886045.020 102.444 0.09894978 2.21199e-06
1789886045.030 102.489 0.09897119 2.16642e-06
1789886045.040 102.534 0.09902055 1.84182e-06
1789886045.050 102.579 0.09908200 1.63579e-06
1789886045.060 102.624 0.09913321 1.49146e-06
1789886045.070 102.669 0.09919467 1.22572e-06
1789886045.080 102.714 0.09919653 1.09497e-06
1789886045.090 102.759 0.09922726 9.45826e-07
1789886045.100 102.805 0.09928964 8.94602e-07
1789886045.110 102.850 0.09932037 6.97349e-07
1789886045.120 102.895 0.09937531 6.99896e-07
1789886045.130 102.939 0.09940790 8.23285e-07
1789886045.140 102.984 0.09946935 6.06221e-07
1789886045.150 103.029 0.09951312 5.89524e-07
1789886045.160 103.074 0.09954105 5.98297e-07
1789886045.170 103.119 0.09958481 4.35570e-07
1789886045.180 103.164 0.09962485 4.13212e-07
1789886045.190 103.209 0.09964906 3.65668e-07
1789886045.200 103.254 0.09969469 2.95483e-07
1789886045.210 103.299 0.09974777 3.32273e-07
1789886045.220 103.343 0.09977849 2.74824e-07
1789886045.230 103.388 0.09982039 2.31524e-07
1789886045.240 103.433 0.09986695 2.84163e-07
1789886045.250 103.478 0.09990885 2.28411e-07
1789886045.260 103.522 0.09996285 1.98412e-07
1789886045.270 103.567 0.10001686 2.55013e-07
1789886045.280 103.612 0.10004945 1.46057e-07
1789886045.290 103.656 0.10008390 1.44925e-07
1789886045.300 103.701 0.10013232 1.08700e-07
1789886045.310 103.746 0.10017980 1.11813e-07
1789886045.320 103.790 0.10021613 8.69088e-08
1789886045.330 103.835 0.10024592 7.84187e-08
1789886045.340 103.879 0.10029993 7.02116e-08
1789886045.350 103.924 0.10031669 2.40819e-08
1789886045.360 103.968 0.10034462 5.09673e-08
1789886045.370 104.013 0.10041167 4.27164e-09
1789886045.380 104.057 0.10047126 -6.48252e-09
1789886045.390 104.102 0.10050105 -1.75197e-08
1789886045.400 104.146 0.10056250 -4.55370e-08
1789886045.410 104.191 0.10058671 -3.33679e-08
1789886045.420 104.235 0.10062768 -3.33679e-08
1789886045.430 104.280 0.10066307 -4.29900e-08
1789886045.440 104.324 0.10070776 -3.28019e-08
1789886045.450 104.368 0.10074408 -4.94991e-08
1789886045.460 104.413 0.10079715 -1.46896e-08
1789886045.470 104.457 0.10084277 -3.25189e-08
1789886045.480 104.501 0.10088468 -3.19529e-08
1789886045.490 104.546 0.10093124 -1.80857e-08
1789886045.500 104.590 0.10097965 -2.91228e-08
1789886045.510 104.634 0.10100759 -3.93548e-09
1789886045.520 104.678 0.10105973 -2.17647e-08
1789886045.530 104.723 0.10109512 -1.75197e-08
1789886045.540 104.767 0.10114633 -7.89753e-09
1789886045.550 104.811 0.10120126 -1.72367e-08
1789886045.560 104.855 0.10122361 -1.95445e-09
1789886045.570 104.899 0.10126271 -1.21426e-08
1789886045.580 104.943 0.10129251 -8.74655e-09
1789886045.590 104.987 0.10133814 8.75590e-10
1789886045.600 105.031 0.10139215 -1.29916e-08
1789886045.610 105.076 0.10142008 8.79970e-09
1789886045.620 105.120 0.10146105 -7.04852e-09
1789886045.630 105.164 0.10152529 -5.91651e-09
1789886045.640 105.208 0.10155230 6.25267e-09
1789886045.650 105.252 0.10158955 -1.07276e-08
1789886045.660 105.296 0.10162400 1.16297e-08
1789886045.670 105.339 0.10166590 4.55464e-09
1789886045.680 105.383 0.10170966 2.85662e-09
1789886045.690 105.427 0.10177298 1.30448e-08
1789886045.700 105.471 0.10179067 -7.04852e-09
1789886045.710 105.515 0.10184188 1.47428e-08
1789886045.720 105.559 0.10188285 8.75590e-10
1789886045.730 105.603 0.10193592 3.42263e-09
1789886045.740 105.647 0.10196013 1.24788e-08
1789886045.750 105.690 0.10200204 -2.23745e-09
1789886045.760 105.734 0.10206536 1.50258e-08
1789886045.770 105.778 0.10209701 4.55464e-09
1789886045.780 105.822 0.10212215 1.21958e-08
1789886045.790 105.865 0.10215940 2.23839e-08
1789886045.800 105.909 0.10222924 1.19128e-08
1789886045.810 105.953 0.10225065 3.48361e-08
1789886045.820 105.996 0.10229069 3.03080e-08
1789886045.830 106.040 0.10233818 3.96471e-08
1789886045.840 106.084 0.10236797 5.46464e-08
1789886045.850 106.127 0.10241826 4.78543e-08
1789886045.860 106.171 0.10247785 7.67207e-08
1789886045.870 106.215 0.10250765 6.59665e-08
1789886045.880 106.258 0.10256072 8.12487e-08
1789886045.890 106.302 0.10260448 9.53989e-08
1789886045.900 106.345 0.10263615 8.77578e-08
1789886045.910 106.389 0.10267339 1.23416e-07
1789886045.920 106.432 0.10272181 1.12945e-07
1789886045.930 106.476 0.10276650 1.34454e-07
1789886045.940 106.519 0.10277860 1.56528e-07
1789886045.950 106.563 0.10283448 1.57660e-07
1789886045.960 106.606 0.10287824 1.92186e-07
1789886045.970 106.649 0.10293690 1.92752e-07
1789886045.980 106.693 0.10296856 2.01808e-07
1789886045.990 106.736 0.10300487 2.19355e-07
1789886046.000 106.780 0.10305701 2.20204e-07
1789886046.010 106.823 0.10309426 2.51900e-07
1789886046.020 106.866 0.10314734 2.30958e-07
1789886046.030 106.910 0.10317434 2.32373e-07
1789886046.040 106.953 0.10319203 2.47089e-07
1789886046.050 106.996 0.10324510 2.23600e-07
1789886046.060 107.039 0.10329632 2.30109e-07
1789886046.069 107.083 0.10333822 1.99544e-07
1789886046.079 107.126 0.10339408 1.95865e-07
1789886046.089 107.169 0.10342016 1.88790e-07
1789886046.099 107.212 0.10344064 1.59924e-07
1789886046.109 107.255 0.10348626 1.74923e-07
1789886046.119 107.298 0.10354214 1.38416e-07
1789886046.129 107.342 0.10357286 1.34454e-07
1789886046.139 107.385 0.10360545 1.24265e-07
1789886046.149 107.428 0.10363804 9.14369e-08
1789886046.159 107.471 0.10370787 9.11539e-08
1789886046.169 107.514 0.10375909 7.10606e-08
1789886046.179 107.557 0.10378889 6.82306e-08
1789886046.189 107.600 0.10385593 7.27586e-08
1789886046.199 107.643 0.10388293 5.15333e-08
1789886046.209 107.686 0.10390527 6.99286e-08
1789886046.219 107.729 0.10394439 4.67222e-08
1789886046.229 107.772 0.10399188 5.29483e-08
1789886046.239 107.815 0.10403098 5.86084e-08
1789886046.249 107.858 0.10406823 3.99302e-08
1789886046.259 107.901 0.10410454 5.32313e-08
1789886046.269 107.944 0.10416692 3.96471e-08
1789886046.279 107.986 0.10420883 4.10622e-08
1789886046.289 108.029 0.10425166 4.55902e-08
1789886046.299 108.072 0.10429728 2.26669e-08
1789886046.309 108.115 0.10432987 4.02131e-08
1789886046.319 108.158 0.10434011 2.43649e-08
1789886046.329 108.201 0.10439039 3.00250e-08
1789886046.339 108.243 0.10443603 3.51191e-08
1789886046.349 108.286 0.10447420 1.64408e-08
1789886046.359 108.329 0.10453472 3.34211e-08
1789886046.369 108.371 0.10456917 1.81388e-08
1789886046.379 108.414 0.10459991 2.52139e-08
1789886046.389 108.457 0.10463901 3.03080e-08
1789886046.399 108.500 0.10467533 1.24788e-08
1789886046.409 108.542 0.10472374 3.03080e-08
1789886046.419 108.585 0.10476657 1.24788e-08
1789886046.429 108.627 0.10479265 1.95539e-08
1789886046.439 108.670 0.10482152 2.49309e-08
1789886046.449 108.713 0.10486621 8.79970e-09
1789886046.459 108.755 0.10491183 2.63460e-08
1789886046.469 108.798 0.10497701 1.21958e-08
1789886046.479 108.840 0.10501519 1.84218e-08
1789886046.489 108.883 0.10502077 2.40819e-08
1789886046.499 108.925 0.10507199 7.95069e-09
1789886046.509 108.968 0.10511203 2.54969e-08
1789886046.519 109.010 0.10514834 1.27618e-08
1789886046.529 109.053 0.10521538 1.78558e-08
1789886046.539 109.095 0.10525821 2.23839e-08
1789886046.549 109.138 0.10527033 7.10168e-09
1789886046.559 109.180 0.10533829 2.66290e-08
1789886046.569 109.222 0.10537647 1.13467e-08
1789886046.579 109.265 0.10540626 1.64408e-08
1789886046.589 109.307 0.10543234 2.06859e-08
1789886046.599 109.349 0.10547237 5.12065e-09
1789886046.609 109.392 0.10550869 2.52139e-08
1789886046.619 109.434 0.10554035 1.24788e-08
1789886046.629 109.476 0.10558598 1.92708e-08
1789886046.639 109.519 0.10561949 2.35159e-08
1789886046.649 109.561 0.10568467 8.51670e-09
1789886046.659 109.603 0.10574613 2.63460e-08
1789886046.669 109.645 0.10577500 1.24788e-08
1789886046.679 109.687 0.10580293 2.21009e-08
1789886046.689 109.730 0.10584669 2.63460e-08
1789886046.699 109.772 0.10588673 1.02147e-08
1789886046.709 109.814 0.10591466 2.91760e-08
1789886046.719 109.856 0.10595378 1.53088e-08
1789886046.729 109.898 0.10600964 2.57800e-08
1789886046.739 109.940 0.10603106 3.20060e-08
1789886046.749 109.982 0.10605899 1.58748e-08
1789886046.759 110.025 0.10610275 3.76661e-08
