1789872615.951 31.724 0.03402272 1.45915e-06
1789872615.956 31.870 0.03402272 1.46113e-06
1789872615.966 32.014 0.03403110 1.50047e-06
1789872615.976 32.159 0.03403855 1.50472e-06
1789872615.986 32.302 0.03402458 1.53160e-06
1789872615.996 32.445 0.03400689 1.59443e-06
1789872616.006 32.588 0.03398361 1.61141e-06
1789872616.016 32.729 0.03399478 1.65640e-06
1789872616.026 32.870 0.03400316 1.68272e-06
1789872616.036 33.011 0.03400223 1.70791e-06
1789872616.046 33.151 0.03399571 1.72574e-06
1789872616.056 33.290 0.03397988 1.78149e-06
1789872616.066 33.429 0.03397057 1.77951e-06
1789872616.076 33.567 0.03397709 1.79450e-06
1789872616.086 33.705 0.03401434 1.85110e-06
1789872616.096 33.842 0.03403296 1.85620e-06
1789872616.106 33.978 0.03404972 1.80328e-06
1789872616.116 34.114 0.03409721 1.79054e-06
1789872616.126 34.249 0.03414097 1.68272e-06
1789872616.136 34.384 0.03422384 1.62923e-06
1789872616.146 34.519 0.03427971 1.46085e-06
1789872616.156 34.652 0.03433930 1.32983e-06
1789872616.166 34.786 0.03440169 1.17050e-06
1789872616.176 34.918 0.03452460 9.53723e-07
1789872616.186 35.051 0.03463075 6.70444e-07
1789872616.196 35.183 0.03474621 4.16313e-07
1789872616.206 35.314 0.03489147 1.63032e-07
1789872616.216 35.445 0.03504789 5.40782e-08
1789872616.226 35.575 0.03517825 2.12507e-08
1789872616.236 35.705 0.03531327 2.91746e-08
1789872616.246 35.834 0.03547063 9.64784e-09
1789872616.256 35.963 0.03564289 1.78547e-08
1789872616.266 36.092 0.03581236 1.72887e-08
1789872616.276 36.220 0.03595854 9.93084e-09
1789872616.286 36.347 0.03611404 2.69106e-08
1789872616.296 36.474 0.03628630 9.08185e-09
1789872616.306 36.601 0.03645298 1.92697e-08
1789872616.316 36.727 0.03662710 1.64398e-08
1789872616.326 36.853 0.03676118 7.66687e-09
1789872616.336 36.978 0.03691761 2.09677e-08
1789872616.346 37.103 0.03705915 3.98792e-09
1789872616.356 37.228 0.03720254 1.44588e-08
1789872616.366 37.352 0.03734407 1.19118e-08
1789872616.376 37.476 0.03746698 3.13893e-09
1789872616.386 37.599 0.03758524 1.81377e-08
1789872616.396 37.722 0.03771932 1.44096e-09
1789872616.406 37.844 0.03783757 1.24778e-08
1789872616.416 37.966 0.03794372 1.04968e-08
1789872616.426 38.088 0.03805360 5.91969e-10
1789872616.436 38.209 0.03814671 1.78547e-08
1789872616.446 38.330 0.03826124 2.59766e-11
1789872616.456 38.451 0.03837205 1.21948e-08
1789872616.466 38.571 0.03845119 1.02138e-08
1789872616.476 38.691 0.03851265 5.91969e-10
1789872616.486 38.810 0.03861973 1.70057e-08
1789872616.496 38.929 0.03871936 1.15796e-09
1789872616.506 39.048 0.03880968 1.24778e-08
1789872616.516 39.166 0.03890093 1.02138e-08
1789872616.526 39.284 0.03899032 8.74965e-10
1789872616.536 39.402 0.03909367 1.72887e-08
1789872616.546 39.519 0.03916630 1.72395e-09
1789872616.556 39.636 0.03924824 1.38928e-08
1789872616.566 39.753 0.03934788 9.36485e-09
1789872616.576 39.869 0.03946799 5.91969e-10
1789872616.586 39.985 0.03955552 1.72887e-08
1789872616.596 40.100 0.03965980 1.44096e-09
1789872616.606 40.216 0.03976409 1.30438e-08
1789872616.616 40.331 0.03987583 9.08185e-09
1789872616.626 40.445 0.03996894 8.74965e-10
1789872616.636 40.559 0.04008347 1.78547e-08
1789872616.646 40.673 0.04017752 2.85594e-09
1789872616.656 40.787 0.04029391 1.47418e-08
1789872616.666 40.900 0.04041309 9.93084e-09
1789872616.676 41.013 0.04053600 1.15796e-09
1789872616.686 41.126 0.04063098 1.81377e-08
1789872616.696 41.238 0.04073061 1.15796e-09
1789872616.706 41.350 0.04085352 1.41758e-08
1789872616.716 41.462 0.04095594 8.51586e-09
1789872616.726 41.574 0.04108351 2.28995e-09
1789872616.736 41.685 0.04118221 1.84207e-08
1789872616.746 41.796 0.04130698 1.44096e-09
1789872616.756 41.906 0.04142337 1.44588e-08
1789872616.766 42.017 0.04152021 8.79886e-09
1789872616.776 42.127 0.04164405 3.70493e-09
1789872616.786 42.236 0.04178279 1.92697e-08
1789872616.796 42.346 0.04186938 2.85594e-09
1789872616.806 42.455 0.04195505 1.53078e-08
1789872616.816 42.564 0.04204816 9.64784e-09
1789872616.826 42.672 0.04216921 3.98792e-09
1789872616.836 42.781 0.04227350 1.95527e-08
1789872616.846 42.889 0.04238523 2.28995e-09
1789872616.856 42.996 0.04247742 1.53078e-08
1789872616.866 43.104 0.04259381 8.23286e-09
1789872616.876 43.211 0.04267761 3.70493e-09
1789872616.886 43.318 0.04276048 1.95527e-08
1789872616.896 43.425 0.04288060 2.59766e-11
1789872616.906 43.531 0.04296812 1.30438e-08
1789872616.916 43.637 0.04306776 8.51586e-09
1789872616.926 43.743 0.04318880 3.42193e-09
1789872616.936 43.849 0.04326329 1.72887e-08
1789872616.946 43.954 0.04336944 1.44096e-09
1789872616.956 44.060 0.04345976 1.53078e-08
1789872616.966 44.165 0.04354729 8.79886e-09
1789872616.976 44.269 0.04363202 2.28995e-09
1789872616.986 44.374 0.04374003 1.78547e-08
1789872616.996 44.478 0.04385456 3.13893e-09
1789872617.006 44.582 0.04393371 1.50248e-08
1789872617.016 44.685 0.04403148 9.36485e-09
1789872617.026 44.789 0.04413763 2.57294e-09
1789872617.036 44.892 0.04422143 1.78547e-08
1789872617.046 44.995 0.04431268 2.28995e-09
1789872617.056 45.098 0.04438810 1.50248e-08
1789872617.066 45.200 0.04450077 8.23286e-09
1789872617.076 45.303 0.04462927 4.55391e-09
1789872617.086 45.405 0.04471586 1.84207e-08
1789872617.096 45.506 0.04480153 -2.57020e-10
1789872617.106 45.608 0.04490674 1.50248e-08
1789872617.116 45.709 0.04498775 8.23286e-09
1789872617.126 45.810 0.04507621 3.98792e-09
1789872617.136 45.911 0.04520657 1.75717e-08
1789872617.146 46.012 0.04528758 -8.23012e-10
1789872617.156 46.113 0.04538069 1.67227e-08
1789872617.166 46.213 0.04548126 7.10088e-09
1789872617.176 46.313 0.04556692 4.55391e-09
1789872617.186 46.413 0.04565258 1.75717e-08
1789872617.196 46.512 0.04574756 -2.57020e-10
1789872617.206 46.612 0.04584719 1.78547e-08
1789872617.216 46.711 0.04596172 8.51586e-09
1789872617.226 46.810 0.04606694 6.53489e-09
1789872617.236 46.909 0.04615260 1.81377e-08
1789872617.246 47.007 0.04625224 8.74965e-10
1789872617.256 47.105 0.04631928 1.87037e-08
1789872617.266 47.204 0.04641984 9.93084e-09
1789872617.276 47.302 0.04651668 7.10088e-09
1789872617.286 47.399 0.04662189 1.81377e-08
1789872617.296 47.497 0.04670197 3.08973e-10
1789872617.306 47.594 0.04680347 1.72887e-08
1789872617.315 47.691 0.04688913 6.81788e-09
1789872617.326 47.788 0.04697852 3.70493e-09
1789872617.336 47.885 0.04707443 1.61568e-08
1789872617.345 47.982 0.04714799 -2.23799e-09
1789872617.355 48.078 0.04721875 1.70057e-08
1789872617.365 48.174 0.04732211 7.10088e-09
1789872617.375 48.270 0.04742639 6.53489e-09
1789872617.385 48.366 0.04751765 1.78547e-08
1789872617.395 48.461 0.04760703 8.74965e-10
1789872617.405 48.557 0.04771132 1.87037e-08
1789872617.415 48.652 0.04782306 8.51586e-09
1789872617.425 48.747 0.04789383 6.81788e-09
1789872617.435 48.842 0.04797949 3.51175e-08
1789872617.445 48.937 0.04806422 1.93878e-07
1789872617.455 49.031 0.04813592 5.54698e-07
1789872617.465 49.125 0.04822624 1.11418e-06
1789872617.475 49.219 0.04832028 1.83101e-06
1789872617.485 49.313 0.04843109 3.10251e-06
1789872617.495 49.407 0.04854282 5.29290e-06
1789872617.505 49.501 0.04860801 7.34859e-06
1789872617.515 49.594 0.04868063 9.40993e-06
1789872617.525 49.687 0.04876630 8.36935e-06
1789872617.535 49.780 0.04884079 5.82833e-06
1789872617.545 49.873 0.04895159 3.36938e-06
1789872617.555 49.966 0.04904377 1.63461e-06
1789872617.565 50.059 0.04912292 8.37977e-07
1789872617.575 50.151 0.04923652 4.75743e-07
1789872617.585 50.243 0.04930356 3.01417e-07
1789872617.595 50.335 0.04939388 1.58504e-07
1789872617.605 50.427 0.04948699 9.53957e-08
1789872617.615 50.519 0.04958011 4.75693e-08
1789872617.625 50.610 0.04965646 2.86086e-08
1789872617.635 50.702 0.04976447 2.77596e-08
1789872617.645 50.793 0.04983431 6.53489e-09
1789872617.655 50.884 0.04991997 1.78547e-08
1789872617.665 50.975 0.05002240 4.83691e-09
1789872617.675 51.065 0.05009409 2.85594e-09
1789872617.685 51.156 0.05017510 1.13458e-08
1789872617.695 51.246 0.05027474 -8.18091e-09
1789872617.705 51.337 0.05034922 1.07798e-08
1789872617.715 51.427 0.05041906 1.72395e-09
1789872617.725 51.517 0.05050473 4.27092e-09
1789872617.735 51.606 0.05060250 1.36098e-08
1789872617.745 51.696 0.05068350 3.08973e-10
1789872617.755 51.785 0.05073285 2.01187e-08
1789872617.765 51.875 0.05084552 1.10628e-08
1789872617.775 51.964 0.05094702 1.16288e-08
1789872617.785 52.053 0.05103641 2.37977e-08
1789872617.795 52.142 0.05111741 8.51586e-09
1789872617.805 52.230 0.05118725 3.25705e-08
1789872617.815 52.319 0.05127012 3.95938e-07
1789872617.825 52.407 0.05136137 1.91308e-06
1789872617.835 52.495 0.05144982 4.33581e-06
1789872617.845 52.583 0.05150663 7.56819e-06
1789872617.855 52.671 0.05159881 1.40287e-05
1789872617.865 52.759 0.05170217 2.60775e-05
1789872617.875 52.847 0.05178038 4.20340e-05
1789872617.885 52.934 0.05184463 5.95594e-05
1789872617.895 53.022 0.05192750 6.97300e-05
1789872617.905 53.109 0.05204017 7.78056e-05
1789872617.915 53.196 0.05212024 6.11829e-05
1789872617.925 53.283 0.05220404 4.49873e-05
1789872617.935 53.370 0.05227947 2.47990e-05
1789872617.945 53.456 0.05236234 1.07445e-05
1789872617.955 53.543 0.05244707 5.02717e-06
1789872617.965 53.629 0.05254484 3.87962e-06
1789872617.975 53.715 0.05262399 3.17241e-06
1789872617.985 53.802 0.05271058 2.26541e-06
1789872617.995 53.887 0.05278414 1.50783e-06
1789872618.005 53.973 0.05283722 7.66380e-07
1789872618.015 54.059 0.05290705 3.44998e-07
1789872618.025 54.144 0.05300761 2.14254e-07
1789872618.035 54.230 0.05310538 2.24159e-07
1789872618.045 54.315 0.05318267 2.29253e-07
1789872618.055 54.400 0.05326368 2.62080e-07
1789872618.065 54.485 0.05334096 2.38309e-07
1789872618.075 54.570 0.05343314 2.16235e-07
1789872618.085 54.655 0.05350577 1.89067e-07
1789872618.095 54.740 0.05356444 1.39826e-07
1789872618.105 54.824 0.05365754 1.44637e-07
1789872618.115 54.908 0.05372552 1.41241e-07
1789872618.125 54.993 0.05380001 1.57372e-07
1789872618.135 55.077 0.05390337 1.78880e-07
1789872618.145 55.161 0.05398158 1.66711e-07
1789872618.155 55.244 0.05405049 1.81144e-07
1789872618.165 55.328 0.05416501 1.78597e-07
1789872618.175 55.412 0.05425720 2.00670e-07
1789872618.185 55.495 0.05430655 2.36894e-07
1789872618.195 55.579 0.05437545 2.15669e-07
1789872618.205 55.662 0.05444994 1.89916e-07
1789872618.215 55.745 0.05453095 1.30204e-07
1789872618.225 55.828 0.05460917 9.87916e-08
1789872618.235 55.911 0.05469018 9.56787e-08
1789872618.245 55.993 0.05478328 1.10111e-07
1789872618.255 56.076 0.05486243 1.67560e-07
1789872618.265 56.158 0.05493320 1.75484e-07
1789872618.275 56.241 0.05500304 2.26140e-07
1789872618.285 56.323 0.05508125 2.43403e-07
1789872618.295 56.405 0.05517716 2.15103e-07
1789872618.305 56.487 0.05526003 2.11707e-07
1789872618.315 56.569 0.05532055 2.39158e-07
1789872618.325 56.651 0.05541459 1.80328e-06
1789872618.335 56.732 0.05549654 7.37972e-06
1789872618.345 56.814 0.05555892 1.81010e-05
1789872618.355 56.895 0.05563900 4.17142e-05
1789872618.365 56.977 0.05572653 7.79785e-05
1789872618.375 57.058 0.05582616 1.17871e-04
1789872618.385 57.139 0.05589041 1.58487e-04
1789872618.395 57.220 0.05595931 1.83065e-04
1789872618.405 57.301 0.05602263 2.22081e-04
1789872618.415 57.381 0.05609712 2.29449e-04
1789872618.425 57.462 0.05615299 2.32484e-04
1789872618.435 57.542 0.05623306 2.10135e-04
1789872618.445 57.623 0.05632245 1.64968e-04
1789872618.455 57.703 0.05639322 1.03813e-04
1789872618.465 57.783 0.05646678 4.95634e-05
1789872618.475 57.863 0.05656641 1.51958e-05
1789872618.485 57.943 0.05664369 4.87973e-06
1789872618.495 58.023 0.05671167 3.58587e-06
1789872618.505 58.103 0.05678337 2.66160e-06
1789872618.515 58.182 0.05687369 2.05797e-06
1789872618.525 58.262 0.05692955 1.70140e-06
1789872618.535 58.341 0.05701149 1.73394e-06
1789872618.545 58.420 0.05707015 2.03590e-06
1789872618.555 58.499 0.05714930 2.80593e-06
1789872618.565 58.579 0.05724428 3.65464e-06
1789872618.575 58.657 0.05731131 4.47759e-06
1789872618.585 58.736 0.05737743 5.01019e-06
1789872618.595 58.815 0.05747147 5.42053e-06
1789872618.605 58.894 0.05753758 5.78164e-06
1789872618.615 58.972 0.05761673 5.86823e-06
1789872618.625 59.051 0.05767260 5.11065e-06
1789872618.635 59.129 0.05776291 4.16177e-06
1789872618.645 59.207 0.05785975 2.74735e-06
1789872618.655 59.285 0.05791655 1.65357e-06
1789872618.665 59.363 0.05798918 1.00381e-06
1789872618.675 59.441 0.05807112 8.09395e-07
1789872618.685 59.519 0.05814096 6.54313e-07
1789872618.695 59.597 0.05819497 6.46672e-07
1789872618.705 59.674 0.05825828 4.91307e-07
1789872618.715 59.752 0.05833557 3.06511e-07
1789872618.725 59.829 0.05841843 2.06047e-07
1789872618.735 59.907 0.05850875 1.69258e-07
1789872618.745 59.984 0.05856276 1.53976e-07
1789872618.755 60.061 0.05865401 2.13971e-07
1789872618.765 60.138 0.05872478 2.34064e-07
1789872618.775 60.215 0.05878717 2.73400e-07
1789872618.785 60.292 0.05888959 3.33961e-07
1789872618.795 60.368 0.05896408 3.96787e-07
1789872618.805 60.445 0.05901529 5.18758e-07
1789872618.815 60.521 0.05908979 6.49785e-07
1789872618.825 60.598 0.05915496 8.54108e-07
1789872618.835 60.674 0.05922945 1.09211e-06
1789872618.845 60.750 0.05930673 1.30379e-06
1789872618.855 60.826 0.05937657 1.46312e-06
1789872618.865 60.903 0.05942499 1.69064e-06
1789872618.875 60.978 0.05950227 1.76168e-06
1789872618.885 61.054 0.05957211 1.69461e-06
1789872618.895 61.130 0.05965405 1.40482e-06
1789872618.905 61.206 0.05971364 1.12437e-06
1789872618.915 61.281 0.05978627 8.05716e-07
1789872618.925 61.357 0.05987287 5.86111e-07
1789872618.935 61.432 0.05994177 4.84798e-07
1789872618.945 61.507 0.06002650 5.51019e-07
1789872618.955 61.583 0.06010938 6.75255e-07
1789872618.965 61.658 0.06018014 7.42325e-07
1789872618.975 61.733 0.06024625 8.23828e-07
1789872618.985 61.808 0.06029560 8.49863e-07
1789872618.995 61.882 0.06037568 7.44023e-07
1789872619.005 61.957 0.06042596 6.95630e-07
1789872619.015 62.032 0.06049114 5.91488e-07
1789872619.025 62.106 0.06059450 5.47623e-07
1789872619.035 62.181 0.06067364 8.27507e-07
1789872619.045 62.255 0.06074534 1.89808e-06
1789872619.055 62.330 0.06079376 4.90605e-06
1789872619.065 62.404 0.06086825 1.23822e-05
1789872619.075 62.478 0.06094553 2.81737e-05
1789872619.085 62.552 0.06101537 5.09597e-05
1789872619.095 62.626 0.06109172 7.45740e-05
1789872619.105 62.700 0.06113362 1.00409e-04
1789872619.114 62.774 0.06119694 1.24551e-04
1789872619.124 62.847 0.06129285 1.42983e-04
1789872619.134 62.921 0.06137106 1.64452e-04
1789872619.144 62.994 0.06143159 1.73625e-04
1789872619.154 63.068 0.06150701 1.80918e-04
1789872619.164 63.141 0.06159267 1.70403e-04
1789872619.174 63.214 0.06162340 1.46602e-04
1789872619.184 63.287 0.06170627 1.10066e-04
1789872619.194 63.361 0.06178169 7.25749e-05
1789872619.204 63.434 0.06184408 3.70363e-05
1789872619.214 63.506 0.06191764 1.27948e-05
1789872619.224 63.579 0.06200516 3.22420e-06
1789872619.234 63.652 0.06206848 2.21221e-06
1789872619.244 63.725 0.06212249 1.95808e-06
1789872619.254 63.797 0.06218208 1.59131e-06
1789872619.264 63.870 0.06227892 1.35897e-06
1789872619.274 63.942 0.06235620 1.19342e-06
1789872619.284 64.015 0.06241021 1.15805e-06
1789872619.294 64.087 0.06247725 1.14220e-06
1789872619.304 64.159 0.06254522 1.22993e-06
1789872619.314 64.231 0.06263368 1.24719e-06
1789872619.324 64.303 0.06269606 1.35077e-06
1789872619.334 64.375 0.06274169 1.31115e-06
1789872619.344 64.447 0.06280873 1.18776e-06
1789872619.354 64.519 0.06289347 1.07286e-06
1789872619.364 64.590 0.06296610 8.44486e-07
1789872619.374 64.662 0.06302196 6.19504e-07
1789872619.384 64.733 0.06309645 4.74893e-07
1789872619.394 64.805 0.06317653 4.14332e-07
1789872619.404 64.876 0.06322681 4.59895e-07
1789872619.414 64.948 0.06328827 5.01212e-07
1789872619.424 65.019 0.06335345 6.07336e-07
1789872619.434 65.090 0.06343352 7.21383e-07
1789872619.444 65.161 0.06350429 8.08263e-07
1789872619.454 65.232 0.06355085 9.28819e-07
1789872619.464 65.303 0.06361603 9.04199e-07
1789872619.474 65.374 0.06369517 8.98539e-07
1789872619.484 65.444 0.06375756 9.62496e-07
1789872619.494 65.515 0.06383391 1.13060e-06
1789872619.504 65.586 0.06388978 1.48236e-06
1789872619.514 65.656 0.06395124 1.96968e-06
1789872619.524 65.727 0.06403410 2.59029e-06
1789872619.534 65.797 0.06411232 3.26693e-06
1789872619.544 65.867 0.06417657 3.97103e-06
1789872619.554 65.938 0.06424175 4.77615e-06
1789872619.564 66.008 0.06431903 5.10782e-06
1789872619.574 66.078 0.06436466 4.98812e-06
1789872619.584 66.148 0.06441960 4.57013e-06
1789872619.594 66.218 0.06453226 3.87056e-06
1789872619.604 66.288 0.06457044 2.94687e-06
1789872619.614 66.357 0.06465610 2.02005e-06
1789872619.624 66.427 0.06473339 1.25030e-06
1789872619.634 66.497 0.06477994 7.85057e-07
1789872619.644 66.566 0.06484978 6.31956e-07
1789872619.654 66.636 0.06489727 7.57041e-07
1789872619.664 66.705 0.06497083 5.72527e-07
1789872619.674 66.775 0.06501366 8.02603e-07
1789872619.684 66.844 0.06509560 8.84389e-07
1789872619.694 66.913 0.06517754 8.95143e-07
1789872619.704 66.982 0.06523061 9.14952e-07
1789872619.714 67.051 0.06530510 9.18914e-07
1789872619.724 67.120 0.06535725 9.34479e-07
1789872619.734 67.189 0.06542615 9.46648e-07
1789872619.744 67.258 0.06548947 9.33913e-07
1789872619.754 67.327 0.06554627 9.18631e-07
1789872619.764 67.395 0.06560028 7.84491e-07
1789872619.774 67.464 0.06567011 7.06667e-07
1789872619.784 67.533 0.06574739 6.85443e-07
1789872619.794 67.601 0.06582654 6.04223e-07
1789872619.804 67.670 0.06588520 7.10629e-07
1789872619.814 67.738 0.06593642 6.82330e-07
1789872619.824 67.806 0.06602674 7.09214e-07
1789872619.834 67.874 0.06610215 6.94499e-07
1789872619.844 67.943 0.06615058 6.13562e-07
1789872619.854 68.011 0.06620086 4.77723e-07
1789872619.864 68.079 0.06627442 3.30282e-07
1789872619.874 68.147 0.06635077 1.98972e-07
1789872619.884 68.214 0.06640571 1.02188e-07
1789872619.894 68.282 0.06645971 6.96430e-08
1789872619.904 68.350 0.06651465 9.08677e-08
1789872619.914 68.418 0.06660962 8.26608e-08
1789872619.924 68.485 0.06667480 1.00490e-07
1789872619.934 68.553 0.06673719 9.96406e-08
1789872619.944 68.620 0.06681448 9.14337e-08
1789872619.954 68.688 0.06684520 1.14639e-07
1789872619.964 68.755 0.06692062 1.11809e-07
1789872619.974 68.822 0.06696439 1.78031e-07
1789872619.984 68.890 0.06702771 2.31234e-07
1789872619.994 68.957 0.06711150 3.16982e-07
1789872620.004 69.024 0.06716551 4.36972e-07
1789872620.014 69.091 0.06721393 5.23286e-07
1789872620.024 69.158 0.06729587 6.05638e-07
1789872620.034 69.225 0.06737967 6.09034e-07
1789872620.044 69.291 0.06743554 6.12713e-07
1789872620.054 69.358 0.06746441 5.62339e-07
1789872620.064 69.425 0.06754448 4.38670e-07
1789872620.074 69.492 0.06761990 3.61129e-07
1789872620.084 69.558 0.06766646 2.85569e-07
1789872620.094 69.625 0.06775678 2.55571e-07
1789872620.104 69.691 0.06782196 3.06228e-07
1789872620.114 69.757 0.06787876 4.99797e-07
1789872620.124 69.824 0.06793184 1.05985e-06
1789872620.134 69.890 0.06800725 2.02033e-06
1789872620.144 69.956 0.06806499 3.44522e-06
1789872620.154 70.022 0.06811433 5.86597e-06
1789872620.164 70.088 0.06815996 9.75009e-06
1789872620.174 70.154 0.06823725 1.48786e-05
1789872620.184 70.220 0.06832943 2.48459e-05
1789872620.194 70.286 0.06837971 4.09023e-05
1789872620.204 70.352 0.06843558 6.60799e-05
1789872620.214 70.418 0.06851752 9.54857e-05
1789872620.224 70.483 0.06858084 1.25249e-04
1789872620.234 70.549 0.06862646 1.51330e-04
1789872620.244 70.615 0.06867023 1.84864e-04
1789872620.254 70.680 0.06873727 2.06857e-04
1789872620.264 70.746 0.06880245 2.13347e-04
1789872620.274 70.811 0.06888345 1.99972e-04
1789872620.284 70.876 0.06893653 1.73094e-04
1789872620.294 70.942 0.06899239 1.35312e-04
1789872620.304 71.007 0.06906596 9.31222e-05
1789872620.314 71.072 0.06911623 5.62885e-05
1789872620.324 71.137 0.06917397 2.86146e-05
1789872620.334 71.202 0.06924474 1.06817e-05
1789872620.344 71.267 0.06931922 3.99338e-06
1789872620.354 71.332 0.06936671 3.11072e-06
1789872620.364 71.397 0.06943934 2.65538e-06
1789872620.374 71.462 0.06951383 2.16608e-06
1789872620.384 71.526 0.06955853 1.87742e-06
1789872620.394 71.591 0.06963115 1.52424e-06
1789872620.404 71.656 0.06968796 1.32247e-06
1789872620.414 71.720 0.06973451 1.10541e-06
1789872620.424 71.785 0.06978014 8.92313e-07
1789872620.434 71.849 0.06985742 7.93830e-07
1789872620.444 71.913 0.06992167 6.45540e-07
1789872620.454 71.978 0.06997753 6.01676e-07
1789872620.464 72.042 0.07004644 5.66301e-07
1789872620.474 72.106 0.07012186 5.77904e-07
1789872620.484 72.170 0.07016935 5.68565e-07
1789872620.494 72.234 0.07022894 5.42529e-07
1789872620.504 72.299 0.07027736 5.18192e-07
1789872620.514 72.362 0.07032858 4.51122e-07
1789872620.524 72.426 0.07039748 4.05842e-07
1789872620.534 72.490 0.07047104 3.46696e-07
1789872620.544 72.554 0.07055577 2.75947e-07
1789872620.554 72.618 0.07061257 2.32649e-07
1789872620.564 72.682 0.07064609 2.00104e-07
1789872620.574 72.745 0.07070103 1.96708e-07
1789872620.584 72.809 0.07075131 1.68975e-07
1789872620.594 72.872 0.07082208 1.59070e-07
1789872620.604 72.936 0.07088073 1.57372e-07
1789872620.614 72.999 0.07094871 1.34732e-07
1789872620.624 73.063 0.07100830 1.48599e-07
1789872620.634 73.126 0.07104648 1.27091e-07
1789872620.644 73.189 0.07110607 1.07281e-07
1789872620.654 73.252 0.07118708 1.13790e-07
1789872620.664 73.316 0.07125226 8.12459e-08
1789872620.674 73.379 0.07129788 8.57738e-08
1789872620.684 73.442 0.07135189 7.19070e-08
1789872620.694 73.505 0.07143756 7.30390e-08
1789872620.704 73.568 0.07151391 1.06716e-07
1789872620.714 73.630 0.07157909 1.36996e-07
1789872620.724 73.693 0.07162564 2.37743e-07
1789872620.734 73.756 0.07168803 3.05379e-07
1789872620.744 73.819 0.07173459 3.86882e-07
1789872620.754 73.881 0.07180535 4.56782e-07
1789872620.764 73.944 0.07185377 4.38104e-07
1789872620.774 74.007 0.07190499 4.31595e-07
1789872620.784 74.069 0.07197762 4.09521e-07
1789872620.794 74.132 0.07203721 3.45847e-07
1789872620.804 74.194 0.07208935 2.75381e-07
1789872620.814 74.256 0.07215639 1.91048e-07
1789872620.824 74.319 0.07219177 1.69824e-07
1789872620.834 74.381 0.07227464 1.87086e-07
1789872620.844 74.443 0.07233889 2.51892e-07
1789872620.854 74.505 0.07239197 3.39904e-07
1789872620.864 74.567 0.07245342 3.93674e-07
1789872620.874 74.629 0.07249532 4.43764e-07
1789872620.883 74.691 0.07255399 4.47443e-07
1789872620.893 74.753 0.07261916 4.51971e-07
1789872620.903 74.815 0.07267969 4.78289e-07
1789872620.913 74.877 0.07272252 4.90741e-07
1789872620.923 74.939 0.07279701 5.37153e-07
1789872620.933 75.000 0.07285381 5.71395e-07
1789872620.943 75.062 0.07290409 5.96016e-07
1789872620.953 75.124 0.07295158 6.63086e-07
1789872620.963 75.185 0.07302979 6.48087e-07
1789872620.973 75.247 0.07309218 6.41578e-07
1789872620.983 75.308 0.07314805 5.74508e-07
1789872620.993 75.370 0.07320857 4.78572e-07
1789872621.003 75.431 0.07325792 4.09238e-07
1789872621.013 75.493 0.07332124 2.77362e-07
1789872621.023 75.554 0.07335383 1.94727e-07
1789872621.033 75.615 0.07343856 1.70390e-07
1789872621.043 75.676 0.07350653 1.66145e-07
1789872621.053 75.737 0.07357823 1.98689e-07
1789872621.063 75.798 0.07362944 1.99538e-07
1789872621.073 75.859 0.07367880 2.36611e-07
1789872621.083 75.920 0.07374770 2.94908e-07
1789872621.093 75.981 0.07379519 3.81788e-07
1789872621.103 76.042 0.07381753 5.45360e-07
1789872621.113 76.103 0.07388178 7.17987e-07
1789872621.123 76.164 0.07395348 1.10767e-06
1789872621.133 76.225 0.07400190 1.75998e-06
1789872621.143 76.285 0.07407639 2.62651e-06
1789872621.153 76.346 0.07413505 3.59238e-06
1789872621.163 76.407 0.07418534 4.49259e-06
1789872621.173 76.467 0.07425796 5.51958e-06
1789872621.183 76.528 0.07429242 6.20047e-06
1789872621.193 76.588 0.07436132 6.37338e-06
1789872621.203 76.648 0.07443022 5.99756e-06
1789872621.213 76.709 0.07450005 5.38318e-06
1789872621.223 76.769 0.07453637 4.23054e-06
1789872621.233 76.829 0.07461551 3.29835e-06
1789872621.243 76.890 0.07469094 2.11118e-06
1789872621.253 76.950 0.07471794 1.17446e-06
1789872621.263 77.010 0.07477660 5.10551e-07
1789872621.273 77.070 0.07483154 3.01983e-07
1789872621.283 77.130 0.07488089 2.21046e-07
1789872621.293 77.190 0.07492372 1.85671e-07
1789872621.303 77.250 0.07498425 1.90199e-07
1789872621.313 77.310 0.07504197 1.73220e-07
1789872621.323 77.370 0.07510809 2.17367e-07
1789872621.333 77.429 0.07516768 2.37177e-07
1789872621.343 77.489 0.07523751 2.72268e-07
1789872621.353 77.549 0.07529059 3.13869e-07
1789872621.363 77.608 0.07534739 3.01417e-07
1789872621.373 77.668 0.07539674 3.07077e-07
1789872621.383 77.728 0.07545074 2.71985e-07
1789872621.393 77.787 0.07551499 2.48497e-07
1789872621.403 77.847 0.07554851 2.12273e-07
1789872621.413 77.906 0.07559879 1.46901e-07
1789872621.423 77.965 0.07566770 1.08131e-07
1789872621.433 78.025 0.07572450 6.20021e-08
1789872621.443 78.084 0.07577199 5.12483e-08
1789872621.453 78.143 0.07584648 5.20973e-08
1789872621.463 78.203 0.07589303 3.31365e-08
1789872621.473 78.262 0.07593493 4.53054e-08
1789872621.483 78.321 0.07601315 2.74766e-08
1789872621.493 78.380 0.07607088 2.37977e-08
1789872621.503 78.439 0.07611650 2.80426e-08
1789872621.513 78.498 0.07619007 5.40290e-09
1789872621.523 78.557 0.07625524 2.49296e-08
1789872621.533 78.616 0.07629901 1.16288e-08
1789872621.543 78.675 0.07634836 1.78547e-08
1789872621.553 78.733 0.07640423 2.88916e-08
1789872621.563 78.792 0.07647220 2.18167e-08
1789872621.573 78.851 0.07652341 6.96430e-08
1789872621.583 78.909 0.07658859 8.32268e-08
1789872621.593 78.968 0.07663049 1.38411e-07
1789872621.603 79.027 0.07666774 2.13405e-07
1789872621.613 79.085 0.07674223 2.53590e-07
1789872621.623 79.144 0.07679716 3.26886e-07
1789872621.633 79.202 0.07688097 3.38489e-07
1789872621.643 79.261 0.07691076 3.45281e-07
1789872621.653 79.319 0.07694522 3.38772e-07
1789872621.663 79.377 0.07703088 2.82456e-07
1789872621.673 79.436 0.07709978 2.58684e-07
1789872621.683 79.494 0.07713610 1.86237e-07
1789872621.693 79.552 0.07718638 1.34732e-07
1789872621.703 79.610 0.07723107 1.06149e-07
1789872621.713 79.668 0.07727484 5.86062e-08
1789872621.723 79.726 0.07733815 6.03041e-08
1789872621.733 79.784 0.07742196 4.04944e-08
1789872621.743 79.842 0.07746106 4.55883e-08
1789872621.753 79.900 0.07749179 5.09653e-08
1789872621.763 79.958 0.07755231 3.34195e-08
1789872621.773 80.016 0.07763426 5.01163e-08
1789872621.783 80.074 0.07768453 3.48345e-08
1789872621.793 80.132 0.07773854 4.16264e-08
1789872621.803 80.189 0.07778789 4.47394e-08
1789872621.813 80.247 0.07784749 2.37977e-08
1789872621.823 80.305 0.07789590 4.07774e-08
1789872621.833 80.362 0.07794525 2.43636e-08
1789872621.843 80.420 0.07800950 2.97406e-08
1789872621.853 80.477 0.07807841 3.25705e-08
1789872621.863 80.535 0.07813427 1.81377e-08
1789872621.873 80.592 0.07817618 4.58714e-08
1789872621.883 80.650 0.07821156 6.48321e-08
1789872621.893 80.707 0.07827860 1.39543e-07
1789872621.903 80.764 0.07835029 3.25472e-07
1789872621.913 80.822 0.07839034 4.70365e-07
1789872621.923 80.879 0.07843410 8.72786e-07
1789872621.933 80.936 0.07850394 1.32784e-06
1789872621.943 80.993 0.07853932 1.84742e-06
1789872621.953 81.050 0.07859984 2.82687e-06
1789872621.963 81.107 0.07862405 3.46135e-06
1789872621.973 81.165 0.07869668 4.69040e-06
1789872621.983 81.222 0.07877862 6.31989e-06
1789872621.993 81.278 0.07882983 8.13673e-06
1789872622.003 81.335 0.07885870 1.05795e-05
1789872622.013 81.392 0.07892573 1.44852e-05
1789872622.023 81.449 0.07897509 2.01853e-05
1789872622.033 81.506 0.07902723 2.80435e-05
1789872622.043 81.563 0.07909613 4.39935e-05
1789872622.053 81.619 0.07914456 6.43819e-05
1789872622.063 81.676 0.07919856 8.86486e-05
1789872622.073 81.733 0.07924977 1.20303e-04
1789872622.083 81.789 0.07929074 1.48299e-04
1789872622.093 81.846 0.07934102 1.70981e-04
1789872622.103 81.902 0.07940713 1.84617e-04
1789872622.113 81.959 0.07945090 1.89159e-04
1789872622.123 82.015 0.07948908 1.81623e-04
1789872622.133 82.072 0.07953842 1.70963e-04
1789872622.143 82.128 0.07962036 1.49268e-04
1789872622.153 82.184 0.07966785 1.22904e-04
1789872622.163 82.241 0.07972651 9.41811e-05
1789872622.173 82.297 0.07976190 6.49513e-05
1789872622.183 82.353 0.07984756 4.24973e-05
1789872622.193 82.409 0.07989877 2.69888e-05
1789872622.203 82.466 0.07993416 1.83382e-05
1789872622.213 82.522 0.07997047 1.33982e-05
1789872622.223 82.578 0.08005055 1.04296e-05
1789872622.233 82.634 0.08010548 7.36528e-06
1789872622.243 82.690 0.08016229 5.59854e-06
1789872622.253 82.746 0.08023119 4.25431e-06
1789872622.263 82.802 0.08027868 3.69680e-06
1789872622.273 82.857 0.08033640 3.13081e-06
1789872622.283 82.913 0.08037458 2.49068e-06
1789872622.293 82.969 0.08042393 2.05911e-06
1789872622.303 83.025 0.08049842 2.04580e-06
1789872622.313 83.081 0.08055801 1.70508e-06
1789872622.323 83.136 0.08057757 1.58848e-06
1789872622.333 83.192 0.08062413 1.37454e-06
1789872622.343 83.248 0.08067999 1.13371e-06
1789872622.353 83.303 0.08075076 1.09182e-06
1789872622.363 83.359 0.08080384 1.02419e-06
1789872622.373 83.414 0.08084760 8.97407e-07
1789872622.383 83.470 0.08090719 7.73171e-07
1789872622.393 83.525 0.08096492 7.47419e-07
1789872622.403 83.580 0.08101054 7.05252e-07
1789872622.413 83.636 0.08105897 5.91488e-07
1789872622.423 83.691 0.08112601 5.95450e-07
1789872622.433 83.746 0.08117722 5.33191e-07
1789872622.443 83.802 0.08120702 5.05457e-07
1789872622.453 83.857 0.08126009 4.76308e-07
1789872622.463 83.912 0.08130665 4.18577e-07
1789872622.473 83.967 0.08137648 4.04993e-07
1789872622.483 84.022 0.08142583 3.72732e-07
1789872622.493 84.077 0.08147146 3.49243e-07
1789872622.503 84.132 0.08152267 3.25754e-07
1789872622.513 84.187 0.08159623 3.02832e-07
1789872622.523 84.242 0.08164186 3.12454e-07
1789872622.533 84.297 0.08168097 2.94908e-07
1789872622.543 84.352 0.08175359 2.85569e-07
1789872622.553 84.407 0.08181412 2.56986e-07
1789872622.563 84.462 0.08184577 2.26706e-07
1789872622.573 84.516 0.08190351 2.24725e-07
1789872622.583 84.571 0.08194448 1.85671e-07
1789872622.593 84.626 0.08199196 1.72371e-07
1789872622.603 84.681 0.08204783 1.57938e-07
1789872622.613 84.735 0.08209625 1.34166e-07
1789872622.623 84.790 0.08214746 1.46618e-07
1789872622.633 84.844 0.08221916 1.24827e-07
1789872622.642 84.899 0.08226851 1.29072e-07
1789872622.653 84.953 0.08233369 1.15771e-07
1789872622.662 85.008 0.08238118 9.68106e-08
1789872622.672 85.062 0.08241563 1.17186e-07
1789872622.682 85.117 0.08244635 9.62447e-08
1789872622.692 85.171 0.08252178 9.73766e-08
1789872622.702 85.225 0.08257765 9.25657e-08
1789872622.712 85.280 0.08261675 7.70009e-08
1789872622.722 85.334 0.08266889 9.28487e-08
1789872622.732 85.388 0.08273408 7.50199e-08
1789872622.742 85.442 0.08280019 8.32268e-08
1789872622.752 85.496 0.08283464 7.89819e-08
1789872622.762 85.551 0.08288306 6.90770e-08
1789872622.772 85.605 0.08292962 8.57738e-08
1789872622.782 85.659 0.08298548 6.53981e-08
1789872622.792 85.713 0.08304135 7.41710e-08
1789872622.802 85.767 0.08307208 7.13410e-08
1789872622.812 85.821 0.08313167 6.28511e-08
1789872622.822 85.874 0.08318195 8.29438e-08
1789872622.832 85.928 0.08323968 6.45491e-08
1789872622.842 85.982 0.08327879 7.44540e-08
1789872622.852 86.036 0.08333001 7.58689e-08
1789872622.862 86.090 0.08338587 6.62471e-08
1789872622.872 86.144 0.08342591 8.83208e-08
1789872622.882 86.197 0.08349761 7.67179e-08
1789872622.892 86.251 0.08355348 9.03017e-08
1789872622.902 86.305 0.08361214 1.00207e-07
1789872622.912 86.358 0.08363541 1.06999e-07
1789872622.922 86.412 0.08368197 1.49448e-07
1789872622.932 86.465 0.08372853 1.76616e-07
1789872622.942 86.519 0.08378812 2.42271e-07
1789872622.952 86.572 0.08382816 2.99719e-07
1789872622.962 86.626 0.08387378 3.86882e-07
1789872622.972 86.679 0.08394734 5.16211e-07
1789872622.982 86.732 0.08398366 6.05072e-07
1789872622.992 86.786 0.08402091 7.30722e-07
1789872623.002 86.839 0.08409260 8.35997e-07
1789872623.012 86.892 0.08418758 9.34762e-07
1789872623.022 86.946 0.08421738 9.86551e-07
1789872623.032 86.999 0.08422110 9.72684e-07
1789872623.042 87.052 0.08429838 9.46931e-07
1789872623.052 87.105 0.08435518 9.02218e-07
1789872623.062 87.158 0.08440267 8.30054e-07
1789872623.072 87.211 0.08445388 7.66946e-07
1789872623.082 87.264 0.08449485 6.75821e-07
1789872623.092 87.317 0.08455352 5.40549e-07
1789872623.102 87.370 0.08459914 4.29048e-07
1789872623.112 87.423 0.08464756 3.11039e-07
1789872623.122 87.476 0.08472298 2.52176e-07
1789872623.132 87.529 0.08476208 1.97840e-07
1789872623.142 87.582 0.08482075 1.75201e-07
1789872623.152 87.635 0.08486917 1.60485e-07
1789872623.162 87.688 0.08490455 1.29355e-07
1789872623.172 87.740 0.08497345 1.20582e-07
1789872623.182 87.793 0.08499487 8.80378e-08
1789872623.192 87.846 0.08505260 8.29438e-08
1789872623.202 87.899 0.08510568 6.59641e-08
1789872623.212 87.951 0.08514758 5.69082e-08
1789872623.222 88.004 0.08520624 6.56811e-08
1789872623.232 88.056 0.08525000 4.10604e-08
1789872623.242 88.109 0.08531798 5.23803e-08
1789872623.252 88.161 0.08536174 4.21924e-08
1789872623.262 88.214 0.08540364 3.42685e-08
1789872623.272 88.266 0.08547347 4.70033e-08
1789872623.282 88.319 0.08552841 3.17215e-08
1789872623.292 88.371 0.08557497 4.36074e-08
1789872623.302 88.423 0.08560383 3.79475e-08
1789872623.312 88.476 0.08563549 3.28535e-08
1789872623.322 88.528 0.08571836 5.54932e-08
1789872623.332 88.580 0.08575747 4.02114e-08
1789872623.342 88.633 0.08581241 4.50224e-08
1789872623.352 88.685 0.08585804 5.12483e-08
1789872623.362 88.737 0.08589062 4.36074e-08
1789872623.372 88.789 0.08595859 6.11531e-08
1789872623.382 88.841 0.08604240 4.24754e-08
1789872623.392 88.893 0.08607778 5.29462e-08
1789872623.402 88.945 0.08611410 4.33244e-08
1789872623.412 88.997 0.08614948 3.56835e-08
1789872623.422 89.049 0.08620907 5.01163e-08
1789872623.432 89.101 0.08624818 2.88916e-08
1789872623.442 89.153 0.08629846 3.93624e-08
1789872623.452 89.205 0.08634688 2.86086e-08
1789872623.462 89.257 0.08639902 2.40806e-08
1789872623.472 89.309 0.08643534 3.90794e-08
1789872623.482 89.361 0.08650796 2.01187e-08
1789872623.492 89.412 0.08655638 3.39855e-08
1789872623.502 89.464 0.08660853 2.15337e-08
1789872623.512 89.516 0.08663180 1.98357e-08
1789872623.522 89.567 0.08667091 3.59665e-08
1789872623.532 89.619 0.08672212 1.64398e-08
1789872623.542 89.671 0.08680593 3.14386e-08
1789872623.552 89.722 0.08684596 2.18167e-08
1789872623.562 89.774 0.08690090 1.81377e-08
1789872623.572 89.825 0.08694280 3.34195e-08
1789872623.582 89.877 0.08698750 1.41758e-08
1789872623.592 89.928 0.08702661 3.00236e-08
1789872623.602 89.980 0.08708713 2.06847e-08
1789872623.612 90.031 0.08713834 1.70057e-08
1789872623.622 90.083 0.08719141 3.22875e-08
1789872623.632 90.134 0.08724263 1.21948e-08
1789872623.642 90.185 0.08727987 2.77596e-08
1789872623.652 90.237 0.08734319 2.06847e-08
1789872623.662 90.288 0.08738044 1.75717e-08
1789872623.672 90.339 0.08743351 3.20045e-08
1789872623.682 90.390 0.08747914 1.41758e-08
1789872623.692 90.442 0.08753408 2.97406e-08
1789872623.702 90.493 0.08756946 2.20997e-08
1789872623.712 90.544 0.08763185 1.84207e-08
1789872623.722 90.595 0.08769702 3.34195e-08
1789872623.732 90.646 0.08772961 1.38928e-08
1789872623.742 90.697 0.08775755 2.97406e-08
1789872623.752 90.748 0.08782272 2.12507e-08
1789872623.762 90.799 0.08787766 1.61568e-08
1789872623.772 90.850 0.08791863 3.00236e-08
1789872623.782 90.901 0.08795308 1.13458e-08
1789872623.792 90.952 0.08799778 2.97406e-08
1789872623.802 91.003 0.08807320 1.89867e-08
1789872623.812 91.054 0.08810486 1.53078e-08
1789872623.822 91.104 0.08813466 3.03066e-08
1789872623.832 91.155 0.08819984 1.36098e-08
1789872623.842 91.206 0.08822591 3.39855e-08
1789872623.852 91.257 0.08829201 2.91746e-08
1789872623.862 91.307 0.08834416 2.71936e-08
1789872623.872 91.358 0.08840469 4.58714e-08
1789872623.882 91.409 0.08845124 3.39855e-08
1789872623.892 91.459 0.08850245 5.71912e-08
1789872623.902 91.510 0.08852946 5.12483e-08
1789872623.912 91.560 0.08855832 5.60592e-08
1789872623.922 91.611 0.08861977 7.33220e-08
1789872623.932 91.661 0.08869613 5.80402e-08
1789872623.942 91.712 0.08873990 7.64349e-08
1789872623.952 91.762 0.08877248 6.82280e-08
1789872623.962 91.813 0.08881997 6.56811e-08
1789872623.972 91.863 0.08884791 8.06799e-08
1789872623.982 91.914 0.08890284 5.97382e-08
1789872623.992 91.964 0.08896337 7.75669e-08
1789872624.002 92.014 0.08903413 6.53981e-08
1789872624.012 92.064 0.08907510 6.53981e-08
1789872624.022 92.115 0.08911048 7.13410e-08
1789872624.032 92.165 0.08917287 6.17191e-08
1789872624.042 92.215 0.08921757 7.84159e-08
1789872624.052 92.265 0.08925388 6.53981e-08
1789872624.062 92.315 0.08929764 6.42661e-08
1789872624.072 92.366 0.08935910 7.58689e-08
1789872624.082 92.416 0.08938703 5.09653e-08
1789872624.092 92.466 0.08944756 6.96430e-08
1789872624.102 92.516 0.08948759 5.66252e-08
1789872624.112 92.566 0.08952484 5.35122e-08
1789872624.122 92.616 0.08957698 5.91722e-08
1789872624.132 92.666 0.08964123 5.15313e-08
1789872624.142 92.716 0.08967196 6.87940e-08
1789872624.152 92.766 0.08972504 6.00211e-08
1789872624.162 92.815 0.08976414 6.76620e-08
1789872624.172 92.865 0.08982373 8.40758e-08
1789872624.182 92.915 0.08987960 7.36050e-08
1789872624.192 92.965 0.08991964 9.68106e-08
1789872624.202 93.015 0.08995036 9.39807e-08
1789872624.212 93.064 0.09000624 1.01622e-07
1789872624.222 93.114 0.09006490 1.25959e-07
1789872624.232 93.164 0.09010307 1.24544e-07
1789872624.242 93.213 0.09014870 1.62749e-07
1789872624.252 93.263 0.09021109 1.99255e-07
1789872624.262 93.313 0.09023623 2.40856e-07
1789872624.272 93.362 0.09029023 3.40753e-07
1789872624.282 93.412 0.09032748 4.03861e-07
1789872624.292 93.461 0.09037124 5.82715e-07
1789872624.302 93.511 0.09040849 7.69492e-07
1789872624.312 93.560 0.09046901 1.03749e-06
1789872624.322 93.610 0.09052115 1.26559e-06
1789872624.332 93.659 0.09057236 1.67084e-06
1789872624.342 93.709 0.09060868 1.93515e-06
1789872624.352 93.758 0.09067013 2.30333e-06
1789872624.362 93.807 0.09072694 2.70830e-06
1789872624.372 93.857 0.09076325 3.02044e-06
1789872624.382 93.906 0.09080422 3.35127e-06
1789872624.392 93.955 0.09085636 3.59068e-06
1789872624.401 94.005 0.09089826 3.77378e-06
1789872624.411 94.054 0.09095041 3.82500e-06
1789872624.421 94.103 0.09101000 3.71152e-06
1789872624.432 94.152 0.09103327 3.50691e-06
1789872624.441 94.201 0.09107425 3.34164e-06
1789872624.451 94.250 0.09112639 3.05921e-06
1789872624.461 94.299 0.09117667 2.83140e-06
1789872624.471 94.349 0.09121112 2.57840e-06
1789872624.481 94.398 0.09128189 2.32286e-06
1789872624.491 94.447 0.09134241 1.96317e-06
1789872624.501 94.496 0.09136662 1.55367e-06
1789872624.511 94.545 0.09140015 1.36265e-06
1789872624.521 94.593 0.09144670 1.14276e-06
1789872624.531 94.642 0.09149791 1.04796e-06
1789872624.541 94.691 0.09154261 9.92776e-07
1789872624.551 94.740 0.09158171 8.92879e-07
1789872624.561 94.789 0.09166459 8.39109e-07
1789872624.571 94.838 0.09172697 7.89302e-07
1789872624.581 94.887 0.09175863 6.78651e-07
1789872624.591 94.935 0.09176887 6.32805e-07
1789872624.601 94.984 0.09183312 5.27248e-07
1789872624.611 95.033 0.09188713 4.69234e-07
1789872624.621 95.081 0.09193741 4.34708e-07
1789872624.631 95.130 0.09195324 3.71317e-07
1789872624.641 95.179 0.09200166 3.14718e-07
1789872624.651 95.227 0.09207335 2.59816e-07
1789872624.661 95.276 0.09211339 2.30385e-07
1789872624.671 95.324 0.09215530 2.09443e-07
1789872624.681 95.373 0.09219068 1.79728e-07
1789872624.691 95.422 0.09226796 1.94444e-07
1789872624.701 95.470 0.09231545 1.54825e-07
1789872624.711 95.518 0.09233593 1.30487e-07
1789872624.721 95.567 0.09237318 1.33034e-07
1789872624.731 95.615 0.09241043 8.35098e-08
1789872624.741 95.664 0.09246908 1.00773e-07
1789872624.751 95.712 0.09251751 8.43588e-08
1789872624.761 95.760 0.09254358 8.71888e-08
1789872624.771 95.809 0.09262086 6.48321e-08
1789872624.781 95.857 0.09266928 5.91722e-08
1789872624.791 95.905 0.09270373 7.16240e-08
1789872624.801 95.954 0.09276426 4.58714e-08
1789872624.811 96.002 0.09278474 5.03993e-08
1789872624.821 96.050 0.09284340 5.26633e-08
1789872624.831 96.098 0.09288903 2.94576e-08
1789872624.841 96.146 0.09290951 4.21924e-08
1789872624.851 96.194 0.09299145 2.18167e-08
1789872624.861 96.242 0.09302963 2.29487e-08
1789872624.871 96.291 0.09305943 2.74766e-08
1789872624.881 96.339 0.09311250 4.27092e-09
1789872624.891 96.387 0.09317209 2.15337e-08
1789872624.901 96.435 0.09321120 5.40290e-09
1789872624.911 96.483 0.09324379 6.25189e-09
1789872624.921 96.531 0.09331828 3.98792e-09
1789872624.931 96.579 0.09337881 -1.35578e-08
1789872624.941 96.626 0.09340115 -3.65297e-09
1789872624.951 96.674 0.09343281 -2.14817e-08
1789872624.961 96.722 0.09346540 -1.83688e-08
1789872624.971 96.770 0.09351847 -1.61048e-08
1789872624.981 96.818 0.09357341 -3.81785e-08
1789872624.991 96.866 0.09363300 -2.88396e-08
1789872625.001 96.913 0.09368981 -4.46874e-08
1789872625.011 96.961 0.09371401 -3.93104e-08
1789872625.021 97.009 0.09374753 -3.42165e-08
1789872625.031 97.057 0.09380340 -5.14793e-08
1789872625.041 97.104 0.09383134 -3.73295e-08
1789872625.051 97.152 0.09386765 -5.20452e-08
1789872625.061 97.199 0.09392259 -4.29894e-08
1789872625.071 97.247 0.09397101 -3.47825e-08
1789872625.081 97.295 0.09402408 -5.20452e-08
1789872625.091 97.342 0.09407436 -3.08206e-08
1789872625.101 97.390 0.09411999 -4.15744e-08
1789872625.111 97.437 0.09419168 -3.08206e-08
1789872625.121 97.485 0.09421496 -2.40287e-08
1789872625.131 97.532 0.09422427 -3.84615e-08
1789872625.141 97.580 0.09426525 -1.75198e-08
1789872625.151 97.627 0.09433601 -2.82736e-08
1789872625.161 97.674 0.09437698 -1.55388e-08
1789872625.171 97.722 0.09443564 -5.91694e-09
1789872625.181 97.769 0.09447382 -1.46898e-08
1789872625.191 97.816 0.09454272 1.07798e-08
1789872625.201 97.864 0.09458835 8.74965e-10
1789872625.211 97.911 0.09461908 1.13458e-08
1789872625.221 97.958 0.09465073 1.70057e-08
1789872625.231 98.006 0.09470660 3.70493e-09
1789872625.241 98.053 0.09475968 2.32317e-08
1789872625.251 98.100 0.09480530 9.93084e-09
1789872625.261 98.147 0.09480717 1.75717e-08
1789872625.271 98.194 0.09486489 2.12507e-08
1789872625.281 98.241 0.09491611 6.53489e-09
1789872625.291 98.288 0.09499339 2.60616e-08
1789872625.301 98.336 0.09503064 1.16288e-08
1789872625.311 98.383 0.09503622 1.89867e-08
1789872625.321 98.430 0.09510047 2.26657e-08
1789872625.331 98.477 0.09514796 8.51586e-09
1789872625.341 98.524 0.09520290 2.57786e-08
1789872625.351 98.571 0.09524480 1.10628e-08
1789872625.361 98.617 0.09528111 1.81377e-08
1789872625.371 98.664 0.09532487 2.18167e-08
1789872625.381 98.711 0.09535840 8.79886e-09
1789872625.391 98.758 0.09542078 2.80426e-08
1789872625.401 98.805 0.09546362 1.21948e-08
1789872625.411 98.852 0.09549527 2.40806e-08
1789872625.421 98.899 0.09553717 3.25705e-08
1789872625.431 98.945 0.09560794 2.94576e-08
1789872625.441 98.992 0.09564798 6.25681e-08
1789872625.451 99.039 0.09569081 6.85110e-08
1789872625.461 99.086 0.09573364 9.31317e-08
1789872625.471 99.132 0.09575878 1.28223e-07
1789872625.481 99.179 0.09579976 1.52561e-07
1789872625.491 99.226 0.09586121 2.39158e-07
1789872625.501 99.272 0.09591708 3.14152e-07
1789872625.511 99.319 0.09596270 4.13483e-07
1789872625.521 99.365 0.09600554 4.67536e-07
1789872625.531 99.412 0.09603812 5.83564e-07
1789872625.541 99.459 0.09607164 7.18553e-07
1789872625.551 99.505 0.09613217 8.83257e-07
1789872625.561 99.552 0.09620386 1.10116e-06
1789872625.571 99.598 0.09622155 1.52170e-06
1789872625.581 99.645 0.09624670 2.14910e-06
1789872625.591 99.691 0.09629325 2.99271e-06
1789872625.601 99.737 0.09635844 3.63143e-06
1789872625.611 99.784 0.09639847 5.32630e-06
1789872625.621 99.830 0.09643572 7.45047e-06
1789872625.631 99.877 0.09646552 1.00229e-05
1789872625.641 99.923 0.09650090 1.24932e-05
1789872625.651 99.969 0.09656422 1.48924e-05
1789872625.661 100.015 0.09660798 1.91215e-05
1789872625.671 100.062 0.09664150 2.73782e-05
1789872625.681 100.108 0.09668899 3.54051e-05
1789872625.691 100.154 0.09674858 4.26178e-05
1789872625.701 100.200 0.09677186 4.36012e-05
1789872625.711 100.247 0.09680538 5.65772e-05
1789872625.721 100.293 0.09684914 5.81223e-05
1789872625.731 100.339 0.09689756 7.42432e-05
1789872625.741 100.385 0.09695250 8.04793e-05
1789872625.751 100.431 0.09700371 9.02656e-05
1789872625.761 100.477 0.09704747 9.38761e-05
1789872625.771 100.523 0.09709403 1.02414e-04
1789872625.781 100.569 0.09714990 1.05042e-04
1789872625.791 100.615 0.09718342 1.05570e-04
1789872625.801 100.661 0.09721042 1.03175e-04
1789872625.811 100.707 0.09726163 9.93184e-05
1789872625.821 100.753 0.09732495 9.33644e-05
1789872625.831 100.799 0.09736499 8.73301e-05
1789872625.841 100.845 0.09737896 8.00282e-05
1789872625.851 100.891 0.09741341 7.36283e-05
1789872625.861 100.937 0.09746555 6.64257e-05
1789872625.871 100.982 0.09751583 5.68336e-05
1789872625.881 101.028 0.09757822 4.95113e-05
1789872625.891 101.074 0.09762105 4.25420e-05
1789872625.901 101.120 0.09765085 3.69638e-05
1789872625.911 101.166 0.09769275 3.24668e-05
1789872625.921 101.211 0.09774024 2.75879e-05
1789872625.931 101.257 0.09778586 2.45898e-05
1789872625.941 101.303 0.09781938 2.33648e-05
1789872625.951 101.348 0.09785849 2.23567e-05
1789872625.961 101.394 0.09793019 2.12516e-05
1789872625.971 101.440 0.09798140 1.98632e-05
1789872625.981 101.485 0.09799165 1.90802e-05
1789872625.991 101.531 0.09804006 1.73191e-05
1789872626.001 101.576 0.09808289 1.65932e-05
1789872626.011 101.622 0.09814807 1.50721e-05
1789872626.021 101.668 0.09818625 1.37483e-05
1789872626.031 101.713 0.09821419 1.28073e-05
1789872626.041 101.759 0.09826353 1.22034e-05
1789872626.051 101.804 0.09829985 1.10239e-05
1789872626.061 101.849 0.09834175 1.01740e-05
1789872626.071 101.895 0.09839203 9.00921e-06
1789872626.081 101.940 0.09843952 8.40133e-06
1789872626.091 101.986 0.09847490 7.95024e-06
1789872626.101 102.031 0.09855126 6.77467e-06
1789872626.111 102.076 0.09855871 6.78429e-06
1789872626.121 102.122 0.09860340 6.17585e-06
1789872626.131 102.167 0.09862574 5.37356e-06
1789872626.141 102.212 0.09868162 5.22866e-06
1789872626.151 102.258 0.09873189 5.12735e-06
1789872626.161 102.303 0.09878032 4.79058e-06
1789872626.171 102.348 0.09882222 3.65237e-06
1789872626.181 102.393 0.09884363 3.51427e-06
1789872626.190 102.438 0.09891719 3.10619e-06
1789872626.201 102.484 0.09895444 3.52163e-06
1789872626.210 102.529 0.09899820 3.19166e-06
1789872626.220 102.574 0.09903638 2.78386e-06
1789872626.230 102.619 0.09907548 2.89791e-06
1789872626.240 102.664 0.09911366 2.28013e-06
1789872626.250 102.709 0.09916022 2.60416e-06
1789872626.260 102.754 0.09920305 2.15532e-06
1789872626.270 102.799 0.09923843 1.81346e-06
1789872626.280 102.844 0.09930827 1.96600e-06
1789872626.290 102.889 0.09933527 1.55707e-06
1789872626.300 102.934 0.09937252 1.62046e-06
1789872626.310 102.979 0.09940417 1.23530e-06
1789872626.320 103.024 0.09943583 1.36916e-06
1789872626.330 103.069 0.09949449 1.21521e-06
1789872626.340 103.114 0.09953919 1.47613e-06
1789872626.350 103.159 0.09957830 9.38441e-07
1789872626.360 103.204 0.09962206 1.16342e-06
1789872626.370 103.248 0.09965093 9.07311e-07
1789872626.380 103.293 0.09970214 1.12579e-06
1789872626.390 103.338 0.09975055 1.01287e-06
1789872626.400 103.383 0.09980456 8.23262e-07
1789872626.410 103.428 0.09986695 5.83564e-07
1789872626.420 103.472 0.09987999 6.23749e-07
1789872626.430 103.517 0.09992002 6.18939e-07
1789872626.440 103.562 0.09997589 6.11864e-07
1789872626.450 103.606 0.10001314 4.69234e-07
1789872626.460 103.651 0.10003455 4.14332e-07
1789872626.470 103.696 0.10008856 3.90561e-07
1789872626.480 103.740 0.10013884 4.18011e-07
1789872626.490 103.785 0.10020494 3.26604e-07
1789872626.500 103.830 0.10024406 3.33395e-07
1789872626.510 103.874 0.10024592 2.80475e-07
1789872626.520 103.919 0.10029806 2.91229e-07
1789872626.530 103.963 0.10034834 2.41988e-07
1789872626.540 104.008 0.10039117 2.39441e-07
1789872626.550 104.052 0.10043215 1.68975e-07
1789872626.560 104.097 0.10047684 1.68126e-07
1789872626.570 104.141 0.10051688 1.55108e-07
1789872626.580 104.186 0.10053923 1.08696e-07
1789872626.590 104.230 0.10059882 9.17167e-08
1789872626.600 104.274 0.10064816 8.66228e-08
1789872626.610 104.319 0.10067797 1.02188e-07
1789872626.620 104.363 0.10073011 6.14361e-08
1789872626.630 104.407 0.10078225 7.24730e-08
1789872626.640 104.452 0.10082043 7.21900e-08
1789872626.650 104.496 0.10084651 6.53981e-08
1789872626.660 104.540 0.10087537 6.08701e-08
1789872626.670 104.585 0.10093682 3.85135e-08
1789872626.680 104.629 0.10097220 5.06823e-08
1789872626.690 104.673 0.10101317 6.31341e-08
1789872626.700 104.717 0.10105880 3.39855e-08
1789872626.710 104.761 0.10110908 5.60592e-08
1789872626.720 104.806 0.10114726 2.77596e-08
1789872626.730 104.850 0.10117333 2.97406e-08
1789872626.740 104.894 0.10122082 4.55883e-08
1789872626.750 104.938 0.10127109 2.77596e-08
1789872626.760 104.982 0.10131487 4.64373e-08
1789872626.770 105.026 0.10135397 3.17215e-08
1789872626.780 105.070 0.10140518 3.82304e-08
1789872626.790 105.114 0.10142753 4.53054e-08
1789872626.800 105.158 0.10147036 2.91746e-08
1789872626.810 105.202 0.10151691 4.30414e-08
1789872626.820 105.246 0.10154392 2.74766e-08
1789872626.830 105.290 0.10160258 2.66276e-08
1789872626.840 105.334 0.10163517 4.27584e-08
1789872626.850 105.378 0.10166869 1.78547e-08
1789872626.860 105.422 0.10171338 3.56835e-08
1789872626.870 105.466 0.10180092 2.12507e-08
1789872626.880 105.510 0.10184654 2.09677e-08
1789872626.890 105.554 0.10186423 3.37025e-08
1789872626.900 105.597 0.10190427 1.64398e-08
1789872626.910 105.641 0.10193779 3.54005e-08
1789872626.920 105.685 0.10197132 2.43636e-08
1789872626.930 105.729 0.10201973 2.23827e-08
1789872626.940 105.773 0.10203556 3.70985e-08
1789872626.950 105.816 0.10208677 2.01187e-08
1789872626.960 105.860 0.10215753 3.96454e-08
1789872626.970 105.904 0.10219665 3.31365e-08
1789872626.980 105.947 0.10222086 3.28535e-08
1789872626.990 105.991 0.10226276 4.78523e-08
1789872627.000 106.035 0.10231490 3.99284e-08
1789872627.010 106.078 0.10235307 6.25681e-08
1789872627.020 106.122 0.10239497 6.28511e-08
1789872627.030 106.166 0.10244061 6.85110e-08
1789872627.040 106.209 0.10246668 8.52078e-08
1789872627.050 106.253 0.10249554 8.71888e-08
1789872627.060 106.296 0.10256444 1.18318e-07
1789872627.070 106.340 0.10259517 1.20582e-07
1789872627.080 106.383 0.10263149 1.25676e-07
1789872627.090 106.427 0.10268363 1.51995e-07
1789872627.100 106.470 0.10274415 1.48033e-07
1789872627.110 106.514 0.10278419 1.80578e-07
1789872627.120 106.557 0.10280281 1.85388e-07
1789872627.130 106.601 0.10284657 1.95293e-07
1789872627.140 106.644 0.10290152 2.12273e-07
1789872627.150 106.687 0.10293597 2.12273e-07
1789872627.160 106.731 0.10296483 2.32932e-07
1789872627.170 106.774 0.10299463 2.20197e-07
1789872627.180 106.817 0.10303746 2.24159e-07
1789872627.190 106.861 0.10309985 2.28121e-07
1789872627.200 106.904 0.10313244 1.99255e-07
1789872627.210 106.947 0.10317527 2.10575e-07
1789872627.220 106.991 0.10322182 1.95293e-07
1789872627.230 107.034 0.10327303 1.74069e-07
1789872627.240 107.077 0.10330098 1.77464e-07
1789872627.250 107.120 0.10334194 1.52561e-07
1789872627.260 107.164 0.10338477 1.54259e-07
1789872627.270 107.207 0.10342202 1.25676e-07
1789872627.280 107.250 0.10346299 1.16054e-07
1789872627.290 107.293 0.10350583 1.18318e-07
1789872627.300 107.336 0.10355424 7.78499e-08
1789872627.310 107.379 0.10358683 9.00187e-08
1789872627.320 107.422 0.10362687 7.41710e-08
1789872627.330 107.465 0.10367528 6.48321e-08
1789872627.340 107.508 0.10370973 7.84159e-08
1789872627.350 107.551 0.10375909 5.32293e-08
1789872627.360 107.594 0.10379820 7.04920e-08
1789872627.370 107.637 0.10381682 5.60592e-08
1789872627.380 107.680 0.10385034 5.49272e-08
1789872627.390 107.723 0.10388479 6.48321e-08
1789872627.400 107.766 0.10396022 4.47394e-08
1789872627.410 107.809 0.10398908 5.94552e-08
1789872627.420 107.852 0.10402446 4.75693e-08
1789872627.430 107.895 0.10406636 4.41734e-08
1789872627.440 107.938 0.10412502 5.49272e-08
1789872627.450 107.981 0.10416971 3.42685e-08
1789872627.460 108.024 0.10419673 5.18143e-08
1789872627.470 108.067 0.10423397 3.70985e-08
1789872627.480 108.109 0.10429449 3.59665e-08
1789872627.490 108.152 0.10431963 4.64373e-08
1789872627.500 108.195 0.10437829 2.57786e-08
1789872627.510 108.238 0.10441275 4.16264e-08
1789872627.520 108.281 0.10444441 2.91746e-08
1789872627.530 108.323 0.10447420 2.91746e-08
1789872627.540 108.366 0.10451983 3.82304e-08
1789872627.550 108.409 0.10458500 1.84207e-08
1789872627.560 108.451 0.10459431 3.45515e-08
1789872627.570 108.494 0.10463529 2.20997e-08
1789872627.580 108.537 0.10466229 2.29487e-08
1789872627.590 108.579 0.10469767 3.17215e-08
1789872627.600 108.622 0.10475540 1.30438e-08
1789872627.610 108.664 0.10480847 3.20045e-08
1789872627.620 108.707 0.10485131 1.98357e-08
1789872627.630 108.750 0.10488018 1.95527e-08
1789872627.640 108.792 0.10492115 3.00236e-08
1789872627.650 108.835 0.10498539 1.07798e-08
1789872627.660 108.877 0.10501332 2.83256e-08
1789872627.670 108.920 0.10504777 1.78547e-08
1789872627.680 108.962 0.10509620 1.70057e-08
1789872627.690 109.005 0.10512600 2.69106e-08
1789872627.700 109.047 0.10516045 9.93084e-09
1789872627.710 109.090 0.10518652 2.66276e-08
1789872627.720 109.132 0.10522655 1.38928e-08
1789872627.730 109.174 0.10526567 1.64398e-08
1789872627.740 109.217 0.10531781 2.46466e-08
1789872627.750 109.259 0.10538485 8.79886e-09
1789872627.760 109.301 0.10542582 2.74766e-08
1789872627.770 109.344 0.10543047 1.41758e-08
1789872627.780 109.386 0.10546958 1.72887e-08
1789872627.790 109.428 0.10551894 2.69106e-08
1789872627.800 109.471 0.10554594 1.16288e-08
1789872627.810 109.513 0.10559342 2.86086e-08
1789872627.820 109.555 0.10563719 1.72887e-08
1789872627.830 109.597 0.10569305 1.98357e-08
1789872627.840 109.640 0.10573682 2.91746e-08
1789872627.850 109.682 0.10576382 1.16288e-08
1789872627.860 109.724 0.10579362 3.28535e-08
1789872627.870 109.766 0.10585600 2.01187e-08
1789872627.880 109.808 0.10586718 2.43636e-08
1789872627.890 109.851 0.10591933 3.54005e-08
1789872627.900 109.893 0.10597612 1.53078e-08
1789872627.910 109.935 0.10602268 3.90794e-08
1789872627.920 109.977 0.10607482 2.52126e-08
1789872627.930 110.019 0.10608413 3.14386e-08
