1747738506.975 42.743 0.03510469 4.22254e-08
1747738507.025 42.914 0.03509911 4.11665e-08
1747738507.032 43.084 0.03508421 2.52900e-09
1747738507.038 43.253 0.03510749 8.24913e-08
1747738507.045 43.422 0.03510749 4.80934e-08
1747738507.055 43.590 0.03510004 2.32422e-08
1747738507.065 43.757 0.03508142 4.61154e-08
1747738507.075 43.924 0.03505907 8.50946e-08
1747738507.123 44.090 0.03512797 7.23600e-08
1747738507.129 44.256 0.03513263 -9.48490e-09
1747738507.135 44.420 0.03513263 3.03341e-08
1747738507.145 44.585 0.03516708 4.36711e-08
1747738507.155 44.748 0.03517081 2.40686e-08
1747738507.165 44.911 0.03519315 4.67905e-08
1747738507.175 45.074 0.03524343 8.14607e-08
1747738507.223 45.236 0.03557399 7.87065e-08
1747738507.229 45.397 0.03566058 1.49759e-08
1747738507.235 45.558 0.03566058 3.00310e-08
1747738507.245 45.718 0.03572856 4.35749e-08
1747738507.255 45.878 0.03582353 2.30429e-08
1747738507.265 46.037 0.03593806 4.57336e-08
1747738507.275 46.195 0.03605911 7.37203e-08
1747738507.323 46.353 0.03666435 7.76747e-08
1747738507.330 46.511 0.03674815 4.09550e-08
1747738507.339 46.668 0.03683847 3.78918e-07
1747738507.345 46.824 0.03683847 4.91396e-07
1747738507.355 46.980 0.03696603 7.81658e-07
1747738507.365 47.135 0.03706473 1.48929e-06
1747738507.375 47.290 0.03718392 2.43421e-06
1747738507.385 47.444 0.03731055 2.45125e-06
1747738507.395 47.598 0.03742042 1.94494e-06
1747738507.405 47.752 0.03751075 7.59093e-07
1747738507.415 47.904 0.03761410 2.43198e-07
1747738507.425 48.057 0.03771187 5.55065e-08
1747738507.473 48.209 0.03807967 7.70548e-08
1747738507.479 48.360 0.03812995 2.36696e-08
1747738507.528 48.511 0.03856013 4.38750e-08
1747738507.535 48.661 0.03856013 2.68246e-08
1747738507.545 48.811 0.03861414 4.78255e-08
1747738507.555 48.961 0.03871377 2.98756e-08
1747738507.565 49.110 0.03878547 5.01482e-08
1747738507.575 49.259 0.03886182 6.91343e-08
1747738507.625 49.407 0.03927804 4.72070e-08
1747738507.675 49.555 0.03964863 4.47639e-08
1747738507.725 49.702 0.03996894 4.31480e-08
1747738507.735 49.849 0.03996894 1.98160e-09
1747738507.745 49.995 0.04002015 4.17019e-08
1747738507.755 50.141 0.04009371 2.71598e-08
1747738507.765 50.287 0.04012071 3.81176e-08
1747738507.775 50.432 0.04018031 6.05210e-08
1747738507.823 50.577 0.04035722 7.39993e-08
1747738507.830 50.721 0.04037491 6.13580e-09
1747738507.836 50.865 0.04039540 2.64800e-08
1747738507.845 51.008 0.04039540 4.33105e-08
1747738507.855 51.152 0.04041682 2.71346e-08
1747738507.865 51.294 0.04047455 4.35069e-08
1747738507.875 51.437 0.04048386 5.45688e-08
1747738507.885 51.579 0.04049131 -1.30850e-08
1747738507.895 51.720 0.04055090 4.96005e-08
1747738507.905 51.861 0.04059746 2.50646e-08
1747738507.915 52.002 0.04064960 4.16360e-08
1747738507.925 52.142 0.04069988 4.95256e-08
1747738507.935 52.282 0.04073340 -1.56422e-08
1747738507.945 52.422 0.04079486 6.14372e-08
1747738507.955 52.561 0.04088238 2.64856e-08
1747738507.965 52.700 0.04092521 4.13657e-08
1747738507.975 52.839 0.04096525 5.34390e-08
1747738507.985 52.977 0.04106116 2.57758e-08
1747738507.995 53.115 0.04117010 5.15081e-08
1747738508.080 53.252 0.04216828 -2.80830e-09
1747738508.087 53.389 0.04230143 3.00143e-08
1747738508.095 53.526 0.04230143 4.80361e-08
1747738508.143 53.662 0.04292622 4.35889e-08
1747738508.150 53.798 0.04303144 1.27641e-08
1747738508.157 53.934 0.04312735 6.71061e-08
1747738508.165 54.070 0.04312735 -1.52410e-08
1747738508.175 54.205 0.04321208 4.77955e-08
1747738508.185 54.339 0.04325212 -7.68550e-09
1747738508.195 54.474 0.04334989 5.37079e-08
1747738508.243 54.608 0.04360595 4.58441e-08
1747738508.249 54.741 0.04362364 9.36120e-09
1747738508.255 54.875 0.04361619 8.77201e-08
1747738508.265 55.008 0.04361619 4.16305e-08
1747738508.275 55.141 0.04362644 3.96545e-08
1747738508.285 55.273 0.04367020 -7.01100e-09
1747738508.295 55.405 0.04368975 5.30145e-08
1747738508.342 55.537 0.04384246 4.38574e-08
1747738508.393 55.668 0.04413204 4.35230e-08
1747738508.399 55.800 0.04418977 1.05750e-08
1747738508.405 55.930 0.04424564 8.76491e-08
1747738508.415 56.061 0.04424564 4.20692e-08
1747738508.425 56.191 0.04428940 3.73601e-08
1747738508.435 56.321 0.04438345 -1.46544e-08
1747738508.445 56.451 0.04448308 5.77206e-08
1747738508.497 56.580 0.04493189 3.78335e-08
1747738508.505 56.709 0.04493189 2.71785e-08
1747738508.514 56.838 0.04500731 4.01831e-08
1747738508.524 56.966 0.04508366 3.94969e-08
1747738508.534 57.095 0.04515815 -1.68150e-08
1747738508.544 57.222 0.04522799 5.82086e-08
1747738508.616 57.350 0.04571497 2.00279e-08
1747738508.625 57.477 0.04571497 7.32514e-08
1747738508.674 57.604 0.04599524 5.37900e-08
1747738508.681 57.731 0.04603714 -1.07249e-08
1747738508.687 57.858 0.04610977 3.51909e-08
1747738508.694 57.984 0.04610977 4.75951e-08
1747738508.742 58.110 0.04634535 3.89777e-08
1747738508.749 58.236 0.04639656 -2.27920e-09
1747738508.754 58.361 0.04639656 7.43005e-08
1747738508.764 58.486 0.04640774 4.62706e-08
1747738508.774 58.611 0.04645336 3.45313e-08
1747738508.784 58.736 0.04649898 -9.87030e-09
1747738508.794 58.860 0.04653158 5.83725e-08
1747738508.860 58.984 0.04675970 4.61202e-08
1747738508.909 59.108 0.04707629 4.83693e-08
1747738508.915 59.231 0.04713495 -2.86340e-09
1747738508.924 59.355 0.04713495 7.34793e-08
1747738508.973 59.478 0.04745526 8.25743e-08
1747738508.980 59.600 0.04751951 -3.98850e-09
1747738508.987 59.723 0.04756979 3.77640e-08
1747738508.994 59.845 0.04756979 4.12481e-08
1747738509.042 59.967 0.04784727 3.86361e-08
1747738509.092 60.089 0.04801208 3.76029e-08
1747738509.155 60.211 0.04826628 4.92567e-08
1747738509.165 60.332 0.04826628 3.97567e-08
1747738509.174 60.453 0.04829887 6.78194e-08
1747738509.241 60.574 0.04853538 5.51235e-08
1747738509.247 60.694 0.04853724 -1.66494e-08
1747738509.254 60.815 0.04853724 2.82848e-08
1747738509.264 60.935 0.04856890 5.11971e-08
1747738509.274 61.055 0.04860242 2.86248e-08
1747738509.284 61.174 0.04861732 -8.07180e-09
1747738509.294 61.294 0.04866480 7.00744e-08
1747738509.360 61.413 0.04881658 4.64497e-08
1747738509.410 61.532 0.04904843 4.92889e-08
1747738509.460 61.650 0.04930263 5.09476e-08
1747738509.510 61.769 0.04956242 5.17109e-08
1747738509.560 61.887 0.04977379 5.32243e-08
1747738509.628 62.005 0.04987341 5.59146e-08
1747738509.635 62.123 0.04988645 2.88607e-08
1747738509.644 62.240 0.04988645 5.37864e-08
1747738509.654 62.358 0.04989949 3.71356e-08
1747738509.685 62.475 0.04994139 5.21705e-08
1747738509.695 62.592 0.04995070 4.73097e-08
1747738509.704 62.708 0.04995070 3.69210e-08
1747738509.714 62.825 0.04997956 5.00106e-08
1747738509.724 62.941 0.04995815 3.39946e-08
1747738509.734 63.057 0.04995536 -1.47920e-09
1747738509.744 63.173 0.04999167 8.12175e-08
1747738509.792 63.289 0.05009875 5.23999e-08
1747738509.860 63.404 0.05049355 4.98217e-08
1747738509.867 63.519 0.05055966 2.97452e-08
1747738509.874 63.634 0.05055966 7.09050e-08
1747738509.884 63.749 0.05062764 1.02481e-08
1747738509.894 63.864 0.05067326 7.64914e-08
1747738509.904 63.978 0.05076265 1.12976e-08
1747738509.914 64.092 0.05083062 3.64081e-08
1747738509.962 64.206 0.05115652 4.19071e-08
1747738509.969 64.320 0.05119842 2.81095e-08
1747738509.975 64.433 0.05126453 4.56077e-08
1747738510.023 64.547 0.05144331 7.18721e-08
1747738510.029 64.660 0.05149918 3.93754e-08
1747738510.034 64.773 0.05154108 2.89000e-08
1747738510.044 64.886 0.05154108 8.62639e-08
1747738510.095 64.998 0.05180459 1.24758e-06
1747738510.104 65.111 0.05180459 1.70304e-06
1747738510.114 65.223 0.05182508 2.71170e-06
1747738510.124 65.335 0.05188094 3.73325e-06
1747738510.134 65.446 0.05192843 5.51847e-06
1747738510.144 65.558 0.05197219 8.21031e-06
1747738510.154 65.669 0.05200944 1.15115e-05
1747738510.164 65.781 0.05206251 1.53478e-05
1747738510.175 65.892 0.05211372 2.38345e-05
1747738510.184 66.003 0.05211372 2.82539e-05
1747738510.194 66.113 0.05219101 3.42944e-05
1747738510.244 66.224 0.05249735 4.44293e-05
1747738510.254 66.334 0.05249735 3.87151e-05
1747738510.264 66.444 0.05257743 3.30251e-05
1747738510.274 66.554 0.05262026 2.58802e-05
1747738510.284 66.664 0.05266309 1.57130e-05
1747738510.294 66.773 0.05275621 7.99971e-06
1747738510.304 66.883 0.05283070 2.59239e-06
1747738510.314 66.992 0.05289401 8.19129e-07
1747738510.324 67.101 0.05297968 3.28723e-07
1747738510.334 67.210 0.05305883 7.55837e-08
1747738510.343 67.319 0.05311749 1.03950e-07
1747738510.394 67.427 0.05355046 7.88550e-08
1747738510.404 67.535 0.05361658 6.08438e-08
1747738510.414 67.644 0.05361658 7.56214e-08
1747738510.424 67.752 0.05369666 5.94099e-08
1747738510.434 67.859 0.05375438 1.90159e-08
1747738510.444 67.967 0.05384657 1.03044e-07
1747738510.453 68.074 0.05392106 5.98355e-08
1747738510.463 68.182 0.05397599 8.70624e-08
1747738510.503 68.289 0.05422274 4.46641e-08
1747738510.509 68.396 0.05429910 6.07688e-08
1747738510.558 68.503 0.05459054 9.16267e-08
1747738510.564 68.609 0.05464734 8.00080e-09
1747738510.573 68.716 0.05464734 6.91970e-08
1747738510.583 68.822 0.05468831 5.22540e-08
1747738510.593 68.928 0.05473766 1.09128e-07
1747738510.644 69.034 0.05505052 9.06970e-08
1747738510.653 69.140 0.05505052 7.27167e-08
1747738510.664 69.246 0.05508125 1.01310e-07
1747738510.674 69.351 0.05511384 1.49581e-07
1747738510.684 69.456 0.05515109 5.04461e-07
1747738510.693 69.562 0.05521906 8.63507e-07
1747738510.703 69.667 0.05526841 1.44628e-06
1747738510.713 69.772 0.05532800 2.89750e-06
1747738510.723 69.876 0.05538201 3.90858e-06
1747738510.733 69.981 0.05541087 5.82519e-06
1747738510.743 70.085 0.05544719 8.81541e-06
1747738510.776 70.189 0.05562596 1.28704e-05
1747738510.803 70.293 0.05573397 8.55003e-05
1747738510.809 70.397 0.05579636 1.04020e-04
1747738510.815 70.501 0.05581312 1.24297e-04
1747738510.823 70.605 0.05581312 1.46070e-04
1747738510.833 70.708 0.05586433 1.64477e-04
1747738510.843 70.812 0.05592020 1.70639e-04
1747738510.853 70.915 0.05598445 1.68348e-04
1747738510.863 71.018 0.05604125 1.62270e-04
1747738510.873 71.121 0.05611574 1.52687e-04
1747738510.883 71.223 0.05617347 1.35858e-04
1747738510.893 71.326 0.05625262 1.13553e-04
1747738510.903 71.428 0.05632152 8.14699e-05
1747738510.913 71.531 0.05639974 3.97926e-05
1747738510.923 71.633 0.05648633 1.10378e-05
1747738510.933 71.735 0.05653847 7.84980e-06
1747738510.943 71.836 0.05661576 6.23704e-06
1747738510.953 71.938 0.05669398 5.31121e-06
1747738510.963 72.040 0.05676661 4.97808e-06
1747738510.973 72.141 0.05682061 4.44550e-06
1747738510.983 72.242 0.05688579 3.59588e-06
1747738510.993 72.344 0.05695842 2.41822e-06
1747738511.003 72.444 0.05706736 7.42553e-07
1747738511.013 72.545 0.05716233 3.26521e-07
1747738511.023 72.646 0.05723962 1.95720e-07
1747738511.033 72.747 0.05730107 1.52581e-07
1747738511.043 72.847 0.05739605 2.49843e-07
1747738511.053 72.947 0.05751337 2.07159e-07
1747738511.063 73.047 0.05757762 2.44438e-07
1747738511.073 73.147 0.05767167 2.37537e-07
1747738511.083 73.247 0.05775174 2.54228e-07
1747738511.093 73.347 0.05781506 3.16918e-07
1747738511.103 73.447 0.05789607 2.39746e-07
1747738511.113 73.546 0.05797242 2.65076e-07
1747738511.123 73.645 0.05805157 2.64380e-07
1747738511.133 73.745 0.05814282 2.20749e-07
1747738511.143 73.844 0.05826014 3.00402e-07
1747738511.153 73.943 0.05835326 2.64649e-07
1747738511.163 74.041 0.05843427 3.02499e-07
1747738511.173 74.140 0.05850131 3.05702e-07
1747738511.183 74.239 0.05858790 2.69276e-07
1747738511.193 74.337 0.05869033 3.40283e-07
1747738511.203 74.435 0.05875830 2.73023e-07
1747738511.213 74.533 0.05881696 2.67511e-07
1747738511.223 74.631 0.05889797 2.40638e-07
1747738511.233 74.729 0.05900412 2.27788e-07
1747738511.243 74.827 0.05906650 2.95531e-07
1747738511.253 74.925 0.05913448 2.72711e-07
1747738511.263 75.022 0.05921363 3.47182e-07
1747738511.273 75.120 0.05928253 4.05591e-07
1747738511.283 75.217 0.05936074 5.45250e-07
1747738511.293 75.314 0.05946038 6.76984e-07
1747738511.324 75.411 0.05977231 5.98077e-07
1747738511.335 75.508 0.05984400 2.08690e-06
1747738511.344 75.605 0.05989987 3.83266e-06
1747738511.353 75.701 0.05989987 6.00409e-06
1747738511.363 75.798 0.05997902 1.14760e-05
1747738511.373 75.894 0.06004606 2.07774e-05
1747738511.383 75.990 0.06011217 5.18417e-05
1747738511.393 76.087 0.06018852 8.50212e-05
1747738511.403 76.183 0.06030026 1.46511e-04
1747738511.414 76.279 0.06045296 2.75968e-04
1747738511.423 76.374 0.06045296 3.60002e-04
1747738511.433 76.470 0.06050138 4.52879e-04
1747738511.443 76.565 0.06060381 4.63763e-04
1747738511.453 76.661 0.06064664 4.50743e-04
1747738511.463 76.756 0.06070344 4.19486e-04
1747738511.473 76.851 0.06075558 3.70181e-04
1747738511.483 76.946 0.06082355 3.07026e-04
1747738511.493 77.041 0.06090549 2.09220e-04
1747738511.503 77.136 0.06097440 6.43262e-05
1747738511.513 77.231 0.06103213 1.90718e-05
1747738511.523 77.326 0.06112431 6.36440e-06
1747738511.533 77.420 0.06116900 2.82540e-06
1747738511.543 77.514 0.06124350 7.71171e-07
1747738511.553 77.609 0.06129657 3.12697e-07
1747738511.563 77.703 0.06135244 3.44769e-07
1747738511.573 77.797 0.06142507 4.37742e-07
1747738511.583 77.891 0.06148280 6.57864e-07
1747738511.593 77.984 0.06154519 1.04250e-06
1747738511.603 78.078 0.06161782 1.71245e-06
1747738511.613 78.172 0.06170348 3.49409e-06
1747738511.623 78.265 0.06177424 4.78065e-06
1747738511.633 78.359 0.06186550 7.14484e-06
1747738511.643 78.452 0.06191484 1.09492e-05
1747738511.653 78.545 0.06200516 1.45604e-05
1747738511.663 78.638 0.06209083 1.52290e-05
1747738511.673 78.731 0.06215135 1.49519e-05
1747738511.683 78.824 0.06221188 1.44887e-05
1747738511.693 78.916 0.06229847 1.34643e-05
1747738511.703 79.009 0.06238600 1.14392e-05
1747738511.713 79.101 0.06247352 8.30052e-06
1747738511.723 79.194 0.06255360 3.36323e-06
1747738511.733 79.286 0.06264672 1.97382e-06
1747738511.743 79.378 0.06271282 1.55266e-06
1747738511.753 79.470 0.06280221 1.22630e-06
1747738511.763 79.562 0.06288974 8.72570e-07
1747738511.773 79.654 0.06300055 6.52524e-07
1747738511.783 79.746 0.06304711 5.83769e-07
1747738511.793 79.837 0.06311042 5.01720e-07
1747738511.803 79.929 0.06317374 2.92338e-07
1747738511.813 80.020 0.06326033 3.39002e-07
1747738511.823 80.112 0.06335251 3.27135e-07
1747738511.853 80.203 0.06365327 3.65806e-07
1747738511.863 80.294 0.06372311 3.97630e-07
1747738511.873 80.385 0.06372311 4.71163e-07
1747738511.883 80.476 0.06382367 6.07364e-07
1747738511.893 80.566 0.06388047 9.56335e-07
1747738511.903 80.657 0.06395124 1.24096e-06
1747738511.913 80.748 0.06401828 1.79102e-06
1747738511.923 80.838 0.06410953 2.86821e-06
1747738511.932 80.929 0.06418123 3.32157e-06
1747738511.942 81.019 0.06421568 3.45701e-06
1747738511.952 81.109 0.06427620 3.30504e-06
1747738511.963 81.199 0.06435628 3.21136e-06
1747738511.972 81.289 0.06441215 2.99850e-06
1747738511.982 81.379 0.06450061 2.70551e-06
1747738511.992 81.469 0.06454809 2.32270e-06
1747738512.003 81.558 0.06461234 1.48768e-06
1747738512.012 81.648 0.06465890 8.16225e-07
1747738512.022 81.738 0.06470731 4.74357e-07
1747738512.032 81.827 0.06478460 5.06359e-07
1747738512.042 81.916 0.06484513 6.50184e-07
1747738512.052 82.005 0.06489820 6.93901e-07
1747738512.062 82.095 0.06496524 7.81607e-07
1747738512.072 82.184 0.06500342 7.78173e-07
1747738512.082 82.272 0.06507418 8.29038e-07
1747738512.092 82.361 0.06512446 8.93878e-07
1747738512.102 82.450 0.06518499 8.93174e-07
1747738512.112 82.539 0.06526321 1.04860e-06
1747738512.122 82.627 0.06532186 1.19535e-06
1747738512.132 82.716 0.06540101 1.50246e-06
1747738512.142 82.804 0.06545781 2.06535e-06
1747738512.152 82.892 0.06553882 4.05060e-06
1747738512.162 82.980 0.06561704 6.66377e-06
1747738512.172 83.068 0.06569339 1.16836e-05
1747738512.182 83.156 0.06576136 1.88300e-05
1747738512.192 83.244 0.06580326 3.29164e-05
1747738512.202 83.332 0.06590382 4.62393e-05
1747738512.212 83.420 0.06598949 7.94460e-05
1747738512.222 83.507 0.06606398 1.22558e-04
1747738512.232 83.595 0.06613382 1.85817e-04
1747738512.301 83.682 0.06663756 2.82073e-04
1747738512.307 83.769 0.06671857 2.40224e-04
1747738512.314 83.857 0.06681727 1.85159e-04
1747738512.322 83.944 0.06681727 1.03271e-04
1747738512.332 84.031 0.06688989 3.68186e-05
1747738512.342 84.118 0.06696159 1.17183e-05
1747738512.352 84.205 0.06703702 5.75629e-06
1747738512.362 84.291 0.06708357 2.47571e-06
1747738512.414 84.378 0.06742623 4.61085e-07
1747738512.423 84.465 0.06742623 5.58872e-07
1747738512.433 84.551 0.06743926 6.48184e-07
1747738512.443 84.638 0.06749141 8.49735e-07
1747738512.452 84.724 0.06751934 9.23870e-07
1747738512.463 84.810 0.06755845 9.94857e-07
1747738512.473 84.896 0.06760966 9.92021e-07
1747738512.483 84.982 0.06766646 1.01560e-06
1747738512.493 85.068 0.06768509 1.10428e-06
1747738512.503 85.154 0.06768416 1.06265e-06
1747738512.513 85.240 0.06772140 1.15413e-06
1747738512.523 85.326 0.06776702 1.20733e-06
1747738512.533 85.411 0.06778658 1.25938e-06
1747738512.543 85.497 0.06783127 1.41927e-06
1747738512.553 85.582 0.06786572 1.42233e-06
1747738512.562 85.668 0.06791694 1.57605e-06
1747738512.573 85.753 0.06797280 1.71359e-06
1747738512.582 85.838 0.06801005 1.91411e-06
1747738512.592 85.923 0.06803985 2.29851e-06
1747738512.602 86.008 0.06810316 2.49571e-06
1747738512.612 86.093 0.06815251 2.95717e-06
1747738512.622 86.178 0.06819348 3.19181e-06
1747738512.632 86.263 0.06825401 3.20322e-06
1747738512.642 86.348 0.06832943 3.23234e-06
1747738512.652 86.432 0.06838344 3.10344e-06
1747738512.662 86.517 0.06840206 3.03201e-06
1747738512.672 86.601 0.06850728 2.89139e-06
1747738512.682 86.686 0.06859294 2.83948e-06
1747738512.692 86.770 0.06864136 2.89260e-06
1747738512.702 86.854 0.06869816 2.86674e-06
1747738512.712 86.938 0.06876520 2.73773e-06
1747738512.722 87.022 0.06883969 2.27254e-06
1747738512.732 87.106 0.06890860 2.39131e-06
1747738512.742 87.190 0.06899053 3.06526e-06
1747738512.752 87.274 0.06907620 3.80641e-06
1747738512.762 87.358 0.06917024 5.25203e-06
1747738512.772 87.441 0.06927453 8.10647e-06
1747738512.782 87.525 0.06933692 1.23024e-05
1747738512.792 87.608 0.06942630 1.48692e-05
1747738512.802 87.692 0.06949055 1.49579e-05
1747738512.812 87.775 0.06957715 1.44882e-05
1747738512.822 87.858 0.06964884 1.38344e-05
1747738512.832 87.942 0.06971403 1.31807e-05
1747738512.842 88.025 0.06979131 1.22335e-05
1747738512.852 88.108 0.06987977 1.05633e-05
1747738512.862 88.191 0.06995891 7.06403e-06
1747738512.872 88.273 0.07001199 2.90163e-06
1747738512.882 88.356 0.07008648 1.56354e-06
1747738512.892 88.439 0.07014980 1.31398e-06
1747738512.902 88.522 0.07022243 1.23223e-06
1747738512.912 88.604 0.07029226 1.58349e-06
1747738512.922 88.687 0.07036210 1.82038e-06
1747738512.968 88.769 0.07068334 3.63409e-06
1747738512.975 88.851 0.07075131 3.94377e-06
1747738512.982 88.933 0.07080438 3.96044e-06
1747738512.992 89.016 0.07080438 3.97905e-06
1747738513.002 89.098 0.07084535 3.73459e-06
1747738513.012 89.180 0.07091519 3.45946e-06
1747738513.022 89.262 0.07096640 3.07397e-06
1747738513.032 89.344 0.07102041 2.91868e-06
1747738513.042 89.425 0.07107348 2.70980e-06
1747738513.052 89.507 0.07112842 2.44103e-06
1747738513.062 89.589 0.07119918 2.17500e-06
1747738513.072 89.670 0.07125505 1.44859e-06
1747738513.082 89.752 0.07131651 8.51808e-07
1747738513.092 89.833 0.07137517 4.32511e-07
1747738513.102 89.914 0.07141428 2.33480e-07
1747738513.112 89.996 0.07144687 2.24538e-07
1747738513.122 90.077 0.07149342 1.78463e-07
1747738513.132 90.158 0.07155488 1.73974e-07
1747738513.142 90.239 0.07160702 1.62336e-07
1747738513.152 90.320 0.07166289 7.12781e-08
1747738513.162 90.401 0.07171969 1.31170e-07
1747738513.172 90.482 0.07177928 8.85294e-08
1747738513.182 90.563 0.07181280 1.10738e-07
1747738513.192 90.643 0.07188543 1.01010e-07
1747738513.202 90.724 0.07192640 4.68687e-08
1747738513.212 90.804 0.07197575 1.23150e-07
1747738513.222 90.885 0.07203814 1.13229e-07
1747738513.232 90.965 0.07208470 1.69814e-07
1747738513.242 91.046 0.07214987 2.36931e-07
1747738513.252 91.126 0.07222343 2.10464e-07
1747738513.262 91.206 0.07226533 2.98350e-07
1747738513.272 91.286 0.07233796 3.18790e-07
1747738513.282 91.366 0.07241618 3.90796e-07
1747738513.292 91.446 0.07250650 4.61957e-07
1747738513.302 91.526 0.07255399 4.65616e-07
1747738513.312 91.606 0.07261823 5.94677e-07
1747738513.322 91.686 0.07268434 6.30276e-07
1747738513.332 91.765 0.07274859 7.10518e-07
1747738513.342 91.845 0.07284822 8.45621e-07
1747738513.352 91.925 0.07290595 9.49044e-07
1747738513.362 92.004 0.07296927 1.30267e-06
1747738513.372 92.084 0.07304469 1.65075e-06
1747738513.382 92.163 0.07312663 2.33912e-06
1747738513.392 92.242 0.07320113 2.94118e-06
1747738513.402 92.321 0.07327934 3.87630e-06
1747738513.412 92.401 0.07334545 5.54288e-06
1747738513.422 92.480 0.07339480 8.46612e-06
1747738513.432 92.559 0.07348791 1.31255e-05
1747738513.442 92.638 0.07354192 2.53660e-05
1747738513.452 92.716 0.07359685 3.52794e-05
1747738513.462 92.795 0.07366949 5.66086e-05
1747738513.472 92.874 0.07373094 7.38550e-05
1747738513.518 92.953 0.07405963 1.53515e-04
1747738513.527 93.031 0.07411364 2.76318e-04
1747738513.533 93.110 0.07416485 3.31409e-04
1747738513.542 93.188 0.07416485 3.95368e-04
1747738513.552 93.267 0.07421513 4.59652e-04
1747738513.562 93.345 0.07427472 4.86727e-04
1747738513.572 93.423 0.07434735 4.75654e-04
1747738513.582 93.502 0.07441439 4.61489e-04
1747738513.592 93.580 0.07447957 4.46624e-04
1747738513.602 93.658 0.07451961 4.26420e-04
1747738513.612 93.736 0.07458665 4.03454e-04
1747738513.622 93.814 0.07464718 3.73671e-04
1747738513.632 93.892 0.07467511 3.39995e-04
1747738513.642 93.970 0.07471608 3.02248e-04
1747738513.652 94.047 0.07477009 2.57647e-04
1747738513.662 94.125 0.07483341 2.01705e-04
1747738513.672 94.203 0.07487810 1.30959e-04
1747738513.682 94.280 0.07494141 8.33964e-05
1747738513.692 94.358 0.07498518 4.72352e-05
1747738513.702 94.435 0.07502615 3.03539e-05
1747738513.712 94.512 0.07504663 2.23835e-05
1747738513.722 94.590 0.07510436 1.68097e-05
1747738513.732 94.667 0.07513602 1.41809e-05
1747738513.741 94.744 0.07517886 1.12477e-05
1747738513.751 94.821 0.07525055 9.03538e-06
1747738513.761 94.898 0.07531014 7.50834e-06
1747738513.771 94.975 0.07535484 6.22054e-06
1747738513.781 95.052 0.07540047 5.20858e-06
1747738513.791 95.129 0.07548519 4.17870e-06
1747738513.801 95.206 0.07557365 3.30803e-06
1747738513.811 95.283 0.07560903 2.74617e-06
1747738513.821 95.360 0.07564535 2.21620e-06
1747738513.831 95.436 0.07572916 1.72525e-06
1747738513.841 95.513 0.07577943 1.46355e-06
1747738513.851 95.589 0.07585113 1.12329e-06
1747738513.861 95.666 0.07590514 9.92152e-07
1747738513.871 95.742 0.07597404 8.27746e-07
1747738513.881 95.818 0.07604854 7.61814e-07
1747738513.891 95.895 0.07614630 6.49347e-07
1747738513.901 95.971 0.07619100 5.52557e-07
1747738513.911 96.047 0.07626362 6.07631e-07
1747738513.921 96.123 0.07631670 5.83897e-07
1747738513.931 96.199 0.07641819 6.26276e-07
1747738513.941 96.275 0.07650013 6.24497e-07
1747738513.951 96.351 0.07652993 6.08775e-07
1747738513.961 96.427 0.07657369 7.36138e-07
1747738513.971 96.503 0.07663887 7.60869e-07
1747738513.981 96.578 0.07673385 8.08538e-07
1747738513.991 96.654 0.07683348 7.63793e-07
1747738514.001 96.730 0.07686514 6.77158e-07
1747738514.011 96.805 0.07692100 6.98780e-07
1747738514.021 96.881 0.07699736 6.36280e-07
1747738514.067 96.956 0.07731488 5.67299e-07
1747738514.077 97.031 0.07734933 4.50949e-07
1747738514.097 97.107 0.07747689 2.93633e-07
1747738514.104 97.182 0.07753742 3.28962e-07
1747738514.111 97.257 0.07753742 3.39334e-07
1747738514.121 97.332 0.07758118 3.22975e-07
1747738514.131 97.407 0.07762029 3.44267e-07
1747738514.141 97.482 0.07767709 3.35494e-07
1747738514.151 97.557 0.07776648 2.83061e-07
1747738514.161 97.632 0.07779906 3.79390e-07
1747738514.171 97.707 0.07786145 3.53889e-07
1747738514.181 97.782 0.07792477 3.93915e-07
1747738514.191 97.857 0.07796481 3.90593e-07
1747738514.201 97.931 0.07799926 3.65118e-07
1747738514.211 98.006 0.07802440 4.86580e-07
1747738514.221 98.080 0.07806537 4.79921e-07
1747738514.231 98.155 0.07812589 5.26023e-07
1747738514.241 98.229 0.07817711 5.35602e-07
1747738514.251 98.304 0.07822273 5.12111e-07
1747738514.261 98.378 0.07823670 6.35847e-07
1747738514.271 98.452 0.07828977 6.32530e-07
1747738514.281 98.527 0.07833074 6.99520e-07
1747738514.291 98.601 0.07836240 7.09686e-07
1747738514.301 98.675 0.07839592 7.08837e-07
1747738514.311 98.749 0.07842851 8.19867e-07
1747738514.321 98.823 0.07849183 8.14594e-07
1747738514.331 98.897 0.07857097 8.59258e-07
1747738514.341 98.971 0.07858773 8.47671e-07
1747738514.351 99.045 0.07863522 8.07124e-07
1747738514.361 99.118 0.07869481 9.13513e-07
1747738514.371 99.192 0.07876186 8.92365e-07
1747738514.381 99.266 0.07881400 9.42775e-07
1747738514.391 99.339 0.07888477 9.60251e-07
1747738514.401 99.413 0.07894064 9.11721e-07
1747738514.411 99.487 0.07899371 1.01531e-06
1747738514.421 99.560 0.07906913 9.84696e-07
1747738514.431 99.633 0.07913525 1.02968e-06
1747738514.441 99.707 0.07922835 1.05595e-06
1747738514.451 99.780 0.07930378 1.09340e-06
1747738514.461 99.853 0.07937734 1.37327e-06
1747738514.471 99.926 0.07941086 1.76051e-06
1747738514.481 100.000 0.07948814 2.53042e-06
1747738514.491 100.073 0.07953284 2.93078e-06
1747738514.501 100.146 0.07958405 3.50030e-06
1747738514.511 100.219 0.07968182 4.15627e-06
1747738514.521 100.292 0.07973676 4.80140e-06
1747738514.531 100.364 0.07979635 5.52959e-06
1747738514.541 100.437 0.07985967 6.30088e-06
1747738514.551 100.510 0.07995185 7.48098e-06
1747738514.561 100.583 0.08001051 8.53136e-06
1747738514.571 100.655 0.08004869 9.16547e-06
1747738514.601 100.728 0.08022094 9.55092e-06
1747738514.625 100.801 0.08042579 1.15306e-05
1747738514.632 100.873 0.08047235 1.18477e-05
1747738514.641 100.945 0.08047235 1.21791e-05
1747738514.651 101.018 0.08052915 1.22188e-05
1747738514.661 101.090 0.08057477 1.21173e-05
1747738514.671 101.163 0.08061854 1.17963e-05
1747738514.681 101.235 0.08066416 1.16425e-05
1747738514.691 101.307 0.08073307 1.13785e-05
1747738514.701 101.379 0.08079453 1.09151e-05
1747738514.711 101.451 0.08084015 1.05056e-05
1747738514.721 101.523 0.08089229 9.81574e-06
1747738514.731 101.595 0.08091184 9.34259e-06
1747738514.741 101.667 0.08099472 8.65636e-06
1747738514.751 101.739 0.08103383 7.94811e-06
1747738514.761 101.811 0.08107945 7.26450e-06
1747738514.771 101.883 0.08112973 6.40643e-06
1747738514.781 101.954 0.08118653 5.65243e-06
1747738514.791 102.026 0.08121167 4.80589e-06
1747738514.801 102.098 0.08122750 4.04531e-06
1747738514.811 102.169 0.08127778 3.61001e-06
1747738514.821 102.241 0.08133830 2.99345e-06
1747738514.831 102.312 0.08136531 2.43012e-06
1747738514.841 102.384 0.08140907 1.94950e-06
1747738514.851 102.455 0.08146774 1.47768e-06
1747738514.861 102.526 0.08151429 1.31418e-06
1747738514.871 102.598 0.08155619 1.01955e-06
1747738514.881 102.669 0.08162789 8.63115e-07
1747738514.891 102.740 0.08166141 6.69796e-07
1747738514.901 102.811 0.08171914 4.98263e-07
1747738514.911 102.882 0.08179177 4.77202e-07
1747738514.921 102.953 0.08183926 3.62895e-07
1747738514.931 103.024 0.08189327 3.47069e-07
1747738514.941 103.095 0.08194261 2.87586e-07
1747738514.951 103.166 0.08200127 2.03733e-07
1747738514.961 103.237 0.08206738 2.78566e-07
1747738514.971 103.308 0.08215026 2.22015e-07
1747738514.981 103.378 0.08220333 2.56299e-07
1747738514.991 103.449 0.08227782 2.34618e-07
1747738515.001 103.520 0.08231972 1.74497e-07
1747738515.011 103.590 0.08238676 2.71523e-07
1747738515.021 103.661 0.08243797 2.44217e-07
1747738515.031 103.731 0.08249384 2.78728e-07
1747738515.041 103.802 0.08257579 2.76930e-07
1747738515.051 103.872 0.08265493 2.30193e-07
1747738515.061 103.943 0.08269963 3.25395e-07
1747738515.071 104.013 0.08273501 2.95112e-07
1747738515.081 104.083 0.08280857 3.26130e-07
1747738515.091 104.153 0.08288772 2.88153e-07
1747738515.101 104.224 0.08294079 2.30039e-07
1747738515.111 104.294 0.08301063 3.01693e-07
1747738515.121 104.364 0.08305252 2.66986e-07
1747738515.153 104.434 0.08328996 2.90889e-07
1747738515.164 104.504 0.08334956 2.51875e-07
1747738515.171 104.574 0.08334956 3.08002e-07
1747738515.181 104.644 0.08340449 3.55788e-07
1747738515.191 104.713 0.08344360 3.41510e-07
1747738515.201 104.783 0.08351623 2.96564e-07
1747738515.211 104.853 0.08356465 3.86476e-07
1747738515.221 104.923 0.08361214 3.66625e-07
1747738515.231 104.992 0.08369594 4.01954e-07
1747738515.241 105.062 0.08375367 4.51454e-07
1747738515.251 105.131 0.08378905 3.42151e-07
1747738515.261 105.201 0.08384678 3.81316e-07
1747738515.271 105.270 0.08386354 3.59260e-07
1747738515.281 105.340 0.08390358 3.83173e-07
1747738515.291 105.409 0.08393524 3.38441e-07
1747738515.301 105.478 0.08400042 2.55906e-07
1747738515.311 105.548 0.08408701 3.38456e-07
1747738515.321 105.617 0.08411495 2.88492e-07
1747738515.331 105.686 0.08414754 3.07032e-07
1747738515.341 105.755 0.08418664 2.68484e-07
1747738515.351 105.824 0.08422017 2.02269e-07
1747738515.361 105.894 0.08429466 2.68785e-07
1747738515.371 105.963 0.08431049 2.51789e-07
1747738515.381 106.031 0.08438032 3.00380e-07
1747738515.391 106.100 0.08444271 3.61407e-07
1747738515.401 106.169 0.08447530 5.40766e-07
1747738515.411 106.238 0.08453489 1.34966e-06
1747738515.421 106.307 0.08461031 3.39638e-06
1747738515.431 106.376 0.08461031 5.27662e-06
1747738515.441 106.444 0.08467736 1.08728e-05
1747738515.451 106.513 0.08474253 1.75603e-05
1747738515.461 106.582 0.08479840 3.06424e-05
1747738515.471 106.650 0.08484216 3.77052e-05
1747738515.481 106.719 0.08489897 4.93146e-05
1747738515.491 106.787 0.08496321 6.03474e-05
1747738515.501 106.856 0.08502932 7.16071e-05
1747738515.511 106.924 0.08510009 8.40210e-05
1747738515.521 106.992 0.08517085 9.70504e-05
1747738515.531 107.061 0.08519227 1.10128e-04
1747738515.541 107.129 0.08522672 1.23226e-04
1747738515.551 107.197 0.08530401 1.38230e-04
1747738515.561 107.265 0.08536919 1.56571e-04
1747738515.571 107.333 0.08545578 1.77225e-04
1747738515.581 107.402 0.08550234 1.89136e-04
1747738515.591 107.470 0.08555821 1.93982e-04
1747738515.601 107.538 0.08562152 1.94986e-04
1747738515.611 107.606 0.08569881 1.95938e-04
1747738515.621 107.673 0.08573047 1.98538e-04
1747738515.631 107.741 0.08580961 2.00040e-04
1747738515.641 107.809 0.08583475 1.97326e-04
1747738515.650 107.877 0.08589807 1.99137e-04
1747738515.660 107.945 0.08598094 1.97164e-04
1747738515.713 108.012 0.08627425 1.90399e-04
1747738515.721 108.080 0.08627425 1.84097e-04
1747738515.731 108.148 0.08632360 1.82811e-04
1747738515.740 108.215 0.08639530 1.81093e-04
1747738515.750 108.283 0.08644651 1.80936e-04
1747738515.761 108.350 0.08650703 1.80920e-04
1747738515.771 108.418 0.08653311 1.76223e-04
1747738515.781 108.485 0.08659363 1.72962e-04
1747738515.791 108.552 0.08666626 1.66686e-04
1747738515.801 108.620 0.08670071 1.60703e-04
1747738515.811 108.687 0.08675192 1.52665e-04
1747738515.821 108.754 0.08680779 1.43802e-04
1747738515.831 108.822 0.08683293 1.36458e-04
1747738515.841 108.889 0.08686832 1.26027e-04
1747738515.851 108.956 0.08689904 1.15860e-04
1747738515.861 109.023 0.08695025 1.06413e-04
1747738515.871 109.090 0.08697726 9.58436e-05
1747738515.881 109.157 0.08701357 8.67763e-05
1747738515.891 109.224 0.08703592 7.90586e-05
1747738515.901 109.291 0.08708248 7.20497e-05
1747738515.911 109.358 0.08713369 6.60911e-05
1747738515.921 109.424 0.08716348 6.06992e-05
1747738515.931 109.491 0.08720725 5.39205e-05
1747738515.940 109.558 0.08723704 4.75186e-05
1747738515.951 109.625 0.08727615 4.11082e-05
1747738515.961 109.691 0.08731805 3.43104e-05
1747738515.971 109.758 0.08735530 2.92052e-05
1747738515.981 109.825 0.08742048 2.53228e-05
1747738515.990 109.891 0.08747262 2.20330e-05
1747738516.000 109.958 0.08750707 1.94809e-05
1747738516.010 110.024 0.08754525 1.63042e-05
1747738516.021 110.091 0.08759273 1.46716e-05
1747738516.030 110.157 0.08769702 1.22706e-05
1747738516.040 110.223 0.08774637 1.02122e-05
1747738516.051 110.290 0.08782645 7.98609e-06
1747738516.061 110.356 0.08782645 7.29034e-06
1747738516.070 110.422 0.08791118 5.98463e-06
1747738516.080 110.488 0.08794656 5.19129e-06
1747738516.090 110.554 0.08800523 4.30933e-06
1747738516.100 110.620 0.08807507 3.82653e-06
1747738516.110 110.687 0.08814117 3.42890e-06
1747738516.120 110.753 0.08821101 2.84629e-06
1747738516.130 110.819 0.08824453 2.49821e-06
1747738516.140 110.884 0.08831902 2.17600e-06
1747738516.156 110.950 0.08844007 1.65331e-06
1747738516.162 111.016 0.08848849 1.56664e-06
1747738516.170 111.082 0.08848849 1.43736e-06
1747738516.180 111.148 0.08856205 1.27976e-06
1747738516.190 111.214 0.08861791 1.12589e-06
1747738516.200 111.279 0.08865423 9.81050e-07
1747738516.210 111.345 0.08873245 9.29672e-07
1747738516.220 111.411 0.08878924 7.41528e-07
1747738516.271 111.476 0.08908441 5.01285e-07
1747738516.281 111.542 0.08908441 4.59585e-07
1747738516.291 111.607 0.08912911 4.00241e-07
1747738516.301 111.673 0.08917474 3.30952e-07
1747738516.311 111.738 0.08923246 3.74154e-07
1747738516.321 111.804 0.08929578 3.44157e-07
1747738516.330 111.869 0.08935630 3.50465e-07
1747738516.341 111.934 0.08938517 3.19557e-07
1747738516.350 112.000 0.08942614 2.71775e-07
1747738516.360 112.065 0.08949225 3.59814e-07
1747738516.370 112.130 0.08950343 2.44599e-07
1747738516.380 112.195 0.08955557 2.89390e-07
1747738516.390 112.260 0.08960119 2.69506e-07
1747738516.400 112.326 0.08963006 2.37014e-07
1747738516.410 112.391 0.08965706 3.29459e-07
1747738516.420 112.456 0.08969617 3.00291e-07
1747738516.430 112.521 0.08973528 3.48663e-07
1747738516.440 112.586 0.08978649 3.49377e-07
1747738516.450 112.650 0.08983119 3.21990e-07
1747738516.460 112.715 0.08985446 4.28483e-07
1747738516.470 112.780 0.08990381 3.98379e-07
1747738516.480 112.845 0.08993827 4.53921e-07
1747738516.490 112.910 0.08995223 4.40885e-07
1747738516.500 112.974 0.09001089 4.04777e-07
1747738516.510 113.039 0.09006117 5.12344e-07
1747738516.520 113.104 0.09010028 4.92753e-07
1747738516.530 113.168 0.09013101 5.26564e-07
1747738516.540 113.233 0.09016266 5.32258e-07
1747738516.550 113.298 0.09023623 4.96047e-07
1747738516.560 113.362 0.09026603 6.16749e-07
1747738516.570 113.427 0.09030886 6.06270e-07
1747738516.580 113.491 0.09036472 6.71488e-07
1747738516.590 113.555 0.09043828 6.77123e-07
1747738516.600 113.620 0.09048949 6.60815e-07
1747738516.610 113.684 0.09054350 7.69641e-07
1747738516.620 113.748 0.09060495 7.14225e-07
1747738516.630 113.813 0.09063382 7.30021e-07
1747738516.640 113.877 0.09068038 7.20369e-07
1747738516.650 113.941 0.09074463 6.80860e-07
1747738516.660 114.005 0.09081073 7.58157e-07
1747738516.670 114.069 0.09087498 7.06553e-07
1747738516.680 114.133 0.09093271 7.35106e-07
1747738516.690 114.197 0.09098579 7.12723e-07
1747738516.700 114.261 0.09105376 6.40635e-07
1747738516.710 114.325 0.09110963 7.15153e-07
1747738516.720 114.389 0.09115433 6.49792e-07
1747738516.730 114.453 0.09120926 6.34336e-07
1747738516.740 114.517 0.09127910 6.09428e-07
1747738516.750 114.581 0.09131914 5.55994e-07
1747738516.760 114.645 0.09137779 6.20671e-07
1747738516.770 114.708 0.09144018 5.53915e-07
1747738516.801 114.772 0.09164783 5.76416e-07
1747738516.825 114.836 0.09175025 5.39794e-07
1747738516.833 114.899 0.09180798 5.08662e-07
1747738516.840 114.963 0.09180798 5.79358e-07
1747738516.850 115.026 0.09183778 5.18382e-07
1747738516.860 115.090 0.09187502 5.82698e-07
1747738516.870 115.154 0.09190854 4.93868e-07
1747738516.880 115.217 0.09199700 5.35654e-07
1747738516.890 115.280 0.09205660 5.18423e-07
1747738516.900 115.344 0.09210874 4.62005e-07
1747738516.910 115.407 0.09216181 5.66034e-07
1747738516.920 115.470 0.09220371 4.72498e-07
1747738516.930 115.534 0.09225213 4.97300e-07
1747738516.940 115.597 0.09225958 4.70024e-07
1747738516.950 115.660 0.09229683 4.58253e-07
1747738516.960 115.723 0.09232476 5.11538e-07
1747738516.970 115.787 0.09238529 4.10857e-07
1747738516.980 115.850 0.09244022 4.47856e-07
1747738516.990 115.913 0.09247933 4.05770e-07
1747738517.000 115.976 0.09249237 3.96781e-07
1747738517.010 116.039 0.09254171 4.51874e-07
1747738517.020 116.102 0.09258361 3.46357e-07
1747738517.030 116.165 0.09260038 3.67690e-07
1747738517.040 116.228 0.09264507 3.35014e-07
1747738517.050 116.291 0.09270000 3.34492e-07
1747738517.060 116.353 0.09271584 3.71548e-07
1747738517.070 116.416 0.09275960 2.70423e-07
1747738517.080 116.479 0.09280615 2.99545e-07
1747738517.090 116.542 0.09287320 2.53112e-07
1747738517.100 116.604 0.09293093 2.49176e-07
1747738517.110 116.667 0.09294490 2.86951e-07
1747738517.120 116.730 0.09299238 2.04155e-07
1747738517.130 116.792 0.09305756 2.16918e-07
1747738517.141 116.855 0.09318606 2.04441e-07
1747738517.150 116.918 0.09321306 1.85491e-07
1747738517.160 116.980 0.09321306 1.96264e-07
1747738517.170 117.043 0.09328848 1.78442e-07
1747738517.180 117.105 0.09335552 2.00262e-07
1747738517.190 117.167 0.09339650 2.09264e-07
1747738517.200 117.230 0.09343560 1.78549e-07
1747738517.210 117.292 0.09347658 1.72956e-07
1747738517.226 117.354 0.09359669 1.92580e-07
1747738517.235 117.417 0.09366745 1.52747e-07
1747738517.243 117.479 0.09371774 1.79737e-07
1747738517.252 117.541 0.09378571 1.59894e-07
1747738517.260 117.603 0.09378571 1.77701e-07
1747738517.269 117.665 0.09381365 1.49460e-07
1747738517.280 117.728 0.09386765 1.73479e-07
1747738517.290 117.790 0.09393097 1.44438e-07
1747738517.299 117.852 0.09397007 1.57198e-07
1747738517.309 117.914 0.09401663 1.87359e-07
1747738517.319 117.976 0.09407436 1.07433e-07
1747738517.329 118.038 0.09417679 1.53952e-07
1747738517.376 118.100 0.09436022 1.86489e-07
1747738517.383 118.161 0.09442633 1.11773e-07
1747738517.390 118.223 0.09442633 1.85177e-07
1747738517.400 118.285 0.09447010 1.15741e-07
1747738517.409 118.347 0.09452782 1.78663e-07
1747738517.419 118.409 0.09455296 9.70983e-08
1747738517.429 118.470 0.09460232 1.46627e-07
1747738517.439 118.532 0.09466377 1.22839e-07
1747738517.449 118.594 0.09471685 1.42486e-07
1747738517.459 118.655 0.09477737 1.74966e-07
1747738517.469 118.717 0.09480717 9.38946e-08
1747738517.479 118.778 0.09483882 1.42943e-07
1747738517.489 118.840 0.09485931 1.23644e-07
1747738517.499 118.902 0.09490214 1.38988e-07
1747738517.509 118.963 0.09497197 1.67326e-07
1747738517.519 119.024 0.09499711 9.08732e-08
1747738517.529 119.086 0.09503250 1.37154e-07
1747738517.539 119.147 0.09506881 1.16367e-07
1747738517.549 119.209 0.09511071 1.34308e-07
1747738517.559 119.270 0.09516658 1.67639e-07
1747738517.569 119.331 0.09520010 8.47686e-08
1747738517.579 119.392 0.09524201 1.35740e-07
1747738517.589 119.454 0.09528670 1.16457e-07
1747738517.599 119.515 0.09531649 1.32947e-07
1747738517.609 119.576 0.09536398 1.47282e-07
1747738517.619 119.637 0.09540402 8.39608e-08
1747738517.629 119.698 0.09545058 1.31216e-07
1747738517.639 119.759 0.09549341 1.09396e-07
1747738517.649 119.820 0.09552972 1.30818e-07
1747738517.659 119.881 0.09557721 1.63650e-07
1747738517.669 119.942 0.09562191 7.36464e-08
1747738517.679 120.003 0.09567219 1.24881e-07
1747738517.689 120.064 0.09571409 1.06883e-07
1747738517.699 120.125 0.09574109 1.23687e-07
1747738517.709 120.186 0.09580162 1.50577e-07
1747738517.719 120.247 0.09585935 7.25108e-08
1747738517.729 120.307 0.09591335 1.16084e-07
1747738517.739 120.368 0.09599250 9.49962e-08
1747738517.749 120.429 0.09604837 1.21478e-07
1747738517.759 120.489 0.09609585 1.36921e-07
1747738517.769 120.550 0.09613310 5.51605e-08
1747738517.779 120.611 0.09620107 1.13034e-07
1747738517.789 120.671 0.09624763 9.52828e-08
1747738517.799 120.732 0.09628953 1.13145e-07
1747738517.809 120.792 0.09635937 1.34703e-07
1747738517.819 120.853 0.09643013 5.72969e-08
1747738517.829 120.913 0.09646365 1.28818e-07
1747738517.839 120.974 0.09650369 1.43566e-07
1747738517.849 121.034 0.09656142 1.87759e-07
1747738517.859 121.095 0.09663777 3.77875e-07
1747738517.907 121.155 0.09685566 7.30637e-07
1747738517.914 121.215 0.09692736 1.25069e-06
1747738517.920 121.276 0.09697484 1.43142e-06
1747738517.930 121.336 0.09697484 1.59482e-06
1747738517.939 121.396 0.09703537 1.78884e-06
1747738517.950 121.456 0.09707075 2.06184e-06
1747738517.959 121.516 0.09713035 2.42273e-06
1747738517.969 121.577 0.09716107 2.54616e-06
1747738517.979 121.637 0.09720856 2.86961e-06
1747738517.989 121.697 0.09724860 3.09390e-06
1747738517.999 121.757 0.09728491 3.34284e-06
1747738518.009 121.817 0.09733333 3.62550e-06
1747738518.019 121.877 0.09734916 3.80965e-06
1747738518.029 121.937 0.09739106 4.07436e-06
1747738518.039 121.997 0.09739944 4.20147e-06
1747738518.049 122.057 0.09746649 4.41973e-06
1747738518.059 122.117 0.09751956 4.70110e-06
1747738518.069 122.176 0.09755028 4.79289e-06
1747738518.079 122.236 0.09757357 5.05686e-06
1747738518.089 122.296 0.09762291 5.18312e-06
1747738518.099 122.356 0.09763595 5.37217e-06
1747738518.109 122.416 0.09766761 5.58117e-06
1747738518.119 122.475 0.09771696 5.57078e-06
1747738518.129 122.535 0.09776165 5.66856e-06
1747738518.139 122.595 0.09779331 5.74093e-06
1747738518.149 122.654 0.09785104 5.84759e-06
1747738518.159 122.714 0.09786780 5.93341e-06
1747738518.169 122.773 0.09791157 5.86738e-06
1747738518.179 122.833 0.09798419 5.92645e-06
1747738518.189 122.892 0.09799909 5.95909e-06
1747738518.199 122.952 0.09804099 6.00122e-06
1747738518.209 123.011 0.09809965 5.99367e-06
1747738518.219 123.071 0.09815925 5.87095e-06
1747738518.229 123.130 0.09824212 5.90336e-06
1747738518.239 123.189 0.09826819 5.86045e-06
1747738518.249 123.249 0.09827750 5.79317e-06
1747738518.259 123.308 0.09834827 5.97008e-06
1747738518.269 123.367 0.09840786 5.74669e-06
1747738518.279 123.427 0.09845907 5.98674e-06
1747738518.289 123.486 0.09850470 5.74277e-06
1747738518.299 123.545 0.09855405 5.54683e-06
1747738518.309 123.604 0.09858012 5.40254e-06
1747738518.319 123.663 0.09866113 5.16853e-06
1747738518.329 123.722 0.09874307 5.02993e-06
1747738518.339 123.781 0.09879428 4.88940e-06
1747738518.349 123.840 0.09884363 4.81870e-06
1747738518.359 123.900 0.09890136 4.70990e-06
1747738518.369 123.958 0.09891998 4.41919e-06
1747738518.379 124.017 0.09898424 4.33174e-06
1747738518.389 124.076 0.09903638 4.21989e-06
1747738518.399 124.135 0.09904569 4.13553e-06
1747738518.409 124.194 0.09912577 4.02471e-06
1747738518.457 124.253 0.09938090 3.75511e-06
1747738518.464 124.312 0.09943490 3.55752e-06
1747738518.471 124.371 0.09945725 3.58168e-06
1747738518.479 124.429 0.09945725 3.58129e-06
1747738518.489 124.488 0.09951125 3.57718e-06
1747738518.499 124.547 0.09955781 3.58985e-06
1747738518.509 124.606 0.09960623 3.65661e-06
1747738518.519 124.664 0.09965465 3.64739e-06
1747738518.529 124.723 0.09969190 3.76908e-06
1747738518.539 124.781 0.09970400 3.78406e-06
1747738518.549 124.840 0.09977570 3.83177e-06
1747738518.559 124.899 0.09978594 3.90878e-06
1747738518.569 124.957 0.09983901 3.88273e-06
1747738518.579 125.016 0.09987812 3.89920e-06
1747738518.589 125.074 0.09990885 3.84770e-06
1747738518.599 125.132 0.09994609 3.82586e-06
1747738518.609 125.191 0.09999265 3.81357e-06
1747738518.619 125.249 0.10000848 3.66888e-06
1747738518.629 125.308 0.10004200 3.63414e-06
1747738518.639 125.366 0.10007180 3.54203e-06
1747738518.649 125.424 0.10013418 3.51380e-06
1747738518.659 125.482 0.10015467 3.19744e-06
1747738518.669 125.541 0.10019844 3.04802e-06
1747738518.679 125.599 0.10024499 3.05844e-06
1747738518.689 125.657 0.10027479 2.96872e-06
1747738518.699 125.715 0.10029527 2.91756e-06
1747738518.709 125.773 0.10036324 2.83836e-06
1747738518.719 125.832 0.10039583 2.62281e-06
1747738518.729 125.890 0.10043960 2.51269e-06
1747738518.739 125.948 0.10049081 2.34195e-06
1747738518.749 126.006 0.10053271 2.15284e-06
1747738518.759 126.064 0.10058671 1.98786e-06
1747738518.769 126.122 0.10063421 1.69071e-06
1747738518.779 126.180 0.10068449 1.51631e-06
1747738518.789 126.238 0.10071708 1.30692e-06
1747738518.799 126.295 0.10077946 1.14887e-06
1747738518.809 126.353 0.10080087 1.01069e-06
1747738518.819 126.411 0.10087723 7.87679e-07
1747738518.829 126.469 0.10094241 7.53044e-07
1747738518.839 126.527 0.10097407 6.32884e-07
1747738518.849 126.585 0.10105042 5.77937e-07
1747738518.859 126.642 0.10109977 5.43246e-07
1747738518.869 126.700 0.10112957 4.10789e-07
1747738518.879 126.758 0.10114912 4.06179e-07
1747738518.889 126.815 0.10122826 3.41288e-07
1747738518.899 126.873 0.10127668 3.11730e-07
1747738518.909 126.931 0.10130368 2.98949e-07
1747738518.919 126.988 0.10136142 1.87263e-07
1747738518.929 127.046 0.10142660 2.07632e-07
1747738518.939 127.103 0.10148898 1.70374e-07
1747738518.949 127.161 0.10154299 1.63880e-07
1747738518.959 127.218 0.10159886 1.51242e-07
1747738519.011 127.276 0.10182792 1.44942e-07
1747738519.019 127.333 0.10182792 8.36734e-08
1747738519.029 127.390 0.10186423 1.05424e-07
1747738519.039 127.448 0.10194244 7.86433e-08
1747738519.049 127.505 0.10199273 8.54245e-08
1747738519.058 127.562 0.10202718 9.43272e-08
1747738519.070 127.620 0.10210446 2.95937e-08
1747738519.079 127.677 0.10210446 9.56716e-08
1747738519.089 127.734 0.10216033 7.05869e-08
1747738519.099 127.792 0.10220596 8.24518e-08
1747738519.108 127.849 0.10222924 8.56585e-08
1747738519.119 127.906 0.10227766 2.22788e-08
1747738519.128 127.963 0.10231397 9.10800e-08
1747738519.138 128.020 0.10232049 5.51008e-08
1747738519.148 128.077 0.10235680 7.42786e-08
1747738519.158 128.134 0.10241359 7.13991e-08
1747738519.168 128.191 0.10243874 1.64173e-08
1747738519.178 128.248 0.10248157 8.06181e-08
1747738519.188 128.305 0.10248437 5.41247e-08
1747738519.198 128.362 0.10253185 6.54154e-08
1747738519.208 128.419 0.10254768 6.38319e-08
1747738519.218 128.476 0.10259889 2.62230e-09
1747738519.228 128.533 0.10262589 6.46772e-08
1747738519.238 128.590 0.10266408 3.97642e-08
1747738519.248 128.647 0.10268736 5.82010e-08
1747738519.258 128.704 0.10272460 5.60065e-08
1747738519.268 128.760 0.10276277 -4.21200e-09
1747738519.278 128.817 0.10282795 6.38825e-08
1747738519.288 128.874 0.10285681 4.01315e-08
1747738519.298 128.931 0.10290059 6.21182e-08
1747738519.308 128.987 0.10293224 8.24140e-08
1747738519.318 129.044 0.10298625 7.34439e-08
1747738519.328 129.101 0.10302908 3.06919e-07
1747738519.338 129.157 0.10308123 4.73006e-07
1747738519.348 129.214 0.10314920 8.86298e-07
1747738519.358 129.270 0.10319761 1.62469e-06
1747738519.368 129.327 0.10322182 2.67012e-06
1747738519.378 129.383 0.10327210 3.61204e-06
1747738519.388 129.440 0.10329725 5.17871e-06
1747738519.398 129.496 0.10337546 6.97651e-06
1747738519.408 129.553 0.10340060 9.31799e-06
1747738519.418 129.609 0.10344995 1.17622e-05
1747738519.428 129.666 0.10351514 1.43684e-05
1747738519.438 129.722 0.10356821 1.80507e-05
1747738519.448 129.778 0.10361476 2.36103e-05
1747738519.458 129.835 0.10367715 2.74329e-05
1747738519.468 129.891 0.10373954 3.32466e-05
1747738519.478 129.947 0.10374792 3.89604e-05
1747738519.488 130.003 0.10381123 4.49081e-05
1747738519.498 130.060 0.10389689 5.06372e-05
1747738519.508 130.116 0.10395555 5.61248e-05
1747738519.518 130.172 0.10399374 6.18691e-05
1747738519.569 130.228 0.10422745 8.08414e-05
1747738519.578 130.284 0.10422745 9.42685e-05
1747738519.588 130.340 0.10427401 9.87044e-05
1747738519.598 130.396 0.10429635 1.03446e-04
1747738519.608 130.452 0.10436898 1.08288e-04
1747738519.618 130.508 0.10439878 1.12155e-04
1747738519.628 130.564 0.10442858 1.13855e-04
1747738519.638 130.620 0.10446210 1.14744e-04
1747738519.648 130.676 0.10451238 1.15672e-04
1747738519.658 130.732 0.10456731 1.17807e-04
1747738519.668 130.788 0.10460176 1.17326e-04
1747738519.678 130.844 0.10462970 1.16511e-04
1747738519.688 130.900 0.10465857 1.16008e-04
1747738519.698 130.956 0.10469302 1.17421e-04
1747738519.708 131.012 0.10472468 1.16648e-04
1747738519.718 131.067 0.10479078 1.16165e-04
1747738519.728 131.123 0.10481592 1.15690e-04
1747738519.738 131.179 0.10481499 1.18972e-04
1747738519.748 131.235 0.10485690 1.19116e-04
1747738519.758 131.290 0.10488576 1.17221e-04
1747738519.768 131.346 0.10492208 1.16200e-04
1747738519.778 131.402 0.10496304 1.18335e-04
1747738519.788 131.457 0.10497142 1.17752e-04
1747738519.798 131.513 0.10500960 1.15782e-04
1747738519.808 131.568 0.10506454 1.12200e-04
1747738519.818 131.624 0.10508410 1.10674e-04
1747738519.828 131.680 0.10511482 1.08873e-04
1747738519.838 131.735 0.10516976 1.06588e-04
1747738519.848 131.791 0.10522562 1.03646e-04
1747738519.858 131.846 0.10527033 9.96614e-05
1747738519.868 131.901 0.10529640 9.81431e-05
1747738519.878 131.957 0.10535785 9.61256e-05
1747738519.888 132.012 0.10540999 9.33567e-05
1747738519.898 132.068 0.10543327 9.06517e-05
1747738519.908 132.123 0.10546399 8.82210e-05
1747738519.918 132.178 0.10554687 8.75140e-05
1747738519.928 132.234 0.10557853 8.51215e-05
1747738519.938 132.289 0.10565581 8.20011e-05
1747738519.948 132.344 0.10568374 7.98158e-05
1747738519.958 132.399 0.10573682 7.82352e-05
1747738519.968 132.454 0.10575824 7.64509e-05
1747738519.978 132.510 0.10581038 7.36006e-05
1747738519.988 132.565 0.10585693 7.04051e-05
1747738519.998 132.620 0.10592864 6.89020e-05
1747738520.008 132.675 0.10599568 6.69103e-05
1747738520.018 132.730 0.10603758 6.44430e-05
1747738520.028 132.785 0.10607854 6.18777e-05
1747738520.038 132.840 0.10612417 5.99043e-05
1747738520.048 132.895 0.10615025 5.84473e-05
1747738520.058 132.950 0.10620332 5.63246e-05
1747738520.068 133.005 0.10626384 5.38048e-05
1747738520.097 133.060 0.10634019 5.23858e-05
1747738520.121 133.115 0.10648545 5.10357e-05
1747738520.128 133.170 0.10648545 5.13154e-05
1747738520.138 133.225 0.10654132 5.14946e-05
1747738520.148 133.280 0.10658787 5.18594e-05
1747738520.158 133.335 0.10664095 5.16967e-05
1747738520.168 133.389 0.10668751 5.26400e-05
1747738520.178 133.444 0.10672848 5.31362e-05
1747738520.188 133.499 0.10674803 5.48741e-05
1747738520.198 133.554 0.10681508 5.57623e-05
1747738520.208 133.608 0.10685791 5.60840e-05
1747738520.218 133.663 0.10689515 5.66649e-05
1747738520.228 133.718 0.10692774 5.73129e-05
1747738520.238 133.773 0.10695660 5.75748e-05
1747738520.248 133.827 0.10699943 5.73253e-05
1747738520.258 133.882 0.10702924 5.68941e-05
1747738520.268 133.936 0.10705252 5.75546e-05
1747738520.278 133.991 0.10709628 5.70835e-05
1747738520.288 134.045 0.10714097 5.23550e-05
1747738520.298 134.100 0.10715028 5.40006e-05
1747738520.308 134.154 0.10717914 5.42189e-05
1747738520.318 134.209 0.10723780 5.40829e-05
1747738520.328 134.263 0.10726295 5.29386e-05
1747738520.338 134.318 0.10729461 5.19368e-05
1747738520.348 134.372 0.10732254 5.13198e-05
1747738520.358 134.427 0.10736723 5.03293e-05
1747738520.368 134.481 0.10741100 4.86855e-05
1747738520.378 134.535 0.10744638 4.76043e-05
1747738520.388 134.590 0.10749387 4.57526e-05
1747738520.398 134.644 0.10752832 4.42038e-05
1747738520.408 134.698 0.10759629 4.11991e-05
1747738520.418 134.753 0.10762981 3.91713e-05
1747738520.428 134.807 0.10765123 3.65952e-05
1747738520.438 134.861 0.10769593 3.44649e-05
1747738520.448 134.915 0.10773224 3.04648e-05
1747738520.458 134.969 0.10779556 1.96227e-05
1747738520.468 135.024 0.10785422 1.91141e-05
1747738520.478 135.078 0.10789798 1.79484e-05
1747738520.488 135.132 0.10791008 1.67543e-05
1747738520.498 135.186 0.10796316 1.56530e-05
1747738520.508 135.240 0.10800227 1.43042e-05
1747738520.518 135.294 0.10807489 1.30525e-05
1747738520.528 135.348 0.10810562 1.20197e-05
1747738520.538 135.402 0.10815312 1.12850e-05
1747738520.548 135.456 0.10822853 1.07103e-05
1747738520.558 135.510 0.10825833 9.93208e-06
1747738520.568 135.564 0.10831233 9.13170e-06
1747738520.578 135.618 0.10837566 8.65180e-06
1747738520.588 135.672 0.10842128 8.09329e-06
1747738520.598 135.726 0.10842687 5.99468e-06
1747738520.608 135.779 0.10847528 5.75316e-06
1747738520.618 135.833 0.10855350 5.51268e-06
1747738520.647 135.887 0.10867827 5.47631e-06
1747738520.658 135.941 0.10876393 4.64290e-06
1747738520.668 135.995 0.10876393 4.52204e-06
1747738520.678 136.048 0.10880119 4.43053e-06
1747738520.688 136.102 0.10882726 4.10058e-06
1747738520.698 136.156 0.10886357 3.92624e-06
1747738520.708 136.209 0.10892037 3.77118e-06
1747738520.718 136.263 0.10896227 3.53143e-06
1747738520.728 136.317 0.10903118 3.38726e-06
1747738520.738 136.370 0.10907866 3.17276e-06
1747738520.748 136.424 0.10910101 3.04516e-06
1747738520.758 136.478 0.10914384 2.94954e-06
1747738520.768 136.531 0.10915967 2.71309e-06
1747738520.778 136.585 0.10918946 2.12305e-06
1747738520.788 136.638 0.10922765 2.08392e-06
1747738520.798 136.692 0.10926303 2.15627e-06
1747738520.808 136.745 0.10929003 1.93469e-06
1747738520.818 136.799 0.10932448 1.80981e-06
1747738520.828 136.852 0.10938593 1.84599e-06
1747738520.838 136.905 0.10939897 1.78349e-06
1747738520.848 136.959 0.10944552 1.81288e-06
1747738520.857 137.012 0.10952002 1.68287e-06
1747738520.867 137.065 0.10954423 1.58915e-06
1747738520.877 137.119 0.10957030 1.63255e-06
1747738520.887 137.172 0.10957775 1.59778e-06
1747738520.897 137.225 0.10962710 1.54371e-06
1747738520.907 137.279 0.10968856 1.45813e-06
1747738520.917 137.332 0.10971370 1.36884e-06
1747738520.927 137.385 0.10975466 1.38983e-06
1747738520.937 137.438 0.10980494 1.31443e-06
1747738520.947 137.491 0.10983753 1.31067e-06
1747738520.957 137.545 0.10989993 1.26183e-06
1747738520.967 137.598 0.10991389 1.17041e-06
1747738520.977 137.651 0.10998186 1.25290e-06
1747738520.988 137.704 0.11004797 1.18930e-06
1747738520.998 137.757 0.11006938 1.16516e-06
1747738521.007 137.810 0.11011409 1.15440e-06
1747738521.018 137.863 0.11015040 1.06171e-06
1747738521.027 137.916 0.11018950 1.13027e-06
1747738521.037 137.969 0.11024537 1.05363e-06
1747738521.048 138.022 0.11028634 1.05510e-06
1747738521.058 138.075 0.11032079 1.07127e-06
1747738521.068 138.128 0.11038039 9.84800e-07
1747738521.078 138.181 0.11042322 1.02821e-06
1747738521.087 138.234 0.11047536 9.81689e-07
1747738521.097 138.287 0.11051912 9.77039e-07
1747738521.107 138.340 0.11055731 9.69025e-07
1747738521.117 138.392 0.11061224 8.86962e-07
1747738521.127 138.445 0.11065414 9.28705e-07
1747738521.137 138.498 0.11067742 8.81990e-07
1747738521.148 138.551 0.11072583 8.95701e-07
1747738521.158 138.604 0.11076866 9.13019e-07
1747738521.207 138.656 0.11100239 8.27967e-07
1747738521.214 138.709 0.11104242 7.28777e-07
1747738521.220 138.762 0.11106663 7.75992e-07
1747738521.227 138.814 0.11106663 7.86032e-07
1747738521.237 138.867 0.11112343 7.54465e-07
1747738521.247 138.920 0.11113088 7.71384e-07
1747738521.257 138.972 0.11117371 7.39269e-07
1747738521.267 139.025 0.11124076 6.62583e-07
1747738521.277 139.077 0.11127148 7.30920e-07
1747738521.287 139.130 0.11131059 6.90274e-07
