1747818650.928 42.744 0.03510842 4.99150e-08
1747818650.978 42.914 0.03506931 5.64559e-08
1747818651.028 43.084 0.03508607 4.97551e-08
1747818651.078 43.254 0.03511121 5.54433e-08
1747818651.127 43.422 0.03521457 4.89673e-08
1747818651.178 43.590 0.03530396 5.53294e-08
1747818651.228 43.758 0.03547156 4.61212e-08
1747818651.278 43.925 0.03561682 4.49787e-08
1747818651.328 44.091 0.03576021 3.90290e-08
1747818651.379 44.256 0.03588592 4.07798e-08
1747818651.429 44.421 0.03598648 3.56831e-08
1747818651.475 44.585 0.03611311 5.97756e-08
1747818651.486 44.749 0.03611684 -1.43047e-08
1747818651.547 44.912 0.03624720 4.66170e-08
1747818651.599 45.075 0.03637848 8.98750e-08
1747818651.606 45.237 0.03639059 1.10399e-07
1747818651.612 45.398 0.03639059 1.79889e-07
1747818651.622 45.559 0.03642225 2.03605e-07
1747818651.632 45.719 0.03645205 4.08744e-07
1747818651.642 45.878 0.03648650 5.40271e-07
1747818651.652 46.037 0.03653119 8.13348e-07
1747818651.662 46.196 0.03655820 1.31154e-06
1747818651.672 46.354 0.03660289 1.72198e-06
1747818651.682 46.511 0.03664107 3.04513e-06
1747818651.692 46.668 0.03668762 4.10390e-06
1747818651.702 46.825 0.03670345 5.12480e-06
1747818651.712 46.981 0.03672952 6.44183e-06
1747818651.722 47.136 0.03676770 7.44114e-06
1747818651.732 47.291 0.03683195 7.90265e-06
1747818651.742 47.445 0.03688037 7.72839e-06
1747818651.752 47.599 0.03689154 7.61432e-06
1747818651.762 47.752 0.03694648 7.67951e-06
1747818651.772 47.905 0.03701631 6.60230e-06
1747818651.782 48.057 0.03709825 4.73664e-06
1747818651.792 48.209 0.03717554 2.68996e-06
1747818651.802 48.361 0.03727889 8.20853e-07
1747818651.812 48.512 0.03737666 4.44706e-07
1747818651.822 48.662 0.03747815 9.62973e-08
1747818651.832 48.812 0.03758337 6.79305e-08
1747818651.842 48.962 0.03767649 2.97990e-08
1747818651.852 49.111 0.03783944 4.19394e-08
1747818651.862 49.259 0.03797631 7.46574e-08
1747818651.872 49.408 0.03811226 -5.64760e-09
1747818651.882 49.555 0.03822772 4.49323e-08
1747818651.892 49.703 0.03836646 2.65944e-08
1747818651.902 49.850 0.03851916 4.74177e-08
1747818651.912 49.996 0.03868490 8.73488e-08
1747818651.960 50.142 0.03938233 7.58197e-08
1747818651.967 50.288 0.03955738 -7.15690e-09
1747818651.973 50.433 0.03970264 4.04147e-08
1747818651.982 50.577 0.03970264 5.00344e-08
1747818652.027 50.722 0.04031253 7.62876e-08
1747818652.076 50.866 0.04077996 7.96185e-08
1747818652.083 51.009 0.04086655 -1.43676e-08
1747818652.092 51.152 0.04086655 3.19108e-08
1747818652.102 51.295 0.04096525 1.42874e-08
1747818652.112 51.437 0.04101833 7.77916e-08
1747818652.159 51.579 0.04123621 6.83123e-08
1747818652.166 51.721 0.04124925 1.17700e-08
1747818652.172 51.862 0.04127719 2.76150e-08
1747818652.182 52.003 0.04127719 5.01967e-08
1747818652.230 52.143 0.04142151 4.46955e-08
1747818652.280 52.283 0.04160215 4.80957e-08
1747818652.330 52.423 0.04182003 4.71906e-08
1747818652.380 52.562 0.04214779 4.75290e-08
1747818652.448 52.701 0.04247090 3.84379e-08
1747818652.455 52.840 0.04249325 2.40344e-08
1747818652.461 52.978 0.04249325 4.04783e-08
1747818652.510 53.116 0.04259101 6.94084e-08
1747818652.517 53.253 0.04262267 -1.00898e-08
1747818652.524 53.390 0.04266271 5.08918e-08
1747818652.531 53.527 0.04266271 4.31996e-08
1747818652.573 53.663 0.04272882 3.86233e-08
1747818652.582 53.799 0.04272882 4.64121e-08
1747818652.592 53.935 0.04273441 2.28940e-08
1747818652.602 54.070 0.04274279 2.74445e-08
1747818652.612 54.205 0.04277817 7.33992e-08
1747818652.660 54.340 0.04296067 6.47332e-08
1747818652.667 54.475 0.04298116 -1.39997e-08
1747818652.674 54.609 0.04303423 3.32621e-08
1747818652.681 54.742 0.04303423 4.65618e-08
1747818652.729 54.876 0.04337130 4.47755e-08
1747818652.779 55.009 0.04375959 4.35633e-08
1747818652.830 55.141 0.04415160 4.40128e-08
1747818652.880 55.274 0.04449518 4.46410e-08
1747818652.929 55.406 0.04466651 4.48387e-08
1747818652.980 55.538 0.04472890 4.29813e-08
1747818653.030 55.669 0.04476521 4.35325e-08
1747818653.123 55.800 0.04484808 2.72080e-08
1747818653.132 55.931 0.04484808 4.22465e-08
1747818653.180 56.062 0.04498775 4.27154e-08
1747818653.231 56.192 0.04508552 4.17255e-08
1747818653.281 56.322 0.04519260 4.16318e-08
1747818653.288 56.452 0.04522054 2.19033e-08
1747818653.294 56.581 0.04524382 4.47255e-08
1747818653.344 56.710 0.04535183 6.00192e-08
1747818653.351 56.839 0.04535183 -2.15162e-08
1747818653.361 56.967 0.04536207 4.87416e-08
1747818653.410 57.096 0.04551198 7.01845e-08
1747818653.417 57.223 0.04554643 -1.73879e-08
1747818653.424 57.351 0.04558834 3.60863e-08
1747818653.431 57.478 0.04558834 4.38556e-08
1747818653.479 57.605 0.04573918 3.63468e-08
1747818653.529 57.732 0.04597290 3.71262e-08
1747818653.579 57.859 0.04625503 3.60489e-08
1747818653.659 57.985 0.04666938 7.67978e-08
1747818653.665 58.111 0.04669732 3.44663e-08
1747818653.672 58.236 0.04673922 2.76977e-08
1747818653.681 58.362 0.04673922 4.57921e-08
1747818653.729 58.487 0.04685002 3.64487e-08
1747818653.780 58.612 0.04692731 4.06696e-08
1747818653.830 58.736 0.04700738 4.27284e-08
1747818653.880 58.861 0.04713402 4.31093e-08
1747818653.930 58.985 0.04730069 4.31412e-08
1747818653.980 59.109 0.04745061 4.29496e-08
1747818654.030 59.232 0.04758562 4.32217e-08
1747818654.098 59.356 0.04769270 4.18661e-08
1747818654.105 59.479 0.04771691 2.24257e-08
1747818654.111 59.601 0.04772715 4.21159e-08
1747818654.159 59.724 0.04780164 7.51288e-08
1747818654.211 59.846 0.04790779 7.85122e-08
1747818654.260 59.968 0.04799811 7.39739e-08
1747818654.266 60.090 0.04806050 1.42458e-08
1747818654.272 60.212 0.04809122 2.94460e-08
1747818654.280 60.333 0.04809122 4.91845e-08
1747818654.328 60.454 0.04823462 4.88488e-08
1747818654.379 60.575 0.04836312 4.57881e-08
1747818654.386 60.695 0.04842457 -4.97710e-09
1747818654.392 60.816 0.04845716 8.28873e-08
1747818654.400 60.936 0.04845716 4.06401e-08
1747818654.410 61.055 0.04846554 2.67420e-08
1747818654.420 61.175 0.04852420 -2.61780e-09
1747818654.430 61.294 0.04855586 6.97123e-08
1747818654.478 61.414 0.04876257 4.72600e-08
1747818654.528 61.533 0.04901025 4.48259e-08
1747818654.578 61.651 0.04928215 4.96166e-08
1747818654.629 61.770 0.04952703 4.34240e-08
1747818654.636 61.888 0.04959035 -6.48370e-09
1747818654.642 62.006 0.04962480 8.22695e-08
1747818654.651 62.124 0.04962480 3.76374e-08
1747818654.661 62.241 0.04968626 3.41258e-08
1747818654.671 62.359 0.04973933 -1.57242e-08
1747818654.681 62.476 0.04978403 4.94335e-08
1747818654.691 62.593 0.04979334 2.39877e-08
1747818654.701 62.709 0.04982500 4.69226e-08
1747818654.710 62.826 0.04986690 3.44526e-08
1747818654.741 62.942 0.04991904 3.60750e-09
1747818654.764 63.058 0.04996001 4.60432e-08
1747818654.772 63.174 0.05000191 3.38904e-08
1747818654.781 63.290 0.05000191 5.29418e-08
1747818654.829 63.405 0.05018721 3.95226e-08
1747818654.879 63.520 0.05048704 3.87303e-08
1747818654.929 63.635 0.05086787 3.81414e-08
1747818654.979 63.750 0.05123566 3.83683e-08
1747818655.030 63.865 0.05143679 4.02843e-08
1747818655.080 63.979 0.05153363 5.99779e-08
1747818655.132 64.093 0.05152246 1.04111e-07
1747818655.141 64.207 0.05151966 1.25003e-07
1747818655.150 64.321 0.05151966 1.30288e-07
1747818655.160 64.434 0.05149638 1.20601e-07
1747818655.170 64.548 0.05148521 1.26527e-07
1747818655.180 64.661 0.05149638 1.96010e-07
1747818655.190 64.774 0.05151501 1.22190e-07
1747818655.200 64.887 0.05154666 2.02966e-07
1747818655.210 64.999 0.05154573 1.95875e-07
1747818655.220 65.112 0.05156156 2.33764e-07
1747818655.230 65.224 0.05155504 3.25304e-07
1747818655.240 65.336 0.05157087 3.35225e-07
1747818655.250 65.448 0.05160067 4.43802e-07
1747818655.260 65.559 0.05163978 5.62936e-07
1747818655.290 65.671 0.05176362 7.16362e-07
1747818655.302 65.782 0.05182508 2.71299e-06
1747818655.310 65.893 0.05182508 3.41900e-06
1747818655.320 66.004 0.05188839 4.37173e-06
1747818655.330 66.114 0.05193960 5.94833e-06
1747818655.340 66.225 0.05200664 7.69220e-06
1747818655.350 66.335 0.05208858 1.00696e-05
1747818655.360 66.445 0.05220404 1.23301e-05
1747818655.370 66.555 0.05227667 1.41569e-05
1747818655.380 66.665 0.05235582 1.40321e-05
1747818655.390 66.774 0.05244241 1.35385e-05
1747818655.400 66.884 0.05253367 1.20945e-05
1747818655.410 66.993 0.05259699 9.23549e-06
1747818655.420 67.102 0.05270779 5.54804e-06
1747818655.430 67.211 0.05280463 2.26081e-06
1747818655.440 67.320 0.05289494 6.46958e-07
1747818655.450 67.428 0.05302903 2.60137e-07
1747818655.460 67.536 0.05309607 1.23900e-07
1747818655.470 67.645 0.05318360 5.01817e-08
1747818655.480 67.753 0.05331023 1.03022e-07
1747818655.528 67.860 0.05377021 5.97147e-08
1747818655.535 67.968 0.05386612 -9.86040e-09
1747818655.541 68.076 0.05395551 5.55583e-08
1747818655.550 68.183 0.05395551 5.65459e-08
1747818655.560 68.290 0.05402441 3.08517e-08
1747818655.570 68.397 0.05409238 4.14799e-08
1747818655.580 68.504 0.05420878 9.86210e-08
1747818655.628 68.610 0.05458309 7.32124e-08
1747818655.634 68.717 0.05464175 -1.07470e-08
1747818655.641 68.823 0.05469297 3.83949e-08
1747818655.650 68.929 0.05469297 5.38555e-08
1747818655.660 69.035 0.05477863 2.90639e-08
1747818655.670 69.141 0.05483264 4.29309e-08
1747818655.680 69.247 0.05489968 9.75671e-08
1747818655.728 69.352 0.05514177 7.76049e-08
1747818655.735 69.458 0.05517809 1.68423e-08
1747818655.741 69.563 0.05523116 9.24809e-08
1747818655.750 69.668 0.05523116 1.01004e-07
1747818655.760 69.773 0.05526748 1.25490e-07
1747818655.770 69.877 0.05533265 4.78497e-07
1747818655.780 69.982 0.05537735 1.09263e-06
1747818655.790 70.086 0.05541180 2.86004e-06
1747818655.800 70.190 0.05546953 4.51796e-06
1747818655.853 70.295 0.05580754 4.16451e-05
1747818655.860 70.398 0.05584943 5.00110e-05
1747818655.870 70.502 0.05584943 5.09518e-05
1747818655.880 70.606 0.05591089 5.28177e-05
1747818655.890 70.709 0.05597048 5.00186e-05
1747818655.900 70.813 0.05601797 4.67367e-05
1747818655.910 70.916 0.05608315 4.18090e-05
1747818655.919 71.019 0.05617626 3.52915e-05
1747818655.929 71.122 0.05623865 2.66874e-05
1747818655.939 71.224 0.05628893 1.53731e-05
1747818655.949 71.327 0.05636249 8.39069e-06
1747818655.959 71.429 0.05641743 4.39103e-06
1747818655.969 71.532 0.05650216 4.23745e-06
1747818655.979 71.634 0.05657293 4.23109e-06
1747818655.989 71.736 0.05659993 3.90641e-06
1747818655.999 71.838 0.05667349 3.69851e-06
1747818656.009 71.939 0.05675077 3.35815e-06
1747818656.019 72.041 0.05682806 2.47466e-06
1747818656.029 72.142 0.05686065 1.54824e-06
1747818656.039 72.244 0.05693886 8.93250e-07
1747818656.049 72.345 0.05702080 3.77528e-07
1747818656.059 72.446 0.05708132 2.19071e-07
1747818656.069 72.546 0.05714651 2.52710e-07
1747818656.079 72.647 0.05723031 3.65347e-07
1747818656.089 72.748 0.05727966 3.18063e-07
1747818656.099 72.848 0.05734391 3.75833e-07
1747818656.109 72.948 0.05744075 3.55052e-07
1747818656.119 73.049 0.05753572 3.71640e-07
1747818656.129 73.149 0.05758600 3.84131e-07
1747818656.139 73.248 0.05766143 2.51319e-07
1747818656.149 73.348 0.05775733 2.38591e-07
1747818656.159 73.448 0.05782437 2.08226e-07
1747818656.169 73.547 0.05791376 1.79356e-07
1747818656.179 73.647 0.05800594 1.77949e-07
1747818656.189 73.746 0.05807205 1.61485e-07
1747818656.199 73.845 0.05817820 1.80072e-07
1747818656.209 73.944 0.05826945 1.85117e-07
1747818656.219 74.043 0.05833836 1.74465e-07
1747818656.229 74.141 0.05843799 1.89606e-07
1747818656.239 74.240 0.05854321 9.44007e-08
1747818656.249 74.338 0.05863912 1.34887e-07
1747818656.259 74.437 0.05871081 9.19982e-08
1747818656.269 74.535 0.05877599 8.79443e-08
1747818656.279 74.633 0.05886631 1.31400e-07
1747818656.289 74.731 0.05895384 3.89654e-08
1747818656.299 74.828 0.05904788 9.40549e-08
1747818656.309 74.926 0.05913075 9.73692e-08
1747818656.319 75.023 0.05922014 1.49878e-07
1747818656.329 75.121 0.05929649 2.21986e-07
1747818656.339 75.218 0.05939519 2.07087e-07
1747818656.349 75.315 0.05947900 2.27631e-07
1747818656.359 75.412 0.05953952 2.18141e-07
1747818656.403 75.509 0.05992873 2.81085e-07
1747818656.412 75.606 0.05999485 6.22883e-06
1747818656.419 75.702 0.05999485 1.15956e-05
1747818656.429 75.799 0.06008237 3.59540e-05
1747818656.439 75.895 0.06013731 6.85956e-05
1747818656.449 75.992 0.06022111 1.26514e-04
1747818656.459 76.088 0.06028629 2.04588e-04
1747818656.469 76.184 0.06036171 3.09220e-04
1747818656.479 76.280 0.06043155 3.55320e-04
1747818656.489 76.375 0.06051628 3.77313e-04
1747818656.499 76.471 0.06057122 3.85368e-04
1747818656.509 76.567 0.06064664 3.48999e-04
1747818656.519 76.662 0.06070996 3.05570e-04
1747818656.529 76.757 0.06075745 2.39581e-04
1747818656.539 76.853 0.06081983 1.46748e-04
1747818656.549 76.948 0.06088594 9.03020e-05
1747818656.559 77.043 0.06093250 3.59141e-05
1747818656.569 77.137 0.06098557 8.74229e-06
1747818656.579 77.232 0.06103120 1.92799e-06
1747818656.589 77.327 0.06108800 5.21352e-07
1747818656.599 77.421 0.06114666 2.44344e-07
1747818656.609 77.516 0.06121743 1.81176e-07
1747818656.619 77.610 0.06127329 1.85409e-07
1747818656.629 77.704 0.06133382 3.10782e-07
1747818656.639 77.798 0.06139992 4.38545e-07
1747818656.649 77.892 0.06145952 8.97726e-07
1747818656.659 77.986 0.06153587 2.97776e-06
1747818656.669 78.079 0.06158615 5.04399e-06
1747818656.679 78.173 0.06167182 8.77778e-06
1747818656.689 78.266 0.06174631 1.38595e-05
1747818656.699 78.360 0.06180497 1.89252e-05
1747818656.709 78.453 0.06190460 2.74109e-05
1747818656.719 78.546 0.06198468 2.71829e-05
1747818656.729 78.639 0.06204148 2.81726e-05
1747818656.739 78.732 0.06213366 2.54109e-05
1747818656.749 78.825 0.06221653 2.40734e-05
1747818656.759 78.918 0.06230220 1.89760e-05
1747818656.769 79.010 0.06238227 1.19461e-05
1747818656.779 79.103 0.06244932 7.00254e-06
1747818656.789 79.195 0.06253312 2.67823e-06
1747818656.799 79.287 0.06262251 8.17603e-07
1747818656.809 79.379 0.06270724 5.77463e-07
1747818656.819 79.471 0.06279197 4.83266e-07
1747818656.829 79.563 0.06287019 4.41190e-07
1747818656.839 79.655 0.06295027 3.28816e-07
1747818656.849 79.747 0.06303872 3.48015e-07
1747818656.859 79.839 0.06310856 4.25026e-07
1747818656.869 79.930 0.06319702 3.65655e-07
1747818656.879 80.022 0.06327617 4.37392e-07
1747818656.889 80.113 0.06335065 3.67177e-07
1747818656.899 80.204 0.06342608 3.78303e-07
1747818656.909 80.295 0.06349684 3.40294e-07
1747818656.948 80.386 0.06379946 5.31747e-07
1747818656.953 80.477 0.06387581 1.50868e-06
1747818656.959 80.568 0.06394100 1.95547e-06
1747818656.969 80.658 0.06394100 2.60539e-06
1747818656.979 80.749 0.06400710 3.13391e-06
1747818656.989 80.840 0.06406856 3.67873e-06
1747818656.999 80.930 0.06416074 4.00618e-06
1747818657.018 81.020 0.06429389 3.70773e-06
1747818657.025 81.110 0.06437677 3.47258e-06
1747818657.030 81.200 0.06442146 3.20118e-06
1747818657.039 81.290 0.06442146 2.77933e-06
1747818657.049 81.380 0.06448943 2.14820e-06
1747818657.059 81.470 0.06455554 1.20095e-06
1747818657.069 81.560 0.06461700 7.56660e-07
1747818657.079 81.649 0.06464866 5.23222e-07
1747818657.089 81.739 0.06472222 3.88051e-07
1747818657.099 81.828 0.06478274 4.72529e-07
1747818657.109 81.918 0.06483302 4.95508e-07
1747818657.119 82.007 0.06488423 5.29639e-07
1747818657.129 82.096 0.06495500 5.75426e-07
1747818657.139 82.185 0.06500993 4.87368e-07
1747818657.149 82.274 0.06507232 5.31415e-07
1747818657.159 82.363 0.06513191 5.07145e-07
1747818657.169 82.451 0.06518033 5.08090e-07
1747818657.179 82.540 0.06525389 4.37836e-07
1747818657.189 82.628 0.06531721 2.97217e-07
1747818657.199 82.717 0.06536469 3.20425e-07
1747818657.209 82.805 0.06542243 4.05763e-07
1747818657.219 82.893 0.06549226 8.51087e-07
1747818657.229 82.982 0.06558072 3.63562e-06
1747818657.239 83.070 0.06565987 6.15841e-06
1747818657.249 83.158 0.06574088 1.70856e-05
1747818657.259 83.245 0.06580140 5.87168e-05
1747818657.269 83.333 0.06586192 9.89457e-05
1747818657.279 83.421 0.06595224 1.75549e-04
1747818657.289 83.508 0.06603605 2.98682e-04
1747818657.299 83.596 0.06610122 3.96030e-04
1747818657.309 83.683 0.06617665 4.38294e-04
1747818657.319 83.771 0.06626790 4.87438e-04
1747818657.329 83.858 0.06635077 4.91470e-04
1747818657.339 83.945 0.06641967 4.66058e-04
1747818657.349 84.032 0.06649789 4.27012e-04
1747818657.359 84.119 0.06657611 3.32184e-04
1747818657.369 84.206 0.06667015 2.26183e-04
1747818657.379 84.293 0.06673998 1.09054e-04
1747818657.389 84.379 0.06680796 4.87257e-05
1747818657.399 84.466 0.06688338 1.71659e-05
1747818657.409 84.552 0.06695508 2.11899e-06
1747818657.419 84.639 0.06704260 5.20611e-07
1747818657.429 84.725 0.06708171 2.37114e-07
1747818657.439 84.811 0.06713758 1.77890e-07
1747818657.449 84.898 0.06721672 2.46450e-07
1747818657.478 84.984 0.06743275 3.07279e-07
1747818657.502 85.070 0.06765156 9.06910e-07
1747818657.509 85.156 0.06769719 1.05677e-06
1747818657.519 85.241 0.06769719 1.04323e-06
1747818657.529 85.327 0.06775492 1.27461e-06
1747818657.539 85.413 0.06784058 1.43241e-06
1747818657.549 85.498 0.06792346 1.68998e-06
1747818657.559 85.584 0.06798770 2.67886e-06
1747818657.569 85.669 0.06805474 3.16587e-06
1747818657.579 85.754 0.06810409 3.74324e-06
1747818657.589 85.840 0.06816089 4.39203e-06
1747818657.599 85.925 0.06821117 4.41761e-06
1747818657.609 86.010 0.06826239 4.39361e-06
1747818657.619 86.095 0.06831546 4.15568e-06
1747818657.629 86.180 0.06838530 4.08494e-06
1747818657.638 86.264 0.06844489 3.96964e-06
1747818657.649 86.349 0.06850728 3.89817e-06
1747818657.658 86.434 0.06853148 3.25449e-06
1747818657.669 86.518 0.06858363 3.18576e-06
1747818657.678 86.603 0.06864136 2.90308e-06
1747818657.688 86.687 0.06870002 2.95420e-06
1747818657.698 86.771 0.06873633 3.69913e-06
1747818657.708 86.856 0.06879314 5.06584e-06
1747818657.718 86.940 0.06885924 6.98786e-06
1747818657.728 87.024 0.06892349 1.01701e-05
1747818657.738 87.108 0.06896167 1.50486e-05
1747818657.748 87.192 0.06902313 2.30209e-05
1747818657.758 87.275 0.06908551 2.75430e-05
1747818657.768 87.359 0.06913765 3.84772e-05
1747818657.778 87.443 0.06920749 3.49136e-05
1747818657.788 87.526 0.06927453 3.64082e-05
1747818657.798 87.610 0.06935554 3.60803e-05
1747818657.808 87.693 0.06941885 3.48906e-05
1747818657.818 87.777 0.06949242 3.30989e-05
1747818657.828 87.860 0.06954642 3.05387e-05
1747818657.838 87.943 0.06961067 2.61987e-05
1747818657.848 88.026 0.06969168 2.01309e-05
1747818657.858 88.109 0.06976990 1.05898e-05
1747818657.868 88.192 0.06984252 6.53715e-06
1747818657.878 88.275 0.06992167 3.16286e-06
1747818657.888 88.358 0.06999243 1.78400e-06
1747818657.898 88.440 0.07006879 1.47756e-06
1747818657.908 88.523 0.07014700 1.71850e-06
1747818657.918 88.605 0.07022056 2.44303e-06
1747818657.928 88.688 0.07029598 2.63603e-06
1747818657.938 88.770 0.07036303 3.39316e-06
1747818657.948 88.853 0.07042169 4.72341e-06
1747818657.958 88.935 0.07048687 6.20955e-06
1747818657.968 89.017 0.07057812 7.61757e-06
1747818657.978 89.099 0.07065074 7.91947e-06
1747818657.988 89.181 0.07072337 7.46746e-06
1747818657.998 89.263 0.07080718 7.08778e-06
1747818658.028 89.345 0.07099992 6.54841e-06
1747818658.038 89.427 0.07105765 3.74625e-06
1747818658.045 89.508 0.07111166 3.58118e-06
1747818658.052 89.590 0.07116753 1.88413e-06
1747818658.060 89.672 0.07123457 9.82132e-07
1747818658.068 89.753 0.07123457 5.45051e-07
1747818658.078 89.835 0.07131557 3.17323e-07
1747818658.088 89.916 0.07138727 1.35711e-07
1747818658.098 89.997 0.07143383 2.02759e-07
1747818658.108 90.078 0.07149435 1.62247e-07
1747818658.118 90.159 0.07152974 1.93319e-07
1747818658.128 90.241 0.07159026 1.79525e-07
1747818658.138 90.322 0.07167406 1.43017e-07
1747818658.148 90.402 0.07175694 1.76524e-07
1747818658.158 90.483 0.07179977 1.42383e-07
1747818658.168 90.564 0.07186029 1.64319e-07
1747818658.178 90.645 0.07189847 1.62692e-07
1747818658.188 90.725 0.07196085 2.26196e-07
1747818658.198 90.806 0.07203627 2.99259e-07
1747818658.208 90.886 0.07209401 3.04408e-07
1747818658.218 90.967 0.07212566 3.74932e-07
1747818658.228 91.047 0.07217874 3.94582e-07
1747818658.238 91.127 0.07222343 4.03585e-07
1747818658.248 91.208 0.07229792 5.80455e-07
1747818658.258 91.288 0.07235659 6.33044e-07
1747818658.268 91.368 0.07239476 8.10160e-07
1747818658.278 91.448 0.07247577 9.33369e-07
1747818658.288 91.528 0.07254468 9.81604e-07
1747818658.298 91.607 0.07260333 1.23603e-06
1747818658.308 91.687 0.07266852 1.34597e-06
1747818658.318 91.767 0.07272904 1.61194e-06
1747818658.328 91.846 0.07280818 1.81833e-06
1747818658.338 91.926 0.07289106 2.47393e-06
1747818658.348 92.006 0.07293854 2.79419e-06
1747818658.358 92.085 0.07300186 3.64103e-06
1747818658.368 92.164 0.07307635 5.04238e-06
1747818658.378 92.244 0.07316015 9.39467e-06
1747818658.388 92.323 0.07322720 1.55599e-05
1747818658.398 92.402 0.07329610 2.78449e-05
1747818658.408 92.481 0.07334545 3.82052e-05
1747818658.418 92.560 0.07342925 5.29020e-05
1747818658.428 92.639 0.07349257 7.74469e-05
1747818658.438 92.718 0.07358196 9.69235e-05
1747818658.448 92.797 0.07365738 1.32108e-04
1747818658.458 92.875 0.07371790 1.71748e-04
1747818658.468 92.954 0.07376260 2.07546e-04
1747818658.478 93.033 0.07384081 2.85740e-04
1747818658.488 93.111 0.07389016 3.35837e-04
1747818658.498 93.190 0.07394137 4.09631e-04
1747818658.508 93.268 0.07403914 5.13223e-04
1747818658.518 93.347 0.07410246 5.91522e-04
1747818658.528 93.425 0.07414157 6.08058e-04
1747818658.538 93.503 0.07422537 6.15440e-04
1747818658.587 93.581 0.07451868 5.12263e-04
1747818658.593 93.659 0.07459410 3.74005e-04
1747818658.598 93.737 0.07465369 3.36410e-04
1747818658.608 93.815 0.07465369 3.03655e-04
1747818658.618 93.893 0.07471235 2.27907e-04
1747818658.628 93.971 0.07476729 1.27172e-04
1747818658.638 94.049 0.07481198 9.17874e-05
1747818658.648 94.126 0.07488182 5.41021e-05
1747818658.658 94.204 0.07495258 2.72155e-05
1747818658.668 94.282 0.07502242 1.09433e-05
1747818658.678 94.359 0.07506339 6.66125e-06
1747818658.688 94.437 0.07511926 4.39371e-06
1747818658.698 94.514 0.07515930 2.95391e-06
1747818658.708 94.591 0.07520120 2.59786e-06
1747818658.718 94.669 0.07525148 1.81984e-06
1747818658.728 94.746 0.07531014 1.41376e-06
1747818658.738 94.823 0.07538091 1.03306e-06
1747818658.748 94.900 0.07541909 1.01747e-06
1747818658.758 94.977 0.07544143 8.30148e-07
1747818658.768 95.054 0.07549171 7.62277e-07
1747818658.778 95.131 0.07555224 7.72684e-07
1747818658.788 95.208 0.07558948 6.74252e-07
1747818658.798 95.284 0.07564070 8.13005e-07
1747818658.808 95.361 0.07568539 8.76586e-07
1747818658.818 95.438 0.07574592 9.66082e-07
1747818658.828 95.514 0.07580830 1.02981e-06
1747818658.838 95.591 0.07586231 1.06076e-06
1747818658.848 95.667 0.07591072 1.37895e-06
1747818658.858 95.744 0.07594424 1.45444e-06
1747818658.868 95.820 0.07601408 1.58296e-06
1747818658.878 95.896 0.07607181 1.90774e-06
1747818658.888 95.972 0.07615282 1.89815e-06
1747818658.898 96.049 0.07622359 2.77543e-06
1747818658.908 96.125 0.07625059 2.52908e-06
1747818658.918 96.201 0.07629156 2.64490e-06
1747818658.928 96.277 0.07637908 2.89684e-06
1747818658.938 96.352 0.07645358 2.86162e-06
1747818658.948 96.428 0.07653552 4.61565e-06
1747818658.958 96.504 0.07659418 2.60158e-06
1747818658.968 96.580 0.07665191 2.75384e-06
1747818658.978 96.656 0.07672268 2.63387e-06
1747818658.988 96.731 0.07679809 2.33310e-06
1747818658.998 96.807 0.07685210 2.10879e-06
1747818659.008 96.882 0.07692845 2.08093e-06
1747818659.018 96.958 0.07699550 1.59663e-06
1747818659.028 97.033 0.07704484 1.47212e-06
1747818659.038 97.108 0.07712492 1.13117e-06
1747818659.048 97.184 0.07718638 9.61080e-07
1747818659.058 97.259 0.07727298 8.16911e-07
1747818659.068 97.334 0.07733164 7.31457e-07
1747818659.078 97.409 0.07739495 6.73061e-07
1747818659.088 97.484 0.07744989 5.82700e-07
1747818659.142 97.559 0.07780279 5.78735e-07
1747818659.148 97.634 0.07786331 7.59303e-07
1747818659.158 97.709 0.07786331 7.65002e-07
1747818659.168 97.783 0.07793501 8.24261e-07
1747818659.178 97.858 0.07800391 8.79070e-07
1747818659.188 97.933 0.07807096 9.27043e-07
1747818659.198 98.007 0.07812217 1.08034e-06
1747818659.208 98.082 0.07817524 1.03396e-06
1747818659.218 98.157 0.07821156 1.13844e-06
1747818659.228 98.231 0.07825997 1.15271e-06
1747818659.238 98.305 0.07830933 1.37859e-06
1747818659.248 98.380 0.07837451 1.24759e-06
1747818659.258 98.454 0.07839313 1.22876e-06
1747818659.268 98.528 0.07843503 1.25184e-06
1747818659.278 98.602 0.07848345 1.29712e-06
1747818659.288 98.677 0.07853280 1.54831e-06
1747818659.298 98.751 0.07856166 1.37510e-06
1747818659.308 98.825 0.07860264 1.33776e-06
1747818659.318 98.899 0.07865757 1.39032e-06
1747818659.328 98.972 0.07868643 1.34959e-06
1747818659.338 99.046 0.07874882 1.38087e-06
1747818659.348 99.120 0.07879724 1.49549e-06
1747818659.358 99.194 0.07882238 1.50783e-06
1747818659.368 99.267 0.07886801 1.71808e-06
1747818659.378 99.341 0.07890525 1.93610e-06
1747818659.388 99.415 0.07894436 2.46359e-06
1747818659.398 99.488 0.07900861 2.67798e-06
1747818659.408 99.562 0.07905144 3.14180e-06
1747818659.418 99.635 0.07911010 3.76351e-06
1747818659.428 99.708 0.07917808 4.63033e-06
1747818659.437 99.782 0.07921532 5.31835e-06
1747818659.447 99.855 0.07926188 6.23684e-06
1747818659.457 99.928 0.07933823 7.28013e-06
1747818659.467 100.001 0.07939131 8.83132e-06
1747818659.477 100.074 0.07946859 9.75493e-06
1747818659.487 100.147 0.07953749 1.12098e-05
1747818659.497 100.220 0.07960081 1.24669e-05
1747818659.507 100.293 0.07964737 1.34980e-05
1747818659.517 100.366 0.07972745 1.45984e-05
1747818659.527 100.439 0.07980566 1.56606e-05
1747818659.537 100.512 0.07984756 1.69378e-05
1747818659.547 100.584 0.07991925 1.81465e-05
1747818659.557 100.657 0.07996954 1.92238e-05
1747818659.567 100.730 0.08003472 2.09107e-05
1747818659.577 100.802 0.08010828 2.16452e-05
1747818659.587 100.875 0.08019022 2.27000e-05
1747818659.597 100.947 0.08026471 2.37180e-05
1747818659.607 101.019 0.08032523 2.34127e-05
1747818659.617 101.092 0.08035689 2.34610e-05
1747818659.627 101.164 0.08044255 2.37926e-05
1747818659.637 101.236 0.08050401 2.22951e-05
1747818659.647 101.309 0.08056174 2.17858e-05
1747818659.695 101.381 0.08086622 1.50203e-05
1747818659.702 101.453 0.08089508 1.39902e-05
1747818659.710 101.525 0.08096678 1.31270e-05
1747818659.718 101.597 0.08096678 1.20710e-05
1747818659.727 101.669 0.08102079 1.11217e-05
1747818659.737 101.741 0.08107480 1.01967e-05
1747818659.747 101.812 0.08112973 9.36979e-06
1747818659.757 101.884 0.08118839 8.44208e-06
1747818659.767 101.956 0.08122844 7.78576e-06
1747818659.777 102.028 0.08127778 7.31072e-06
1747818659.787 102.099 0.08133644 6.59991e-06
1747818659.797 102.171 0.08139417 6.14496e-06
1747818659.807 102.242 0.08143701 5.38204e-06
1747818659.817 102.314 0.08146867 5.01229e-06
1747818659.827 102.385 0.08153943 4.45410e-06
1747818659.837 102.457 0.08158040 3.84640e-06
1747818659.847 102.528 0.08161299 3.55355e-06
1747818659.857 102.599 0.08163254 3.33929e-06
1747818659.867 102.670 0.08169307 2.68484e-06
1747818659.877 102.742 0.08172659 2.25362e-06
1747818659.887 102.813 0.08178432 2.10210e-06
1747818659.897 102.884 0.08180481 1.73632e-06
1747818659.907 102.955 0.08186812 1.40879e-06
1747818659.917 103.026 0.08190723 1.28162e-06
1747818659.927 103.097 0.08195099 9.68416e-07
1747818659.937 103.168 0.08198451 8.72592e-07
1747818659.947 103.239 0.08203387 8.53619e-07
1747818659.957 103.309 0.08210928 7.15481e-07
1747818659.967 103.380 0.08217167 6.11144e-07
1747818659.977 103.451 0.08222661 5.30010e-07
1747818659.987 103.521 0.08228993 5.18756e-07
1747818659.997 103.592 0.08232531 5.39392e-07
1747818660.007 103.663 0.08239514 4.30436e-07
1747818660.017 103.733 0.08246871 4.75592e-07
1747818660.027 103.803 0.08250874 4.59840e-07
1747818660.037 103.874 0.08256275 4.87314e-07
1747818660.047 103.944 0.08263351 5.62042e-07
1747818660.057 104.015 0.08268287 4.97266e-07
1747818660.067 104.085 0.08276015 5.69360e-07
1747818660.077 104.155 0.08283650 5.91542e-07
1747818660.087 104.225 0.08286443 6.50704e-07
1747818660.097 104.295 0.08293427 7.42440e-07
1747818660.107 104.365 0.08301528 7.23502e-07
1747818660.117 104.435 0.08307115 7.84423e-07
1747818660.127 104.505 0.08312516 8.03094e-07
1747818660.137 104.575 0.08319964 8.12852e-07
1747818660.147 104.645 0.08326855 9.19853e-07
1747818660.157 104.715 0.08333001 8.34858e-07
1747818660.167 104.785 0.08336911 9.06636e-07
1747818660.177 104.855 0.08341660 8.73079e-07
1747818660.187 104.924 0.08348643 9.14998e-07
1747818660.197 104.994 0.08355999 9.75376e-07
1747818660.245 105.064 0.08385702 9.30805e-07
1747818660.252 105.133 0.08391382 8.67305e-07
1747818660.266 105.203 0.08394548 9.17385e-07
1747818660.272 105.272 0.08400880 8.83845e-07
1747818660.278 105.341 0.08403953 9.27797e-07
1747818660.287 105.411 0.08403953 9.12126e-07
1747818660.297 105.480 0.08409539 1.05298e-06
1747818660.307 105.549 0.08414754 1.20652e-06
1747818660.317 105.619 0.08419223 1.87609e-06
1747818660.327 105.688 0.08424810 3.59710e-06
1747818660.337 105.757 0.08430024 4.50127e-06
1747818660.347 105.826 0.08435518 7.69833e-06
1747818660.357 105.895 0.08438032 1.04457e-05
1747818660.367 105.964 0.08441943 1.12315e-05
1747818660.377 106.033 0.08447064 1.91933e-05
1747818660.387 106.102 0.08452185 2.65742e-05
1747818660.397 106.171 0.08455072 2.82059e-05
1747818660.407 106.240 0.08460379 3.82243e-05
1747818660.417 106.309 0.08465500 4.66891e-05
1747818660.427 106.377 0.08469877 5.30868e-05
1747818660.437 106.446 0.08473415 6.05137e-05
1747818660.447 106.515 0.08478537 6.75082e-05
1747818660.457 106.583 0.08480399 7.91804e-05
1747818660.467 106.652 0.08483378 8.47593e-05
1747818660.477 106.720 0.08487383 9.12445e-05
1747818660.487 106.789 0.08494645 9.94616e-05
1747818660.497 106.857 0.08498276 1.05846e-04
1747818660.507 106.926 0.08503398 1.10407e-04
1747818660.517 106.994 0.08510288 1.15193e-04
1747818660.527 107.062 0.08517179 1.22559e-04
1747818660.537 107.131 0.08520159 1.28677e-04
1747818660.547 107.199 0.08525745 1.35175e-04
1747818660.557 107.267 0.08530121 1.39641e-04
1747818660.567 107.335 0.08536453 1.45211e-04
1747818660.577 107.403 0.08542413 1.51466e-04
1747818660.587 107.471 0.08547627 1.60859e-04
1747818660.597 107.539 0.08556007 1.71362e-04
1747818660.607 107.607 0.08562804 1.78037e-04
1747818660.617 107.675 0.08565039 1.86484e-04
1747818660.627 107.743 0.08572767 1.95602e-04
1747818660.637 107.811 0.08579937 1.98527e-04
1747818660.647 107.879 0.08583662 2.12140e-04
1747818660.657 107.946 0.08589714 2.09005e-04
1747818660.667 108.014 0.08597443 2.25082e-04
1747818660.677 108.082 0.08603402 2.10574e-04
1747818660.687 108.149 0.08611037 2.10890e-04
1747818660.697 108.217 0.08616624 2.03839e-04
1747818660.707 108.285 0.08623421 1.96633e-04
1747818660.717 108.352 0.08629846 1.83248e-04
1747818660.727 108.419 0.08632546 1.77476e-04
1747818660.737 108.487 0.08638226 1.59792e-04
1747818660.747 108.554 0.08646327 1.57313e-04
1747818660.777 108.622 0.08659083 1.34030e-04
1747818660.801 108.689 0.08674447 8.31808e-05
1747818660.808 108.756 0.08680220 7.78805e-05
1747818660.817 108.823 0.08680220 7.53080e-05
1747818660.827 108.890 0.08687483 6.96781e-05
1747818660.837 108.958 0.08691953 6.68975e-05
1747818660.847 109.025 0.08696887 6.42618e-05
1747818660.857 109.092 0.08701171 6.43730e-05
1747818660.867 109.159 0.08707875 6.06535e-05
1747818660.877 109.226 0.08711972 6.09541e-05
1747818660.887 109.293 0.08717745 5.59173e-05
1747818660.897 109.359 0.08722401 5.67162e-05
1747818660.907 109.426 0.08725753 5.76391e-05
1747818660.917 109.493 0.08731340 5.61638e-05
1747818660.927 109.560 0.08734692 5.41955e-05
1747818660.937 109.626 0.08737392 5.20233e-05
1747818660.947 109.693 0.08741582 5.02932e-05
1747818660.957 109.760 0.08745772 4.81996e-05
1747818660.967 109.826 0.08751917 4.67819e-05
1747818660.977 109.893 0.08755922 4.52232e-05
1747818660.987 109.959 0.08760111 4.20090e-05
1747818660.997 110.026 0.08764581 4.13422e-05
1747818661.007 110.092 0.08767374 3.84972e-05
1747818661.017 110.159 0.08772030 3.38986e-05
1747818661.027 110.225 0.08775755 3.19395e-05
1747818661.037 110.291 0.08779200 2.91833e-05
1747818661.047 110.358 0.08782924 2.63837e-05
1747818661.057 110.424 0.08788604 2.52368e-05
1747818661.067 110.490 0.08793632 2.19742e-05
1747818661.077 110.556 0.08799033 1.92288e-05
1747818661.087 110.622 0.08804620 1.64606e-05
1747818661.097 110.688 0.08808996 1.46425e-05
1747818661.107 110.754 0.08815328 1.27114e-05
1747818661.117 110.820 0.08820263 1.12040e-05
1747818661.127 110.886 0.08826594 9.98888e-06
1747818661.137 110.952 0.08832926 8.49904e-06
1747818661.147 111.018 0.08837582 7.17465e-06
1747818661.157 111.084 0.08841400 6.59042e-06
1747818661.167 111.150 0.08848662 5.93509e-06
1747818661.177 111.215 0.08852760 5.22681e-06
1747818661.187 111.281 0.08858812 4.62652e-06
1747818661.196 111.347 0.08865889 4.32751e-06
1747818661.207 111.412 0.08872592 3.87958e-06
1747818661.216 111.478 0.08879855 3.90339e-06
1747818661.226 111.544 0.08883952 3.41098e-06
1747818661.236 111.609 0.08888236 3.49726e-06
1747818661.247 111.675 0.08892146 2.86460e-06
1747818661.257 111.740 0.08900899 2.64854e-06
1747818661.267 111.805 0.08907976 2.46734e-06
1747818661.277 111.871 0.08912911 2.21036e-06
1747818661.287 111.936 0.08920081 2.08390e-06
1747818661.297 112.001 0.08924457 1.82984e-06
1747818661.334 112.067 0.08945500 1.51068e-06
1747818661.340 112.132 0.08950529 1.27537e-06
1747818661.347 112.197 0.08950529 1.42909e-06
1747818661.356 112.262 0.08955370 1.46484e-06
1747818661.366 112.327 0.08961609 1.30037e-06
1747818661.376 112.392 0.08965147 1.35629e-06
1747818661.386 112.457 0.08969989 1.21164e-06
1747818661.396 112.522 0.08974086 1.18071e-06
1747818661.406 112.587 0.08979859 1.14196e-06
1747818661.416 112.652 0.08985632 1.24685e-06
1747818661.426 112.717 0.08989636 1.17282e-06
1747818661.436 112.782 0.08994012 1.18916e-06
1747818661.446 112.847 0.08999879 1.31969e-06
1747818661.456 112.912 0.09005466 1.10313e-06
1747818661.466 112.976 0.09008073 1.26475e-06
1747818661.476 113.041 0.09011611 1.17087e-06
1747818661.486 113.106 0.09017197 1.23924e-06
1747818661.496 113.170 0.09019526 1.17782e-06
1747818661.506 113.235 0.09023157 1.06017e-06
1747818661.516 113.299 0.09028744 1.17579e-06
1747818661.526 113.364 0.09033027 1.14574e-06
1747818661.536 113.428 0.09035820 1.13782e-06
1747818661.546 113.493 0.09041500 1.17352e-06
1747818661.556 113.557 0.09045132 1.08224e-06
1747818661.566 113.622 0.09052022 1.19883e-06
1747818661.576 113.686 0.09056957 1.17294e-06
1747818661.586 113.750 0.09058540 1.19392e-06
1747818661.596 113.814 0.09064313 1.19592e-06
1747818661.606 113.879 0.09068782 1.18887e-06
1747818661.616 113.943 0.09075859 1.31268e-06
1747818661.626 114.007 0.09079956 1.33666e-06
1747818661.636 114.071 0.09084146 1.33446e-06
1747818661.646 114.135 0.09090012 1.30204e-06
1747818661.656 114.199 0.09093457 1.29154e-06
1747818661.666 114.263 0.09101372 1.38850e-06
1747818661.676 114.327 0.09107983 1.41897e-06
1747818661.686 114.391 0.09113477 1.43203e-06
1747818661.696 114.455 0.09117574 1.42643e-06
1747818661.706 114.519 0.09122602 1.34003e-06
1747818661.716 114.583 0.09128189 1.44539e-06
1747818661.726 114.646 0.09131914 1.34368e-06
1747818661.736 114.710 0.09140387 1.33437e-06
1747818661.746 114.774 0.09146160 1.27782e-06
1747818661.756 114.837 0.09151467 1.16167e-06
1747818661.766 114.901 0.09155750 1.20932e-06
1747818661.776 114.965 0.09160500 1.10054e-06
1747818661.786 115.028 0.09168135 1.06177e-06
1747818661.796 115.092 0.09171952 9.80443e-07
1747818661.806 115.155 0.09177260 8.43043e-07
1747818661.816 115.219 0.09183312 8.86377e-07
1747818661.826 115.282 0.09188620 7.78877e-07
1747818661.836 115.346 0.09194020 7.54602e-07
1747818661.887 115.409 0.09223351 5.80175e-07
1747818661.897 115.472 0.09223351 5.32775e-07
1747818661.907 115.536 0.09227355 4.23286e-07
1747818661.917 115.599 0.09231638 4.67941e-07
1747818661.926 115.662 0.09236666 4.22742e-07
1747818661.937 115.725 0.09241043 4.33970e-07
1747818661.946 115.788 0.09247653 4.69738e-07
1747818661.956 115.852 0.09251564 3.73539e-07
1747818661.966 115.915 0.09257989 4.58320e-07
1747818661.976 115.978 0.09262366 4.22689e-07
1747818661.986 116.041 0.09266555 4.49812e-07
1747818661.996 116.104 0.09271770 4.38301e-07
1747818662.006 116.167 0.09275122 3.80681e-07
1747818662.016 116.230 0.09278101 4.73858e-07
1747818662.026 116.292 0.09280709 4.42351e-07
1747818662.036 116.355 0.09284806 4.74897e-07
1747818662.046 116.418 0.09288996 4.57885e-07
1747818662.056 116.481 0.09292348 4.09694e-07
1747818662.066 116.544 0.09294862 5.09269e-07
1747818662.076 116.606 0.09299797 4.70750e-07
1747818662.086 116.669 0.09303708 5.00265e-07
1747818662.096 116.732 0.09306036 4.73826e-07
1747818662.106 116.794 0.09311343 4.17877e-07
1747818662.116 116.857 0.09312553 5.07497e-07
1747818662.126 116.919 0.09316278 4.77057e-07
1747818662.136 116.982 0.09320654 5.08727e-07
1747818662.146 117.044 0.09325776 4.98376e-07
1747818662.156 117.107 0.09329873 4.40122e-07
1747818662.166 117.169 0.09334435 5.22962e-07
1747818662.176 117.232 0.09340301 4.95960e-07
1747818662.186 117.294 0.09344584 5.48660e-07
1747818662.196 117.356 0.09349054 5.04107e-07
1747818662.206 117.419 0.09352499 4.71820e-07
1747818662.216 117.481 0.09360507 5.57031e-07
1747818662.226 117.543 0.09366559 5.02203e-07
1747818662.236 117.605 0.09370563 5.35250e-07
1747818662.246 117.667 0.09371960 5.38867e-07
1747818662.256 117.729 0.09379129 4.66263e-07
1747818662.266 117.792 0.09386858 5.48071e-07
1747818662.276 117.854 0.09392631 5.05206e-07
1747818662.286 117.916 0.09397752 5.14375e-07
1747818662.296 117.978 0.09402688 4.68843e-07
1747818662.306 118.040 0.09410416 4.19801e-07
1747818662.316 118.101 0.09417213 4.97429e-07
1747818662.326 118.163 0.09420658 4.65151e-07
1747818662.336 118.225 0.09426897 4.59460e-07
1747818662.346 118.287 0.09430808 4.25356e-07
1747818662.356 118.349 0.09436581 3.49815e-07
1747818662.366 118.411 0.09443285 4.36876e-07
1747818662.376 118.472 0.09448313 3.40710e-07
1747818662.386 118.534 0.09454086 3.54149e-07
1747818662.396 118.596 0.09459394 3.02174e-07
1747818662.440 118.657 0.09486024 2.75189e-07
1747818662.446 118.719 0.09489469 2.57117e-07
1747818662.456 118.780 0.09489469 1.75405e-07
1747818662.466 118.842 0.09492449 2.65073e-07
1747818662.476 118.903 0.09496453 2.14537e-07
1747818662.486 118.965 0.09501947 2.28602e-07
1747818662.499 119.026 0.09511909 2.32472e-07
1747818662.508 119.088 0.09516193 1.88085e-07
1747818662.516 119.149 0.09516193 2.08102e-07
1747818662.526 119.210 0.09520010 1.80737e-07
1747818662.536 119.272 0.09523548 1.98745e-07
1747818662.546 119.333 0.09526994 1.78293e-07
1747818662.556 119.394 0.09532860 1.33452e-07
1747818662.566 119.455 0.09537423 1.95332e-07
1747818662.576 119.517 0.09539471 1.76596e-07
1747818662.586 119.578 0.09543289 1.98678e-07
1747818662.596 119.639 0.09548596 1.95549e-07
1747818662.606 119.700 0.09549900 1.43160e-07
1747818662.617 119.761 0.09559025 1.96089e-07
1747818662.626 119.822 0.09559025 1.71614e-07
1747818662.636 119.883 0.09561818 1.90214e-07
1747818662.646 119.944 0.09567312 1.76327e-07
1747818662.656 120.005 0.09570105 1.68057e-07
1747818662.666 120.066 0.09571316 1.93244e-07
1747818662.676 120.127 0.09576530 1.82038e-07
1747818662.686 120.188 0.09580162 1.87689e-07
1747818662.696 120.248 0.09583700 1.72213e-07
1747818662.706 120.309 0.09591615 1.74273e-07
1747818662.716 120.370 0.09594687 2.01450e-07
1747818662.726 120.431 0.09599529 1.73562e-07
1747818662.736 120.491 0.09605768 1.92220e-07
1747818662.746 120.552 0.09609678 1.77153e-07
1747818662.756 120.613 0.09614521 1.87238e-07
1747818662.766 120.673 0.09619735 1.98706e-07
1747818662.776 120.734 0.09624111 1.84931e-07
1747818662.786 120.794 0.09627556 1.98064e-07
1747818662.797 120.855 0.09641989 2.10042e-07
1747818662.806 120.915 0.09646365 1.88385e-07
1747818662.816 120.976 0.09646365 2.17719e-07
1747818662.827 121.036 0.09657539 3.05806e-07
1747818662.836 121.097 0.09657539 2.85182e-07
1747818662.846 121.157 0.09662846 2.71778e-07
1747818662.856 121.217 0.09666571 3.01830e-07
1747818662.866 121.278 0.09672251 4.66093e-07
1747818662.876 121.338 0.09676720 4.51241e-07
1747818662.886 121.398 0.09682028 5.96996e-07
1747818662.896 121.458 0.09689011 7.19672e-07
1747818662.906 121.518 0.09693946 8.78046e-07
1747818662.916 121.579 0.09699719 1.12238e-06
1747818662.926 121.639 0.09705027 1.28083e-06
1747818662.936 121.699 0.09711079 1.48060e-06
1747818662.946 121.759 0.09713128 1.65375e-06
1747818662.993 121.819 0.09736685 2.67546e-06
1747818663.000 121.879 0.09740130 2.74515e-06
1747818663.007 121.939 0.09745345 2.92459e-06
1747818663.015 121.999 0.09745345 2.98577e-06
1747818663.025 122.059 0.09750652 3.21178e-06
1747818663.035 122.119 0.09754563 3.40297e-06
1747818663.045 122.178 0.09760429 3.50360e-06
1747818663.055 122.238 0.09763967 3.72714e-06
1747818663.065 122.298 0.09768065 3.93906e-06
1747818663.075 122.358 0.09773651 4.15558e-06
1747818663.085 122.418 0.09779704 4.20625e-06
1747818663.095 122.477 0.09780914 4.57243e-06
1747818663.105 122.537 0.09786501 4.97603e-06
1747818663.115 122.597 0.09790877 5.41338e-06
1747818663.125 122.656 0.09795905 5.32822e-06
1747818663.135 122.716 0.09799723 5.68503e-06
1747818663.145 122.775 0.09803541 6.66792e-06
1747818663.155 122.835 0.09806893 6.21350e-06
1747818663.165 122.894 0.09809965 6.47349e-06
1747818663.175 122.954 0.09812200 6.63075e-06
1747818663.185 123.013 0.09815459 6.88223e-06
1747818663.195 123.073 0.09819370 7.04310e-06
1747818663.205 123.132 0.09822815 7.36230e-06
1747818663.215 123.191 0.09825609 7.66697e-06
1747818663.225 123.251 0.09829612 7.71125e-06
1747818663.235 123.310 0.09834361 8.15230e-06
1747818663.245 123.369 0.09839296 8.31283e-06
1747818663.255 123.429 0.09840320 7.98458e-06
1747818663.265 123.488 0.09845442 8.35456e-06
1747818663.275 123.547 0.09852518 8.28156e-06
1747818663.285 123.606 0.09858012 8.35597e-06
1747818663.295 123.665 0.09862574 8.25864e-06
1747818663.305 123.724 0.09866020 7.98476e-06
1747818663.315 123.783 0.09872165 8.10848e-06
1747818663.325 123.842 0.09876634 7.92387e-06
1747818663.335 123.901 0.09882687 7.74012e-06
1747818663.345 123.960 0.09886505 7.47458e-06
1747818663.355 124.019 0.09890416 7.39560e-06
1747818663.365 124.078 0.09895257 6.85573e-06
1747818663.375 124.137 0.09901403 6.59519e-06
1747818663.385 124.196 0.09906524 6.22648e-06
1747818663.395 124.255 0.09911925 5.81010e-06
1747818663.405 124.314 0.09917698 5.52927e-06
1747818663.415 124.373 0.09922633 5.36582e-06
1747818663.425 124.431 0.09929244 4.77362e-06
1747818663.435 124.490 0.09933900 4.61477e-06
1747818663.445 124.549 0.09939393 4.31296e-06
1747818663.455 124.607 0.09945911 4.01867e-06
1747818663.465 124.666 0.09947494 3.82733e-06
1747818663.475 124.725 0.09952243 4.15992e-06
1747818663.485 124.783 0.09958202 3.27039e-06
1747818663.495 124.842 0.09963137 3.11333e-06
1747818663.540 124.900 0.09988464 2.34883e-06
1747818663.551 124.959 0.09990885 2.18625e-06
1747818663.571 125.018 0.10002338 2.01300e-06
1747818663.578 125.076 0.10006994 2.10302e-06
1747818663.586 125.134 0.10006994 1.88311e-06
1747818663.595 125.193 0.10008856 1.81670e-06
1747818663.606 125.251 0.10011556 1.82033e-06
1747818663.616 125.310 0.10018446 1.86104e-06
1747818663.625 125.368 0.10022544 1.91506e-06
1747818663.635 125.426 0.10025989 1.76685e-06
1747818663.645 125.484 0.10030179 1.71199e-06
1747818663.655 125.543 0.10036324 1.70550e-06
1747818663.665 125.601 0.10039955 1.66979e-06
1747818663.675 125.659 0.10042284 1.57195e-06
1747818663.685 125.717 0.10044239 1.60828e-06
1747818663.695 125.775 0.10048150 1.53003e-06
1747818663.705 125.834 0.10048895 1.59249e-06
1747818663.715 125.892 0.10051595 1.55169e-06
1747818663.725 125.950 0.10055785 1.39142e-06
1747818663.736 126.008 0.10058113 1.43153e-06
1747818663.746 126.066 0.10063047 1.37776e-06
1747818663.756 126.124 0.10065842 1.33198e-06
1747818663.765 126.182 0.10067704 1.39831e-06
1747818663.776 126.240 0.10072825 1.29291e-06
1747818663.786 126.297 0.10076829 1.25948e-06
1747818663.795 126.355 0.10081205 1.21057e-06
1747818663.806 126.413 0.10082787 1.20383e-06
1747818663.816 126.471 0.10087816 1.21001e-06
1747818663.826 126.529 0.10092099 1.12106e-06
1747818663.835 126.587 0.10095451 1.06052e-06
1747818663.845 126.644 0.10102435 1.05054e-06
1747818663.855 126.702 0.10106905 9.84841e-07
1747818663.865 126.760 0.10112584 9.96494e-07
1747818663.875 126.817 0.10116588 8.32365e-07
1747818663.885 126.875 0.10121523 8.52709e-07
1747818663.895 126.933 0.10125340 8.13613e-07
1747818663.905 126.990 0.10130649 7.49958e-07
1747818663.915 127.048 0.10136142 7.45037e-07
1747818663.925 127.105 0.10140518 6.16920e-07
1747818663.935 127.163 0.10146850 6.05810e-07
1747818663.945 127.220 0.10151505 5.68215e-07
1747818663.955 127.278 0.10157465 5.14148e-07
1747818663.965 127.335 0.10160817 5.27181e-07
1747818663.975 127.392 0.10165938 4.21717e-07
1747818663.985 127.450 0.10171245 4.42324e-07
1747818663.995 127.507 0.10177950 3.83584e-07
1747818664.005 127.565 0.10185026 3.93943e-07
1747818664.015 127.622 0.10188471 3.83550e-07
1747818664.025 127.679 0.10191544 3.06034e-07
1747818664.035 127.736 0.10196013 3.38286e-07
1747818664.045 127.794 0.10201508 3.08013e-07
1747818664.092 127.851 0.10227486 2.94442e-07
1747818664.099 127.908 0.10231304 2.74484e-07
1747818664.106 127.965 0.10235959 2.64624e-07
1747818664.115 128.022 0.10235959 3.10974e-07
1747818664.125 128.079 0.10237635 2.50298e-07
1747818664.135 128.136 0.10242012 2.74611e-07
1747818664.145 128.193 0.10248623 2.60236e-07
1747818664.155 128.250 0.10253185 2.61873e-07
1747818664.165 128.307 0.10256537 2.79090e-07
1747818664.175 128.364 0.10259610 2.20745e-07
1747818664.185 128.421 0.10262682 2.47105e-07
1747818664.195 128.478 0.10267618 2.32527e-07
1747818664.205 128.535 0.10273950 2.39724e-07
1747818664.215 128.592 0.10276371 2.48188e-07
1747818664.225 128.649 0.10279350 1.71062e-07
1747818664.235 128.706 0.10280281 2.22339e-07
1747818664.245 128.762 0.10287917 1.96039e-07
1747818664.255 128.819 0.10291921 2.06242e-07
1747818664.265 128.876 0.10294621 2.25917e-07
1747818664.275 128.933 0.10295738 1.57898e-07
1747818664.285 128.989 0.10299370 2.08843e-07
1747818664.295 129.046 0.10302349 1.97447e-07
1747818664.305 129.103 0.10305330 2.13793e-07
1747818664.315 129.159 0.10309426 2.43763e-07
1747818664.325 129.216 0.10313989 2.43411e-07
1747818664.335 129.272 0.10318179 3.33092e-07
1747818664.345 129.329 0.10320786 4.18001e-07
1747818664.355 129.385 0.10325441 5.87150e-07
1747818664.365 129.442 0.10331215 8.09640e-07
1747818664.375 129.498 0.10335312 9.63721e-07
1747818664.385 129.555 0.10337453 1.48146e-06
1747818664.395 129.611 0.10341271 1.84328e-06
1747818664.405 129.668 0.10347788 2.28168e-06
1747818664.415 129.724 0.10352817 3.10168e-06
1747818664.425 129.780 0.10357286 4.00650e-06
1747818664.435 129.837 0.10362221 5.18882e-06
1747818664.445 129.893 0.10367808 6.08821e-06
1747818664.455 129.949 0.10374513 7.34395e-06
1747818664.465 130.005 0.10377027 8.66790e-06
1747818664.475 130.062 0.10380844 1.06205e-05
1747818664.485 130.118 0.10385872 1.27605e-05
1747818664.495 130.174 0.10390341 1.44951e-05
1747818664.505 130.230 0.10396860 1.80613e-05
1747818664.515 130.286 0.10401329 1.86270e-05
1747818664.525 130.342 0.10405240 2.09292e-05
1747818664.535 130.398 0.10411012 2.24269e-05
1747818664.545 130.455 0.10415295 2.55908e-05
1747818664.555 130.511 0.10419579 2.70559e-05
1747818664.565 130.567 0.10426656 2.90112e-05
1747818664.575 130.623 0.10429915 3.11579e-05
1747818664.585 130.678 0.10434384 3.27557e-05
1747818664.595 130.734 0.10440251 3.47399e-05
1747818664.642 130.790 0.10462039 4.72582e-05
1747818664.648 130.846 0.10465950 5.66369e-05
1747818664.655 130.902 0.10465950 5.26106e-05
1747818664.665 130.958 0.10472468 5.55117e-05
1747818664.675 131.014 0.10475633 5.72024e-05
1747818664.685 131.070 0.10479637 6.13717e-05
1747818664.695 131.125 0.10484107 6.21000e-05
1747818664.705 131.181 0.10487925 6.76612e-05
1747818664.715 131.237 0.10492673 6.81228e-05
1747818664.725 131.292 0.10496491 7.15114e-05
1747818664.735 131.348 0.10499563 7.45287e-05
1747818664.745 131.404 0.10501984 7.43108e-05
1747818664.755 131.459 0.10507944 7.86856e-05
1747818664.765 131.515 0.10511575 7.84458e-05
1747818664.775 131.571 0.10513531 7.89481e-05
1747818664.784 131.626 0.10516417 8.18492e-05
1747818664.794 131.682 0.10520048 8.07723e-05
1747818664.804 131.737 0.10524424 8.04428e-05
1747818664.814 131.793 0.10528336 8.06167e-05
1747818664.824 131.848 0.10529640 7.99004e-05
1747818664.834 131.904 0.10534109 8.06729e-05
1747818664.844 131.959 0.10538299 8.04969e-05
1747818664.854 132.014 0.10541651 7.94039e-05
1747818664.864 132.070 0.10546679 7.71667e-05
1747818664.874 132.125 0.10549752 7.70878e-05
1747818664.884 132.180 0.10553570 7.59115e-05
1747818664.894 132.236 0.10557294 7.34863e-05
1747818664.904 132.291 0.10560739 7.20345e-05
1747818664.914 132.346 0.10564650 7.04884e-05
1747818664.924 132.401 0.10569305 6.76822e-05
1747818664.934 132.457 0.10574986 6.57147e-05
1747818664.944 132.512 0.10579548 6.30960e-05
1747818664.954 132.567 0.10584576 6.02403e-05
1747818664.964 132.622 0.10587183 5.78804e-05
1747818664.974 132.677 0.10591373 5.49572e-05
1747818664.984 132.732 0.10596961 5.27131e-05
1747818664.994 132.787 0.10600871 4.94227e-05
1747818665.004 132.842 0.10605154 4.77675e-05
1747818665.014 132.897 0.10611392 4.47076e-05
1747818665.024 132.952 0.10615396 4.11904e-05
1747818665.034 133.007 0.10621077 4.06300e-05
1747818665.044 133.062 0.10625174 3.74084e-05
1747818665.054 133.117 0.10629177 3.40016e-05
1747818665.064 133.172 0.10634764 3.39172e-05
1747818665.074 133.227 0.10640258 3.01995e-05
1747818665.084 133.282 0.10643890 2.88533e-05
1747818665.094 133.337 0.10647800 2.62731e-05
1747818665.104 133.392 0.10654597 2.44317e-05
1747818665.114 133.446 0.10657856 2.30107e-05
1747818665.124 133.501 0.10662233 2.13790e-05
1747818665.134 133.556 0.10666330 2.07319e-05
1747818665.144 133.611 0.10670985 1.92891e-05
1747818665.174 133.665 0.10683835 1.92531e-05
1747818665.198 133.720 0.10699292 1.63324e-05
1747818665.204 133.775 0.10699292 1.54260e-05
1747818665.214 133.829 0.10704319 1.46961e-05
1747818665.224 133.884 0.10706555 1.59118e-05
1747818665.234 133.938 0.10711862 1.42560e-05
1747818665.244 133.993 0.10716983 1.39902e-05
1747818665.254 134.048 0.10718101 1.30721e-05
1747818665.264 134.102 0.10724432 1.41874e-05
1747818665.274 134.157 0.10728623 1.32689e-05
1747818665.284 134.211 0.10731323 1.28751e-05
1747818665.294 134.266 0.10735885 1.27965e-05
1747818665.304 134.320 0.10738586 1.26314e-05
1747818665.314 134.374 0.10742217 1.18432e-05
1747818665.324 134.429 0.10748177 1.14961e-05
1747818665.334 134.483 0.10750784 1.32152e-05
1747818665.344 134.538 0.10753857 1.15794e-05
1747818665.354 134.592 0.10757767 1.09931e-05
1747818665.364 134.646 0.10761864 1.06934e-05
1747818665.374 134.700 0.10762795 1.06459e-05
1747818665.384 134.755 0.10766147 1.16827e-05
1747818665.394 134.809 0.10771641 9.65984e-06
1747818665.404 134.863 0.10775086 9.29545e-06
1747818665.414 134.917 0.10776018 9.33315e-06
1747818665.424 134.972 0.10778625 8.58458e-06
1747818665.434 135.026 0.10783280 8.65376e-06
1747818665.444 135.080 0.10787191 8.57567e-06
1747818665.454 135.134 0.10791661 7.89337e-06
1747818665.464 135.188 0.10795851 7.12902e-06
1747818665.474 135.242 0.10799110 6.87350e-06
1747818665.484 135.296 0.10804044 6.68984e-06
1747818665.494 135.350 0.10807117 6.13819e-06
1747818665.504 135.404 0.10811867 5.99181e-06
1747818665.514 135.458 0.10817919 5.75453e-06
1747818665.524 135.512 0.10822667 5.38795e-06
1747818665.534 135.566 0.10826299 4.51107e-06
1747818665.544 135.620 0.10829557 4.40414e-06
1747818665.554 135.674 0.10833747 4.07402e-06
1747818665.564 135.728 0.10839242 3.70228e-06
1747818665.574 135.782 0.10846132 3.22575e-06
1747818665.584 135.835 0.10851067 3.10722e-06
1747818665.594 135.889 0.10854884 2.91902e-06
1747818665.604 135.943 0.10858051 2.67255e-06
1747818665.614 135.997 0.10863079 2.36726e-06
1747818665.624 136.051 0.10868200 2.40836e-06
1747818665.634 136.104 0.10871458 2.17488e-06
1747818665.644 136.158 0.10875276 1.99657e-06
1747818665.654 136.212 0.10882912 1.96924e-06
1747818665.664 136.265 0.10886916 1.90857e-06
1747818665.674 136.319 0.10892409 1.77527e-06
1747818665.684 136.373 0.10896785 1.76776e-06
1747818665.694 136.426 0.10900416 1.68174e-06
1747818665.724 136.480 0.10917363 1.60574e-06
1747818665.735 136.533 0.10920901 1.36791e-06
1747818665.744 136.587 0.10920901 1.24450e-06
1747818665.754 136.640 0.10926396 1.28731e-06
1747818665.764 136.694 0.10930865 1.22735e-06
1747818665.774 136.747 0.10935707 1.19472e-06
1747818665.784 136.801 0.10939431 1.07913e-06
1747818665.794 136.854 0.10942318 1.12082e-06
1747818665.804 136.908 0.10946136 1.11244e-06
1747818665.814 136.961 0.10949022 1.07383e-06
1747818665.824 137.014 0.10952933 9.76193e-07
1747818665.834 137.068 0.10958799 9.71123e-07
1747818665.844 137.121 0.10961872 9.39653e-07
1747818665.854 137.174 0.10964013 9.23963e-07
1747818665.864 137.228 0.10969321 9.30169e-07
1747818665.874 137.281 0.10975001 8.85095e-07
1747818665.884 137.334 0.10977142 9.11324e-07
1747818665.894 137.387 0.10979284 8.68192e-07
1747818665.904 137.440 0.10983567 8.44232e-07
1747818665.914 137.494 0.10987850 8.00073e-07
1747818665.924 137.547 0.10990551 7.78864e-07
1747818665.934 137.600 0.10994555 8.38808e-07
1747818665.944 137.653 0.10997255 7.79708e-07
1747818665.954 137.706 0.11001352 7.78814e-07
1747818665.964 137.759 0.11007218 6.97162e-07
1747818665.974 137.812 0.11010290 7.58930e-07
1747818665.984 137.865 0.11013271 8.00331e-07
1747818665.994 137.918 0.11016437 7.21712e-07
1747818666.004 137.971 0.11021837 7.17038e-07
1747818666.014 138.024 0.11024909 7.00239e-07
1747818666.024 138.077 0.11030217 6.96149e-07
1747818666.034 138.130 0.11034408 7.34614e-07
1747818666.044 138.183 0.11037666 6.81847e-07
1747818666.054 138.236 0.11041484 6.77666e-07
1747818666.064 138.289 0.11044277 6.47860e-07
1747818666.074 138.342 0.11048374 6.43221e-07
1747818666.084 138.395 0.11051912 6.90843e-07
1747818666.094 138.447 0.11058710 6.24256e-07
1747818666.104 138.500 0.11064669 6.25143e-07
1747818666.114 138.553 0.11068300 6.10707e-07
1747818666.124 138.606 0.11071932 6.00635e-07
1747818666.134 138.658 0.11076587 6.60204e-07
1747818666.144 138.711 0.11084037 5.82675e-07
1747818666.154 138.764 0.11088878 5.92045e-07
1747818666.164 138.817 0.11092603 5.84359e-07
1747818666.174 138.869 0.11096979 5.89612e-07
1747818666.184 138.922 0.11100239 6.52929e-07
1747818666.194 138.974 0.11104522 5.52327e-07
1747818666.204 139.027 0.11110295 5.87102e-07
1747818666.214 139.080 0.11114950 5.68160e-07
1747818666.224 139.132 0.11118302 5.61560e-07
