1752127776.151 33.801 0.02789026 4.60958e-08
1752127776.161 33.936 0.02789026 1.59862e-08
1752127776.170 34.071 0.02789678 5.53048e-08
1752127776.219 34.205 0.02788840 -7.28470e-09
1752127776.269 34.338 0.02787444 -1.49420e-09
1752127776.319 34.471 0.02791541 -9.14230e-09
1752127776.369 34.603 0.02808301 -3.49020e-09
1752127776.419 34.735 0.02820685 -1.57460e-08
1752127776.469 34.867 0.02838935 -1.15574e-08
1752127776.520 34.997 0.02851878 -1.54980e-08
1752127776.572 35.128 0.02860538 2.53813e-08
1752127776.580 35.258 0.02860538 6.57725e-08
1752127776.630 35.387 0.02866963 6.67486e-08
1752127776.637 35.516 0.02870035 3.08100e-08
1752127776.643 35.645 0.02870035 9.16757e-08
1752127776.650 35.773 0.02870035 1.18598e-07
1752127776.680 35.900 0.02872363 7.51072e-08
1752127776.706 36.027 0.02878043 5.27272e-07
1752127776.713 36.154 0.02881861 7.66967e-07
1752127776.720 36.280 0.02881861 9.49027e-07
1752127776.730 36.406 0.02881861 1.23233e-06
1752127776.740 36.531 0.02885120 1.71223e-06
1752127776.750 36.656 0.02888099 2.58550e-06
1752127776.760 36.781 0.02890241 3.26885e-06
1752127776.770 36.905 0.02895828 4.31586e-06
1752127776.780 37.029 0.02897038 5.67757e-06
1752127776.790 37.152 0.02902439 7.07786e-06
1752127776.800 37.275 0.02906536 8.87187e-06
1752127776.810 37.397 0.02910819 9.50635e-06
1752127776.820 37.519 0.02917430 9.90113e-06
1752127776.830 37.641 0.02920968 9.65012e-06
1752127776.840 37.762 0.02928976 9.24005e-06
1752127776.850 37.883 0.02935773 7.66344e-06
1752127776.860 38.003 0.02943409 6.05996e-06
1752127776.870 38.124 0.02951323 4.50890e-06
1752127776.880 38.243 0.02956351 2.25584e-06
1752127776.890 38.363 0.02966408 5.75768e-07
1752127776.900 38.482 0.02974322 2.38370e-07
1752127776.910 38.600 0.02982330 4.09124e-08
1752127776.920 38.718 0.02993504 7.52924e-08
1752127776.968 38.836 0.03046392 4.33867e-08
1752127776.974 38.954 0.03055703 1.26416e-08
1752127776.980 39.071 0.03067343 5.69968e-08
1752127777.028 39.188 0.03107568 8.94314e-08
1752127777.035 39.304 0.03120790 1.63243e-08
1752127777.040 39.421 0.03130008 2.12571e-08
1752127777.050 39.536 0.03130008 5.27710e-08
1752127777.060 39.652 0.03138854 2.53631e-08
1752127777.070 39.767 0.03150027 8.99801e-08
1752127777.118 39.882 0.03187087 3.55992e-08
1752127777.168 39.996 0.03207758 3.53596e-08
1752127777.239 40.110 0.03232247 2.12348e-08
1752127777.247 40.224 0.03233643 4.47331e-08
1752127777.296 40.338 0.03246959 5.61612e-08
1752127777.302 40.451 0.03247424 -1.12726e-08
1752127777.351 40.564 0.03257853 3.42113e-08
1752127777.360 40.676 0.03257853 5.69290e-09
1752127777.370 40.788 0.03262881 7.87154e-08
1752127777.418 40.900 0.03271075 -4.15790e-09
1752127777.469 41.012 0.03282155 1.61700e-10
1752127777.519 41.123 0.03298171 -7.52260e-09
1752127777.569 41.234 0.03314745 -2.06500e-09
1752127777.619 41.345 0.03330947 -9.65200e-09
1752127777.669 41.456 0.03344448 -3.02040e-09
1752127777.719 41.566 0.03351897 -9.79600e-09
1752127777.798 41.676 0.03362792 6.26994e-08
1752127777.848 41.785 0.03369123 6.40204e-08
1752127777.899 41.894 0.03375455 6.60131e-08
1752127777.966 42.003 0.03387280 7.39767e-08
1752127777.973 42.112 0.03386349 9.44900e-09
1752127777.980 42.220 0.03388863 4.07394e-08
1752127778.046 42.329 0.03397057 5.70442e-08
1752127778.052 42.436 0.03398733 -1.58774e-08
1752127778.101 42.544 0.03408603 2.94566e-08
1752127778.151 42.651 0.03419591 2.04776e-08
1752127778.201 42.758 0.03434117 1.35423e-08
1752127778.251 42.865 0.03449853 1.04949e-08
1752127778.301 42.972 0.03460561 -4.31410e-09
1752127778.351 43.078 0.03470431 6.64407e-08
1752127778.400 43.184 0.03477880 7.03645e-08
1752127778.450 43.290 0.03486074 6.81645e-08
1752127778.500 43.395 0.03492219 6.43563e-08
1752127778.550 43.500 0.03498178 6.18472e-08
1752127778.600 43.605 0.03508235 5.75641e-08
1752127778.650 43.710 0.03516522 5.37476e-08
1752127778.700 43.815 0.03526206 5.00582e-08
1752127778.750 43.919 0.03534493 3.43978e-08
1752127778.800 44.023 0.03542128 2.93989e-08
1752127778.851 44.126 0.03550974 2.39950e-08
1752127778.938 44.230 0.03564941 1.93363e-08
1752127778.945 44.333 0.03565872 6.62840e-08
1752127778.951 44.436 0.03567082 -3.59430e-09
1752127779.000 44.539 0.03576114 4.20369e-08
1752127779.009 44.641 0.03576114 6.06970e-09
1752127779.019 44.744 0.03579280 7.02942e-08
1752127779.066 44.846 0.03586078 7.38892e-08
1752127779.073 44.948 0.03583750 5.71480e-09
1752127779.079 45.049 0.03587660 4.99655e-08
1752127779.127 45.151 0.03595575 7.44690e-08
1752127779.134 45.252 0.03600510 -1.12500e-09
1752127779.182 45.353 0.03617736 6.93595e-08
1752127779.232 45.453 0.03638687 7.02991e-08
1752127779.283 45.554 0.03659358 6.53252e-08
1752127779.333 45.654 0.03679843 6.40402e-08
1752127779.383 45.754 0.03689992 6.34812e-08
1752127779.433 45.854 0.03697069 6.28689e-08
1752127779.508 45.954 0.03700328 2.30947e-08
1752127779.515 46.053 0.03701724 6.41977e-08
1752127779.563 46.152 0.03705635 4.97260e-08
1752127779.613 46.251 0.03715692 4.30083e-08
1752127779.663 46.350 0.03722303 5.13698e-08
1752127779.713 46.448 0.03733849 4.63826e-08
1752127779.763 46.547 0.03743253 5.60920e-08
1752127779.813 46.645 0.03752378 4.96514e-08
1752127779.864 46.743 0.03761317 6.56206e-08
1752127779.914 46.840 0.03769790 5.99650e-08
1752127779.964 46.938 0.03776774 7.11295e-08
1752127780.044 47.035 0.03787389 6.57514e-08
1752127780.051 47.132 0.03786830 -5.99490e-09
1752127780.099 47.229 0.03796235 6.00452e-08
1752127780.149 47.326 0.03803218 4.26476e-08
1752127780.199 47.422 0.03810481 4.09639e-08
1752127780.250 47.519 0.03819327 3.65292e-08
1752127780.300 47.615 0.03826962 2.86351e-08
1752127780.350 47.711 0.03835901 2.29242e-08
1752127780.400 47.806 0.03845305 3.01500e-09
1752127780.450 47.902 0.03852196 1.20316e-08
1752127780.500 47.997 0.03859738 8.52970e-09
1752127780.580 48.092 0.03871936 4.95430e-08
1752127780.628 48.187 0.03877709 5.45757e-08
1752127780.635 48.282 0.03879199 -1.72195e-08
1752127780.683 48.377 0.03885624 -7.82290e-09
1752127780.733 48.471 0.03893631 -1.02840e-08
1752127780.784 48.565 0.03900522 -1.16758e-08
1752127780.834 48.659 0.03908902 -1.26550e-08
1752127780.884 48.753 0.03919051 -1.41906e-08
1752127780.934 48.847 0.03929759 -1.50582e-08
1752127780.984 48.940 0.03937581 -1.59071e-08
1752127781.034 49.034 0.03945495 -1.69401e-08
1752127781.109 49.127 0.03954714 -1.58689e-08
1752127781.160 49.220 0.03962069 6.55739e-08
1752127781.167 49.313 0.03962069 1.86992e-08
1752127781.215 49.405 0.03970170 6.51513e-08
1752127781.222 49.498 0.03969053 7.70980e-09
1752127781.228 49.590 0.03971288 4.80022e-08
1752127781.277 49.682 0.03974081 6.36811e-08
1752127781.283 49.774 0.03978085 -9.37940e-09
1752127781.332 49.866 0.03987490 7.52617e-08
1752127781.382 49.957 0.03999315 6.62298e-08
1752127781.432 50.049 0.04016355 6.00837e-08
1752127781.482 50.140 0.04032370 5.54414e-08
1752127781.532 50.231 0.04044009 5.07308e-08
1752127781.583 50.322 0.04053879 3.15262e-08
1752127781.651 50.413 0.04058070 -9.47480e-09
1752127781.701 50.504 0.04060490 -7.30350e-09
1752127781.754 50.594 0.04066543 3.18707e-08
1752127781.760 50.684 0.04069523 8.35537e-08
1752127781.767 50.774 0.04069523 3.65759e-08
1752127781.777 50.864 0.04069523 3.64545e-08
1752127781.787 50.954 0.04073247 5.54278e-08
1752127781.797 51.044 0.04072316 1.32888e-07
1752127781.807 51.133 0.04073340 1.12241e-07
1752127781.817 51.223 0.04076040 1.65098e-07
1752127781.827 51.312 0.04074178 1.48292e-07
1752127781.837 51.401 0.04078089 2.13326e-07
1752127781.847 51.490 0.04080137 2.71171e-07
1752127781.857 51.578 0.04081162 2.60655e-07
1752127781.867 51.667 0.04084048 3.36515e-07
1752127781.877 51.755 0.04084048 3.38096e-07
1752127781.887 51.844 0.04089170 3.42725e-07
1752127781.897 51.932 0.04090752 5.30387e-07
1752127781.907 52.020 0.04092242 5.64204e-07
1752127781.917 52.107 0.04095594 7.46328e-07
1752127781.927 52.195 0.04096805 8.34288e-07
1752127781.937 52.283 0.04103602 1.04440e-06
1752127781.947 52.370 0.04105930 1.37607e-06
1752127781.957 52.457 0.04111331 1.70298e-06
1752127781.967 52.544 0.04118873 2.28093e-06
1752127781.977 52.631 0.04121946 2.77985e-06
1752127781.987 52.718 0.04131257 3.77461e-06
1752127781.997 52.805 0.04137309 5.77033e-06
1752127782.007 52.891 0.04144665 7.53978e-06
1752127782.017 52.978 0.04154069 7.66588e-06
1752127782.027 53.064 0.04159470 7.17082e-06
1752127782.037 53.150 0.04169433 5.60928e-06
1752127782.047 53.236 0.04177720 3.40478e-06
1752127782.057 53.322 0.04186380 7.51520e-07
1752127782.067 53.407 0.04195598 3.64232e-07
1752127782.077 53.493 0.04202861 1.31723e-07
1752127782.087 53.578 0.04214221 2.69795e-08
1752127782.097 53.663 0.04221298 7.80834e-08
1752127782.188 53.749 0.04301934 1.25027e-08
1752127782.197 53.834 0.04301934 4.48614e-08
1752127782.245 53.918 0.04330799 4.64192e-08
1752127782.295 54.003 0.04348956 4.83068e-08
1752127782.300 54.088 0.04351470 1.73930e-09
1752127782.348 54.172 0.04356219 8.15535e-08
1752127782.357 54.257 0.04356219 4.32948e-08
1752127782.367 54.341 0.04358174 1.38097e-07
1752127782.377 54.425 0.04356033 1.19825e-07
1752127782.387 54.509 0.04357057 2.40126e-07
1752127782.397 54.593 0.04355939 3.05675e-07
1752127782.407 54.676 0.04356126 3.49627e-07
1752127782.417 54.760 0.04356777 4.53774e-07
1752127782.427 54.843 0.04356126 4.67121e-07
1752127782.437 54.926 0.04359571 4.82757e-07
1752127782.447 55.010 0.04358453 6.74053e-07
1752127782.457 55.093 0.04359664 6.57598e-07
1752127782.467 55.176 0.04363202 8.79774e-07
1752127782.477 55.258 0.04361247 8.97161e-07
1752127782.487 55.341 0.04365903 1.02419e-06
1752127782.497 55.424 0.04368882 1.22780e-06
1752127782.507 55.506 0.04370279 1.45203e-06
1752127782.517 55.588 0.04374003 1.77615e-06
1752127782.527 55.671 0.04375493 1.97660e-06
1752127782.537 55.753 0.04382104 2.54191e-06
1752127782.547 55.835 0.04387226 3.05099e-06
1752127782.557 55.916 0.04392719 4.20596e-06
1752127782.567 55.998 0.04398772 5.42733e-06
1752127782.577 56.080 0.04401286 6.84931e-06
1752127782.587 56.161 0.04409666 9.11472e-06
1752127782.597 56.242 0.04414135 1.11732e-05
1752127782.607 56.324 0.04422516 1.75886e-05
1752127782.617 56.405 0.04431455 3.06064e-05
1752127782.627 56.486 0.04438066 3.28238e-05
1752127782.637 56.567 0.04449705 3.20733e-05
1752127782.647 56.647 0.04455478 2.79468e-05
1752127782.656 56.728 0.04461064 2.08722e-05
1752127782.666 56.809 0.04470935 8.28452e-06
1752127782.676 56.889 0.04477266 2.41552e-06
1752127782.686 56.969 0.04487602 2.10999e-06
1752127782.696 57.049 0.04493468 2.43887e-06
1752127782.749 57.130 0.04542725 9.15409e-08
1752127782.757 57.210 0.04542725 1.06183e-07
1752127782.767 57.289 0.04554737 1.78797e-07
1752127782.776 57.369 0.04554737 2.22975e-07
1752127782.786 57.449 0.04565352 1.69141e-07
1752127782.796 57.528 0.04570659 2.50015e-07
1752127782.806 57.608 0.04576525 1.47441e-07
1752127782.816 57.687 0.04583602 1.63800e-07
1752127782.826 57.766 0.04586581 4.69108e-08
1752127782.836 57.845 0.04594124 3.07043e-08
1752127782.846 57.924 0.04599059 1.06816e-07
1752127782.856 58.003 0.04603063 5.20713e-08
1752127782.866 58.082 0.04608463 8.62442e-08
1752127782.876 58.161 0.04610512 2.16976e-08
1752127782.886 58.239 0.04616191 2.28912e-08
1752127782.896 58.318 0.04617774 9.85021e-08
1752127782.944 58.396 0.04635652 7.24684e-08
1752127782.951 58.474 0.04639749 1.42276e-08
1752127782.958 58.552 0.04645243 8.24043e-08
1752127782.967 58.630 0.04645243 9.60043e-08
1752127782.977 58.708 0.04646453 3.23941e-08
1752127782.987 58.786 0.04653344 1.02640e-09
1752127782.996 58.864 0.04657161 7.51867e-08
1752127783.044 58.941 0.04680440 9.17609e-08
1752127783.051 59.019 0.04686585 3.32838e-08
1752127783.058 59.096 0.04693289 1.13608e-07
1752127783.067 59.174 0.04693289 1.33316e-07
1752127783.076 59.251 0.04696921 1.11831e-07
1752127783.086 59.328 0.04704649 1.07407e-07
1752127783.096 59.405 0.04708374 2.02371e-07
1752127783.106 59.482 0.04712936 1.48975e-07
1752127783.116 59.559 0.04717871 3.03771e-07
1752127783.126 59.635 0.04723086 9.37610e-07
1752127783.136 59.712 0.04730721 2.96254e-06
1752127783.146 59.788 0.04733514 4.50419e-06
1752127783.156 59.865 0.04739194 6.56295e-06
1752127783.166 59.941 0.04746457 9.37228e-06
1752127783.176 60.017 0.04747854 1.31951e-05
1752127783.186 60.094 0.04753441 1.74738e-05
1752127783.196 60.170 0.04756141 2.58824e-05
1752127783.206 60.245 0.04762752 3.34244e-05
1752127783.216 60.321 0.04768153 4.73458e-05
1752127783.226 60.397 0.04771132 6.09247e-05
1752127783.236 60.473 0.04778954 8.76842e-05
1752127783.246 60.548 0.04781002 1.24137e-04
1752127783.256 60.624 0.04785565 1.77097e-04
1752127783.302 60.699 0.04813220 1.85732e-04
1752127783.310 60.774 0.04820762 1.42222e-04
1752127783.317 60.850 0.04824579 1.04778e-04
1752127783.326 60.925 0.04824579 6.22601e-05
1752127783.336 61.000 0.04831656 9.63647e-06
1752127783.346 61.075 0.04834543 3.25011e-06
1752127783.356 61.149 0.04843295 1.05406e-06
1752127783.366 61.224 0.04849999 8.09892e-07
1752127783.376 61.299 0.04855400 6.57778e-07
1752127783.386 61.373 0.04862849 5.98297e-07
1752127783.396 61.448 0.04868343 7.53617e-07
1752127783.406 61.522 0.04873929 8.78307e-07
1752127783.416 61.596 0.04879889 1.23083e-06
1752127783.426 61.670 0.04884265 1.61393e-06
1752127783.436 61.745 0.04890317 2.60529e-06
1752127783.446 61.819 0.04895066 3.43728e-06
1752127783.456 61.892 0.04900839 4.98333e-06
1752127783.466 61.966 0.04906892 7.59947e-06
1752127783.476 62.040 0.04910057 1.07196e-05
1752127783.486 62.114 0.04916482 1.45237e-05
1752127783.496 62.187 0.04920579 1.43320e-05
1752127783.506 62.261 0.04924397 1.40401e-05
1752127783.516 62.334 0.04930635 1.32737e-05
1752127783.526 62.407 0.04934174 1.11268e-05
1752127783.536 62.481 0.04940412 7.92933e-06
1752127783.546 62.554 0.04943857 5.17210e-06
1752127783.556 62.627 0.04948979 1.56501e-06
1752127783.566 62.700 0.04954379 4.97304e-07
1752127783.576 62.773 0.04956149 2.55637e-07
1752127783.586 62.845 0.04965087 1.72720e-07
1752127783.596 62.918 0.04970767 2.14071e-07
1752127783.606 62.991 0.04976820 1.18326e-07
1752127783.616 63.063 0.04983524 1.57557e-07
1752127783.626 63.136 0.04986783 1.10122e-07
1752127783.636 63.208 0.04994698 1.13686e-07
1752127783.646 63.280 0.04998794 1.72987e-07
1752127783.656 63.353 0.05005033 1.28410e-07
1752127783.666 63.425 0.05011551 1.94603e-07
1752127783.676 63.497 0.05016579 1.54301e-07
1752127783.686 63.569 0.05025052 1.83621e-07
1752127783.696 63.640 0.05028591 2.22285e-07
1752127783.706 63.712 0.05035667 1.63400e-07
1752127783.716 63.784 0.05043117 2.08378e-07
1752127783.726 63.856 0.05047679 1.95155e-07
1752127783.736 63.927 0.05056618 1.97342e-07
1752127783.746 63.999 0.05060250 3.62582e-07
1752127783.756 64.070 0.05066115 4.61858e-07
1752127783.766 64.141 0.05074403 7.29700e-07
1752127783.776 64.213 0.05078686 1.05658e-06
1752127783.786 64.284 0.05086042 1.59576e-06
1752127783.796 64.355 0.05090884 2.13554e-06
1752127783.806 64.426 0.05097774 2.05742e-06
1752127783.855 64.497 0.05129898 1.60351e-07
1752127783.864 64.568 0.05135299 1.49903e-07
1752127783.870 64.638 0.05136510 1.08826e-07
1752127783.876 64.709 0.05136510 1.51394e-07
1752127783.886 64.780 0.05145914 1.16241e-07
1752127783.896 64.850 0.05148335 2.09396e-07
1752127783.906 64.921 0.05155877 1.87024e-07
1752127783.916 64.991 0.05163233 2.15403e-07
1752127783.926 65.061 0.05165374 1.95144e-07
1752127783.936 65.132 0.05173382 1.70598e-07
1752127783.946 65.202 0.05176269 3.77365e-07
1752127783.956 65.272 0.05181390 7.98638e-07
1752127783.966 65.342 0.05185580 1.79080e-06
1752127783.976 65.412 0.05187163 3.45071e-06
1752127783.986 65.482 0.05193960 4.20457e-06
1752127783.996 65.551 0.05197778 6.65556e-06
1752127784.006 65.621 0.05203458 9.09562e-06
1752127784.016 65.691 0.05207369 1.29909e-05
1752127784.026 65.760 0.05208579 1.74522e-05
1752127784.036 65.830 0.05214259 2.58578e-05
1752127784.046 65.899 0.05217146 3.33686e-05
1752127784.056 65.968 0.05222267 4.78096e-05
1752127784.066 66.038 0.05226923 7.00599e-05
1752127784.076 66.107 0.05228505 9.17473e-05
1752127784.086 66.176 0.05235768 1.31499e-04
1752127784.096 66.245 0.05239493 1.85626e-04
1752127784.106 66.314 0.05243590 2.53067e-04
1752127784.116 66.383 0.05249922 3.09158e-04
1752127784.126 66.452 0.05254391 3.53530e-04
1752127784.136 66.521 0.05260164 3.46595e-04
1752127784.146 66.589 0.05264261 3.43507e-04
1752127784.156 66.658 0.05271896 3.08544e-04
1752127784.166 66.726 0.05277948 2.75700e-04
1752127784.176 66.795 0.05282232 2.03062e-04
1752127784.186 66.863 0.05289401 9.23979e-05
1752127784.196 66.932 0.05293126 3.55398e-05
1752127784.206 67.000 0.05300203 7.78009e-06
1752127784.216 67.068 0.05307745 3.90890e-06
1752127784.226 67.136 0.05311190 1.26381e-06
1752127784.236 67.204 0.05320315 3.61640e-07
1752127784.246 67.272 0.05325716 2.00654e-07
1752127784.256 67.340 0.05331396 1.06700e-07
1752127784.266 67.408 0.05336796 1.61896e-07
1752127784.276 67.476 0.05341452 1.14084e-07
1752127784.286 67.544 0.05351694 1.50506e-07
1752127784.296 67.611 0.05356537 2.49106e-07
1752127784.306 67.679 0.05362216 2.91867e-07
1752127784.316 67.746 0.05368548 3.95431e-07
1752127784.326 67.814 0.05372273 3.41977e-07
1752127784.336 67.881 0.05380094 3.24568e-07
1752127784.346 67.949 0.05385308 4.10631e-07
1752127784.356 68.016 0.05390802 3.81126e-07
1752127784.384 68.083 0.05409145 4.08487e-07
1752127784.409 68.150 0.05424044 4.74131e-07
1752127784.415 68.217 0.05424044 4.39945e-07
1752127784.425 68.284 0.05427209 4.17283e-07
1752127784.435 68.351 0.05435124 4.51423e-07
1752127784.446 68.418 0.05438104 5.59631e-07
1752127784.455 68.485 0.05443504 6.49202e-07
1752127784.465 68.551 0.05450488 8.15339e-07
1752127784.475 68.618 0.05453281 8.95062e-07
1752127784.485 68.685 0.05460823 1.11583e-06
1752127784.495 68.751 0.05463058 1.69026e-06
1752127784.505 68.818 0.05466876 2.51538e-06
1752127784.515 68.884 0.05472090 3.89007e-06
1752127784.525 68.950 0.05476280 5.44369e-06
1752127784.535 69.017 0.05483264 7.61356e-06
1752127784.545 69.083 0.05483078 1.08023e-05
1752127784.555 69.149 0.05487454 1.47433e-05
1752127784.565 69.215 0.05492389 1.84024e-05
1752127784.575 69.281 0.05495648 2.20803e-05
1752127784.585 69.347 0.05500118 2.27322e-05
1752127784.595 69.413 0.05503376 2.23113e-05
1752127784.605 69.479 0.05508125 2.16606e-05
1752127784.615 69.545 0.05513805 1.99406e-05
1752127784.625 69.610 0.05515667 1.86367e-05
1752127784.635 69.676 0.05521441 1.55716e-05
1752127784.645 69.741 0.05524886 1.29463e-05
1752127784.655 69.807 0.05529355 7.58301e-06
1752127784.665 69.872 0.05534290 3.81119e-06
1752127784.675 69.938 0.05537735 1.52659e-06
1752127784.685 70.003 0.05544905 8.95230e-07
1752127784.695 70.068 0.05549002 6.98707e-07
1752127784.705 70.134 0.05555333 5.26460e-07
1752127784.715 70.199 0.05560734 5.48523e-07
1752127784.725 70.264 0.05566134 6.07319e-07
1752127784.735 70.329 0.05573304 7.72070e-07
1752127784.745 70.394 0.05574980 1.05848e-06
1752127784.755 70.459 0.05581498 1.12715e-06
1752127784.765 70.524 0.05589041 1.24690e-06
1752127784.775 70.588 0.05593138 1.34961e-06
1752127784.785 70.653 0.05601425 1.55857e-06
1752127784.795 70.718 0.05605429 1.71336e-06
1752127784.805 70.783 0.05611388 1.55127e-06
1752127784.815 70.847 0.05618744 1.45659e-06
1752127784.825 70.912 0.05622189 1.19735e-06
1752127784.835 70.976 0.05629917 1.08553e-06
1752127784.845 71.040 0.05635039 9.81685e-07
1752127784.855 71.105 0.05640625 7.35083e-07
1752127784.865 71.169 0.05646678 5.05689e-07
1752127784.875 71.233 0.05649751 2.38074e-07
1752127784.885 71.297 0.05657200 1.73642e-07
1752127784.895 71.361 0.05661297 2.26745e-07
1752127784.905 71.425 0.05667815 1.55827e-07
1752127784.935 71.489 0.05684668 2.00130e-07
1752127784.945 71.553 0.05694166 2.07996e-07
1752127784.955 71.617 0.05694166 1.45289e-07
1752127784.965 71.681 0.05701149 1.85436e-07
1752127784.975 71.745 0.05703570 1.40046e-07
1752127784.985 71.808 0.05710833 1.28743e-07
1752127784.995 71.872 0.05714371 2.26203e-07
1752127785.005 71.936 0.05718561 1.89532e-07
1752127785.015 71.999 0.05724148 2.25602e-07
1752127785.025 72.063 0.05725824 3.36167e-07
1752127785.035 72.126 0.05732342 2.87680e-07
1752127785.045 72.189 0.05736253 4.06749e-07
1752127785.055 72.253 0.05740443 4.28426e-07
1752127785.065 72.316 0.05744820 5.52728e-07
1752127785.075 72.379 0.05748730 5.91601e-07
1752127785.085 72.442 0.05759438 6.69060e-07
1752127785.095 72.505 0.05759438 7.30713e-07
1752127785.105 72.568 0.05763256 7.15878e-07
1752127785.115 72.631 0.05766701 7.42031e-07
1752127785.125 72.694 0.05770426 6.70563e-07
1752127785.135 72.757 0.05776851 6.96627e-07
1752127785.145 72.820 0.05780296 7.52189e-07
1752127785.155 72.883 0.05784486 7.79033e-07
1752127785.165 72.945 0.05789141 7.87939e-07
1752127785.175 73.008 0.05791749 8.06983e-07
1752127785.186 73.071 0.05799850 1.05854e-06
1752127785.195 73.133 0.05799850 1.29900e-06
1752127785.205 73.196 0.05806088 1.66883e-06
1752127785.215 73.258 0.05810185 2.43991e-06
1752127785.225 73.321 0.05812699 2.89666e-06
1752127785.235 73.383 0.05820148 4.43218e-06
1752127785.245 73.445 0.05824990 6.41664e-06
1752127785.255 73.507 0.05830856 1.04902e-05
1752127785.265 73.569 0.05836257 1.87420e-05
1752127785.275 73.632 0.05840540 3.51112e-05
1752127785.285 73.694 0.05847151 4.82879e-05
1752127785.295 73.756 0.05851062 6.70720e-05
1752127785.305 73.818 0.05857114 1.04877e-04
1752127785.315 73.880 0.05862328 1.35044e-04
1752127785.325 73.941 0.05866239 2.07617e-04
1752127785.335 74.003 0.05874247 3.02270e-04
1752127785.345 74.065 0.05877413 3.65261e-04
1752127785.355 74.127 0.05883931 4.43760e-04
1752127785.365 74.188 0.05890169 4.78581e-04
1752127785.375 74.250 0.05893521 5.13393e-04
1752127785.385 74.311 0.05901622 5.02241e-04
1752127785.395 74.373 0.05904695 4.78367e-04
1752127785.405 74.434 0.05910934 4.18423e-04
1752127785.415 74.496 0.05917824 3.54145e-04
1752127785.425 74.557 0.05919780 2.85767e-04
1752127785.435 74.618 0.05925832 2.24195e-04
1752127785.445 74.680 0.05928532 1.50497e-04
1752127785.493 74.741 0.05954045 2.27973e-05
1752127785.521 74.802 0.05971178 2.01535e-06
1752127785.531 74.863 0.05976951 1.67674e-06
1752127785.537 74.924 0.05978627 1.45869e-06
1752127785.545 74.985 0.05978627 1.16284e-06
1752127785.555 75.046 0.05984772 9.37360e-07
1752127785.565 75.107 0.05989894 8.27669e-07
1752127785.575 75.168 0.05992873 5.40315e-07
1752127785.585 75.229 0.05999485 4.29059e-07
1752127785.595 75.289 0.06001626 4.54637e-07
1752127785.605 75.350 0.06005351 3.35846e-07
1752127785.615 75.411 0.06009541 3.64221e-07
1752127785.625 75.471 0.06011869 2.77412e-07
1752127785.635 75.532 0.06018573 2.52872e-07
1752127785.645 75.592 0.06019597 3.35296e-07
1752127785.655 75.653 0.06022391 2.90920e-07
1752127785.665 75.713 0.06024998 3.41686e-07
1752127785.675 75.774 0.06026487 3.02356e-07
1752127785.685 75.834 0.06032447 2.75955e-07
1752127785.695 75.894 0.06033564 4.11443e-07
1752127785.705 75.954 0.06035892 4.08241e-07
1752127785.715 76.014 0.06040827 4.79129e-07
1752127785.725 76.075 0.06041944 4.90767e-07
1752127785.735 76.135 0.06047065 5.31020e-07
1752127785.745 76.195 0.06049021 6.27488e-07
1752127785.755 76.255 0.06054422 6.85710e-07
1752127785.765 76.315 0.06058705 7.54407e-07
1752127785.775 76.374 0.06060567 7.61057e-07
1752127785.785 76.434 0.06065875 7.68772e-07
1752127785.795 76.494 0.06068482 8.76475e-07
1752127785.805 76.554 0.06074347 8.41716e-07
1752127785.815 76.614 0.06080307 8.88989e-07
1752127785.825 76.673 0.06083193 7.94837e-07
1752127785.835 76.733 0.06088874 7.36046e-07
1752127785.845 76.792 0.06092039 7.75286e-07
1752127785.855 76.852 0.06099209 6.53013e-07
1752127785.865 76.911 0.06106472 6.84822e-07
1752127785.875 76.971 0.06109079 5.68638e-07
1752127785.885 77.030 0.06116900 5.06444e-07
1752127785.895 77.089 0.06120905 5.28061e-07
1752127785.905 77.149 0.06127422 4.22450e-07
1752127785.915 77.208 0.06134127 4.44704e-07
1752127785.925 77.267 0.06136268 3.66428e-07
1752127785.935 77.326 0.06143717 3.63672e-07
1752127785.945 77.385 0.06149676 4.56560e-07
1752127785.955 77.444 0.06155636 4.37188e-07
1752127785.965 77.503 0.06161688 4.72121e-07
1752127785.975 77.562 0.06163178 4.64385e-07
1752127785.985 77.621 0.06170068 4.83641e-07
1752127785.995 77.680 0.06174817 5.74044e-07
1752127786.024 77.739 0.06191298 5.95016e-07
1752127786.048 77.798 0.06205824 7.98227e-07
1752127786.055 77.857 0.06205824 8.39642e-07
1752127786.065 77.915 0.06210666 9.31700e-07
1752127786.075 77.974 0.06211038 9.08954e-07
1752127786.085 78.033 0.06217650 9.82178e-07
1752127786.095 78.091 0.06221839 1.09059e-06
1752127786.105 78.150 0.06228637 1.08031e-06
1752127786.115 78.208 0.06233758 1.15038e-06
1752127786.125 78.267 0.06234037 1.06559e-06
1752127786.135 78.325 0.06241487 1.11110e-06
1752127786.145 78.383 0.06243907 1.16639e-06
1752127786.155 78.442 0.06248656 1.13692e-06
1752127786.165 78.500 0.06251729 1.16316e-06
1752127786.175 78.558 0.06253871 1.05298e-06
1752127786.185 78.616 0.06259550 1.06325e-06
1752127786.195 78.674 0.06261413 1.08264e-06
1752127786.204 78.732 0.06266348 1.03638e-06
1752127786.215 78.790 0.06269979 1.01419e-06
1752127786.224 78.848 0.06272214 9.49578e-07
1752127786.234 78.906 0.06277149 9.47344e-07
1752127786.244 78.964 0.06278918 1.09842e-06
1752127786.254 79.022 0.06281525 1.22355e-06
1752127786.264 79.080 0.06286088 1.51297e-06
1752127786.274 79.138 0.06287950 1.73436e-06
1752127786.284 79.196 0.06294934 2.06999e-06
1752127786.294 79.253 0.06297727 2.63356e-06
1752127786.304 79.311 0.06302103 3.21096e-06
1752127786.314 79.369 0.06307225 3.42149e-06
1752127786.324 79.426 0.06310018 4.29626e-06
1752127786.334 79.484 0.06316164 5.08887e-06
1752127786.344 79.541 0.06318491 6.08712e-06
1752127786.354 79.599 0.06325661 6.88938e-06
1752127786.364 79.656 0.06329292 7.42501e-06
1752127786.374 79.713 0.06331713 8.51156e-06
1752127786.384 79.771 0.06340373 9.26621e-06
1752127786.394 79.828 0.06342794 1.04188e-05
1752127786.404 79.885 0.06348660 1.14173e-05
1752127786.414 79.943 0.06354805 1.21403e-05
1752127786.424 80.000 0.06357785 1.25429e-05
1752127786.434 80.057 0.06364862 1.31555e-05
1752127786.444 80.114 0.06368865 1.38472e-05
1752127786.454 80.171 0.06374080 1.42508e-05
1752127786.464 80.228 0.06380225 1.42588e-05
1752127786.474 80.285 0.06384788 1.46530e-05
1752127786.484 80.342 0.06391585 1.46465e-05
1752127786.494 80.399 0.06395310 1.53651e-05
1752127786.504 80.456 0.06399593 1.46526e-05
1752127786.514 80.512 0.06405832 1.45212e-05
1752127786.524 80.569 0.06410394 1.34727e-05
1752127786.535 80.626 0.06418588 1.28867e-05
1752127786.544 80.683 0.06418588 1.17599e-05
1752127786.573 80.739 0.06433486 1.06650e-05
1752127786.584 80.796 0.06439911 6.35177e-06
1752127786.594 80.852 0.06439911 5.68562e-06
1752127786.604 80.909 0.06446522 4.40501e-06
1752127786.614 80.965 0.06452388 3.68536e-06
1752127786.624 81.022 0.06455833 2.96153e-06
1752127786.634 81.078 0.06461141 2.82066e-06
1752127786.644 81.135 0.06463562 2.46495e-06
1752127786.654 81.191 0.06469335 2.21997e-06
1752127786.664 81.247 0.06473898 2.04089e-06
1752127786.674 81.303 0.06476132 1.89186e-06
1752127786.684 81.360 0.06482371 1.69618e-06
1752127786.694 81.416 0.06486189 1.63022e-06
1752127786.704 81.472 0.06489075 1.43945e-06
1752127786.714 81.528 0.06493452 1.33202e-06
1752127786.724 81.584 0.06496059 1.18462e-06
1752127786.734 81.640 0.06502762 1.06585e-06
1752127786.744 81.696 0.06503415 1.05635e-06
1752127786.754 81.752 0.06506860 9.86240e-07
1752127786.764 81.808 0.06510119 8.92070e-07
1752127786.774 81.864 0.06513284 8.33759e-07
1752127786.784 81.920 0.06519430 7.28071e-07
1752127786.794 81.975 0.06523527 8.66062e-07
1752127786.804 82.031 0.06528276 8.04523e-07
1752127786.814 82.087 0.06531814 7.40833e-07
1752127786.824 82.143 0.06532931 7.26045e-07
1752127786.834 82.198 0.06540753 7.02459e-07
1752127786.844 82.254 0.06542150 8.37328e-07
1752127786.854 82.309 0.06547271 7.53437e-07
1752127786.864 82.365 0.06552765 8.27417e-07
1752127786.874 82.420 0.06554347 7.73728e-07
1752127786.884 82.476 0.06560214 8.39583e-07
1752127786.894 82.531 0.06564776 9.05069e-07
1752127786.904 82.587 0.06569805 8.88067e-07
1752127786.914 82.642 0.06575205 9.35633e-07
1752127786.924 82.697 0.06576695 9.21088e-07
1752127786.934 82.752 0.06582561 9.24794e-07
1752127786.944 82.808 0.06586379 1.07674e-06
1752127786.954 82.863 0.06591872 1.02731e-06
1752127786.964 82.918 0.06597645 1.11984e-06
1752127786.974 82.973 0.06600345 1.08435e-06
1752127786.984 83.028 0.06607702 1.16375e-06
1752127786.994 83.083 0.06610867 1.21017e-06
1752127787.004 83.138 0.06617013 1.18532e-06
1752127787.022 83.193 0.06626511 1.16997e-06
1752127787.028 83.248 0.06630887 1.22813e-06
1752127787.034 83.303 0.06630887 1.14908e-06
1752127787.044 83.358 0.06634611 1.19539e-06
1752127787.054 83.413 0.06640943 1.09452e-06
1752127787.064 83.468 0.06645598 1.09696e-06
1752127787.074 83.522 0.06649230 9.77620e-07
1752127787.084 83.577 0.06655375 9.54401e-07
1752127787.133 83.632 0.06676140 8.43296e-07
1752127787.140 83.686 0.06680330 8.07730e-07
1752127787.147 83.741 0.06686010 7.52953e-07
1752127787.154 83.796 0.06686010 7.37632e-07
1752127787.164 83.850 0.06690852 8.17348e-07
1752127787.174 83.905 0.06693645 8.26532e-07
1752127787.184 83.959 0.06697649 8.85026e-07
1752127787.194 84.014 0.06700070 1.29245e-06
1752127787.204 84.068 0.06704819 2.09620e-06
1752127787.214 84.122 0.06709474 4.10817e-06
1752127787.224 84.177 0.06712454 6.35243e-06
1752127787.234 84.231 0.06719065 1.09225e-05
1752127787.244 84.285 0.06720276 1.60074e-05
1752127787.254 84.339 0.06723721 2.23883e-05
1752127787.264 84.394 0.06729308 2.71541e-05
1752127787.274 84.448 0.06730332 3.34525e-05
1752127787.284 84.502 0.06734522 4.03508e-05
1752127787.294 84.556 0.06736105 4.65273e-05
1752127787.304 84.610 0.06740947 5.33021e-05
1752127787.314 84.664 0.06744578 6.04439e-05
1752127787.324 84.718 0.06745417 6.97217e-05
1752127787.334 84.772 0.06750444 7.83607e-05
1752127787.344 84.826 0.06750817 8.69861e-05
1752127787.354 84.880 0.06756310 9.53452e-05
1752127787.364 84.934 0.06761897 1.02576e-04
1752127787.374 84.987 0.06764039 1.10346e-04
1752127787.384 85.041 0.06770278 1.18437e-04
1752127787.394 85.095 0.06772233 1.24542e-04
1752127787.404 85.149 0.06778286 1.29619e-04
1752127787.414 85.202 0.06781079 1.33426e-04
1752127787.424 85.256 0.06783686 1.37595e-04
1752127787.434 85.309 0.06790390 1.40333e-04
1752127787.444 85.363 0.06793370 1.41689e-04
1752127787.454 85.417 0.06798118 1.44627e-04
1752127787.464 85.470 0.06803985 1.43938e-04
1752127787.474 85.524 0.06806592 1.47451e-04
1752127787.484 85.577 0.06812924 1.48042e-04
1752127787.494 85.630 0.06816741 1.50031e-04
1752127787.504 85.684 0.06821769 1.49186e-04
1752127787.514 85.737 0.06827542 1.51250e-04
1752127787.524 85.790 0.06830336 1.55690e-04
1752127787.534 85.844 0.06836668 1.57363e-04
1752127787.544 85.897 0.06839740 1.63857e-04
1752127787.554 85.950 0.06846351 1.61926e-04
1752127787.564 86.003 0.06851100 1.54947e-04
1752127787.574 86.056 0.06852497 1.62707e-04
1752127787.584 86.110 0.06860039 1.53740e-04
1752127787.594 86.163 0.06863391 1.56802e-04
1752127787.604 86.216 0.06868792 1.42500e-04
1752127787.614 86.269 0.06873820 1.39818e-04
1752127787.624 86.322 0.06876427 1.27292e-04
1752127787.634 86.375 0.06882945 1.22281e-04
1752127787.665 86.428 0.06897563 1.08382e-04
1752127787.689 86.480 0.06905664 7.05079e-05
1752127787.695 86.533 0.06912834 6.68394e-05
1752127787.704 86.586 0.06912834 6.29215e-05
1752127787.714 86.639 0.06917024 5.34001e-05
1752127787.724 86.692 0.06919352 4.81433e-05
1752127787.734 86.744 0.06923542 4.33727e-05
1752127787.744 86.797 0.06926056 3.79576e-05
1752127787.754 86.850 0.06931364 3.53499e-05
1752127787.764 86.902 0.06936392 3.14851e-05
1752127787.774 86.955 0.06937882 2.99460e-05
1752127787.784 87.007 0.06943934 2.70377e-05
1752127787.794 87.060 0.06946821 2.67713e-05
1752127787.804 87.112 0.06950545 2.32690e-05
1752127787.814 87.165 0.06952966 2.23980e-05
1752127787.824 87.217 0.06954642 2.01811e-05
1752127787.834 87.270 0.06960788 1.88950e-05
1752127787.844 87.322 0.06962091 1.70852e-05
1752127787.854 87.374 0.06965816 1.61415e-05
1752127787.864 87.427 0.06969727 1.55644e-05
1752127787.874 87.479 0.06971682 1.38072e-05
1752127787.884 87.531 0.06975872 1.35628e-05
1752127787.894 87.584 0.06977828 1.26225e-05
1752127787.904 87.636 0.06981645 1.18516e-05
1752127787.914 87.688 0.06987139 1.15465e-05
1752127787.924 87.740 0.06987511 1.09406e-05
1752127787.934 87.792 0.06994681 1.06955e-05
1752127787.944 87.844 0.06995891 1.02636e-05
1752127787.954 87.896 0.06999989 1.01561e-05
1752127787.964 87.948 0.07005854 1.00981e-05
1752127787.974 88.000 0.07007251 9.58337e-06
1752127787.984 88.052 0.07011721 8.95262e-06
1752127787.994 88.104 0.07014514 9.00509e-06
1752127788.004 88.156 0.07019356 8.84494e-06
1752127788.013 88.208 0.07024570 8.45039e-06
1752127788.023 88.259 0.07028760 8.19765e-06
1752127788.034 88.311 0.07035930 7.67615e-06
1752127788.043 88.363 0.07036396 7.54168e-06
1752127788.053 88.415 0.07042913 7.06885e-06
1752127788.063 88.466 0.07048221 7.00301e-06
1752127788.073 88.518 0.07050549 6.43699e-06
1752127788.083 88.570 0.07057719 6.39561e-06
1752127788.093 88.621 0.07061071 5.95836e-06
1752127788.103 88.673 0.07066378 5.73330e-06
1752127788.113 88.724 0.07070662 5.07048e-06
1752127788.123 88.776 0.07073827 5.26396e-06
1752127788.133 88.827 0.07080904 4.58020e-06
1752127788.143 88.879 0.07084349 4.82577e-06
1752127788.153 88.930 0.07088726 4.31944e-06
1752127788.163 88.982 0.07093474 4.23901e-06
1752127788.173 89.033 0.07096361 3.83906e-06
1752127788.183 89.084 0.07102506 3.16401e-06
1752127788.214 89.136 0.07117684 3.48955e-06
1752127788.224 89.187 0.07124109 2.66473e-06
1752127788.233 89.238 0.07124109 2.75398e-06
1752127788.243 89.289 0.07125133 2.32095e-06
1752127788.253 89.341 0.07129788 2.53186e-06
1752127788.263 89.392 0.07135841 2.16289e-06
1752127788.273 89.443 0.07138169 2.07291e-06
1752127788.283 89.494 0.07143942 2.18946e-06
1752127788.293 89.545 0.07145618 1.94835e-06
1752127788.303 89.596 0.07151484 1.75519e-06
1752127788.313 89.647 0.07154464 2.04775e-06
1752127788.323 89.698 0.07156326 1.99357e-06
1752127788.333 89.749 0.07163495 1.95569e-06
1752127788.343 89.800 0.07164333 2.03167e-06
1752127788.353 89.851 0.07167593 1.93709e-06
1752127788.363 89.902 0.07172341 1.99985e-06
1752127788.373 89.953 0.07174390 1.92238e-06
1752127788.383 90.003 0.07180163 1.84389e-06
1752127788.393 90.054 0.07182677 1.98759e-06
1752127788.403 90.105 0.07184725 1.93173e-06
1752127788.413 90.156 0.07188729 1.93698e-06
1752127788.423 90.206 0.07191988 1.84389e-06
1752127788.433 90.257 0.07194968 1.82568e-06
1752127788.443 90.308 0.07197389 1.90343e-06
1752127788.453 90.358 0.07203534 1.73331e-06
1752127788.463 90.409 0.07206979 1.84666e-06
1752127788.473 90.459 0.07207910 1.73243e-06
1752127788.483 90.510 0.07214429 1.77833e-06
1752127788.493 90.560 0.07216943 1.75229e-06
1752127788.503 90.611 0.07221040 1.71658e-06
1752127788.513 90.661 0.07225882 1.67667e-06
1752127788.523 90.712 0.07227744 1.58947e-06
1752127788.533 90.762 0.07232865 1.64208e-06
1752127788.543 90.812 0.07236590 1.69040e-06
1752127788.553 90.863 0.07242455 1.60078e-06
1752127788.563 90.913 0.07246273 1.52633e-06
1752127788.573 90.963 0.07250650 1.53614e-06
1752127788.583 91.014 0.07257447 1.49289e-06
1752127788.593 91.064 0.07257540 1.56253e-06
1752127788.603 91.114 0.07263685 1.38306e-06
1752127788.613 91.164 0.07269645 1.44348e-06
1752127788.623 91.214 0.07271786 1.32223e-06
1752127788.633 91.264 0.07276535 1.34558e-06
1752127788.643 91.314 0.07279794 1.26079e-06
1752127788.653 91.365 0.07285474 1.17826e-06
1752127788.663 91.415 0.07290037 1.19860e-06
1752127788.673 91.465 0.07293109 1.07847e-06
1752127788.683 91.515 0.07298976 1.06622e-06
1752127788.693 91.564 0.07301955 1.06307e-06
1752127788.703 91.614 0.07306518 9.79835e-07
1752127788.713 91.664 0.07309591 9.51795e-07
1752127788.723 91.714 0.07313129 8.77037e-07
1752127788.774 91.764 0.07339014 7.34433e-07
1752127788.783 91.814 0.07339014 6.35983e-07
1752127788.793 91.864 0.07340690 6.93135e-07
1752127788.803 91.913 0.07345160 6.00538e-07
1752127788.813 91.963 0.07350467 6.13273e-07
1752127788.823 92.013 0.07353633 5.45415e-07
1752127788.833 92.062 0.07357544 5.47194e-07
1752127788.843 92.112 0.07360430 5.71973e-07
1752127788.853 92.162 0.07365738 5.01872e-07
1752127788.863 92.211 0.07370021 5.21870e-07
1752127788.873 92.261 0.07373374 4.78859e-07
1752127788.883 92.310 0.07377191 4.77955e-07
1752127788.893 92.360 0.07376074 5.26400e-07
1752127788.903 92.409 0.07380915 4.73439e-07
1752127788.913 92.459 0.07385292 4.97039e-07
1752127788.923 92.508 0.07386875 4.52815e-07
1752127788.933 92.558 0.07391437 4.79533e-07
1752127788.943 92.607 0.07391623 5.30400e-07
1752127788.953 92.656 0.07394789 4.76017e-07
1752127788.963 92.706 0.07398421 5.11864e-07
1752127788.973 92.755 0.07400469 4.78248e-07
1752127788.983 92.804 0.07405311 4.89964e-07
1752127788.993 92.854 0.07405870 5.42985e-07
1752127789.003 92.903 0.07410339 4.90507e-07
1752127789.013 92.952 0.07414902 5.26074e-07
1752127789.023 93.001 0.07416112 4.91508e-07
1752127789.033 93.050 0.07420861 5.07065e-07
1752127789.043 93.099 0.07421699 5.60704e-07
1752127789.053 93.148 0.07426262 4.98694e-07
1752127789.063 93.198 0.07429335 5.32715e-07
1752127789.073 93.247 0.07432593 4.97111e-07
1752127789.083 93.296 0.07437714 4.79015e-07
1752127789.093 93.345 0.07439018 5.63667e-07
1752127789.103 93.394 0.07445164 5.01446e-07
1752127789.113 93.443 0.07449074 5.44045e-07
1752127789.123 93.491 0.07452706 4.97233e-07
1752127789.133 93.540 0.07459317 5.04500e-07
1752127789.143 93.589 0.07461458 5.51552e-07
1752127789.153 93.638 0.07467232 5.03954e-07
1752127789.163 93.687 0.07471701 5.31776e-07
1752127789.173 93.736 0.07474774 4.93081e-07
1752127789.183 93.784 0.07481198 4.83958e-07
1752127789.193 93.833 0.07483526 5.36491e-07
1752127789.203 93.882 0.07489858 4.54510e-07
1752127789.213 93.930 0.07494234 5.00963e-07
1752127789.223 93.979 0.07497401 4.19067e-07
1752127789.233 94.028 0.07503080 4.14469e-07
1752127789.243 94.076 0.07503359 4.55291e-07
1752127789.253 94.125 0.07509133 3.56779e-07
1752127789.263 94.174 0.07514068 4.17179e-07
1752127789.273 94.222 0.07517048 3.39135e-07
1752127789.283 94.271 0.07523379 3.51665e-07
1752127789.327 94.319 0.07542467 3.62582e-07
1752127789.334 94.367 0.07545354 2.83084e-07
1752127789.343 94.416 0.07545354 3.27144e-07
1752127789.353 94.464 0.07551313 2.83135e-07
1752127789.363 94.513 0.07553827 3.07171e-07
1752127789.373 94.561 0.07556527 2.63400e-07
1752127789.383 94.609 0.07562208 2.68587e-07
1752127789.393 94.658 0.07564815 3.21310e-07
1752127789.403 94.706 0.07568353 2.56545e-07
1752127789.413 94.754 0.07570215 3.03247e-07
1752127789.423 94.803 0.07573660 2.34274e-07
1752127789.433 94.851 0.07579433 2.50387e-07
1752127789.443 94.899 0.07580085 3.10929e-07
1752127789.453 94.947 0.07583064 2.49618e-07
1752127789.463 94.995 0.07589117 2.70570e-07
1752127789.473 95.043 0.07589862 2.34429e-07
1752127789.483 95.091 0.07593400 2.59051e-07
1752127789.493 95.139 0.07595077 3.16567e-07
1752127789.503 95.188 0.07599918 2.62665e-07
1752127789.513 95.236 0.07604294 2.83484e-07
1752127789.523 95.284 0.07603922 2.47539e-07
1752127789.533 95.331 0.07608671 2.64581e-07
1752127789.543 95.379 0.07611185 3.28414e-07
1752127789.553 95.427 0.07613513 2.73743e-07
1752127789.563 95.475 0.07617051 3.09735e-07
1752127789.573 95.523 0.07620589 2.67581e-07
1752127789.583 95.571 0.07625804 2.98221e-07
1752127789.593 95.619 0.07626083 3.55653e-07
1752127789.603 95.667 0.07630460 3.07217e-07
1752127789.613 95.714 0.07634463 3.33388e-07
1752127789.623 95.762 0.07636325 2.86497e-07
1752127789.633 95.810 0.07643775 3.25809e-07
1752127789.643 95.858 0.07645637 3.69772e-07
1752127789.653 95.905 0.07649361 3.28581e-07
1752127789.663 95.953 0.07654203 3.57678e-07
1752127789.673 96.001 0.07657090 3.30266e-07
1752127789.683 96.048 0.07663049 3.58319e-07
1752127789.693 96.096 0.07665656 4.25555e-07
1752127789.703 96.143 0.07670591 3.81036e-07
1752127789.713 96.191 0.07677295 4.34922e-07
1752127789.723 96.238 0.07677761 4.00871e-07
1752127789.732 96.286 0.07684279 4.74286e-07
1752127789.742 96.333 0.07686793 5.70347e-07
1752127789.752 96.381 0.07691076 5.85305e-07
1752127789.762 96.428 0.07695360 6.70878e-07
1752127789.772 96.476 0.07699829 7.21670e-07
1752127789.782 96.523 0.07705788 8.37205e-07
1752127789.793 96.570 0.07707464 1.01334e-06
1752127789.802 96.618 0.07713051 1.07431e-06
1752127789.812 96.665 0.07715472 1.27010e-06
1752127789.858 96.712 0.07736795 1.72071e-06
1752127789.868 96.759 0.07738191 2.29891e-06
1752127789.873 96.807 0.07744896 2.45523e-06
1752127789.882 96.854 0.07744896 2.47839e-06
1752127789.892 96.901 0.07746758 2.65726e-06
1752127789.902 96.948 0.07751693 2.70758e-06
1752127789.912 96.995 0.07756162 2.91677e-06
1752127789.922 97.043 0.07757094 3.12240e-06
1752127789.932 97.090 0.07761377 3.23538e-06
1752127789.942 97.137 0.07764263 3.42602e-06
1752127789.952 97.184 0.07768453 3.42396e-06
1752127789.962 97.231 0.07771713 3.69450e-06
1752127789.972 97.278 0.07773854 3.76324e-06
1752127789.982 97.325 0.07779255 3.97506e-06
1752127789.992 97.372 0.07780744 4.31168e-06
1752127790.002 97.419 0.07784283 4.38112e-06
1752127790.012 97.466 0.07786890 4.65572e-06
1752127790.022 97.512 0.07789218 4.85101e-06
1752127790.032 97.559 0.07795270 4.97078e-06
1752127790.042 97.606 0.07795643 5.41243e-06
1752127790.052 97.653 0.07799460 5.30037e-06
1752127790.062 97.700 0.07802067 5.66413e-06
1752127790.072 97.747 0.07802719 5.61272e-06
1752127790.082 97.793 0.07806630 5.97383e-06
1752127790.092 97.840 0.07808120 6.07164e-06
1752127790.102 97.887 0.07812217 6.20593e-06
1752127790.112 97.934 0.07817059 6.23808e-06
1752127790.122 97.980 0.07818549 6.30855e-06
1752127790.132 98.027 0.07823670 6.37096e-06
1752127790.142 98.073 0.07825997 6.43579e-06
1752127790.152 98.120 0.07829908 6.34972e-06
1752127790.162 98.167 0.07833912 6.26288e-06
1752127790.172 98.213 0.07836892 6.10942e-06
1752127790.182 98.260 0.07842013 5.97038e-06
1752127790.192 98.306 0.07842479 5.85777e-06
1752127790.202 98.353 0.07849742 5.52298e-06
1752127790.212 98.399 0.07853745 5.32553e-06
1752127790.222 98.446 0.07855235 5.05889e-06
1752127790.232 98.492 0.07861660 4.89325e-06
1752127790.242 98.539 0.07863243 4.82692e-06
1752127790.252 98.585 0.07868550 4.44860e-06
1752127790.262 98.631 0.07873206 4.38790e-06
1752127790.272 98.678 0.07876558 4.09876e-06
1752127790.282 98.724 0.07883076 3.95585e-06
1752127790.292 98.770 0.07886521 3.85676e-06
1752127790.302 98.816 0.07890153 3.65157e-06
1752127790.312 98.863 0.07895553 3.57332e-06
1752127790.322 98.909 0.07898067 3.42420e-06
1752127790.332 98.955 0.07902630 3.38675e-06
1752127790.342 99.001 0.07903934 3.32179e-06
1752127790.352 99.048 0.07909334 3.19198e-06
1752127790.362 99.094 0.07914363 3.15138e-06
1752127790.408 99.140 0.07932333 3.02133e-06
1752127790.414 99.186 0.07933544 2.83960e-06
1752127790.422 99.232 0.07933544 3.04050e-06
1752127790.432 99.278 0.07941272 2.82802e-06
1752127790.442 99.324 0.07943693 2.93321e-06
1752127790.452 99.370 0.07946766 2.68461e-06
1752127790.462 99.416 0.07950304 2.42964e-06
1752127790.472 99.462 0.07951887 2.49021e-06
1752127790.482 99.508 0.07957380 2.21966e-06
1752127790.492 99.554 0.07960360 2.36899e-06
1752127790.502 99.600 0.07965202 2.06725e-06
1752127790.512 99.646 0.07968927 2.12684e-06
1752127790.522 99.692 0.07969858 1.85235e-06
1752127790.532 99.737 0.07975538 1.89493e-06
1752127790.542 99.783 0.07977214 1.75883e-06
1752127790.552 99.829 0.07980193 1.55703e-06
1752127790.562 99.875 0.07983359 1.50650e-06
1752127790.572 99.921 0.07983639 1.27497e-06
1752127790.582 99.966 0.07988574 1.27078e-06
1752127790.592 100.012 0.07989877 1.09866e-06
1752127790.602 100.058 0.07992485 1.02140e-06
1752127790.612 100.104 0.07996209 8.85990e-07
1752127790.622 100.149 0.07998071 8.13475e-07
1752127790.632 100.195 0.08003100 7.39859e-07
1752127790.642 100.240 0.08004310 7.44655e-07
1752127790.652 100.286 0.08008034 6.01644e-07
1752127790.662 100.332 0.08010455 5.96219e-07
1752127790.672 100.377 0.08013249 5.11095e-07
1752127790.682 100.423 0.08018556 5.08290e-07
1752127790.692 100.468 0.08020418 5.22571e-07
1752127790.702 100.514 0.08024981 4.30115e-07
1752127790.712 100.559 0.08027775 4.40719e-07
1752127790.722 100.605 0.08030568 3.77094e-07
1752127790.732 100.650 0.08036062 3.72744e-07
1752127790.742 100.695 0.08036900 4.14253e-07
1752127790.752 100.741 0.08043417 3.44573e-07
1752127790.762 100.786 0.08047049 3.49075e-07
1752127790.772 100.832 0.08050587 3.11237e-07
1752127790.782 100.877 0.08056174 3.07831e-07
1752127790.792 100.922 0.08057570 3.47762e-07
1752127790.802 100.967 0.08063158 2.65235e-07
1752127790.812 101.013 0.08067534 2.96945e-07
1752127790.822 101.058 0.08069955 2.34984e-07
1752127790.832 101.103 0.08076566 2.46711e-07
1752127790.842 101.148 0.08078056 2.87649e-07
1752127790.852 101.194 0.08083456 2.15259e-07
1752127790.862 101.239 0.08086063 2.46827e-07
1752127790.872 101.284 0.08088577 2.03100e-07
1752127790.882 101.329 0.08094537 2.09167e-07
1752127790.892 101.374 0.08096678 2.58936e-07
1752127790.902 101.419 0.08101892 1.79031e-07
1752127790.912 101.464 0.08105897 2.37178e-07
1752127790.958 101.509 0.08124426 2.02852e-07
1752127790.967 101.554 0.08126195 1.89762e-07
1752127790.977 101.599 0.08131596 2.48259e-07
1752127790.984 101.644 0.08132899 1.95976e-07
1752127790.992 101.689 0.08132899 2.21124e-07
1752127791.002 101.734 0.08137555 2.04899e-07
1752127791.012 101.779 0.08143049 2.60562e-07
1752127791.022 101.824 0.08144725 2.01696e-07
1752127791.032 101.869 0.08148450 2.21122e-07
1752127791.042 101.914 0.08149381 2.85444e-07
1752127791.052 101.959 0.08154036 2.33599e-07
1752127791.062 102.004 0.08158971 2.77183e-07
1752127791.072 102.048 0.08159809 2.61586e-07
1752127791.082 102.093 0.08164279 3.03499e-07
1752127791.092 102.138 0.08165675 3.68839e-07
1752127791.102 102.183 0.08168935 3.45273e-07
1752127791.112 102.227 0.08172473 4.19342e-07
1752127791.122 102.272 0.08173683 4.05529e-07
1752127791.132 102.317 0.08177408 4.92308e-07
1752127791.142 102.362 0.08178152 5.90334e-07
1752127791.152 102.406 0.08181691 5.74649e-07
1752127791.162 102.451 0.08184391 6.59436e-07
1752127791.172 102.495 0.08186253 7.29650e-07
1752127791.182 102.540 0.08191189 7.76022e-07
1752127791.192 102.585 0.08191747 9.49205e-07
1752127791.202 102.629 0.08196868 1.03199e-06
1752127791.212 102.674 0.08200034 1.13259e-06
1752127791.222 102.718 0.08203852 1.19441e-06
1752127791.232 102.763 0.08209718 1.45299e-06
1752127791.242 102.807 0.08208973 1.62305e-06
1752127791.252 102.852 0.08212419 1.83111e-06
1752127791.262 102.896 0.08217446 2.00246e-06
1752127791.272 102.940 0.08220892 2.38833e-06
1752127791.282 102.985 0.08226199 2.62300e-06
1752127791.292 103.029 0.08226665 3.11854e-06
1752127791.302 103.074 0.08231693 3.54483e-06
1752127791.312 103.118 0.08236907 4.22287e-06
1752127791.322 103.162 0.08238956 5.02121e-06
1752127791.332 103.207 0.08245660 6.33562e-06
1752127791.342 103.251 0.08247057 7.06917e-06
1752127791.352 103.295 0.08251526 8.67441e-06
1752127791.362 103.339 0.08255623 9.69534e-06
1752127791.372 103.384 0.08258510 1.20950e-05
1752127791.382 103.428 0.08264376 1.32272e-05
1752127791.392 103.472 0.08265400 1.59966e-05
1752127791.402 103.516 0.08270242 1.80092e-05
1752127791.412 103.560 0.08274804 2.17696e-05
1752127791.422 103.604 0.08277504 2.40517e-05
1752127791.432 103.649 0.08282812 2.80635e-05
1752127791.442 103.693 0.08284581 3.16629e-05
1752127791.452 103.737 0.08289517 3.47701e-05
1752127791.462 103.781 0.08292775 3.86452e-05
1752127791.508 103.825 0.08312702 5.11088e-05
1752127791.515 103.869 0.08313819 5.84710e-05
1752127791.522 103.913 0.08313819 6.02655e-05
1752127791.532 103.957 0.08318288 6.32115e-05
1752127791.541 104.001 0.08320616 7.03314e-05
1752127791.551 104.045 0.08323968 6.96311e-05
1752127791.561 104.089 0.08328158 7.52559e-05
1752127791.571 104.133 0.08330300 7.95434e-05
1752127791.581 104.177 0.08335701 8.00605e-05
1752127791.591 104.220 0.08336259 8.35806e-05
1752127791.601 104.264 0.08341939 8.62262e-05
1752127791.611 104.308 0.08346781 8.87369e-05
1752127791.621 104.352 0.08347061 8.90814e-05
1752127791.631 104.396 0.08351902 8.98036e-05
1752127791.641 104.440 0.08351250 9.09092e-05
1752127791.651 104.483 0.08355440 9.01094e-05
1752127791.661 104.527 0.08359258 8.94368e-05
1752127791.671 104.571 0.08360003 8.88973e-05
1752127791.681 104.614 0.08364193 8.65297e-05
1752127791.691 104.658 0.08365870 8.84799e-05
1752127791.701 104.702 0.08369966 8.37967e-05
1752127791.711 104.745 0.08373784 8.27700e-05
1752127791.721 104.789 0.08372760 7.99585e-05
1752127791.731 104.833 0.08378347 7.72624e-05
1752127791.741 104.876 0.08378812 7.46963e-05
1752127791.751 104.920 0.08382537 7.20249e-05
1752127791.761 104.963 0.08386540 7.22076e-05
1752127791.771 105.007 0.08388216 6.66760e-05
1752127791.781 105.051 0.08392779 6.26640e-05
1752127791.791 105.094 0.08393524 6.02470e-05
1752127791.801 105.138 0.08397993 5.71498e-05
1752127791.811 105.181 0.08401997 5.40253e-05
1752127791.821 105.225 0.08405722 5.27142e-05
1752127791.831 105.268 0.08410378 4.81177e-05
1752127791.841 105.311 0.08411402 4.59354e-05
1752127791.851 105.355 0.08416430 4.30514e-05
1752127791.861 105.398 0.08420807 4.11550e-05
1752127791.871 105.442 0.08424345 4.08075e-05
1752127791.881 105.485 0.08429373 3.76349e-05
1752127791.891 105.528 0.08431049 3.69715e-05
1752127791.901 105.572 0.08437753 3.52010e-05
1752127791.911 105.615 0.08443061 3.55907e-05
1752127791.921 105.658 0.08442222 3.35734e-05
1752127791.931 105.701 0.08446413 3.38251e-05
1752127791.941 105.745 0.08450975 3.28167e-05
1752127791.951 105.788 0.08457027 3.39868e-05
1752127791.961 105.831 0.08459169 3.24042e-05
1752127791.971 105.874 0.08460938 3.36709e-05
1752127791.981 105.917 0.08466898 3.29964e-05
1752127791.991 105.961 0.08468480 3.38235e-05
1752127792.001 106.004 0.08472857 3.48989e-05
1752127792.011 106.047 0.08477885 3.50282e-05
1752127792.055 106.090 0.08494738 3.75558e-05
1752127792.061 106.133 0.08494738 3.70862e-05
1752127792.071 106.176 0.08496600 3.86312e-05
1752127792.081 106.219 0.08502187 3.94287e-05
1752127792.091 106.262 0.08503677 3.70896e-05
1752127792.101 106.305 0.08508240 3.91395e-05
1752127792.111 106.348 0.08512058 3.59167e-05
1752127792.121 106.391 0.08514106 3.83327e-05
1752127792.131 106.434 0.08519599 3.63368e-05
1752127792.141 106.477 0.08519879 3.48700e-05
1752127792.151 106.520 0.08522021 3.39226e-05
1752127792.161 106.563 0.08525373 2.90559e-05
1752127792.171 106.606 0.08528538 3.23354e-05
1752127792.181 106.649 0.08534032 2.59094e-05
1752127792.191 106.691 0.08533567 2.98146e-05
1752127792.201 106.734 0.08536453 2.41246e-05
1752127792.211 106.777 0.08539991 2.61683e-05
1752127792.222 106.820 0.08547347 1.75237e-05
1752127792.231 106.863 0.08547347 1.86419e-05
1752127792.241 106.905 0.08546696 1.98550e-05
1752127792.251 106.948 0.08550420 1.66187e-05
1752127792.261 106.991 0.08553213 1.51905e-05
1752127792.271 107.034 0.08554424 1.53930e-05
1752127792.281 107.076 0.08558893 1.29365e-05
1752127792.291 107.119 0.08558987 9.05336e-06
1752127792.301 107.162 0.08563921 9.74513e-06
1752127792.311 107.204 0.08566529 6.94025e-06
1752127792.321 107.247 0.08568857 7.16874e-06
1752127792.331 107.290 0.08573605 5.26750e-06
1752127792.341 107.332 0.08574816 5.96096e-06
1752127792.351 107.375 0.08578913 4.28058e-06
1752127792.361 107.417 0.08582730 3.84084e-06
1752127792.371 107.460 0.08585896 3.47198e-06
1752127792.381 107.503 0.08591204 2.75010e-06
1752127792.391 107.545 0.08595021 2.88803e-06
1752127792.401 107.588 0.08599305 2.25667e-06
1752127792.411 107.630 0.08602564 2.34975e-06
1752127792.421 107.672 0.08604891 2.06323e-06
1752127792.431 107.715 0.08609547 1.91779e-06
1752127792.441 107.757 0.08611316 1.78951e-06
1752127792.451 107.800 0.08616717 1.65305e-06
1752127792.461 107.842 0.08621652 1.57030e-06
1752127792.471 107.885 0.08622118 1.52549e-06
1752127792.481 107.927 0.08628356 1.41137e-06
1752127792.491 107.969 0.08629659 1.45514e-06
1752127792.501 108.012 0.08635526 1.25471e-06
1752127792.511 108.054 0.08639250 1.25022e-06
1752127792.521 108.096 0.08641112 1.13889e-06
1752127792.531 108.139 0.08645861 1.12836e-06
1752127792.541 108.181 0.08648655 1.13860e-06
1752127792.551 108.223 0.08654707 1.02535e-06
1752127792.561 108.265 0.08656756 1.09984e-06
1752127792.609 108.308 0.08673423 9.21560e-07
1752127792.615 108.350 0.08675472 7.97293e-07
1752127792.621 108.392 0.08675472 8.84325e-07
1752127792.631 108.434 0.08680220 8.42865e-07
1752127792.641 108.476 0.08683386 8.26268e-07
1752127792.651 108.518 0.08687390 7.58169e-07
1752127792.661 108.560 0.08690742 8.23945e-07
1752127792.671 108.603 0.08691766 7.23833e-07
1752127792.681 108.645 0.08696608 7.66285e-07
1752127792.691 108.687 0.08698005 7.85670e-07
1752127792.701 108.729 0.08703499 7.19624e-07
1752127792.711 108.771 0.08705919 6.99644e-07
1752127792.721 108.813 0.08706571 6.77704e-07
1752127792.731 108.855 0.08710575 7.27184e-07
1752127792.741 108.897 0.08711786 7.27042e-07
1752127792.751 108.939 0.08716069 6.75280e-07
1752127792.761 108.981 0.08719701 6.76609e-07
1752127792.771 109.023 0.08720632 6.51470e-07
1752127792.781 109.065 0.08725473 6.47342e-07
1752127792.791 109.107 0.08726591 7.23751e-07
1752127792.801 109.148 0.08729756 5.97832e-07
1752127792.811 109.190 0.08732364 6.88267e-07
1752127792.821 109.232 0.08732923 5.95380e-07
1752127792.831 109.274 0.08736368 6.47521e-07
1752127792.841 109.316 0.08737578 6.54638e-07
1752127792.851 109.358 0.08742048 6.13446e-07
1752127792.861 109.399 0.08745213 6.11270e-07
1752127792.871 109.441 0.08746796 6.15942e-07
1752127792.881 109.483 0.08751732 6.08583e-07
1752127792.891 109.525 0.08752290 6.37425e-07
1752127792.901 109.566 0.08757504 6.06681e-07
1752127792.911 109.608 0.08759925 6.13735e-07
1752127792.921 109.650 0.08761787 5.68622e-07
1752127792.931 109.692 0.08769330 5.91119e-07
1752127792.941 109.733 0.08769982 6.59504e-07
1752127792.951 109.775 0.08775848 5.62894e-07
1752127792.961 109.817 0.08779014 6.13523e-07
1752127792.971 109.858 0.08781341 5.61405e-07
1752127792.981 109.900 0.08787580 6.17825e-07
1752127792.991 109.941 0.08788511 6.27490e-07
1752127793.001 109.983 0.08793074 5.73724e-07
1752127793.011 110.025 0.08798102 6.01607e-07
