1752124804.039 33.800 0.02786699 1.47824e-08
1752124804.046 33.935 0.02788095 6.71940e-08
1752124804.094 34.070 0.02784650 5.20771e-08
1752124804.162 34.204 0.02786233 6.66629e-08
1752124804.230 34.337 0.02795358 7.87129e-08
1752124804.280 34.470 0.02807463 7.67433e-08
1752124804.287 34.602 0.02807742 2.59242e-08
1752124804.295 34.734 0.02807742 6.18092e-08
1752124804.344 34.866 0.02820406 5.49379e-08
1752124804.350 34.997 0.02823292 -1.25973e-08
1752124804.399 35.127 0.02834187 2.71826e-08
1752124804.449 35.257 0.02846478 1.62617e-08
1752124804.499 35.386 0.02863983 8.02060e-09
1752124804.593 35.515 0.02891917 2.22317e-06
1752124804.600 35.644 0.02895828 2.97683e-06
1752124804.607 35.772 0.02899739 3.79323e-06
1752124804.615 35.899 0.02899739 4.56999e-06
1752124804.625 36.026 0.02900670 5.69904e-06
1752124804.635 36.153 0.02903835 7.08465e-06
1752124804.645 36.279 0.02902625 8.71378e-06
1752124804.655 36.405 0.02906350 1.02803e-05
1752124804.665 36.530 0.02908957 1.14250e-05
1752124804.675 36.655 0.02910354 1.20451e-05
1752124804.685 36.780 0.02912867 1.25028e-05
1752124804.695 36.904 0.02910633 1.28532e-05
1752124804.705 37.028 0.02914637 1.31728e-05
1752124804.715 37.151 0.02916313 1.32892e-05
1752124804.725 37.274 0.02916778 1.31815e-05
1752124804.735 37.396 0.02920782 1.25605e-05
1752124804.745 37.518 0.02919572 1.17206e-05
1752124804.755 37.640 0.02924134 1.03121e-05
1752124804.765 37.761 0.02929442 8.51517e-06
1752124804.775 37.882 0.02929255 6.99301e-06
1752124804.785 38.002 0.02936704 5.53610e-06
1752124804.795 38.123 0.02939219 3.45813e-06
1752124804.805 38.242 0.02947506 1.52897e-06
1752124804.815 38.362 0.02953744 6.50053e-07
1752124804.825 38.481 0.02959145 2.81591e-07
1752124804.835 38.599 0.02969667 5.67618e-08
1752124804.845 38.718 0.02976743 8.94558e-08
1752124804.900 38.835 0.03046206 1.76600e-08
1752124804.949 38.953 0.03106264 2.62643e-08
1752124804.999 39.070 0.03160549 1.33770e-08
1752124805.049 39.187 0.03191091 8.61200e-09
1752124805.127 39.303 0.03200867 6.12146e-08
1752124805.176 39.420 0.03194163 7.17555e-08
1752124805.185 39.535 0.03194163 -3.18010e-09
1752124805.195 39.651 0.03192766 7.07853e-08
1752124805.244 39.766 0.03187087 4.54682e-08
1752124805.294 39.881 0.03192860 4.44813e-08
1752124805.344 39.995 0.03205895 4.43896e-08
1752124805.394 40.109 0.03222842 4.42986e-08
1752124805.462 40.223 0.03247238 5.95518e-08
1752124805.512 40.337 0.03258970 5.43086e-08
1752124805.562 40.450 0.03266233 6.33229e-08
1752124805.612 40.563 0.03272006 5.44460e-08
1752124805.686 40.675 0.03278803 1.91892e-08
1752124805.695 40.787 0.03278803 6.82099e-08
1752124805.744 40.899 0.03286904 5.39330e-08
1752124805.750 41.011 0.03288208 -1.16671e-08
1752124805.799 41.122 0.03300405 4.05117e-08
1752124805.849 41.233 0.03308786 -2.50080e-09
1752124805.899 41.344 0.03323032 -4.84340e-09
1752124805.950 41.454 0.03336813 -1.27319e-08
1752124806.000 41.565 0.03348918 -1.67916e-08
1752124806.050 41.674 0.03359160 -1.64569e-08
1752124806.100 41.784 0.03367727 -1.52768e-08
1752124806.150 41.893 0.03372289 -1.47160e-08
1752124806.224 42.002 0.03383649 2.54057e-08
1752124806.230 42.111 0.03387746 6.97282e-08
1752124806.278 42.219 0.03393612 4.68771e-08
1752124806.329 42.327 0.03402737 4.82884e-08
1752124806.379 42.435 0.03412421 5.21464e-08
1752124806.429 42.543 0.03422943 4.84099e-08
1752124806.479 42.650 0.03432906 5.07414e-08
1752124806.529 42.757 0.03441566 5.26153e-08
1752124806.579 42.864 0.03453670 5.24279e-08
1752124806.647 42.971 0.03463168 7.03479e-08
1752124806.697 43.077 0.03468755 7.12930e-08
1752124806.761 43.183 0.03478532 5.24577e-08
1752124806.767 43.289 0.03479649 -1.35673e-08
1752124806.816 43.394 0.03486539 4.16830e-09
1752124806.866 43.499 0.03493243 4.61740e-09
1752124806.916 43.604 0.03504138 -1.86130e-09
1752124806.966 43.709 0.03514194 -4.94700e-10
1752124807.016 43.813 0.03525554 -7.88500e-09
1752124807.066 43.918 0.03535145 -4.90920e-09
1752124807.117 44.022 0.03542594 -1.48056e-08
1752124807.166 44.125 0.03550788 -1.22242e-08
1752124807.216 44.229 0.03558423 -1.44578e-08
1752124807.297 44.332 0.03571180 6.54217e-08
1752124807.305 44.435 0.03572204 8.75660e-09
1752124807.314 44.538 0.03572204 4.58667e-08
1752124807.362 44.640 0.03580677 5.91599e-08
1752124807.412 44.743 0.03588685 5.43429e-08
1752124807.462 44.845 0.03596599 6.22149e-08
1752124807.512 44.947 0.03608425 5.53862e-08
1752124807.563 45.048 0.03620716 6.49780e-08
1752124807.613 45.149 0.03633193 5.79564e-08
1752124807.662 45.251 0.03641387 6.63023e-08
1752124807.712 45.352 0.03649488 6.24477e-08
1752124807.762 45.452 0.03655633 6.76861e-08
1752124807.835 45.553 0.03665876 1.11307e-08
1752124807.844 45.653 0.03665876 7.73158e-08
1752124807.853 45.753 0.03669228 -1.61691e-08
1752124807.864 45.853 0.03669414 5.96707e-08
1752124807.874 45.952 0.03671649 1.00023e-08
1752124807.883 46.052 0.03673697 6.97185e-08
1752124807.932 46.151 0.03681798 6.51470e-09
1752124807.982 46.250 0.03689620 9.55470e-09
1752124808.033 46.349 0.03707218 -6.32600e-09
1752124808.083 46.447 0.03727982 -1.66920e-09
1752124808.133 46.545 0.03746419 -5.82850e-09
1752124808.183 46.644 0.03758617 -6.23050e-09
1752124808.233 46.741 0.03766904 -8.90350e-09
1752124808.283 46.839 0.03769884 -1.03313e-08
1752124808.333 46.937 0.03772863 -1.13911e-08
1752124808.405 47.034 0.03782268 3.72520e-09
1752124808.413 47.131 0.03782268 5.28409e-08
1752124808.462 47.228 0.03789344 5.09751e-08
1752124808.512 47.325 0.03799214 4.74149e-08
1752124808.562 47.421 0.03807501 5.46495e-08
1752124808.612 47.517 0.03815882 4.87500e-08
1752124808.662 47.614 0.03827521 5.62411e-08
1752124808.712 47.709 0.03832642 5.01174e-08
1752124808.762 47.805 0.03843536 6.19314e-08
1752124808.812 47.901 0.03850333 5.20639e-08
1752124808.863 47.996 0.03858714 6.62130e-08
1752124808.941 48.091 0.03868490 6.77961e-08
1752124808.948 48.186 0.03871656 6.95997e-08
1752124808.954 48.281 0.03871656 1.21178e-08
1752124808.963 48.376 0.03871656 5.36993e-08
1752124809.029 48.470 0.03883854 5.36985e-08
1752124809.080 48.564 0.03891210 6.52176e-08
1752124809.130 48.658 0.03904805 6.57047e-08
1752124809.180 48.752 0.03916537 6.67959e-08
1752124809.230 48.846 0.03927804 7.01073e-08
1752124809.281 48.939 0.03936929 6.98257e-08
1752124809.331 49.033 0.03944844 6.85343e-08
1752124809.338 49.126 0.03942795 1.22741e-08
1752124809.344 49.219 0.03946985 4.62240e-08
1752124809.393 49.311 0.03952386 6.97775e-08
1752124809.402 49.404 0.03952386 -6.36210e-09
1752124809.412 49.497 0.03952665 6.57965e-08
1752124809.479 49.589 0.03964304 5.50474e-08
1752124809.529 49.681 0.03976502 5.72055e-08
1752124809.582 49.773 0.03994101 4.93250e-08
1752124809.632 49.865 0.04009930 3.08810e-08
1752124809.682 49.956 0.04019614 3.97525e-08
1752124809.732 50.048 0.04028832 3.71808e-08
1752124809.782 50.139 0.04033301 3.35937e-08
1752124809.793 50.230 0.04035629 6.53188e-08
1752124809.802 50.321 0.04035629 -9.77210e-09
1752124809.812 50.412 0.04035257 7.44401e-08
1752124809.860 50.502 0.04040657 5.11478e-08
1752124809.866 50.593 0.04041123 -1.12010e-08
1752124809.915 50.683 0.04049131 5.85095e-08
1752124809.922 50.773 0.04053041 3.01510e-09
1752124809.932 50.863 0.04053041 5.91045e-08
1752124809.981 50.953 0.04063936 6.93993e-08
1752124810.032 51.042 0.04080975 6.43267e-08
1752124810.038 51.132 0.04083303 1.18521e-07
1752124810.048 51.221 0.04090287 1.96505e-07
1752124810.056 51.310 0.04091311 2.43400e-07
1752124810.062 51.399 0.04091311 4.00547e-07
1752124810.072 51.488 0.04096060 4.37194e-07
1752124810.082 51.577 0.04098667 6.04114e-07
1752124810.092 51.666 0.04102485 7.33631e-07
1752124810.102 51.754 0.04107327 1.08971e-06
1752124810.112 51.842 0.04108630 1.46199e-06
1752124810.122 51.930 0.04114589 1.73793e-06
1752124810.132 52.018 0.04118966 2.32531e-06
1752124810.142 52.106 0.04119897 2.65435e-06
1752124810.152 52.194 0.04125391 3.21268e-06
1752124810.162 52.281 0.04126135 4.06209e-06
1752124810.172 52.369 0.04130046 5.38454e-06
1752124810.182 52.456 0.04133305 6.79626e-06
1752124810.192 52.543 0.04136378 7.76398e-06
1752124810.202 52.630 0.04142244 7.97539e-06
1752124810.212 52.717 0.04143082 8.08898e-06
1752124810.222 52.803 0.04146993 7.82999e-06
1752124810.232 52.890 0.04153138 7.39377e-06
1752124810.242 52.976 0.04156677 6.09842e-06
1752124810.252 53.062 0.04164498 4.89101e-06
1752124810.262 53.148 0.04168037 2.31545e-06
1752124810.272 53.234 0.04174927 1.41018e-06
1752124810.282 53.320 0.04181631 8.27181e-07
1752124810.292 53.406 0.04187032 3.45146e-07
1752124810.302 53.491 0.04195691 1.77944e-07
1752124810.312 53.577 0.04202675 9.62912e-08
1752124810.360 53.662 0.04243086 6.71493e-08
1752124810.367 53.747 0.04252677 -1.03159e-08
1752124810.415 53.832 0.04293554 4.71385e-08
1752124810.422 53.917 0.04293554 1.12906e-08
1752124810.432 54.002 0.04301003 6.84656e-08
1752124810.481 54.086 0.04333220 7.19980e-08
1752124810.488 54.171 0.04337038 1.38366e-08
1752124810.494 54.255 0.04344393 4.85100e-08
1752124810.582 54.339 0.04363761 1.18173e-07
1752124810.592 54.423 0.04363761 1.90358e-07
1752124810.602 54.507 0.04368044 3.56929e-07
1752124810.612 54.591 0.04366834 5.91712e-07
1752124810.622 54.675 0.04368510 6.50964e-07
1752124810.632 54.758 0.04370465 9.70980e-07
1752124810.642 54.842 0.04369906 1.11062e-06
1752124810.652 54.925 0.04373072 1.22016e-06
1752124810.662 55.008 0.04370186 1.57816e-06
1752124810.672 55.091 0.04372514 1.76569e-06
1752124810.682 55.174 0.04374562 1.93398e-06
1752124810.692 55.257 0.04374934 2.48029e-06
1752124810.702 55.340 0.04380149 2.60037e-06
1752124810.712 55.422 0.04379311 3.07940e-06
1752124810.722 55.505 0.04382291 3.28769e-06
1752124810.732 55.587 0.04384432 3.97400e-06
1752124810.742 55.669 0.04386201 4.56784e-06
1752124810.752 55.751 0.04392067 5.32786e-06
1752124810.762 55.833 0.04392906 6.61868e-06
1752124810.772 55.915 0.04398213 7.49120e-06
1752124810.782 55.997 0.04402217 9.03620e-06
1752124810.792 56.078 0.04404731 1.09266e-05
1752124810.802 56.160 0.04413111 1.38079e-05
1752124810.812 56.241 0.04415532 1.87720e-05
1752124810.822 56.322 0.04429220 3.11806e-05
1752124810.832 56.403 0.04429220 3.45174e-05
1752124810.842 56.484 0.04433689 3.45540e-05
1752124810.852 56.565 0.04442069 3.42163e-05
1752124810.862 56.646 0.04446911 3.11652e-05
1752124810.872 56.727 0.04455385 2.58879e-05
1752124810.882 56.807 0.04462461 1.42510e-05
1752124810.892 56.888 0.04468979 5.63592e-06
1752124810.902 56.968 0.04478104 3.34364e-06
1752124810.912 57.048 0.04487043 3.03792e-06
1752124810.922 57.128 0.04497193 2.63430e-06
1752124810.932 57.208 0.04503245 2.34230e-06
1752124810.942 57.288 0.04510135 1.79864e-06
1752124810.952 57.368 0.04520471 7.24363e-07
1752124810.962 57.447 0.04526523 3.91377e-07
1752124810.972 57.527 0.04536486 1.68949e-07
1752124810.982 57.606 0.04543749 2.08375e-07
1752124810.992 57.686 0.04550453 3.31421e-07
1752124811.002 57.765 0.04559951 2.73573e-07
1752124811.012 57.844 0.04564886 3.25965e-07
1752124811.022 57.923 0.04573359 2.42628e-07
1752124811.032 58.002 0.04580995 2.36295e-07
1752124811.041 58.080 0.04587140 1.50408e-07
1752124811.052 58.159 0.04594403 5.28521e-08
1752124811.062 58.238 0.04598221 1.40001e-07
1752124811.071 58.316 0.04606321 7.84247e-08
1752124811.082 58.394 0.04613119 1.10635e-07
1752124811.112 58.473 0.04636211 6.20304e-08
1752124811.122 58.551 0.04641425 5.17957e-08
1752124811.131 58.629 0.04641425 1.13244e-07
1752124811.142 58.707 0.04646453 6.72244e-08
1752124811.151 58.785 0.04655206 9.59743e-08
1752124811.161 58.862 0.04657068 1.34053e-07
1752124811.171 58.940 0.04663679 6.04277e-08
1752124811.181 59.017 0.04670011 8.42743e-08
1752124811.191 59.095 0.04674574 3.87113e-08
1752124811.201 59.172 0.04680812 9.09790e-08
1752124811.212 59.249 0.04690589 1.06453e-07
1752124811.221 59.326 0.04690589 6.64502e-08
1752124811.231 59.403 0.04695338 1.05835e-07
1752124811.241 59.480 0.04699155 9.33874e-08
1752124811.251 59.557 0.04708281 1.42298e-07
1752124811.261 59.634 0.04708281 2.02863e-07
1752124811.271 59.710 0.04716195 1.47245e-07
1752124811.281 59.787 0.04721223 2.92380e-07
1752124811.291 59.863 0.04725320 5.41004e-07
1752124811.301 59.940 0.04732118 1.82562e-06
1752124811.311 60.016 0.04734166 3.82164e-06
1752124811.321 60.092 0.04742081 5.58378e-06
1752124811.331 60.168 0.04747668 8.68677e-06
1752124811.341 60.244 0.04751672 1.21778e-05
1752124811.351 60.320 0.04759772 1.89996e-05
1752124811.361 60.396 0.04762287 3.05858e-05
1752124811.371 60.471 0.04770015 4.02539e-05
1752124811.381 60.547 0.04775136 5.75717e-05
1752124811.391 60.622 0.04780909 8.52071e-05
1752124811.401 60.698 0.04789569 1.28591e-04
1752124811.411 60.773 0.04793572 1.84180e-04
1752124811.421 60.848 0.04800370 2.02322e-04
1752124811.431 60.923 0.04807726 1.98099e-04
1752124811.441 60.998 0.04812195 1.75389e-04
1752124811.451 61.073 0.04819179 1.48576e-04
1752124811.461 61.148 0.04824021 9.16310e-05
1752124811.471 61.222 0.04832866 2.57749e-05
1752124811.481 61.297 0.04838919 7.20570e-06
1752124811.491 61.372 0.04844971 4.02226e-06
1752124811.501 61.446 0.04853258 2.47004e-06
1752124811.511 61.520 0.04856704 1.80092e-06
1752124811.521 61.595 0.04864525 1.39840e-06
1752124811.531 61.669 0.04872626 1.23906e-06
1752124811.541 61.743 0.04877561 1.13919e-06
1752124811.551 61.817 0.04885755 1.48599e-06
1752124811.561 61.891 0.04890504 2.38445e-06
1752124811.571 61.965 0.04898325 2.97335e-06
1752124811.581 62.038 0.04904284 4.38472e-06
1752124811.591 62.112 0.04909406 6.62476e-06
1752124811.601 62.186 0.04916482 9.69145e-06
1752124811.611 62.259 0.04921883 1.29327e-05
1752124811.621 62.332 0.04927563 1.27583e-05
1752124811.671 62.406 0.04954659 7.17562e-06
1752124811.679 62.479 0.04959128 7.70493e-07
1752124811.685 62.552 0.04965460 5.78359e-07
1752124811.691 62.625 0.04965460 5.77554e-07
1752124811.701 62.698 0.04973468 5.01504e-07
1752124811.711 62.771 0.04978775 4.26860e-07
1752124811.721 62.844 0.04985014 2.76125e-07
1752124811.731 62.916 0.04989390 2.82234e-07
1752124811.741 62.989 0.04994046 2.11302e-07
1752124811.751 63.062 0.05002240 2.53191e-07
1752124811.761 63.134 0.05005313 3.25131e-07
1752124811.771 63.206 0.05010899 2.98292e-07
1752124811.781 63.279 0.05014717 3.69658e-07
1752124811.791 63.351 0.05020118 3.39030e-07
1752124811.801 63.423 0.05026729 4.14268e-07
1752124811.811 63.495 0.05029057 4.14980e-07
1752124811.821 63.567 0.05033153 3.27935e-07
1752124811.831 63.639 0.05036040 3.24486e-07
1752124811.841 63.711 0.05040509 2.88254e-07
1752124811.851 63.782 0.05048424 3.46689e-07
1752124811.861 63.854 0.05049169 4.05820e-07
1752124811.871 63.926 0.05055687 4.34003e-07
1752124811.881 63.997 0.05060901 6.15609e-07
1752124811.891 64.068 0.05064160 7.61968e-07
1752124811.901 64.140 0.05070585 1.12374e-06
1752124811.911 64.211 0.05073285 1.58890e-06
1752124811.921 64.282 0.05079989 1.98593e-06
1752124811.931 64.353 0.05083993 2.67977e-06
1752124811.941 64.424 0.05086321 2.73901e-06
1752124811.951 64.495 0.05093397 2.70069e-06
1752124811.961 64.566 0.05097960 2.64992e-06
1752124811.971 64.637 0.05107086 2.19293e-06
1752124811.981 64.707 0.05111462 1.81923e-06
1752124811.991 64.778 0.05114720 1.24572e-06
1752124812.001 64.849 0.05123659 6.81001e-07
1752124812.011 64.919 0.05128781 3.44985e-07
1752124812.021 64.989 0.05136603 2.39739e-07
1752124812.031 65.060 0.05143679 3.18098e-07
1752124812.041 65.130 0.05146658 3.85517e-07
1752124812.051 65.200 0.05155318 5.21251e-07
1752124812.061 65.270 0.05160905 5.87722e-07
1752124812.071 65.340 0.05169099 5.09996e-07
1752124812.081 65.410 0.05175524 5.31691e-07
1752124812.091 65.480 0.05179528 5.37159e-07
1752124812.101 65.550 0.05188466 7.97603e-07
1752124812.111 65.619 0.05191074 1.47251e-06
1752124812.121 65.689 0.05199454 2.74513e-06
1752124812.131 65.759 0.05206810 4.18950e-06
1752124812.141 65.828 0.05211745 6.95526e-06
1752124812.151 65.897 0.05219566 1.15401e-05
1752124812.161 65.967 0.05221801 1.91172e-05
1752124812.171 66.036 0.05228226 3.78424e-05
1752124812.200 66.105 0.05246104 5.43382e-05
1752124812.228 66.174 0.05261561 2.64898e-04
1752124812.234 66.243 0.05267706 2.60236e-04
1752124812.241 66.312 0.05267706 2.63428e-04
1752124812.251 66.381 0.05275341 2.41030e-04
1752124812.261 66.450 0.05276831 2.11704e-04
1752124812.271 66.519 0.05282604 1.64040e-04
1752124812.281 66.588 0.05287725 1.16393e-04
1752124812.291 66.656 0.05291543 5.76867e-05
1752124812.301 66.725 0.05298713 2.06491e-05
1752124812.311 66.793 0.05301785 8.02690e-06
1752124812.321 66.862 0.05307279 4.25841e-06
1752124812.331 66.930 0.05312122 2.19968e-06
1752124812.341 66.998 0.05317243 1.09766e-06
1752124812.351 67.066 0.05321339 8.78553e-07
1752124812.361 67.135 0.05322643 6.93911e-07
1752124812.371 67.203 0.05329533 4.92952e-07
1752124812.380 67.271 0.05333165 5.04193e-07
1752124812.391 67.339 0.05336983 4.42951e-07
1752124812.400 67.406 0.05343128 5.52889e-07
1752124812.411 67.474 0.05345735 6.25867e-07
1752124812.420 67.542 0.05351043 6.52534e-07
1752124812.430 67.610 0.05353464 8.53425e-07
1752124812.441 67.677 0.05356815 9.96892e-07
1752124812.450 67.745 0.05363985 1.11987e-06
1752124812.460 67.812 0.05366220 1.23499e-06
1752124812.470 67.879 0.05371900 1.21474e-06
1752124812.480 67.947 0.05375159 1.26329e-06
1752124812.490 68.014 0.05379629 1.27807e-06
1752124812.500 68.081 0.05386426 1.30563e-06
1752124812.510 68.148 0.05389405 1.41912e-06
1752124812.520 68.215 0.05395365 1.51869e-06
1752124812.530 68.282 0.05401510 1.87157e-06
1752124812.540 68.349 0.05407097 2.55778e-06
1752124812.550 68.416 0.05415198 3.17268e-06
1752124812.560 68.483 0.05418550 3.75721e-06
1752124812.570 68.550 0.05425534 3.78814e-06
1752124812.580 68.616 0.05430561 3.77358e-06
1752124812.590 68.683 0.05436428 3.30692e-06
1752124812.600 68.749 0.05444063 3.14520e-06
1752124812.610 68.816 0.05448533 2.38026e-06
1752124812.620 68.882 0.05455981 1.69668e-06
1752124812.630 68.949 0.05460172 1.37770e-06
1752124812.640 69.015 0.05465200 1.55978e-06
1752124812.650 69.081 0.05473580 2.32614e-06
1752124812.660 69.147 0.05478608 3.40540e-06
1752124812.670 69.213 0.05486895 5.52728e-06
1752124812.680 69.279 0.05490899 8.50585e-06
1752124812.690 69.345 0.05494717 1.29678e-05
1752124812.700 69.411 0.05502818 1.65318e-05
1752124812.710 69.477 0.05508125 1.91283e-05
1752124812.720 69.543 0.05515109 1.87015e-05
1752124812.750 69.608 0.05530472 1.83943e-05
1752124812.760 69.674 0.05532427 8.10953e-06
1752124812.766 69.740 0.05540063 4.99463e-06
1752124812.771 69.805 0.05542856 3.62064e-06
1752124812.780 69.871 0.05542856 2.51613e-06
1752124812.790 69.936 0.05547512 1.57948e-06
1752124812.800 70.001 0.05555706 1.42874e-06
1752124812.810 70.067 0.05557475 1.28992e-06
1752124812.820 70.132 0.05564552 1.24433e-06
1752124812.830 70.197 0.05569208 1.45546e-06
1752124812.840 70.262 0.05572932 1.60861e-06
1752124812.850 70.327 0.05578612 1.74171e-06
1752124812.860 70.392 0.05582150 1.93496e-06
1752124812.870 70.457 0.05588948 2.34269e-06
1752124812.880 70.522 0.05591275 2.99395e-06
1752124812.890 70.587 0.05596490 4.15848e-06
1752124812.900 70.651 0.05603473 5.57788e-06
1752124812.910 70.716 0.05605335 6.69126e-06
1752124812.920 70.781 0.05612040 6.68573e-06
1752124812.930 70.845 0.05616602 6.99711e-06
1752124812.940 70.910 0.05619768 6.47682e-06
1752124812.950 70.974 0.05626565 6.60014e-06
1752124812.960 71.039 0.05631966 6.05328e-06
1752124812.970 71.103 0.05637180 5.11461e-06
1752124812.980 71.167 0.05641277 3.74512e-06
1752124812.990 71.231 0.05644629 2.07420e-06
1752124813.000 71.296 0.05651520 1.08776e-06
1752124813.010 71.360 0.05654127 7.22350e-07
1752124813.020 71.424 0.05659434 4.42403e-07
1752124813.030 71.488 0.05664835 3.96790e-07
1752124813.040 71.552 0.05670887 3.29142e-07
1752124813.050 71.615 0.05678430 3.66154e-07
1752124813.061 71.679 0.05681316 3.32054e-07
1752124813.070 71.743 0.05688951 2.30504e-07
1752124813.080 71.807 0.05692862 2.44130e-07
1752124813.091 71.870 0.05698169 2.10796e-07
1752124813.100 71.934 0.05705619 2.69153e-07
1752124813.110 71.997 0.05709064 2.70200e-07
1752124813.120 72.061 0.05716233 2.13822e-07
1752124813.130 72.124 0.05719585 3.04980e-07
1752124813.140 72.188 0.05725452 3.11513e-07
1752124813.150 72.251 0.05732435 4.27472e-07
1752124813.160 72.314 0.05733180 4.80351e-07
1752124813.170 72.377 0.05743050 4.93662e-07
1752124813.180 72.440 0.05747892 6.73847e-07
1752124813.190 72.504 0.05751989 9.06425e-07
1752124813.200 72.567 0.05757297 1.21154e-06
1752124813.210 72.630 0.05761021 1.41125e-06
1752124813.220 72.692 0.05768470 1.48904e-06
1752124813.230 72.755 0.05773964 1.68181e-06
1752124813.240 72.818 0.05778433 1.65193e-06
1752124813.250 72.881 0.05785230 1.74536e-06
1752124813.260 72.944 0.05786906 1.84147e-06
1752124813.312 73.006 0.05819869 8.18424e-06
1752124813.320 73.069 0.05819869 1.02540e-05
1752124813.330 73.131 0.05823407 1.27434e-05
1752124813.340 73.194 0.05827597 1.52129e-05
1752124813.350 73.256 0.05833463 1.85727e-05
1752124813.360 73.319 0.05836722 2.52637e-05
1752124813.370 73.381 0.05842496 2.97978e-05
1752124813.380 73.443 0.05846406 4.07868e-05
1752124813.390 73.505 0.05850875 5.40901e-05
1752124813.400 73.568 0.05858418 6.97868e-05
1752124813.410 73.630 0.05859628 9.10964e-05
1752124813.420 73.692 0.05865029 1.24270e-04
1752124813.430 73.754 0.05867822 1.75555e-04
1752124813.440 73.816 0.05872012 2.45415e-04
1752124813.450 73.878 0.05877320 2.93274e-04
1752124813.460 73.940 0.05878996 3.50662e-04
1752124813.470 74.001 0.05884769 3.72142e-04
1752124813.480 74.063 0.05886258 3.91298e-04
1752124813.490 74.125 0.05890449 3.97087e-04
1752124813.500 74.186 0.05894080 3.95243e-04
1752124813.510 74.248 0.05895011 3.92909e-04
1752124813.520 74.310 0.05900412 3.73950e-04
1752124813.530 74.371 0.05901716 3.55801e-04
1752124813.540 74.432 0.05905347 3.16326e-04
1752124813.550 74.494 0.05911027 2.70260e-04
1752124813.560 74.555 0.05912703 2.18618e-04
1752124813.570 74.617 0.05920897 1.66791e-04
1752124813.580 74.678 0.05923970 1.27867e-04
1752124813.590 74.739 0.05927880 8.83250e-05
1752124813.600 74.800 0.05933653 5.95449e-05
1752124813.610 74.861 0.05935702 3.95481e-05
1752124813.620 74.922 0.05942779 2.39015e-05
1752124813.630 74.983 0.05946410 1.20722e-05
1752124813.640 75.044 0.05948645 6.97365e-06
1752124813.650 75.105 0.05958328 4.84508e-06
1752124813.660 75.166 0.05961401 4.03246e-06
1752124813.670 75.227 0.05966895 3.71685e-06
1752124813.680 75.287 0.05972388 3.15260e-06
1752124813.690 75.348 0.05977231 2.92613e-06
1752124813.700 75.409 0.05984400 2.67603e-06
1752124813.710 75.469 0.05988684 2.24800e-06
1752124813.720 75.530 0.05996971 2.09105e-06
1752124813.730 75.590 0.06000509 1.97733e-06
1752124813.740 75.651 0.06005444 1.79562e-06
1752124813.750 75.711 0.06013265 1.86420e-06
1752124813.760 75.772 0.06016338 1.68412e-06
1752124813.770 75.832 0.06023042 1.65814e-06
1752124813.780 75.892 0.06028722 1.81012e-06
1752124813.790 75.952 0.06033564 1.73185e-06
1752124813.800 76.013 0.06040920 1.86284e-06
1752124813.810 76.073 0.06040920 1.79588e-06
1752124813.820 76.133 0.06047717 1.80539e-06
1752124813.862 76.193 0.06074162 3.42968e-06
1752124813.870 76.253 0.06074162 3.70825e-06
1752124813.880 76.313 0.06078259 3.96844e-06
1752124813.890 76.373 0.06082076 3.86304e-06
1752124813.900 76.432 0.06087011 4.04248e-06
1752124813.910 76.492 0.06090363 4.00076e-06
1752124813.920 76.552 0.06097068 3.60086e-06
1752124813.930 76.612 0.06100326 3.34970e-06
1752124813.940 76.671 0.06104330 2.80965e-06
1752124813.950 76.731 0.06111035 2.56216e-06
1752124813.960 76.790 0.06113548 2.18307e-06
1752124813.970 76.850 0.06117831 1.70155e-06
1752124813.980 76.909 0.06120625 1.50188e-06
1752124813.990 76.969 0.06125095 1.21310e-06
1752124814.000 77.028 0.06129099 1.16721e-06
1752124814.010 77.087 0.06131520 1.00058e-06
1752124814.020 77.147 0.06137851 9.38070e-07
1752124814.030 77.206 0.06138503 1.00022e-06
1752124814.040 77.265 0.06140924 9.88332e-07
1752124814.050 77.324 0.06147349 1.08608e-06
1752124814.060 77.383 0.06149118 1.06144e-06
1752124814.070 77.442 0.06156194 1.02251e-06
1752124814.080 77.501 0.06159081 1.10679e-06
1752124814.090 77.560 0.06162433 1.02273e-06
1752124814.100 77.619 0.06167182 1.17601e-06
1752124814.110 77.678 0.06168392 1.12765e-06
1752124814.120 77.737 0.06174352 1.05406e-06
1752124814.130 77.796 0.06178169 1.15996e-06
1752124814.140 77.855 0.06180963 1.11247e-06
1752124814.150 77.913 0.06186922 1.19387e-06
1752124814.160 77.972 0.06189064 1.21264e-06
1752124814.170 78.031 0.06196513 1.23023e-06
1752124814.179 78.089 0.06200982 1.38728e-06
1752124814.189 78.148 0.06205637 1.45860e-06
1752124814.200 78.206 0.06212063 1.64558e-06
1752124814.209 78.265 0.06213832 1.70227e-06
1752124814.219 78.323 0.06220443 1.78923e-06
1752124814.229 78.381 0.06225936 1.92414e-06
1752124814.239 78.440 0.06230965 1.98233e-06
1752124814.249 78.498 0.06237296 2.02115e-06
1752124814.259 78.556 0.06240276 2.10847e-06
1752124814.269 78.614 0.06247073 2.06130e-06
1752124814.279 78.672 0.06250146 2.14616e-06
1752124814.289 78.730 0.06256384 2.12797e-06
1752124814.299 78.788 0.06263834 2.19826e-06
1752124814.309 78.846 0.06266906 2.10417e-06
1752124814.319 78.904 0.06272773 2.02956e-06
1752124814.329 78.962 0.06276776 2.07841e-06
1752124814.339 79.020 0.06282363 1.96880e-06
1752124814.349 79.078 0.06288043 2.03582e-06
1752124814.359 79.136 0.06293072 2.04226e-06
1752124814.369 79.194 0.06298937 2.08075e-06
1752124814.413 79.251 0.06322029 3.27242e-06
1752124814.420 79.309 0.06324730 5.46504e-06
1752124814.430 79.367 0.06324730 6.53232e-06
1752124814.440 79.424 0.06328920 7.89436e-06
1752124814.450 79.482 0.06335065 8.71513e-06
1752124814.459 79.539 0.06336648 1.06529e-05
1752124814.469 79.597 0.06342701 1.21271e-05
1752124814.479 79.654 0.06345773 1.38298e-05
1752124814.489 79.711 0.06351453 1.48962e-05
1752124814.499 79.769 0.06358250 1.61909e-05
1752124814.509 79.826 0.06356854 1.67017e-05
1752124814.519 79.883 0.06363465 1.74623e-05
1752124814.529 79.940 0.06366538 1.79531e-05
1752124814.539 79.998 0.06371101 1.81750e-05
1752124814.549 80.055 0.06376501 1.85559e-05
1752124814.559 80.112 0.06376873 1.83282e-05
1752124814.569 80.169 0.06381994 1.80164e-05
1752124814.579 80.226 0.06384323 1.78031e-05
1752124814.589 80.283 0.06388606 1.70996e-05
1752124814.599 80.340 0.06393820 1.69730e-05
1752124814.609 80.397 0.06394286 1.64978e-05
1752124814.619 80.454 0.06399314 1.56034e-05
1752124814.629 80.510 0.06400896 1.52066e-05
1752124814.639 80.567 0.06406670 1.43991e-05
1752124814.649 80.624 0.06411605 1.36054e-05
1752124814.659 80.680 0.06412349 1.29093e-05
1752124814.669 80.737 0.06418588 1.17901e-05
1752124814.679 80.794 0.06422033 1.07812e-05
1752124814.689 80.850 0.06426782 9.44306e-06
1752124814.699 80.907 0.06431903 8.39848e-06
1752124814.709 80.963 0.06432090 6.97896e-06
1752124814.719 81.020 0.06438142 5.76719e-06
1752124814.729 81.076 0.06441587 4.95084e-06
1752124814.739 81.132 0.06447360 3.94850e-06
1752124814.749 81.189 0.06454344 3.28631e-06
1752124814.759 81.245 0.06457416 2.69526e-06
1752124814.769 81.301 0.06463562 2.35181e-06
1752124814.779 81.358 0.06466914 2.11817e-06
1752124814.789 81.414 0.06471384 1.71929e-06
1752124814.799 81.470 0.06478739 1.69465e-06
1752124814.809 81.526 0.06481626 1.52519e-06
1752124814.819 81.582 0.06488237 1.51406e-06
1752124814.829 81.638 0.06492614 1.55453e-06
1752124814.839 81.694 0.06497455 1.47869e-06
1752124814.849 81.750 0.06504625 1.48058e-06
1752124814.859 81.806 0.06507884 1.43593e-06
1752124814.869 81.862 0.06514122 1.45808e-06
1752124814.879 81.918 0.06516171 1.58450e-06
1752124814.889 81.973 0.06521758 1.62203e-06
1752124814.899 82.029 0.06528183 1.80261e-06
1752124814.909 82.085 0.06530790 1.68743e-06
1752124814.919 82.140 0.06537401 1.82621e-06
1752124814.962 82.196 0.06559748 2.05911e-06
1752124814.969 82.252 0.06559748 1.97320e-06
1752124814.979 82.307 0.06563473 2.05908e-06
1752124814.989 82.363 0.06567383 1.94828e-06
1752124814.999 82.418 0.06572877 2.02777e-06
1752124815.009 82.474 0.06575670 1.91345e-06
1752124815.019 82.529 0.06581909 1.82153e-06
1752124815.029 82.584 0.06585261 2.02384e-06
1752124815.039 82.640 0.06588706 1.90775e-06
1752124815.049 82.695 0.06592524 2.00471e-06
1752124815.059 82.750 0.06596435 1.99396e-06
1752124815.069 82.806 0.06602674 2.08857e-06
1752124815.079 82.861 0.06603419 2.15622e-06
1752124815.089 82.916 0.06606398 2.22275e-06
1752124815.099 82.971 0.06612450 2.29315e-06
1752124815.109 83.026 0.06613474 2.27879e-06
1752124815.119 83.081 0.06618316 2.33998e-06
1752124815.129 83.136 0.06621017 2.45303e-06
1752124815.139 83.191 0.06624089 2.34402e-06
1752124815.149 83.246 0.06629304 2.41606e-06
1752124815.159 83.301 0.06629490 2.31103e-06
1752124815.169 83.356 0.06633959 2.28257e-06
1752124815.179 83.411 0.06636567 2.39078e-06
1752124815.189 83.465 0.06641409 2.28381e-06
1752124815.199 83.520 0.06646530 2.34419e-06
1752124815.209 83.575 0.06648206 2.22140e-06
1752124815.219 83.630 0.06653141 2.17293e-06
1752124815.229 83.684 0.06656307 2.25887e-06
1752124815.239 83.739 0.06661800 2.22886e-06
1752124815.249 83.793 0.06665990 2.32002e-06
1752124815.259 83.848 0.06667666 2.14674e-06
1752124815.269 83.902 0.06674091 2.15183e-06
1752124815.279 83.957 0.06676698 2.33964e-06
1752124815.289 84.011 0.06681820 2.35817e-06
1752124815.299 84.066 0.06688803 2.45934e-06
1752124815.309 84.120 0.06690200 2.45752e-06
1752124815.319 84.174 0.06698115 2.37650e-06
1752124815.329 84.229 0.06701001 2.75928e-06
1752124815.339 84.283 0.06704633 3.26971e-06
1752124815.349 84.337 0.06711430 4.91733e-06
1752124815.359 84.391 0.06714503 7.02885e-06
1752124815.369 84.446 0.06720927 1.09295e-05
1752124815.379 84.500 0.06724000 1.62951e-05
1752124815.389 84.554 0.06729866 2.58093e-05
1752124815.399 84.608 0.06735360 3.22951e-05
1752124815.409 84.662 0.06738247 4.11927e-05
1752124815.419 84.716 0.06745044 5.04392e-05
1752124815.429 84.770 0.06748675 6.11999e-05
1752124815.439 84.824 0.06753610 7.24030e-05
1752124815.449 84.878 0.06758639 8.49545e-05
1752124815.459 84.931 0.06761246 9.33413e-05
1752124815.469 84.985 0.06768974 1.05456e-04
1752124815.512 85.039 0.06790856 1.25128e-04
1752124815.519 85.093 0.06790856 1.30506e-04
1752124815.529 85.146 0.06793090 1.31576e-04
1752124815.539 85.200 0.06797373 1.33686e-04
1752124815.549 85.254 0.06803147 1.36253e-04
1752124815.559 85.307 0.06805195 1.36979e-04
1752124815.569 85.361 0.06811247 1.38253e-04
1752124815.579 85.414 0.06814041 1.36414e-04
1752124815.589 85.468 0.06819628 1.35625e-04
1752124815.599 85.521 0.06822142 1.35862e-04
1752124815.609 85.575 0.06822886 1.36215e-04
1752124815.619 85.628 0.06829218 1.35124e-04
1752124815.629 85.682 0.06832198 1.37329e-04
1752124815.639 85.735 0.06835736 1.35396e-04
1752124815.649 85.788 0.06838995 1.36718e-04
1752124815.659 85.842 0.06841230 1.34296e-04
1752124815.669 85.895 0.06848027 1.32218e-04
1752124815.679 85.948 0.06848586 1.33243e-04
1752124815.689 86.001 0.06851472 1.28616e-04
1752124815.699 86.054 0.06856035 1.27977e-04
1752124815.709 86.107 0.06857339 1.26815e-04
1752124815.719 86.160 0.06864415 1.25250e-04
1752124815.729 86.214 0.06865532 1.21443e-04
1752124815.739 86.267 0.06868606 1.21267e-04
1752124815.749 86.319 0.06873261 1.20300e-04
1752124815.759 86.372 0.06874844 1.15025e-04
1752124815.769 86.425 0.06879593 1.12898e-04
1752124815.779 86.478 0.06881828 1.06508e-04
1752124815.789 86.531 0.06886669 1.00643e-04
1752124815.799 86.584 0.06892349 9.41462e-05
1752124815.809 86.637 0.06894212 8.81809e-05
1752124815.819 86.689 0.06901381 8.22668e-05
1752124815.829 86.742 0.06904268 7.26014e-05
1752124815.839 86.795 0.06907620 6.93054e-05
1752124815.849 86.847 0.06913207 6.14701e-05
1752124815.859 86.900 0.06917583 5.59572e-05
1752124815.869 86.953 0.06924660 4.94937e-05
1752124815.879 87.005 0.06926056 4.16122e-05
1752124815.889 87.058 0.06931829 3.65155e-05
1752124815.899 87.110 0.06937416 3.16877e-05
1752124815.909 87.163 0.06940861 2.70533e-05
1752124815.919 87.215 0.06947193 2.40989e-05
1752124815.929 87.268 0.06947845 2.13655e-05
1752124815.939 87.320 0.06953804 1.75661e-05
1752124815.948 87.372 0.06959484 1.60685e-05
1752124815.958 87.425 0.06962091 1.34109e-05
1752124815.968 87.477 0.06968982 1.18103e-05
1752124815.979 87.529 0.06971868 9.92207e-06
1752124815.988 87.581 0.06977175 8.56328e-06
1752124815.998 87.633 0.06981552 7.12953e-06
1752124816.008 87.686 0.06983880 6.36877e-06
1752124816.018 87.738 0.06991422 5.34664e-06
1752124816.063 87.790 0.07013769 3.34421e-06
1752124816.069 87.842 0.07016563 2.37545e-06
1752124816.078 87.894 0.07016563 2.63756e-06
1752124816.088 87.946 0.07020752 2.29131e-06
1752124816.098 87.998 0.07024570 2.63271e-06
1752124816.108 88.050 0.07027364 1.96643e-06
1752124816.118 88.102 0.07032578 1.94626e-06
1752124816.128 88.154 0.07035185 1.92858e-06
1752124816.138 88.205 0.07040772 1.68297e-06
1752124816.148 88.257 0.07044962 1.75421e-06
1752124816.158 88.309 0.07045707 1.74754e-06
1752124816.168 88.361 0.07051759 1.59661e-06
1752124816.178 88.412 0.07052504 1.51287e-06
1752124816.188 88.464 0.07057067 1.44719e-06
1752124816.198 88.516 0.07061257 1.45560e-06
1752124816.208 88.567 0.07061536 1.33345e-06
1752124816.218 88.619 0.07067589 1.32872e-06
1752124816.228 88.671 0.07070568 1.42443e-06
1752124816.238 88.722 0.07074386 1.26109e-06
1752124816.248 88.774 0.07078856 1.31920e-06
1752124816.258 88.825 0.07079787 1.23002e-06
1752124816.268 88.877 0.07084256 1.19816e-06
1752124816.278 88.928 0.07085187 1.21161e-06
1752124816.288 88.979 0.07089377 1.13988e-06
1752124816.298 89.031 0.07093567 1.14968e-06
1752124816.308 89.082 0.07095523 1.06738e-06
1752124816.318 89.133 0.07099992 1.06570e-06
1752124816.328 89.185 0.07102693 1.10320e-06
1752124816.338 89.236 0.07107348 1.06222e-06
1752124816.348 89.287 0.07112749 1.06195e-06
1752124816.358 89.338 0.07116287 1.02243e-06
1752124816.368 89.390 0.07121874 1.03500e-06
1752124816.378 89.441 0.07121409 1.13052e-06
1752124816.388 89.492 0.07126250 1.10300e-06
1752124816.398 89.543 0.07131279 1.16466e-06
1752124816.408 89.594 0.07134817 1.10946e-06
1752124816.418 89.645 0.07140496 1.20169e-06
1752124816.428 89.696 0.07144035 1.31738e-06
1752124816.438 89.747 0.07151949 1.33326e-06
1752124816.448 89.798 0.07155488 1.39121e-06
1752124816.458 89.849 0.07156885 1.39326e-06
1752124816.468 89.899 0.07164240 1.41449e-06
1752124816.478 89.950 0.07168803 1.55079e-06
1752124816.488 90.001 0.07172527 1.53801e-06
1752124816.498 90.052 0.07178208 1.59638e-06
1752124816.508 90.103 0.07180256 1.54849e-06
1752124816.518 90.153 0.07186587 1.56771e-06
1752124816.528 90.204 0.07189102 1.65652e-06
1752124816.538 90.255 0.07194037 1.62278e-06
1752124816.548 90.305 0.07199531 1.68572e-06
1752124816.558 90.356 0.07201951 1.63584e-06
1752124816.568 90.407 0.07207445 1.66188e-06
1752124816.614 90.457 0.07228023 1.74606e-06
1752124816.621 90.508 0.07231189 1.71412e-06
1752124816.629 90.558 0.07231189 1.76074e-06
1752124816.638 90.609 0.07236776 1.71323e-06
1752124816.648 90.659 0.07240780 1.77500e-06
1752124816.658 90.709 0.07242455 1.70105e-06
1752124816.668 90.760 0.07247484 1.70127e-06
1752124816.678 90.810 0.07249719 1.77153e-06
1752124816.688 90.860 0.07254747 1.67492e-06
1752124816.698 90.911 0.07258378 1.70343e-06
1752124816.708 90.961 0.07262289 1.57933e-06
1752124816.718 91.011 0.07266945 1.56135e-06
1752124816.728 91.062 0.07268062 1.59240e-06
1752124816.738 91.112 0.07274022 1.49207e-06
1752124816.748 91.162 0.07277560 1.51261e-06
1752124816.758 91.212 0.07279887 1.41763e-06
1752124816.768 91.262 0.07281936 1.42230e-06
1752124816.778 91.312 0.07283519 1.42007e-06
1752124816.788 91.362 0.07286033 1.31811e-06
1752124816.798 91.412 0.07288826 1.34325e-06
1752124816.808 91.462 0.07291433 1.25557e-06
1752124816.818 91.512 0.07298790 1.23116e-06
1752124816.828 91.562 0.07300372 1.28649e-06
1752124816.838 91.612 0.07302700 1.19625e-06
1752124816.848 91.662 0.07306425 1.21188e-06
1752124816.858 91.712 0.07309218 1.18983e-06
1752124816.868 91.762 0.07315270 1.15470e-06
1752124816.878 91.811 0.07316760 1.22367e-06
1752124816.888 91.861 0.07321137 1.13780e-06
1752124816.898 91.911 0.07325513 1.18274e-06
1752124816.908 91.961 0.07327096 1.10518e-06
1752124816.918 92.010 0.07333893 1.08512e-06
1752124816.928 92.060 0.07334731 1.16187e-06
1752124816.938 92.110 0.07338735 1.08162e-06
1752124816.948 92.159 0.07344601 1.11336e-06
1752124816.958 92.209 0.07348419 1.01491e-06
1752124816.968 92.258 0.07354658 1.03289e-06
1752124816.978 92.308 0.07356799 1.07243e-06
1752124816.988 92.358 0.07360803 9.87737e-07
1752124816.998 92.407 0.07368252 1.00093e-06
1752124817.008 92.456 0.07371138 9.40286e-07
1752124817.018 92.506 0.07377191 8.67237e-07
1752124817.028 92.555 0.07378960 9.52866e-07
1752124817.038 92.605 0.07383895 8.84652e-07
1752124817.048 92.654 0.07390041 9.03768e-07
1752124817.058 92.703 0.07393020 8.28128e-07
1752124817.068 92.753 0.07399166 7.80226e-07
1752124817.078 92.802 0.07399538 8.38042e-07
1752124817.088 92.851 0.07406056 7.91581e-07
1752124817.098 92.900 0.07411736 8.39783e-07
1752124817.108 92.950 0.07414622 8.01928e-07
1752124817.118 92.999 0.07419558 7.10498e-07
1752124817.165 93.048 0.07439763 6.88409e-07
1752124817.172 93.097 0.07440788 7.04544e-07
1752124817.178 93.146 0.07444978 7.56769e-07
1752124817.188 93.195 0.07444978 7.04523e-07
1752124817.198 93.244 0.07449726 7.36739e-07
1752124817.208 93.293 0.07450285 6.80836e-07
1752124817.218 93.342 0.07457082 6.96786e-07
1752124817.228 93.391 0.07459689 7.08063e-07
1752124817.238 93.440 0.07465369 6.76250e-07
1752124817.248 93.489 0.07469373 7.10516e-07
1752124817.258 93.538 0.07471887 6.32660e-07
1752124817.268 93.587 0.07474960 6.56857e-07
1752124817.278 93.636 0.07475798 6.90838e-07
1752124817.288 93.684 0.07480081 6.14217e-07
1752124817.298 93.733 0.07484272 6.31670e-07
1752124817.308 93.782 0.07485948 5.65109e-07
1752124817.318 93.831 0.07493210 5.59113e-07
1752124817.328 93.879 0.07493303 5.99853e-07
1752124817.338 93.928 0.07495631 5.21517e-07
1752124817.348 93.977 0.07499542 5.20599e-07
1752124817.358 94.025 0.07500846 4.59726e-07
1752124817.368 94.074 0.07506618 4.39669e-07
1752124817.378 94.123 0.07508202 5.02876e-07
1752124817.388 94.171 0.07511088 4.14419e-07
1752124817.398 94.220 0.07514812 4.36242e-07
1752124817.408 94.268 0.07517792 3.73426e-07
1752124817.418 94.317 0.07521610 3.70762e-07
1752124817.428 94.365 0.07523379 4.30188e-07
1752124817.438 94.414 0.07526731 3.46759e-07
1752124817.448 94.462 0.07531666 3.72382e-07
1752124817.458 94.510 0.07534087 3.18929e-07
1752124817.468 94.559 0.07541257 3.30924e-07
1752124817.478 94.607 0.07543119 3.73399e-07
1752124817.488 94.655 0.07546192 3.22043e-07
1752124817.498 94.704 0.07551313 3.51738e-07
1752124817.508 94.752 0.07554479 2.95410e-07
1752124817.518 94.800 0.07561276 3.05966e-07
1752124817.528 94.848 0.07563139 3.62668e-07
1752124817.538 94.896 0.07567794 3.09675e-07
1752124817.548 94.945 0.07573381 3.44908e-07
1752124817.558 94.993 0.07575709 2.86862e-07
1752124817.568 95.041 0.07581295 3.12284e-07
1752124817.578 95.089 0.07583717 3.46686e-07
1752124817.588 95.137 0.07589955 2.94817e-07
1752124817.598 95.185 0.07595170 3.09577e-07
1752124817.608 95.233 0.07598522 2.70260e-07
1752124817.618 95.281 0.07604201 2.78106e-07
1752124817.628 95.329 0.07605132 3.33277e-07
1752124817.638 95.377 0.07611464 2.83211e-07
1752124817.648 95.425 0.07615840 3.19879e-07
1752124817.658 95.473 0.07617610 2.75733e-07
1752124817.668 95.521 0.07622917 3.03772e-07
1752124817.713 95.569 0.07642750 2.61548e-07
1752124817.723 95.616 0.07644892 3.07006e-07
1752124817.743 95.664 0.07654390 3.68219e-07
1752124817.750 95.712 0.07653459 3.22388e-07
1752124817.758 95.760 0.07653459 4.22093e-07
1752124817.768 95.807 0.07660908 3.25567e-07
1752124817.778 95.855 0.07662677 4.28424e-07
1752124817.788 95.903 0.07666960 4.24135e-07
1752124817.798 95.950 0.07670312 4.97710e-07
1752124817.808 95.998 0.07672454 4.86454e-07
1752124817.818 96.046 0.07678413 5.55124e-07
1752124817.828 96.093 0.07678320 6.93328e-07
1752124817.838 96.141 0.07682789 7.06616e-07
1752124817.848 96.188 0.07687910 8.44677e-07
1752124817.858 96.236 0.07688842 8.79268e-07
1752124817.868 96.283 0.07690704 9.52889e-07
1752124817.878 96.331 0.07693031 1.12146e-06
1752124817.888 96.378 0.07696849 1.15347e-06
1752124817.898 96.426 0.07697781 1.40896e-06
1752124817.908 96.473 0.07700108 1.39130e-06
1752124817.918 96.520 0.07704484 1.50700e-06
1752124817.928 96.568 0.07704950 1.61171e-06
1752124817.938 96.615 0.07711468 1.76234e-06
1752124817.947 96.662 0.07714541 1.97635e-06
1752124817.957 96.710 0.07715192 2.00921e-06
1752124817.967 96.757 0.07720407 2.20082e-06
1752124817.977 96.804 0.07721711 2.33036e-06
1752124817.988 96.851 0.07727298 2.39870e-06
1752124817.998 96.899 0.07729439 2.56996e-06
1752124818.008 96.946 0.07731488 2.71282e-06
1752124818.017 96.993 0.07738844 2.71491e-06
1752124818.027 97.040 0.07740147 2.98935e-06
1752124818.037 97.087 0.07743592 3.06504e-06
1752124818.047 97.134 0.07749179 3.22976e-06
1752124818.057 97.181 0.07751041 3.19866e-06
1752124818.067 97.228 0.07757280 3.31798e-06
1752124818.077 97.275 0.07758770 3.47203e-06
1752124818.087 97.322 0.07763798 3.43313e-06
1752124818.097 97.369 0.07769757 3.58258e-06
1752124818.107 97.416 0.07772178 3.60793e-06
1752124818.117 97.463 0.07778044 3.76373e-06
1752124818.127 97.510 0.07780093 3.94561e-06
1752124818.137 97.557 0.07786424 4.12701e-06
1752124818.147 97.604 0.07789776 4.31224e-06
1752124818.157 97.651 0.07792756 4.51433e-06
1752124818.167 97.697 0.07798995 4.80873e-06
1752124818.177 97.744 0.07799740 5.23765e-06
1752124818.187 97.791 0.07806630 5.43493e-06
1752124818.197 97.838 0.07811472 5.67350e-06
1752124818.207 97.884 0.07815104 6.14234e-06
1752124818.217 97.931 0.07820225 6.54503e-06
1752124818.247 97.978 0.07829815 6.88529e-06
1752124818.272 98.024 0.07838382 7.29429e-06
1752124818.279 98.071 0.07843782 7.26005e-06
1752124818.287 98.118 0.07843782 7.19082e-06
1752124818.297 98.164 0.07848811 7.06408e-06
1752124818.307 98.211 0.07850859 6.90770e-06
1752124818.317 98.257 0.07856352 6.60222e-06
1752124818.327 98.304 0.07857097 6.51160e-06
1752124818.337 98.350 0.07861567 6.16983e-06
1752124818.347 98.397 0.07865943 5.83537e-06
1752124818.357 98.443 0.07869109 5.59435e-06
1752124818.367 98.490 0.07873765 5.15612e-06
1752124818.377 98.536 0.07873020 4.87909e-06
1752124818.387 98.582 0.07877955 4.59748e-06
1752124818.397 98.629 0.07882238 4.30760e-06
1752124818.407 98.675 0.07883169 3.97335e-06
1752124818.417 98.721 0.07888384 3.80358e-06
1752124818.427 98.768 0.07889780 3.59194e-06
1752124818.437 98.814 0.07892667 3.44545e-06
1752124818.447 98.860 0.07895367 3.35868e-06
1752124818.457 98.906 0.07897043 3.10772e-06
1752124818.467 98.953 0.07901699 3.05891e-06
1752124818.477 98.999 0.07902350 3.02716e-06
1752124818.487 99.045 0.07905982 2.88042e-06
1752124818.497 99.091 0.07911662 2.85134e-06
1752124818.507 99.137 0.07914176 2.76272e-06
1752124818.517 99.183 0.07917994 2.73162e-06
1752124818.527 99.229 0.07919577 2.76895e-06
1752124818.537 99.276 0.07923673 2.61515e-06
1752124818.547 99.322 0.07926653 2.50859e-06
1752124818.557 99.368 0.07928795 2.52731e-06
1752124818.567 99.414 0.07933264 2.49312e-06
1752124818.577 99.460 0.07934195 2.48824e-06
1752124818.587 99.505 0.07939875 2.41472e-06
1752124818.597 99.551 0.07945928 2.42128e-06
1752124818.607 99.597 0.07947045 2.42812e-06
1752124818.617 99.643 0.07953656 2.40713e-06
1752124818.627 99.689 0.07954680 2.44303e-06
1752124818.637 99.735 0.07960733 2.44921e-06
1752124818.647 99.781 0.07966319 2.36184e-06
1752124818.657 99.827 0.07968647 2.30984e-06
1752124818.667 99.872 0.07974327 2.31083e-06
1752124818.677 99.918 0.07976376 2.22296e-06
1752124818.687 99.964 0.07978983 2.08983e-06
1752124818.697 100.010 0.07984942 2.02324e-06
1752124818.707 100.055 0.07988294 1.84549e-06
1752124818.717 100.101 0.07993788 1.83344e-06
1752124818.727 100.147 0.07995650 1.77657e-06
1752124818.737 100.192 0.08002355 1.67620e-06
1752124818.747 100.238 0.08006358 1.59870e-06
1752124818.757 100.283 0.08009245 1.47695e-06
1752124818.767 100.329 0.08014646 1.39995e-06
1752124818.796 100.375 0.08023863 1.37834e-06
1752124818.807 100.420 0.08031592 1.08349e-06
1752124818.817 100.466 0.08031592 1.00397e-06
1752124818.827 100.511 0.08034013 1.00869e-06
1752124818.837 100.557 0.08037924 9.28953e-07
1752124818.847 100.602 0.08040624 9.24199e-07
1752124818.857 100.647 0.08043697 8.24970e-07
1752124818.867 100.693 0.08050122 8.45795e-07
1752124818.877 100.738 0.08051891 8.33579e-07
1752124818.887 100.784 0.08055895 7.50943e-07
1752124818.897 100.829 0.08059526 7.40332e-07
1752124818.907 100.874 0.08061575 6.72763e-07
1752124818.917 100.920 0.08066509 6.90834e-07
1752124818.927 100.965 0.08066509 6.75920e-07
1752124818.937 101.010 0.08070327 5.99579e-07
1752124818.947 101.055 0.08074983 6.32697e-07
1752124818.957 101.101 0.08076473 5.76161e-07
1752124818.967 101.146 0.08081687 5.92739e-07
1752124818.977 101.191 0.08082060 5.91560e-07
1752124818.987 101.236 0.08086995 5.15551e-07
1752124818.997 101.281 0.08090719 5.38398e-07
1752124819.007 101.326 0.08091744 5.08047e-07
1752124819.017 101.372 0.08097144 5.09707e-07
1752124819.027 101.417 0.08098447 5.28125e-07
1752124819.037 101.462 0.08105059 4.66927e-07
1752124819.047 101.507 0.08105431 4.82188e-07
1752124819.057 101.552 0.08108131 4.48094e-07
1752124819.067 101.597 0.08112973 4.82175e-07
1752124819.077 101.642 0.08115115 4.99561e-07
1752124819.087 101.687 0.08119491 4.23383e-07
1752124819.097 101.732 0.08123122 4.60925e-07
1752124819.107 101.777 0.08125451 4.23049e-07
1752124819.117 101.822 0.08131410 4.60843e-07
1752124819.127 101.866 0.08133458 4.87049e-07
1752124819.137 101.911 0.08138114 4.08718e-07
1752124819.147 101.956 0.08141373 4.47975e-07
1752124819.157 102.001 0.08142769 4.17642e-07
1752124819.167 102.046 0.08148450 4.58361e-07
1752124819.177 102.091 0.08151802 4.74405e-07
1752124819.187 102.135 0.08157482 4.18790e-07
1752124819.197 102.180 0.08160461 4.57874e-07
1752124819.207 102.225 0.08163068 4.25429e-07
1752124819.217 102.270 0.08168375 4.90013e-07
1752124819.227 102.314 0.08169959 5.27130e-07
1752124819.237 102.359 0.08174521 4.79610e-07
1752124819.247 102.404 0.08178339 5.77747e-07
1752124819.358 102.448 0.08223592 3.88073e-06
1752124819.367 102.493 0.08223592 4.17507e-06
1752124819.377 102.537 0.08225454 4.62826e-06
1752124819.387 102.582 0.08230482 5.35520e-06
1752124819.397 102.627 0.08235231 6.23007e-06
1752124819.407 102.671 0.08237373 6.79361e-06
1752124819.417 102.716 0.08240259 7.43464e-06
1752124819.427 102.760 0.08239142 8.52451e-06
1752124819.437 102.805 0.08242680 9.87277e-06
1752124819.447 102.849 0.08245008 1.02283e-05
1752124819.457 102.893 0.08245939 1.11938e-05
1752124819.467 102.938 0.08248081 1.18978e-05
1752124819.477 102.982 0.08246871 1.24692e-05
1752124819.487 103.027 0.08249384 1.31995e-05
1752124819.497 103.071 0.08251247 1.37083e-05
1752124819.507 103.115 0.08250316 1.42931e-05
1752124819.517 103.160 0.08253854 1.49024e-05
1752124819.527 103.204 0.08251060 1.54027e-05
1752124819.537 103.248 0.08254972 1.62374e-05
1752124819.547 103.293 0.08255809 1.70250e-05
1752124819.557 103.337 0.08254785 1.75834e-05
1752124819.567 103.381 0.08256834 1.81813e-05
1752124819.577 103.425 0.08257392 1.87309e-05
1752124819.587 103.469 0.08261862 1.96732e-05
1752124819.597 103.514 0.08265307 2.00680e-05
1752124819.607 103.558 0.08272290 2.14738e-05
1752124819.617 103.602 0.08272290 2.20051e-05
1752124819.627 103.646 0.08273594 2.32437e-05
1752124819.637 103.690 0.08277784 2.38819e-05
1752124819.647 103.734 0.08282812 2.45015e-05
1752124819.657 103.778 0.08285699 2.55153e-05
1752124819.667 103.822 0.08290448 2.65844e-05
1752124819.677 103.866 0.08290820 2.77625e-05
1752124819.687 103.910 0.08295662 2.84542e-05
1752124819.696 103.954 0.08301994 2.94125e-05
1752124819.706 103.998 0.08303856 3.07262e-05
1752124819.716 104.042 0.08310373 3.31075e-05
1752124819.726 104.086 0.08312702 3.49336e-05
1752124819.736 104.130 0.08317078 3.62238e-05
1752124819.746 104.174 0.08321175 4.08975e-05
1752124819.756 104.218 0.08324155 4.18048e-05
1752124819.766 104.262 0.08330672 4.36699e-05
1752124819.776 104.305 0.08333001 4.92765e-05
1752124819.786 104.349 0.08338866 5.09841e-05
1752124819.796 104.393 0.08342125 5.36120e-05
1752124819.806 104.437 0.08344919 5.80702e-05
1752124819.816 104.481 0.08350785 6.32959e-05
1752124819.826 104.524 0.08353020 6.73235e-05
1752124819.836 104.568 0.08357210 7.00600e-05
1752124819.846 104.612 0.08360376 7.30015e-05
1752124819.856 104.655 0.08363076 7.53829e-05
1752124819.866 104.699 0.08369035 7.79876e-05
1752124819.910 104.743 0.08386354 7.90527e-05
1752124819.917 104.786 0.08387937 7.82505e-05
1752124819.926 104.830 0.08387937 7.64019e-05
1752124819.936 104.874 0.08391848 7.32703e-05
1752124819.946 104.917 0.08395386 7.11052e-05
1752124819.956 104.961 0.08396597 6.76620e-05
1752124819.966 105.004 0.08402463 6.52990e-05
1752124819.976 105.048 0.08402370 6.27279e-05
1752124819.986 105.091 0.08406839 5.73971e-05
1752124819.997 105.135 0.08410936 5.63951e-05
1752124820.007 105.178 0.08413078 5.24810e-05
1752124820.017 105.222 0.08418385 4.94820e-05
1752124820.026 105.265 0.08419316 4.59740e-05
1752124820.036 105.309 0.08422576 4.39708e-05
1752124820.046 105.352 0.08425648 4.08553e-05
1752124820.057 105.395 0.08427045 3.79723e-05
1752124820.067 105.439 0.08432446 3.54640e-05
1752124820.076 105.482 0.08433097 3.32857e-05
1752124820.086 105.525 0.08434773 3.15928e-05
1752124820.096 105.569 0.08437287 2.95129e-05
1752124820.106 105.612 0.08439056 2.82182e-05
1752124820.116 105.655 0.08443899 2.67007e-05
1752124820.126 105.699 0.08445481 2.57431e-05
1752124820.136 105.742 0.08450602 2.51339e-05
1752124820.146 105.785 0.08453303 2.33009e-05
1752124820.156 105.828 0.08454327 2.27833e-05
1752124820.166 105.871 0.08460566 2.21925e-05
1752124820.176 105.915 0.08461683 2.16937e-05
1752124820.186 105.958 0.08465687 2.19926e-05
1752124820.196 106.001 0.08468480 2.09773e-05
1752124820.206 106.044 0.08471460 2.02336e-05
1752124820.216 106.087 0.08476581 2.01285e-05
1752124820.226 106.130 0.08477606 1.97168e-05
1752124820.236 106.173 0.08482820 1.92074e-05
1752124820.246 106.216 0.08485427 1.87893e-05
1752124820.256 106.259 0.08487848 1.82415e-05
1752124820.266 106.302 0.08495483 1.73442e-05
1752124820.276 106.345 0.08496135 1.71642e-05
1752124820.286 106.388 0.08501256 1.64358e-05
1752124820.296 106.431 0.08503584 1.55306e-05
1752124820.306 106.474 0.08505074 1.50733e-05
1752124820.316 106.517 0.08512244 1.46999e-05
1752124820.326 106.560 0.08514013 1.42128e-05
1752124820.336 106.603 0.08519972 1.39556e-05
1752124820.346 106.646 0.08524162 1.32744e-05
1752124820.356 106.689 0.08526676 1.25982e-05
1752124820.366 106.732 0.08533474 1.19714e-05
1752124820.376 106.774 0.08534870 1.12540e-05
1752124820.386 106.817 0.08539153 1.04598e-05
1752124820.396 106.860 0.08542040 9.77584e-06
1752124820.406 106.903 0.08544554 9.17009e-06
1752124820.416 106.946 0.08549954 8.49468e-06
1752124820.470 106.988 0.08566529 6.75230e-06
1752124820.478 107.031 0.08572488 6.55865e-06
1752124820.486 107.074 0.08572488 6.50888e-06
1752124820.496 107.116 0.08576213 5.88782e-06
1752124820.506 107.159 0.08577237 5.74419e-06
1752124820.516 107.202 0.08581986 5.29433e-06
1752124820.526 107.244 0.08583196 4.95805e-06
1752124820.536 107.287 0.08587945 5.11490e-06
1752124820.546 107.330 0.08591204 4.59983e-06
1752124820.556 107.372 0.08593252 4.12616e-06
1752124820.566 107.415 0.08599026 3.84785e-06
1752124820.576 107.457 0.08598653 3.66846e-06
1752124820.586 107.500 0.08602377 3.59514e-06
1752124820.596 107.542 0.08605078 3.51292e-06
1752124820.606 107.585 0.08606660 3.36483e-06
1752124820.616 107.627 0.08610572 3.19694e-06
1752124820.626 107.670 0.08613179 2.98056e-06
1752124820.636 107.712 0.08617275 2.98970e-06
1752124820.646 107.755 0.08618579 3.00149e-06
1752124820.656 107.797 0.08619231 2.85859e-06
1752124820.666 107.839 0.08623514 2.89175e-06
1752124820.676 107.882 0.08622862 2.66490e-06
1752124820.686 107.924 0.08626401 2.80302e-06
1752124820.696 107.967 0.08628635 2.71789e-06
1752124820.706 108.009 0.08632081 2.48065e-06
1752124820.716 108.051 0.08638692 2.54679e-06
1752124820.726 108.093 0.08638226 2.37174e-06
1752124820.736 108.136 0.08641019 2.39033e-06
1752124820.746 108.178 0.08645582 2.46554e-06
1752124820.756 108.220 0.08646979 2.27860e-06
1752124820.766 108.263 0.08652380 2.13847e-06
1752124820.776 108.305 0.08651727 2.19076e-06
1752124820.786 108.347 0.08657128 2.10159e-06
1752124820.796 108.389 0.08660946 2.15888e-06
1752124820.806 108.431 0.08664204 2.06024e-06
1752124820.816 108.473 0.08670536 1.95975e-06
1752124820.826 108.516 0.08671281 1.91112e-06
1752124820.836 108.558 0.08675192 1.88753e-06
1752124820.846 108.600 0.08678731 1.91991e-06
1752124820.856 108.642 0.08682362 1.82149e-06
1752124820.866 108.684 0.08688414 1.77770e-06
1752124820.876 108.726 0.08689904 1.67093e-06
1752124820.886 108.768 0.08695584 1.60684e-06
1752124820.896 108.810 0.08699402 1.63193e-06
1752124820.906 108.852 0.08701264 1.56057e-06
1752124820.916 108.894 0.08707037 1.55472e-06
1752124820.926 108.936 0.08707968 1.54445e-06
1752124820.936 108.978 0.08714765 1.41178e-06
1752124820.946 109.020 0.08716814 1.47008e-06
1752124820.956 109.062 0.08717838 1.45356e-06
1752124820.966 109.104 0.08724077 1.41904e-06
1752124820.976 109.146 0.08725939 1.36648e-06
1752124821.020 109.188 0.08743258 1.23608e-06
1752124821.027 109.229 0.08748100 1.20630e-06
1752124821.036 109.271 0.08748100 1.19018e-06
1752124821.046 109.313 0.08750893 1.12996e-06
1752124821.056 109.355 0.08753966 1.19835e-06
1752124821.066 109.397 0.08759832 1.13366e-06
1752124821.076 109.438 0.08759832 1.10110e-06
1752124821.086 109.480 0.08764395 1.06837e-06
1752124821.096 109.522 0.08767561 1.06708e-06
1752124821.106 109.564 0.08767840 1.08360e-06
1752124821.116 109.605 0.08771751 1.07949e-06
1752124821.126 109.647 0.08773613 1.05891e-06
1752124821.136 109.689 0.08778548 9.74163e-07
1752124821.146 109.730 0.08779386 9.96858e-07
1752124821.156 109.772 0.08782831 9.44764e-07
1752124821.166 109.814 0.08785997 9.85055e-07
1752124821.176 109.855 0.08784880 9.77909e-07
1752124821.186 109.897 0.08790001 9.17419e-07
1752124821.196 109.939 0.08792794 9.32483e-07
1752124821.206 109.980 0.08794656 9.34509e-07
1752124821.216 110.022 0.08799219 9.63240e-07
