1747744057.766 42.744 0.03513449 2.51968e-08
1747744057.772 42.914 0.03512797 4.70359e-08
1747744057.778 43.084 0.03512052 7.03560e-09
1747744057.787 43.254 0.03512052 6.30680e-08
1747744057.797 43.422 0.03511680 1.03376e-08
1747744057.807 43.590 0.03512052 7.31383e-08
1747744057.855 43.758 0.03510656 4.54011e-08
1747744057.905 43.925 0.03517267 4.15396e-08
1747744057.955 44.091 0.03534493 4.37629e-08
1747744058.005 44.256 0.03570900 3.95879e-08
1747744058.056 44.421 0.03605818 3.87957e-08
1747744058.106 44.585 0.03628724 3.77747e-08
1747744058.156 44.749 0.03641014 6.73296e-08
1747744058.162 44.912 0.03645577 6.37586e-08
1747744058.168 45.075 0.03645018 1.55339e-07
1747744058.177 45.237 0.03645018 1.51366e-07
1747744058.187 45.398 0.03645205 1.84133e-07
1747744058.197 45.559 0.03645670 2.56584e-07
1747744058.207 45.719 0.03647812 3.48226e-07
1747744058.217 45.878 0.03647067 3.61124e-07
1747744058.227 46.037 0.03646043 4.31824e-07
1747744058.237 46.196 0.03646415 4.47984e-07
1747744058.247 46.354 0.03648184 4.56179e-07
1747744058.257 46.511 0.03651723 5.97733e-07
1747744058.267 46.668 0.03652654 6.19258e-07
1747744058.296 46.825 0.03658520 7.16964e-07
1747744058.320 46.981 0.03671276 1.62097e-06
1747744058.327 47.136 0.03671276 1.84602e-06
1747744058.337 47.291 0.03678353 2.31132e-06
1747744058.347 47.445 0.03686826 2.38080e-06
1747744058.356 47.599 0.03695393 2.61120e-06
1747744058.367 47.752 0.03705821 2.44895e-06
1747744058.377 47.905 0.03715692 2.05210e-06
1747744058.386 48.057 0.03725748 1.18601e-06
1747744058.396 48.209 0.03737666 4.28216e-07
1747744058.406 48.361 0.03752657 6.26849e-08
1747744058.454 48.512 0.03818209 5.12406e-08
1747744058.524 48.662 0.03904432 4.58325e-08
1747744058.572 48.812 0.03951175 4.03965e-08
1747744058.622 48.962 0.03977806 3.77618e-08
1747744058.672 49.111 0.03983858 3.66529e-08
1747744058.722 49.259 0.03981996 3.75811e-08
1747744058.772 49.408 0.03979482 3.94514e-08
1747744058.852 49.555 0.03990656 7.11405e-08
1747744058.858 49.703 0.03993449 3.96736e-08
1747744058.907 49.850 0.04007881 4.38901e-08
1747744058.957 49.996 0.04020266 4.53112e-08
1747744059.007 50.142 0.04034419 4.69907e-08
1747744059.057 50.288 0.04050713 4.66943e-08
1747744059.108 50.433 0.04061608 4.42603e-08
1747744059.158 50.577 0.04073526 4.82035e-08
1747744059.207 50.722 0.04084886 4.60251e-08
1747744059.258 50.866 0.04098853 4.67453e-08
1747744059.308 51.009 0.04106302 4.56760e-08
1747744059.316 51.152 0.04106302 2.16784e-08
1747744059.326 51.295 0.04111237 4.47208e-08
1747744059.336 51.437 0.04112075 2.94145e-08
1747744059.346 51.579 0.04112913 1.98501e-08
1747744059.356 51.721 0.04114776 7.84860e-08
1747744059.405 51.862 0.04126322 3.55810e-08
1747744059.412 52.003 0.04130698 -2.36630e-09
1747744059.418 52.143 0.04133398 8.16596e-08
1747744059.426 52.283 0.04133398 3.96669e-08
1747744059.436 52.423 0.04136843 2.84690e-08
1747744059.446 52.562 0.04137216 1.74026e-08
1747744059.456 52.701 0.04140847 7.81085e-08
1747744059.504 52.840 0.04167757 4.71766e-08
1747744059.511 52.978 0.04174182 -1.51641e-08
1747744059.517 53.116 0.04178093 4.67474e-08
1747744059.526 53.253 0.04178093 4.98107e-08
1747744059.536 53.390 0.04184611 2.67636e-08
1747744059.546 53.527 0.04192898 2.08291e-08
1747744059.556 53.663 0.04202488 8.00150e-08
1747744059.604 53.799 0.04245786 4.70428e-08
1747744059.610 53.935 0.04255284 -1.34441e-08
1747744059.616 54.070 0.04255284 2.54117e-08
1747744059.626 54.205 0.04264409 4.49336e-08
1747744059.636 54.340 0.04274465 2.49747e-08
1747744059.646 54.475 0.04283683 1.90853e-08
1747744059.656 54.609 0.04293274 7.95846e-08
1747744059.703 54.742 0.04337223 5.76842e-08
1747744059.710 54.876 0.04344766 -1.52856e-08
1747744059.717 55.009 0.04355381 4.84193e-08
1747744059.726 55.141 0.04355381 4.94013e-08
1747744059.736 55.274 0.04363482 2.12009e-08
1747744059.746 55.406 0.04370372 8.96470e-09
1747744059.756 55.538 0.04377356 8.12744e-08
1747744059.804 55.669 0.04413390 4.37982e-08
1747744059.854 55.800 0.04445515 4.14765e-08
1747744059.905 55.931 0.04476801 4.10038e-08
1747744059.991 56.062 0.04518422 4.84844e-08
1747744059.997 56.192 0.04523264 2.74297e-08
1747744060.006 56.322 0.04523264 5.24552e-08
1747744060.054 56.452 0.04534252 4.15184e-08
1747744060.105 56.581 0.04539373 4.08212e-08
1747744060.155 56.710 0.04542632 4.05950e-08
1747744060.161 56.839 0.04544215 3.72300e-10
1747744060.168 56.967 0.04545984 8.08115e-08
1747744060.175 57.096 0.04545984 4.43740e-08
1747744060.185 57.223 0.04549708 2.22713e-08
1747744060.195 57.351 0.04551478 4.51216e-08
1747744060.205 57.478 0.04553340 8.59830e-08
1747744060.215 57.605 0.04555668 1.11960e-08
1747744060.225 57.732 0.04559765 3.66224e-08
1747744060.235 57.859 0.04560882 2.07318e-08
1747744060.245 57.985 0.04563676 3.14197e-08
1747744060.255 58.111 0.04568331 8.36329e-08
1747744060.265 58.236 0.04573825 6.38510e-09
1747744060.275 58.362 0.04579784 3.81260e-08
1747744060.285 58.487 0.04579691 2.24545e-08
1747744060.305 58.612 0.04590958 4.10274e-08
1747744060.310 58.736 0.04595800 -9.70750e-09
1747744060.316 58.861 0.04602597 3.52195e-08
1747744060.325 58.985 0.04602597 4.04456e-08
1747744060.335 59.109 0.04608649 2.12041e-08
1747744060.345 59.232 0.04613212 3.07979e-08
1747744060.355 59.356 0.04625037 8.63912e-08
1747744060.365 59.479 0.04628948 1.19227e-08
1747744060.375 59.601 0.04638259 4.22446e-08
1747744060.385 59.724 0.04648502 2.32365e-08
1747744060.395 59.846 0.04659210 3.30516e-08
1747744060.405 59.968 0.04669639 8.47685e-08
1747744060.415 60.090 0.04678950 2.22990e-09
1747744060.425 60.212 0.04688354 3.60972e-08
1747744060.435 60.333 0.04699807 2.17853e-08
1747744060.445 60.454 0.04712005 2.57580e-08
1747744060.455 60.575 0.04724110 8.53290e-08
1747744060.465 60.695 0.04733980 -3.46000e-11
1747744060.475 60.816 0.04749064 3.74945e-08
1747744060.485 60.936 0.04761355 2.33612e-08
1747744060.495 61.055 0.04774671 4.58292e-08
1747744060.544 61.175 0.04831470 4.02275e-08
1747744060.550 61.294 0.04843388 4.53140e-08
1747744060.556 61.414 0.04854655 4.39566e-08
1747744060.604 61.533 0.04898977 4.87294e-08
1747744060.611 61.651 0.04906147 -1.88750e-09
1747744060.619 61.770 0.04912292 7.39857e-08
1747744060.625 61.888 0.04916855 -8.88640e-09
1747744060.635 62.006 0.04916855 2.67359e-08
1747744060.645 62.124 0.04928308 4.13410e-08
1747744060.655 62.241 0.04937712 8.53664e-08
1747744060.703 62.359 0.04964343 6.63382e-08
1747744060.753 62.476 0.04983524 6.70369e-08
1747744060.759 62.593 0.04990414 -1.16901e-08
1747744060.765 62.709 0.04990414 3.44069e-08
1747744060.775 62.826 0.04989576 4.56253e-08
1747744060.785 62.942 0.04994604 3.51825e-08
1747744060.795 63.058 0.04998981 5.00482e-08
1747744060.805 63.174 0.05002053 8.05583e-08
1747744060.853 63.290 0.05025797 6.02647e-08
1747744060.860 63.405 0.05028032 -1.29999e-08
1747744060.867 63.520 0.05034922 4.90324e-08
1747744060.876 63.635 0.05034922 4.80932e-08
1747744060.885 63.750 0.05038368 3.64254e-08
1747744060.896 63.865 0.05042930 4.28964e-08
1747744060.905 63.979 0.05047958 7.68395e-08
1747744060.954 64.093 0.05075148 4.47325e-08
1747744061.004 64.207 0.05106248 4.90752e-08
1747744061.094 64.321 0.05165654 3.52180e-09
1747744061.101 64.434 0.05171613 1.08420e-07
1747744061.108 64.548 0.05176548 2.02610e-07
1747744061.116 64.661 0.05183159 5.83308e-07
1747744061.125 64.774 0.05183159 7.97621e-07
1747744061.135 64.887 0.05182694 1.32414e-06
1747744061.145 64.999 0.05186697 2.51875e-06
1747744061.155 65.112 0.05191725 3.37990e-06
1747744061.165 65.224 0.05193402 4.92378e-06
1747744061.175 65.336 0.05196009 7.07558e-06
1747744061.185 65.448 0.05201595 9.41203e-06
1747744061.195 65.559 0.05199640 1.18663e-05
1747744061.205 65.671 0.05199268 1.46675e-05
1747744061.215 65.782 0.05201223 1.73251e-05
1747744061.225 65.893 0.05204203 2.04803e-05
1747744061.235 66.004 0.05205786 2.47181e-05
1747744061.245 66.114 0.05209045 2.74426e-05
1747744061.255 66.225 0.05208393 3.14187e-05
1747744061.265 66.335 0.05207276 3.54975e-05
1747744061.275 66.445 0.05210069 3.95489e-05
1747744061.285 66.555 0.05217891 4.16762e-05
1747744061.295 66.665 0.05221522 4.26551e-05
1747744061.305 66.774 0.05226178 4.23924e-05
1747744061.315 66.884 0.05233161 4.14070e-05
1747744061.325 66.993 0.05237631 4.02644e-05
1747744061.335 67.102 0.05247408 3.79288e-05
1747744061.345 67.211 0.05255415 3.29097e-05
1747744061.355 67.320 0.05262119 2.57187e-05
1747744061.365 67.428 0.05269196 1.50246e-05
1747744061.375 67.536 0.05282791 5.90623e-06
1747744061.385 67.645 0.05294616 1.22527e-06
1747744061.395 67.753 0.05302438 3.65842e-07
1747744061.405 67.860 0.05315101 8.45126e-08
1747744061.453 67.968 0.05371900 1.01372e-07
1747744061.458 68.076 0.05384657 2.52240e-08
1747744061.465 68.183 0.05384657 5.12762e-08
1747744061.475 68.290 0.05394527 7.34334e-08
1747744061.485 68.397 0.05404490 5.50302e-08
1747744061.495 68.504 0.05417619 8.34409e-08
1747744061.505 68.610 0.05431027 1.17945e-07
1747744061.515 68.717 0.05438383 3.07343e-08
1747744061.525 68.823 0.05446205 6.57324e-08
1747744061.535 68.929 0.05458403 2.57430e-08
1747744061.545 69.035 0.05468366 5.92321e-08
1747744061.555 69.141 0.05476746 1.08416e-07
1747744061.565 69.247 0.05482333 3.03159e-08
1747744061.575 69.352 0.05488292 7.51592e-08
1747744061.585 69.458 0.05496765 4.96585e-08
1747744061.595 69.563 0.05504866 7.25067e-08
1747744061.647 69.668 0.05533452 4.60785e-08
1747744061.655 69.773 0.05541273 1.20333e-06
1747744061.665 69.877 0.05541273 1.94324e-06
1747744061.675 69.982 0.05544998 3.81479e-06
1747744061.685 70.086 0.05548909 5.55639e-06
1747744061.695 70.190 0.05557848 9.53723e-06
1747744061.705 70.295 0.05563714 1.70180e-05
1747744061.715 70.398 0.05566600 3.44601e-05
1747744061.725 70.502 0.05573211 4.76538e-05
1747744061.735 70.606 0.05580381 6.75663e-05
1747744061.745 70.709 0.05583547 9.51464e-05
1747744061.755 70.813 0.05589972 1.39060e-04
1747744061.765 70.916 0.05596117 1.60120e-04
1747744061.775 71.019 0.05604963 1.61266e-04
1747744061.785 71.122 0.05606453 1.56816e-04
1747744061.795 71.224 0.05614368 1.48581e-04
1747744061.805 71.327 0.05623120 1.33681e-04
1747744061.815 71.429 0.05625634 1.14097e-04
1747744061.825 71.532 0.05636994 8.51989e-05
1747744061.835 71.634 0.05642487 4.06139e-05
1747744061.845 71.736 0.05644629 1.12136e-05
1747744061.855 71.838 0.05653102 8.09742e-06
1747744061.865 71.939 0.05662786 6.33726e-06
1747744061.875 72.041 0.05669770 5.44853e-06
1747744061.885 72.142 0.05675357 5.01788e-06
1747744061.895 72.244 0.05684109 4.51340e-06
1747744061.905 72.345 0.05691372 3.82314e-06
1747744061.915 72.446 0.05700218 2.68168e-06
1747744061.924 72.546 0.05709343 8.48966e-07
1747744061.934 72.647 0.05718282 3.06657e-07
1747744061.944 72.748 0.05727966 1.98673e-07
1747744061.954 72.848 0.05735043 1.92150e-07
1747744061.964 72.948 0.05743330 1.66910e-07
1747744061.974 73.049 0.05752175 2.33952e-07
1747744061.985 73.149 0.05762604 2.16607e-07
1747744061.995 73.248 0.05771636 2.08788e-07
1747744062.005 73.348 0.05780109 3.19223e-07
1747744062.016 73.448 0.05799012 2.53890e-07
1747744062.024 73.547 0.05799012 2.27912e-07
1747744062.034 73.647 0.05804598 2.21906e-07
1747744062.044 73.746 0.05813816 2.43015e-07
1747744062.054 73.845 0.05823407 3.05093e-07
1747744062.066 73.944 0.05841564 3.06986e-07
1747744062.074 74.043 0.05841564 2.72006e-07
1747744062.084 74.141 0.05848082 2.62294e-07
1747744062.094 74.240 0.05855997 3.02754e-07
1747744062.104 74.338 0.05868474 3.55460e-07
1747744062.114 74.437 0.05875830 2.36165e-07
1747744062.124 74.535 0.05883558 2.46052e-07
1747744062.134 74.633 0.05889704 2.18647e-07
1747744062.144 74.731 0.05896873 2.42314e-07
1747744062.154 74.828 0.05904323 2.86015e-07
1747744062.202 74.926 0.05945386 3.63366e-07
1747744062.208 75.023 0.05951345 5.59527e-07
1747744062.214 75.121 0.05951345 5.71799e-07
1747744062.224 75.218 0.05961122 5.72231e-07
1747744062.234 75.315 0.05967454 5.97472e-07
1747744062.244 75.412 0.05971644 1.07508e-06
1747744062.254 75.509 0.05980210 2.65018e-06
1747744062.264 75.606 0.05986821 4.14817e-06
1747744062.274 75.702 0.05993618 8.07212e-06
1747744062.284 75.799 0.06002092 1.46156e-05
1747744062.294 75.895 0.06007586 3.09964e-05
1747744062.304 75.992 0.06015314 5.64200e-05
1747744062.314 76.088 0.06022204 1.03277e-04
1747744062.324 76.184 0.06028350 1.57965e-04
1747744062.334 76.280 0.06033750 2.55492e-04
1747744062.344 76.375 0.06042131 3.52245e-04
1747744062.354 76.471 0.06045296 4.35959e-04
1747744062.364 76.567 0.06052094 4.51518e-04
1747744062.374 76.662 0.06060660 4.47410e-04
1747744062.384 76.757 0.06063547 4.28969e-04
1747744062.394 76.853 0.06068947 3.94282e-04
1747744062.404 76.948 0.06073603 3.44995e-04
1747744062.414 77.043 0.06080400 2.88157e-04
1747744062.424 77.137 0.06085522 2.06182e-04
1747744062.434 77.232 0.06091108 6.49610e-05
1747744062.444 77.327 0.06099861 1.97276e-05
1747744062.454 77.421 0.06107217 7.81850e-06
1747744062.464 77.516 0.06112897 3.28798e-06
1747744062.474 77.610 0.06122301 8.59743e-07
1747744062.484 77.704 0.06129750 3.61200e-07
1747744062.494 77.798 0.06135244 3.58552e-07
1747744062.504 77.892 0.06140645 5.01912e-07
1747744062.514 77.986 0.06150607 6.16873e-07
1747744062.524 78.079 0.06160291 1.03893e-06
1747744062.534 78.173 0.06166716 2.00686e-06
1747744062.544 78.266 0.06176773 4.11304e-06
1747744062.554 78.360 0.06184129 5.89401e-06
1747744062.564 78.453 0.06192136 8.91138e-06
1747744062.574 78.546 0.06200889 1.37944e-05
1747744062.584 78.639 0.06209269 1.53000e-05
1747744062.594 78.732 0.06216346 1.52898e-05
1747744062.604 78.825 0.06227705 1.48745e-05
1747744062.614 78.918 0.06235620 1.35591e-05
1747744062.624 79.010 0.06243535 1.13769e-05
1747744062.634 79.103 0.06252567 7.81582e-06
1747744062.644 79.195 0.06260296 2.99173e-06
1747744062.654 79.287 0.06269420 1.86366e-06
1747744062.664 79.379 0.06276870 1.32438e-06
1747744062.674 79.471 0.06282363 1.09204e-06
1747744062.684 79.563 0.06290557 7.35785e-07
1747744062.694 79.655 0.06298751 6.10171e-07
1747744062.704 79.747 0.06306107 5.70980e-07
1747744062.752 79.839 0.06343632 3.81119e-07
1747744062.758 79.930 0.06350802 3.08885e-07
1747744062.765 80.022 0.06356761 3.70737e-07
1747744062.774 80.113 0.06356761 3.95148e-07
1747744062.784 80.204 0.06364303 3.96325e-07
1747744062.794 80.295 0.06372125 4.50290e-07
1747744062.804 80.386 0.06378456 6.00093e-07
1747744062.814 80.477 0.06385905 7.66058e-07
1747744062.824 80.568 0.06392702 1.13191e-06
1747744062.834 80.658 0.06398941 1.52424e-06
1747744062.844 80.749 0.06407415 2.40066e-06
1747744062.854 80.840 0.06411325 2.92274e-06
1747744062.864 80.930 0.06417843 3.22100e-06
1747744062.874 81.020 0.06421382 3.23910e-06
1747744062.884 81.110 0.06425665 3.13341e-06
1747744062.894 81.200 0.06431065 3.02225e-06
1747744062.904 81.290 0.06436931 2.92291e-06
1747744062.914 81.380 0.06441773 2.54627e-06
1747744062.924 81.470 0.06446708 2.25246e-06
1747744062.934 81.560 0.06453692 1.71331e-06
1747744062.944 81.649 0.06461234 9.31638e-07
1747744062.954 81.739 0.06467286 6.24059e-07
1747744062.964 81.828 0.06469707 4.37332e-07
1747744062.974 81.918 0.06473804 5.20121e-07
1747744062.984 82.007 0.06481905 5.96617e-07
1747744062.994 82.096 0.06489075 7.26625e-07
1747744063.004 82.185 0.06493824 8.08612e-07
1747744063.014 82.274 0.06498852 7.46044e-07
1747744063.024 82.363 0.06508536 8.05318e-07
1747744063.034 82.451 0.06515240 8.10435e-07
1747744063.046 82.540 0.06529673 9.64266e-07
1747744063.054 82.628 0.06529673 1.07499e-06
1747744063.064 82.717 0.06539170 1.16883e-06
1747744063.074 82.805 0.06548482 1.58652e-06
1747744063.084 82.893 0.06553230 2.72716e-06
1747744063.094 82.982 0.06559935 4.40790e-06
1747744063.104 83.070 0.06563566 8.98884e-06
1747744063.114 83.158 0.06572505 1.60939e-05
1747744063.124 83.245 0.06583865 2.88464e-05
1747744063.134 83.333 0.06594386 4.18173e-05
1747744063.145 83.421 0.06607422 9.95108e-05
1747744063.154 83.508 0.06607422 1.27848e-04
1747744063.164 83.596 0.06613382 1.85420e-04
1747744063.174 83.683 0.06621482 2.99519e-04
1747744063.184 83.771 0.06632656 3.60766e-04
1747744063.194 83.858 0.06643085 3.82596e-04
1747744063.204 83.945 0.06649044 3.71320e-04
1747744063.214 84.032 0.06657051 3.55195e-04
1747744063.224 84.119 0.06663011 3.28794e-04
1747744063.234 84.206 0.06669250 2.81115e-04
1747744063.250 84.293 0.06684427 1.11800e-04
1747744063.256 84.379 0.06691690 4.85518e-05
1747744063.309 84.466 0.06724652 4.90432e-07
1747744063.315 84.552 0.06733125 4.68085e-07
1747744063.324 84.639 0.06733125 4.56608e-07
1747744063.334 84.725 0.06740016 4.38560e-07
1747744063.344 84.811 0.06746068 4.88386e-07
1747744063.354 84.898 0.06750165 6.98001e-07
1747744063.364 84.984 0.06755007 7.73656e-07
1747744063.374 85.070 0.06763760 9.69700e-07
1747744063.384 85.156 0.06771767 9.84727e-07
1747744063.394 85.241 0.06778751 1.02311e-06
1747744063.404 85.327 0.06782103 1.11518e-06
1747744063.414 85.413 0.06785734 1.11648e-06
1747744063.424 85.498 0.06788993 1.27139e-06
1747744063.434 85.584 0.06794394 1.34540e-06
1747744063.444 85.669 0.06802029 1.51465e-06
1747744063.454 85.754 0.06805661 1.77389e-06
1747744063.464 85.840 0.06811713 1.99968e-06
1747744063.474 85.925 0.06816183 2.56130e-06
1747744063.484 86.010 0.06821862 2.87354e-06
1747744063.494 86.095 0.06825587 3.13523e-06
1747744063.504 86.180 0.06828101 3.18943e-06
1747744063.514 86.264 0.06832291 3.04362e-06
1747744063.524 86.349 0.06840485 3.00609e-06
1747744063.534 86.434 0.06845793 2.86475e-06
1747744063.544 86.518 0.06849890 2.78759e-06
1747744063.554 86.603 0.06855849 2.81596e-06
1747744063.564 86.687 0.06861622 2.73558e-06
1747744063.574 86.771 0.06866464 2.80151e-06
1747744063.584 86.856 0.06871399 2.63626e-06
1747744063.594 86.940 0.06877638 2.30504e-06
1747744063.604 87.024 0.06885645 2.14188e-06
1747744063.614 87.108 0.06893001 2.51489e-06
1747744063.624 87.192 0.06898308 3.20223e-06
1747744063.634 87.275 0.06906316 3.98024e-06
1747744063.644 87.359 0.06914045 5.38641e-06
1747744063.654 87.443 0.06922798 8.54149e-06
1747744063.664 87.526 0.06928570 1.24363e-05
1747744063.673 87.610 0.06935740 1.52504e-05
1747744063.683 87.693 0.06943841 1.54922e-05
1747744063.693 87.777 0.06950545 1.51517e-05
1747744063.703 87.860 0.06956877 1.46175e-05
1747744063.713 87.943 0.06968051 1.38904e-05
1747744063.723 88.026 0.06976058 1.30830e-05
1747744063.733 88.109 0.06982390 1.18067e-05
1747744063.743 88.192 0.06990119 9.14782e-06
1747744063.753 88.275 0.06997660 4.40504e-06
1747744063.763 88.358 0.07005017 1.92917e-06
1747744063.773 88.440 0.07014049 1.35882e-06
1747744063.783 88.523 0.07018332 1.21891e-06
1747744063.793 88.605 0.07024384 1.47088e-06
1747744063.803 88.688 0.07032578 1.81487e-06
1747744063.813 88.770 0.07039655 1.90627e-06
1747744063.862 88.853 0.07074572 4.04427e-06
1747744063.868 88.935 0.07083232 3.99124e-06
1747744063.874 89.017 0.07087142 3.89476e-06
1747744063.883 89.099 0.07087142 3.77145e-06
1747744063.893 89.181 0.07092171 3.44615e-06
1747744063.903 89.263 0.07099527 3.13027e-06
1747744063.913 89.345 0.07106045 2.84836e-06
1747744063.923 89.427 0.07113494 2.68553e-06
1747744063.933 89.508 0.07117218 2.40176e-06
1747744063.943 89.590 0.07121315 2.03946e-06
1747744063.953 89.672 0.07128392 1.19095e-06
1747744063.963 89.753 0.07133513 4.93662e-07
1747744063.973 89.835 0.07139286 3.29154e-07
1747744063.983 89.916 0.07144035 2.32276e-07
1747744063.993 89.997 0.07149529 2.16804e-07
1747744064.003 90.078 0.07153346 1.83810e-07
1747744064.013 90.159 0.07158095 8.82890e-08
1747744064.023 90.241 0.07164613 1.31095e-07
1747744064.033 90.322 0.07170479 1.02086e-07
1747744064.043 90.402 0.07175414 1.20691e-07
1747744064.053 90.483 0.07177277 1.14709e-07
1747744064.063 90.564 0.07183887 4.85733e-08
1747744064.073 90.645 0.07188729 1.15207e-07
1747744064.083 90.725 0.07191802 9.43732e-08
1747744064.093 90.806 0.07197296 1.36764e-07
1747744064.103 90.886 0.07202883 1.53144e-07
1747744064.113 90.967 0.07207072 1.21428e-07
1747744064.123 91.047 0.07213404 2.48832e-07
1747744064.133 91.127 0.07221226 2.56161e-07
1747744064.143 91.208 0.07226533 3.16456e-07
1747744064.153 91.288 0.07235286 3.90416e-07
1747744064.163 91.368 0.07239197 3.46649e-07
1747744064.173 91.448 0.07247111 4.78150e-07
1747744064.183 91.528 0.07254933 5.50135e-07
1747744064.193 91.607 0.07261451 6.46875e-07
1747744064.203 91.687 0.07267969 7.21786e-07
1747744064.213 91.767 0.07274022 6.79105e-07
1747744064.223 91.846 0.07283705 8.17436e-07
1747744064.233 91.926 0.07290875 9.61514e-07
1747744064.243 92.006 0.07294506 1.25482e-06
1747744064.253 92.085 0.07302141 1.64718e-06
1747744064.263 92.164 0.07310056 2.06913e-06
1747744064.273 92.244 0.07316853 3.12786e-06
1747744064.283 92.323 0.07322999 3.80347e-06
1747744064.293 92.402 0.07332310 5.25011e-06
1747744064.303 92.481 0.07339759 7.71373e-06
1747744064.313 92.560 0.07344322 1.18162e-05
1747744064.323 92.639 0.07354658 1.89314e-05
1747744064.333 92.718 0.07361827 3.53888e-05
1747744064.343 92.797 0.07365738 5.09986e-05
1747744064.353 92.875 0.07371325 7.46023e-05
1747744064.363 92.954 0.07377657 9.64859e-05
1747744064.393 93.033 0.07399818 1.19182e-04
1747744064.420 93.111 0.07417509 4.04105e-04
1747744064.427 93.190 0.07423282 4.59165e-04
1747744064.433 93.268 0.07423282 4.91052e-04
1747744064.443 93.347 0.07431662 4.92364e-04
1747744064.453 93.425 0.07438180 4.83493e-04
1747744064.463 93.503 0.07442091 4.68833e-04
1747744064.473 93.581 0.07445629 4.50359e-04
1747744064.483 93.659 0.07450843 4.24967e-04
1747744064.493 93.737 0.07458665 3.98167e-04
1747744064.503 93.815 0.07462204 3.69469e-04
1747744064.513 93.893 0.07466114 3.30700e-04
1747744064.523 93.971 0.07474588 2.88756e-04
1747744064.533 94.049 0.07478871 2.32534e-04
1747744064.543 94.126 0.07485296 1.61269e-04
1747744064.553 94.204 0.07490137 1.04024e-04
1747744064.563 94.282 0.07494327 5.48996e-05
1747744064.573 94.359 0.07498890 3.25308e-05
1747744064.583 94.437 0.07502615 2.17967e-05
1747744064.593 94.514 0.07507736 1.62168e-05
1747744064.603 94.591 0.07513881 1.31638e-05
1747744064.613 94.669 0.07518165 1.05096e-05
1747744064.623 94.746 0.07522820 8.70615e-06
1747744064.633 94.823 0.07523379 7.01740e-06
1747744064.643 94.900 0.07531201 5.87076e-06
1747744064.653 94.977 0.07537905 4.66080e-06
1747744064.663 95.054 0.07543212 3.70675e-06
1747744064.673 95.131 0.07550661 3.13804e-06
1747744064.683 95.208 0.07555038 2.49741e-06
1747744064.693 95.284 0.07559414 2.00011e-06
1747744064.703 95.361 0.07562487 1.70707e-06
1747744064.713 95.438 0.07571239 1.36707e-06
1747744064.723 95.514 0.07579061 1.21590e-06
1747744064.733 95.591 0.07582226 9.98851e-07
1747744064.743 95.667 0.07591352 9.01212e-07
1747744064.753 95.744 0.07597684 7.89567e-07
1747744064.763 95.820 0.07601408 6.51967e-07
1747744064.773 95.896 0.07610626 6.94876e-07
1747744064.783 95.972 0.07617517 6.30628e-07
1747744064.793 96.049 0.07623941 6.59494e-07
1747744064.803 96.125 0.07631949 6.63453e-07
1747744064.813 96.201 0.07637257 6.33269e-07
1747744064.823 96.277 0.07646289 7.32489e-07
1747744064.833 96.352 0.07651131 7.40816e-07
1747744064.843 96.428 0.07658300 7.96224e-07
1747744064.853 96.504 0.07663980 8.46135e-07
1747744064.863 96.580 0.07671708 7.80108e-07
1747744064.873 96.656 0.07679065 8.14138e-07
1747744064.884 96.731 0.07693125 7.44266e-07
1747744064.893 96.807 0.07693125 6.69933e-07
1747744064.903 96.882 0.07697129 6.63986e-07
1747744064.913 96.958 0.07702343 5.75565e-07
1747744064.942 97.033 0.07724131 6.21299e-07
1747744064.954 97.108 0.07735026 4.50311e-07
1747744064.963 97.184 0.07735026 3.80331e-07
1747744064.973 97.259 0.07739309 3.78362e-07
1747744064.983 97.334 0.07744803 3.26676e-07
1747744064.993 97.409 0.07754487 3.38390e-07
1747744065.003 97.484 0.07758211 3.48582e-07
1747744065.013 97.559 0.07763798 2.84434e-07
1747744065.023 97.634 0.07770129 3.49479e-07
1747744065.033 97.709 0.07776089 3.46112e-07
1747744065.043 97.783 0.07781117 3.58808e-07
1747744065.053 97.858 0.07787169 3.90502e-07
1747744065.063 97.933 0.07792663 3.35164e-07
1747744065.073 98.007 0.07797598 4.18827e-07
1747744065.083 98.082 0.07801509 4.33817e-07
1747744065.093 98.157 0.07807747 4.94794e-07
1747744065.103 98.231 0.07813241 5.30088e-07
1747744065.113 98.305 0.07818735 5.03298e-07
1747744065.123 98.380 0.07824508 5.91874e-07
1747744065.133 98.454 0.07825997 6.14998e-07
1747744065.143 98.528 0.07829908 6.76081e-07
1747744065.153 98.602 0.07836147 7.38345e-07
1747744065.163 98.677 0.07840151 7.14929e-07
1747744065.173 98.751 0.07845272 8.14856e-07
1747744065.183 98.825 0.07851418 8.25475e-07
1747744065.193 98.899 0.07856911 8.77942e-07
1747744065.203 98.972 0.07860170 9.08472e-07
1747744065.213 99.046 0.07865664 8.43398e-07
1747744065.223 99.120 0.07871996 9.11311e-07
1747744065.233 99.194 0.07879351 9.10289e-07
1747744065.243 99.267 0.07885590 9.53762e-07
1747744065.253 99.341 0.07890060 9.98510e-07
1747744065.263 99.415 0.07899092 9.50016e-07
1747744065.273 99.488 0.07905144 1.00550e-06
1747744065.283 99.562 0.07911662 9.85315e-07
1747744065.293 99.635 0.07917249 1.01820e-06
1747744065.303 99.708 0.07922277 1.08988e-06
1747744065.313 99.782 0.07928516 1.12290e-06
1747744065.323 99.855 0.07934009 1.35147e-06
1747744065.333 99.928 0.07939410 1.75519e-06
1747744065.343 100.001 0.07946672 2.56312e-06
1747744065.353 100.074 0.07955425 3.03212e-06
1747744065.363 100.147 0.07961943 3.60921e-06
1747744065.373 100.220 0.07967344 4.35425e-06
1747744065.383 100.293 0.07971907 5.00061e-06
1747744065.393 100.366 0.07979169 5.73792e-06
1747744065.403 100.439 0.07984849 6.55960e-06
1747744065.413 100.512 0.07991460 7.61962e-06
1747744065.423 100.584 0.07998444 8.77046e-06
1747744065.433 100.657 0.08004031 9.53178e-06
1747744065.442 100.730 0.08008034 1.00634e-05
1747744065.452 100.802 0.08015577 1.02837e-05
1747744065.503 100.875 0.08049656 1.16355e-05
1747744065.513 100.947 0.08049656 1.26336e-05
1747744065.523 101.019 0.08054125 1.25098e-05
1747744065.533 101.092 0.08060923 1.22468e-05
1747744065.543 101.164 0.08066975 1.19060e-05
1747744065.552 101.236 0.08072097 1.16690e-05
1747744065.562 101.309 0.08077590 1.11208e-05
1747744065.572 101.381 0.08082711 1.06314e-05
1747744065.582 101.453 0.08090253 1.00773e-05
1747744065.592 101.525 0.08093513 9.44931e-06
1747744065.602 101.597 0.08100030 8.80876e-06
1747744065.612 101.669 0.08104872 7.99338e-06
1747744065.659 101.741 0.08123775 3.92346e-06
1747744065.665 101.812 0.08126940 3.65450e-06
1747744065.672 101.884 0.08126940 3.35039e-06
1747744065.682 101.956 0.08132434 2.88650e-06
1747744065.692 102.028 0.08135507 2.37575e-06
1747744065.702 102.099 0.08141187 1.93196e-06
1747744065.712 102.171 0.08144632 1.56453e-06
1747744065.722 102.242 0.08145656 1.34607e-06
1747744065.732 102.314 0.08153012 1.08087e-06
1747744065.742 102.385 0.08158227 9.36704e-07
1747744065.752 102.457 0.08161206 7.83637e-07
1747744065.762 102.528 0.08167166 5.67570e-07
1747744065.772 102.599 0.08168562 5.22459e-07
1747744065.782 102.670 0.08171821 4.10615e-07
1747744065.792 102.742 0.08177035 3.78525e-07
1747744065.802 102.813 0.08182343 3.31995e-07
1747744065.812 102.884 0.08184764 2.23701e-07
1747744065.822 102.955 0.08190536 2.65837e-07
1747744065.832 103.026 0.08192213 2.29352e-07
1747744065.842 103.097 0.08198451 2.32671e-07
1747744065.852 103.168 0.08205342 2.34952e-07
1747744065.862 103.239 0.08212232 1.58125e-07
1747744065.872 103.309 0.08215677 2.37599e-07
1747744065.882 103.380 0.08221636 2.22334e-07
1747744065.892 103.451 0.08228527 2.62372e-07
1747744065.902 103.521 0.08228527 2.59619e-07
1747744065.912 103.592 0.08233462 1.95202e-07
1747744065.922 103.663 0.08243797 2.81605e-07
1747744065.932 103.733 0.08246591 2.76054e-07
1747744065.942 103.803 0.08251619 3.10337e-07
1747744065.952 103.874 0.08258696 3.19131e-07
1747744065.962 103.944 0.08264562 2.63267e-07
1747744065.972 104.015 0.08272849 3.33902e-07
1747744065.982 104.085 0.08279646 3.10960e-07
1747744065.992 104.155 0.08286630 3.37976e-07
1747744066.002 104.225 0.08290727 3.16966e-07
1747744066.032 104.295 0.08306277 2.38773e-07
1747744066.055 104.365 0.08326762 3.25560e-07
1747744066.062 104.435 0.08326762 3.10041e-07
1747744066.072 104.505 0.08332348 3.61683e-07
1747744066.082 104.575 0.08338587 3.49741e-07
1747744066.092 104.645 0.08342963 4.02955e-07
1747744066.102 104.715 0.08351250 3.96755e-07
1747744066.112 104.785 0.08357117 3.77106e-07
1747744066.122 104.855 0.08362331 4.55039e-07
1747744066.132 104.924 0.08366521 4.46357e-07
1747744066.142 104.994 0.08371456 4.54856e-07
1747744066.152 105.064 0.08378160 4.27123e-07
1747744066.162 105.133 0.08384585 3.53438e-07
1747744066.172 105.203 0.08388403 4.12400e-07
1747744066.182 105.272 0.08396783 3.73654e-07
1747744066.192 105.341 0.08396783 3.79093e-07
1747744066.202 105.411 0.08398459 3.50216e-07
1747744066.212 105.480 0.08402091 2.64430e-07
1747744066.222 105.549 0.08407025 3.31247e-07
1747744066.232 105.619 0.08412054 2.99393e-07
1747744066.242 105.688 0.08416057 3.04031e-07
1747744066.252 105.757 0.08421458 2.91693e-07
1747744066.262 105.826 0.08426672 2.17329e-07
1747744066.272 105.895 0.08430117 2.87231e-07
1747744066.282 105.964 0.08433842 2.65450e-07
1747744066.292 106.033 0.08438218 2.94896e-07
1747744066.302 106.102 0.08444178 3.40270e-07
1747744066.312 106.171 0.08445481 4.58623e-07
1747744066.322 106.240 0.08450137 1.04225e-06
1747744066.332 106.309 0.08455724 1.91646e-06
1747744066.342 106.377 0.08460938 4.65725e-06
1747744066.352 106.446 0.08466432 7.59853e-06
1747744066.362 106.515 0.08470156 1.35287e-05
1747744066.372 106.583 0.08477885 2.63012e-05
1747744066.382 106.652 0.08482634 3.49645e-05
1747744066.392 106.720 0.08488314 4.72405e-05
1747744066.402 106.789 0.08494459 5.81488e-05
1747744066.412 106.857 0.08500605 6.95781e-05
1747744066.422 106.926 0.08507774 8.20264e-05
1747744066.432 106.994 0.08511778 9.42539e-05
1747744066.442 107.062 0.08516806 1.08645e-04
1747744066.452 107.131 0.08525652 1.22363e-04
1747744066.462 107.199 0.08533474 1.40052e-04
1747744066.472 107.267 0.08537850 1.59871e-04
1747744066.482 107.335 0.08541574 1.80273e-04
1747744066.492 107.403 0.08547813 1.92208e-04
1747744066.502 107.471 0.08555635 1.96046e-04
1747744066.512 107.539 0.08561594 1.97870e-04
1747744066.522 107.607 0.08568484 2.00921e-04
1747744066.532 107.675 0.08574909 2.02086e-04
1747744066.542 107.743 0.08578820 2.02605e-04
1747744066.552 107.811 0.08585710 2.00706e-04
1747744066.581 107.879 0.08605357 1.98895e-04
1747744066.592 107.946 0.08612434 1.93526e-04
1747744066.602 108.014 0.08612434 1.90754e-04
1747744066.612 108.082 0.08615972 1.86733e-04
1747744066.622 108.149 0.08621931 1.84855e-04
1747744066.632 108.217 0.08628077 1.85232e-04
1747744066.642 108.285 0.08633943 1.84259e-04
1747744066.652 108.352 0.08639436 1.81305e-04
1747744066.662 108.419 0.08644279 1.79538e-04
1747744066.672 108.487 0.08650051 1.78445e-04
1747744066.682 108.554 0.08655638 1.74202e-04
1747744066.692 108.622 0.08661784 1.72308e-04
1747744066.702 108.689 0.08663833 1.65558e-04
1747744066.712 108.756 0.08668488 1.58615e-04
1747744066.722 108.823 0.08673795 1.51819e-04
1747744066.732 108.890 0.08678451 1.43201e-04
1747744066.742 108.958 0.08681803 1.36435e-04
1747744066.752 109.025 0.08685900 1.26790e-04
1747744066.762 109.092 0.08691115 1.16854e-04
1747744066.772 109.159 0.08698191 1.07103e-04
1747744066.782 109.226 0.08700892 9.35776e-05
1747744066.792 109.293 0.08701543 8.48033e-05
1747744066.802 109.359 0.08709458 7.50588e-05
1747744066.812 109.426 0.08713927 6.65980e-05
1747744066.822 109.493 0.08714579 5.95443e-05
1747744066.832 109.560 0.08722401 5.13865e-05
1747744066.842 109.626 0.08728546 4.38026e-05
1747744066.852 109.693 0.08732178 3.66526e-05
1747744066.862 109.760 0.08735716 3.07394e-05
1747744066.872 109.826 0.08739161 2.40172e-05
1747744066.882 109.893 0.08745679 2.06839e-05
1747744066.892 109.959 0.08751917 1.70339e-05
1747744066.902 110.026 0.08758342 1.50939e-05
1747744066.912 110.092 0.08763836 1.25135e-05
1747744066.922 110.159 0.08769888 1.05980e-05
1747744066.932 110.225 0.08774544 8.75086e-06
1747744066.942 110.291 0.08780690 7.51773e-06
1747744066.952 110.358 0.08785252 6.20247e-06
1747744066.962 110.424 0.08792701 5.04407e-06
1747744066.972 110.490 0.08798102 4.44517e-06
1747744066.982 110.556 0.08803875 3.67017e-06
1747744066.992 110.622 0.08807600 3.31293e-06
1747744067.002 110.688 0.08815514 2.91417e-06
1747744067.012 110.754 0.08820729 2.47299e-06
1747744067.022 110.820 0.08825570 2.27936e-06
1747744067.032 110.886 0.08832275 1.94969e-06
1747744067.042 110.952 0.08836465 1.63628e-06
1747744067.052 111.018 0.08843355 1.44128e-06
1747744067.062 111.084 0.08849407 1.20330e-06
1747744067.072 111.150 0.08855274 1.12255e-06
1747744067.082 111.215 0.08859743 9.60918e-07
1747744067.092 111.281 0.08864492 9.00969e-07
1747744067.141 111.347 0.08892984 6.30613e-07
1747744067.148 111.412 0.08898851 3.33918e-07
1747744067.154 111.478 0.08905368 3.39692e-07
1747744067.162 111.544 0.08905368 3.31123e-07
1747744067.172 111.609 0.08909559 3.47912e-07
1747744067.182 111.675 0.08913097 3.04203e-07
1747744067.192 111.740 0.08919336 3.33953e-07
1747744067.202 111.805 0.08923991 3.10079e-07
1747744067.211 111.871 0.08927250 2.52951e-07
1747744067.221 111.936 0.08932278 3.32571e-07
1747744067.232 112.001 0.08937213 2.84677e-07
1747744067.241 112.067 0.08942614 3.12247e-07
1747744067.251 112.132 0.08948294 2.92405e-07
1747744067.261 112.197 0.08953229 2.26666e-07
1747744067.271 112.262 0.08954905 3.19225e-07
1747744067.281 112.327 0.08956860 2.77136e-07
1747744067.291 112.392 0.08960491 3.21536e-07
1747744067.301 112.457 0.08964123 2.97339e-07
1747744067.311 112.522 0.08968499 2.38105e-07
1747744067.321 112.587 0.08973062 3.56248e-07
1747744067.331 112.652 0.08976414 3.35087e-07
1747744067.341 112.717 0.08982466 3.91425e-07
1747744067.351 112.782 0.08985726 3.92311e-07
1747744067.361 112.847 0.08991871 3.60096e-07
1747744067.371 112.912 0.08995130 4.70565e-07
1747744067.381 112.976 0.08996713 4.51029e-07
1747744067.391 113.041 0.09002393 5.13941e-07
1747744067.401 113.106 0.09007980 5.02885e-07
1747744067.411 113.170 0.09014777 4.60423e-07
1747744067.421 113.235 0.09020922 5.77210e-07
1747744067.431 113.299 0.09025485 5.65251e-07
1747744067.441 113.364 0.09027906 6.22476e-07
1747744067.451 113.428 0.09030886 6.39917e-07
1747744067.461 113.493 0.09038055 6.20662e-07
1747744067.471 113.557 0.09044573 7.45180e-07
1747744067.481 113.622 0.09049788 7.31556e-07
1747744067.491 113.686 0.09053698 7.87605e-07
1747744067.501 113.750 0.09060030 7.58602e-07
1747744067.511 113.814 0.09064872 6.94641e-07
1747744067.521 113.879 0.09071390 7.92405e-07
1747744067.531 113.943 0.09077256 7.48662e-07
1747744067.541 114.007 0.09081911 7.72759e-07
1747744067.551 114.071 0.09089733 7.42573e-07
1747744067.561 114.135 0.09097275 6.72173e-07
1747744067.571 114.199 0.09100720 7.60579e-07
1747744067.581 114.263 0.09105376 7.15161e-07
1747744067.591 114.327 0.09111894 7.40006e-07
1747744067.601 114.391 0.09118505 6.78668e-07
1747744067.611 114.455 0.09123533 5.90698e-07
1747744067.621 114.519 0.09127817 6.58286e-07
1747744067.631 114.583 0.09133496 6.01549e-07
1747744067.641 114.646 0.09139456 6.10361e-07
1747744067.672 114.710 0.09161338 5.72527e-07
1747744067.695 114.774 0.09171580 5.21264e-07
1747744067.701 114.837 0.09176701 5.33208e-07
1747744067.711 114.901 0.09176701 4.69330e-07
1747744067.721 114.965 0.09178377 5.55996e-07
1747744067.731 115.028 0.09182847 5.22550e-07
1747744067.741 115.092 0.09188061 5.45794e-07
1747744067.751 115.155 0.09193369 5.18813e-07
1747744067.761 115.219 0.09199234 4.62576e-07
1747744067.771 115.282 0.09203052 5.59869e-07
1747744067.781 115.346 0.09205753 5.28189e-07
1747744067.791 115.409 0.09211805 5.51671e-07
1747744067.801 115.472 0.09218323 4.99315e-07
1747744067.811 115.536 0.09221582 4.33365e-07
1747744067.821 115.599 0.09230055 5.19120e-07
1747744067.831 115.662 0.09232383 4.76552e-07
1747744067.841 115.725 0.09237225 4.91696e-07
1747744067.851 115.788 0.09236200 4.54103e-07
1747744067.861 115.852 0.09239367 3.86288e-07
1747744067.871 115.915 0.09244581 4.67118e-07
1747744067.881 115.978 0.09248026 4.15763e-07
1747744067.891 116.041 0.09251564 4.35444e-07
1747744067.901 116.104 0.09255847 3.91266e-07
1747744067.911 116.167 0.09259665 3.17767e-07
1747744067.921 116.230 0.09265904 3.81718e-07
1747744067.931 116.292 0.09270373 3.32062e-07
1747744067.941 116.355 0.09271305 3.39382e-07
1747744067.951 116.418 0.09275401 3.02912e-07
1747744067.961 116.481 0.09280895 2.23929e-07
1747744067.971 116.544 0.09285085 2.93441e-07
1747744067.981 116.606 0.09290858 2.47418e-07
1747744067.991 116.669 0.09297376 2.59217e-07
1747744068.001 116.732 0.09300635 2.20071e-07
1747744068.011 116.794 0.09304360 1.61168e-07
1747744068.021 116.857 0.09311343 2.48859e-07
1747744068.031 116.919 0.09318327 2.01719e-07
1747744068.041 116.982 0.09321399 1.97729e-07
1747744068.053 117.044 0.09334714 2.18678e-07
1747744068.061 117.107 0.09339557 1.83981e-07
1747744068.071 117.169 0.09339557 1.97057e-07
1747744068.081 117.232 0.09342443 1.85578e-07
1747744068.091 117.294 0.09349334 2.00585e-07
1747744068.101 117.356 0.09355758 1.82082e-07
1747744068.111 117.419 0.09363859 1.50296e-07
1747744068.121 117.481 0.09367211 1.81029e-07
1747744068.131 117.543 0.09371588 1.71444e-07
1747744068.141 117.605 0.09375591 1.83303e-07
1747744068.151 117.667 0.09384717 1.63499e-07
1747744068.161 117.729 0.09391048 1.25811e-07
1747744068.171 117.792 0.09392352 1.70626e-07
1747744068.181 117.854 0.09398032 1.53045e-07
1747744068.191 117.916 0.09403619 1.64521e-07
1747744068.221 117.978 0.09417399 1.50371e-07
1747744068.231 118.040 0.09430994 1.49817e-07
1747744068.241 118.101 0.09430994 1.53359e-07
1747744068.251 118.163 0.09437140 1.36667e-07
1747744068.261 118.225 0.09439840 9.10918e-08
1747744068.271 118.287 0.09442261 1.80902e-07
1747744068.281 118.349 0.09448779 1.28523e-07
1747744068.291 118.411 0.09455948 1.51060e-07
1747744068.301 118.472 0.09458556 1.34911e-07
1747744068.311 118.534 0.09463584 9.14536e-08
1747744068.321 118.596 0.09470940 1.85210e-07
1747744068.331 118.657 0.09472709 1.19151e-07
1747744068.341 118.719 0.09475595 1.47933e-07
1747744068.351 118.780 0.09479226 1.29562e-07
1747744068.361 118.842 0.09485000 1.11710e-07
1747744068.371 118.903 0.09488165 1.83882e-07
1747744068.381 118.965 0.09489562 1.14600e-07
1747744068.391 119.026 0.09493752 1.44410e-07
1747744068.401 119.088 0.09498501 1.32547e-07
1747744068.411 119.149 0.09504367 1.10564e-07
1747744068.421 119.210 0.09507533 1.80802e-07
1747744068.431 119.272 0.09513213 1.13766e-07
1747744068.441 119.333 0.09516286 1.40777e-07
1747744068.451 119.394 0.09518427 1.25187e-07
1747744068.461 119.455 0.09525970 1.10245e-07
1747744068.471 119.517 0.09531091 1.80258e-07
1747744068.481 119.578 0.09533978 1.14896e-07
1747744068.491 119.639 0.09538633 1.42322e-07
1747744068.501 119.700 0.09541426 1.25435e-07
1747744068.511 119.761 0.09546455 1.02958e-07
1747744068.521 119.822 0.09550738 1.73602e-07
1747744068.531 119.883 0.09556417 1.08647e-07
1747744068.541 119.944 0.09561818 1.32906e-07
1747744068.551 120.005 0.09567685 1.15360e-07
1747744068.561 120.066 0.09572154 8.80948e-08
1747744068.571 120.127 0.09575413 1.63273e-07
1747744068.581 120.188 0.09581931 9.76563e-08
1747744068.591 120.248 0.09586866 1.29751e-07
1747744068.601 120.309 0.09594036 1.13745e-07
1747744068.611 120.370 0.09598132 9.75836e-08
1747744068.621 120.431 0.09602137 1.54742e-07
1747744068.631 120.491 0.09607164 9.49540e-08
1747744068.641 120.552 0.09612658 1.19541e-07
1747744068.651 120.613 0.09620759 1.04961e-07
1747744068.661 120.673 0.09626067 9.44699e-08
1747744068.671 120.734 0.09629512 1.51516e-07
1747744068.681 120.794 0.09634540 9.20960e-08
1747744068.691 120.855 0.09639568 1.20667e-07
1747744068.701 120.915 0.09646086 1.21098e-07
1747744068.711 120.976 0.09649624 1.03365e-07
1747744068.721 121.036 0.09656980 2.43133e-07
1747744068.731 121.097 0.09665360 2.77419e-07
1747744068.779 121.157 0.09686590 8.10340e-07
1747744068.786 121.217 0.09693015 1.32446e-06
1747744068.809 121.278 0.09698322 1.55449e-06
1747744068.819 121.338 0.09705865 2.21203e-06
1747744068.825 121.398 0.09710055 2.33486e-06
1747744068.832 121.458 0.09714152 2.58899e-06
1747744068.841 121.518 0.09714152 2.69279e-06
1747744068.851 121.579 0.09718528 2.92820e-06
1747744068.861 121.639 0.09724301 3.14386e-06
1747744068.871 121.699 0.09725791 3.51973e-06
1747744068.881 121.759 0.09729515 3.74029e-06
1747744068.891 121.819 0.09735009 3.97764e-06
1747744068.901 121.879 0.09738361 4.17552e-06
1747744068.911 121.939 0.09741155 4.39072e-06
1747744068.921 121.999 0.09743948 4.64426e-06
1747744068.931 122.059 0.09749535 4.79767e-06
1747744068.941 122.119 0.09755028 5.00799e-06
1747744068.951 122.178 0.09753259 5.15731e-06
1747744068.961 122.238 0.09756891 5.33725e-06
1747744068.971 122.298 0.09759777 5.54512e-06
1747744068.981 122.358 0.09765085 5.70280e-06
1747744068.990 122.418 0.09768996 5.79045e-06
1747744069.000 122.477 0.09773279 5.84665e-06
1747744069.010 122.537 0.09776073 5.91244e-06
1747744069.020 122.597 0.09778400 6.04349e-06
1747744069.030 122.656 0.09782497 6.03415e-06
1747744069.040 122.716 0.09787990 6.10264e-06
1747744069.050 122.775 0.09789946 6.13374e-06
1747744069.060 122.835 0.09795160 6.19213e-06
1747744069.070 122.894 0.09799351 6.26820e-06
1747744069.080 122.954 0.09802237 6.19176e-06
1747744069.090 123.013 0.09808662 6.20107e-06
1747744069.100 123.073 0.09814435 6.20279e-06
1747744069.110 123.132 0.09820766 6.12004e-06
1747744069.120 123.191 0.09824398 6.16268e-06
1747744069.130 123.251 0.09828402 6.03688e-06
1747744069.140 123.310 0.09835851 5.96249e-06
1747744069.150 123.369 0.09841717 5.83707e-06
1747744069.160 123.429 0.09845163 5.62288e-06
1747744069.170 123.488 0.09850656 5.68771e-06
1747744069.180 123.547 0.09856988 5.50674e-06
1747744069.190 123.606 0.09861643 5.35351e-06
1747744069.200 123.665 0.09868627 5.15507e-06
1747744069.210 123.724 0.09872724 4.98942e-06
1747744069.220 123.783 0.09878032 4.93601e-06
1747744069.230 123.842 0.09884177 4.74264e-06
1747744069.240 123.901 0.09887529 4.58649e-06
1747744069.250 123.960 0.09891998 4.44079e-06
1747744069.260 124.019 0.09897678 4.29142e-06
1747744069.270 124.078 0.09904941 4.24994e-06
1747744069.280 124.137 0.09907734 4.09340e-06
1747744069.310 124.196 0.09922726 3.98971e-06
1747744069.334 124.255 0.09938369 3.61598e-06
1747744069.340 124.314 0.09938369 3.53493e-06
1747744069.350 124.373 0.09943863 3.58537e-06
1747744069.360 124.431 0.09947587 3.53354e-06
1747744069.370 124.490 0.09950567 3.64774e-06
1747744069.380 124.549 0.09954198 3.60207e-06
1747744069.390 124.607 0.09958109 3.70202e-06
1747744069.400 124.666 0.09962485 3.74963e-06
1747744069.410 124.725 0.09966396 3.78392e-06
1747744069.420 124.783 0.09970865 3.97656e-06
1747744069.430 124.842 0.09977477 4.00282e-06
1747744069.440 124.900 0.09980829 4.06007e-06
1747744069.450 124.959 0.09983436 4.07112e-06
1747744069.460 125.018 0.09988557 4.04956e-06
1747744069.470 125.076 0.09991257 4.10709e-06
1747744069.480 125.134 0.09994796 4.01898e-06
1747744069.490 125.193 0.09997123 4.00627e-06
1747744069.500 125.251 0.10000383 3.91264e-06
1747744069.510 125.310 0.10005969 3.83606e-06
1747744069.520 125.368 0.10008111 3.83704e-06
1747744069.530 125.426 0.10008949 3.71935e-06
1747744069.540 125.484 0.10013511 3.65777e-06
1747744069.550 125.543 0.10019192 3.54591e-06
1747744069.560 125.601 0.10022171 3.46065e-06
1747744069.570 125.659 0.10026082 3.42175e-06
1747744069.580 125.717 0.10029248 3.28695e-06
1747744069.590 125.775 0.10035858 3.18677e-06
1747744069.600 125.834 0.10037628 3.03504e-06
1747744069.610 125.892 0.10043681 2.87418e-06
1747744069.620 125.950 0.10050291 2.71361e-06
1747744069.630 126.008 0.10057181 2.45863e-06
1747744069.640 126.066 0.10060533 2.24313e-06
1747744069.650 126.124 0.10066493 2.00574e-06
1747744069.660 126.182 0.10069752 1.65347e-06
1747744069.670 126.240 0.10072918 1.52183e-06
1747744069.680 126.297 0.10079622 1.25636e-06
1747744069.690 126.355 0.10086420 1.09593e-06
1747744069.700 126.413 0.10090237 9.27547e-07
1747744069.710 126.471 0.10091820 7.71801e-07
1747744069.720 126.529 0.10098152 7.39932e-07
1747744069.730 126.587 0.10103924 6.07023e-07
1747744069.740 126.644 0.10109884 5.34246e-07
1747744069.750 126.702 0.10113888 4.60667e-07
1747744069.760 126.760 0.10116681 3.87118e-07
1747744069.770 126.817 0.10121244 4.04522e-07
1747744069.780 126.875 0.10125713 3.19817e-07
1747744069.790 126.933 0.10130835 2.87438e-07
1747744069.800 126.990 0.10136421 2.35440e-07
1747744069.810 127.048 0.10140053 1.78667e-07
1747744069.820 127.105 0.10147129 2.30270e-07
1747744069.830 127.163 0.10153648 1.36114e-07
1747744069.860 127.220 0.10167428 1.32421e-07
1747744069.870 127.278 0.10176460 1.02363e-07
1747744069.880 127.335 0.10176460 7.51967e-08
1747744069.890 127.392 0.10180557 9.41540e-08
1747744069.900 127.450 0.10183444 8.43348e-08
1747744069.910 127.507 0.10186051 7.87254e-08
1747744069.920 127.565 0.10192196 1.41701e-07
1747744069.930 127.622 0.10197225 6.52360e-08
1747744069.940 127.679 0.10201042 9.09811e-08
1747744069.950 127.736 0.10205418 9.18409e-08
1747744069.960 127.794 0.10212774 8.32278e-08
1747744069.970 127.851 0.10216498 1.36790e-07
1747744069.980 127.908 0.10219944 5.23644e-08
1747744069.990 127.965 0.10226090 7.88836e-08
1747744070.000 128.022 0.10228510 6.77899e-08
1747744070.010 128.079 0.10231490 6.52429e-08
1747744070.020 128.136 0.10235959 9.47409e-08
1747744070.068 128.193 0.10255886 6.93071e-08
1747744070.075 128.250 0.10259982 -9.76450e-09
1747744070.082 128.307 0.10262496 9.00163e-08
1747744070.090 128.364 0.10262496 5.61687e-08
1747744070.100 128.421 0.10264266 3.85195e-08
1747744070.110 128.478 0.10272832 3.89825e-08
1747744070.120 128.535 0.10276277 9.40183e-08
1747744070.168 128.592 0.10294900 9.51851e-08
1747744070.175 128.649 0.10299370 3.93285e-08
1747744070.180 128.706 0.10303280 1.43798e-07
1747744070.201 128.762 0.10307285 5.13507e-07
1747744070.210 128.819 0.10307285 6.52954e-07
1747744070.220 128.876 0.10313244 1.13581e-06
1747744070.230 128.933 0.10315758 1.66159e-06
1747744070.240 128.989 0.10320413 2.78225e-06
1747744070.250 129.046 0.10324976 3.53613e-06
1747744070.260 129.103 0.10327489 4.65774e-06
1747744070.270 129.159 0.10328422 5.87281e-06
1747744070.280 129.216 0.10333077 7.40356e-06
1747744070.290 129.272 0.10337081 9.06114e-06
1747744070.300 129.329 0.10339874 1.09309e-05
1747744070.310 129.385 0.10344064 1.27602e-05
1747744070.320 129.442 0.10347881 1.46581e-05
1747744070.330 129.498 0.10346857 1.68779e-05
1747744070.340 129.555 0.10348068 1.93484e-05
1747744070.350 129.611 0.10353283 2.32516e-05
1747744070.360 129.668 0.10357100 2.58268e-05
1747744070.370 129.724 0.10359149 2.96479e-05
1747744070.419 129.780 0.10378516 4.24700e-05
1747744070.426 129.837 0.10385034 5.35660e-05
1747744070.432 129.893 0.10387827 5.64394e-05
1747744070.440 129.949 0.10387827 5.95043e-05
1747744070.450 130.005 0.10391459 6.18293e-05
1747744070.460 130.062 0.10396022 6.69357e-05
1747744070.470 130.118 0.10400212 7.15705e-05
1747744070.480 130.174 0.10404309 7.53588e-05
1747744070.490 130.230 0.10410361 8.00854e-05
1747744070.500 130.286 0.10415016 8.50232e-05
1747744070.510 130.342 0.10420231 8.98500e-05
1747744070.520 130.398 0.10424142 9.48533e-05
1747744070.530 130.455 0.10427587 9.88758e-05
1747744070.540 130.511 0.10429449 1.02580e-04
1747744070.550 130.567 0.10433732 1.05862e-04
1747744070.560 130.623 0.10438389 1.08906e-04
1747744070.570 130.678 0.10441275 1.13285e-04
1747744070.580 130.734 0.10445186 1.14966e-04
1747744070.590 130.790 0.10449934 1.14840e-04
1747744070.600 130.846 0.10451424 1.16422e-04
1747744070.610 130.902 0.10456731 1.16761e-04
1747744070.620 130.958 0.10461853 1.17180e-04
1747744070.630 131.014 0.10464088 1.17424e-04
1747744070.640 131.070 0.10467440 1.16557e-04
1747744070.650 131.125 0.10474423 1.16097e-04
1747744070.660 131.181 0.10477682 1.17138e-04
1747744070.670 131.237 0.10479078 1.17540e-04
1747744070.680 131.292 0.10484852 1.17329e-04
1747744070.690 131.348 0.10486714 1.22405e-04
1747744070.700 131.404 0.10491928 1.20492e-04
1747744070.709 131.459 0.10496677 1.20096e-04
1747744070.720 131.515 0.10500774 1.19139e-04
1747744070.730 131.571 0.10505803 1.16902e-04
1747744070.740 131.626 0.10509713 1.13947e-04
1747744070.750 131.682 0.10516696 1.10862e-04
1747744070.759 131.737 0.10522562 1.08193e-04
1747744070.770 131.793 0.10523680 1.06148e-04
1747744070.779 131.848 0.10526938 1.04133e-04
1747744070.789 131.904 0.10532898 1.00647e-04
1747744070.799 131.959 0.10540533 9.68888e-05
1747744070.809 132.014 0.10541837 9.41832e-05
1747744070.819 132.070 0.10548913 9.22156e-05
1747744070.829 132.125 0.10554501 9.03190e-05
1747744070.839 132.180 0.10556363 8.73106e-05
1747744070.849 132.236 0.10559622 8.38851e-05
1747744070.859 132.291 0.10566139 8.11950e-05
1747744070.869 132.346 0.10573310 7.99608e-05
1747744070.879 132.401 0.10574148 7.77783e-05
1747744070.889 132.457 0.10578151 7.44995e-05
1747744070.899 132.512 0.10583738 7.14729e-05
1747744070.909 132.567 0.10588487 6.87927e-05
1747744070.919 132.622 0.10595098 6.73407e-05
1747744070.950 132.677 0.10613813 6.52899e-05
1747744070.975 132.732 0.10622194 5.46103e-05
1747744070.980 132.787 0.10626943 5.45092e-05
1747744070.989 132.842 0.10626943 5.29288e-05
1747744070.999 132.897 0.10632529 5.19547e-05
1747744071.009 132.952 0.10635695 5.04843e-05
1747744071.019 133.007 0.10638955 4.94242e-05
1747744071.029 133.062 0.10640538 4.86959e-05
1747744071.039 133.117 0.10645472 4.84416e-05
1747744071.049 133.172 0.10649476 4.71449e-05
1747744071.059 133.227 0.10653945 4.68247e-05
1747744071.069 133.282 0.10659626 4.70087e-05
1747744071.079 133.337 0.10662512 4.80424e-05
1747744071.089 133.392 0.10665306 4.96611e-05
1747744071.099 133.446 0.10669403 5.05048e-05
1747744071.109 133.501 0.10675641 5.18727e-05
1747744071.119 133.556 0.10676851 5.30855e-05
1747744071.129 133.611 0.10679924 5.44425e-05
1747744071.139 133.665 0.10684208 5.93128e-05
1747744071.149 133.720 0.10687560 5.94662e-05
1747744071.159 133.775 0.10688491 5.95126e-05
1747744071.169 133.829 0.10695288 5.94484e-05
1747744071.179 133.884 0.10695940 5.96324e-05
1747744071.189 133.938 0.10701340 6.00556e-05
1747744071.199 133.993 0.10701712 5.93311e-05
1747744071.209 134.048 0.10706741 5.87007e-05
1747744071.219 134.102 0.10711024 5.84082e-05
1747744071.229 134.157 0.10713445 5.84676e-05
1747744071.239 134.211 0.10717821 5.83050e-05
1747744071.249 134.266 0.10722570 5.66981e-05
1747744071.259 134.320 0.10726854 5.63487e-05
1747744071.269 134.374 0.10732347 5.52149e-05
1747744071.279 134.429 0.10736817 5.45345e-05
1747744071.289 134.483 0.10739517 5.32384e-05
1747744071.299 134.538 0.10744358 5.14497e-05
1747744071.309 134.592 0.10752553 4.96905e-05
1747744071.319 134.646 0.10752460 4.82775e-05
1747744071.329 134.700 0.10757953 4.64847e-05
1747744071.339 134.755 0.10762795 4.28532e-05
1747744071.349 134.809 0.10765961 3.95067e-05
1747744071.359 134.863 0.10771269 3.68104e-05
1747744071.369 134.917 0.10777414 3.32873e-05
1747744071.379 134.972 0.10782163 3.02896e-05
1747744071.389 135.026 0.10785142 2.66740e-05
1747744071.399 135.080 0.10790915 2.35542e-05
1747744071.409 135.134 0.10796316 2.05277e-05
1747744071.419 135.188 0.10800972 1.87048e-05
1747744071.429 135.242 0.10808234 1.60640e-05
1747744071.439 135.296 0.10810934 1.46891e-05
1747744071.449 135.350 0.10815684 1.30053e-05
1747744071.459 135.404 0.10820340 1.19639e-05
1747744071.469 135.458 0.10824623 1.11892e-05
1747744071.500 135.512 0.10840359 1.02235e-05
1747744071.511 135.566 0.10845014 7.77724e-06
1747744071.520 135.620 0.10845014 7.33713e-06
1747744071.530 135.674 0.10851253 6.88273e-06
1747744071.539 135.728 0.10854046 6.49079e-06
1747744071.549 135.782 0.10856746 6.07801e-06
1747744071.559 135.835 0.10861216 4.76747e-06
1747744071.569 135.889 0.10864848 4.78970e-06
1747744071.579 135.943 0.10871272 4.48422e-06
1747744071.589 135.997 0.10876393 4.27182e-06
1747744071.599 136.051 0.10879374 4.09290e-06
1747744071.609 136.104 0.10883377 4.00295e-06
1747744071.619 136.158 0.10887195 3.94809e-06
1747744071.629 136.212 0.10888871 3.64345e-06
1747744071.639 136.265 0.10894178 3.52534e-06
1747744071.649 136.319 0.10898089 3.28783e-06
1747744071.659 136.373 0.10902745 3.20158e-06
1747744071.669 136.426 0.10905445 3.17566e-06
1747744071.679 136.480 0.10908332 2.92376e-06
1747744071.689 136.533 0.10910846 2.77590e-06
1747744071.699 136.587 0.10912708 2.63209e-06
1747744071.709 136.640 0.10918108 2.58171e-06
1747744071.719 136.694 0.10925279 2.56448e-06
1747744071.729 136.747 0.10929189 2.30625e-06
1747744071.739 136.801 0.10931331 2.20228e-06
1747744071.749 136.854 0.10934869 2.09960e-06
1747744071.759 136.908 0.10939245 2.12041e-06
1747744071.769 136.961 0.10943900 2.08205e-06
1747744071.779 137.014 0.10944645 1.86534e-06
1747744071.789 137.068 0.10950698 1.85619e-06
1747744071.799 137.121 0.10954702 1.73229e-06
1747744071.809 137.174 0.10955447 1.71052e-06
1747744071.819 137.228 0.10963827 1.68789e-06
1747744071.829 137.281 0.10969135 1.50744e-06
1747744071.839 137.334 0.10972208 1.48317e-06
1747744071.849 137.387 0.10975653 1.45008e-06
1747744071.859 137.440 0.10980681 1.40321e-06
1747744071.869 137.494 0.10986546 1.39992e-06
1747744071.879 137.547 0.10991855 1.25925e-06
1747744071.889 137.600 0.10992972 1.27085e-06
1747744071.899 137.653 0.10995765 1.22753e-06
1747744071.909 137.706 0.11001817 1.15025e-06
1747744071.919 137.759 0.11008428 1.18127e-06
1747744071.929 137.812 0.11013085 1.05731e-06
1747744071.939 137.865 0.11017461 1.09395e-06
1747744071.949 137.918 0.11022582 1.07006e-06
1747744071.959 137.971 0.11027982 1.03947e-06
1747744071.969 138.024 0.11031520 1.08657e-06
1747744071.979 138.077 0.11034873 9.89581e-07
1747744071.989 138.130 0.11040180 1.01272e-06
1747744071.999 138.183 0.11045208 9.70038e-07
1747744072.009 138.236 0.11048840 9.74053e-07
1747744072.058 138.289 0.11069604 8.85885e-07
1747744072.066 138.342 0.11073980 9.35448e-07
1747744072.071 138.395 0.11080778 8.55606e-07
1747744072.079 138.447 0.11080778 8.43156e-07
1747744072.089 138.500 0.11083106 8.61954e-07
1747744072.099 138.553 0.11086271 8.33386e-07
1747744072.109 138.606 0.11090554 8.21457e-07
1747744072.119 138.658 0.11095675 8.57757e-07
1747744072.129 138.711 0.11100053 7.64991e-07
1747744072.139 138.764 0.11103870 7.97894e-07
1747744072.149 138.817 0.11105360 7.68092e-07
1747744072.159 138.869 0.11107408 7.71623e-07
1747744072.169 138.922 0.11114205 8.02636e-07
1747744072.179 138.974 0.11120071 6.97680e-07
1747744072.189 139.027 0.11122679 7.32833e-07
1747744072.199 139.080 0.11122493 7.15997e-07
1747744072.209 139.132 0.11125193 7.11502e-07
