1761206408.427 33.800 0.03263533 5.95312e-08
1761206408.477 33.935 0.03262694 6.07814e-08
1761206408.527 34.069 0.03264091 6.22055e-08
1761206408.577 34.203 0.03263067 6.31127e-08
1761206408.645 34.336 0.03275265 4.96391e-08
1761206408.695 34.469 0.03287928 5.19215e-08
1761206408.745 34.602 0.03300685 5.25203e-08
1761206408.750 34.733 0.03302827 1.46812e-08
1761206408.757 34.865 0.03302827 6.47022e-08
1761206408.767 34.996 0.03306644 -5.64580e-09
1761206408.777 35.126 0.03307948 6.68101e-08
1761206408.825 35.256 0.03320053 4.62142e-08
1761206408.893 35.385 0.03340165 5.48168e-08
1761206409.002 35.514 0.03390074 1.23600e-06
1761206409.011 35.643 0.03395102 4.54164e-06
1761206409.018 35.771 0.03399664 6.51384e-06
1761206409.027 35.898 0.03399664 8.62895e-06
1761206409.037 36.025 0.03403761 1.20520e-05
1761206409.047 36.152 0.03407300 1.43495e-05
1761206409.057 36.278 0.03409441 1.43648e-05
1761206409.067 36.404 0.03414749 1.27632e-05
1761206409.077 36.530 0.03415959 9.16681e-06
1761206409.087 36.654 0.03418008 1.28355e-05
1761206409.097 36.779 0.03419032 4.80898e-06
1761206409.107 36.903 0.03420243 2.40352e-06
1761206409.117 37.027 0.03422664 1.30616e-06
1761206409.127 37.150 0.03422384 8.47165e-07
1761206409.137 37.273 0.03424898 6.09002e-07
1761206409.147 37.395 0.03427412 5.17558e-07
1761206409.157 37.517 0.03427971 3.47640e-07
1761206409.167 37.639 0.03432720 2.09724e-07
1761206409.177 37.760 0.03433092 2.59659e-07
1761206409.187 37.881 0.03436630 1.01893e-07
1761206409.197 38.002 0.03440355 1.89310e-07
1761206409.207 38.122 0.03445756 3.13207e-08
1761206409.217 38.241 0.03455067 2.45819e-08
1761206409.227 38.361 0.03461771 8.57459e-08
1761206409.275 38.480 0.03512239 5.29020e-08
1761206409.324 38.598 0.03580956 6.46815e-08
1761206409.330 38.717 0.03595482 3.86060e-09
1761206409.337 38.834 0.03595482 3.21253e-08
1761206409.347 38.952 0.03610101 6.46461e-08
1761206409.357 39.069 0.03621088 2.47673e-08
1761206409.367 39.186 0.03636731 1.90981e-08
1761206409.377 39.302 0.03647346 6.84428e-08
1761206409.425 39.419 0.03699862 5.23125e-08
1761206409.475 39.534 0.03727144 5.12577e-08
1761206409.540 39.650 0.03749864 6.76643e-08
1761206409.547 39.765 0.03751168 -1.14702e-08
1761206409.615 39.880 0.03764576 2.68630e-09
1761206409.664 39.994 0.03774632 -1.55660e-09
1761206409.714 40.108 0.03783571 -5.53090e-09
1761206409.764 40.222 0.03795303 -6.48640e-09
1761206409.814 40.336 0.03805360 -8.10570e-09
1761206409.864 40.449 0.03817464 -9.16450e-09
1761206409.915 40.562 0.03829290 -6.36280e-09
1761206409.965 40.674 0.03839067 -5.46750e-09
1761206410.015 40.786 0.03847540 -6.63890e-09
1761206410.078 40.898 0.03862624 4.81628e-08
1761206410.128 41.010 0.03871191 4.98358e-08
1761206410.137 41.121 0.03871191 8.14100e-09
1761206410.146 41.232 0.03872867 7.31222e-08
1761206410.156 41.343 0.03875567 1.23442e-08
1761206410.166 41.453 0.03879664 2.69857e-08
1761206410.176 41.564 0.03880223 6.27976e-08
1761206410.224 41.673 0.03889441 4.96625e-08
1761206410.230 41.783 0.03892886 -2.09780e-09
1761206410.278 41.892 0.03906667 4.79531e-08
1761206410.286 42.001 0.03906667 1.16060e-09
1761206410.296 42.110 0.03909833 4.65949e-08
1761206410.344 42.218 0.03933391 5.23995e-08
1761206410.395 42.326 0.03962722 5.38736e-08
1761206410.401 42.434 0.03968029 3.86000e-09
1761206410.407 42.542 0.03976037 5.22320e-08
1761206410.416 42.649 0.03976037 -1.19715e-08
1761206410.426 42.756 0.03979575 6.64031e-08
1761206410.492 42.863 0.04016541 4.65658e-08
1761206410.542 42.970 0.04037957 4.62034e-08
1761206410.617 43.076 0.04063750 1.69642e-08
1761206410.626 43.182 0.04063750 5.80196e-08
1761206410.675 43.287 0.04076972 4.81120e-08
1761206410.725 43.393 0.04087493 4.82335e-08
1761206410.775 43.498 0.04095967 4.78064e-08
1761206410.825 43.603 0.04103043 4.88349e-08
1761206410.875 43.708 0.04112913 4.97499e-08
1761206410.925 43.812 0.04123528 5.05436e-08
1761206410.975 43.917 0.04134981 5.15217e-08
1761206411.026 44.020 0.04144572 4.87521e-08
1761206411.076 44.124 0.04155280 4.78170e-08
1761206411.152 44.228 0.04169247 2.31960e-09
1761206411.158 44.331 0.04172972 4.67961e-08
1761206411.166 44.434 0.04172972 -5.10920e-09
1761206411.214 44.537 0.04181259 -4.46920e-09
1761206411.281 44.639 0.04194946 -7.63650e-09
1761206411.332 44.741 0.04206492 -1.37370e-09
1761206411.338 44.844 0.04208355 6.66186e-08
1761206411.346 44.945 0.04208355 5.06425e-08
1761206411.356 45.047 0.04212079 1.28110e-09
1761206411.366 45.148 0.04215245 5.03730e-08
1761206411.413 45.249 0.04230609 -1.19060e-09
1761206411.463 45.350 0.04243924 -3.59980e-09
1761206411.469 45.451 0.04245972 1.16638e-08
1761206411.476 45.552 0.04245972 5.13302e-08
1761206411.524 45.652 0.04264688 5.98460e-08
1761206411.531 45.752 0.04268785 -8.74560e-09
1761206411.579 45.852 0.04290760 4.65389e-08
1761206411.631 45.951 0.04310407 -2.78450e-09
1761206411.637 46.051 0.04314411 3.95317e-08
1761206411.645 46.150 0.04314411 6.89649e-08
1761206411.718 46.249 0.04344952 2.62710e-09
1761206411.726 46.347 0.04344952 4.73344e-08
1761206411.775 46.446 0.04358640 4.67294e-08
1761206411.825 46.544 0.04372607 4.75066e-08
1761206411.875 46.642 0.04383873 4.78747e-08
1761206411.925 46.740 0.04395047 4.77110e-08
1761206411.975 46.838 0.04404638 4.70612e-08
1761206412.025 46.935 0.04414135 4.50920e-08
1761206412.093 47.033 0.04428568 7.05103e-08
1761206412.144 47.130 0.04436296 6.62255e-08
1761206412.212 47.227 0.04448680 4.93384e-08
1761206412.218 47.323 0.04448960 1.28145e-08
1761206412.247 47.420 0.04453709 4.68719e-08
1761206412.258 47.516 0.04456967 5.08931e-08
1761206412.265 47.612 0.04456967 -1.08143e-08
1761206412.313 47.708 0.04464417 2.37400e-09
1761206412.363 47.804 0.04474193 -1.88580e-09
1761206412.433 47.899 0.04496541 1.76436e-08
1761206412.439 47.995 0.04500917 6.82571e-08
1761206412.446 48.090 0.04501848 3.76879e-08
1761206412.494 48.185 0.04518608 5.58298e-08
1761206412.544 48.280 0.04533134 5.17427e-08
1761206412.551 48.374 0.04535555 1.64240e-08
1761206412.557 48.469 0.04538628 5.48640e-08
1761206412.565 48.563 0.04538628 -9.48330e-09
1761206412.614 48.657 0.04552036 -6.42470e-09
1761206412.663 48.751 0.04564327 8.03680e-09
1761206412.713 48.844 0.04577922 1.98070e-09
1761206412.789 48.938 0.04604738 6.38180e-08
1761206412.795 49.031 0.04608929 4.31869e-08
1761206412.843 49.124 0.04621685 6.31796e-08
1761206412.911 49.217 0.04634907 4.89156e-08
1761206412.961 49.310 0.04640401 4.92203e-08
1761206413.011 49.403 0.04647385 4.77169e-08
1761206413.061 49.495 0.04654089 5.06365e-08
1761206413.111 49.588 0.04664797 4.69238e-08
1761206413.161 49.680 0.04672153 5.16111e-08
1761206413.168 49.772 0.04672991 1.24520e-09
1761206413.175 49.863 0.04672991 5.05150e-08
1761206413.223 49.955 0.04681930 6.10444e-08
1761206413.230 50.046 0.04684350 -7.50430e-09
1761206413.279 50.138 0.04693476 4.04301e-08
1761206413.286 50.229 0.04696269 1.20442e-08
1761206413.317 50.320 0.04701390 4.52993e-08
1761206413.326 50.410 0.04707815 7.25583e-08
1761206413.374 50.501 0.04718989 4.80757e-08
1761206413.424 50.591 0.04736773 4.74896e-08
1761206413.430 50.682 0.04740312 -6.81250e-09
1761206413.478 50.772 0.04760890 5.27641e-08
1761206413.528 50.862 0.04779047 7.33159e-08
1761206413.534 50.952 0.04779047 5.80659e-08
1761206413.544 51.041 0.04780909 1.39600e-07
1761206413.554 51.131 0.04783051 6.40141e-08
1761206413.564 51.220 0.04788079 1.93999e-07
1761206413.574 51.309 0.04789848 2.51523e-07
1761206413.584 51.398 0.04792641 8.69580e-07
1761206413.594 51.487 0.04793759 1.13543e-06
1761206413.604 51.576 0.04796087 2.95819e-06
1761206413.614 51.664 0.04799811 4.12662e-06
1761206413.624 51.753 0.04801115 4.50963e-06
1761206413.634 51.841 0.04803536 6.83414e-06
1761206413.644 51.929 0.04804094 7.95738e-06
1761206413.654 52.017 0.04808191 9.55851e-06
1761206413.664 52.105 0.04812102 1.32714e-05
1761206413.674 52.192 0.04813499 1.40048e-05
1761206413.684 52.280 0.04816292 9.61597e-06
1761206413.694 52.367 0.04818713 1.10930e-05
1761206413.704 52.455 0.04822158 8.83750e-06
1761206413.714 52.542 0.04827093 1.44750e-05
1761206413.724 52.629 0.04831190 1.06560e-05
1761206413.734 52.715 0.04837988 9.30531e-06
1761206413.744 52.802 0.04843109 6.69550e-06
1761206413.754 52.888 0.04849627 3.96582e-06
1761206413.764 52.975 0.04856424 2.30581e-06
1761206413.775 53.061 0.04872719 1.70468e-06
1761206413.784 53.147 0.04872719 6.70373e-07
1761206413.794 53.233 0.04881099 3.24445e-07
1761206413.804 53.319 0.04889014 7.05502e-08
1761206413.814 53.405 0.04898511 9.47727e-08
1761206413.824 53.490 0.04908474 4.28424e-08
1761206413.856 53.575 0.04950841 6.90529e-08
1761206413.923 53.661 0.05008572 5.78395e-08
1761206413.930 53.746 0.05019745 3.24220e-09
1761206413.978 53.831 0.05058946 5.56238e-08
1761206413.984 53.916 0.05058946 2.99465e-08
1761206413.995 54.000 0.05066115 5.82542e-08
1761206414.005 54.085 0.05072168 1.15289e-08
1761206414.015 54.169 0.05075241 5.26090e-08
1761206414.025 54.254 0.05078872 6.31862e-08
1761206414.035 54.338 0.05083528 1.82204e-08
1761206414.045 54.422 0.05085669 6.41251e-08
1761206414.054 54.506 0.05087252 3.17753e-08
1761206414.064 54.590 0.05088090 7.18870e-08
1761206414.112 54.673 0.05093770 6.43346e-08
1761206414.119 54.757 0.05092839 5.12619e-08
1761206414.125 54.840 0.05095912 1.01044e-07
1761206414.134 54.924 0.05095912 9.76718e-08
1761206414.144 55.007 0.05096377 1.14270e-07
1761206414.154 55.090 0.05097960 9.52819e-08
1761206414.164 55.173 0.05100195 1.39549e-07
1761206414.174 55.256 0.05102616 3.29486e-07
1761206414.186 55.338 0.05111741 3.55459e-07
1761206414.194 55.421 0.05111741 5.53993e-07
1761206414.204 55.503 0.05116863 3.13058e-07
1761206414.214 55.585 0.05121984 7.94934e-07
1761206414.224 55.668 0.05126733 1.46042e-06
1761206414.234 55.750 0.05134181 6.41835e-06
1761206414.244 55.832 0.05139210 1.56343e-05
1761206414.254 55.913 0.05144424 2.70101e-05
1761206414.264 55.995 0.05152246 1.70631e-05
1761206414.274 56.077 0.05157367 3.88349e-05
1761206414.284 56.158 0.05165095 4.14269e-05
1761206414.294 56.240 0.05171334 4.44747e-05
1761206414.304 56.321 0.05179528 3.56843e-05
1761206414.314 56.402 0.05188560 2.22388e-05
1761206414.324 56.483 0.05195636 8.34783e-06
1761206414.334 56.564 0.05205227 2.83636e-06
1761206414.344 56.644 0.05212769 3.03660e-06
1761206414.354 56.725 0.05222080 5.11284e-06
1761206414.364 56.806 0.05231671 5.94524e-06
1761206414.374 56.886 0.05238934 6.69868e-06
1761206414.384 56.966 0.05249828 2.96319e-06
1761206414.436 57.047 0.05300854 6.27460e-07
1761206414.444 57.127 0.05300854 1.26920e-06
1761206414.454 57.207 0.05308490 1.38380e-06
1761206414.464 57.286 0.05318732 7.79702e-07
1761206414.474 57.366 0.05325809 1.04268e-06
1761206414.484 57.446 0.05335400 3.50251e-07
1761206414.494 57.525 0.05342104 1.00501e-07
1761206414.504 57.605 0.05350112 1.08134e-07
1761206414.514 57.684 0.05356444 1.31836e-07
1761206414.524 57.763 0.05361844 8.91749e-08
1761206414.534 57.842 0.05368734 4.10899e-08
1761206414.544 57.921 0.05374228 8.34476e-08
1761206414.595 58.000 0.05403652 1.98958e-07
1761206414.604 58.079 0.05408494 1.96678e-07
1761206414.614 58.158 0.05408494 2.22840e-08
1761206414.624 58.236 0.05413243 1.33922e-07
1761206414.634 58.315 0.05418364 8.89625e-08
1761206414.644 58.393 0.05422181 1.71561e-07
1761206414.654 58.471 0.05424602 9.42485e-08
1761206414.664 58.549 0.05430096 1.27849e-07
1761206414.674 58.627 0.05433075 5.19040e-08
1761206414.684 58.705 0.05438569 3.30287e-08
1761206414.694 58.783 0.05442573 1.26651e-07
1761206414.704 58.861 0.05447601 7.43673e-08
1761206414.714 58.938 0.05452722 1.30982e-07
1761206414.724 59.016 0.05455796 1.68437e-07
1761206414.734 59.093 0.05462965 8.14032e-08
1761206414.744 59.171 0.05465013 1.70141e-07
1761206414.754 59.248 0.05471438 1.17527e-07
1761206414.764 59.325 0.05477397 1.58627e-07
1761206414.775 59.402 0.05487733 1.11687e-07
1761206414.784 59.479 0.05487733 1.11048e-07
1761206414.794 59.556 0.05493227 1.68647e-07
1761206414.804 59.632 0.05499093 9.80038e-08
1761206414.814 59.709 0.05505797 1.43167e-07
1761206414.824 59.785 0.05511011 6.61597e-08
1761206414.834 59.862 0.05519392 1.30449e-07
1761206414.844 59.938 0.05525910 2.12795e-07
1761206414.854 60.014 0.05533452 7.23363e-07
1761206414.864 60.090 0.05539597 1.40908e-06
1761206414.874 60.166 0.05546115 2.09605e-06
1761206414.884 60.242 0.05555241 8.68873e-06
1761206414.894 60.318 0.05561758 3.01748e-05
1761206414.904 60.394 0.05569580 5.84966e-05
1761206414.914 60.470 0.05579822 9.44407e-05
1761206414.924 60.545 0.05586154 1.34374e-04
1761206414.934 60.621 0.05595838 1.40136e-04
1761206414.944 60.696 0.05602728 1.34607e-04
1761206414.992 60.771 0.05642581 1.69683e-07
1761206415.003 60.846 0.05651985 1.33640e-07
1761206415.011 60.922 0.05659062 1.43635e-07
1761206415.018 60.997 0.05665580 5.10446e-08
1761206415.028 61.071 0.05674053 8.89960e-08
1761206415.036 61.146 0.05680012 1.04923e-07
1761206415.044 61.221 0.05680012 1.60920e-07
1761206415.053 61.296 0.05687461 2.81107e-07
1761206415.064 61.370 0.05695376 8.46875e-07
1761206415.073 61.445 0.05701336 3.14794e-06
1761206415.083 61.519 0.05708877 5.50645e-06
1761206415.094 61.593 0.05713068 1.12117e-05
1761206415.104 61.667 0.05720051 1.28780e-05
1761206415.113 61.741 0.05725452 2.27006e-05
1761206415.123 61.815 0.05729083 1.92827e-05
1761206415.133 61.889 0.05735881 7.85909e-06
1761206415.143 61.963 0.05739046 1.48378e-05
1761206415.153 62.037 0.05744726 7.97124e-06
1761206415.163 62.110 0.05750313 6.19531e-06
1761206415.173 62.184 0.05752641 3.34106e-06
1761206415.183 62.257 0.05758321 2.03528e-06
1761206415.193 62.331 0.05762418 8.37416e-07
1761206415.203 62.404 0.05766236 7.82378e-07
1761206415.213 62.477 0.05771170 1.32889e-06
1761206415.223 62.550 0.05776757 1.08905e-06
1761206415.233 62.624 0.05784486 7.28026e-07
1761206415.243 62.696 0.05787093 5.79003e-07
1761206415.253 62.769 0.05793331 5.90995e-07
1761206415.263 62.842 0.05800129 5.31807e-07
1761206415.273 62.915 0.05806553 1.79213e-07
1761206415.283 62.987 0.05813072 1.12061e-07
1761206415.293 63.060 0.05818937 1.68970e-07
1761206415.303 63.132 0.05825735 1.84200e-07
1761206415.313 63.205 0.05833836 2.45164e-07
1761206415.325 63.277 0.05848548 2.83865e-07
1761206415.333 63.349 0.05848548 1.71323e-07
1761206415.343 63.421 0.05854600 2.71233e-07
1761206415.353 63.493 0.05864284 9.85759e-08
1761206415.363 63.565 0.05873129 1.36443e-07
1761206415.373 63.637 0.05881417 7.62074e-08
1761206415.383 63.709 0.05888959 1.05187e-07
1761206415.393 63.781 0.05895477 2.04507e-07
1761206415.403 63.852 0.05904043 1.16043e-06
1761206415.413 63.924 0.05911399 1.73321e-06
1761206415.423 63.995 0.05917917 4.90584e-06
1761206415.433 64.067 0.05927880 4.83298e-06
1761206415.443 64.138 0.05935050 5.27722e-06
1761206415.453 64.209 0.05940730 3.73358e-06
1761206415.463 64.280 0.05949017 3.59752e-06
1761206415.473 64.352 0.05955535 1.43154e-06
1761206415.523 64.423 0.05988870 8.04501e-07
1761206415.529 64.493 0.05998554 7.66191e-07
1761206415.536 64.564 0.06002278 8.28711e-07
1761206415.543 64.635 0.06002278 1.21514e-06
1761206415.553 64.706 0.06009262 8.92279e-07
1761206415.563 64.776 0.06015872 1.55839e-06
1761206415.573 64.847 0.06019877 5.99034e-07
1761206415.583 64.917 0.06028163 2.79523e-07
1761206415.593 64.988 0.06032540 2.32288e-07
1761206415.603 65.058 0.06038871 1.70620e-07
1761206415.613 65.128 0.06044924 4.11359e-07
1761206415.625 65.198 0.06056842 3.46870e-07
1761206415.633 65.268 0.06056842 5.38320e-07
1761206415.643 65.338 0.06061219 4.21877e-07
1761206415.653 65.408 0.06064943 7.29738e-07
1761206415.663 65.478 0.06069692 6.71510e-07
1761206415.673 65.548 0.06074347 1.54605e-06
1761206415.683 65.618 0.06080121 3.76509e-06
1761206415.693 65.687 0.06084684 1.00740e-05
1761206415.703 65.757 0.06088687 2.66902e-05
1761206415.713 65.826 0.06093901 4.20339e-05
1761206415.723 65.896 0.06099116 6.05755e-05
1761206415.733 65.965 0.06106099 9.57208e-05
1761206415.743 66.034 0.06108614 9.00744e-05
1761206415.753 66.104 0.06113362 1.02460e-04
1761206415.763 66.173 0.06120346 8.36100e-05
1761206415.773 66.242 0.06124815 1.03102e-04
1761206415.783 66.311 0.06131426 8.72517e-05
1761206415.793 66.380 0.06135523 5.85523e-05
1761206415.803 66.448 0.06141483 4.18424e-05
1761206415.813 66.517 0.06147162 1.87168e-05
1761206415.823 66.586 0.06154425 4.77055e-06
1761206415.833 66.655 0.06163644 2.40790e-07
1761206415.843 66.723 0.06168113 2.99381e-07
1761206415.854 66.792 0.06184594 1.94420e-07
1761206415.863 66.860 0.06184594 1.22411e-07
1761206415.873 66.928 0.06189808 1.16072e-07
1761206415.883 66.997 0.06200051 8.54786e-08
1761206415.893 67.065 0.06205172 1.77930e-07
1761206415.903 67.133 0.06212807 4.25616e-08
1761206415.913 67.201 0.06220257 1.09221e-07
1761206415.923 67.269 0.06226029 5.20776e-07
1761206415.933 67.337 0.06234037 6.69090e-07
1761206415.943 67.405 0.06240555 8.24802e-07
1761206415.953 67.472 0.06249308 6.84028e-07
1761206415.963 67.540 0.06256850 8.38198e-07
1761206415.973 67.608 0.06262065 6.47492e-07
1761206415.983 67.675 0.06270351 4.11980e-07
1761206415.993 67.743 0.06275380 2.07721e-07
1761206416.003 67.810 0.06283388 1.32420e-07
1761206416.013 67.878 0.06290464 2.43023e-07
1761206416.023 67.945 0.06295492 5.03152e-07
1761206416.053 68.012 0.06319888 1.14449e-06
1761206416.076 68.079 0.06335065 1.28937e-06
1761206416.083 68.147 0.06335065 5.64556e-07
1761206416.093 68.214 0.06343632 4.95360e-07
1761206416.103 68.281 0.06343632 6.96254e-07
1761206416.113 68.348 0.06350895 1.14809e-06
1761206416.123 68.414 0.06356388 9.77250e-07
1761206416.133 68.481 0.06363186 1.02503e-06
1761206416.143 68.548 0.06369610 1.90551e-06
1761206416.153 68.615 0.06375011 5.92786e-06
1761206416.163 68.681 0.06380691 7.44153e-06
1761206416.173 68.748 0.06385347 1.01926e-05
1761206416.183 68.814 0.06392237 1.27737e-05
1761206416.193 68.880 0.06395217 1.92321e-05
1761206416.203 68.947 0.06400617 1.68528e-05
1761206416.213 69.013 0.06406018 1.49130e-05
1761206416.223 69.079 0.06409649 1.80702e-05
1761206416.233 69.145 0.06415702 1.18170e-05
1761206416.243 69.212 0.06419147 8.88838e-06
1761206416.253 69.278 0.06423709 8.49411e-06
1761206416.263 69.343 0.06429296 3.60388e-06
1761206416.273 69.409 0.06432555 1.94443e-06
1761206416.283 69.475 0.06438328 2.99742e-07
1761206416.293 69.541 0.06440191 7.28395e-07
1761206416.303 69.607 0.06447546 3.90441e-07
1761206416.313 69.672 0.06453971 5.30320e-07
1761206416.323 69.738 0.06457323 4.41820e-07
1761206416.333 69.803 0.06464493 5.26663e-07
1761206416.343 69.869 0.06470359 4.78010e-07
1761206416.353 69.934 0.06475667 4.76810e-07
1761206416.363 70.000 0.06482185 4.33429e-07
1761206416.373 70.065 0.06487213 5.06185e-07
1761206416.383 70.130 0.06493731 4.18027e-07
1761206416.393 70.195 0.06499411 8.07133e-07
1761206416.403 70.260 0.06507232 8.55159e-07
1761206416.413 70.325 0.06512819 6.42674e-07
1761206416.423 70.390 0.06517847 1.30281e-06
1761206416.433 70.455 0.06526786 1.21951e-06
1761206416.443 70.520 0.06531442 1.18828e-06
1761206416.453 70.585 0.06538984 8.36135e-07
1761206416.463 70.650 0.06547364 1.14696e-06
1761206416.473 70.714 0.06553230 7.33914e-07
1761206416.526 70.779 0.06593269 1.19615e-07
1761206416.536 70.843 0.06599880 6.74012e-08
1761206416.543 70.908 0.06599880 8.60700e-08
1761206416.613 70.972 0.06646343 1.42373e-07
1761206416.623 71.037 0.06646343 1.37074e-07
1761206416.633 71.101 0.06652210 8.58092e-08
1761206416.643 71.165 0.06655655 1.37527e-07
1761206416.653 71.230 0.06660683 6.90240e-08
1761206416.663 71.294 0.06664128 1.34909e-07
1761206416.673 71.358 0.06665897 8.69119e-08
1761206416.683 71.422 0.06670181 1.18496e-07
1761206416.693 71.486 0.06671857 1.92959e-07
1761206416.706 71.550 0.06678095 2.70307e-07
1761206416.713 71.614 0.06678095 2.79034e-07
1761206416.723 71.677 0.06678095 2.41116e-07
1761206416.733 71.741 0.06683217 2.75744e-07
1761206416.743 71.805 0.06683589 3.72846e-07
1761206416.753 71.868 0.06684893 2.32333e-07
1761206416.763 71.932 0.06686010 3.22651e-07
1761206416.773 71.996 0.06687407 2.24931e-07
1761206416.783 72.059 0.06691783 2.83305e-07
1761206416.793 72.122 0.06692807 2.82391e-07
1761206416.803 72.186 0.06698766 1.97534e-07
1761206416.813 72.249 0.06698766 2.79906e-07
1761206416.823 72.312 0.06702771 1.47426e-07
1761206416.833 72.375 0.06706495 1.54949e-07
1761206416.843 72.439 0.06708450 1.72423e-07
1761206416.853 72.502 0.06713106 7.40202e-08
1761206416.863 72.565 0.06718786 1.60151e-07
1761206416.872 72.628 0.06722603 8.39185e-08
1761206416.883 72.691 0.06730239 1.49619e-07
1761206416.892 72.753 0.06733963 1.95647e-07
1761206416.903 72.816 0.06741599 1.11313e-07
1761206416.912 72.879 0.06748768 2.26464e-07
1761206416.922 72.942 0.06754821 2.32645e-07
1761206416.932 73.004 0.06762363 2.71085e-07
1761206416.942 73.067 0.06767111 2.71850e-07
1761206416.952 73.129 0.06775585 3.96099e-07
1761206416.962 73.192 0.06782662 5.56424e-07
1761206416.972 73.254 0.06789645 7.26802e-07
1761206416.982 73.317 0.06797560 3.34769e-06
1761206416.992 73.379 0.06803147 5.38625e-06
1761206417.002 73.441 0.06811713 2.54988e-05
1761206417.012 73.504 0.06819628 2.97502e-05
1761206417.022 73.566 0.06825773 5.10704e-05
1761206417.032 73.628 0.06834061 8.96646e-05
1761206417.042 73.690 0.06839368 1.11530e-04
1761206417.052 73.752 0.06845513 1.52639e-04
1761206417.062 73.814 0.06852310 1.21068e-04
1761206417.072 73.876 0.06858084 1.66026e-04
1761206417.082 73.938 0.06864694 1.06815e-04
1761206417.092 73.999 0.06870281 6.59205e-05
1761206417.102 74.061 0.06877916 2.87326e-05
1761206417.112 74.123 0.06882852 4.94058e-06
1761206417.154 74.185 0.06911345 2.35792e-07
1761206417.167 74.246 0.06916466 7.67430e-08
1761206417.176 74.308 0.06923263 1.00195e-07
1761206417.183 74.369 0.06923263 1.29577e-07
1761206417.192 74.431 0.06926522 1.97605e-07
1761206417.243 74.492 0.06958832 1.48428e-07
1761206417.253 74.553 0.06962184 1.80123e-07
1761206417.262 74.615 0.06962184 1.50404e-07
1761206417.272 74.676 0.06965350 4.62014e-07
1761206417.282 74.737 0.06972147 9.73370e-08
1761206417.292 74.798 0.06974755 1.09403e-07
1761206417.302 74.859 0.06980993 5.34754e-08
1761206417.313 74.920 0.06984438 9.92813e-08
1761206417.323 74.981 0.06987977 7.27033e-08
1761206417.333 75.042 0.06992353 1.30039e-07
1761206417.342 75.103 0.06994029 1.42866e-07
1761206417.353 75.164 0.06997288 5.48760e-08
1761206417.363 75.225 0.06999616 1.37891e-07
1761206417.373 75.285 0.07003992 9.22026e-08
1761206417.383 75.346 0.07007251 1.03955e-07
1761206417.393 75.407 0.07010976 1.41253e-07
1761206417.403 75.467 0.07016563 1.81241e-07
1761206417.412 75.528 0.07019263 3.66724e-07
1761206417.423 75.588 0.07020846 2.57219e-07
1761206417.435 75.649 0.07028388 3.28108e-07
1761206417.442 75.709 0.07028388 2.91292e-07
1761206417.452 75.770 0.07032951 2.28834e-07
1761206417.462 75.830 0.07036210 4.03026e-07
1761206417.472 75.890 0.07038910 1.75672e-07
1761206417.482 75.950 0.07044217 2.51326e-07
1761206417.494 76.011 0.07054088 3.74616e-07
1761206417.502 76.071 0.07054088 3.36134e-07
1761206417.512 76.131 0.07057905 3.01289e-07
1761206417.522 76.191 0.07064050 2.99434e-07
1761206417.532 76.251 0.07070382 2.21052e-07
1761206417.542 76.311 0.07075317 3.05898e-07
1761206417.552 76.371 0.07082114 4.69029e-08
1761206417.562 76.430 0.07089284 1.40765e-07
1761206417.572 76.490 0.07094592 1.11226e-07
1761206417.582 76.550 0.07101389 1.19004e-07
1761206417.592 76.610 0.07107255 1.14140e-07
1761206417.602 76.669 0.07113959 5.73783e-08
1761206417.612 76.729 0.07119918 1.34806e-07
1761206417.622 76.788 0.07125971 1.10569e-07
1761206417.632 76.848 0.07134351 1.85834e-07
1761206417.643 76.907 0.07147759 2.26956e-07
1761206417.652 76.967 0.07147759 1.43534e-07
1761206417.683 77.026 0.07171317 1.70035e-07
1761206417.693 77.086 0.07179697 1.17314e-07
1761206417.702 77.145 0.07179697 4.66792e-08
1761206417.712 77.204 0.07186309 1.48948e-07
1761206417.722 77.263 0.07191523 8.26806e-08
1761206417.732 77.322 0.07197482 1.08172e-07
1761206417.742 77.381 0.07200276 1.43083e-07
1761206417.752 77.441 0.07206979 2.73549e-07
1761206417.762 77.500 0.07212194 2.07683e-07
1761206417.772 77.558 0.07218246 2.92938e-07
1761206417.782 77.617 0.07225044 2.50978e-07
1761206417.792 77.676 0.07226440 3.89118e-07
1761206417.802 77.735 0.07232865 2.24231e-07
1761206417.812 77.794 0.07238266 2.16196e-07
1761206417.822 77.853 0.07242084 2.26444e-07
1761206417.832 77.911 0.07247018 3.62290e-07
1761206417.842 77.970 0.07248881 2.70538e-07
1761206417.852 78.029 0.07255678 2.08852e-07
1761206417.862 78.087 0.07260613 3.00710e-07
1761206417.872 78.146 0.07264896 2.15274e-07
1761206417.882 78.204 0.07269366 3.41927e-07
1761206417.892 78.263 0.07271786 2.84720e-07
1761206417.904 78.321 0.07281936 2.64085e-07
1761206417.912 78.379 0.07281936 2.32086e-07
1761206417.922 78.438 0.07285195 1.05301e-07
1761206417.932 78.496 0.07289199 1.96149e-07
1761206417.942 78.554 0.07295530 1.05567e-07
1761206417.952 78.612 0.07301117 1.83964e-08
1761206417.962 78.670 0.07303631 9.32160e-08
1761206417.972 78.728 0.07307542 1.18495e-07
1761206417.982 78.786 0.07314432 4.15411e-08
1761206417.992 78.844 0.07318995 8.97400e-08
1761206418.002 78.902 0.07326723 2.96523e-07
1761206418.012 78.960 0.07331472 1.09727e-06
1761206418.022 79.018 0.07335755 1.28040e-06
1761206418.032 79.076 0.07343670 2.15347e-06
1761206418.042 79.134 0.07348139 2.88764e-06
1761206418.052 79.192 0.07354099 5.24088e-06
1761206418.062 79.249 0.07360896 5.11877e-06
1761206418.072 79.307 0.07366855 7.13536e-06
1761206418.082 79.365 0.07372814 8.01452e-06
1761206418.092 79.422 0.07377843 1.73176e-05
1761206418.102 79.480 0.07384920 1.60383e-05
1761206418.112 79.537 0.07390041 2.16138e-05
1761206418.122 79.595 0.07394789 1.57307e-05
1761206418.132 79.652 0.07403169 1.35291e-05
1761206418.142 79.709 0.07406894 1.61675e-05
1761206418.152 79.767 0.07415181 1.15703e-05
1761206418.162 79.824 0.07419837 9.37222e-06
1761206418.172 79.881 0.07424399 2.83910e-06
1761206418.182 79.938 0.07433431 1.27034e-06
1761206418.192 79.996 0.07437994 1.27591e-06
1761206418.244 80.053 0.07470770 9.04012e-08
1761206418.252 80.110 0.07470770 4.29019e-08
1761206418.262 80.167 0.07473377 7.49024e-08
1761206418.272 80.224 0.07479243 1.29177e-08
1761206418.282 80.281 0.07483806 6.54413e-08
1761206418.292 80.338 0.07487437 7.46610e-08
1761206418.359 80.395 0.07520213 6.67414e-08
1761206418.366 80.451 0.07524124 3.92421e-08
1761206418.373 80.508 0.07531014 9.39127e-08
1761206418.382 80.565 0.07531014 6.59864e-08
1761206418.392 80.622 0.07533435 7.83361e-08
1761206418.440 80.678 0.07548147 7.70274e-08
1761206418.447 80.735 0.07551593 2.53579e-08
1761206418.453 80.792 0.07553827 2.28885e-08
1761206418.462 80.848 0.07553827 7.22551e-08
1761206418.503 80.905 0.07565094 1.00306e-08
1761206418.518 80.961 0.07568166 3.06810e-09
1761206418.524 81.018 0.07570960 4.81273e-08
1761206418.532 81.074 0.07570960 -1.71122e-08
1761206418.580 81.130 0.07586231 2.09925e-08
1761206418.630 81.187 0.07597684 3.78077e-08
1761206418.637 81.243 0.07599732 1.70183e-08
1761206418.643 81.299 0.07603643 1.02278e-07
1761206418.651 81.355 0.07603643 6.21976e-08
1761206418.661 81.412 0.07608205 1.08946e-07
1761206418.671 81.468 0.07610719 7.11182e-08
1761206418.681 81.524 0.07614164 1.56186e-07
1761206418.691 81.580 0.07617144 1.66827e-07
1761206418.701 81.636 0.07621614 1.93296e-07
1761206418.711 81.692 0.07623290 1.68779e-07
1761206418.724 81.748 0.07627946 2.29091e-07
1761206418.731 81.804 0.07627946 1.42201e-07
1761206418.741 81.860 0.07629528 1.86531e-07
1761206418.751 81.915 0.07633718 1.87053e-07
1761206418.795 81.971 0.07647313 1.95077e-07
1761206418.803 82.027 0.07648430 1.50233e-07
1761206418.811 82.083 0.07648430 1.78088e-07
1761206418.821 82.138 0.07651689 2.01933e-07
1761206418.831 82.194 0.07657183 9.04462e-08
1761206418.841 82.250 0.07660535 1.50536e-07
1761206418.851 82.305 0.07666122 3.58377e-08
1761206418.861 82.361 0.07668450 8.60483e-08
1761206418.871 82.416 0.07673478 2.63498e-08
1761206418.881 82.472 0.07678227 9.26129e-08
1761206418.891 82.527 0.07680647 4.42604e-08
1761206418.901 82.582 0.07686979 1.72529e-08
1761206418.911 82.638 0.07690424 8.26474e-08
1761206418.921 82.693 0.07693125 6.92090e-08
1761206418.931 82.748 0.07700574 9.78715e-08
1761206418.941 82.803 0.07705230 4.54283e-08
1761206418.951 82.859 0.07709140 2.88043e-08
1761206418.961 82.914 0.07711189 7.49385e-08
1761206418.971 82.969 0.07716124 6.99620e-08
1761206418.981 83.024 0.07723293 9.64351e-08
1761206418.991 83.079 0.07726832 3.70080e-08
1761206419.001 83.134 0.07732791 7.45070e-09
1761206419.011 83.189 0.07738006 7.14729e-08
1761206419.059 83.244 0.07762122 6.02526e-08
1761206419.112 83.299 0.07792756 7.73450e-08
1761206419.121 83.354 0.07799740 5.19999e-08
1761206419.131 83.409 0.07799740 1.03337e-07
1761206419.141 83.463 0.07804582 7.16285e-08
1761206419.154 83.518 0.07813241 1.10258e-06
1761206419.162 83.573 0.07817711 1.72818e-06
1761206419.171 83.627 0.07817711 1.33136e-06
1761206419.181 83.682 0.07821807 2.91667e-06
1761206419.191 83.737 0.07824135 6.52045e-06
1761206419.201 83.791 0.07829443 4.95480e-06
1761206419.211 83.846 0.07832143 8.22749e-06
1761206419.221 83.900 0.07833447 9.08673e-06
1761206419.231 83.955 0.07836985 1.15138e-05
1761206419.241 84.009 0.07838009 1.68411e-05
1761206419.251 84.064 0.07840244 2.57556e-05
1761206419.261 84.118 0.07842944 2.22368e-05
1761206419.271 84.172 0.07845738 2.32113e-05
1761206419.281 84.227 0.07848624 2.84363e-05
1761206419.291 84.281 0.07849742 4.02080e-05
1761206419.301 84.335 0.07854025 3.42959e-05
1761206419.345 84.389 0.07866688 4.89067e-05
1761206419.352 84.443 0.07870227 7.98410e-05
1761206419.362 84.498 0.07870227 8.04588e-05
1761206419.371 84.552 0.07876093 1.17383e-04
1761206419.381 84.606 0.07880096 9.65349e-05
1761206419.391 84.660 0.07882331 9.12436e-05
1761206419.401 84.714 0.07887825 9.64730e-05
1761206419.411 84.768 0.07892388 8.49595e-05
1761206419.421 84.821 0.07896391 8.76248e-05
1761206419.431 84.875 0.07903934 7.38786e-05
1761206419.441 84.929 0.07907286 8.33724e-05
1761206419.451 84.983 0.07913525 5.59499e-05
1761206419.461 85.037 0.07916970 4.31534e-05
1761206419.471 85.091 0.07923301 2.18792e-05
1761206419.481 85.144 0.07930192 1.32247e-05
1761206419.491 85.198 0.07932147 9.11427e-06
1761206419.501 85.252 0.07938944 6.47529e-06
1761206419.511 85.305 0.07943786 5.82140e-06
1761206419.521 85.359 0.07949094 3.45129e-06
1761206419.531 85.412 0.07954215 1.82641e-06
1761206419.541 85.466 0.07957940 1.48137e-06
1761206419.551 85.519 0.07963712 1.40690e-06
1761206419.561 85.573 0.07965668 1.01635e-06
1761206419.571 85.626 0.07969951 4.42850e-07
1761206419.581 85.679 0.07976096 4.21063e-07
1761206419.591 85.733 0.07981032 1.99200e-07
1761206419.601 85.786 0.07986804 1.46577e-07
1761206419.611 85.839 0.07988294 1.77556e-07
1761206419.621 85.893 0.07993136 1.89549e-07
1761206419.631 85.946 0.07999095 1.37532e-07
1761206419.641 85.999 0.08001702 6.48076e-08
1761206419.651 86.052 0.08007569 2.64542e-08
1761206419.661 86.105 0.08011293 8.10050e-08
1761206419.709 86.158 0.08037552 8.53962e-08
1761206419.759 86.211 0.08061854 1.02591e-07
1761206419.811 86.264 0.08090719 5.15040e-08
1761206419.896 86.317 0.08115394 1.52235e-07
1761206419.902 86.370 0.08114184 6.15920e-08
1761206419.911 86.423 0.08114184 1.11531e-07
1761206419.921 86.476 0.08115860 5.43270e-07
1761206419.931 86.529 0.08115022 7.09343e-08
1761206419.941 86.582 0.08115022 1.53701e-07
1761206419.951 86.634 0.08117629 5.81021e-08
1761206419.961 86.687 0.08115674 1.84601e-07
1761206420.013 86.740 0.08117629 7.90570e-08
1761206420.022 86.793 0.08117815 7.98447e-08
1761206420.031 86.845 0.08117815 4.56927e-08
1761206420.079 86.898 0.08124892 3.43937e-08
1761206420.085 86.950 0.08126847 1.48200e-07
1761206420.091 87.003 0.08131410 3.81191e-08
1761206420.101 87.056 0.08131410 -1.75058e-08
1761206420.111 87.108 0.08132248 7.90473e-08
1761206420.161 87.160 0.08150870 6.23050e-08
1761206420.209 87.213 0.08169679 7.36697e-08
1761206420.215 87.265 0.08173404 4.95300e-10
1761206420.263 87.318 0.08188302 5.90332e-08
1761206420.271 87.370 0.08188302 1.51510e-09
1761206420.281 87.422 0.08191747 5.32493e-08
1761206420.329 87.475 0.08202455 3.88961e-08
1761206420.335 87.527 0.08202921 4.32700e-09
1761206420.342 87.579 0.08206087 4.65284e-08
1761206420.391 87.631 0.08211301 6.11814e-08
1761206420.397 87.683 0.08212512 2.65260e-09
1761206420.469 87.736 0.08223127 -3.31260e-09
1761206420.476 87.788 0.08226851 4.98267e-08
1761206420.525 87.840 0.08236628 6.98628e-08
1761206420.575 87.892 0.08248267 6.73227e-08
1761206420.582 87.944 0.08250316 -1.18033e-08
1761206420.632 87.996 0.08258230 4.64240e-08
1761206420.642 88.048 0.08260930 8.81287e-08
1761206420.651 88.099 0.08260930 3.28258e-08
1761206420.660 88.151 0.08260558 1.46385e-07
1761206420.670 88.203 0.08262700 5.11219e-08
1761206420.680 88.255 0.08263538 1.22455e-07
1761206420.690 88.307 0.08262048 7.31158e-08
1761206420.700 88.359 0.08265027 1.28668e-07
1761206420.710 88.410 0.08266611 1.46128e-07
1761206420.720 88.462 0.08268473 1.03744e-07
1761206420.730 88.514 0.08269497 1.84065e-07
1761206420.740 88.565 0.08270149 2.09220e-07
1761206420.750 88.617 0.08274153 2.08352e-07
1761206420.760 88.668 0.08274059 2.47870e-07
1761206420.770 88.720 0.08276946 2.44603e-07
1761206420.780 88.771 0.08277877 2.26095e-07
1761206420.790 88.823 0.08278529 5.71226e-07
1761206420.800 88.874 0.08281695 3.66108e-07
1761206420.810 88.926 0.08284954 3.44858e-07
1761206420.820 88.977 0.08288492 8.16225e-07
1761206420.830 89.029 0.08290913 4.90567e-07
1761206420.840 89.080 0.08293893 4.69501e-07
1761206420.850 89.131 0.08299665 5.47397e-07
1761206420.860 89.182 0.08302552 6.77505e-07
1761206420.870 89.234 0.08306090 9.61583e-07
1761206420.880 89.285 0.08311398 9.58294e-07
1761206420.890 89.336 0.08314750 1.02751e-06
1761206420.900 89.387 0.08319964 1.11354e-06
1761206420.910 89.438 0.08324620 2.46179e-06
1761206420.920 89.489 0.08333745 1.98028e-06
1761206420.930 89.541 0.08336725 2.09504e-06
1761206420.940 89.592 0.08339797 2.47890e-06
1761206420.950 89.643 0.08348364 3.71011e-06
1761206420.960 89.694 0.08352275 3.46126e-06
1761206420.970 89.744 0.08359072 4.08690e-06
1761206421.000 89.795 0.08377136 3.64078e-06
1761206421.010 89.846 0.08381512 5.15362e-06
1761206421.016 89.897 0.08386633 5.69495e-06
1761206421.022 89.948 0.08390638 4.26677e-06
1761206421.030 89.999 0.08390638 3.44440e-06
1761206421.040 90.050 0.08395107 2.42385e-06
1761206421.050 90.100 0.08401625 1.58762e-06
1761206421.060 90.151 0.08406001 2.07654e-06
1761206421.070 90.202 0.08412426 8.38479e-07
1761206421.080 90.252 0.08416523 1.30567e-06
1761206421.090 90.303 0.08420713 6.01235e-07
1761206421.100 90.354 0.08427231 4.12768e-07
1761206421.110 90.404 0.08430676 5.23995e-07
1761206421.120 90.455 0.08434680 3.00229e-07
1761206421.130 90.505 0.08438591 3.70936e-07
1761206421.140 90.556 0.08441477 2.95897e-07
1761206421.150 90.606 0.08446599 1.89853e-07
1761206421.160 90.657 0.08450044 2.58633e-07
1761206421.170 90.707 0.08455724 1.05453e-07
1761206421.180 90.757 0.08459262 1.41671e-07
1761206421.190 90.808 0.08462707 1.17621e-07
1761206421.200 90.858 0.08467829 7.90036e-08
1761206421.210 90.908 0.08469225 1.12820e-07
1761206421.220 90.959 0.08473508 4.04849e-08
1761206421.230 91.009 0.08480306 7.75051e-08
1761206421.240 91.059 0.08483378 2.10052e-08
1761206421.250 91.109 0.08489245 6.57615e-08
1761206421.260 91.160 0.08491759 8.21653e-08
1761206421.308 91.210 0.08514292 7.49163e-08
1761206421.314 91.260 0.08519879 9.91620e-09
1761206421.320 91.310 0.08519879 2.81343e-08
1761206421.330 91.360 0.08524162 6.13647e-08
1761206421.340 91.410 0.08528725 1.99465e-08
1761206421.350 91.460 0.08535522 4.99798e-08
1761206421.360 91.510 0.08538502 7.91849e-08
1761206421.426 91.560 0.08572581 5.68375e-08
1761206421.475 91.610 0.08589528 5.22226e-08
1761206421.482 91.660 0.08592042 2.43600e-10
1761206421.550 91.709 0.08609920 2.34475e-08
1761206421.560 91.759 0.08609920 7.28929e-08
1761206421.628 91.809 0.08620814 7.77486e-08
1761206421.678 91.859 0.08623794 6.75890e-08
1761206421.728 91.909 0.08627239 6.74135e-08
1761206421.735 91.958 0.08626959 3.47544e-08
1761206421.742 92.008 0.08629473 6.28641e-08
1761206421.750 92.058 0.08629473 -1.84110e-09
1761206421.760 92.107 0.08628821 6.92703e-08
1761206421.808 92.157 0.08635619 9.68286e-08
1761206421.814 92.207 0.08636922 1.97380e-09
1761206421.865 92.256 0.08643999 4.69600e-09
1761206421.874 92.306 0.08646327 7.44395e-08
1761206421.880 92.355 0.08648282 2.68892e-08
1761206421.890 92.405 0.08648282 1.28527e-08
1761206421.900 92.454 0.08652752 7.58628e-08
1761206421.910 92.504 0.08652380 6.56450e-08
1761206421.920 92.553 0.08655359 1.76650e-08
1761206421.930 92.602 0.08657221 6.78379e-08
1761206421.940 92.652 0.08658432 2.96715e-08
1761206421.950 92.701 0.08663273 7.20429e-08
1761206421.960 92.750 0.08664857 6.71060e-08
1761206421.970 92.800 0.08667929 1.79002e-08
1761206421.980 92.849 0.08670071 7.07122e-08
1761206421.990 92.898 0.08672585 5.03435e-08
1761206422.000 92.947 0.08676123 8.88780e-08
1761206422.010 92.996 0.08676775 8.67503e-08
1761206422.020 93.046 0.08680313 5.23218e-08
1761206422.030 93.095 0.08682920 8.46932e-08
1761206422.040 93.144 0.08686365 5.83833e-08
1761206422.050 93.193 0.08690183 8.85079e-08
1761206422.080 93.242 0.08700705 9.60636e-08
1761206422.089 93.291 0.08703592 9.10135e-08
1761206422.100 93.340 0.08708526 8.91353e-08
1761206422.110 93.389 0.08711320 8.16768e-08
1761206422.120 93.438 0.08717931 2.03323e-08
1761206422.130 93.487 0.08720818 7.27506e-08
1761206422.139 93.536 0.08724728 4.87535e-08
1761206422.150 93.584 0.08730595 6.93433e-08
1761206422.160 93.633 0.08732550 6.55059e-08
1761206422.209 93.682 0.08756294 6.66325e-08
1761206422.216 93.731 0.08761601 7.38210e-09
1761206422.223 93.780 0.08765699 6.65101e-08
1761206422.229 93.828 0.08765699 6.12269e-08
1761206422.239 93.877 0.08768119 4.46266e-08
1761206422.249 93.926 0.08774171 6.63136e-08
1761206422.259 93.974 0.08779014 5.89841e-08
1761206422.269 94.023 0.08784600 3.76197e-08
1761206422.279 94.072 0.08786649 6.93591e-08
1761206422.289 94.120 0.08789722 1.01286e-07
1761206422.299 94.169 0.08795494 8.19037e-08
1761206422.309 94.217 0.08797823 7.04417e-08
1761206422.319 94.266 0.08802571 2.44828e-08
1761206422.329 94.314 0.08804433 8.00569e-08
1761206422.339 94.363 0.08807878 8.95019e-08
1761206422.349 94.411 0.08811976 8.32152e-08
1761206422.359 94.460 0.08813652 8.48874e-08
1761206422.369 94.508 0.08819053 2.08492e-08
1761206422.379 94.556 0.08819704 1.07849e-07
1761206422.389 94.605 0.08822311 4.83231e-08
1761206422.399 94.653 0.08826688 7.75355e-08
1761206422.409 94.701 0.08827619 5.81683e-08
1761206422.419 94.749 0.08832554 2.42233e-08
1761206422.429 94.798 0.08836744 6.66368e-08
1761206422.439 94.846 0.08839816 4.20030e-08
1761206422.449 94.894 0.08845497 6.48100e-08
1761206422.459 94.942 0.08847266 3.82537e-08
1761206422.469 94.990 0.08854622 -7.34700e-10
1761206422.479 95.038 0.08857974 6.25286e-08
1761206422.527 95.087 0.08879949 5.65252e-08
1761206422.622 95.135 0.08930602 1.65091e-07
1761206422.630 95.183 0.08930602 1.74223e-07
1761206422.640 95.231 0.08932930 1.58934e-07
1761206422.650 95.279 0.08936841 4.85997e-07
1761206422.660 95.327 0.08938703 4.23987e-07
1761206422.669 95.375 0.08945221 4.16406e-07
1761206422.679 95.422 0.08947363 5.88121e-07
1761206422.689 95.470 0.08947921 6.07979e-07
1761206422.699 95.518 0.08950063 7.08605e-07
1761206422.709 95.566 0.08951739 9.32469e-07
1761206422.719 95.614 0.08952670 9.34506e-07
1761206422.729 95.662 0.08954160 9.30074e-07
1761206422.739 95.709 0.08954439 9.49683e-07
1761206422.749 95.757 0.08955743 1.37641e-06
1761206422.759 95.805 0.08953881 1.23506e-06
1761206422.769 95.853 0.08955650 1.41064e-06
1761206422.779 95.900 0.08954719 1.29940e-06
1761206422.789 95.948 0.08956395 1.65472e-06
1761206422.799 95.996 0.08959188 1.70631e-06
1761206422.809 96.043 0.08958722 2.24575e-06
1761206422.819 96.091 0.08961423 2.01126e-06
1761206422.829 96.138 0.08963378 2.72344e-06
1761206422.839 96.186 0.08964775 2.41398e-06
1761206422.849 96.233 0.08967754 2.43058e-06
1761206422.859 96.281 0.08969989 2.90470e-06
1761206422.869 96.328 0.08974738 2.98707e-06
1761206422.879 96.376 0.08978742 3.37273e-06
1761206422.889 96.423 0.08983677 4.19502e-06
1761206422.899 96.471 0.08987402 4.45514e-06
1761206422.909 96.518 0.08990381 8.42394e-06
1761206422.919 96.565 0.08997830 5.00592e-06
1761206422.929 96.613 0.09002300 7.83734e-06
1761206422.939 96.660 0.09007142 7.27306e-06
1761206422.949 96.707 0.09011983 1.13950e-05
1761206422.959 96.755 0.09015894 1.12365e-05
1761206422.969 96.802 0.09023436 1.07600e-05
1761206422.979 96.849 0.09027906 1.10500e-05
1761206422.989 96.896 0.09034610 1.11308e-05
1761206422.999 96.943 0.09041221 1.03348e-05
1761206423.009 96.990 0.09044294 1.15106e-05
1761206423.019 97.038 0.09051557 1.13355e-05
1761206423.029 97.085 0.09057330 9.36523e-06
1761206423.039 97.132 0.09062079 9.21087e-06
1761206423.049 97.179 0.09067479 7.53444e-06
1761206423.059 97.226 0.09070179 4.77876e-06
1761206423.069 97.273 0.09076790 3.67078e-06
1761206423.079 97.320 0.09082098 3.64844e-06
1761206423.089 97.367 0.09084612 2.20366e-06
1761206423.099 97.414 0.09091875 1.79929e-06
1761206423.109 97.461 0.09094296 1.56726e-06
1761206423.119 97.508 0.09101186 1.37697e-06
1761206423.151 97.554 0.09114687 1.60631e-06
1761206423.162 97.601 0.09120461 1.13791e-06
1761206423.169 97.648 0.09120461 8.41779e-07
1761206423.179 97.695 0.09124278 7.14310e-07
1761206423.189 97.742 0.09127724 5.54681e-07
1761206423.199 97.788 0.09131448 6.18245e-07
1761206423.209 97.835 0.09134521 3.97704e-07
1761206423.219 97.882 0.09139642 3.58912e-07
1761206423.229 97.929 0.09143832 4.01920e-07
1761206423.239 97.975 0.09147091 2.80072e-07
1761206423.249 98.022 0.09151747 2.27545e-07
1761206423.259 98.068 0.09155844 1.83795e-07
1761206423.269 98.115 0.09159662 1.14831e-07
1761206423.279 98.162 0.09161710 1.53643e-07
1761206423.289 98.208 0.09167483 8.29602e-08
1761206423.299 98.255 0.09171952 1.22673e-07
1761206423.309 98.301 0.09173163 3.87586e-08
1761206423.319 98.348 0.09178470 1.82863e-08
1761206423.329 98.394 0.09180146 6.71892e-08
1761206423.339 98.441 0.09183312 3.65715e-08
1761206423.349 98.487 0.09188713 7.42161e-08
1761206423.390 98.533 0.09207149 1.71282e-08
1761206423.405 98.580 0.09211153 -2.16060e-09
1761206423.411 98.626 0.09217112 5.17746e-08
1761206423.419 98.673 0.09217112 4.60230e-09
1761206423.429 98.719 0.09219440 3.04193e-08
1761206423.471 98.765 0.09240949 -7.15025e-09
1761206423.479 98.811 0.09240949 7.87736e-09
1761206423.489 98.858 0.09245512 -8.93739e-09
1761206423.499 98.904 0.09248864 1.25221e-08
1761206423.509 98.950 0.09254171 -1.42811e-08
1761206423.519 98.996 0.09259014 -1.08074e-08
1761206423.529 99.042 0.09261621 -2.36447e-09
1761206423.539 99.089 0.09266276 -1.13854e-08
1761206423.549 99.135 0.09268418 -1.16195e-08
1761206423.562 99.181 0.09276332 -1.16370e-09
1761206423.569 99.227 0.09276332 -2.96227e-08
1761206423.617 99.273 0.09290206 -1.03482e-07
1761206423.623 99.319 0.09291417 -2.92910e-09
1761206423.697 99.365 0.09309295 -9.36300e-08
1761206423.707 99.411 0.09312926 -1.40243e-08
1761206423.755 99.457 0.09326428 -3.71985e-08
1761206423.799 99.503 0.09338625 1.04617e-08
1761206423.805 99.549 0.09339743 5.66040e-10
1761206423.819 99.595 0.09343188 -3.21640e-09
1761206423.829 99.641 0.09343188 5.08600e-08
1761206423.876 99.687 0.09348402 5.99449e-08
1761206423.927 99.732 0.09356317 6.71087e-08
1761206423.934 99.778 0.09357900 2.99373e-08
1761206423.939 99.824 0.09357900 8.50816e-08
1761206423.948 99.870 0.09357900 7.43015e-08
1761206423.997 99.916 0.09366932 8.07945e-08
1761206424.004 99.961 0.09366839 1.57359e-08
1761206424.010 100.007 0.09369353 6.91905e-08
1761206424.058 100.053 0.09373822 7.59857e-08
1761206424.064 100.098 0.09377640 1.54140e-08
1761206424.070 100.144 0.09378012 2.77514e-08
1761206424.078 100.190 0.09378012 6.17155e-08
1761206424.126 100.235 0.09390303 5.96680e-08
1761206424.132 100.281 0.09393376 1.06659e-08
1761206424.180 100.326 0.09404084 5.71481e-08
1761206424.189 100.372 0.09404084 8.32348e-08
1761206424.199 100.418 0.09407436 9.65768e-08
1761206424.249 100.463 0.09420658 6.22556e-08
1761206424.259 100.509 0.09420658 6.28771e-08
1761206424.269 100.554 0.09424662 2.49802e-08
1761206424.279 100.599 0.09425035 7.92493e-08
1761206424.289 100.645 0.09426618 3.93977e-08
1761206424.298 100.690 0.09427921 7.30055e-08
1761206424.365 100.736 0.09441516 1.92188e-08
1761206424.415 100.781 0.09452782 1.24195e-08
1761206424.422 100.826 0.09454086 1.90210e-08
1761206424.429 100.872 0.09457718 7.42339e-08
1761206424.477 100.917 0.09465353 5.67639e-08
1761206424.527 100.962 0.09473640 5.53627e-08
1761206424.595 101.008 0.09485465 7.48305e-08
1761206424.645 101.053 0.09490680 7.10644e-08
1761206424.695 101.098 0.09497942 7.99414e-08
1761206424.745 101.143 0.09499898 7.80321e-08
1761206424.853 101.188 0.09507068 1.67210e-08
1761206424.863 101.234 0.09509581 6.15795e-08
1761206424.871 101.279 0.09510140 4.02404e-08
1761206424.878 101.324 0.09510140 6.51348e-08
1761206424.888 101.369 0.09511537 4.21459e-08
1761206424.898 101.414 0.09511537 6.17669e-08
1761206424.908 101.459 0.09512189 8.04909e-08
1761206424.918 101.504 0.09514424 5.72851e-08
1761206424.928 101.549 0.09513399 1.87835e-07
1761206424.979 101.594 0.09518707 2.15024e-07
1761206424.990 101.639 0.09520290 4.53028e-07
1761206424.998 101.684 0.09520290 6.36652e-07
1761206425.008 101.729 0.09521593 4.36421e-07
1761206425.018 101.774 0.09524666 4.17059e-07
1761206425.028 101.819 0.09523641 3.44852e-07
1761206425.038 101.864 0.09527832 4.44732e-07
1761206425.048 101.909 0.09529508 5.59099e-07
1761206425.058 101.954 0.09531649 1.77224e-06
1761206425.068 101.998 0.09535094 5.22019e-07
1761206425.078 102.043 0.09538167 1.27026e-06
1761206425.089 102.088 0.09542730 9.97020e-07
1761206425.098 102.133 0.09542730 1.38934e-06
1761206425.108 102.177 0.09545337 2.62639e-06
1761206425.118 102.222 0.09551483 2.06317e-06
1761206425.128 102.267 0.09551110 2.90522e-06
1761206425.138 102.312 0.09556139 3.54591e-06
1761206425.148 102.356 0.09559863 4.39622e-06
1761206425.158 102.401 0.09563029 5.40155e-06
1761206425.168 102.446 0.09569267 4.79431e-06
1761206425.178 102.490 0.09570199 7.13500e-06
1761206425.188 102.535 0.09573085 8.75728e-06
1761206425.198 102.579 0.09578206 8.76457e-06
1761206425.208 102.624 0.09582303 1.21722e-05
1761206425.218 102.668 0.09586773 1.46154e-05
1761206425.228 102.713 0.09589100 1.52505e-05
1761206425.238 102.757 0.09593756 1.72500e-05
1761206425.248 102.802 0.09597760 1.71379e-05
1761206425.258 102.846 0.09600739 2.29764e-05
1761206425.268 102.891 0.09607630 2.31838e-05
1761206425.278 102.935 0.09610609 2.92644e-05
1761206425.288 102.980 0.09614986 2.93916e-05
1761206425.298 103.024 0.09618431 3.93906e-05
1761206425.308 103.068 0.09620666 4.30998e-05
1761206425.318 103.113 0.09625694 4.86014e-05
1761206425.328 103.157 0.09630256 5.05112e-05
1761206425.338 103.201 0.09634261 6.55727e-05
1761206425.348 103.246 0.09639195 5.50956e-05
1761206425.358 103.290 0.09642734 1.16138e-04
1761206425.404 103.334 0.09664336 6.47839e-05
1761206425.411 103.378 0.09670109 9.18805e-05
1761206425.434 103.423 0.09678769 5.21921e-05
1761206425.440 103.467 0.09682400 3.72661e-05
1761206425.448 103.511 0.09682400 3.20576e-05
1761206425.458 103.555 0.09684542 3.58713e-05
1761206425.468 103.599 0.09691805 2.16063e-05
1761206425.478 103.643 0.09694039 1.64671e-05
1761206425.488 103.687 0.09699067 1.47698e-05
1761206425.498 103.732 0.09702420 1.20666e-05
1761206425.508 103.776 0.09705958 1.95738e-05
1761206425.518 103.820 0.09709496 1.05499e-05
1761206425.528 103.864 0.09710334 8.69879e-06
1761206425.538 103.908 0.09714152 1.05192e-05
1761206425.548 103.952 0.09717131 7.60849e-06
1761206425.558 103.996 0.09720390 1.56178e-05
1761206425.568 104.040 0.09724860 7.25845e-06
1761206425.578 104.083 0.09725698 7.54803e-06
1761206425.588 104.127 0.09726629 9.59566e-06
1761206425.598 104.171 0.09731284 6.10995e-06
1761206425.608 104.215 0.09735289 4.97465e-06
1761206425.618 104.259 0.09737244 7.27407e-06
1761206425.628 104.303 0.09740596 4.97810e-06
1761206425.638 104.347 0.09744786 4.44106e-06
1761206425.648 104.390 0.09747766 4.20745e-06
1761206425.658 104.434 0.09748790 4.39212e-06
1761206425.668 104.478 0.09752421 3.55349e-06
1761206425.706 104.522 0.09766016 3.04383e-06
1761206425.713 104.565 0.09772999 2.24314e-06
1761206425.719 104.609 0.09776165 3.00194e-06
1761206425.727 104.653 0.09776165 2.26403e-06
1761206425.737 104.697 0.09779518 1.52106e-06
1761206425.747 104.740 0.09783614 1.21339e-06
1761206425.757 104.784 0.09786966 1.28941e-06
1761206425.767 104.827 0.09792740 8.98794e-07
1761206425.777 104.871 0.09795533 9.43967e-07
1761206425.787 104.915 0.09801027 1.54272e-06
1761206425.797 104.958 0.09805217 5.58921e-07
1761206425.808 105.002 0.09808662 3.89398e-07
1761206425.818 105.045 0.09815087 3.21571e-07
1761206425.827 105.089 0.09818346 3.23199e-07
1761206425.839 105.132 0.09828867 2.38968e-07
1761206425.850 105.176 0.09831941 1.43458e-07
1761206425.858 105.219 0.09836503 1.21061e-07
1761206425.867 105.263 0.09836503 1.06626e-07
1761206425.877 105.306 0.09838644 1.33103e-07
1761206425.887 105.349 0.09842276 2.86697e-08
1761206425.897 105.393 0.09846280 6.07076e-08
1761206425.907 105.436 0.09848049 2.33357e-08
1761206425.959 105.479 0.09871234 5.04741e-08
1761206425.968 105.523 0.09871234 5.75000e-11
1761206425.977 105.566 0.09873003 8.15020e-08
1761206426.025 105.609 0.09890509 7.15911e-08
1761206426.032 105.653 0.09894792 -7.94300e-10
1761206426.080 105.696 0.09913321 4.93873e-08
1761206426.130 105.739 0.09926171 4.54215e-08
1761206426.137 105.782 0.09926171 8.37530e-09
1761206426.147 105.826 0.09927847 3.85436e-08
1761206426.195 105.869 0.09935762 2.96010e-08
1761206426.202 105.912 0.09935669 -1.09045e-08
1761206426.270 105.955 0.09942279 -2.97140e-08
1761206426.279 105.998 0.09945073 1.61118e-08
1761206426.287 106.041 0.09945073 -4.13905e-08
1761206426.337 106.084 0.09950008 1.29870e-07
1761206426.347 106.128 0.09950008 9.30410e-08
1761206426.357 106.171 0.09952615 3.77997e-08
1761206426.367 106.214 0.09954850 1.36771e-07
1761206426.377 106.257 0.09954571 6.78678e-08
1761206426.387 106.300 0.09958481 1.86750e-08
1761206426.397 106.343 0.09960064 4.27492e-08
1761206426.438 106.386 0.09967979 -2.06806e-08
1761206426.447 106.429 0.09967979 -6.96560e-09
1761206426.462 106.472 0.09971517 9.41460e-09
1761206426.510 106.514 0.09981760 -3.13400e-10
1761206426.517 106.557 0.09981760 -4.97109e-08
1761206426.527 106.600 0.09984087 1.86421e-08
1761206426.537 106.643 0.09987440 -4.56547e-08
1761206426.547 106.686 0.09990419 5.87160e-09
1761206426.588 106.729 0.10004014 -1.41659e-08
1761206426.597 106.772 0.10004014 5.98925e-09
1761206426.607 106.814 0.10005597 -7.92566e-09
1761206426.617 106.857 0.10008390 1.02905e-08
1761206426.627 106.900 0.10010346 -1.24860e-08
1761206426.637 106.943 0.10012859 3.34778e-09
1761206426.647 106.986 0.10014815 1.25264e-08
1761206426.657 107.028 0.10015280 -1.83329e-09
1761206426.667 107.071 0.10019192 1.41633e-08
1761206426.677 107.114 0.10020123 -5.61038e-09
1761206426.687 107.156 0.10024592 1.38369e-09
1761206426.697 107.199 0.10025616 9.51161e-09
1761206426.710 107.242 0.10030272 2.09760e-08
1761206426.717 107.284 0.10030272 -3.19662e-08
1761206426.758 107.327 0.10043029 5.81808e-09
1761206426.767 107.369 0.10043029 1.31695e-08
1761206426.777 107.412 0.10046008 -3.14650e-10
1761206426.787 107.455 0.10048243 1.76398e-09
1761206426.797 107.497 0.10050478 1.34944e-08
1761206426.807 107.540 0.10053643 -3.33607e-09
1761206426.817 107.582 0.10059137 1.64785e-08
1761206426.827 107.625 0.10060720 -4.74752e-09
1761206426.837 107.667 0.10063235 1.15611e-08
1761206426.847 107.709 0.10067704 1.63330e-08
1761206426.857 107.752 0.10070497 4.62871e-09
1761206426.867 107.794 0.10075804 2.03148e-08
1761206426.877 107.837 0.10079063 1.40246e-09
1761206426.887 107.879 0.10082601 1.01828e-08
1761206426.897 107.921 0.10086139 1.40483e-08
1761206426.907 107.964 0.10090330 5.03959e-09
1761206426.921 108.006 0.10095544 -1.44009e-08
1761206426.927 108.048 0.10095544 3.41064e-08
1761206426.937 108.091 0.10098989 -1.94976e-08
1761206426.947 108.133 0.10102993 3.86933e-08
1761206426.988 108.175 0.10119754 6.66658e-09
1761206427.002 108.218 0.10123571 3.95130e-09
1761206427.008 108.260 0.10128042 5.18406e-08
1761206427.039 108.302 0.10138004 2.70784e-08
1761206427.063 108.344 0.10146105 5.15099e-08
1761206427.112 108.386 0.10163703 5.91770e-08
1761206427.162 108.429 0.10179254 9.38939e-08
1761206427.169 108.471 0.10181302 4.82974e-08
1761206427.177 108.513 0.10181302 9.89580e-08
1761206427.187 108.555 0.10183537 4.68815e-08
1761206427.197 108.597 0.10184002 1.03284e-07
1761206427.207 108.639 0.10186051 6.05634e-08
1761206427.217 108.681 0.10188099 1.27884e-07
1761206427.227 108.723 0.10188285 6.54899e-08
1761206427.237 108.765 0.10191358 4.79599e-08
1761206427.247 108.807 0.10192196 1.18168e-07
1761206427.257 108.849 0.10191079 8.26894e-08
1761206427.267 108.891 0.10193406 1.21415e-07
1761206427.277 108.933 0.10194618 1.01587e-07
1761206427.287 108.975 0.10196201 7.04575e-08
1761206427.297 109.017 0.10196387 1.51899e-07
1761206427.307 109.059 0.10194618 9.91579e-08
1761206427.317 109.101 0.10197875 8.90470e-08
1761206427.327 109.143 0.10200390 1.49490e-07
1761206427.337 109.185 0.10200763 8.66972e-08
1761206427.347 109.227 0.10200949 1.55255e-07
1761206427.357 109.268 0.10204301 1.57665e-07
1761206427.367 109.310 0.10209515 1.05393e-07
1761206427.377 109.352 0.10210353 1.19064e-07
1761206427.387 109.394 0.10215288 1.48211e-07
1761206427.397 109.436 0.10217617 2.02991e-07
1761206427.407 109.477 0.10220596 1.50889e-07
1761206427.417 109.519 0.10223948 1.72203e-07
1761206427.427 109.561 0.10226462 1.27132e-07
1761206427.437 109.603 0.10234376 1.00582e-07
1761206427.447 109.644 0.10237170 1.56716e-07
1761206427.457 109.686 0.10239964 1.24574e-07
1761206427.467 109.728 0.10244806 1.59909e-07
1761206427.477 109.769 0.10248623 1.59945e-07
1761206427.487 109.811 0.10254861 1.02896e-07
1761206427.497 109.853 0.10258399 1.38720e-07
1761206427.506 109.894 0.10264359 1.09368e-07
1761206427.517 109.936 0.10270039 1.30965e-07
1761206427.526 109.977 0.10273484 1.29076e-07
1761206427.536 110.019 0.10279350 4.26209e-08
