1760561099.610 33.801 0.03271633 4.92044e-08
1760561099.658 33.936 0.03267909 6.58164e-08
1760561099.665 34.071 0.03267909 -1.89850e-09
1760561099.713 34.205 0.03266047 5.73030e-08
1760561099.722 34.338 0.03266047 8.21100e-09
1760561099.732 34.471 0.03268840 5.82232e-08
1760561099.781 34.603 0.03271075 1.44335e-08
1760561099.787 34.735 0.03271727 1.45507e-08
1760561099.793 34.867 0.03275824 4.66745e-08
1760561099.802 34.997 0.03275824 -1.00716e-08
1760561099.812 35.128 0.03278710 6.01334e-08
1760561099.878 35.258 0.03305154 6.22459e-08
1760561099.928 35.387 0.03336534 6.25306e-08
1760561099.984 35.516 0.03378528 3.51322e-06
1760561099.992 35.645 0.03378528 7.90419e-06
1760561100.002 35.773 0.03387094 1.29837e-05
1760561100.012 35.900 0.03392681 2.31873e-05
1760561100.022 36.027 0.03399106 2.42045e-05
1760561100.032 36.154 0.03405437 1.99027e-05
1760561100.042 36.280 0.03408976 1.29170e-05
1760561100.052 36.406 0.03414376 5.33038e-06
1760561100.062 36.531 0.03421360 1.38193e-06
1760561100.072 36.656 0.03421360 1.03445e-06
1760561100.082 36.781 0.03424712 6.36918e-07
1760561100.092 36.905 0.03424991 3.65639e-07
1760561100.102 37.029 0.03429368 2.00477e-07
1760561100.112 37.152 0.03431602 1.97784e-07
1760561100.173 37.275 0.03454601 1.18176e-07
1760561100.182 37.397 0.03454601 1.24905e-07
1760561100.192 37.519 0.03458978 4.02455e-08
1760561100.202 37.641 0.03465589 6.20159e-08
1760561100.212 37.762 0.03472479 1.07217e-07
1760561100.265 37.883 0.03526019 6.34500e-09
1760561100.313 38.003 0.03576673 8.44481e-08
1760561100.322 38.124 0.03576673 2.64963e-08
1760561100.332 38.243 0.03585146 8.32286e-08
1760561100.342 38.363 0.03592409 2.37073e-08
1760561100.352 38.482 0.03603490 1.40209e-08
1760561100.362 38.600 0.03617736 7.19461e-08
1760561100.409 38.718 0.03642877 5.31570e-08
1760561100.414 38.836 0.03646229 -7.07510e-09
1760561100.463 38.954 0.03662896 5.53856e-08
1760561100.472 39.071 0.03662896 2.04587e-08
1760561100.482 39.188 0.03666341 6.13003e-08
1760561100.530 39.304 0.03681705 6.88756e-08
1760561100.537 39.421 0.03684592 1.14584e-08
1760561100.543 39.536 0.03688782 5.40044e-08
1760561100.591 39.652 0.03703028 7.21614e-08
1760561100.598 39.767 0.03709453 1.73798e-08
1760561100.646 39.882 0.03733197 6.00821e-08
1760561100.724 39.996 0.03776308 7.00348e-08
1760561100.731 40.110 0.03776308 2.51699e-08
1760561100.782 40.224 0.03800983 2.94630e-09
1760561100.832 40.338 0.03816626 7.64000e-11
1760561100.882 40.451 0.03825286 -5.82870e-09
1760561100.932 40.564 0.03833852 -6.04930e-09
1760561100.982 40.676 0.03840091 -7.02660e-09
1760561101.032 40.788 0.03847913 -9.58500e-09
1760561101.082 40.900 0.03858993 -1.02519e-08
1760561101.132 41.012 0.03872308 -1.14623e-08
1760561101.182 41.123 0.03881620 -1.06316e-08
1760561101.261 41.234 0.03898939 5.61064e-08
1760561101.272 41.345 0.03902943 4.95264e-08
1760561101.282 41.456 0.03902943 5.73243e-08
1760561101.330 41.566 0.03912906 5.27318e-08
1760561101.339 41.676 0.03912533 1.40285e-08
1760561101.345 41.785 0.03915885 5.72676e-08
1760561101.393 41.894 0.03925942 4.92504e-08
1760561101.461 42.003 0.03940002 5.21841e-08
1760561101.511 42.112 0.03965887 6.06597e-08
1760561101.561 42.220 0.03986931 5.73771e-08
1760561101.629 42.329 0.04005553 5.47400e-08
1760561101.680 42.436 0.04014586 5.44299e-08
1760561101.730 42.544 0.04018217 5.46028e-08
1760561101.798 42.651 0.04028180 9.38040e-09
1760561101.803 42.758 0.04025945 1.23626e-08
1760561101.811 42.865 0.04025945 5.39451e-08
1760561101.859 42.972 0.04033674 6.62938e-08
1760561101.866 43.078 0.04035629 -2.09110e-09
1760561101.916 43.184 0.04046337 -6.61400e-09
1760561101.967 43.290 0.04060490 3.91030e-09
1760561101.975 43.395 0.04063563 7.67520e-08
1760561101.981 43.500 0.04066357 2.14609e-08
1760561102.030 43.605 0.04083583 5.81181e-08
1760561102.080 43.710 0.04104161 5.95336e-08
1760561102.130 43.815 0.04124459 5.20699e-08
1760561102.181 43.919 0.04140103 5.22569e-08
1760561102.232 44.023 0.04156025 -8.34220e-09
1760561102.282 44.126 0.04165057 -8.83460e-09
1760561102.364 44.230 0.04176137 5.18995e-08
1760561102.371 44.333 0.04176137 1.73853e-08
1760561102.381 44.436 0.04178838 6.10956e-08
1760561102.429 44.539 0.04184611 5.91355e-08
1760561102.497 44.641 0.04196064 5.71059e-08
1760561102.504 44.744 0.04197833 1.11356e-08
1760561102.510 44.846 0.04197833 4.90030e-08
1760561102.558 44.948 0.04212452 7.32633e-08
1760561102.565 45.049 0.04213662 6.65510e-09
1760561102.571 45.151 0.04216642 1.89049e-08
1760561102.580 45.252 0.04216642 4.58202e-08
1760561102.628 45.353 0.04233402 5.73213e-08
1760561102.678 45.453 0.04252490 5.57999e-08
1760561102.729 45.554 0.04273348 5.50893e-08
1760561102.779 45.654 0.04296626 5.49862e-08
1760561102.829 45.754 0.04313014 5.43240e-08
1760561102.902 45.854 0.04332382 1.93466e-08
1760561102.910 45.954 0.04332382 7.35423e-08
1760561102.920 46.053 0.04333965 -1.18197e-08
1760561102.930 46.152 0.04334803 5.39705e-08
1760561102.940 46.251 0.04336106 1.76029e-08
1760561102.950 46.350 0.04338062 5.91680e-08
1760561102.998 46.448 0.04340576 3.10246e-08
1760561103.048 46.547 0.04348490 2.48892e-08
1760561103.100 46.645 0.04364320 2.52511e-08
1760561103.150 46.743 0.04389274 -7.63240e-09
1760561103.200 46.840 0.04412273 -2.64640e-09
1760561103.210 46.938 0.04412273 5.23725e-08
1760561103.220 47.035 0.04418139 -1.20110e-08
1760561103.230 47.132 0.04421026 6.18240e-08
1760561103.278 47.229 0.04434434 4.76263e-08
1760561103.328 47.326 0.04440766 4.99703e-08
1760561103.378 47.422 0.04449984 5.24731e-08
1760561103.440 47.519 0.04469910 4.47544e-08
1760561103.450 47.615 0.04469910 5.39274e-08
1760561103.498 47.711 0.04483691 2.04737e-08
1760561103.549 47.806 0.04496541 1.31680e-08
1760561103.599 47.902 0.04507435 1.42764e-08
1760561103.648 47.997 0.04517491 1.06960e-08
1760561103.654 48.092 0.04516933 1.11948e-08
1760561103.660 48.187 0.04516933 5.19760e-08
1760561103.670 48.282 0.04519354 -3.62400e-10
1760561103.680 48.377 0.04521216 7.70965e-08
1760561103.727 48.471 0.04529596 5.11755e-08
1760561103.778 48.565 0.04540769 5.04888e-08
1760561103.828 48.659 0.04557716 5.17744e-08
1760561103.878 48.753 0.04578387 6.56395e-08
1760561103.928 48.847 0.04597755 6.62249e-08
1760561103.998 48.940 0.04616657 6.86350e-09
1760561104.004 49.034 0.04615726 1.76323e-08
1760561104.010 49.127 0.04615726 5.09556e-08
1760561104.020 49.220 0.04618892 6.92800e-10
1760561104.030 49.313 0.04620568 6.81161e-08
1760561104.080 49.405 0.04625875 6.03733e-08
1760561104.130 49.498 0.04632021 5.96861e-08
1760561104.181 49.590 0.04644777 5.91191e-08
1760561104.231 49.682 0.04665169 5.55302e-08
1760561104.281 49.774 0.04682302 5.52644e-08
1760561104.331 49.866 0.04697852 5.03140e-08
1760561104.339 49.957 0.04697852 9.42990e-09
1760561104.349 50.049 0.04701949 6.01486e-08
1760561104.397 50.140 0.04708188 5.66380e-08
1760561104.447 50.231 0.04713495 5.70037e-08
1760561104.498 50.322 0.04722806 5.70960e-08
1760561104.571 50.413 0.04739380 2.51095e-08
1760561104.579 50.504 0.04739380 5.15805e-08
1760561104.646 50.594 0.04760238 6.19676e-08
1760561104.698 50.684 0.04768804 8.34540e-08
1760561104.707 50.774 0.04770015 1.60436e-07
1760561104.712 50.864 0.04771411 1.93800e-07
1760561104.719 50.954 0.04771411 1.34922e-07
1760561104.729 51.044 0.04772529 2.71881e-07
1760561104.739 51.133 0.04774857 2.98722e-07
1760561104.749 51.223 0.04775509 3.33953e-07
1760561104.759 51.312 0.04777743 5.38682e-07
1760561104.769 51.401 0.04780909 1.04536e-06
1760561104.779 51.490 0.04779978 9.55685e-07
1760561104.789 51.578 0.04781375 9.34031e-07
1760561104.799 51.667 0.04782399 9.38950e-07
1760561104.810 51.755 0.04788824 2.51518e-06
1760561104.819 51.844 0.04788824 1.80709e-06
1760561104.829 51.932 0.04790500 1.66527e-06
1760561104.839 52.020 0.04794131 2.19347e-06
1760561104.849 52.107 0.04797018 3.48322e-06
1760561104.859 52.195 0.04799252 3.13253e-06
1760561104.869 52.283 0.04802418 4.29104e-06
1760561104.879 52.370 0.04806050 4.36220e-06
1760561104.889 52.457 0.04812754 3.74397e-06
1760561104.899 52.544 0.04818620 3.30047e-06
1760561104.909 52.631 0.04824766 2.30759e-06
1760561104.919 52.718 0.04834077 1.21337e-06
1760561104.929 52.805 0.04838639 9.24182e-07
1760561104.939 52.891 0.04847765 6.03212e-07
1760561104.949 52.978 0.04856145 4.27211e-07
1760561104.959 53.064 0.04865177 1.20423e-07
1760561104.969 53.150 0.04876350 8.24308e-08
1760561104.979 53.236 0.04885289 1.33519e-07
1760561105.027 53.322 0.04937153 8.00835e-08
1760561105.033 53.407 0.04948606 1.59716e-08
1760561105.039 53.493 0.04959314 4.94588e-08
1760561105.049 53.578 0.04959314 6.52816e-08
1760561105.059 53.663 0.04967136 2.10797e-08
1760561105.069 53.749 0.04978775 5.03663e-08
1760561105.100 53.834 0.05015835 9.03126e-08
1760561105.109 53.918 0.05015835 7.84155e-08
1760561105.119 54.003 0.05023563 3.16281e-08
1760561105.129 54.088 0.05029988 8.34688e-08
1760561105.176 54.172 0.05061274 6.91796e-08
1760561105.184 54.257 0.05066209 2.39680e-08
1760561105.189 54.341 0.05072075 2.23895e-08
1760561105.199 54.425 0.05072075 5.46931e-08
1760561105.209 54.509 0.05075799 1.50822e-08
1760561105.219 54.593 0.05079151 3.67103e-08
1760561105.229 54.676 0.05082038 8.11630e-08
1760561105.277 54.760 0.05098705 8.26475e-08
1760561105.283 54.843 0.05102895 4.18512e-08
1760561105.289 54.926 0.05104292 5.13549e-08
1760561105.299 55.010 0.05104292 1.10741e-07
1760561105.309 55.093 0.05106620 2.66444e-07
1760561105.319 55.176 0.05112765 3.13048e-07
1760561105.329 55.258 0.05115931 7.40452e-07
1760561105.339 55.341 0.05121611 1.47585e-06
1760561105.349 55.424 0.05125335 2.76555e-06
1760561105.359 55.506 0.05129247 6.18465e-06
1760561105.369 55.588 0.05135857 8.11974e-06
1760561105.379 55.671 0.05138930 1.17934e-05
1760561105.389 55.753 0.05143679 1.32700e-05
1760561105.399 55.835 0.05149732 1.35780e-05
1760561105.409 55.916 0.05154853 1.20149e-05
1760561105.419 55.998 0.05161464 1.33227e-05
1760561105.429 56.080 0.05165095 7.15991e-06
1760561105.439 56.161 0.05172917 5.15765e-06
1760561105.449 56.242 0.05178690 1.06448e-06
1760561105.459 56.324 0.05184183 9.75725e-07
1760561105.469 56.405 0.05192843 1.44559e-06
1760561105.479 56.486 0.05197405 2.67142e-06
1760561105.489 56.567 0.05205320 3.52776e-06
1760561105.499 56.647 0.05213607 4.14930e-06
1760561105.509 56.728 0.05221615 4.14981e-06
1760561105.519 56.809 0.05230926 2.52599e-06
1760561105.529 56.889 0.05236234 8.80034e-07
1760561105.539 56.969 0.05245917 4.84997e-07
1760561105.549 57.049 0.05254484 2.50668e-07
1760561105.560 57.130 0.05270872 2.91363e-07
1760561105.569 57.210 0.05270872 1.40789e-07
1760561105.579 57.289 0.05279811 4.95437e-07
1760561105.589 57.369 0.05288843 6.98932e-07
1760561105.599 57.449 0.05297782 7.88530e-07
1760561105.609 57.528 0.05305510 6.55023e-07
1760561105.660 57.608 0.05356815 9.83193e-08
1760561105.669 57.687 0.05356815 3.26404e-08
1760561105.679 57.766 0.05364730 1.14999e-07
1760561105.733 57.845 0.05407562 6.39250e-08
1760561105.739 57.924 0.05413336 9.71670e-08
1760561105.749 58.003 0.05413336 1.31853e-07
1760561105.759 58.082 0.05420133 5.51621e-08
1760561105.769 58.161 0.05426465 7.88222e-08
1760561105.779 58.239 0.05430189 1.06433e-07
1760561105.789 58.318 0.05435031 2.91295e-08
1760561105.799 58.396 0.05439221 8.75063e-08
1760561105.809 58.474 0.05443411 4.93479e-08
1760561105.819 58.552 0.05449464 9.06010e-08
1760561105.829 58.630 0.05451140 9.23642e-08
1760561105.839 58.708 0.05453933 3.78875e-08
1760561105.849 58.786 0.05456261 8.14272e-08
1760561105.859 58.864 0.05458216 5.96958e-08
1760561105.869 58.941 0.05462127 1.07182e-07
1760561105.879 59.019 0.05465293 1.30730e-07
1760561105.889 59.096 0.05467993 5.44208e-08
1760561105.898 59.174 0.05470973 9.72995e-08
1760561105.908 59.251 0.05472276 7.30347e-08
1760561105.918 59.328 0.05477211 1.14231e-07
1760561105.929 59.405 0.05478794 9.10680e-08
1760561105.938 59.482 0.05483264 1.95275e-08
1760561105.949 59.559 0.05488292 1.10446e-07
1760561105.959 59.635 0.05492296 5.41806e-08
1760561105.968 59.712 0.05498348 1.10197e-07
1760561105.978 59.788 0.05501887 1.12891e-07
1760561105.988 59.865 0.05510826 1.37570e-07
1760561105.998 59.941 0.05518833 3.25751e-07
1760561106.009 60.017 0.05523861 5.86358e-07
1760561106.019 60.094 0.05539784 2.33964e-06
1760561106.028 60.170 0.05539784 3.40595e-06
1760561106.038 60.245 0.05548257 7.51448e-06
1760561106.048 60.321 0.05555706 3.94500e-05
1760561106.058 60.397 0.05563527 5.07377e-05
1760561106.068 60.473 0.05572187 5.43520e-05
1760561106.078 60.548 0.05580474 3.76621e-05
1760561106.088 60.624 0.05590810 4.62584e-05
1760561106.098 60.699 0.05600121 2.92257e-05
1760561106.108 60.774 0.05608036 4.64392e-06
1760561106.118 60.850 0.05617813 2.95253e-06
1760561106.129 60.925 0.05634294 2.03992e-06
1760561106.138 61.000 0.05634294 5.65806e-07
1760561106.148 61.075 0.05643605 2.45635e-07
1760561106.211 61.149 0.05700218 2.15581e-06
1760561106.219 61.224 0.05700218 3.74676e-06
1760561106.229 61.299 0.05704594 7.91158e-06
1760561106.239 61.373 0.05712882 1.14508e-05
1760561106.248 61.448 0.05720703 1.23177e-05
1760561106.258 61.522 0.05726383 1.20042e-05
1760561106.268 61.596 0.05734856 8.17640e-06
1760561106.278 61.670 0.05738581 5.52273e-06
1760561106.288 61.745 0.05743982 1.61201e-06
1760561106.298 61.819 0.05749196 1.29077e-06
1760561106.308 61.892 0.05753945 6.94578e-07
1760561106.318 61.966 0.05759066 4.95909e-07
1760561106.328 62.040 0.05762325 5.71189e-07
1760561106.339 62.114 0.05769867 6.80203e-07
1760561106.348 62.187 0.05769867 2.32389e-07
1760561106.358 62.261 0.05773964 7.04019e-07
1760561106.368 62.334 0.05777502 6.53708e-07
1760561106.378 62.407 0.05781506 3.08595e-07
1760561106.388 62.481 0.05785230 1.81861e-07
1760561106.398 62.554 0.05786999 1.97630e-07
1760561106.408 62.627 0.05789141 1.85771e-07
1760561106.418 62.700 0.05794914 1.49483e-07
1760561106.428 62.773 0.05797056 2.02051e-07
1760561106.438 62.845 0.05803388 1.52116e-07
1760561106.448 62.918 0.05809160 1.72728e-07
1760561106.458 62.991 0.05813444 1.22699e-07
1760561106.468 63.063 0.05819962 1.75316e-07
1760561106.478 63.136 0.05824711 1.26002e-07
1760561106.488 63.208 0.05831694 1.36957e-07
1760561106.498 63.280 0.05837002 1.46911e-07
1760561106.508 63.353 0.05843334 9.36605e-08
1760561106.518 63.425 0.05850968 1.50521e-07
1760561106.528 63.497 0.05856462 1.50233e-07
1760561106.538 63.569 0.05865215 6.85920e-08
1760561106.548 63.640 0.05873595 2.00397e-07
1760561106.558 63.712 0.05881603 3.34895e-07
1760561106.568 63.784 0.05890914 4.40066e-07
1760561106.578 63.856 0.05896595 1.66802e-06
1760561106.588 63.927 0.05904788 2.51678e-06
1760561106.598 63.999 0.05913262 3.49819e-06
1760561106.608 64.070 0.05920897 2.46728e-06
1760561106.618 64.141 0.05930673 2.33482e-06
1760561106.628 64.213 0.05937005 1.52739e-06
1760561106.638 64.284 0.05946317 7.04669e-07
1760561106.648 64.355 0.05955070 3.35139e-07
1760561106.659 64.426 0.05972295 2.16325e-07
1760561106.668 64.497 0.05972295 4.40011e-07
1760561106.678 64.568 0.05978534 2.13414e-07
1760561106.688 64.638 0.05984586 5.48960e-07
1760561106.698 64.709 0.05990546 6.94116e-07
1760561106.708 64.780 0.05997623 2.28526e-07
1760561106.718 64.850 0.06005630 1.03616e-06
1760561106.767 64.921 0.06038127 1.86306e-07
1760561106.777 64.991 0.06042876 2.52881e-07
1760561106.787 65.061 0.06051628 3.81015e-07
1760561106.793 65.132 0.06056377 6.65987e-07
1760561106.798 65.202 0.06060567 7.59743e-07
1760561106.808 65.272 0.06060567 1.18639e-06
1760561106.818 65.342 0.06068668 2.85947e-06
1760561106.828 65.412 0.06072485 5.09864e-06
1760561106.838 65.482 0.06079841 9.77141e-06
1760561106.848 65.551 0.06085242 2.73020e-05
1760561106.858 65.621 0.06090084 3.14899e-05
1760561106.868 65.691 0.06096137 4.56777e-05
1760561106.878 65.760 0.06099954 6.56848e-05
1760561106.888 65.830 0.06106938 6.63590e-05
1760561106.898 65.899 0.06109545 5.25201e-05
1760561106.908 65.968 0.06114759 4.13916e-05
1760561106.919 66.038 0.06122115 2.81177e-05
1760561106.928 66.107 0.06122115 1.47966e-05
1760561106.938 66.176 0.06127981 4.94261e-06
1760561106.948 66.245 0.06132730 2.85054e-06
1760561106.958 66.314 0.06136268 1.83821e-06
1760561106.968 66.383 0.06147535 1.50880e-06
1760561106.979 66.452 0.06152284 8.84030e-07
1760561106.990 66.521 0.06157591 6.65650e-07
1760561106.998 66.589 0.06157591 3.44069e-07
1760561107.008 66.658 0.06164109 2.20218e-07
1760561107.018 66.726 0.06171186 2.00089e-07
1760561107.033 66.795 0.06183105 5.38130e-07
1760561107.044 66.863 0.06188226 3.54080e-07
1760561107.096 66.932 0.06221839 1.32878e-06
1760561107.106 67.000 0.06229102 1.58493e-06
1760561107.114 67.068 0.06237669 3.57860e-07
1760561107.120 67.136 0.06243069 6.39378e-07
1760561107.131 67.204 0.06252101 5.82192e-07
1760561107.142 67.272 0.06258992 5.00813e-07
1760561107.148 67.340 0.06258992 3.62348e-07
1760561107.160 67.408 0.06271935 2.45333e-07
1760561107.168 67.476 0.06271935 2.14481e-07
1760561107.178 67.544 0.06276870 2.21429e-07
1760561107.188 67.611 0.06284691 1.41543e-07
1760561107.198 67.679 0.06289254 2.69377e-07
1760561107.208 67.746 0.06294188 4.92273e-07
1760561107.218 67.814 0.06299868 4.69090e-07
1760561107.228 67.881 0.06304245 9.23750e-07
1760561107.238 67.949 0.06310577 7.00756e-07
1760561107.248 68.016 0.06315977 9.35247e-07
1760561107.258 68.083 0.06319236 5.46003e-07
1760561107.268 68.150 0.06322681 2.38189e-07
1760561107.298 68.217 0.06338325 2.68985e-07
1760561107.322 68.284 0.06347542 1.54879e-06
1760561107.330 68.351 0.06353316 3.03986e-06
1760561107.338 68.418 0.06353316 3.61589e-06
1760561107.348 68.485 0.06358064 5.28594e-06
1760561107.358 68.551 0.06362441 9.60242e-06
1760561107.368 68.618 0.06369052 1.28953e-05
1760561107.378 68.685 0.06371845 1.22710e-05
1760561107.388 68.751 0.06379573 1.47749e-05
1760561107.398 68.818 0.06385254 1.38602e-05
1760561107.408 68.884 0.06391306 1.18569e-05
1760561107.418 68.950 0.06397172 1.26795e-05
1760561107.428 69.017 0.06399779 8.45373e-06
1760561107.438 69.083 0.06407322 4.44766e-06
1760561107.448 69.149 0.06411977 1.56252e-06
1760561107.458 69.215 0.06418030 9.38888e-07
1760561107.468 69.281 0.06424827 5.54505e-07
1760561107.478 69.347 0.06428272 6.93756e-07
1760561107.492 69.413 0.06438794 3.59599e-07
1760561107.498 69.479 0.06444474 2.83347e-07
1760561107.508 69.545 0.06444474 3.67225e-07
1760561107.518 69.610 0.06451178 3.37600e-07
1760561107.528 69.676 0.06455740 3.37660e-07
1760561107.538 69.741 0.06464493 3.44461e-07
1760561107.548 69.807 0.06468124 2.48746e-07
1760561107.558 69.872 0.06473339 2.92423e-07
1760561107.568 69.938 0.06480974 4.49200e-07
1760561107.578 70.003 0.06484978 7.06612e-07
1760561107.588 70.068 0.06489354 8.36004e-07
1760561107.598 70.134 0.06495034 3.55655e-07
1760561107.608 70.199 0.06503973 6.50360e-07
1760561107.618 70.264 0.06510491 8.66649e-07
1760561107.628 70.329 0.06523620 5.99347e-07
1760561107.638 70.394 0.06523620 7.46204e-07
1760561107.648 70.459 0.06528183 1.99107e-07
1760561107.658 70.524 0.06534514 3.45098e-07
1760561107.667 70.588 0.06542615 7.27673e-07
1760561107.677 70.653 0.06546806 3.97215e-07
1760561107.688 70.718 0.06558444 5.26694e-07
1760561107.697 70.783 0.06558444 2.24018e-07
1760561107.707 70.847 0.06565242 6.47387e-07
1760561107.717 70.912 0.06573063 1.78991e-07
1760561107.729 70.976 0.06586099 2.40458e-07
1760561107.738 71.040 0.06591313 7.06671e-08
1760561107.747 71.105 0.06591313 1.32175e-07
1760561107.757 71.169 0.06598763 1.25047e-07
1760561107.767 71.233 0.06604629 1.23498e-07
1760561107.777 71.297 0.06611612 1.64763e-07
1760561107.787 71.361 0.06617758 8.00718e-08
1760561107.797 71.425 0.06622786 1.29034e-07
1760561107.807 71.489 0.06630514 1.27805e-07
1760561107.817 71.553 0.06636753 1.22887e-07
1760561107.848 71.617 0.06660683 5.90650e-08
1760561107.858 71.681 0.06660683 6.77239e-08
1760561107.868 71.745 0.06667946 1.15057e-07
1760561107.878 71.808 0.06672509 1.41660e-07
1760561107.888 71.872 0.06678747 5.95364e-08
1760561107.898 71.936 0.06682379 1.38482e-07
1760561107.908 71.999 0.06689548 1.66483e-07
1760561107.918 72.063 0.06696811 1.63390e-07
1760561107.928 72.126 0.06702211 1.46911e-07
1760561107.938 72.189 0.06709195 6.19686e-08
1760561107.948 72.253 0.06711430 1.24038e-07
1760561107.958 72.316 0.06717948 8.98543e-08
1760561107.968 72.379 0.06726142 1.52298e-07
1760561107.978 72.442 0.06735080 2.87274e-07
1760561108.029 72.505 0.06759849 5.93316e-07
1760561108.038 72.568 0.06759849 1.22664e-06
1760561108.048 72.631 0.06765156 2.00918e-06
1760561108.058 72.694 0.06773071 2.99435e-06
1760561108.068 72.757 0.06773071 2.61023e-06
1760561108.078 72.820 0.06776982 5.71367e-06
1760561108.088 72.883 0.06782476 7.10523e-06
1760561108.098 72.945 0.06786293 1.53559e-05
1760561108.108 73.008 0.06796256 2.66945e-05
1760561108.118 73.071 0.06796256 3.11750e-05
1760561108.128 73.133 0.06799794 5.01055e-05
1760561108.138 73.196 0.06807523 5.74788e-05
1760561108.148 73.258 0.06811527 8.36206e-05
1760561108.157 73.321 0.06814786 7.12999e-05
1760561108.167 73.383 0.06819255 8.30963e-05
1760561108.177 73.445 0.06823166 8.71694e-05
1760561108.187 73.507 0.06828660 9.06866e-05
1760561108.197 73.569 0.06832570 6.75886e-05
1760561108.207 73.632 0.06837412 6.63208e-05
1760561108.217 73.694 0.06841789 4.63227e-05
1760561108.227 73.756 0.06844675 2.98591e-05
1760561108.239 73.818 0.06852869 1.67990e-05
1760561108.247 73.880 0.06852869 7.71730e-06
1760561108.257 73.941 0.06858642 6.22250e-06
1760561108.267 74.003 0.06863856 3.57793e-06
1760561108.278 74.065 0.06875309 1.90205e-06
1760561108.289 74.127 0.06878569 1.65187e-06
1760561108.297 74.188 0.06878569 5.21369e-07
1760561108.307 74.250 0.06882852 1.05543e-06
1760561108.318 74.311 0.06894305 9.17880e-07
1760561108.327 74.373 0.06894305 6.35733e-07
1760561108.337 74.434 0.06907899 7.66300e-07
1760561108.349 74.496 0.06913207 4.38553e-07
1760561108.357 74.557 0.06913207 1.02885e-07
1760561108.413 74.618 0.06952500 2.45263e-07
1760561108.463 74.680 0.06984531 3.42101e-07
1760561108.476 74.741 0.06988721 2.49263e-07
1760561108.483 74.802 0.06995146 6.44160e-08
1760561108.492 74.863 0.07000175 1.21842e-07
1760561108.498 74.924 0.07006320 1.69330e-07
1760561108.507 74.985 0.07006320 7.82429e-08
1760561108.517 75.046 0.07010976 2.01772e-07
1760561108.527 75.107 0.07013769 7.87138e-08
1760561108.537 75.168 0.07020846 8.49060e-08
1760561108.547 75.229 0.07023360 1.39501e-07
1760561108.557 75.289 0.07026153 7.21912e-08
1760561108.567 75.350 0.07028947 9.61890e-08
1760561108.577 75.411 0.07031927 1.46030e-07
1760561108.587 75.471 0.07033323 9.94460e-08
1760561108.597 75.532 0.07033323 1.20564e-07
1760561108.607 75.592 0.07036210 6.16996e-08
1760561108.617 75.653 0.07039189 1.16588e-07
1760561108.627 75.713 0.07040679 6.66673e-08
1760561108.637 75.774 0.07044683 5.41987e-08
1760561108.647 75.834 0.07045428 1.16006e-07
1760561108.697 75.894 0.07060047 1.05244e-07
1760561108.707 75.954 0.07064981 6.61859e-08
1760561108.717 76.014 0.07067868 9.98932e-08
1760561108.727 76.075 0.07072710 7.13528e-08
1760561108.737 76.135 0.07081742 8.56761e-08
1760561108.747 76.195 0.07085559 1.31010e-07
1760561108.757 76.255 0.07090774 8.01965e-08
1760561108.767 76.315 0.07097012 9.35030e-08
1760561108.779 76.374 0.07110328 1.43014e-07
1760561108.790 76.434 0.07114611 2.69826e-07
1760561108.797 76.494 0.07114611 2.42634e-07
1760561108.807 76.554 0.07120198 1.38837e-07
1760561108.817 76.614 0.07124947 1.62986e-07
1760561108.827 76.673 0.07130254 1.80153e-07
1760561108.837 76.733 0.07136865 2.04988e-07
1760561108.847 76.792 0.07140962 1.60050e-07
1760561108.857 76.852 0.07146921 8.15543e-08
1760561108.867 76.911 0.07151204 1.25804e-07
1760561108.877 76.971 0.07154557 7.76732e-08
1760561108.887 77.030 0.07161168 1.05262e-07
1760561108.897 77.089 0.07165544 1.61123e-07
1760561108.907 77.149 0.07171131 1.38450e-07
1760561108.917 77.208 0.07175694 1.87538e-07
1760561108.958 77.267 0.07198786 4.11601e-07
1760561108.967 77.326 0.07198786 1.99971e-07
1760561108.977 77.385 0.07201020 1.71020e-07
1760561108.987 77.444 0.07207724 1.98908e-07
1760561108.997 77.503 0.07212846 2.47079e-07
1760561109.007 77.562 0.07217781 1.95074e-07
1760561109.017 77.621 0.07223274 2.68577e-07
1760561109.027 77.680 0.07227278 2.62014e-07
1760561109.037 77.739 0.07234634 1.74391e-07
1760561109.062 77.798 0.07247577 2.14522e-07
1760561109.071 77.857 0.07252512 1.63219e-07
1760561109.080 77.915 0.07258564 2.02111e-07
1760561109.092 77.974 0.07262289 2.37733e-07
1760561109.100 78.033 0.07269645 4.96398e-08
1760561109.107 78.091 0.07269645 1.45822e-07
1760561109.117 78.150 0.07273649 1.07287e-07
1760561109.127 78.208 0.07277653 5.95504e-08
1760561109.137 78.267 0.07282774 9.69675e-08
1760561109.147 78.325 0.07284822 1.23966e-07
1760561109.157 78.383 0.07289944 9.40958e-08
1760561109.167 78.442 0.07294413 1.38154e-07
1760561109.177 78.500 0.07298603 1.74860e-07
1760561109.187 78.558 0.07304376 2.00568e-07
1760561109.197 78.616 0.07306704 3.73250e-07
1760561109.207 78.674 0.07313036 5.63161e-07
1760561109.217 78.732 0.07316015 7.59483e-07
1760561109.227 78.790 0.07320485 1.47677e-06
1760561109.237 78.848 0.07325234 2.95031e-06
1760561109.247 78.906 0.07329517 3.34315e-06
1760561109.257 78.964 0.07333707 5.22561e-06
1760561109.267 79.022 0.07338083 7.46905e-06
1760561109.277 79.080 0.07343763 1.17552e-05
1760561109.287 79.138 0.07351213 1.57945e-05
1760561109.297 79.196 0.07353168 1.77773e-05
1760561109.307 79.253 0.07365831 1.88001e-05
1760561109.318 79.311 0.07370487 2.15236e-05
1760561109.327 79.369 0.07376912 2.31105e-05
1760561109.337 79.426 0.07376912 1.99826e-05
1760561109.347 79.484 0.07381195 1.83064e-05
1760561109.357 79.541 0.07389482 1.46232e-05
1760561109.367 79.599 0.07394882 1.12510e-05
1760561109.377 79.656 0.07400190 8.44714e-06
1760561109.387 79.713 0.07405963 3.46745e-06
1760561109.397 79.771 0.07409874 1.62456e-06
1760561109.407 79.828 0.07417136 7.88449e-07
1760561109.417 79.885 0.07425703 4.80149e-07
1760561109.427 79.943 0.07429707 2.31515e-07
1760561109.437 80.000 0.07436318 2.46307e-07
1760561109.447 80.057 0.07446840 2.28994e-07
1760561109.457 80.114 0.07446840 1.59005e-07
1760561109.466 80.171 0.07450937 1.25135e-07
1760561109.510 80.228 0.07481105 1.67763e-07
1760561109.522 80.285 0.07487251 3.91066e-08
1760561109.581 80.342 0.07517792 9.62380e-08
1760561109.629 80.399 0.07538929 6.26777e-08
1760561109.638 80.456 0.07542840 2.26485e-08
1760561109.646 80.512 0.07542840 6.38049e-08
1760561109.694 80.569 0.07555876 7.46575e-08
1760561109.701 80.626 0.07557738 -2.34350e-08
1760561109.749 80.683 0.07565653 5.10416e-08
1760561109.757 80.739 0.07565373 1.84568e-08
1760561109.767 80.796 0.07565373 5.37890e-08
1760561109.777 80.852 0.07565559 2.62296e-08
1760561109.787 80.909 0.07567142 -1.95750e-09
1760561109.797 80.965 0.07565746 1.08540e-07
1760561109.847 81.022 0.07577199 8.36760e-08
1760561109.856 81.078 0.07577199 6.08086e-08
1760561109.866 81.135 0.07578130 1.18670e-07
1760561109.876 81.191 0.07578875 7.38711e-08
1760561109.886 81.247 0.07581109 1.50148e-07
1760561109.896 81.303 0.07583624 1.83374e-07
1760561109.906 81.360 0.07588465 1.30577e-07
1760561109.916 81.416 0.07591631 1.81628e-07
1760561109.928 81.472 0.07597218 2.18570e-07
1760561109.936 81.528 0.07597218 1.27294e-07
1760561109.948 81.584 0.07604387 1.88597e-07
1760561109.956 81.640 0.07604387 1.85687e-07
1760561109.966 81.696 0.07606902 2.86026e-07
1760561109.976 81.752 0.07610161 2.43512e-07
1760561109.986 81.808 0.07615840 2.47926e-07
1760561109.997 81.864 0.07622265 2.52623e-07
1760561110.006 81.920 0.07622265 1.82996e-07
1760561110.016 81.975 0.07626362 1.97708e-07
1760561110.064 82.031 0.07648058 1.31468e-07
1760561110.070 82.087 0.07651876 6.73933e-08
1760561110.076 82.143 0.07651876 1.15758e-07
1760561110.086 82.198 0.07657090 8.68671e-08
1760561110.096 82.254 0.07661932 8.40076e-08
1760561110.146 82.309 0.07685024 8.27545e-08
1760561110.216 82.365 0.07718638 8.13120e-08
1760561110.226 82.420 0.07722362 7.23285e-08
1760561110.232 82.476 0.07727298 7.19287e-08
1760561110.238 82.531 0.07729160 2.72373e-08
1760561110.246 82.587 0.07729160 8.77883e-08
1760561110.256 82.642 0.07732232 8.32730e-09
1760561110.266 82.697 0.07736236 5.85555e-08
1760561110.276 82.752 0.07738378 3.53947e-08
1760561110.286 82.808 0.07740520 8.41504e-08
1760561110.296 82.863 0.07741544 6.14451e-08
1760561110.344 82.918 0.07750203 1.01224e-07
1760561110.351 82.973 0.07752252 1.49585e-08
1760561110.357 83.028 0.07754859 3.55190e-08
1760561110.366 83.083 0.07754859 1.10547e-07
1760561110.376 83.138 0.07755138 5.26570e-08
1760561110.386 83.193 0.07757652 7.48390e-08
1760561110.396 83.248 0.07757838 6.45322e-08
1760561110.406 83.303 0.07761843 1.18186e-08
1760561110.416 83.358 0.07764263 7.95248e-08
1760561110.426 83.413 0.07767709 5.21196e-08
1760561110.436 83.468 0.07770967 8.07371e-08
1760561110.446 83.522 0.07773575 1.31463e-07
1760561110.456 83.577 0.07778975 1.82536e-08
1760561110.466 83.632 0.07781117 9.30870e-08
1760561110.476 83.686 0.07786424 9.38077e-08
1760561110.486 83.741 0.07791732 1.84795e-07
1760561110.496 83.796 0.07794525 2.45739e-07
1760561110.506 83.850 0.07800391 2.95122e-07
1760561110.516 83.905 0.07804767 9.19122e-07
1760561110.526 83.959 0.07807282 1.31106e-06
1760561110.536 84.014 0.07813334 2.56952e-06
1760561110.546 84.068 0.07816873 3.84492e-06
1760561110.556 84.122 0.07822739 9.08761e-06
1760561110.566 84.177 0.07828046 1.05234e-05
1760561110.616 84.231 0.07854211 4.34185e-05
1760561110.622 84.285 0.07859239 7.55591e-05
1760561110.628 84.339 0.07865571 7.27269e-05
1760561110.636 84.394 0.07865571 7.47367e-05
1760561110.646 84.448 0.07870227 7.01759e-05
1760561110.656 84.502 0.07876186 7.29879e-05
1760561110.666 84.556 0.07882797 8.92838e-05
1760561110.676 84.610 0.07888477 5.46364e-05
1760561110.686 84.664 0.07893412 6.96781e-05
1760561110.696 84.718 0.07898067 4.66328e-05
1760561110.706 84.772 0.07902630 3.89174e-05
1760561110.716 84.826 0.07907286 2.75219e-05
1760561110.727 84.880 0.07918925 1.15301e-05
1760561110.736 84.934 0.07918925 6.93957e-06
1760561110.746 84.987 0.07920694 2.21770e-06
1760561110.756 85.041 0.07925164 1.63770e-06
1760561110.766 85.095 0.07934475 8.59160e-07
1760561110.778 85.149 0.07938851 3.97981e-07
1760561110.789 85.202 0.07940620 5.43516e-07
1760561110.796 85.256 0.07940620 3.25682e-07
1760561110.807 85.309 0.07947697 1.48956e-07
1760561110.817 85.363 0.07952353 2.58447e-07
1760561110.826 85.417 0.07952353 5.20389e-07
1760561110.836 85.470 0.07956822 3.15194e-07
1760561110.846 85.524 0.07959056 1.24721e-07
1760561110.856 85.577 0.07964271 2.51889e-07
1760561110.866 85.630 0.07966133 5.02756e-07
1760561110.876 85.684 0.07970324 1.98140e-08
1760561110.886 85.737 0.07975445 2.04141e-07
1760561110.896 85.790 0.07978890 2.55278e-07
1760561110.908 85.844 0.07989039 2.09969e-07
1760561110.919 85.897 0.07992950 1.22028e-07
1760561110.927 85.950 0.08001051 1.33694e-07
1760561110.936 86.003 0.08001051 1.73343e-07
1760561110.946 86.056 0.08002727 1.21512e-07
1760561110.956 86.110 0.08010921 4.91842e-08
1760561110.966 86.163 0.08015484 1.69231e-07
1760561110.976 86.216 0.08020046 4.37150e-08
1760561110.986 86.269 0.08025912 1.61202e-07
1760561110.996 86.322 0.08031499 1.26224e-07
1760561111.006 86.375 0.08037645 1.13725e-07
1760561111.016 86.428 0.08042300 8.33259e-08
1760561111.026 86.480 0.08048446 2.46923e-08
1760561111.036 86.533 0.08053194 6.52277e-08
1760561111.046 86.586 0.08056919 4.71455e-08
1760561111.056 86.639 0.08065020 1.99927e-08
1760561111.066 86.692 0.08069862 6.93948e-08
1760561111.076 86.744 0.08075169 3.77403e-08
1760561111.086 86.797 0.08082246 9.44981e-08
1760561111.096 86.850 0.08086436 5.30395e-08
1760561111.106 86.902 0.08092488 7.23170e-09
1760561111.116 86.955 0.08096771 8.06479e-08
1760561111.146 87.007 0.08117908 3.32573e-08
1760561111.211 87.060 0.08146122 9.08717e-08
1760561111.218 87.112 0.08150777 7.06660e-09
1760561111.226 87.165 0.08150777 3.03878e-08
1760561111.236 87.217 0.08155898 6.09039e-08
1760561111.245 87.270 0.08159158 6.74665e-08
1760561111.255 87.322 0.08162882 9.76630e-09
1760561111.265 87.374 0.08167351 7.69043e-08
1760561111.275 87.427 0.08172845 3.86590e-08
1760561111.285 87.479 0.08176942 7.47407e-08
1760561111.295 87.531 0.08177780 3.54482e-08
1760561111.305 87.584 0.08181132 -1.95430e-09
1760561111.315 87.636 0.08184577 6.79946e-08
1760561111.363 87.688 0.08195658 5.59408e-08
1760561111.414 87.740 0.08208508 5.92316e-08
1760561111.464 87.792 0.08222381 5.96810e-08
1760561111.514 87.844 0.08239421 5.64856e-08
1760561111.563 87.896 0.08251712 5.68167e-08
1760561111.631 87.948 0.08262234 7.56180e-08
1760561111.728 88.000 0.08265027 1.60846e-07
1760561111.737 88.052 0.08266238 1.45454e-07
1760561111.745 88.104 0.08266238 1.66172e-07
1760561111.755 88.156 0.08268380 1.08164e-07
1760561111.765 88.208 0.08268007 1.87836e-07
1760561111.775 88.259 0.08268566 2.37740e-07
1760561111.785 88.311 0.08271359 1.87087e-07
1760561111.795 88.363 0.08269963 1.71065e-07
1760561111.805 88.415 0.08271359 2.28648e-07
1760561111.815 88.466 0.08271452 4.62946e-07
1760561111.825 88.518 0.08273873 3.09242e-07
1760561111.835 88.570 0.08274339 5.08230e-07
1760561111.845 88.621 0.08273873 4.45948e-07
1760561111.855 88.673 0.08276387 4.32552e-07
1760561111.865 88.724 0.08277318 7.54344e-07
1760561111.875 88.776 0.08278715 8.43387e-07
1760561111.885 88.827 0.08281322 1.06908e-06
1760561111.895 88.879 0.08284302 9.98874e-07
1760561111.905 88.930 0.08286443 1.03145e-06
1760561111.915 88.982 0.08287561 1.19024e-06
1760561111.925 89.033 0.08291099 1.13187e-06
1760561111.935 89.084 0.08295848 1.70087e-06
1760561111.945 89.136 0.08297803 2.02061e-06
1760561111.955 89.187 0.08301714 1.78861e-06
1760561111.965 89.238 0.08305904 2.98352e-06
1760561111.975 89.289 0.08311398 2.54797e-06
1760561111.985 89.341 0.08317916 3.32283e-06
1760561111.995 89.392 0.08321826 3.39873e-06
1760561112.005 89.443 0.08326762 5.20449e-06
1760561112.015 89.494 0.08331883 5.79386e-06
1760561112.025 89.545 0.08337935 5.38582e-06
1760561112.035 89.596 0.08342870 5.21909e-06
1760561112.045 89.647 0.08347526 4.89982e-06
1760561112.055 89.698 0.08355068 4.75993e-06
1760561112.065 89.749 0.08359817 4.99779e-06
1760561112.075 89.800 0.08364659 4.68989e-06
1760561112.085 89.851 0.08369222 3.82942e-06
1760561112.095 89.902 0.08373970 3.68126e-06
1760561112.105 89.953 0.08381792 2.69866e-06
1760561112.115 90.003 0.08386261 2.15699e-06
1760561112.125 90.054 0.08391848 1.07270e-06
1760561112.135 90.105 0.08397062 9.63087e-07
1760561112.145 90.156 0.08401904 5.87649e-07
1760561112.155 90.206 0.08406094 3.69424e-07
1760561112.165 90.257 0.08410936 3.07399e-07
1760561112.175 90.308 0.08416802 1.62141e-07
1760561112.185 90.358 0.08421644 1.23302e-07
1760561112.195 90.409 0.08424717 4.46882e-08
1760561112.205 90.459 0.08432259 4.73366e-08
1760561112.215 90.510 0.08436263 9.54394e-08
1760561112.291 90.560 0.08470343 1.11130e-08
1760561112.300 90.611 0.08475464 4.97769e-08
1760561112.307 90.661 0.08478071 1.62140e-08
1760561112.315 90.712 0.08478071 5.88341e-08
1760561112.363 90.762 0.08499860 5.96702e-08
1760561112.413 90.812 0.08517365 5.81135e-08
1760561112.463 90.863 0.08527607 5.82894e-08
1760561112.469 90.913 0.08529935 -8.71600e-10
1760561112.475 90.963 0.08531425 4.57817e-08
1760561112.485 91.014 0.08531425 6.31239e-08
1760561112.495 91.064 0.08531518 1.75446e-08
1760561112.505 91.114 0.08534777 1.44113e-08
1760561112.515 91.164 0.08532636 8.26894e-08
1760561112.563 91.214 0.08538874 5.97665e-08
1760561112.613 91.264 0.08545951 6.08578e-08
1760561112.663 91.314 0.08558707 6.60478e-08
1760561112.713 91.365 0.08570160 6.54480e-08
1760561112.781 91.415 0.08588597 7.30582e-08
1760561112.856 91.465 0.08593811 2.13883e-08
1760561112.865 91.515 0.08593811 6.03827e-08
1760561112.914 91.564 0.08596046 5.19971e-08
1760561112.963 91.614 0.08598746 5.50322e-08
1760561113.013 91.664 0.08603867 5.22093e-08
1760561113.064 91.714 0.08608709 5.27960e-08
1760561113.114 91.764 0.08616996 5.87480e-08
1760561113.163 91.814 0.08623700 6.56433e-08
1760561113.214 91.864 0.08627704 6.86859e-08
1760561113.264 91.913 0.08632360 7.63174e-08
1760561113.314 91.963 0.08636736 9.63689e-08
1760561113.392 92.013 0.08644744 5.40296e-08
1760561113.398 92.062 0.08646699 9.17569e-08
1760561113.404 92.112 0.08646699 5.87300e-08
1760561113.414 92.162 0.08646141 1.15323e-07
1760561113.424 92.211 0.08646886 5.06270e-08
1760561113.435 92.261 0.08649213 9.63371e-08
1760561113.444 92.310 0.08649027 5.62710e-08
1760561113.454 92.360 0.08651262 5.24353e-08
1760561113.464 92.409 0.08650238 1.15350e-07
1760561113.474 92.459 0.08652100 7.01345e-08
1760561113.484 92.508 0.08654242 1.02679e-07
1760561113.494 92.558 0.08654149 6.40310e-08
1760561113.504 92.607 0.08655452 9.10611e-08
1760561113.514 92.656 0.08657221 1.23652e-07
1760561113.524 92.706 0.08657780 5.42233e-08
1760561113.534 92.755 0.08660666 1.02214e-07
1760561113.544 92.804 0.08661597 6.27089e-08
1760561113.554 92.854 0.08665509 9.16772e-08
1760561113.564 92.903 0.08665881 1.25140e-07
1760561113.574 92.952 0.08667929 6.34603e-08
1760561113.584 93.001 0.08670443 1.07397e-07
1760561113.594 93.050 0.08673330 5.97261e-08
1760561113.604 93.099 0.08678079 9.36112e-08
1760561113.614 93.148 0.08679662 1.16525e-07
1760561113.624 93.198 0.08684038 5.39023e-08
1760561113.634 93.247 0.08689811 9.44024e-08
1760561113.644 93.296 0.08693349 4.85268e-08
1760561113.654 93.345 0.08699681 8.07560e-08
1760561113.664 93.394 0.08701264 1.05615e-07
1760561113.674 93.443 0.08708061 4.39381e-08
1760561113.684 93.491 0.08715138 7.41226e-08
1760561113.694 93.540 0.08718303 2.91203e-08
1760561113.704 93.589 0.08723797 6.13383e-08
1760561113.714 93.638 0.08728267 8.64433e-08
1760561113.780 93.687 0.08765326 6.58453e-08
1760561113.830 93.736 0.08789256 8.05331e-08
1760561113.880 93.784 0.08807413 8.24895e-08
1760561113.954 93.833 0.08820170 2.53510e-08
1760561113.963 93.882 0.08819984 5.25175e-08
1760561113.969 93.930 0.08821660 1.18652e-08
1760561113.974 93.979 0.08821660 3.10368e-08
1760561113.984 94.028 0.08821287 5.34778e-08
1760561113.994 94.076 0.08820263 1.70882e-08
1760561114.004 94.125 0.08823056 6.09556e-08
1760561114.014 94.174 0.08821846 8.23220e-08
1760561114.080 94.222 0.08823056 5.28378e-08
1760561114.130 94.271 0.08830226 5.38865e-08
1760561114.198 94.319 0.08852853 6.81687e-08
1760561114.248 94.367 0.08865795 6.20238e-08
1760561114.298 94.416 0.08875665 7.97792e-08
1760561114.366 94.464 0.08876597 8.95621e-08
1760561114.374 94.513 0.08876597 4.22896e-08
1760561114.384 94.561 0.08876131 8.18865e-08
1760561114.394 94.609 0.08876317 2.18747e-08
1760561114.404 94.658 0.08878366 7.94079e-08
1760561114.414 94.706 0.08877993 8.22073e-08
1760561114.489 94.754 0.08881718 3.30255e-08
1760561114.494 94.803 0.08885908 8.16348e-08
1760561114.504 94.851 0.08885908 4.76180e-08
1760561114.514 94.899 0.08885349 8.06553e-08
1760561114.561 94.947 0.08895406 9.10652e-08
1760561114.568 94.995 0.08899596 3.10240e-08
1760561114.574 95.043 0.08901644 4.04143e-08
1760561114.584 95.091 0.08901644 7.14943e-08
1760561114.594 95.139 0.08902482 2.16460e-08
1760561114.604 95.188 0.08908348 8.61859e-08
1760561114.614 95.236 0.08908162 7.47410e-08
1760561114.624 95.284 0.08911980 1.81277e-08
1760561114.634 95.331 0.08914400 1.09200e-07
1760561114.644 95.379 0.08917474 6.55834e-08
1760561114.654 95.427 0.08920360 4.93600e-08
1760561114.664 95.475 0.08921757 1.01710e-07
1760561114.674 95.523 0.08923712 1.48021e-07
1760561114.685 95.571 0.08928275 1.19697e-07
1760561114.694 95.619 0.08928275 1.29506e-07
1760561114.704 95.667 0.08932930 4.55158e-07
1760561114.714 95.714 0.08932930 5.26030e-07
1760561114.724 95.762 0.08937772 6.17490e-07
1760561114.734 95.810 0.08941497 9.40202e-07
1760561114.744 95.858 0.08942242 1.46827e-06
1760561114.754 95.905 0.08946804 1.54080e-06
1760561114.764 95.953 0.08950343 3.24740e-06
1760561114.774 96.001 0.08954067 2.56610e-06
1760561114.784 96.048 0.08957326 4.57267e-06
1760561114.793 96.096 0.08961702 4.48955e-06
1760561114.803 96.143 0.08965892 5.83776e-06
1760561114.813 96.191 0.08967010 6.52361e-06
1760561114.823 96.238 0.08972224 7.15614e-06
1760561114.833 96.286 0.08977252 8.56113e-06
1760561114.843 96.333 0.08982559 1.42175e-05
1760561114.853 96.381 0.08986377 1.32700e-05
1760561114.863 96.428 0.08989915 1.39294e-05
1760561114.873 96.476 0.08994292 1.96237e-05
1760561114.883 96.523 0.09000158 1.89900e-05
1760561114.894 96.570 0.09010401 2.21374e-05
1760561114.903 96.618 0.09010401 2.06792e-05
1760561114.913 96.665 0.09014218 1.93608e-05
1760561114.923 96.712 0.09020364 1.90917e-05
1760561114.933 96.759 0.09025205 1.91820e-05
1760561114.943 96.807 0.09030048 1.63453e-05
1760561114.953 96.854 0.09036007 1.63180e-05
1760561114.963 96.901 0.09039731 1.46420e-05
1760561114.973 96.948 0.09044666 1.25734e-05
1760561114.983 96.995 0.09050253 9.46831e-06
1760561114.993 97.043 0.09054350 7.64681e-06
1760561115.042 97.090 0.09077256 2.45534e-06
1760561115.050 97.137 0.09081818 1.27148e-06
1760561115.057 97.184 0.09084798 9.39027e-07
1760561115.063 97.231 0.09084798 8.76152e-07
1760561115.073 97.278 0.09091130 5.40123e-07
1760561115.083 97.325 0.09095134 3.40355e-07
1760561115.094 97.372 0.09104259 2.66150e-07
1760561115.103 97.419 0.09104259 1.80526e-07
1760561115.116 97.466 0.09111708 1.22472e-07
1760561115.124 97.512 0.09114874 6.95547e-08
1760561115.133 97.559 0.09114874 8.94780e-08
1760561115.143 97.606 0.09117388 1.12082e-07
1760561115.153 97.653 0.09121671 8.54258e-08
1760561115.163 97.700 0.09125395 1.05040e-07
1760561115.173 97.747 0.09129865 2.76143e-08
1760561115.183 97.793 0.09132565 8.42994e-08
1760561115.193 97.840 0.09135265 4.74662e-08
1760561115.203 97.887 0.09139363 7.91505e-08
1760561115.213 97.934 0.09141597 8.51786e-08
1760561115.223 97.980 0.09144763 1.00475e-08
1760561115.233 98.027 0.09147184 7.68538e-08
1760561115.243 98.073 0.09149325 3.77990e-08
1760561115.253 98.120 0.09153423 7.91699e-08
1760561115.301 98.167 0.09173442 2.34340e-09
1760561115.309 98.213 0.09174001 8.48370e-09
1760561115.315 98.260 0.09179960 6.64683e-08
1760561115.362 98.306 0.09196441 4.90529e-08
1760561115.369 98.353 0.09202400 -5.23220e-09
1760561115.411 98.399 0.09219254 2.08055e-08
1760561115.426 98.446 0.09228286 6.15270e-09
1760561115.433 98.492 0.09228286 3.71731e-08
1760561115.443 98.539 0.09229962 -1.33786e-08
1760561115.453 98.585 0.09235083 3.51944e-08
1760561115.494 98.631 0.09248585 7.50453e-09
1760561115.504 98.678 0.09248585 1.16906e-08
1760561115.513 98.724 0.09249516 -1.30280e-10
1760561115.523 98.770 0.09251285 -6.97960e-10
1760561115.533 98.816 0.09252868 4.83634e-09
1760561115.543 98.863 0.09255196 -1.17015e-08
1760561115.594 98.909 0.09263017 -1.19699e-08
1760561115.603 98.955 0.09263017 8.01510e-09
1760561115.613 99.001 0.09264041 -1.21544e-08
1760561115.623 99.048 0.09268045 -6.79967e-09
1760561115.633 99.094 0.09269442 2.07110e-10
1760561115.643 99.140 0.09272329 -1.22449e-08
1760561115.653 99.186 0.09275494 8.09132e-09
1760561115.663 99.232 0.09275960 -1.27300e-08
1760561115.673 99.278 0.09278101 -1.84440e-10
1760561115.683 99.324 0.09280895 6.80484e-09
1760561115.693 99.370 0.09283595 -4.49531e-09
1760561115.703 99.416 0.09286575 1.83512e-08
1760561115.713 99.462 0.09288065 1.84257e-09
1760561115.723 99.508 0.09292907 1.10955e-08
1760561115.736 99.554 0.09297283 -3.79570e-09
1760561115.743 99.600 0.09297283 3.99620e-08
1760561115.753 99.646 0.09302590 5.84398e-08
1760561115.763 99.692 0.09306501 4.30963e-08
1760561115.773 99.737 0.09309946 6.75420e-09
1760561115.783 99.783 0.09311622 7.55250e-08
1760561115.793 99.829 0.09313951 3.73543e-08
1760561115.803 99.875 0.09319258 8.82588e-08
1760561115.813 99.921 0.09320747 6.51640e-08
1760561115.823 99.966 0.09326521 2.69882e-08
1760561115.833 100.012 0.09331269 8.73760e-08
1760561115.843 100.058 0.09334249 5.49953e-08
1760561115.853 100.104 0.09339091 9.70923e-08
1760561115.863 100.149 0.09341698 7.65351e-08
1760561115.873 100.195 0.09346726 3.90531e-08
1760561115.883 100.240 0.09351009 9.92750e-08
1760561115.893 100.286 0.09356037 5.49421e-08
1760561115.903 100.332 0.09361159 8.93467e-08
1760561115.913 100.377 0.09363207 6.11912e-08
1760561115.923 100.423 0.09368981 1.73204e-08
1760561115.933 100.468 0.09372891 7.94209e-08
1760561115.943 100.514 0.09378198 2.95151e-08
1760561115.953 100.559 0.09383879 7.46888e-08
1760561115.963 100.605 0.09386579 4.69451e-08
1760561115.973 100.650 0.09392538 5.95390e-09
1760561115.983 100.695 0.09396914 6.58375e-08
1760561115.993 100.741 0.09401942 2.02469e-08
1760561116.003 100.786 0.09407715 6.49286e-08
1760561116.013 100.832 0.09411440 4.53237e-08
1760561116.023 100.877 0.09417492 -3.32400e-10
1760561116.033 100.922 0.09421775 6.25659e-08
1760561116.043 100.967 0.09425593 2.17249e-08
1760561116.053 101.013 0.09430249 6.46978e-08
1760561116.128 101.058 0.09462094 4.27805e-08
1760561116.150 101.103 0.09470567 4.81927e-08
1760561116.156 101.148 0.09472988 1.18396e-08
1760561116.163 101.194 0.09472988 7.62849e-08
1760561116.173 101.239 0.09478388 8.78280e-09
1760561116.183 101.284 0.09482579 7.65437e-08
1760561116.193 101.329 0.09485558 3.47623e-08
1760561116.203 101.374 0.09491797 7.22242e-08
1760561116.251 101.419 0.09505950 4.81532e-08
1760561116.257 101.464 0.09505112 2.05134e-08
1760561116.263 101.509 0.09505112 6.28300e-08
1760561116.273 101.554 0.09506974 2.78264e-08
1760561116.283 101.599 0.09509395 6.89175e-08
1760561116.293 101.644 0.09510233 4.84320e-08
1760561116.303 101.689 0.09514051 7.80892e-08
1760561116.313 101.734 0.09513865 7.13990e-08
1760561116.323 101.779 0.09516286 3.01645e-08
1760561116.333 101.824 0.09518334 9.10936e-08
1760561116.343 101.869 0.09520476 4.61078e-08
1760561116.353 101.914 0.09523921 1.42653e-07
1760561116.363 101.959 0.09522990 7.77631e-08
1760561116.373 102.004 0.09527180 4.15754e-08
1760561116.383 102.048 0.09529322 1.74944e-07
1760561116.393 102.093 0.09530718 2.61735e-07
1760561116.403 102.138 0.09533046 4.01397e-07
1760561116.413 102.183 0.09535840 5.97179e-07
1760561116.423 102.227 0.09541613 1.11198e-06
1760561116.433 102.272 0.09543847 5.18850e-07
1760561116.443 102.317 0.09546268 6.72016e-07
1760561116.453 102.362 0.09550552 2.13799e-06
1760561116.463 102.406 0.09553624 2.77160e-06
1760561116.473 102.451 0.09558001 6.10254e-06
1760561116.483 102.495 0.09561725 4.82448e-06
1760561116.493 102.540 0.09566101 7.57830e-06
1760561116.503 102.585 0.09571130 1.21269e-05
1760561116.513 102.629 0.09574388 1.27059e-05
1760561116.523 102.674 0.09578951 1.43662e-05
1760561116.532 102.718 0.09583048 1.89709e-05
1760561116.543 102.763 0.09588448 2.60646e-05
1760561116.553 102.807 0.09594594 2.91317e-05
1760561116.563 102.852 0.09596549 3.73104e-05
1760561116.572 102.896 0.09601299 6.10084e-05
1760561116.582 102.940 0.09606326 5.72295e-05
1760561116.592 102.985 0.09611447 5.01000e-05
1760561116.602 103.029 0.09618152 6.50101e-05
1760561116.612 103.074 0.09621969 6.65736e-05
1760561116.622 103.118 0.09628394 8.47623e-05
1760561116.632 103.162 0.09632584 7.26952e-05
1760561116.642 103.207 0.09636961 7.08945e-05
1760561116.652 103.251 0.09641896 7.13046e-05
1760561116.700 103.295 0.09664336 6.22413e-05
1760561116.705 103.339 0.09666571 4.45754e-05
1760561116.712 103.384 0.09666571 4.27622e-05
1760561116.722 103.428 0.09671506 3.40708e-05
1760561116.732 103.472 0.09672903 2.79046e-05
1760561116.743 103.516 0.09683611 1.86135e-05
1760561116.752 103.560 0.09683611 1.50519e-05
1760561116.762 103.604 0.09686404 1.20170e-05
1760561116.772 103.649 0.09691339 1.00461e-05
1760561116.782 103.693 0.09694132 7.77574e-06
1760561116.792 103.737 0.09696181 6.90013e-06
1760561116.802 103.781 0.09701209 4.38311e-06
1760561116.812 103.825 0.09702233 3.37643e-06
1760561116.822 103.869 0.09708099 2.74936e-06
1760561116.832 103.913 0.09711452 2.24971e-06
1760561116.842 103.957 0.09712662 2.16339e-06
1760561116.852 104.001 0.09716014 1.34210e-06
1760561116.862 104.045 0.09718994 1.08733e-06
1760561116.872 104.089 0.09722812 5.49611e-07
1760561116.882 104.133 0.09725326 6.19321e-07
1760561116.893 104.177 0.09731191 7.25366e-07
1760561116.902 104.220 0.09731191 4.73513e-07
1760561116.912 104.264 0.09732589 2.96851e-07
1760561116.922 104.308 0.09737523 2.19740e-07
1760561116.932 104.352 0.09740689 2.31671e-07
1760561116.942 104.396 0.09743482 1.38139e-07
1760561116.952 104.440 0.09747300 1.69964e-07
1760561116.962 104.483 0.09750466 1.47695e-07
1760561116.972 104.527 0.09756239 1.69739e-07
1760561116.982 104.571 0.09759312 1.00216e-07
1760561116.992 104.614 0.09762478 6.48568e-08
1760561117.002 104.658 0.09766761 9.02734e-08
1760561117.012 104.702 0.09769741 1.58969e-07
1760561117.022 104.745 0.09774582 5.97101e-08
1760561117.032 104.789 0.09778680 1.11096e-07
1760561117.042 104.833 0.09783987 6.08891e-08
1760561117.052 104.876 0.09789946 1.07563e-07
1760561117.062 104.920 0.09792553 7.06221e-08
1760561117.072 104.963 0.09797395 1.98843e-08
1760561117.082 105.007 0.09800934 9.50820e-08
1760561117.092 105.051 0.09806520 7.41737e-08
1760561117.102 105.094 0.09812480 8.98378e-08
1760561117.112 105.138 0.09814807 4.12347e-08
1760561117.122 105.181 0.09819556 2.71657e-08
1760561117.132 105.225 0.09825702 9.07207e-08
1760561117.180 105.268 0.09846280 6.88628e-08
1760561117.253 105.311 0.09878870 4.96760e-09
1760561117.263 105.355 0.09878870 4.23318e-08
1760561117.273 105.398 0.09883339 1.10274e-08
1760561117.283 105.442 0.09886505 7.24242e-08
1760561117.292 105.485 0.09889857 2.07332e-08
1760561117.302 105.528 0.09891905 6.92508e-08
1760561117.312 105.572 0.09893116 2.55421e-08
1760561117.322 105.615 0.09897026 9.89270e-09
1760561117.332 105.658 0.09898424 8.08508e-08
1760561117.380 105.701 0.09906431 5.51639e-08
1760561117.448 105.745 0.09914811 4.41194e-08
1760561117.491 105.788 0.09922260 -1.75518e-09
1760561117.498 105.831 0.09924681 1.54462e-08
1760561117.504 105.874 0.09925426 -3.49601e-09
1760561117.512 105.917 0.09925426 -3.88840e-10
1760561117.522 105.961 0.09927568 2.17210e-10
1760561117.532 106.004 0.09929337 -5.02162e-09
1760561117.542 106.047 0.09933434 -1.79696e-08
1760561117.552 106.090 0.09935017 -5.44048e-09
1760561117.565 106.133 0.09940883 6.65600e-09
1760561117.572 106.176 0.09940883 -2.61374e-08
1760561117.619 106.219 0.09946377 -6.53747e-08
1760561117.625 106.262 0.09947867 -4.58127e-08
1760561117.666 106.305 0.09958947 -1.30348e-08
1760561117.679 106.348 0.09958575 -6.76430e-09
1760561117.684 106.391 0.09961275 -5.88499e-08
1760561117.692 106.434 0.09961275 -4.90599e-08
1760561117.702 106.477 0.09963323 4.11780e-09
1760561117.712 106.520 0.09965279 -2.93097e-08
1760561117.753 106.563 0.09980922 -1.10250e-08
1760561117.782 106.606 0.09988837 -1.50700e-08
1760561117.792 106.649 0.09992188 -7.32005e-09
1760561117.802 106.691 0.09992188 1.56767e-08
1760561117.812 106.734 0.09994702 -5.23864e-09
1760561117.822 106.777 0.09998986 1.57742e-08
1760561117.832 106.820 0.09999824 1.39862e-08
1760561117.842 106.863 0.10003642 6.09197e-09
1760561117.855 106.905 0.10006435 -2.18690e-09
1760561117.862 106.948 0.10006435 5.48725e-08
1760561117.872 106.991 0.10009787 -6.03320e-09
1760561117.882 107.034 0.10011090 5.42477e-08
1760561117.892 107.076 0.10013511 2.66260e-09
1760561117.902 107.119 0.10017236 4.90127e-08
1760561117.960 107.162 0.10031855 2.01911e-08
1760561117.973 107.204 0.10036510 4.47050e-09
1760561117.982 107.247 0.10036510 3.32814e-08
1760561117.992 107.290 0.10038186 2.63240e-09
1760561118.002 107.332 0.10042098 4.94689e-08
1760561118.042 107.375 0.10057647 1.08946e-08
1760561118.057 107.417 0.10059975 -1.00098e-08
1760561118.063 107.460 0.10065562 3.24497e-08
1760561118.072 107.503 0.10065562 -1.14312e-08
1760561118.082 107.545 0.10067983 5.57213e-08
1760561118.123 107.588 0.10081391 1.23107e-08
1760561118.137 107.630 0.10084463 -1.51650e-09
1760561118.144 107.672 0.10087537 5.21327e-08
1760561118.152 107.715 0.10087537 2.47626e-08
1760561118.193 107.757 0.10098617 1.65809e-08
1760561118.208 107.800 0.10101224 -1.72400e-10
1760561118.215 107.842 0.10102993 4.67798e-08
1760561118.222 107.885 0.10102993 7.04280e-09
1760561118.232 107.927 0.10102807 5.64221e-08
1760561118.272 107.969 0.10115564 1.94134e-08
1760561118.286 108.012 0.10117333 -1.60048e-08
1760561118.317 108.054 0.10123758 7.89100e-09
1760561118.369 108.096 0.10136421 -5.77560e-09
1760561118.375 108.139 0.10136887 3.22914e-08
1760561118.381 108.181 0.10136887 6.27885e-08
1760561118.447 108.223 0.10153182 8.77080e-08
1760561118.500 108.265 0.10164076 9.70300e-08
1760561118.509 108.308 0.10164355 9.03116e-08
1760561118.515 108.350 0.10166404 1.09153e-07
1760561118.521 108.392 0.10166404 7.17183e-08
1760561118.531 108.434 0.10166869 1.26889e-07
1760561118.541 108.476 0.10168545 7.83892e-08
1760561118.551 108.518 0.10170407 1.31813e-07
1760561118.561 108.560 0.10169290 7.16772e-08
1760561118.571 108.603 0.10172083 1.05419e-07
1760561118.581 108.645 0.10173107 1.77788e-07
1760561118.591 108.687 0.10174133 1.18465e-07
1760561118.601 108.729 0.10174690 1.58368e-07
1760561118.611 108.771 0.10174598 1.06843e-07
1760561118.621 108.813 0.10178229 1.10570e-07
1760561118.631 108.855 0.10178229 1.79588e-07
1760561118.641 108.897 0.10179161 1.47815e-07
1760561118.651 108.939 0.10182512 1.51772e-07
1760561118.661 108.981 0.10182978 1.46068e-07
1760561118.671 109.023 0.10187075 1.51681e-07
1760561118.681 109.065 0.10188751 1.88152e-07
1760561118.691 109.107 0.10189682 1.33484e-07
1760561118.701 109.148 0.10191916 1.63113e-07
1760561118.711 109.190 0.10195827 1.37325e-07
1760561118.721 109.232 0.10199087 1.23127e-07
1760561118.731 109.274 0.10201135 1.98339e-07
1760561118.741 109.316 0.10205325 1.26384e-07
1760561118.751 109.358 0.10208491 1.80674e-07
1760561118.761 109.399 0.10212960 1.45263e-07
1760561118.771 109.441 0.10218081 1.77476e-07
1760561118.781 109.483 0.10221248 1.98385e-07
1760561118.791 109.525 0.10225810 1.16475e-07
1760561118.801 109.566 0.10231676 1.61829e-07
1760561118.811 109.608 0.10234190 1.10238e-07
1760561118.821 109.650 0.10239218 1.34582e-07
1760561118.852 109.692 0.10258586 1.56387e-07
1760561118.861 109.733 0.10258586 1.15032e-07
1760561118.871 109.775 0.10264546 5.88752e-08
1760561118.881 109.817 0.10267246 1.12037e-07
1760561118.929 109.858 0.10289872 7.15763e-08
1760561118.937 109.900 0.10295366 -4.14170e-09
1760561118.943 109.941 0.10298438 7.77937e-08
1760561118.951 109.983 0.10298438 6.24728e-08
1760561118.961 110.025 0.10300207 1.49536e-08
