1760478129.036 33.801 0.03272192 5.61117e-08
1760478129.086 33.936 0.03269492 5.34282e-08
1760478129.136 34.071 0.03273403 5.81593e-08
1760478129.186 34.205 0.03274148 5.81907e-08
1760478129.236 34.338 0.03282155 5.91509e-08
1760478129.286 34.471 0.03290256 5.88535e-08
1760478129.337 34.603 0.03307016 5.85063e-08
1760478129.387 34.735 0.03320239 5.74066e-08
1760478129.455 34.867 0.03337930 5.30506e-08
1760478129.462 34.997 0.03339886 8.69840e-09
1760478129.469 35.128 0.03339886 4.65645e-08
1760478129.517 35.258 0.03349011 1.83506e-07
1760478129.524 35.387 0.03351990 1.89020e-07
1760478129.532 35.516 0.03355342 4.58793e-07
1760478129.539 35.645 0.03355342 4.80964e-07
1760478129.586 35.773 0.03362047 2.01367e-06
1760478129.614 35.900 0.03373965 1.41981e-05
1760478129.621 36.027 0.03375455 1.66117e-05
1760478129.630 36.154 0.03375455 1.97452e-05
1760478129.640 36.280 0.03380018 2.51581e-05
1760478129.649 36.406 0.03381973 2.66848e-05
1760478129.660 36.531 0.03386349 2.74624e-05
1760478129.669 36.656 0.03393146 2.52393e-05
1760478129.679 36.781 0.03396592 1.94729e-05
1760478129.689 36.905 0.03400968 1.03380e-05
1760478129.699 37.029 0.03408324 4.84227e-06
1760478129.709 37.152 0.03414470 1.11111e-06
1760478129.719 37.275 0.03417822 4.70439e-07
1760478129.729 37.397 0.03428437 2.16083e-07
1760478129.739 37.519 0.03434582 1.00999e-07
1760478129.749 37.641 0.03439703 3.73083e-08
1760478129.759 37.762 0.03447245 4.95532e-08
1760478129.769 37.883 0.03455998 8.91906e-08
1760478129.817 38.003 0.03503113 6.43132e-08
1760478129.885 38.124 0.03580677 6.61939e-08
1760478129.935 38.243 0.03632914 5.22931e-08
1760478129.985 38.363 0.03672301 4.57320e-08
1760478130.035 38.482 0.03684498 4.89992e-08
1760478130.086 38.600 0.03683567 5.13254e-08
1760478130.166 38.718 0.03672952 7.40636e-08
1760478130.173 38.836 0.03671183 2.64350e-09
1760478130.222 38.954 0.03676118 3.83789e-08
1760478130.229 39.071 0.03676118 1.08301e-08
1760478130.239 39.188 0.03677701 5.63838e-08
1760478130.288 39.304 0.03693810 5.09253e-08
1760478130.338 39.421 0.03708987 5.48481e-08
1760478130.344 39.536 0.03710570 1.14647e-08
1760478130.350 39.652 0.03714947 4.58886e-08
1760478130.359 39.767 0.03714947 -1.26946e-08
1760478130.369 39.882 0.03718019 7.28714e-08
1760478130.466 39.996 0.03762527 6.37216e-08
1760478130.473 40.110 0.03764576 -1.06050e-08
1760478130.521 40.224 0.03789065 4.22687e-08
1760478130.572 40.338 0.03812529 3.89458e-08
1760478130.622 40.451 0.03832642 3.47221e-08
1760478130.701 40.564 0.03848657 4.47565e-08
1760478130.749 40.676 0.03853965 6.52249e-08
1760478130.759 40.788 0.03853965 -9.83680e-09
1760478130.768 40.900 0.03856293 6.74467e-08
1760478130.816 41.012 0.03858621 5.82167e-08
1760478130.823 41.123 0.03863835 -1.26596e-08
1760478130.872 41.234 0.03872681 2.46785e-08
1760478130.922 41.345 0.03885251 2.39913e-08
1760478130.972 41.456 0.03905457 1.46866e-08
1760478131.022 41.566 0.03924917 7.81280e-09
1760478131.072 41.676 0.03942050 6.32720e-09
1760478131.122 41.785 0.03957693 3.40910e-09
1760478131.190 41.894 0.03968960 -1.15081e-08
1760478131.260 42.003 0.03977899 1.65711e-08
1760478131.269 42.112 0.03977899 5.81113e-08
1760478131.317 42.220 0.03983858 4.45376e-08
1760478131.367 42.329 0.03991214 4.43119e-08
1760478131.418 42.436 0.04001364 4.41826e-08
1760478131.468 42.544 0.04009744 4.85456e-08
1760478131.518 42.651 0.04024363 5.37388e-08
1760478131.568 42.758 0.04034698 5.30945e-08
1760478131.618 42.865 0.04048572 5.48948e-08
1760478131.668 42.972 0.04058070 5.67146e-08
1760478131.718 43.078 0.04068312 5.85045e-08
1760478131.796 43.184 0.04081255 1.61917e-08
1760478131.802 43.290 0.04081907 5.70859e-08
1760478131.850 43.395 0.04091497 4.62422e-08
1760478131.900 43.500 0.04101647 4.62850e-08
1760478131.951 43.605 0.04111517 4.50254e-08
1760478132.001 43.710 0.04119431 5.21312e-08
1760478132.051 43.815 0.04130512 5.61182e-08
1760478132.101 43.919 0.04148669 5.89901e-08
1760478132.151 44.023 0.04155839 5.72330e-08
1760478132.201 44.126 0.04166640 5.80097e-08
1760478132.251 44.230 0.04173437 5.77915e-08
1760478132.330 44.333 0.04186659 6.24490e-09
1760478132.338 44.436 0.04186659 5.16171e-08
1760478132.387 44.539 0.04193736 4.06276e-08
1760478132.437 44.641 0.04203420 4.09685e-08
1760478132.488 44.744 0.04212452 3.32225e-08
1760478132.537 44.846 0.04224556 3.22385e-08
1760478132.543 44.948 0.04228188 1.52334e-08
1760478132.550 45.049 0.04231633 4.57461e-08
1760478132.598 45.151 0.04239920 6.78307e-08
1760478132.608 45.252 0.04239920 -2.34180e-09
1760478132.618 45.353 0.04243924 5.51720e-08
1760478132.668 45.453 0.04253794 5.44069e-08
1760478132.718 45.554 0.04273534 6.04691e-08
1760478132.768 45.654 0.04294298 5.95075e-08
1760478132.818 45.754 0.04312735 5.80191e-08
1760478132.890 45.854 0.04334244 -7.10420e-09
1760478132.939 45.954 0.04339179 -4.76900e-10
1760478132.947 46.053 0.04339179 7.49563e-08
1760478132.957 46.152 0.04342438 2.97592e-08
1760478132.968 46.251 0.04343090 6.80677e-08
1760478133.017 46.350 0.04349235 4.72547e-08
1760478133.067 46.448 0.04355846 5.06380e-08
1760478133.117 46.547 0.04370186 5.16130e-08
1760478133.167 46.645 0.04382197 5.31448e-08
1760478133.217 46.743 0.04401937 5.41825e-08
1760478133.267 46.840 0.04415253 5.86314e-08
1760478133.317 46.938 0.04428009 5.72285e-08
1760478133.368 47.035 0.04434993 5.84141e-08
1760478133.428 47.132 0.04444304 1.20158e-08
1760478133.437 47.229 0.04444304 5.86281e-08
1760478133.485 47.326 0.04448215 5.30616e-08
1760478133.536 47.422 0.04458085 5.23625e-08
1760478133.543 47.519 0.04456688 1.39995e-08
1760478133.549 47.615 0.04460692 4.73668e-08
1760478133.557 47.711 0.04460692 -9.46750e-09
1760478133.567 47.806 0.04464417 7.38590e-08
1760478133.615 47.902 0.04472983 5.99863e-08
1760478133.621 47.997 0.04476987 -1.30932e-08
1760478133.670 48.092 0.04493747 4.53785e-08
1760478133.677 48.187 0.04493747 1.03170e-08
1760478133.687 48.282 0.04495610 5.97092e-08
1760478133.736 48.377 0.04521402 5.29010e-08
1760478133.742 48.471 0.04525871 1.48141e-08
1760478133.749 48.565 0.04528572 4.86857e-08
1760478133.757 48.659 0.04528572 -6.86530e-09
1760478133.767 48.753 0.04533227 7.56644e-08
1760478133.815 48.847 0.04558089 5.88962e-08
1760478133.822 48.940 0.04561906 -7.77270e-09
1760478133.870 49.034 0.04586023 3.99551e-08
1760478133.877 49.127 0.04586023 1.25911e-08
1760478133.887 49.220 0.04588351 6.47490e-08
1760478133.965 49.313 0.04627551 5.84556e-08
1760478133.972 49.405 0.04631276 -1.20388e-08
1760478134.019 49.498 0.04651947 2.63105e-08
1760478134.070 49.590 0.04664797 4.46360e-09
1760478134.120 49.682 0.04676622 1.44110e-09
1760478134.170 49.774 0.04686492 -9.79900e-10
1760478134.220 49.866 0.04695152 -3.82200e-09
1760478134.271 49.957 0.04702228 -5.62480e-09
1760478134.321 50.049 0.04707815 -7.26700e-09
1760478134.371 50.140 0.04716288 -9.80800e-09
1760478134.421 50.231 0.04723738 -1.09697e-08
1760478134.502 50.322 0.04741150 5.12442e-08
1760478134.509 50.413 0.04743571 8.09620e-09
1760478134.517 50.504 0.04743571 4.49412e-08
1760478134.565 50.594 0.04752603 7.74751e-08
1760478134.572 50.684 0.04753348 3.41020e-08
1760478134.581 50.774 0.04751578 1.13275e-07
1760478134.587 50.864 0.04753534 6.70200e-08
1760478134.596 50.954 0.04753534 1.10370e-07
1760478134.606 51.044 0.04757258 1.69981e-07
1760478134.616 51.133 0.04758655 2.34099e-07
1760478134.627 51.223 0.04761635 2.92108e-07
1760478134.636 51.312 0.04761635 3.59181e-07
1760478134.646 51.401 0.04765359 4.98237e-07
1760478134.656 51.490 0.04765080 6.05457e-07
1760478134.666 51.578 0.04767501 1.01441e-06
1760478134.676 51.667 0.04770015 1.51159e-06
1760478134.686 51.755 0.04775415 2.60114e-06
1760478134.696 51.844 0.04777464 3.79564e-06
1760478134.706 51.932 0.04780537 6.18043e-06
1760478134.716 52.020 0.04783051 8.69191e-06
1760478134.726 52.107 0.04788544 1.65006e-05
1760478134.736 52.195 0.04794876 2.39002e-05
1760478134.746 52.283 0.04798135 3.09701e-05
1760478134.756 52.370 0.04807260 3.70395e-05
1760478134.771 52.457 0.04820762 4.29410e-05
1760478134.777 52.544 0.04829049 4.17630e-05
1760478134.786 52.631 0.04829049 3.65985e-05
1760478134.796 52.718 0.04833332 2.52183e-05
1760478134.806 52.805 0.04841526 1.15910e-05
1760478134.816 52.891 0.04851489 5.55945e-06
1760478134.826 52.978 0.04863408 1.82284e-06
1760478134.836 53.064 0.04875419 4.75828e-07
1760478134.846 53.150 0.04885103 1.85473e-07
1760478134.856 53.236 0.04893669 2.38987e-08
1760478134.866 53.322 0.04903353 8.77850e-08
1760478134.914 53.407 0.04957080 6.29818e-08
1760478134.921 53.493 0.04963970 3.08730e-09
1760478134.927 53.578 0.04972816 5.15161e-08
1760478134.936 53.663 0.04972816 7.02740e-08
1760478134.946 53.749 0.04985107 1.98732e-08
1760478134.956 53.834 0.04992370 4.73341e-08
1760478134.966 53.918 0.05001774 7.57310e-08
1760478135.038 54.003 0.05058852 3.35457e-08
1760478135.046 54.088 0.05058852 8.98439e-08
1760478135.056 54.172 0.05064998 3.33711e-08
1760478135.066 54.257 0.05067885 8.70567e-08
1760478135.076 54.341 0.05072261 2.54718e-08
1760478135.086 54.425 0.05075520 6.47163e-08
1760478135.096 54.509 0.05077289 2.24309e-08
1760478135.106 54.593 0.05081293 1.75423e-08
1760478135.116 54.676 0.05088556 8.75616e-08
1760478135.167 54.760 0.05105503 5.11282e-07
1760478135.176 54.843 0.05105503 5.93419e-07
1760478135.186 54.926 0.05111089 1.48653e-06
1760478135.196 55.010 0.05112765 3.51986e-06
1760478135.206 55.093 0.05115373 5.60853e-06
1760478135.216 55.176 0.05119190 1.02659e-05
1760478135.226 55.258 0.05119004 1.29254e-05
1760478135.236 55.341 0.05122449 3.09139e-05
1760478135.246 55.424 0.05133157 5.40100e-05
1760478135.256 55.506 0.05137534 6.97105e-05
1760478135.266 55.588 0.05138558 1.04942e-04
1760478135.276 55.671 0.05145541 1.03607e-04
1760478135.286 55.753 0.05150570 1.31506e-04
1760478135.296 55.835 0.05155039 1.41928e-04
1760478135.306 55.916 0.05161557 1.27394e-04
1760478135.316 55.998 0.05163698 1.07874e-04
1760478135.326 56.080 0.05167702 7.69626e-05
1760478135.336 56.161 0.05174407 5.03046e-05
1760478135.346 56.242 0.05183439 2.40698e-05
1760478135.356 56.324 0.05189211 1.24035e-05
1760478135.366 56.405 0.05196288 5.78237e-06
1760478135.376 56.486 0.05201037 9.70061e-06
1760478135.386 56.567 0.05207462 1.22564e-05
1760478135.396 56.647 0.05218542 1.33789e-05
1760478135.406 56.728 0.05225805 1.21800e-05
1760478135.416 56.809 0.05232975 9.82962e-06
1760478135.426 56.889 0.05240238 5.93760e-06
1760478135.436 56.969 0.05247594 2.70977e-06
1760478135.446 57.049 0.05257463 1.04723e-06
1760478135.456 57.130 0.05265378 5.39403e-07
1760478135.466 57.210 0.05273945 7.28408e-07
1760478135.476 57.289 0.05285118 1.01543e-06
1760478135.486 57.369 0.05290053 1.89533e-06
1760478135.496 57.449 0.05296851 2.56502e-06
1760478135.506 57.528 0.05307931 2.45552e-06
1760478135.516 57.608 0.05317243 1.63134e-06
1760478135.526 57.687 0.05324226 8.65527e-07
1760478135.536 57.766 0.05330371 4.20612e-07
1760478135.573 57.845 0.05363706 1.24626e-07
1760478135.580 57.924 0.05376369 1.88663e-07
1760478135.589 58.003 0.05384657 2.20055e-07
1760478135.596 58.082 0.05384657 2.94546e-07
1760478135.606 58.161 0.05389964 3.39915e-07
1760478135.616 58.239 0.05395923 6.94079e-07
1760478135.626 58.318 0.05401324 7.69150e-07
1760478135.636 58.396 0.05410914 7.91990e-07
1760478135.646 58.474 0.05419481 1.10390e-06
1760478135.656 58.552 0.05423020 8.17268e-07
1760478135.666 58.630 0.05431120 6.95833e-07
1760478135.676 58.708 0.05434379 6.04683e-07
1760478135.686 58.786 0.05439128 5.98554e-07
1760478135.696 58.864 0.05447415 4.01699e-07
1760478135.706 58.941 0.05455609 3.15003e-07
1760478135.716 59.019 0.05462592 3.36584e-07
1760478135.726 59.096 0.05468366 3.89493e-07
1760478135.736 59.174 0.05470507 4.95621e-07
1760478135.746 59.251 0.05480377 3.97818e-07
1760478135.756 59.328 0.05484567 3.86218e-07
1760478135.766 59.405 0.05488105 3.88916e-07
1760478135.776 59.482 0.05495834 2.77671e-07
1760478135.786 59.559 0.05497696 2.84665e-07
1760478135.796 59.635 0.05505611 2.32542e-07
1760478135.806 59.712 0.05513991 2.57077e-07
1760478135.816 59.788 0.05519764 2.97685e-07
1760478135.826 59.865 0.05526841 3.00516e-07
1760478135.836 59.941 0.05531031 7.54751e-07
1760478135.846 60.017 0.05538573 4.05882e-06
1760478135.856 60.094 0.05544998 8.63714e-06
1760478135.866 60.170 0.05550119 3.18965e-05
1760478135.876 60.245 0.05557196 5.41788e-05
1760478135.886 60.321 0.05567066 1.12277e-04
1760478135.896 60.397 0.05574701 1.70336e-04
1760478135.905 60.473 0.05581126 2.18902e-04
1760478135.916 60.548 0.05589879 2.20786e-04
1760478135.926 60.624 0.05596769 1.83654e-04
1760478135.936 60.699 0.05603566 1.05301e-04
1760478135.946 60.774 0.05610178 4.73616e-05
1760478135.956 60.850 0.05618930 1.78073e-05
1760478135.965 60.925 0.05626565 6.01632e-06
1760478135.975 61.000 0.05635784 4.05301e-06
1760478135.985 61.075 0.05643885 2.51922e-06
1760478135.995 61.149 0.05647609 7.60269e-07
1760478136.005 61.224 0.05657386 2.54884e-07
1760478136.015 61.299 0.05668280 1.69196e-07
1760478136.025 61.373 0.05673867 1.79494e-07
1760478136.035 61.448 0.05683178 5.75966e-07
1760478136.045 61.522 0.05689231 9.97034e-07
1760478136.055 61.596 0.05697704 2.01115e-06
1760478136.065 61.670 0.05706457 5.28900e-06
1760478136.075 61.745 0.05713254 1.03120e-05
1760478136.128 61.819 0.05750220 9.10990e-06
1760478136.137 61.892 0.05758135 5.47888e-06
1760478136.145 61.966 0.05758135 3.70320e-06
1760478136.155 62.040 0.05763535 2.63695e-06
1760478136.165 62.114 0.05770146 2.07392e-06
1760478136.175 62.187 0.05777875 1.68695e-06
1760478136.185 62.261 0.05787279 1.61647e-06
1760478136.195 62.334 0.05791842 1.33228e-06
1760478136.205 62.407 0.05797242 6.45154e-07
1760478136.215 62.481 0.05802829 6.65521e-07
1760478136.225 62.554 0.05806460 5.17399e-07
1760478136.235 62.627 0.05814003 4.65969e-07
1760478136.245 62.700 0.05819962 3.63809e-07
1760478136.255 62.773 0.05823873 3.59951e-07
1760478136.265 62.845 0.05830577 4.64017e-07
1760478136.275 62.918 0.05836536 4.85268e-07
1760478136.285 62.991 0.05840167 5.92534e-07
1760478136.296 63.063 0.05847989 4.74138e-07
1760478136.305 63.136 0.05847989 5.51495e-07
1760478136.315 63.208 0.05852924 6.97488e-07
1760478136.325 63.280 0.05855252 5.13540e-07
1760478136.335 63.353 0.05861490 4.84322e-07
1760478136.345 63.425 0.05866519 4.08143e-07
1760478136.355 63.497 0.05868474 3.84706e-07
1760478136.365 63.569 0.05875458 4.56559e-07
1760478136.375 63.640 0.05878530 5.73875e-07
1760478136.385 63.712 0.05885048 7.91916e-07
1760478136.395 63.784 0.05889983 1.88560e-06
1760478136.405 63.856 0.05897153 4.17549e-06
1760478136.415 63.927 0.05904788 5.70614e-06
1760478136.425 63.999 0.05910189 6.68519e-06
1760478136.435 64.070 0.05916055 4.85513e-06
1760478136.445 64.141 0.05923877 6.27360e-06
1760478136.455 64.213 0.05931233 5.64506e-06
1760478136.465 64.284 0.05939892 4.11455e-06
1760478136.475 64.355 0.05946224 1.84266e-06
1760478136.485 64.426 0.05952742 8.32498e-07
1760478136.495 64.497 0.05960004 4.83610e-07
1760478136.505 64.568 0.05969036 5.71400e-07
1760478136.515 64.638 0.05977510 8.41519e-07
1760478136.525 64.709 0.05986728 1.06963e-06
1760478136.535 64.780 0.05991197 1.35722e-06
1760478136.545 64.850 0.06000416 1.13936e-06
1760478136.555 64.921 0.06008144 1.01600e-06
1760478136.565 64.991 0.06014941 9.46760e-07
1760478136.575 65.061 0.06023601 5.65379e-07
1760478136.585 65.132 0.06030957 3.85963e-07
1760478136.595 65.202 0.06034961 4.99328e-07
1760478136.605 65.272 0.06045390 5.76081e-07
1760478136.615 65.342 0.06053491 5.92154e-07
1760478136.625 65.412 0.06058425 3.06499e-07
1760478136.635 65.482 0.06067737 7.45649e-07
1760478136.684 65.551 0.06100606 5.23864e-05
1760478136.690 65.621 0.06102468 7.14307e-05
1760478136.696 65.691 0.06108800 9.11328e-05
1760478136.705 65.760 0.06108800 1.01764e-04
1760478136.715 65.830 0.06118949 1.09776e-04
1760478136.725 65.899 0.06125281 1.05667e-04
1760478136.735 65.968 0.06130030 9.33869e-05
1760478136.745 66.038 0.06133940 5.30289e-05
1760478136.755 66.107 0.06140272 3.01125e-05
1760478136.765 66.176 0.06146697 1.32657e-05
1760478136.775 66.245 0.06152377 7.61721e-06
1760478136.785 66.314 0.06157032 4.42908e-06
1760478136.795 66.383 0.06163644 2.87123e-06
1760478136.805 66.452 0.06168858 1.93174e-06
1760478136.815 66.521 0.06172675 1.22412e-06
1760478136.825 66.589 0.06178914 8.62948e-07
1760478136.835 66.658 0.06183290 6.30965e-07
1760478136.845 66.726 0.06184874 3.66738e-07
1760478136.855 66.795 0.06186550 3.05334e-07
1760478136.865 66.863 0.06193067 3.84637e-07
1760478136.875 66.932 0.06199306 2.90804e-07
1760478136.885 67.000 0.06205172 3.19127e-07
1760478136.895 67.068 0.06211318 2.55836e-07
1760478136.905 67.136 0.06215601 4.52108e-07
1760478136.915 67.204 0.06220350 6.81763e-07
1760478136.925 67.272 0.06228358 7.96935e-07
1760478136.935 67.340 0.06232361 9.17958e-07
1760478136.945 67.408 0.06237669 8.73241e-07
1760478136.955 67.476 0.06243162 9.34434e-07
1760478136.965 67.544 0.06248283 7.60316e-07
1760478136.975 67.611 0.06250984 6.86956e-07
1760478136.985 67.679 0.06261134 5.78012e-07
1760478136.995 67.746 0.06267186 3.65790e-07
1760478137.005 67.814 0.06273331 3.29465e-07
1760478137.015 67.881 0.06280780 3.73154e-07
1760478137.025 67.949 0.06289626 3.09020e-07
1760478137.035 68.016 0.06295679 4.52635e-07
1760478137.045 68.083 0.06301544 5.20741e-07
1760478137.056 68.150 0.06319422 8.91797e-07
1760478137.065 68.217 0.06319422 1.21424e-06
1760478137.075 68.284 0.06324637 1.44965e-06
1760478137.085 68.351 0.06331248 1.50235e-06
1760478137.095 68.418 0.06339721 1.41002e-06
1760478137.105 68.485 0.06347542 1.19049e-06
1760478137.115 68.551 0.06350988 1.09624e-06
1760478137.125 68.618 0.06360206 9.61682e-07
1760478137.135 68.685 0.06368027 1.41048e-06
1760478137.145 68.751 0.06371566 3.24427e-06
1760478137.155 68.818 0.06379946 5.04726e-06
1760478137.165 68.884 0.06388047 9.20847e-06
1760478137.175 68.950 0.06393633 1.22411e-05
1760478137.185 69.017 0.06402572 1.28025e-05
1760478137.233 69.083 0.06430972 7.48528e-06
1760478137.241 69.149 0.06435814 1.42599e-06
1760478137.247 69.215 0.06441401 1.13146e-06
1760478137.255 69.281 0.06441401 8.90561e-07
1760478137.265 69.347 0.06447453 7.41498e-07
1760478137.275 69.413 0.06450526 5.09837e-07
1760478137.285 69.479 0.06458813 3.95402e-07
1760478137.295 69.545 0.06466355 3.61059e-07
1760478137.305 69.610 0.06473339 3.95990e-07
1760478137.425 69.676 0.06529579 4.39463e-07
1760478137.435 69.741 0.06529579 4.90453e-07
1760478137.445 69.807 0.06534142 5.01102e-07
1760478137.455 69.872 0.06539077 4.80110e-07
1760478137.465 69.938 0.06544850 6.52553e-07
1760478137.475 70.003 0.06546246 8.26977e-07
1760478137.485 70.068 0.06551927 9.16574e-07
1760478137.495 70.134 0.06553323 8.56734e-07
1760478137.505 70.199 0.06555651 8.53393e-07
1760478137.515 70.264 0.06556210 9.22070e-07
1760478137.525 70.329 0.06560679 8.61327e-07
1760478137.535 70.394 0.06562169 8.53443e-07
1760478137.545 70.459 0.06563380 2.29327e-07
1760478137.555 70.524 0.06565056 4.80222e-07
1760478137.565 70.588 0.06567569 5.54267e-07
1760478137.575 70.653 0.06565521 4.32098e-07
1760478137.585 70.718 0.06567849 3.65811e-07
1760478137.596 70.783 0.06572412 2.31714e-07
1760478137.605 70.847 0.06574926 1.85555e-07
1760478137.615 70.912 0.06574926 2.07147e-07
1760478137.625 70.976 0.06575764 1.33345e-07
1760478137.635 71.040 0.06579488 1.67363e-07
1760478137.645 71.105 0.06581816 7.21211e-08
1760478137.655 71.169 0.06590196 1.48746e-07
1760478137.665 71.233 0.06594107 2.04192e-07
1760478137.675 71.297 0.06600159 1.37284e-07
1760478137.685 71.361 0.06605188 1.91752e-07
1760478137.695 71.425 0.06611985 1.65808e-07
1760478137.704 71.489 0.06616734 1.68070e-07
1760478137.714 71.553 0.06623251 2.07140e-07
1760478137.725 71.617 0.06628745 1.56512e-07
1760478137.734 71.681 0.06634797 1.89428e-07
1760478137.786 71.745 0.06681168 1.63872e-07
1760478137.795 71.808 0.06686103 3.10720e-07
1760478137.804 71.872 0.06686103 2.43080e-07
1760478137.814 71.936 0.06694670 3.53734e-07
1760478137.824 71.999 0.06702584 2.92310e-07
1760478137.834 72.063 0.06710033 3.01243e-07
1760478137.844 72.126 0.06717203 2.39405e-07
1760478137.854 72.189 0.06721952 1.53170e-07
1760478137.864 72.253 0.06728190 1.77841e-07
1760478137.874 72.316 0.06735174 1.32070e-07
1760478137.884 72.379 0.06742623 2.04064e-07
1760478137.894 72.442 0.06749513 1.81246e-07
1760478137.904 72.505 0.06754355 2.00703e-07
1760478137.914 72.568 0.06757149 3.03731e-07
1760478137.924 72.631 0.06763387 3.01015e-07
1760478137.934 72.694 0.06766180 4.93320e-07
1760478137.944 72.757 0.06771116 6.92415e-07
1760478137.954 72.820 0.06772978 1.20592e-06
1760478137.964 72.883 0.06778564 1.96476e-06
1760478137.974 72.945 0.06782569 3.44119e-06
1760478137.984 73.008 0.06784524 4.61505e-06
1760478137.994 73.071 0.06787503 7.81430e-06
1760478138.004 73.133 0.06792718 1.15767e-05
1760478138.014 73.196 0.06796163 1.74590e-05
1760478138.024 73.258 0.06797746 3.20106e-05
1760478138.034 73.321 0.06802588 4.28167e-05
1760478138.044 73.383 0.06805009 6.32490e-05
1760478138.054 73.445 0.06808547 8.28106e-05
1760478138.064 73.507 0.06811993 7.94153e-05
1760478138.074 73.569 0.06818603 1.04239e-04
1760478138.084 73.632 0.06823911 1.14898e-04
1760478138.094 73.694 0.06832198 1.15432e-04
1760478138.104 73.756 0.06839740 1.07704e-04
1760478138.114 73.818 0.06843651 9.55376e-05
1760478138.124 73.880 0.06850355 8.56121e-05
1760478138.134 73.941 0.06858363 5.57820e-05
1760478138.144 74.003 0.06862646 3.49449e-05
1760478138.154 74.065 0.06867861 1.87544e-05
1760478138.164 74.127 0.06872702 1.13121e-05
1760478138.174 74.188 0.06878754 6.79731e-06
1760478138.184 74.250 0.06887880 4.37811e-06
1760478138.194 74.311 0.06893001 2.47356e-06
1760478138.204 74.373 0.06899333 1.10807e-06
1760478138.214 74.434 0.06905758 6.81876e-07
1760478138.224 74.496 0.06915814 2.45023e-07
1760478138.234 74.557 0.06921214 1.76780e-07
1760478138.244 74.618 0.06929501 1.66368e-07
1760478138.254 74.680 0.06935461 1.26610e-07
1760478138.264 74.741 0.06941792 1.40873e-07
1760478138.274 74.802 0.06947473 4.71687e-08
1760478138.284 74.863 0.06953525 1.09280e-07
1760478138.315 74.924 0.06975406 8.30099e-08
1760478138.338 74.985 0.06991050 1.18078e-07
1760478138.344 75.046 0.06991050 1.67432e-07
1760478138.354 75.107 0.06997753 1.29457e-07
1760478138.364 75.168 0.07003434 1.38103e-07
1760478138.374 75.229 0.07008182 5.86944e-08
1760478138.384 75.289 0.07013769 9.88740e-08
1760478138.394 75.350 0.07018052 6.47211e-08
1760478138.404 75.411 0.07021405 9.02617e-08
1760478138.414 75.471 0.07024570 1.34988e-07
1760478138.424 75.532 0.07032112 6.61502e-08
1760478138.434 75.592 0.07041144 9.31588e-08
1760478138.444 75.653 0.07043566 6.93264e-08
1760478138.454 75.713 0.07044776 9.37042e-08
1760478138.464 75.774 0.07047849 1.18799e-07
1760478138.474 75.834 0.07055297 3.97237e-08
1760478138.484 75.894 0.07058277 7.85543e-08
1760478138.494 75.954 0.07064143 4.43758e-08
1760478138.504 76.014 0.07065261 9.18331e-08
1760478138.514 76.075 0.07068892 1.10055e-07
1760478138.524 76.135 0.07073175 3.96661e-08
1760478138.534 76.195 0.07079507 7.16334e-08
1760478138.544 76.255 0.07082952 6.04938e-08
1760478138.554 76.315 0.07086211 9.69659e-08
1760478138.564 76.374 0.07089191 1.39268e-07
1760478138.574 76.434 0.07095802 8.36857e-08
1760478138.584 76.494 0.07099434 1.39265e-07
1760478138.594 76.554 0.07105113 1.34827e-07
1760478138.604 76.614 0.07109118 1.61571e-07
1760478138.614 76.673 0.07116753 2.62592e-07
1760478138.626 76.733 0.07127647 2.45062e-07
1760478138.634 76.792 0.07127647 2.34822e-07
1760478138.644 76.852 0.07130813 2.15131e-07
1760478138.654 76.911 0.07139938 2.33743e-07
1760478138.664 76.971 0.07145990 2.58155e-07
1760478138.674 77.030 0.07151391 1.50328e-07
1760478138.684 77.089 0.07157909 1.73340e-07
1760478138.694 77.149 0.07162285 1.08889e-07
1760478138.704 77.208 0.07169082 1.28726e-07
1760478138.714 77.267 0.07174855 1.51149e-07
1760478138.724 77.326 0.07181187 9.53202e-08
1760478138.734 77.385 0.07188636 1.65260e-07
1760478138.744 77.444 0.07198600 1.59272e-07
1760478138.754 77.503 0.07205117 1.84751e-07
1760478138.764 77.562 0.07208748 1.70278e-07
1760478138.774 77.621 0.07211728 1.46899e-07
1760478138.784 77.680 0.07217036 2.34843e-07
1760478138.794 77.739 0.07224671 2.09144e-07
1760478138.804 77.798 0.07230258 2.48395e-07
1760478138.814 77.857 0.07235752 3.18688e-07
1760478138.824 77.915 0.07240314 2.80094e-07
1760478138.834 77.974 0.07242922 3.49665e-07
1760478138.863 78.033 0.07265641 2.82961e-07
1760478138.874 78.091 0.07269924 1.81959e-07
1760478138.879 78.150 0.07278025 1.96028e-07
1760478138.888 78.208 0.07283798 1.25025e-07
1760478138.894 78.267 0.07283798 1.59351e-07
1760478138.904 78.325 0.07287337 1.18917e-07
1760478138.914 78.383 0.07290595 1.41824e-07
1760478138.924 78.442 0.07293761 7.14201e-08
1760478138.934 78.500 0.07300559 1.27607e-07
1760478138.944 78.558 0.07303724 1.25782e-07
1760478138.954 78.616 0.07308100 1.65881e-07
1760478138.964 78.674 0.07315550 2.95075e-07
1760478138.974 78.732 0.07321509 3.93070e-07
1760478138.984 78.790 0.07327654 5.99489e-07
1760478138.994 78.848 0.07334452 9.17278e-07
1760478139.004 78.906 0.07337152 1.40941e-06
1760478139.014 78.964 0.07342087 2.77948e-06
1760478139.024 79.022 0.07344694 4.05009e-06
1760478139.034 79.080 0.07350188 5.88724e-06
1760478139.044 79.138 0.07358103 8.67065e-06
1760478139.054 79.196 0.07360151 1.13169e-05
1760478139.064 79.253 0.07368718 1.44974e-05
1760478139.074 79.311 0.07370394 1.63153e-05
1760478139.084 79.369 0.07377191 1.71275e-05
1760478139.094 79.426 0.07382312 1.68301e-05
1760478139.104 79.484 0.07387992 1.57296e-05
1760478139.114 79.541 0.07391437 1.57584e-05
1760478139.124 79.599 0.07397583 1.36231e-05
1760478139.134 79.656 0.07400935 1.09353e-05
1760478139.144 79.713 0.07406521 7.72544e-06
1760478139.154 79.771 0.07413133 5.03795e-06
1760478139.164 79.828 0.07418905 3.48180e-06
1760478139.174 79.885 0.07421606 2.36380e-06
1760478139.184 79.943 0.07428124 1.80562e-06
1760478139.194 80.000 0.07433338 9.15035e-07
1760478139.204 80.057 0.07440415 7.05554e-07
1760478139.214 80.114 0.07445909 4.61448e-07
1760478139.224 80.171 0.07452334 2.95338e-07
1760478139.234 80.228 0.07457455 1.96874e-07
1760478139.244 80.285 0.07462111 1.57849e-07
1760478139.254 80.342 0.07469746 1.31305e-07
1760478139.264 80.399 0.07477753 1.51655e-07
1760478139.274 80.456 0.07480174 8.47099e-08
1760478139.284 80.512 0.07488182 1.17378e-07
1760478139.294 80.569 0.07494141 7.61804e-08
1760478139.304 80.626 0.07500846 1.03707e-07
1760478139.314 80.683 0.07506153 1.19702e-07
1760478139.324 80.739 0.07510529 3.85407e-08
1760478139.334 80.796 0.07511367 7.02933e-08
1760478139.344 80.852 0.07520306 3.33116e-08
1760478139.354 80.909 0.07525893 5.64347e-08
1760478139.364 80.965 0.07528687 7.82349e-08
1760478139.435 81.022 0.07570680 -2.18806e-08
1760478139.488 81.078 0.07598522 1.65491e-08
1760478139.494 81.135 0.07603922 7.69423e-08
1760478139.504 81.191 0.07603922 1.88047e-08
1760478139.514 81.247 0.07606343 1.19827e-07
1760478139.523 81.303 0.07610719 9.54721e-08
1760478139.534 81.360 0.07616772 1.56559e-07
1760478139.543 81.416 0.07619938 1.53285e-07
1760478139.553 81.472 0.07620124 1.64136e-07
1760478139.563 81.528 0.07625431 2.46608e-07
1760478139.573 81.584 0.07626642 1.85209e-07
1760478139.583 81.640 0.07626642 2.36041e-07
1760478139.593 81.696 0.07630273 1.95979e-07
1760478139.603 81.752 0.07631018 2.20053e-07
1760478139.613 81.808 0.07632415 2.61439e-07
1760478139.623 81.864 0.07633998 1.73827e-07
1760478139.633 81.920 0.07634184 1.90377e-07
1760478139.643 81.975 0.07634649 1.64732e-07
1760478139.653 82.031 0.07638281 1.86152e-07
1760478139.663 82.087 0.07640143 2.06839e-07
1760478139.673 82.143 0.07642192 1.19095e-07
1760478139.683 82.198 0.07643868 1.45098e-07
1760478139.693 82.254 0.07648989 9.71261e-08
1760478139.703 82.309 0.07653086 1.10090e-07
1760478139.713 82.365 0.07652155 1.35739e-07
1760478139.723 82.420 0.07656717 5.46802e-08
1760478139.733 82.476 0.07661839 8.88958e-08
1760478139.743 82.531 0.07667053 5.69082e-08
1760478139.753 82.587 0.07669846 8.96536e-08
1760478139.763 82.642 0.07674782 1.05355e-07
1760478139.773 82.697 0.07682696 3.09457e-08
1760478139.783 82.752 0.07687445 8.48615e-08
1760478139.793 82.808 0.07692659 3.66818e-08
1760478139.803 82.863 0.07701784 6.71911e-08
1760478139.813 82.918 0.07706813 9.64768e-08
1760478139.861 82.973 0.07735305 7.31929e-08
1760478139.868 83.028 0.07742009 8.23640e-09
1760478139.874 83.083 0.07748899 2.84278e-08
1760478139.883 83.138 0.07748899 7.61728e-08
1760478139.893 83.193 0.07754580 2.11410e-08
1760478139.903 83.248 0.07762588 5.60811e-08
1760478139.913 83.303 0.07769664 8.56783e-08
1760478139.977 83.358 0.07801974 3.73058e-07
1760478139.983 83.413 0.07801974 6.98714e-07
1760478139.993 83.468 0.07804116 7.56821e-07
1760478140.003 83.522 0.07809144 1.35898e-06
1760478140.013 83.577 0.07814638 1.80238e-06
1760478140.023 83.632 0.07817618 2.28783e-06
1760478140.033 83.686 0.07818456 3.51742e-06
1760478140.043 83.741 0.07824787 5.08779e-06
1760478140.053 83.796 0.07829629 6.73354e-06
1760478140.063 83.850 0.07829722 8.80167e-06
1760478140.073 83.905 0.07833167 1.22003e-05
1760478140.083 83.959 0.07835216 1.75899e-05
1760478140.093 84.014 0.07836240 2.57102e-05
1760478140.103 84.068 0.07836892 2.87749e-05
1760478140.113 84.122 0.07838661 4.01974e-05
1760478140.123 84.177 0.07844341 4.66478e-05
1760478140.133 84.231 0.07846669 5.83255e-05
1760478140.143 84.285 0.07847227 6.69358e-05
1760478140.153 84.339 0.07848158 8.08116e-05
1760478140.163 84.394 0.07854397 9.01247e-05
1760478140.173 84.448 0.07858308 9.58149e-05
1760478140.183 84.502 0.07862312 1.06714e-04
1760478140.193 84.556 0.07865198 1.15350e-04
1760478140.203 84.610 0.07868364 1.18446e-04
1760478140.213 84.664 0.07870041 1.21477e-04
1760478140.223 84.718 0.07874789 1.24787e-04
1760478140.233 84.772 0.07882611 1.16850e-04
1760478140.243 84.826 0.07883542 1.12164e-04
1760478140.253 84.880 0.07892202 9.66703e-05
1760478140.269 84.934 0.07901233 7.79685e-05
1760478140.274 84.987 0.07905703 7.03463e-05
1760478140.283 85.041 0.07905703 6.22899e-05
1760478140.293 85.095 0.07909986 4.45474e-05
1760478140.303 85.149 0.07917621 3.02560e-05
1760478140.313 85.202 0.07920973 2.19915e-05
1760478140.323 85.256 0.07929819 1.29227e-05
1760478140.333 85.309 0.07935406 1.13487e-05
1760478140.343 85.363 0.07941645 5.94957e-06
1760478140.353 85.417 0.07951421 4.51619e-06
1760478140.364 85.470 0.07960454 1.74777e-06
1760478140.373 85.524 0.07960454 9.42555e-07
1760478140.383 85.577 0.07966599 3.34505e-07
1760478140.393 85.630 0.07971813 1.90411e-07
1760478140.403 85.684 0.07980101 1.12297e-07
1760478140.413 85.737 0.07985035 1.07546e-07
1760478140.461 85.790 0.08007290 5.52329e-08
1760478140.467 85.844 0.08012038 -2.85900e-09
1760478140.538 85.897 0.08044069 2.55055e-08
1760478140.545 85.950 0.08049098 6.94472e-08
1760478140.553 86.003 0.08049098 -5.15240e-09
1760478140.563 86.056 0.08053194 8.03422e-08
1760478140.611 86.110 0.08067814 7.02523e-08
1760478140.618 86.163 0.08071910 -5.27950e-09
1760478140.623 86.216 0.08071910 1.99112e-08
1760478140.633 86.269 0.08073866 5.33926e-08
1760478140.663 86.322 0.08083736 7.17374e-08
1760478140.711 86.375 0.08090160 8.45433e-08
1760478140.718 86.428 0.08091744 1.77828e-08
1760478140.724 86.480 0.08092302 6.22595e-08
1760478140.733 86.533 0.08092302 8.33970e-08
1760478140.743 86.586 0.08093978 4.45168e-08
1760478140.753 86.639 0.08095747 7.51385e-08
1760478140.763 86.692 0.08096399 9.59403e-08
1760478140.811 86.744 0.08105524 7.06115e-08
1760478140.817 86.797 0.08109714 -2.52700e-09
1760478140.823 86.850 0.08112973 1.96578e-08
1760478140.833 86.902 0.08112973 5.81845e-08
1760478140.843 86.955 0.08118467 1.52407e-08
1760478140.853 87.007 0.08122284 4.31614e-08
1760478140.901 87.060 0.08136066 -1.12605e-08
1760478140.910 87.112 0.08143235 5.71790e-08
1760478140.961 87.165 0.08157668 6.09711e-08
1760478140.967 87.217 0.08161392 -7.91380e-09
1760478141.014 87.270 0.08177966 5.62913e-08
1760478141.075 87.322 0.08194727 7.54973e-08
1760478141.083 87.374 0.08194727 4.62129e-08
1760478141.093 87.427 0.08195844 1.21990e-08
1760478141.103 87.479 0.08199289 4.65776e-08
1760478141.113 87.531 0.08202362 7.27193e-08
1760478141.161 87.584 0.08207204 6.48439e-08
1760478141.167 87.636 0.08209066 -7.01730e-09
1760478141.215 87.688 0.08214001 5.48241e-08
1760478141.265 87.740 0.08225361 5.53016e-08
1760478141.273 87.792 0.08225361 1.21252e-08
1760478141.283 87.844 0.08228155 5.96572e-08
1760478141.331 87.896 0.08237094 5.98296e-08
1760478141.338 87.948 0.08240352 2.37658e-08
1760478141.348 88.000 0.08243518 6.40337e-08
1760478141.354 88.052 0.08242308 2.14455e-08
1760478141.362 88.104 0.08242308 8.42485e-08
1760478141.411 88.156 0.08255903 7.98440e-08
1760478141.417 88.208 0.08257392 2.36758e-08
1760478141.423 88.259 0.08258044 6.30876e-08
1760478141.432 88.311 0.08258044 9.89750e-08
1760478141.442 88.363 0.08262234 6.63515e-08
1760478141.456 88.415 0.08267262 8.36487e-08
1760478141.462 88.466 0.08267262 1.17000e-07
1760478141.472 88.518 0.08266703 9.08075e-08
1760478141.483 88.570 0.08270801 1.26105e-07
1760478141.493 88.621 0.08273687 1.28733e-07
1760478141.503 88.673 0.08274525 1.53258e-07
1760478141.512 88.724 0.08276853 2.95450e-07
1760478141.523 88.776 0.08280391 2.57853e-07
1760478141.532 88.827 0.08284581 3.35205e-07
1760478141.542 88.879 0.08286723 3.25385e-07
1760478141.552 88.930 0.08289050 4.33930e-07
1760478141.562 88.982 0.08290541 5.06554e-07
1760478141.572 89.033 0.08294172 6.02096e-07
1760478141.582 89.084 0.08299293 7.43685e-07
1760478141.629 89.136 0.08319312 1.89002e-06
1760478141.638 89.187 0.08320988 3.51868e-06
1760478141.645 89.238 0.08328996 3.79644e-06
1760478141.652 89.289 0.08328996 4.15321e-06
1760478141.662 89.341 0.08334490 4.78653e-06
1760478141.672 89.392 0.08339425 5.57464e-06
1760478141.682 89.443 0.08343243 6.16301e-06
1760478141.692 89.494 0.08347433 6.07152e-06
1760478141.702 89.545 0.08354044 6.90781e-06
1760478141.712 89.596 0.08359817 6.98052e-06
1760478141.722 89.647 0.08365217 6.57169e-06
1760478141.732 89.698 0.08366428 6.19114e-06
1760478141.742 89.749 0.08374808 5.70052e-06
1760478141.752 89.800 0.08376391 4.91177e-06
1760478141.762 89.851 0.08380488 4.34466e-06
1760478141.772 89.902 0.08383561 3.48311e-06
1760478141.782 89.953 0.08390824 2.61018e-06
1760478141.792 90.003 0.08396038 2.07256e-06
1760478141.802 90.054 0.08397900 1.44141e-06
1760478141.812 90.105 0.08402370 1.16504e-06
1760478141.822 90.156 0.08405629 8.43230e-07
1760478141.832 90.206 0.08410563 7.15872e-07
1760478141.842 90.257 0.08413357 5.12921e-07
1760478141.852 90.308 0.08415685 4.07325e-07
1760478141.862 90.358 0.08420527 3.46008e-07
1760478141.872 90.409 0.08426859 2.04530e-07
1760478141.882 90.459 0.08427045 2.08015e-07
1760478141.892 90.510 0.08430024 1.24110e-07
1760478141.902 90.560 0.08436542 1.00391e-07
1760478141.912 90.611 0.08442036 1.05538e-07
1760478141.960 90.661 0.08466339 6.70196e-08
1760478141.967 90.712 0.08468294 -1.81940e-09
1760478142.015 90.762 0.08492690 4.43548e-08
1760478142.022 90.812 0.08492690 1.84349e-08
1760478142.032 90.863 0.08498183 5.90879e-08
1760478142.042 90.913 0.08505539 2.48319e-08
1760478142.052 90.963 0.08508891 4.77466e-08
1760478142.062 91.014 0.08511313 8.54811e-08
1760478142.111 91.064 0.08530214 5.93311e-08
1760478142.206 91.114 0.08549303 3.20000e-08
1760478142.214 91.164 0.08553772 6.09161e-08
1760478142.222 91.214 0.08553772 3.11524e-08
1760478142.232 91.264 0.08558987 7.04532e-08
1760478142.242 91.314 0.08560197 3.75202e-08
1760478142.252 91.365 0.08558707 7.10092e-08
1760478142.262 91.415 0.08559731 9.84813e-08
1760478142.310 91.465 0.08567181 9.55816e-08
1760478142.317 91.515 0.08567181 1.54253e-08
1760478142.323 91.564 0.08569322 4.31651e-08
1760478142.332 91.614 0.08569322 8.63182e-08
1760478142.342 91.664 0.08572209 4.28026e-08
1760478142.352 91.714 0.08572302 7.46450e-08
1760478142.362 91.764 0.08576398 9.85346e-08
1760478142.410 91.814 0.08586920 9.42690e-08
1760478142.416 91.864 0.08588038 1.26200e-08
1760478142.422 91.913 0.08589342 3.75764e-08
1760478142.432 91.963 0.08589342 7.89445e-08
1760478142.442 92.013 0.08592694 3.66264e-08
1760478142.452 92.062 0.08594370 6.60864e-08
1760478142.462 92.112 0.08596697 8.91881e-08
1760478142.509 92.162 0.08616810 7.53332e-08
1760478142.516 92.211 0.08620814 6.72350e-09
1760478142.564 92.261 0.08639436 6.07288e-08
1760478142.613 92.310 0.08658152 7.60022e-08
1760478142.622 92.360 0.08658152 3.86559e-08
1760478142.632 92.409 0.08659083 8.75686e-08
1760478142.642 92.459 0.08661970 5.25408e-08
1760478142.652 92.508 0.08664671 9.54294e-08
1760478142.662 92.558 0.08672026 1.19302e-07
1760478142.672 92.607 0.08671002 4.94400e-08
1760478142.682 92.656 0.08672305 1.04399e-07
1760478142.692 92.706 0.08677334 7.35181e-08
1760478142.702 92.755 0.08678637 1.13490e-07
1760478142.712 92.804 0.08680686 1.37512e-07
1760478142.760 92.854 0.08689159 9.01173e-08
1760478142.766 92.903 0.08687576 6.20267e-08
1760478142.772 92.952 0.08692418 8.67908e-08
1760478142.782 93.001 0.08692418 1.30200e-07
1760478142.792 93.050 0.08692884 8.24500e-08
1760478142.802 93.099 0.08693535 1.15932e-07
1760478142.812 93.148 0.08695863 1.36050e-07
1760478142.822 93.198 0.08695863 6.01567e-08
1760478142.832 93.247 0.08699681 1.04247e-07
1760478142.842 93.296 0.08705361 7.07837e-08
1760478142.852 93.345 0.08708526 9.65131e-08
1760478142.862 93.394 0.08711227 1.10473e-07
1760478142.872 93.443 0.08714858 4.48252e-08
1760478142.882 93.491 0.08719514 8.58669e-08
1760478142.892 93.540 0.08724822 4.28275e-08
1760478142.902 93.589 0.08728174 7.73693e-08
1760478142.912 93.638 0.08731991 9.30999e-08
1760478142.959 93.687 0.08752290 6.82328e-08
1760478142.965 93.736 0.08755270 6.33560e-09
1760478143.013 93.784 0.08778455 7.15109e-08
1760478143.022 93.833 0.08778455 3.11156e-08
1760478143.032 93.882 0.08782272 7.26949e-08
1760478143.042 93.930 0.08787673 3.33215e-08
1760478143.052 93.979 0.08790187 5.58314e-08
1760478143.062 94.028 0.08795961 9.72439e-08
1760478143.110 94.076 0.08816352 8.51864e-08
1760478143.115 94.125 0.08816538 1.32793e-08
1760478143.121 94.174 0.08816538 3.28579e-08
1760478143.131 94.222 0.08817284 6.89716e-08
1760478143.141 94.271 0.08823429 3.54352e-08
1760478143.151 94.319 0.08823894 7.06841e-08
1760478143.161 94.367 0.08828084 8.83287e-08
1760478143.209 94.416 0.08841214 7.64315e-08
1760478143.214 94.464 0.08840934 4.10930e-08
1760478143.221 94.513 0.08840934 1.67417e-08
1760478143.231 94.561 0.08841400 5.54305e-08
1760478143.241 94.609 0.08844007 2.24133e-08
1760478143.251 94.658 0.08843262 5.65127e-08
1760478143.335 94.706 0.08872406 2.26944e-08
1760478143.341 94.754 0.08872406 8.67173e-08
1760478143.351 94.803 0.08875107 5.96110e-08
1760478143.361 94.851 0.08876969 8.47422e-08
1760478143.410 94.899 0.08895684 8.97009e-08
1760478143.416 94.947 0.08896616 2.49637e-08
1760478143.422 94.995 0.08900434 4.77818e-08
1760478143.431 95.043 0.08900434 9.29110e-08
1760478143.441 95.091 0.08904996 4.89793e-08
1760478143.451 95.139 0.08905834 9.61673e-08
1760478143.461 95.188 0.08908348 1.18652e-07
1760478143.471 95.236 0.08909279 4.58659e-08
1760478143.481 95.284 0.08910583 9.97268e-08
1760478143.491 95.331 0.08912911 8.25934e-08
1760478143.501 95.379 0.08917007 1.11906e-07
1760478143.511 95.427 0.08918591 1.31258e-07
1760478143.521 95.475 0.08919801 6.63572e-08
1760478143.531 95.523 0.08922222 1.33471e-07
1760478143.541 95.571 0.08924364 1.04030e-07
1760478143.551 95.619 0.08924736 1.04409e-07
1760478143.561 95.667 0.08926878 1.64838e-07
1760478143.571 95.714 0.08928275 1.12359e-07
1760478143.581 95.762 0.08930044 2.10968e-07
1760478143.591 95.810 0.08934699 2.22376e-07
1760478143.601 95.858 0.08940659 4.54981e-07
1760478143.611 95.905 0.08941962 5.55247e-07
1760478143.621 95.953 0.08942707 6.07965e-07
1760478143.631 96.001 0.08946618 7.60647e-07
1760478143.641 96.048 0.08952950 9.06091e-07
1760478143.651 96.096 0.08955557 1.14380e-06
1760478143.661 96.143 0.08959747 1.49206e-06
1760478143.671 96.191 0.08962820 1.87100e-06
1760478143.681 96.238 0.08972224 2.98087e-06
1760478143.691 96.286 0.08977718 3.92794e-06
1760478143.701 96.333 0.08981908 6.18164e-06
1760478143.711 96.381 0.08986936 7.87209e-06
1760478143.721 96.428 0.08990474 9.65339e-06
1760478143.731 96.476 0.08996154 1.12462e-05
1760478143.741 96.523 0.09000903 1.46694e-05
1760478143.751 96.570 0.09006955 1.55049e-05
1760478143.761 96.618 0.09011052 1.90138e-05
1760478143.771 96.665 0.09018129 1.98062e-05
1760478143.781 96.712 0.09023623 2.22784e-05
1760478143.791 96.759 0.09025578 2.28659e-05
1760478143.801 96.807 0.09029489 2.24017e-05
1760478143.811 96.854 0.09039452 2.14197e-05
1760478143.821 96.901 0.09041314 1.93546e-05
1760478143.831 96.948 0.09045877 1.66866e-05
1760478143.841 96.995 0.09051557 1.49985e-05
1760478143.889 97.043 0.09076604 7.90174e-06
1760478143.899 97.090 0.09078932 2.31831e-06
1760478143.906 97.137 0.09083495 1.86432e-06
1760478143.913 97.184 0.09086940 1.43446e-06
1760478143.921 97.231 0.09086940 1.10643e-06
1760478143.931 97.278 0.09091223 8.84495e-07
1760478143.941 97.325 0.09098113 6.49614e-07
1760478143.951 97.372 0.09098951 5.17893e-07
1760478143.961 97.419 0.09100441 4.42697e-07
1760478143.971 97.466 0.09104445 2.33229e-07
1760478143.981 97.512 0.09108915 1.89871e-07
1760478143.991 97.559 0.09113477 1.58106e-07
1760478144.001 97.606 0.09117947 1.09463e-07
1760478144.011 97.653 0.09118971 1.16607e-07
1760478144.060 97.700 0.09135172 4.35167e-08
1760478144.103 97.747 0.09150536 1.44484e-08
1760478144.117 97.793 0.09155844 -6.24360e-09
1760478144.122 97.840 0.09161058 3.35207e-08
1760478144.131 97.887 0.09161058 4.35668e-08
1760478144.190 97.934 0.09181543 6.63133e-09
1760478144.204 97.980 0.09183312 -1.11652e-08
1760478144.211 98.027 0.09183312 3.26523e-08
1760478144.221 98.073 0.09188713 -4.57670e-09
1760478144.231 98.120 0.09190575 2.43070e-08
1760478144.272 98.167 0.09199234 -2.42609e-09
1760478144.281 98.213 0.09199234 1.83407e-08
1760478144.291 98.260 0.09201469 -3.75451e-09
1760478144.301 98.306 0.09206404 1.80046e-08
1760478144.311 98.353 0.09209198 3.74022e-09
1760478144.321 98.399 0.09211060 -1.62690e-10
1760478144.331 98.446 0.09211525 9.88975e-09
1760478144.341 98.492 0.09209943 -7.43528e-09
1760478144.351 98.539 0.09215436 1.66245e-08
1760478144.361 98.585 0.09213667 -6.25260e-10
1760478144.371 98.631 0.09215530 -4.33333e-09
1760478144.381 98.678 0.09215250 5.92401e-09
1760478144.391 98.724 0.09218230 -1.09932e-08
1760478144.401 98.770 0.09220092 9.75518e-09
1760478144.448 98.816 0.09236014 4.87116e-09
1760478144.486 98.863 0.09250447 -2.00941e-08
1760478144.492 98.909 0.09255568 -7.51591e-09
1760478144.501 98.955 0.09255568 -1.39010e-08
1760478144.511 99.001 0.09261248 -1.76283e-08
1760478144.526 99.048 0.09264414 -4.76570e-09
1760478144.531 99.094 0.09268604 -6.19865e-08
1760478144.541 99.140 0.09268604 -3.46344e-08
1760478144.582 99.186 0.09289089 -1.18033e-08
1760478144.596 99.232 0.09290579 1.15596e-08
1760478144.604 99.278 0.09295048 -2.84130e-08
1760478144.611 99.324 0.09295048 1.06935e-08
1760478144.621 99.370 0.09299518 -3.33259e-08
1760478144.631 99.416 0.09302311 1.60161e-08
1760478144.672 99.462 0.09315161 9.69084e-09
1760478144.686 99.508 0.09316744 9.84380e-09
1760478144.692 99.554 0.09318885 5.37091e-08
1760478144.701 99.600 0.09318885 -2.84550e-09
1760478144.711 99.646 0.09320189 8.30341e-08
1760478144.758 99.692 0.09333690 9.49166e-08
1760478144.764 99.737 0.09335925 2.74301e-08
1760478144.771 99.783 0.09337415 3.90416e-08
1760478144.781 99.829 0.09337415 7.48579e-08
1760478144.791 99.875 0.09342164 4.06123e-08
1760478144.801 99.921 0.09345050 7.23095e-08
1760478144.811 99.966 0.09346726 9.83806e-08
1760478144.861 100.012 0.09362556 9.24200e-08
1760478144.871 100.058 0.09362556 3.56958e-08
1760478144.881 100.104 0.09368887 7.81546e-08
1760478144.891 100.149 0.09370470 3.83236e-08
1760478144.901 100.195 0.09374474 2.03741e-08
1760478144.911 100.240 0.09376988 9.31260e-08
1760478145.000 100.286 0.09404550 2.30187e-08
1760478145.006 100.332 0.09405388 8.25015e-08
1760478145.013 100.377 0.09405295 6.30565e-08
1760478145.061 100.423 0.09420006 6.13977e-08
1760478145.110 100.468 0.09431552 6.28200e-08
1760478145.178 100.514 0.09437233 6.91461e-08
1760478145.229 100.559 0.09442167 6.73416e-08
1760478145.279 100.605 0.09446544 6.67918e-08
1760478145.329 100.650 0.09455389 6.59744e-08
1760478145.379 100.695 0.09457065 6.45592e-08
1760478145.386 100.741 0.09458276 1.66923e-08
1760478145.392 100.786 0.09460138 6.34921e-08
1760478145.400 100.832 0.09460138 -1.87980e-09
1760478145.449 100.877 0.09461349 -4.61800e-09
1760478145.456 100.922 0.09466470 5.38882e-08
1760478145.462 100.967 0.09468239 5.81270e-08
1760478145.470 101.013 0.09468239 1.86452e-08
1760478145.480 101.058 0.09469357 5.08194e-08
1760478145.490 101.103 0.09469822 1.47911e-08
1760478145.500 101.148 0.09471126 5.68590e-08
1760478145.530 101.194 0.09475874 7.91371e-08
1760478145.540 101.239 0.09475874 8.76822e-08
1760478145.551 101.284 0.09474571 5.62640e-08
1760478145.560 101.329 0.09481741 8.19279e-08
1760478145.608 101.374 0.09492728 7.24957e-08
1760478145.616 101.419 0.09495335 1.87590e-09
1760478145.622 101.464 0.09496732 7.71061e-08
1760478145.630 101.509 0.09496732 1.02269e-07
1760478145.640 101.554 0.09499060 2.57636e-08
1760478145.650 101.599 0.09501109 6.72744e-08
1760478145.660 101.644 0.09508464 8.71481e-08
1760478145.708 101.689 0.09525039 9.74291e-08
1760478145.715 101.734 0.09526901 2.29065e-08
1760478145.725 101.779 0.09528856 2.02326e-07
1760478145.734 101.824 0.09533046 8.96303e-08
1760478145.740 101.869 0.09533046 1.66240e-07
1760478145.750 101.914 0.09535002 1.36480e-07
1760478145.760 101.959 0.09535560 2.38673e-07
1760478145.770 102.004 0.09541147 2.72931e-07
1760478145.780 102.048 0.09543102 6.06602e-07
1760478145.790 102.093 0.09547665 5.90996e-07
1760478145.800 102.138 0.09548782 6.89959e-07
1760478145.810 102.183 0.09549062 7.97415e-07
1760478145.820 102.227 0.09553065 1.42249e-06
1760478145.830 102.272 0.09553810 1.75826e-06
1760478145.840 102.317 0.09560049 1.90241e-06
1760478145.850 102.362 0.09565543 2.44436e-06
1760478145.860 102.406 0.09570199 3.48869e-06
1760478145.870 102.451 0.09571130 7.89167e-06
1760478145.880 102.495 0.09572154 9.92348e-06
1760478145.890 102.540 0.09574854 1.24087e-05
1760478145.900 102.585 0.09578858 1.46662e-05
1760478145.910 102.629 0.09583979 1.83789e-05
1760478145.920 102.674 0.09583793 2.73094e-05
1760478145.930 102.718 0.09584352 2.69235e-05
1760478145.940 102.763 0.09587797 3.86084e-05
1760478145.950 102.807 0.09591615 5.06544e-05
1760478145.960 102.852 0.09596643 6.12586e-05
1760478145.970 102.896 0.09600926 6.93075e-05
1760478145.980 102.940 0.09605395 7.90611e-05
1760478145.990 102.985 0.09610051 8.52624e-05
1760478146.000 103.029 0.09614521 9.83189e-05
1760478146.010 103.074 0.09621690 1.07759e-04
1760478146.020 103.118 0.09624111 1.14664e-04
1760478146.030 103.162 0.09626532 1.18315e-04
1760478146.040 103.207 0.09634074 1.29423e-04
1760478146.088 103.251 0.09658191 1.29257e-04
1760478146.095 103.295 0.09661543 1.07711e-04
1760478146.101 103.339 0.09666477 9.97235e-05
1760478146.110 103.384 0.09666477 9.11745e-05
1760478146.120 103.428 0.09671971 8.26774e-05
1760478146.130 103.472 0.09677745 6.93981e-05
1760478146.140 103.516 0.09680538 5.90240e-05
1760478146.150 103.560 0.09686218 4.68779e-05
1760478146.160 103.604 0.09692270 3.89034e-05
1760478146.170 103.649 0.09694039 2.96559e-05
1760478146.180 103.693 0.09696646 2.10172e-05
1760478146.190 103.737 0.09699440 1.21576e-05
1760478146.200 103.781 0.09701489 8.94376e-06
1760478146.210 103.825 0.09704002 6.23081e-06
1760478146.220 103.869 0.09708565 3.68138e-06
1760478146.230 103.913 0.09716387 2.04713e-06
1760478146.240 103.957 0.09717318 1.64796e-06
1760478146.250 104.001 0.09718062 1.26982e-06
1760478146.260 104.045 0.09722160 8.70609e-07
1760478146.270 104.089 0.09724488 5.67394e-07
1760478146.280 104.133 0.09725512 4.27864e-07
1760478146.290 104.177 0.09728584 2.84058e-07
1760478146.300 104.220 0.09731191 2.64973e-07
1760478146.310 104.264 0.09737616 2.31244e-07
1760478146.320 104.308 0.09740689 1.18354e-07
1760478146.330 104.352 0.09742551 1.22118e-07
1760478146.340 104.396 0.09745066 6.81480e-08
1760478146.350 104.440 0.09748138 8.28738e-08
1760478146.360 104.483 0.09753166 1.00235e-07
1760478146.407 104.527 0.09775327 7.27018e-08
1760478146.414 104.571 0.09779424 1.55160e-09
1760478146.462 104.614 0.09798885 5.56502e-08
1760478146.470 104.658 0.09798885 1.21080e-08
1760478146.480 104.702 0.09804844 5.72332e-08
1760478146.529 104.745 0.09826912 5.69374e-08
1760478146.579 104.789 0.09838924 5.72283e-08
1760478146.662 104.833 0.09850470 5.91330e-08
1760478146.670 104.876 0.09850470 1.25370e-08
1760478146.680 104.920 0.09851215 6.35187e-08
1760478146.690 104.963 0.09849352 1.50740e-08
1760478146.699 105.007 0.09849166 2.01788e-08
1760478146.748 105.051 0.09854473 -7.17490e-09
1760478146.798 105.094 0.09858478 -6.64220e-09
1760478146.848 105.138 0.09862202 -5.46500e-09
1760478146.855 105.181 0.09864995 4.70250e-08
1760478146.861 105.225 0.09866299 6.25359e-08
1760478146.869 105.268 0.09866299 2.23998e-08
1760478146.879 105.311 0.09867324 5.61945e-08
1760478146.889 105.355 0.09873283 1.53123e-08
1760478146.899 105.398 0.09876634 5.95762e-08
1760478146.909 105.442 0.09878218 8.22335e-08
1760478146.957 105.485 0.09886318 8.42476e-08
1760478146.964 105.528 0.09889112 6.02070e-09
1760478146.971 105.572 0.09891067 3.31253e-08
1760478146.979 105.615 0.09891067 7.94965e-08
1760478146.989 105.658 0.09892278 2.29033e-08
1760478146.999 105.701 0.09892371 5.18794e-08
1760478147.009 105.745 0.09894140 8.71152e-08
1760478147.057 105.788 0.09904010 6.67094e-08
1760478147.062 105.831 0.09909225 2.92528e-08
1760478147.069 105.874 0.09909225 1.03167e-08
1760478147.079 105.917 0.09910808 4.73670e-08
1760478147.120 105.961 0.09925426 1.07250e-10
1760478147.129 106.004 0.09925426 1.69566e-08
1760478147.139 106.047 0.09927009 -7.98144e-09
1760478147.149 106.090 0.09927940 9.80649e-09
1760478147.159 106.133 0.09934831 -1.18186e-08
1760478147.197 106.176 0.09946563 -8.09437e-08
1760478147.204 106.219 0.09949729 -6.03503e-08
1760478147.210 106.262 0.09953454 -1.86024e-08
1760478147.219 106.305 0.09953454 -6.73407e-08
1760478147.267 106.348 0.09962113 -7.78255e-08
1760478147.276 106.391 0.09967607 -2.64963e-08
1760478147.283 106.434 0.09973007 -8.84081e-08
1760478147.290 106.477 0.09973007 -2.15309e-08
1760478147.299 106.520 0.09972728 -6.92792e-08
1760478147.309 106.563 0.09973845 -1.71259e-08
1760478147.319 106.606 0.09978222 -9.07521e-08
1760478147.329 106.649 0.09980456 -4.02341e-08
1760478147.339 106.691 0.09980642 -7.33843e-08
1760478147.387 106.734 0.09993678 -5.21921e-08
1760478147.394 106.777 0.09994982 -1.06663e-08
1760478147.400 106.820 0.09996938 -5.34660e-08
1760478147.448 106.863 0.10009042 -6.15049e-08
1760478147.455 106.905 0.10010159 2.03922e-08
1760478147.496 106.948 0.10024592 -7.83351e-09
1760478147.512 106.991 0.10029527 8.48730e-09
1760478147.519 107.034 0.10029527 -3.17926e-08
1760478147.529 107.076 0.10031110 1.16165e-08
1760478147.539 107.119 0.10033531 -3.00586e-08
1760478147.549 107.162 0.10037255 1.27639e-08
1760478147.559 107.204 0.10039117 3.14560e-08
1760478147.569 107.247 0.10046567 -4.28944e-08
1760478147.579 107.290 0.10050012 8.13510e-09
1760478147.620 107.332 0.10055505 -1.47625e-08
1760478147.629 107.375 0.10055505 6.94821e-09
1760478147.639 107.417 0.10059137 -1.41147e-08
1760478147.649 107.460 0.10059975 8.02189e-09
1760478147.659 107.503 0.10060533 1.83370e-10
1760478147.669 107.545 0.10061558 -9.49047e-09
1760478147.679 107.588 0.10066121 4.52216e-09
1760478147.689 107.630 0.10067983 -1.44131e-08
1760478147.699 107.672 0.10072545 -2.98970e-09
1760478147.750 107.715 0.10085489 -3.31948e-09
1760478147.759 107.757 0.10085489 1.73149e-09
1760478147.769 107.800 0.10089027 -9.88664e-09
1760478147.779 107.842 0.10090330 4.99547e-09
1760478147.789 107.885 0.10095451 -1.49573e-08
1760478147.799 107.927 0.10099548 5.19335e-09
1760478147.809 107.969 0.10103831 -3.91132e-09
1760478147.819 108.012 0.10103924 -9.53996e-09
1760478147.829 108.054 0.10105880 1.92964e-09
1760478147.839 108.096 0.10109233 -1.39208e-08
1760478147.849 108.139 0.10115192 1.11496e-08
1760478147.859 108.181 0.10117892 -6.50224e-09
1760478147.869 108.223 0.10122454 -8.35710e-09
1760478147.879 108.265 0.10126178 2.27075e-09
1760478147.889 108.308 0.10125434 -1.31023e-08
1760478147.899 108.350 0.10127575 8.76428e-09
1760478147.909 108.392 0.10134745 -5.11682e-09
1760478147.919 108.434 0.10135211 -7.02871e-09
1760478147.929 108.476 0.10138284 5.38162e-09
1760478147.939 108.518 0.10139960 -6.14326e-09
1760478147.952 108.560 0.10144522 -5.79340e-09
1760478147.959 108.603 0.10144522 2.83754e-08
1760478147.969 108.645 0.10148526 -1.67026e-08
1760478147.979 108.687 0.10152436 3.70162e-08
1760478148.026 108.729 0.10172735 1.11518e-07
1760478148.033 108.771 0.10175529 7.08157e-08
1760478148.039 108.813 0.10178043 1.39789e-07
1760478148.049 108.855 0.10178043 1.26832e-07
1760478148.059 108.897 0.10183164 1.60619e-07
1760478148.069 108.939 0.10187075 1.10596e-07
1760478148.079 108.981 0.10188565 1.69337e-07
1760478148.089 109.023 0.10195735 1.52981e-07
1760478148.099 109.065 0.10200856 1.90572e-07
1760478148.109 109.107 0.10203184 2.53447e-07
1760478148.119 109.148 0.10206443 1.96219e-07
1760478148.129 109.190 0.10209981 2.57186e-07
1760478148.139 109.232 0.10213705 2.36370e-07
1760478148.149 109.274 0.10215940 2.49146e-07
1760478148.159 109.316 0.10218827 2.99574e-07
1760478148.169 109.358 0.10225810 2.30427e-07
1760478148.179 109.399 0.10231397 2.72097e-07
1760478148.189 109.441 0.10233911 2.39794e-07
1760478148.199 109.483 0.10237356 2.56697e-07
1760478148.209 109.525 0.10239125 2.77888e-07
1760478148.219 109.566 0.10242198 2.00539e-07
1760478148.229 109.608 0.10247319 2.26963e-07
1760478148.239 109.650 0.10248623 1.93060e-07
1760478148.249 109.692 0.10251323 2.11658e-07
1760478148.301 109.733 0.10272553 9.92697e-08
1760478148.309 109.775 0.10272553 1.21849e-07
1760478148.319 109.817 0.10275067 8.04886e-08
1760478148.329 109.858 0.10279722 1.18689e-07
1760478148.339 109.900 0.10280840 6.05449e-08
1760478148.349 109.941 0.10285403 4.43148e-08
1760478148.359 109.983 0.10287824 8.60214e-08
1760478148.407 110.025 0.10306726 5.08548e-08
