1760475519.071 33.800 0.03274148 4.46534e-08
1760475519.121 33.935 0.03273496 4.31535e-08
1760475519.171 34.070 0.03271820 4.26544e-08
1760475519.221 34.204 0.03270330 4.20290e-08
1760475519.271 34.337 0.03279548 4.19234e-08
1760475519.321 34.470 0.03291374 4.18041e-08
1760475519.371 34.602 0.03307668 4.18254e-08
1760475519.421 34.734 0.03318749 4.18446e-08
1760475519.472 34.866 0.03337465 4.94928e-08
1760475519.530 34.997 0.03343424 2.77383e-07
1760475519.537 35.127 0.03347521 4.52098e-07
1760475519.543 35.257 0.03352642 5.84267e-07
1760475519.551 35.386 0.03352642 8.72991e-07
1760475519.561 35.515 0.03356273 1.15145e-06
1760475519.571 35.644 0.03353573 1.70471e-06
1760475519.632 35.772 0.03365678 1.93703e-05
1760475519.641 35.899 0.03365678 2.45555e-05
1760475519.651 36.026 0.03370427 2.86363e-05
1760475519.661 36.153 0.03374803 3.62718e-05
1760475519.671 36.279 0.03378155 4.40590e-05
1760475519.681 36.405 0.03382345 4.93133e-05
1760475519.691 36.530 0.03387932 5.14497e-05
1760475519.701 36.655 0.03390260 4.86032e-05
1760475519.711 36.780 0.03395195 4.10283e-05
1760475519.721 36.904 0.03398733 2.95489e-05
1760475519.731 37.028 0.03403668 1.46487e-05
1760475519.741 37.151 0.03408324 5.28388e-06
1760475519.751 37.274 0.03417356 9.85058e-07
1760475519.761 37.396 0.03422291 4.64115e-07
1760475519.771 37.518 0.03432440 2.26798e-07
1760475519.819 37.640 0.03473503 7.84812e-08
1760475519.826 37.761 0.03481511 -4.33870e-09
1760475519.874 37.882 0.03533748 4.46366e-08
1760475519.926 38.002 0.03589057 1.30350e-08
1760475519.936 38.123 0.03601441 1.01556e-07
1760475519.942 38.242 0.03609170 3.95461e-08
1760475519.951 38.362 0.03609170 3.77335e-08
1760475519.961 38.481 0.03615781 7.64733e-08
1760475519.971 38.599 0.03626302 6.97284e-08
1760475519.981 38.718 0.03633565 3.96080e-09
1760475519.991 38.835 0.03638221 6.15406e-08
1760475520.001 38.953 0.03643808 2.33604e-08
1760475520.011 39.070 0.03647439 6.40803e-08
1760475520.021 39.187 0.03653026 5.48903e-08
1760475520.069 39.303 0.03666807 7.73469e-08
1760475520.075 39.420 0.03668204 4.00940e-08
1760475520.081 39.535 0.03670532 2.00992e-08
1760475520.091 39.651 0.03670532 4.46634e-08
1760475520.101 39.766 0.03675746 1.57074e-08
1760475520.111 39.881 0.03679936 5.75999e-08
1760475520.121 39.995 0.03679936 3.83618e-08
1760475520.206 40.109 0.03742042 5.86718e-08
1760475520.258 40.223 0.03780871 5.38408e-08
1760475520.306 40.337 0.03822958 5.52247e-08
1760475520.356 40.450 0.03852009 5.56937e-08
1760475520.406 40.563 0.03862345 5.58915e-08
1760475520.474 40.675 0.03856106 5.09805e-08
1760475520.525 40.787 0.03856013 5.00665e-08
1760475520.575 40.899 0.03857782 4.67799e-08
1760475520.625 41.011 0.03873146 4.47047e-08
1760475520.675 41.122 0.03884134 3.74559e-08
1760475520.743 41.233 0.03900708 -9.70300e-09
1760475520.793 41.344 0.03914396 -1.49288e-08
1760475520.845 41.454 0.03925104 -2.37950e-09
1760475520.852 41.565 0.03927338 7.49236e-08
1760475520.861 41.674 0.03927338 3.89058e-08
1760475520.909 41.784 0.03929200 -5.69630e-09
1760475520.959 41.893 0.03939257 -8.47660e-09
1760475521.009 42.002 0.03949965 -1.03117e-08
1760475521.077 42.111 0.03975944 -6.35320e-09
1760475521.127 42.219 0.03993263 -5.60290e-09
1760475521.178 42.327 0.04003784 -2.67740e-09
1760475521.228 42.435 0.04014586 -4.73660e-09
1760475521.302 42.543 0.04022686 7.47635e-08
1760475521.311 42.650 0.04022686 2.60801e-08
1760475521.321 42.757 0.04023245 5.61667e-08
1760475521.369 42.864 0.04029856 6.79320e-08
1760475521.376 42.971 0.04031812 -1.51580e-09
1760475521.425 43.077 0.04041123 4.81530e-08
1760475521.475 43.183 0.04055090 4.70449e-08
1760475521.525 43.289 0.04072595 4.34291e-08
1760475521.532 43.394 0.04079113 1.18848e-08
1760475521.540 43.499 0.04079113 4.85904e-08
1760475521.589 43.604 0.04098481 5.54536e-08
1760475521.646 43.709 0.04115707 1.49657e-08
1760475521.653 43.813 0.04121200 6.82150e-08
1760475521.660 43.918 0.04121200 -8.98930e-09
1760475521.710 44.022 0.04133864 -1.34541e-08
1760475521.760 44.125 0.04149041 -1.28060e-08
1760475521.839 44.229 0.04170830 5.49290e-08
1760475521.887 44.332 0.04186194 4.90217e-08
1760475521.937 44.435 0.04195412 5.19809e-08
1760475521.943 44.538 0.04199229 -4.09550e-09
1760475521.991 44.640 0.04205561 4.81572e-08
1760475522.000 44.743 0.04205561 9.98830e-09
1760475522.010 44.845 0.04209565 5.44040e-08
1760475522.058 44.947 0.04216269 4.41935e-08
1760475522.108 45.048 0.04224370 3.84043e-08
1760475522.158 45.149 0.04242527 4.46338e-08
1760475522.208 45.251 0.04258077 4.24314e-08
1760475522.258 45.352 0.04278655 3.81638e-08
1760475522.309 45.452 0.04293274 3.45925e-08
1760475522.376 45.553 0.04299513 1.24041e-08
1760475522.444 45.653 0.04309103 -1.04987e-08
1760475522.494 45.753 0.04313852 -1.31817e-08
1760475522.544 45.853 0.04324467 -8.20830e-09
1760475522.550 45.952 0.04324653 4.05973e-08
1760475522.559 46.052 0.04324653 4.84625e-08
1760475522.608 46.151 0.04331916 4.86165e-08
1760475522.658 46.250 0.04342345 4.77104e-08
1760475522.664 46.349 0.04343649 9.41640e-09
1760475522.671 46.447 0.04345231 4.41006e-08
1760475522.679 46.545 0.04345231 -9.07090e-09
1760475522.689 46.644 0.04348677 7.36063e-08
1760475522.737 46.741 0.04363109 5.76353e-08
1760475522.787 46.839 0.04381545 5.11400e-08
1760475522.838 46.937 0.04404731 5.33476e-08
1760475522.914 47.034 0.04437041 1.49731e-08
1760475522.920 47.131 0.04442069 4.50284e-08
1760475522.969 47.228 0.04458364 6.79209e-08
1760475522.975 47.325 0.04458643 2.30781e-08
1760475522.980 47.421 0.04458830 9.99820e-09
1760475522.989 47.517 0.04458830 6.67860e-08
1760475523.037 47.614 0.04467862 5.59582e-08
1760475523.044 47.709 0.04469165 -8.66660e-09
1760475523.092 47.805 0.04471400 1.07616e-08
1760475523.142 47.901 0.04484157 1.41317e-08
1760475523.192 47.996 0.04504455 5.08450e-09
1760475523.243 48.091 0.04526151 5.13970e-09
1760475523.293 48.186 0.04544308 -3.54040e-09
1760475523.343 48.281 0.04556413 3.94620e-09
1760475523.393 48.376 0.04561254 2.54900e-10
1760475523.468 48.470 0.04569728 7.73115e-08
1760475523.475 48.564 0.04571404 5.50850e-08
1760475523.481 48.658 0.04570100 1.90326e-08
1760475523.489 48.752 0.04570100 5.18087e-08
1760475523.554 48.846 0.04576525 5.50218e-08
1760475523.605 48.939 0.04590585 5.30122e-08
1760475523.655 49.033 0.04606973 4.85095e-08
1760475523.705 49.126 0.04623827 4.29827e-08
1760475523.755 49.219 0.04632859 3.78878e-08
1760475523.798 49.311 0.04647385 1.38364e-08
1760475523.813 49.404 0.04651947 1.30240e-09
1760475523.820 49.497 0.04650830 5.92911e-08
1760475523.829 49.589 0.04650830 -2.52547e-08
1760475523.839 49.681 0.04653437 6.10013e-08
1760475523.849 49.773 0.04654740 5.27150e-09
1760475523.859 49.865 0.04657906 4.45275e-08
1760475523.908 49.956 0.04662376 4.92745e-08
1760475523.958 50.048 0.04671966 4.91183e-08
1760475524.027 50.139 0.04699900 -1.30222e-08
1760475524.077 50.230 0.04727089 -1.28249e-08
1760475524.127 50.321 0.04747388 -1.58154e-08
1760475524.180 50.412 0.04760331 1.77192e-07
1760475524.189 50.502 0.04760331 2.94329e-07
1760475524.199 50.593 0.04760890 3.87277e-07
1760475524.209 50.683 0.04759772 5.95205e-07
1760475524.219 50.773 0.04761914 7.49534e-07
1760475524.229 50.863 0.04763497 9.38181e-07
1760475524.239 50.953 0.04765545 1.29611e-06
1760475524.249 51.042 0.04765359 1.53865e-06
1760475524.259 51.132 0.04763031 1.93900e-06
1760475524.269 51.221 0.04760703 2.57783e-06
1760475524.279 51.310 0.04760703 2.72056e-06
1760475524.289 51.399 0.04762752 3.55496e-06
1760475524.299 51.488 0.04764614 4.31365e-06
1760475524.309 51.577 0.04767222 5.60489e-06
1760475524.319 51.666 0.04769270 6.78772e-06
1760475524.329 51.754 0.04769456 8.75149e-06
1760475524.339 51.842 0.04772063 1.23980e-05
1760475524.349 51.930 0.04776440 1.57458e-05
1760475524.359 52.018 0.04786775 2.56256e-05
1760475524.369 52.106 0.04786775 3.21230e-05
1760475524.379 52.194 0.04790221 4.45681e-05
1760475524.389 52.281 0.04793479 5.73013e-05
1760475524.399 52.369 0.04800370 6.92156e-05
1760475524.408 52.456 0.04809122 8.15429e-05
1760475524.418 52.543 0.04816292 8.47475e-05
1760475524.428 52.630 0.04821600 7.77585e-05
1760475524.439 52.717 0.04829328 5.68640e-05
1760475524.449 52.803 0.04840781 3.29623e-05
1760475524.458 52.890 0.04850186 1.09484e-05
1760475524.468 52.976 0.04861732 4.42021e-06
1760475524.478 53.062 0.04870577 1.10709e-06
1760475524.488 53.148 0.04879796 4.85725e-07
1760475524.498 53.234 0.04892180 8.20275e-08
1760475524.508 53.320 0.04902422 7.64448e-08
1760475524.518 53.406 0.04911082 3.38849e-08
1760475524.528 53.491 0.04922721 7.64101e-08
1760475524.578 53.577 0.04977006 2.47042e-08
1760475524.586 53.662 0.04984269 9.93011e-08
1760475524.646 53.747 0.05036040 8.50152e-08
1760475524.652 53.832 0.05044234 1.43687e-07
1760475524.658 53.917 0.05050566 9.45531e-08
1760475524.668 54.002 0.05050566 9.53564e-08
1760475524.678 54.086 0.05058014 1.33442e-07
1760475524.688 54.171 0.05062391 1.28854e-07
1760475524.698 54.255 0.05066115 4.06089e-08
1760475524.708 54.339 0.05070958 7.80799e-08
1760475524.718 54.423 0.05073099 3.47968e-08
1760475524.728 54.507 0.05077568 7.41866e-08
1760475524.738 54.591 0.05078500 8.66563e-08
1760475524.748 54.675 0.05081480 1.46753e-08
1760475524.758 54.758 0.05086414 7.87078e-08
1760475524.768 54.842 0.05088649 6.06134e-08
1760475524.778 54.925 0.05086228 1.31959e-07
1760475524.788 55.008 0.05091256 2.70292e-07
1760475524.798 55.091 0.05096377 3.15756e-07
1760475524.808 55.174 0.05097867 7.37118e-07
1760475524.818 55.257 0.05097309 1.36049e-06
1760475524.828 55.340 0.05104106 2.61225e-06
1760475524.838 55.422 0.05107644 3.54462e-06
1760475524.848 55.505 0.05111462 6.14778e-06
1760475524.858 55.587 0.05115652 1.10225e-05
1760475524.868 55.669 0.05118911 1.91898e-05
1760475524.878 55.751 0.05122915 4.53883e-05
1760475524.888 55.833 0.05128502 7.44981e-05
1760475524.898 55.915 0.05135671 1.20805e-04
1760475524.908 55.997 0.05143586 1.67301e-04
1760475524.918 56.078 0.05151035 2.19628e-04
1760475524.928 56.160 0.05163140 2.29319e-04
1760475524.938 56.241 0.05166864 2.06084e-04
1760475524.948 56.322 0.05174686 1.35110e-04
1760475524.958 56.403 0.05187442 7.70623e-05
1760475524.968 56.484 0.05195171 2.60638e-05
1760475524.978 56.565 0.05203551 1.23451e-05
1760475524.988 56.646 0.05215563 1.36774e-05
1760475524.998 56.727 0.05225060 1.68002e-05
1760475525.008 56.807 0.05235489 1.65888e-05
1760475525.018 56.888 0.05248618 1.17093e-05
1760475525.028 56.968 0.05256905 5.52948e-06
1760475525.038 57.048 0.05261933 1.59904e-06
1760475525.048 57.128 0.05271803 8.75642e-07
1760475525.058 57.208 0.05282791 1.43571e-06
1760475525.068 57.288 0.05292381 4.23084e-06
1760475525.078 57.368 0.05301692 5.88540e-06
1760475525.088 57.447 0.05309607 6.74992e-06
1760475525.138 57.527 0.05350205 2.25870e-07
1760475525.148 57.606 0.05354115 1.89865e-07
1760475525.156 57.686 0.05361006 2.68533e-07
1760475525.162 57.765 0.05371248 2.62474e-07
1760475525.169 57.844 0.05378232 3.39713e-07
1760475525.178 57.923 0.05378232 3.06150e-07
1760475525.188 58.002 0.05384284 4.52922e-07
1760475525.198 58.080 0.05390429 6.35363e-07
1760475525.208 58.159 0.05394992 9.48530e-07
1760475525.218 58.238 0.05399834 1.08081e-06
1760475525.228 58.316 0.05406724 1.13655e-06
1760475525.238 58.394 0.05411287 1.05249e-06
1760475525.248 58.473 0.05417898 7.77457e-07
1760475525.258 58.551 0.05423485 6.12047e-07
1760475525.268 58.629 0.05428327 4.14568e-07
1760475525.278 58.707 0.05432051 4.02376e-07
1760475525.288 58.785 0.05436707 3.91145e-07
1760475525.298 58.862 0.05439780 2.74322e-07
1760475525.308 58.940 0.05442573 2.91802e-07
1760475525.318 59.017 0.05448439 2.74430e-07
1760475525.328 59.095 0.05455516 4.02010e-07
1760475525.338 59.172 0.05458403 5.46916e-07
1760475525.348 59.249 0.05466038 5.35443e-07
1760475525.358 59.326 0.05472463 6.15441e-07
1760475525.368 59.403 0.05477490 5.52931e-07
1760475525.378 59.480 0.05484195 5.38989e-07
1760475525.388 59.557 0.05492668 4.98196e-07
1760475525.398 59.634 0.05496951 3.48153e-07
1760475525.408 59.710 0.05505332 3.38655e-07
1760475525.418 59.787 0.05510173 2.77395e-07
1760475525.428 59.863 0.05517343 3.68543e-07
1760475525.438 59.940 0.05524699 7.92469e-07
1760475525.448 60.016 0.05530379 2.06766e-06
1760475525.458 60.092 0.05540249 1.08543e-05
1760475525.468 60.168 0.05550957 3.22491e-05
1760475525.478 60.244 0.05558220 6.05982e-05
1760475525.488 60.320 0.05565762 1.55455e-04
1760475525.498 60.396 0.05574608 2.85719e-04
1760475525.508 60.471 0.05580847 3.39938e-04
1760475525.518 60.547 0.05588017 3.43617e-04
1760475525.528 60.622 0.05596210 2.64479e-04
1760475525.538 60.698 0.05607198 1.37982e-04
1760475525.548 60.773 0.05615299 5.30506e-05
1760475525.558 60.848 0.05627217 1.11013e-05
1760475525.568 60.923 0.05635039 6.33332e-06
1760475525.578 60.998 0.05639880 3.44856e-06
1760475525.588 61.073 0.05647609 1.25298e-06
1760475525.598 61.148 0.05658131 3.73416e-07
1760475525.608 61.222 0.05662786 1.66800e-07
1760475525.618 61.297 0.05670422 1.44378e-07
1760475525.628 61.372 0.05678988 2.56782e-07
1760475525.638 61.446 0.05684575 7.04095e-07
1760475525.668 61.520 0.05710461 1.44375e-06
1760475525.696 61.595 0.05725079 2.50227e-05
1760475525.703 61.669 0.05732994 2.43440e-05
1760475525.710 61.743 0.05739977 2.24352e-05
1760475525.718 61.817 0.05739977 1.86775e-05
1760475525.728 61.891 0.05743050 1.18966e-05
1760475525.738 61.965 0.05750965 6.60455e-06
1760475525.748 62.038 0.05757297 2.66895e-06
1760475525.758 62.112 0.05764001 1.97561e-06
1760475525.768 62.186 0.05769494 1.52782e-06
1760475525.778 62.259 0.05773964 1.39415e-06
1760475525.788 62.332 0.05778247 1.24050e-06
1760475525.798 62.406 0.05783554 1.00609e-06
1760475525.808 62.479 0.05789141 8.66204e-07
1760475525.818 62.552 0.05798360 5.97523e-07
1760475525.828 62.625 0.05803481 4.69147e-07
1760475525.838 62.698 0.05807485 3.85404e-07
1760475525.848 62.771 0.05811768 3.32650e-07
1760475525.858 62.844 0.05814096 4.26755e-07
1760475525.868 62.916 0.05817168 4.54327e-07
1760475525.878 62.989 0.05824897 5.63497e-07
1760475525.888 63.062 0.05829739 6.08900e-07
1760475525.898 63.134 0.05838119 5.62801e-07
1760475525.908 63.206 0.05844358 6.02088e-07
1760475525.918 63.279 0.05848268 4.97231e-07
1760475525.928 63.351 0.05853762 4.61268e-07
1760475525.937 63.423 0.05858325 3.77383e-07
1760475525.948 63.495 0.05862049 2.65880e-07
1760475525.957 63.567 0.05868940 4.02608e-07
1760475525.967 63.639 0.05875737 5.94370e-07
1760475525.977 63.711 0.05885793 1.20665e-06
1760475525.987 63.782 0.05894639 3.00036e-06
1760475525.997 63.854 0.05900505 4.91451e-06
1760475526.007 63.926 0.05906930 8.46126e-06
1760475526.017 63.997 0.05917172 1.15922e-05
1760475526.027 64.068 0.05922480 1.33179e-05
1760475526.037 64.140 0.05928904 1.26363e-05
1760475526.047 64.211 0.05936726 1.04072e-05
1760475526.057 64.282 0.05945106 7.06425e-06
1760475526.067 64.353 0.05951996 3.18331e-06
1760475526.077 64.424 0.05959539 7.92068e-07
1760475526.087 64.495 0.05967733 5.87498e-07
1760475526.097 64.566 0.05974903 5.21235e-07
1760475526.107 64.637 0.05981979 7.22299e-07
1760475526.117 64.707 0.05990266 8.58829e-07
1760475526.127 64.778 0.05999671 1.04442e-06
1760475526.137 64.849 0.06001719 1.01416e-06
1760475526.147 64.919 0.06009820 8.35308e-07
1760475526.157 64.989 0.06015500 7.18228e-07
1760475526.167 65.060 0.06025184 5.02678e-07
1760475526.177 65.130 0.06031702 4.36236e-07
1760475526.187 65.200 0.06040269 4.23418e-07
1760475526.217 65.270 0.06056284 3.67427e-07
1760475526.227 65.340 0.06063081 1.60058e-06
1760475526.235 65.410 0.06070716 3.88128e-06
1760475526.242 65.480 0.06078538 6.91894e-06
1760475526.247 65.550 0.06083100 1.05193e-05
1760475526.257 65.619 0.06083100 1.65926e-05
1760475526.267 65.689 0.06092132 4.07779e-05
1760475526.277 65.759 0.06098744 6.72866e-05
1760475526.287 65.828 0.06103120 1.08192e-04
1760475526.297 65.897 0.06108521 1.45097e-04
1760475526.307 65.967 0.06112152 1.72725e-04
1760475526.317 66.036 0.06116994 1.69075e-04
1760475526.327 66.105 0.06125001 1.50025e-04
1760475526.337 66.174 0.06129285 1.17029e-04
1760475526.347 66.243 0.06136734 7.87367e-05
1760475526.357 66.312 0.06143252 3.79838e-05
1760475526.367 66.381 0.06146976 9.54589e-06
1760475526.377 66.450 0.06154425 5.14032e-06
1760475526.387 66.519 0.06159453 3.19888e-06
1760475526.397 66.588 0.06165040 1.97894e-06
1760475526.407 66.656 0.06168299 1.18842e-06
1760475526.417 66.725 0.06174817 7.34813e-07
1760475526.427 66.793 0.06182173 4.60444e-07
1760475526.437 66.862 0.06188039 2.86151e-07
1760475526.447 66.930 0.06194557 1.74002e-07
1760475526.457 66.998 0.06197258 2.09690e-07
1760475526.467 67.066 0.06205079 1.76206e-07
1760475526.477 67.135 0.06210200 2.00845e-07
1760475526.487 67.203 0.06216718 3.15489e-07
1760475526.497 67.271 0.06224260 3.76596e-07
1760475526.507 67.339 0.06231151 5.73108e-07
1760475526.517 67.406 0.06238693 6.27265e-07
1760475526.527 67.474 0.06244373 6.93664e-07
1760475526.537 67.542 0.06251729 6.26946e-07
1760475526.547 67.610 0.06259457 4.87148e-07
1760475526.557 67.677 0.06267186 4.29004e-07
1760475526.567 67.745 0.06276776 2.86099e-07
1760475526.577 67.812 0.06280966 2.64151e-07
1760475526.587 67.879 0.06286367 2.49483e-07
1760475526.597 67.947 0.06295027 1.84898e-07
1760475526.607 68.014 0.06303500 2.74229e-07
1760475526.617 68.081 0.06307969 3.41085e-07
1760475526.627 68.148 0.06313370 5.11396e-07
1760475526.637 68.215 0.06318212 6.28073e-07
1760475526.647 68.282 0.06327989 6.96912e-07
1760475526.657 68.349 0.06332738 7.73779e-07
1760475526.667 68.416 0.06341304 7.10001e-07
1760475526.677 68.483 0.06350150 7.36794e-07
1760475526.687 68.550 0.06353874 7.83504e-07
1760475526.697 68.616 0.06357785 9.74484e-07
1760475526.707 68.683 0.06365700 1.70501e-06
1760475526.717 68.749 0.06369052 4.02623e-06
1760475526.727 68.816 0.06376035 6.56815e-06
1760475526.775 68.882 0.06406856 1.56095e-05
1760475526.782 68.949 0.06414678 1.16982e-05
1760475526.789 69.015 0.06421195 9.70061e-06
1760475526.797 69.081 0.06421195 6.84725e-06
1760475526.807 69.147 0.06427341 3.66070e-06
1760475526.817 69.213 0.06434231 1.41201e-06
1760475526.827 69.279 0.06436931 9.52513e-07
1760475526.837 69.345 0.06443542 6.09066e-07
1760475526.847 69.411 0.06450526 3.88756e-07
1760475526.857 69.477 0.06456299 3.60361e-07
1760475526.867 69.543 0.06464214 3.18220e-07
1760475526.877 69.608 0.06469987 3.77289e-07
1760475526.887 69.674 0.06474270 4.03511e-07
1760475526.897 69.740 0.06478181 4.21064e-07
1760475526.907 69.805 0.06482837 5.40567e-07
1760475526.917 69.871 0.06487492 5.14823e-07
1760475526.927 69.936 0.06492614 5.87641e-07
1760475526.937 70.001 0.06497083 5.77058e-07
1760475526.947 70.067 0.06504532 5.39608e-07
1760475526.957 70.132 0.06507232 5.80319e-07
1760475526.967 70.197 0.06511422 4.74939e-07
1760475526.977 70.262 0.06513657 4.53859e-07
1760475526.987 70.327 0.06518871 3.80534e-07
1760475526.997 70.392 0.06525669 3.09823e-07
1760475527.007 70.457 0.06532373 3.69154e-07
1760475527.017 70.522 0.06536283 3.01546e-07
1760475527.027 70.587 0.06541498 3.38926e-07
1760475527.037 70.651 0.06547830 3.65820e-07
1760475527.047 70.716 0.06552858 4.02688e-07
1760475527.057 70.781 0.06557327 5.26293e-07
1760475527.067 70.845 0.06561238 4.88363e-07
1760475527.077 70.910 0.06568687 5.05956e-07
1760475527.087 70.974 0.06576229 4.20880e-07
1760475527.097 71.039 0.06579953 3.18090e-07
1760475527.107 71.103 0.06584796 2.94252e-07
1760475527.117 71.167 0.06590848 1.16940e-07
1760475527.127 71.231 0.06599042 1.13506e-07
1760475527.137 71.296 0.06608167 7.68503e-08
1760475527.147 71.360 0.06613661 7.59990e-08
1760475527.157 71.424 0.06621762 1.60925e-07
1760475527.167 71.488 0.06628559 1.17009e-07
1760475527.177 71.552 0.06633401 1.60489e-07
1760475527.187 71.615 0.06640198 1.23990e-07
1760475527.197 71.679 0.06650720 1.10622e-07
1760475527.207 71.743 0.06653699 1.87634e-07
1760475527.217 71.807 0.06662080 1.45631e-07
1760475527.227 71.870 0.06669250 2.09456e-07
1760475527.237 71.934 0.06679119 2.67727e-07
1760475527.247 71.997 0.06683217 2.34438e-07
1760475527.257 72.061 0.06687500 3.55740e-07
1760475527.267 72.124 0.06690665 3.30867e-07
1760475527.277 72.188 0.06697183 3.51468e-07
1760475527.306 72.251 0.06716086 3.02611e-07
1760475527.330 72.314 0.06736384 1.65115e-07
1760475527.337 72.377 0.06738526 2.06660e-07
1760475527.347 72.440 0.06738526 1.78524e-07
1760475527.357 72.504 0.06751282 2.42335e-07
1760475527.367 72.567 0.06751282 2.34652e-07
1760475527.377 72.630 0.06758080 3.76444e-07
1760475527.387 72.692 0.06761897 6.15756e-07
1760475527.397 72.755 0.06763853 9.50514e-07
1760475527.407 72.818 0.06771861 1.65965e-06
1760475527.417 72.881 0.06779217 3.11649e-06
1760475527.427 72.944 0.06781917 4.60596e-06
1760475527.437 73.006 0.06789272 7.66479e-06
1760475527.447 73.069 0.06791787 1.29436e-05
1760475527.457 73.131 0.06796908 2.68414e-05
1760475527.467 73.194 0.06801285 3.67069e-05
1760475527.477 73.256 0.06803985 5.90675e-05
1760475527.487 73.319 0.06811806 8.70916e-05
1760475527.497 73.381 0.06813575 1.19095e-04
1760475527.507 73.443 0.06817486 1.49490e-04
1760475527.517 73.505 0.06826704 1.67914e-04
1760475527.527 73.568 0.06827077 1.77914e-04
1760475527.537 73.630 0.06827635 1.75918e-04
1760475527.547 73.692 0.06831360 1.68084e-04
1760475527.557 73.754 0.06840857 1.53719e-04
1760475527.567 73.816 0.06847376 1.29104e-04
1760475527.577 73.878 0.06850448 1.03353e-04
1760475527.587 73.940 0.06858642 6.94658e-05
1760475527.597 74.001 0.06862646 4.16424e-05
1760475527.607 74.063 0.06866464 2.27009e-05
1760475527.617 74.125 0.06872330 1.26461e-05
1760475527.627 74.186 0.06877172 9.38542e-06
1760475527.637 74.248 0.06883876 6.11204e-06
1760475527.646 74.310 0.06888531 3.52245e-06
1760475527.656 74.371 0.06896539 1.78898e-06
1760475527.667 74.432 0.06902778 7.27041e-07
1760475527.676 74.494 0.06909110 3.94738e-07
1760475527.686 74.555 0.06919259 1.79240e-07
1760475527.696 74.617 0.06925032 8.07222e-08
1760475527.706 74.678 0.06931364 1.31289e-07
1760475527.716 74.739 0.06934344 7.23712e-08
1760475527.726 74.800 0.06941234 1.12433e-07
1760475527.736 74.861 0.06948590 6.35577e-08
1760475527.746 74.922 0.06954642 5.36317e-08
1760475527.756 74.983 0.06961439 1.09550e-07
1760475527.766 75.044 0.06968516 5.57362e-08
1760475527.776 75.105 0.06971682 1.04775e-07
1760475527.786 75.166 0.06979410 6.23397e-08
1760475527.796 75.227 0.06987511 5.47970e-08
1760475527.806 75.287 0.06992632 1.13191e-07
1760475527.816 75.348 0.07000547 5.53337e-08
1760475527.826 75.409 0.07005296 9.65575e-08
1760475527.856 75.469 0.07024477 5.00072e-08
1760475527.866 75.530 0.07028853 5.23079e-08
1760475527.872 75.590 0.07034068 9.94200e-08
1760475527.878 75.651 0.07039003 5.16927e-08
1760475527.886 75.711 0.07039003 1.12362e-07
1760475527.896 75.772 0.07042448 4.06132e-08
1760475527.906 75.832 0.07046918 8.80686e-08
1760475527.954 75.892 0.07075317 6.54864e-08
1760475527.959 75.952 0.07077645 1.83758e-08
1760475527.966 76.013 0.07077645 4.16377e-08
1760475527.976 76.073 0.07083046 1.07040e-07
1760475527.986 76.133 0.07092636 8.05717e-08
1760475527.996 76.193 0.07097106 1.17316e-07
1760475528.006 76.253 0.07098316 1.92707e-07
1760475528.016 76.313 0.07103810 1.69859e-07
1760475528.026 76.373 0.07107627 2.18869e-07
1760475528.036 76.432 0.07113587 2.14814e-07
1760475528.046 76.492 0.07116194 2.03041e-07
1760475528.056 76.552 0.07122712 3.02455e-07
1760475528.066 76.612 0.07126716 2.58564e-07
1760475528.076 76.671 0.07133513 2.95219e-07
1760475528.086 76.731 0.07136772 2.28931e-07
1760475528.096 76.790 0.07138076 1.84223e-07
1760475528.106 76.850 0.07144780 2.47823e-07
1760475528.116 76.909 0.07147666 1.56153e-07
1760475528.126 76.969 0.07149808 1.95027e-07
1760475528.136 77.028 0.07155767 1.30487e-07
1760475528.146 77.087 0.07159585 1.25624e-07
1760475528.156 77.147 0.07164240 1.65131e-07
1760475528.166 77.206 0.07169827 1.07081e-07
1760475528.176 77.265 0.07174203 1.54527e-07
1760475528.186 77.324 0.07179977 1.17612e-07
1760475528.196 77.383 0.07183515 1.35357e-07
1760475528.206 77.442 0.07188264 2.05188e-07
1760475528.216 77.501 0.07192640 1.59216e-07
1760475528.226 77.560 0.07201020 1.36307e-07
1760475528.238 77.619 0.07213777 2.45743e-07
1760475528.246 77.678 0.07216943 2.04918e-07
1760475528.256 77.737 0.07216943 2.56723e-07
1760475528.266 77.796 0.07221505 2.67874e-07
1760475528.276 77.855 0.07226440 3.55164e-07
1760475528.286 77.913 0.07233610 3.46776e-07
1760475528.296 77.972 0.07241059 3.58444e-07
1760475528.306 78.031 0.07245994 4.54492e-07
1760475528.316 78.089 0.07251022 3.94667e-07
1760475528.326 78.148 0.07256050 4.04496e-07
1760475528.336 78.206 0.07262754 3.19170e-07
1760475528.346 78.265 0.07273183 2.54395e-07
1760475528.356 78.323 0.07277839 2.56875e-07
1760475528.366 78.381 0.07284636 1.25970e-07
1760475528.415 78.440 0.07312198 8.59000e-08
1760475528.424 78.498 0.07316201 3.34853e-07
1760475528.430 78.556 0.07323837 3.78751e-07
1760475528.436 78.614 0.07323837 5.92612e-07
1760475528.446 78.672 0.07329237 7.20490e-07
1760475528.456 78.730 0.07336780 1.27018e-06
1760475528.466 78.788 0.07342460 2.01097e-06
1760475528.476 78.846 0.07347022 3.96825e-06
1760475528.486 78.904 0.07350653 5.58642e-06
1760475528.496 78.962 0.07356240 8.00793e-06
1760475528.506 79.020 0.07358661 1.08958e-05
1760475528.516 79.078 0.07364900 1.39129e-05
1760475528.526 79.136 0.07370300 1.66340e-05
1760475528.536 79.194 0.07375236 1.80561e-05
1760475528.546 79.251 0.07377470 1.83728e-05
1760475528.556 79.309 0.07380450 1.78909e-05
1760475528.566 79.367 0.07385758 1.67921e-05
1760475528.576 79.424 0.07386968 1.54967e-05
1760475528.586 79.482 0.07391623 1.38521e-05
1760475528.596 79.539 0.07396652 1.18018e-05
1760475528.606 79.597 0.07400004 9.53793e-06
1760475528.616 79.654 0.07402611 7.07744e-06
1760475528.626 79.711 0.07406708 5.17579e-06
1760475528.636 79.769 0.07414436 3.52156e-06
1760475528.646 79.826 0.07418440 2.53582e-06
1760475528.656 79.883 0.07422165 2.01083e-06
1760475528.666 79.940 0.07427938 1.45518e-06
1760475528.676 79.998 0.07429800 1.21720e-06
1760475528.686 80.055 0.07435387 9.08298e-07
1760475528.696 80.112 0.07438180 6.59652e-07
1760475528.706 80.169 0.07446095 5.30612e-07
1760475528.716 80.226 0.07452147 3.13215e-07
1760475528.726 80.283 0.07454661 2.56270e-07
1760475528.736 80.340 0.07463135 1.88429e-07
1760475528.746 80.397 0.07467511 1.32005e-07
1760475528.756 80.454 0.07470770 1.45644e-07
1760475528.766 80.510 0.07480081 6.39486e-08
1760475528.776 80.567 0.07486320 1.02201e-07
1760475528.786 80.624 0.07494514 5.53096e-08
1760475528.796 80.680 0.07500846 7.75020e-08
1760475528.806 80.737 0.07506153 1.06611e-07
1760475528.854 80.794 0.07533528 5.91833e-08
1760475528.904 80.850 0.07562394 3.97356e-08
1760475528.911 80.907 0.07563139 -2.63952e-08
1760475528.990 80.963 0.07601780 1.06778e-07
1760475528.997 81.020 0.07604574 8.35145e-08
1760475529.006 81.076 0.07604574 1.59382e-07
1760475529.016 81.132 0.07604854 1.18387e-07
1760475529.026 81.189 0.07607181 1.86403e-07
1760475529.036 81.245 0.07611464 1.69620e-07
1760475529.046 81.301 0.07611557 1.80783e-07
1760475529.056 81.358 0.07612116 2.68173e-07
1760475529.068 81.414 0.07614537 2.90625e-07
1760475529.076 81.470 0.07614537 2.56389e-07
1760475529.086 81.526 0.07614630 2.23025e-07
1760475529.096 81.582 0.07612302 2.35070e-07
1760475529.106 81.638 0.07614723 2.82875e-07
1760475529.116 81.694 0.07616678 2.23732e-07
1760475529.126 81.750 0.07616493 2.63019e-07
1760475529.136 81.806 0.07616213 2.18774e-07
1760475529.146 81.862 0.07619100 2.30749e-07
1760475529.156 81.918 0.07621707 2.69597e-07
1760475529.166 81.973 0.07625524 1.92591e-07
1760475529.176 82.029 0.07627759 2.26013e-07
1760475529.186 82.085 0.07631391 1.86607e-07
1760475529.196 82.140 0.07634649 1.81842e-07
1760475529.206 82.196 0.07635767 1.92201e-07
1760475529.216 82.252 0.07635301 1.36856e-07
1760475529.226 82.307 0.07643775 1.63334e-07
1760475529.236 82.363 0.07647406 1.15031e-07
1760475529.246 82.418 0.07654017 1.33065e-07
1760475529.256 82.474 0.07660908 1.36703e-07
1760475529.266 82.529 0.07666029 4.89350e-08
1760475529.276 82.584 0.07673106 8.59804e-08
1760475529.286 82.640 0.07680927 4.86356e-08
1760475529.296 82.695 0.07684186 7.76528e-08
1760475529.306 82.750 0.07689400 1.00281e-07
1760475529.354 82.806 0.07719010 7.77502e-08
1760475529.361 82.861 0.07728229 6.51040e-09
1760475529.367 82.916 0.07734095 4.28991e-08
1760475529.376 82.971 0.07734095 7.05272e-08
1760475529.386 83.026 0.07740985 3.03536e-08
1760475529.396 83.081 0.07747503 5.44729e-08
1760475529.406 83.136 0.07755604 8.29528e-08
1760475529.474 83.191 0.07787542 2.19628e-07
1760475529.481 83.246 0.07787542 2.46438e-07
1760475529.487 83.301 0.07795084 3.82830e-07
1760475529.495 83.356 0.07795084 4.34924e-07
1760475529.544 83.411 0.07810261 1.38929e-06
1760475529.553 83.465 0.07812682 3.44699e-06
1760475529.559 83.520 0.07812589 4.10720e-06
1760475529.565 83.575 0.07812589 5.05720e-06
1760475529.575 83.630 0.07817431 6.29853e-06
1760475529.585 83.684 0.07822366 8.30185e-06
1760475529.595 83.739 0.07823577 1.13663e-05
1760475529.605 83.793 0.07824694 1.52328e-05
1760475529.615 83.848 0.07824135 1.99719e-05
1760475529.625 83.902 0.07826463 2.71456e-05
1760475529.635 83.957 0.07826928 3.34751e-05
1760475529.645 84.011 0.07830933 4.20526e-05
1760475529.655 84.066 0.07833819 5.05990e-05
1760475529.665 84.120 0.07837358 5.96372e-05
1760475529.675 84.174 0.07841175 7.00423e-05
1760475529.685 84.229 0.07841734 7.91344e-05
1760475529.695 84.283 0.07843224 8.99658e-05
1760475529.705 84.337 0.07848904 1.01871e-04
1760475529.715 84.391 0.07853839 1.13900e-04
1760475529.725 84.446 0.07854118 1.25371e-04
1760475529.735 84.500 0.07857656 1.37092e-04
1760475529.745 84.554 0.07862126 1.50128e-04
1760475529.755 84.608 0.07863988 1.61389e-04
1760475529.765 84.662 0.07869481 1.67556e-04
1760475529.775 84.716 0.07873858 1.69257e-04
1760475529.785 84.770 0.07880283 1.64385e-04
1760475529.795 84.824 0.07886614 1.55061e-04
1760475529.805 84.878 0.07888570 1.42077e-04
1760475529.815 84.931 0.07893971 1.25601e-04
1760475529.825 84.985 0.07901606 1.07871e-04
1760475529.835 85.039 0.07908031 8.96784e-05
1760475529.845 85.093 0.07913617 6.85289e-05
1760475529.855 85.146 0.07918925 4.68562e-05
1760475529.865 85.200 0.07927212 2.91196e-05
1760475529.875 85.254 0.07930098 1.82947e-05
1760475529.885 85.307 0.07933544 1.19638e-05
1760475529.895 85.361 0.07940248 9.09448e-06
1760475529.905 85.414 0.07950490 6.74008e-06
1760475529.915 85.468 0.07954867 4.77022e-06
1760475529.925 85.521 0.07960267 3.17067e-06
1760475529.935 85.575 0.07965854 1.87788e-06
1760475529.945 85.628 0.07971627 1.02492e-06
1760475529.955 85.682 0.07976096 7.32392e-07
1760475529.965 85.735 0.07985035 3.83727e-07
1760475529.975 85.788 0.07989412 2.57633e-07
1760475529.985 85.842 0.07994347 1.28554e-07
1760475529.995 85.895 0.08000399 9.12923e-08
1760475530.005 85.948 0.08005800 8.39435e-08
1760475530.095 86.001 0.08049098 -6.50270e-09
1760475530.102 86.054 0.08052449 7.66896e-08
1760475530.108 86.107 0.08055522 4.43630e-08
1760475530.115 86.160 0.08055522 1.24159e-08
1760475530.125 86.214 0.08060923 4.81238e-08
1760475530.135 86.267 0.08065858 1.24923e-08
1760475530.145 86.319 0.08069676 5.94747e-08
1760475530.155 86.372 0.08073028 7.25741e-08
1760475530.203 86.425 0.08092302 8.97579e-08
1760475530.210 86.478 0.08094816 1.70416e-08
1760475530.216 86.531 0.08096865 3.62543e-08
1760475530.225 86.584 0.08096865 7.39469e-08
1760475530.235 86.637 0.08098168 3.25435e-08
1760475530.245 86.689 0.08100775 7.40504e-08
1760475530.255 86.742 0.08100310 8.82390e-08
1760475530.304 86.795 0.08112507 6.03254e-08
1760475530.310 86.847 0.08114836 -1.13969e-08
1760475530.352 86.900 0.08125916 1.41411e-08
1760475530.358 86.953 0.08128523 2.07053e-08
1760475530.365 87.005 0.08128523 -2.40600e-09
1760475530.375 87.058 0.08133272 9.20923e-09
1760475530.385 87.110 0.08137276 -7.92503e-09
1760475530.395 87.163 0.08137276 1.42529e-08
1760475530.405 87.215 0.08141466 1.44995e-09
1760475530.415 87.268 0.08144911 4.35334e-09
1760475530.425 87.320 0.08148450 1.93346e-08
1760475530.435 87.372 0.08154129 8.22816e-09
1760475530.448 87.425 0.08159065 2.30570e-09
1760475530.455 87.477 0.08159065 4.48344e-08
1760475530.465 87.529 0.08160275 -1.62133e-08
1760475530.475 87.581 0.08163813 3.86986e-08
1760475530.524 87.633 0.08184298 5.44813e-08
1760475530.574 87.686 0.08199010 5.69805e-08
1760475530.581 87.738 0.08202362 1.56553e-08
1760475530.588 87.790 0.08207204 5.81249e-08
1760475530.661 87.842 0.08238490 1.24740e-09
1760475530.667 87.894 0.08240818 4.44526e-08
1760475530.675 87.946 0.08240818 6.82161e-08
1760475530.685 87.998 0.08241935 2.50114e-08
1760475530.695 88.050 0.08245566 5.74278e-08
1760475530.705 88.102 0.08247615 7.36427e-08
1760475530.756 88.154 0.08258696 1.28677e-07
1760475530.765 88.205 0.08261582 8.85926e-08
1760475530.775 88.257 0.08261582 1.27026e-07
1760475530.785 88.309 0.08260279 1.07127e-07
1760475530.795 88.361 0.08259255 1.51176e-07
1760475530.805 88.412 0.08264003 2.04507e-07
1760475530.815 88.464 0.08267076 1.76344e-07
1760475530.825 88.516 0.08268566 2.56241e-07
1760475530.835 88.567 0.08271080 2.63221e-07
1760475530.845 88.619 0.08273594 3.49160e-07
1760475530.855 88.671 0.08272570 4.43706e-07
1760475530.865 88.722 0.08274711 4.40108e-07
1760475530.875 88.774 0.08276387 6.06868e-07
1760475530.885 88.825 0.08276946 7.15975e-07
1760475530.895 88.877 0.08282533 9.14993e-07
1760475530.905 88.928 0.08287002 1.20010e-06
1760475530.915 88.979 0.08287375 1.43957e-06
1760475530.925 89.031 0.08292403 1.80843e-06
1760475530.935 89.082 0.08295476 2.42552e-06
1760475530.945 89.133 0.08298734 2.86281e-06
1760475530.955 89.185 0.08303297 3.57765e-06
1760475530.965 89.236 0.08307860 4.28497e-06
1760475530.975 89.287 0.08314191 5.24746e-06
1760475530.985 89.338 0.08315961 6.31738e-06
1760475530.995 89.390 0.08320244 7.45370e-06
1760475531.005 89.441 0.08327693 8.67526e-06
1760475531.015 89.492 0.08330765 9.96388e-06
1760475531.025 89.543 0.08336632 1.13309e-05
1760475531.035 89.594 0.08342777 1.25658e-05
1760475531.045 89.645 0.08346129 1.37219e-05
1760475531.055 89.696 0.08353485 1.44113e-05
1760475531.065 89.747 0.08359072 1.45871e-05
1760475531.075 89.798 0.08360283 1.42881e-05
1760475531.085 89.849 0.08365404 1.34157e-05
1760475531.095 89.899 0.08369966 1.23537e-05
1760475531.105 89.950 0.08378160 1.10312e-05
1760475531.115 90.001 0.08384678 9.26863e-06
1760475531.125 90.052 0.08391941 7.66979e-06
1760475531.135 90.103 0.08395386 5.76053e-06
1760475531.145 90.153 0.08399111 4.39217e-06
1760475531.155 90.204 0.08406187 3.06196e-06
1760475531.165 90.255 0.08407305 2.00238e-06
1760475531.216 90.305 0.08442595 4.48117e-07
1760475531.224 90.356 0.08442595 4.33042e-07
1760475531.234 90.407 0.08444737 2.90967e-07
1760475531.244 90.457 0.08449113 2.58958e-07
1760475531.254 90.508 0.08453768 1.96274e-07
1760475531.264 90.558 0.08457400 9.56464e-08
1760475531.274 90.609 0.08461497 1.30410e-07
1760475531.284 90.659 0.08467084 7.33282e-08
1760475531.294 90.709 0.08471553 9.60389e-08
1760475531.304 90.760 0.08474439 6.63329e-08
1760475531.314 90.810 0.08480120 9.47600e-09
1760475531.324 90.860 0.08482354 7.43004e-08
1760475531.334 90.911 0.08487568 2.69487e-08
1760475531.344 90.961 0.08492783 7.09168e-08
1760475531.354 91.011 0.08495018 5.53277e-08
1760475531.364 91.062 0.08499394 -5.38700e-10
1760475531.374 91.112 0.08502187 7.02400e-08
1760475531.384 91.162 0.08501629 2.44053e-08
1760475531.394 91.212 0.08506750 6.53517e-08
1760475531.404 91.262 0.08511685 4.34058e-08
1760475531.414 91.312 0.08509264 2.26560e-09
1760475531.424 91.362 0.08514385 7.24711e-08
1760475531.434 91.412 0.08516061 2.24316e-08
1760475531.444 91.462 0.08518855 7.16367e-08
1760475531.454 91.512 0.08526024 4.82455e-08
1760475531.464 91.562 0.08532170 6.88310e-09
1760475531.474 91.612 0.08532263 7.38221e-08
1760475531.484 91.662 0.08537105 2.86037e-08
1760475531.494 91.712 0.08543251 7.36409e-08
1760475531.504 91.762 0.08545485 5.94363e-08
1760475531.514 91.811 0.08548837 1.72094e-08
1760475531.524 91.861 0.08552096 8.08489e-08
1760475531.534 91.911 0.08557497 4.26022e-08
1760475531.544 91.961 0.08561128 9.08524e-08
1760475531.555 92.010 0.08567739 7.73975e-08
1760475531.565 92.060 0.08575095 3.71077e-08
1760475531.575 92.110 0.08580496 9.12643e-08
1760475531.585 92.159 0.08585896 5.29764e-08
1760475531.594 92.209 0.08591111 6.71761e-08
1760475531.604 92.258 0.08595487 6.68282e-08
1760475531.614 92.308 0.08601260 2.95131e-08
1760475531.624 92.358 0.08606102 8.87363e-08
1760475531.634 92.407 0.08612154 3.58185e-08
1760475531.644 92.456 0.08618113 7.95476e-08
1760475531.654 92.506 0.08620535 5.48223e-08
1760475531.664 92.555 0.08622676 6.61970e-09
1760475531.674 92.605 0.08630404 7.00149e-08
1760475531.684 92.654 0.08637109 2.76068e-08
1760475531.694 92.703 0.08641112 6.67278e-08
1760475531.704 92.753 0.08644930 4.80074e-08
1760475531.714 92.802 0.08653776 2.14293e-08
1760475531.724 92.851 0.08656756 1.01963e-07
1760475531.771 92.900 0.08678451 1.23611e-07
1760475531.778 92.950 0.08684969 1.17428e-07
1760475531.784 92.999 0.08684969 2.00943e-07
1760475531.794 93.048 0.08690742 1.90621e-07
1760475531.804 93.097 0.08695025 1.72178e-07
1760475531.814 93.146 0.08700054 1.42653e-07
1760475531.824 93.195 0.08702102 2.07097e-07
1760475531.834 93.244 0.08704802 1.61765e-07
1760475531.844 93.293 0.08708434 1.99515e-07
1760475531.854 93.342 0.08712624 1.56002e-07
1760475531.864 93.391 0.08718956 1.10681e-07
1760475531.874 93.440 0.08723425 1.65158e-07
1760475531.884 93.489 0.08726591 1.05891e-07
1760475531.894 93.538 0.08727336 1.34913e-07
1760475531.904 93.587 0.08733481 9.22449e-08
1760475531.914 93.636 0.08733854 4.69016e-08
1760475531.924 93.684 0.08737671 1.05889e-07
1760475531.934 93.733 0.08740930 5.25644e-08
1760475531.944 93.782 0.08743258 9.04789e-08
1760475531.954 93.831 0.08749031 5.03541e-08
1760475531.964 93.879 0.08753221 1.29631e-08
1760475531.974 93.928 0.08757132 8.12764e-08
1760475532.022 93.977 0.08777058 6.53505e-08
1760475532.072 94.025 0.08798009 7.11617e-08
1760475532.122 94.074 0.08818401 6.61600e-08
1760475532.173 94.123 0.08837396 7.01065e-08
1760475532.223 94.171 0.08849687 6.48447e-08
1760475532.325 94.220 0.08850059 6.10406e-08
1760475532.334 94.268 0.08850059 1.85491e-08
1760475532.344 94.317 0.08851829 6.15444e-08
1760475532.394 94.365 0.08850618 5.55223e-08
1760475532.404 94.414 0.08850618 5.29726e-08
1760475532.414 94.462 0.08852853 -3.76120e-09
1760475532.424 94.510 0.08854156 5.56167e-08
1760475532.434 94.559 0.08857043 1.76405e-08
1760475532.444 94.607 0.08859277 6.94124e-08
1760475532.454 94.655 0.08859277 5.54198e-08
1760475532.503 94.704 0.08864957 8.21524e-08
1760475532.511 94.752 0.08866354 -1.45970e-09
1760475532.517 94.800 0.08868402 3.45284e-08
1760475532.524 94.848 0.08868402 6.83211e-08
1760475532.572 94.896 0.08877155 5.98404e-08
1760475532.622 94.945 0.08898664 7.86378e-08
1760475532.629 94.993 0.08904158 4.62826e-08
1760475532.635 95.041 0.08905741 1.12164e-07
1760475532.644 95.089 0.08905741 9.81690e-08
1760475532.654 95.137 0.08908441 6.10433e-08
1760475532.664 95.185 0.08910024 4.06072e-08
1760475532.674 95.233 0.08910024 1.30866e-07
1760475532.684 95.281 0.08912352 9.53409e-08
1760475532.694 95.329 0.08916076 1.48040e-07
1760475532.704 95.377 0.08916821 1.24810e-07
1760475532.714 95.425 0.08921757 1.28784e-07
1760475532.724 95.473 0.08924177 2.43879e-07
1760475532.734 95.521 0.08924364 2.31711e-07
1760475532.744 95.569 0.08930416 3.33751e-07
1760475532.754 95.616 0.08931720 3.63691e-07
1760475532.764 95.664 0.08932651 3.96129e-07
1760475532.774 95.712 0.08933768 6.10992e-07
1760475532.784 95.760 0.08937492 7.13998e-07
1760475532.794 95.807 0.08939168 8.79276e-07
1760475532.804 95.855 0.08940659 1.00466e-06
1760475532.814 95.903 0.08947363 1.17245e-06
1760475532.824 95.950 0.08951087 1.61211e-06
1760475532.856 95.998 0.08961329 1.86741e-06
1760475532.868 96.046 0.08965985 4.25678e-06
1760475532.875 96.093 0.08970827 4.80343e-06
1760475532.884 96.141 0.08970827 5.35487e-06
1760475532.894 96.188 0.08974273 6.15864e-06
1760475532.904 96.236 0.08980511 7.11303e-06
1760475532.914 96.283 0.08986284 8.32190e-06
1760475532.924 96.331 0.08989729 9.81815e-06
1760475532.934 96.378 0.08993081 1.11038e-05
1760475532.944 96.426 0.08996806 1.28062e-05
1760475532.954 96.473 0.09003882 1.38550e-05
1760475532.964 96.520 0.09007607 1.50125e-05
1760475532.974 96.568 0.09014963 1.62544e-05
1760475532.984 96.615 0.09018315 1.70306e-05
1760475532.993 96.662 0.09023623 1.74382e-05
1760475533.003 96.710 0.09025764 1.75602e-05
1760475533.013 96.757 0.09030234 1.73646e-05
1760475533.023 96.804 0.09035634 1.68378e-05
1760475533.033 96.851 0.09038520 1.55587e-05
1760475533.043 96.899 0.09046063 1.44442e-05
1760475533.053 96.946 0.09050626 1.31476e-05
1760475533.063 96.993 0.09054350 1.15732e-05
1760475533.073 97.040 0.09055560 9.93559e-06
1760475533.083 97.087 0.09057702 8.54313e-06
1760475533.093 97.134 0.09063103 7.23192e-06
1760475533.103 97.181 0.09068410 5.84919e-06
1760475533.113 97.228 0.09071390 4.63124e-06
1760475533.123 97.275 0.09074090 3.73883e-06
1760475533.133 97.322 0.09080701 2.77458e-06
1760475533.143 97.369 0.09083960 2.00047e-06
1760475533.153 97.416 0.09086009 1.44997e-06
1760475533.163 97.463 0.09089268 1.13107e-06
1760475533.173 97.510 0.09093644 1.00875e-06
1760475533.183 97.557 0.09100255 8.24638e-07
1760475533.193 97.604 0.09106494 7.57517e-07
1760475533.203 97.651 0.09106959 5.91950e-07
1760475533.213 97.697 0.09110404 4.71045e-07
1760475533.223 97.744 0.09113570 4.45860e-07
1760475533.233 97.791 0.09119995 3.41409e-07
1760475533.243 97.838 0.09128096 3.05575e-07
1760475533.253 97.884 0.09130331 2.14471e-07
1760475533.267 97.931 0.09140759 1.56641e-07
1760475533.273 97.978 0.09140759 1.62517e-07
1760475533.283 98.024 0.09143460 9.79984e-08
1760475533.293 98.071 0.09144763 1.15106e-07
1760475533.303 98.118 0.09152678 4.87076e-08
1760475533.313 98.164 0.09158637 2.93308e-08
1760475533.323 98.211 0.09163293 8.02795e-08
1760475533.365 98.257 0.09181823 1.13278e-08
1760475533.417 98.304 0.09205753 8.40307e-09
1760475533.431 98.350 0.09210036 -1.57628e-08
1760475533.438 98.397 0.09216368 2.71050e-08
1760475533.444 98.443 0.09219813 -3.21739e-08
1760475533.487 98.490 0.09230148 4.24130e-09
1760475533.494 98.536 0.09234245 -3.54600e-11
1760475533.503 98.582 0.09234245 -7.37111e-09
1760475533.513 98.629 0.09236666 2.64758e-09
1760475533.523 98.675 0.09240577 4.81150e-10
1760475533.533 98.721 0.09242532 -9.92919e-09
1760475533.543 98.768 0.09245512 8.24003e-09
1760475533.553 98.814 0.09249516 -1.45839e-08
1760475533.563 98.860 0.09249050 -1.83510e-10
1760475533.573 98.906 0.09249050 -7.09090e-09
1760475533.583 98.953 0.09248212 -1.78168e-08
1760475533.593 98.999 0.09252589 -3.83732e-09
1760475533.607 99.045 0.09255196 5.11760e-09
1760475533.613 99.091 0.09255196 -4.03705e-08
1760475533.623 99.137 0.09255475 -1.23730e-09
1760475533.633 99.183 0.09260224 -3.74985e-08
1760475533.699 99.229 0.09279684 -4.48089e-08
1760475533.742 99.276 0.09290858 -5.38637e-09
1760475533.756 99.322 0.09303056 9.88700e-09
1760475533.763 99.368 0.09303056 -2.65995e-08
1760475533.773 99.414 0.09308922 2.72810e-08
1760475533.783 99.460 0.09309388 -2.14897e-08
1760475533.833 99.505 0.09331456 4.65130e-09
1760475533.843 99.551 0.09331456 5.02274e-08
1760475533.892 99.597 0.09343374 5.38550e-08
1760475533.898 99.643 0.09342815 2.66107e-08
1760475533.905 99.689 0.09340488 6.10627e-08
1760475533.913 99.735 0.09340488 9.55180e-09
1760475533.923 99.781 0.09344212 9.03558e-08
1760475533.968 99.827 0.09351103 9.11075e-08
1760475533.973 99.872 0.09350823 8.44858e-08
1760475534.021 99.918 0.09361252 8.17859e-08
1760475534.028 99.964 0.09362649 1.78861e-08
1760475534.035 100.010 0.09364511 8.18568e-08
1760475534.043 100.055 0.09364511 3.52372e-08
1760475534.053 100.101 0.09368142 4.04261e-08
1760475534.063 100.147 0.09368981 4.32732e-08
1760475534.073 100.192 0.09370750 8.98391e-08
1760475534.121 100.238 0.09383506 6.77594e-08
1760475534.128 100.283 0.09385555 5.07780e-09
1760475534.134 100.329 0.09386765 5.98475e-08
1760475534.143 100.375 0.09386765 7.20673e-08
1760475534.153 100.420 0.09389279 5.32049e-08
1760475534.163 100.466 0.09394028 2.63620e-09
1760475534.173 100.511 0.09398870 7.82063e-08
1760475534.238 100.557 0.09417492 6.25759e-08
1760475534.288 100.602 0.09431552 5.56080e-08
1760475534.338 100.647 0.09449244 6.08190e-08
1760475534.406 100.693 0.09462187 6.23098e-08
1760475534.497 100.738 0.09467587 6.29914e-08
1760475534.522 100.784 0.09463677 5.14648e-08
1760475534.570 100.829 0.09469729 7.60514e-08
1760475534.577 100.874 0.09468426 -7.27500e-10
1760475534.583 100.920 0.09469915 2.39467e-08
1760475534.593 100.965 0.09469915 7.09145e-08
1760475534.603 101.010 0.09472616 2.00311e-08
1760475534.613 101.055 0.09473640 4.44391e-08
1760475534.623 101.101 0.09474105 8.61267e-08
1760475534.689 101.146 0.09477085 6.14503e-08
1760475534.739 101.191 0.09484162 7.62487e-08
1760475534.792 101.236 0.09503250 8.66040e-08
1760475534.801 101.281 0.09503250 1.19263e-07
1760475534.807 101.326 0.09504833 1.21225e-07
1760475534.812 101.372 0.09504833 9.11704e-08
1760475534.822 101.417 0.09510140 1.50023e-07
1760475534.832 101.462 0.09512002 1.03207e-07
1760475534.842 101.507 0.09512841 1.70508e-07
1760475534.852 101.552 0.09516751 1.51735e-07
1760475534.862 101.597 0.09516286 1.79724e-07
1760475534.872 101.642 0.09518148 2.81674e-07
1760475534.882 101.687 0.09521593 2.70464e-07
1760475534.892 101.732 0.09523083 3.37779e-07
1760475534.902 101.777 0.09517869 3.66698e-07
1760475534.912 101.822 0.09524201 4.88648e-07
1760475534.922 101.866 0.09526528 6.07571e-07
1760475534.932 101.911 0.09526901 6.38219e-07
1760475534.942 101.956 0.09529229 7.80756e-07
1760475534.952 102.001 0.09530904 9.53306e-07
1760475534.962 102.046 0.09530253 1.21560e-06
1760475534.972 102.091 0.09533791 1.49643e-06
1760475534.982 102.135 0.09536492 1.76902e-06
1760475534.992 102.180 0.09538074 2.44055e-06
1760475535.002 102.225 0.09539564 2.85557e-06
1760475535.012 102.270 0.09540402 3.69722e-06
1760475535.022 102.314 0.09542264 4.92249e-06
1760475535.069 102.359 0.09566194 9.82733e-06
1760475535.076 102.404 0.09570664 2.02526e-05
1760475535.084 102.448 0.09575133 2.46293e-05
1760475535.092 102.493 0.09575133 2.82046e-05
1760475535.102 102.537 0.09578020 3.34974e-05
1760475535.112 102.582 0.09584538 4.07642e-05
1760475535.122 102.627 0.09589473 4.92775e-05
1760475535.132 102.671 0.09596270 5.68412e-05
1760475535.142 102.716 0.09601671 6.50695e-05
1760475535.152 102.760 0.09606792 7.46058e-05
1760475535.162 102.805 0.09609213 8.48468e-05
1760475535.172 102.849 0.09612845 9.49149e-05
1760475535.182 102.893 0.09616290 1.02679e-04
1760475535.212 102.938 0.09630722 1.25446e-04
1760475535.218 102.982 0.09632212 1.27555e-04
1760475535.224 103.027 0.09635937 1.29495e-04
1760475535.232 103.071 0.09635937 1.31953e-04
1760475535.242 103.115 0.09638637 1.30864e-04
1760475535.252 103.160 0.09642175 1.31457e-04
1760475535.262 103.204 0.09646179 1.27507e-04
1760475535.272 103.248 0.09648134 1.24874e-04
1760475535.282 103.293 0.09652324 1.18910e-04
1760475535.292 103.337 0.09655956 1.14159e-04
1760475535.302 103.381 0.09658656 1.06588e-04
1760475535.312 103.425 0.09661077 9.94435e-05
1760475535.323 103.469 0.09663126 9.16263e-05
1760475535.333 103.514 0.09662846 8.20154e-05
1760475535.343 103.558 0.09669737 7.47870e-05
1760475535.353 103.602 0.09672344 6.62366e-05
1760475535.362 103.646 0.09675882 5.78171e-05
1760475535.372 103.690 0.09678583 5.06222e-05
1760475535.382 103.734 0.09682679 4.48609e-05
1760475535.392 103.778 0.09686125 3.83259e-05
1760475535.402 103.822 0.09691991 3.28599e-05
1760475535.412 103.866 0.09697112 2.70063e-05
1760475535.422 103.910 0.09700278 2.16893e-05
1760475535.432 103.954 0.09703816 1.65143e-05
1760475535.442 103.998 0.09703165 1.29318e-05
1760475535.452 104.042 0.09707541 9.03417e-06
1760475535.462 104.086 0.09714059 6.66457e-06
1760475535.472 104.130 0.09720390 4.90268e-06
1760475535.482 104.174 0.09722067 3.87324e-06
1760475535.492 104.218 0.09729515 3.19194e-06
1760475535.502 104.262 0.09734637 2.67457e-06
1760475535.512 104.305 0.09737430 2.34107e-06
1760475535.522 104.349 0.09740596 1.88094e-06
1760475535.532 104.393 0.09744228 1.52990e-06
1760475535.542 104.437 0.09750652 1.25605e-06
1760475535.552 104.481 0.09755960 1.02130e-06
1760475535.562 104.524 0.09760708 8.69667e-07
1760475535.572 104.568 0.09764154 7.32978e-07
1760475535.620 104.612 0.09784918 3.06446e-07
1760475535.629 104.655 0.09791808 8.73159e-08
1760475535.635 104.699 0.09797209 1.32836e-07
1760475535.642 104.743 0.09797209 9.27485e-08
1760475535.652 104.786 0.09800934 3.70445e-08
1760475535.662 104.830 0.09805496 6.31918e-08
1760475535.710 104.874 0.09820487 -1.26900e-10
1760475535.760 104.917 0.09836503 -2.29120e-09
1760475535.810 104.961 0.09848235 -1.76290e-09
1760475535.860 105.004 0.09860247 4.43200e-10
1760475535.867 105.048 0.09860340 2.33765e-08
1760475535.874 105.091 0.09863878 6.65882e-08
1760475535.922 105.135 0.09864530 5.71623e-08
1760475536.004 105.178 0.09870117 6.55560e-08
1760475536.012 105.222 0.09870117 4.09240e-09
1760475536.022 105.265 0.09871886 8.13269e-08
1760475536.070 105.309 0.09879801 7.69340e-08
1760475536.077 105.352 0.09879894 6.66980e-09
1760475536.083 105.395 0.09882594 2.63687e-08
1760475536.092 105.439 0.09882594 7.35691e-08
1760475536.102 105.482 0.09885015 2.02819e-08
1760475536.112 105.525 0.09886691 5.86776e-08
1760475536.122 105.569 0.09887064 6.91425e-08
1760475536.214 105.612 0.09904383 -3.40750e-09
1760475536.222 105.655 0.09904383 2.69571e-08
1760475536.232 105.699 0.09903079 -1.30631e-08
1760475536.242 105.742 0.09909225 2.57400e-08
1760475536.291 105.785 0.09921702 1.62240e-09
1760475536.297 105.828 0.09924402 -4.62912e-08
1760475536.345 105.871 0.09937996 -8.53312e-08
1760475536.352 105.915 0.09937996 -9.12860e-09
1760475536.362 105.958 0.09939393 -3.59425e-08
1760475536.372 106.001 0.09939021 -1.41482e-08
1760475536.382 106.044 0.09941162 -9.79036e-08
1760475536.413 106.087 0.09944328 -8.41392e-08
1760475536.422 106.130 0.09944328 -2.81859e-08
1760475536.432 106.173 0.09945725 -1.06488e-07
1760475536.442 106.216 0.09948332 -5.36341e-08
1760475536.452 106.259 0.09950753 -9.68503e-08
1760475536.462 106.302 0.09954571 -6.30650e-08
1760475536.472 106.345 0.09956154 -3.13683e-08
1760475536.482 106.388 0.09955595 -9.89533e-08
1760475536.492 106.431 0.09955223 -5.48212e-08
1760475536.502 106.474 0.09956247 -9.68218e-08
1760475536.511 106.517 0.09960716 -5.85557e-08
1760475536.522 106.560 0.09963044 -4.56696e-08
1760475536.531 106.603 0.09964534 -1.07281e-07
1760475536.541 106.646 0.09965651 -4.40072e-08
1760475536.551 106.689 0.09965651 -8.85138e-08
1760475536.561 106.732 0.09968072 -4.09581e-08
1760475536.571 106.774 0.09974777 -4.10484e-08
1760475536.581 106.817 0.09980177 -9.73595e-08
1760475536.629 106.860 0.09993864 -4.73465e-08
1760475536.680 106.903 0.10011184 -2.95226e-08
1760475536.687 106.946 0.10018446 1.51525e-08
1760475536.763 106.988 0.10043122 -1.03947e-08
1760475536.772 107.031 0.10043122 -2.59117e-09
1760475536.782 107.074 0.10049733 -1.19793e-08
1760475536.792 107.116 0.10052805 6.91220e-10
1760475536.802 107.159 0.10056530 -1.56444e-08
1760475536.811 107.202 0.10056250 5.15892e-09
1760475536.821 107.244 0.10056530 -1.26584e-08
1760475536.831 107.287 0.10060161 -7.25238e-09
1760475536.841 107.330 0.10059509 8.54270e-09
1760475536.851 107.372 0.10061371 -9.26624e-09
1760475536.861 107.415 0.10061371 8.83251e-09
1760475536.871 107.457 0.10063978 -1.15872e-08
1760475536.881 107.500 0.10063792 -6.00931e-09
1760475536.891 107.542 0.10065935 2.87194e-09
1760475536.901 107.585 0.10063328 -1.04907e-08
1760475536.911 107.627 0.10065655 9.03061e-09
1760475536.921 107.670 0.10064073 -1.08393e-08
1760475536.931 107.712 0.10062861 -6.82613e-09
1760475536.941 107.755 0.10065935 6.72585e-09
1760475536.951 107.797 0.10068914 -7.81973e-09
1760475536.961 107.839 0.10071708 1.05059e-08
1760475536.971 107.882 0.10074966 -1.00560e-08
1760475536.981 107.924 0.10077015 -3.89452e-09
1760475536.991 107.967 0.10079622 5.05123e-09
1760475537.001 108.009 0.10080646 -8.38270e-09
1760475537.011 108.051 0.10084929 1.11591e-08
1760475537.021 108.093 0.10088654 -8.86126e-09
1760475537.031 108.136 0.10095638 -1.69205e-09
1760475537.041 108.178 0.10097127 9.40863e-09
1760475537.051 108.220 0.10100852 -4.44659e-09
1760475537.061 108.263 0.10109326 1.40084e-08
1760475537.071 108.305 0.10112119 -3.83253e-09
1760475537.081 108.347 0.10113050 2.32733e-09
1760475537.091 108.389 0.10116774 1.27320e-08
1760475537.101 108.431 0.10125527 9.11330e-10
1760475537.115 108.473 0.10132883 -4.22020e-09
1760475537.121 108.516 0.10132883 5.31359e-08
1760475537.131 108.558 0.10140984 -1.97034e-08
1760475537.141 108.600 0.10147595 5.87649e-08
1760475537.151 108.642 0.10150760 2.30312e-08
1760475537.161 108.684 0.10153741 7.39672e-08
1760475537.171 108.726 0.10160817 6.68602e-08
1760475537.181 108.768 0.10164448 3.38273e-08
1760475537.191 108.810 0.10165752 1.05134e-07
1760475537.201 108.852 0.10170035 8.71310e-08
1760475537.211 108.894 0.10177205 1.35913e-07
1760475537.221 108.936 0.10178788 1.40577e-07
1760475537.231 108.978 0.10183909 9.00676e-08
1760475537.241 109.020 0.10187633 1.67934e-07
1760475537.251 109.062 0.10190613 1.41578e-07
1760475537.261 109.104 0.10197132 1.95339e-07
1760475537.291 109.146 0.10211564 1.90128e-07
1760475537.305 109.188 0.10214822 2.43050e-07
1760475537.313 109.229 0.10220131 2.00448e-07
1760475537.321 109.271 0.10220131 2.52618e-07
1760475537.331 109.313 0.10220410 1.80414e-07
1760475537.341 109.355 0.10226648 2.39615e-07
1760475537.351 109.397 0.10229721 1.96239e-07
1760475537.361 109.438 0.10232607 2.45006e-07
1760475537.371 109.480 0.10239404 2.45824e-07
1760475537.381 109.522 0.10241266 1.95475e-07
1760475537.391 109.564 0.10239778 2.25367e-07
1760475537.401 109.605 0.10244154 1.76769e-07
1760475537.411 109.647 0.10248157 2.16841e-07
1760475537.423 109.689 0.10255792 2.03350e-07
1760475537.431 109.730 0.10260820 1.48717e-07
1760475537.441 109.772 0.10260820 1.84510e-07
1760475537.451 109.814 0.10263056 1.35548e-07
1760475537.461 109.855 0.10267898 1.66609e-07
1760475537.471 109.897 0.10272739 1.28282e-07
1760475537.481 109.939 0.10271343 8.08643e-08
1760475537.491 109.980 0.10274601 1.40125e-07
1760475537.501 110.022 0.10278140 8.59962e-08
