1752128982.268 33.800 0.02789492 2.43132e-08
1752128982.275 33.935 0.02791168 5.61691e-08
1752128982.281 34.070 0.02788188 -4.10560e-09
1752128982.330 34.204 0.02787909 -6.13570e-09
1752128982.380 34.337 0.02787909 -7.52940e-09
1752128982.430 34.470 0.02792844 -6.98330e-09
1752128982.481 34.602 0.02806160 -6.46490e-09
1752128982.531 34.734 0.02824130 -1.16875e-08
1752128982.598 34.866 0.02846757 -7.21500e-10
1752128982.649 34.997 0.02857744 1.64340e-09
1752128982.656 35.127 0.02858210 7.98418e-08
1752128982.662 35.257 0.02859420 4.21748e-08
1752128982.671 35.386 0.02859420 1.49223e-08
1752128982.681 35.515 0.02862493 7.31763e-08
1752128982.746 35.644 0.02869383 -9.14060e-09
1752128982.821 35.772 0.02888565 1.78115e-06
1752128982.830 35.899 0.02888565 2.58237e-06
1752128982.840 36.026 0.02889962 3.36190e-06
1752128982.850 36.153 0.02894804 4.38240e-06
1752128982.860 36.279 0.02898342 5.65372e-06
1752128982.870 36.405 0.02901694 6.99406e-06
1752128982.880 36.530 0.02907467 8.84774e-06
1752128982.890 36.655 0.02909050 9.95063e-06
1752128982.900 36.780 0.02916778 1.00219e-05
1752128982.910 36.904 0.02920596 1.05777e-05
1752128982.920 37.028 0.02925345 1.09641e-05
1752128982.930 37.151 0.02930838 1.05621e-05
1752128982.940 37.274 0.02931304 8.79855e-06
1752128982.950 37.396 0.02936984 7.13095e-06
1752128982.960 37.518 0.02939591 5.90039e-06
1752128982.970 37.640 0.02943688 4.13185e-06
1752128982.980 37.761 0.02947971 2.23868e-06
1752128982.990 37.882 0.02949368 9.78283e-07
1752128983.000 38.002 0.02957003 5.04094e-07
1752128983.010 38.123 0.02960635 3.51045e-07
1752128983.020 38.242 0.02967060 1.18810e-07
1752128983.030 38.362 0.02973391 1.16271e-07
1752128983.040 38.481 0.02977395 2.18431e-08
1752128983.050 38.599 0.02986241 6.38300e-09
1752128983.060 38.718 0.02991734 7.81512e-08
1752128983.108 38.835 0.03038198 5.39079e-08
1752128983.158 38.953 0.03090342 6.35964e-08
1752128983.208 39.070 0.03143603 5.64284e-08
1752128983.258 39.187 0.03183083 5.18399e-08
1752128983.447 39.303 0.03194349 -7.98230e-09
1752128983.495 39.420 0.03192766 4.90350e-08
1752128983.545 39.535 0.03193604 4.17895e-08
1752128983.596 39.651 0.03199843 3.78682e-08
1752128983.646 39.766 0.03206454 2.09946e-08
1752128983.697 39.881 0.03217814 1.89431e-08
1752128983.746 39.995 0.03227405 1.14773e-08
1752128983.796 40.109 0.03237182 -2.83510e-09
1752128983.846 40.223 0.03244537 -6.83780e-09
1752128983.896 40.337 0.03254314 -1.06490e-08
1752128983.947 40.450 0.03263347 -1.65003e-08
1752128984.033 40.563 0.03275172 1.71275e-08
1752128984.039 40.675 0.03275172 7.60884e-08
1752128984.050 40.787 0.03280479 -5.10630e-09
1752128984.059 40.899 0.03281690 5.75436e-08
1752128984.070 41.011 0.03282714 2.51488e-08
1752128984.080 41.122 0.03284576 7.06910e-08
1752128984.130 41.233 0.03292491 -1.64559e-08
1752128984.180 41.344 0.03303292 -1.27970e-08
1752128984.248 41.454 0.03327222 6.78400e-09
1752128984.255 41.565 0.03328898 7.54679e-08
1752128984.261 41.674 0.03332902 4.84273e-08
1752128984.269 41.784 0.03332902 1.83938e-08
1752128984.279 41.893 0.03339327 5.50397e-08
1752128984.327 42.002 0.03358881 7.54934e-08
1752128984.378 42.111 0.03372568 7.41747e-08
1752128984.427 42.219 0.03389329 7.39622e-08
1752128984.478 42.327 0.03403761 7.26987e-08
1752128984.528 42.435 0.03419218 7.17669e-08
1752128984.598 42.543 0.03431882 -8.81000e-11
1752128984.605 42.650 0.03432254 8.26866e-08
1752128984.611 42.757 0.03435048 4.84161e-08
1752128984.619 42.864 0.03435048 1.40010e-08
1752128984.629 42.971 0.03437841 5.02227e-08
1752128984.677 43.077 0.03445476 7.06165e-08
1752128984.728 43.183 0.03450411 6.99502e-08
1752128984.734 43.289 0.03450411 7.22960e-09
1752128984.740 43.394 0.03454788 4.79585e-08
1752128984.749 43.499 0.03454788 -1.51133e-08
1752128984.759 43.604 0.03457022 8.05042e-08
1752128984.769 43.709 0.03459723 2.05875e-08
1752128984.779 43.813 0.03463354 4.80805e-08
1752128984.827 43.918 0.03482256 6.54685e-08
1752128984.834 44.022 0.03484118 1.30926e-08
1752128984.841 44.125 0.03490450 4.65875e-08
1752128984.889 44.229 0.03507117 6.41889e-08
1752128984.894 44.332 0.03514846 3.33220e-08
1752128984.941 44.435 0.03544735 5.76861e-08
1752128984.992 44.538 0.03572576 5.69180e-08
1752128985.042 44.640 0.03595482 5.80774e-08
1752128985.092 44.743 0.03610939 6.10850e-08
1752128985.165 44.845 0.03618667 1.03547e-08
1752128985.215 44.947 0.03622206 3.67610e-09
1752128985.221 45.048 0.03623695 8.33347e-08
1752128985.229 45.149 0.03623695 3.57684e-08
1752128985.239 45.251 0.03620529 7.24120e-09
1752128985.249 45.352 0.03623044 4.76103e-08
1752128985.259 45.452 0.03623975 7.21464e-08
1752128985.306 45.553 0.03626582 5.80888e-08
1752128985.313 45.653 0.03630586 -1.64440e-08
1752128985.362 45.753 0.03641480 4.51553e-08
1752128985.369 45.853 0.03641480 7.52960e-09
1752128985.379 45.952 0.03646136 6.30291e-08
1752128985.427 46.052 0.03664945 6.43539e-08
1752128985.434 46.151 0.03669693 1.30442e-08
1752128985.441 46.250 0.03675653 4.22847e-08
1752128985.489 46.349 0.03698652 6.75522e-08
1752128985.499 46.447 0.03698652 1.41800e-09
1752128985.509 46.545 0.03701352 5.27903e-08
1752128985.558 46.644 0.03723606 4.37350e-08
1752128985.608 46.741 0.03743905 4.43914e-08
1752128985.700 46.839 0.03774446 1.88040e-08
1752128985.708 46.937 0.03774446 4.09230e-08
1752128985.756 47.034 0.03782919 5.53919e-08
1752128985.763 47.131 0.03786364 -8.72450e-09
1752128985.811 47.228 0.03792789 6.05600e-08
1752128985.861 47.325 0.03794838 4.90976e-08
1752128985.869 47.421 0.03794838 1.09811e-08
1752128985.879 47.517 0.03797259 6.17846e-08
1752128985.927 47.614 0.03805173 7.02758e-08
1752128985.977 47.709 0.03817744 6.95521e-08
1752128986.028 47.805 0.03832828 6.15921e-08
1752128986.077 47.901 0.03846888 6.72975e-08
1752128986.128 47.996 0.03858993 6.12894e-08
1752128986.178 48.091 0.03869143 4.99219e-08
1752128986.240 48.186 0.03877057 5.19471e-08
1752128986.290 48.281 0.03883761 5.02881e-08
1752128986.341 48.376 0.03891024 4.94850e-08
1752128986.391 48.470 0.03897449 4.91368e-08
1752128986.441 48.564 0.03905084 4.91107e-08
1752128986.491 48.658 0.03911509 5.63777e-08
1752128986.541 48.752 0.03919982 4.94625e-08
1752128986.591 48.846 0.03927618 4.93606e-08
1752128986.641 48.939 0.03935439 4.98587e-08
1752128986.691 49.033 0.03943168 5.10438e-08
1752128986.741 49.126 0.03950337 5.19926e-08
1752128986.792 49.219 0.03957600 8.42855e-08
1752128986.840 49.311 0.03964584 4.29990e-08
1752128986.891 49.404 0.03971753 4.16214e-08
1752128986.941 49.497 0.03982182 4.15304e-08
1752128986.991 49.589 0.03986745 4.11724e-08
1752128987.058 49.681 0.03996056 6.11877e-08
1752128987.108 49.773 0.04004809 6.59776e-08
1752128987.159 49.865 0.04011420 6.92412e-08
1752128987.209 49.956 0.04019241 6.93634e-08
1752128987.259 50.048 0.04023525 7.05053e-08
1752128987.342 50.139 0.04036095 5.69048e-08
1752128987.390 50.230 0.04043171 4.24256e-08
1752128987.440 50.321 0.04049689 4.23984e-08
1752128987.491 50.412 0.04056394 4.27577e-08
1752128987.541 50.502 0.04062818 4.36876e-08
1752128987.591 50.593 0.04067660 5.36738e-08
1752128987.643 50.683 0.04075202 1.62867e-07
1752128987.653 50.773 0.04074085 1.74839e-07
1752128987.663 50.863 0.04077716 1.61258e-07
1752128987.670 50.953 0.04079299 2.87948e-07
1752128987.678 51.042 0.04079299 2.77606e-07
1752128987.687 51.132 0.04078927 2.60789e-07
1752128987.698 51.221 0.04083024 2.98101e-07
1752128987.708 51.310 0.04082838 3.99578e-07
1752128987.718 51.399 0.04085910 4.07000e-07
1752128987.728 51.488 0.04084979 5.21539e-07
1752128987.738 51.577 0.04085445 4.97370e-07
1752128987.748 51.666 0.04089356 5.65210e-07
1752128987.758 51.754 0.04087773 7.17820e-07
1752128987.768 51.842 0.04092708 7.58840e-07
1752128987.778 51.930 0.04095129 8.84234e-07
1752128987.788 52.018 0.04097270 9.91464e-07
1752128987.798 52.106 0.04101367 1.15577e-06
1752128987.808 52.194 0.04101647 1.41303e-06
1752128987.817 52.281 0.04105930 1.64456e-06
1752128987.828 52.369 0.04108816 1.92900e-06
1752128987.838 52.456 0.04113845 2.45567e-06
1752128987.847 52.543 0.04120642 2.84038e-06
1752128987.895 52.630 0.04153418 7.03010e-06
1752128987.901 52.717 0.04157142 7.12948e-06
1752128987.907 52.803 0.04157142 6.60123e-06
1752128987.917 52.890 0.04167012 5.63534e-06
1752128987.927 52.976 0.04175486 3.16581e-06
1752128987.937 53.062 0.04182655 8.99951e-07
1752128987.947 53.148 0.04193456 4.66318e-07
1752128987.957 53.234 0.04200533 1.40482e-07
1752128987.967 53.320 0.04212731 4.15625e-08
1752128987.977 53.406 0.04219249 6.76030e-08
1752128987.987 53.491 0.04225394 1.72023e-08
1752128987.997 53.577 0.04234799 7.39980e-08
1752128988.045 53.662 0.04269996 1.89470e-09
1752128988.095 53.747 0.04299140 2.17010e-09
1752128988.145 53.832 0.04320929 7.21100e-10
1752128988.195 53.917 0.04336199 -6.07180e-09
1752128988.245 54.002 0.04345697 -2.88200e-09
1752128988.295 54.086 0.04349328 2.46116e-08
1752128988.302 54.171 0.04348397 6.14822e-08
1752128988.309 54.255 0.04351935 1.21645e-07
1752128988.317 54.339 0.04351935 1.07098e-07
1752128988.327 54.423 0.04351191 1.79880e-07
1752128988.337 54.507 0.04350911 1.76837e-07
1752128988.347 54.591 0.04353518 2.28679e-07
1752128988.357 54.675 0.04352587 4.18144e-07
1752128988.367 54.758 0.04354357 3.89013e-07
1752128988.377 54.842 0.04356498 4.91433e-07
1752128988.387 54.925 0.04354729 5.48879e-07
1752128988.397 55.008 0.04358267 6.98738e-07
1752128988.426 55.091 0.04361712 7.99354e-07
1752128988.450 55.174 0.04370372 1.44564e-06
1752128988.457 55.257 0.04370372 1.59967e-06
1752128988.467 55.340 0.04375866 1.77434e-06
1752128988.477 55.422 0.04376145 2.35189e-06
1752128988.487 55.505 0.04379032 2.55721e-06
1752128988.497 55.587 0.04385829 3.26172e-06
1752128988.507 55.669 0.04388436 4.16805e-06
1752128988.517 55.751 0.04395978 5.30286e-06
1752128988.527 55.833 0.04401006 7.03444e-06
1752128988.537 55.915 0.04407152 8.71728e-06
1752128988.547 55.997 0.04415811 1.12016e-05
1752128988.557 56.078 0.04419629 1.63293e-05
1752128988.567 56.160 0.04427544 2.66499e-05
1752128988.577 56.241 0.04433968 3.24594e-05
1752128988.587 56.322 0.04440579 3.34965e-05
1752128988.597 56.403 0.04448960 3.11292e-05
1752128988.607 56.484 0.04454174 2.71177e-05
1752128988.617 56.565 0.04461437 2.12159e-05
1752128988.627 56.646 0.04467210 7.97953e-06
1752128988.637 56.727 0.04472797 3.10908e-06
1752128988.647 56.807 0.04481084 2.51536e-06
1752128988.657 56.888 0.04486764 2.90401e-06
1752128988.667 56.968 0.04494120 2.74454e-06
1752128988.677 57.048 0.04499055 2.50724e-06
1752128988.687 57.128 0.04505386 2.11271e-06
1752128988.697 57.208 0.04512463 1.28400e-06
1752128988.707 57.288 0.04518236 5.19573e-07
1752128988.717 57.368 0.04525034 1.82405e-07
1752128988.727 57.447 0.04531272 1.75892e-07
1752128988.737 57.527 0.04538907 1.51400e-07
1752128988.747 57.606 0.04546263 1.79663e-07
1752128988.757 57.686 0.04549057 3.18634e-07
1752128988.767 57.765 0.04558275 2.32971e-07
1752128988.777 57.844 0.04563489 2.73055e-07
1752128988.787 57.923 0.04569355 2.13215e-07
1752128988.797 58.002 0.04578015 2.24097e-07
1752128988.807 58.080 0.04581646 1.17463e-07
1752128988.817 58.159 0.04588164 2.59704e-08
1752128988.827 58.238 0.04594962 8.11769e-08
1752128988.837 58.316 0.04600548 5.10976e-08
1752128988.847 58.394 0.04609860 1.01345e-07
1752128988.857 58.473 0.04612746 6.98825e-08
1752128988.867 58.551 0.04620568 1.01131e-08
1752128988.877 58.629 0.04626434 7.91585e-08
1752128988.887 58.707 0.04632952 4.16970e-08
1752128988.897 58.785 0.04640680 9.86800e-08
1752128988.907 58.862 0.04645243 7.54483e-08
1752128988.917 58.940 0.04652692 1.12863e-08
1752128988.927 59.017 0.04656882 7.22447e-08
1752128988.937 59.095 0.04662748 4.25133e-08
1752128988.947 59.172 0.04672618 9.67275e-08
1752128988.977 59.249 0.04693662 6.95293e-08
1752128988.986 59.326 0.04693662 6.62752e-08
1752128988.996 59.403 0.04701390 1.39313e-07
1752128989.006 59.480 0.04706698 1.45482e-07
1752128989.016 59.557 0.04714333 1.11832e-07
1752128989.026 59.634 0.04720199 3.01899e-07
1752128989.036 59.710 0.04725972 7.14999e-07
1752128989.046 59.787 0.04732769 3.07840e-06
1752128989.056 59.863 0.04738170 4.43135e-06
1752128989.066 59.940 0.04745340 8.10488e-06
1752128989.076 60.016 0.04749344 1.18258e-05
1752128989.086 60.092 0.04753999 1.64244e-05
1752128989.096 60.168 0.04761821 2.55068e-05
1752128989.106 60.244 0.04765359 3.58950e-05
1752128989.116 60.320 0.04773553 5.09338e-05
1752128989.126 60.396 0.04778674 7.24867e-05
1752128989.136 60.471 0.04781375 1.02247e-04
1752128989.146 60.547 0.04788917 1.48977e-04
1752128989.156 60.622 0.04792176 2.09966e-04
1752128989.166 60.698 0.04799811 2.48402e-04
1752128989.176 60.773 0.04803722 2.36509e-04
1752128989.186 60.848 0.04805677 2.21187e-04
1752128989.196 60.923 0.04815361 1.91920e-04
1752128989.206 60.998 0.04818713 1.42373e-04
1752128989.216 61.073 0.04823741 9.27086e-05
1752128989.226 61.148 0.04828211 3.12510e-05
1752128989.236 61.222 0.04833798 4.47767e-06
1752128989.246 61.297 0.04841433 2.39628e-06
1752128989.256 61.372 0.04844226 1.45208e-06
1752128989.266 61.446 0.04850651 1.07277e-06
1752128989.276 61.520 0.04856145 1.00599e-06
1752128989.286 61.595 0.04861452 9.53502e-07
1752128989.296 61.669 0.04870112 1.03558e-06
1752128989.306 61.743 0.04872719 1.28408e-06
1752128989.316 61.817 0.04881378 1.59719e-06
1752128989.326 61.891 0.04887151 2.57402e-06
1752128989.336 61.965 0.04892552 3.31450e-06
1752128989.346 62.038 0.04899815 4.89057e-06
1752128989.356 62.112 0.04904750 7.30186e-06
1752128989.366 62.186 0.04912199 1.10983e-05
1752128989.376 62.259 0.04917972 1.54082e-05
1752128989.386 62.332 0.04922535 1.71430e-05
1752128989.396 62.406 0.04932311 1.57554e-05
1752128989.406 62.479 0.04937619 1.44078e-05
1752128989.416 62.552 0.04945534 1.10594e-05
1752128989.426 62.625 0.04950003 6.52695e-06
1752128989.436 62.698 0.04955962 1.79366e-06
1752128989.446 62.771 0.04964901 4.00493e-07
1752128989.456 62.844 0.04967322 3.13731e-07
1752128989.466 62.916 0.04976261 1.87658e-07
1752128989.476 62.989 0.04981103 2.10113e-07
1752128989.515 63.062 0.05007268 1.39723e-07
1752128989.521 63.134 0.05012668 2.08541e-07
1752128989.530 63.206 0.05016766 1.71382e-07
1752128989.537 63.279 0.05023283 2.58501e-07
1752128989.546 63.351 0.05023283 2.16094e-07
1752128989.557 63.423 0.05035388 2.42345e-07
1752128989.566 63.495 0.05035388 1.98868e-07
1752128989.576 63.567 0.05039392 2.66234e-07
1752128989.586 63.639 0.05044979 2.09092e-07
1752128989.596 63.711 0.05052335 2.95077e-07
1752128989.606 63.782 0.05055407 3.27419e-07
1752128989.616 63.854 0.05061274 3.75705e-07
1752128989.626 63.926 0.05065184 5.75659e-07
1752128989.636 63.997 0.05070212 7.30349e-07
1752128989.646 64.068 0.05076824 1.12404e-06
1752128989.656 64.140 0.05079338 1.58577e-06
1752128989.666 64.211 0.05085856 1.98981e-06
1752128989.676 64.282 0.05091442 2.44790e-06
1752128989.686 64.353 0.05094795 2.33231e-06
1752128989.696 64.424 0.05100381 2.24589e-06
1752128989.706 64.495 0.05102803 2.17822e-06
1752128989.716 64.566 0.05108389 1.78895e-06
1752128989.726 64.637 0.05112020 1.43203e-06
1752128989.736 64.707 0.05115931 9.19058e-07
1752128989.746 64.778 0.05122821 4.68524e-07
1752128989.756 64.849 0.05124591 1.88458e-07
1752128989.766 64.919 0.05132226 1.02849e-07
1752128989.776 64.989 0.05138744 1.72331e-07
1752128989.786 65.060 0.05142282 1.42899e-07
1752128989.796 65.130 0.05149266 1.41959e-07
1752128989.807 65.200 0.05159415 2.51926e-07
1752128989.818 65.270 0.05165095 2.56580e-07
1752128989.826 65.340 0.05165095 2.74418e-07
1752128989.836 65.410 0.05168633 2.43880e-07
1752128989.846 65.480 0.05175896 5.13999e-07
1752128989.856 65.550 0.05183066 1.18187e-06
1752128989.866 65.619 0.05191167 2.63441e-06
1752128989.876 65.689 0.05196847 3.95885e-06
1752128989.886 65.759 0.05201782 6.31097e-06
1752128989.896 65.828 0.05207648 1.04718e-05
1752128989.906 65.897 0.05212117 1.59323e-05
1752128989.916 65.967 0.05220963 2.79624e-05
1752128989.926 66.036 0.05225805 3.82282e-05
1752128989.936 66.105 0.05231392 6.23622e-05
1752128989.946 66.174 0.05239307 9.51870e-05
1752128989.956 66.243 0.05242752 1.45016e-04
1752128989.966 66.312 0.05251225 2.44139e-04
1752128989.976 66.381 0.05257185 2.95447e-04
1752128989.986 66.450 0.05261840 3.38788e-04
1752128989.996 66.519 0.05269009 3.52887e-04
1752128990.006 66.588 0.05272641 3.21688e-04
1752128990.016 66.656 0.05281115 2.74883e-04
1752128990.046 66.725 0.05296851 2.29995e-04
1752128990.076 66.793 0.05311283 1.27654e-06
1752128990.082 66.862 0.05317243 6.43222e-07
1752128990.088 66.930 0.05323853 4.37381e-07
1752128990.096 66.998 0.05323853 2.53428e-07
1752128990.106 67.066 0.05327299 2.49166e-07
1752128990.116 67.135 0.05334468 1.76941e-07
1752128990.126 67.203 0.05337914 2.16122e-07
1752128990.139 67.271 0.05349646 2.33422e-07
1752128990.151 67.339 0.05351508 2.99107e-07
1752128990.157 67.406 0.05359423 3.13329e-07
1752128990.166 67.474 0.05359423 2.68646e-07
1752128990.176 67.542 0.05363147 3.77450e-07
1752128990.186 67.610 0.05366686 3.91937e-07
1752128990.237 67.677 0.05391640 4.72296e-07
1752128990.246 67.745 0.05391640 3.69113e-07
1752128990.256 67.812 0.05393875 4.30813e-07
1752128990.266 67.879 0.05400859 3.26348e-07
1752128990.276 67.947 0.05403838 4.15825e-07
1752128990.286 68.014 0.05406818 4.35613e-07
1752128990.296 68.081 0.05412312 5.38917e-07
1752128990.306 68.148 0.05414174 5.78611e-07
1752128990.316 68.215 0.05419667 5.17434e-07
1752128990.326 68.282 0.05424416 5.77169e-07
1752128990.336 68.349 0.05427582 5.97188e-07
1752128990.346 68.416 0.05434752 6.42814e-07
1752128990.356 68.483 0.05436242 7.72788e-07
1752128990.366 68.550 0.05441363 7.29248e-07
1752128990.376 68.616 0.05445553 9.71735e-07
1752128990.386 68.683 0.05449929 1.02828e-06
1752128990.396 68.749 0.05453747 1.36507e-06
1752128990.406 68.816 0.05457937 1.64788e-06
1752128990.416 68.882 0.05464175 2.03271e-06
1752128990.426 68.949 0.05466689 3.41023e-06
1752128990.436 69.015 0.05468831 4.39579e-06
1752128990.446 69.081 0.05475163 6.54684e-06
1752128990.456 69.147 0.05476839 8.30908e-06
1752128990.466 69.213 0.05482891 1.12625e-05
1752128990.476 69.279 0.05488105 1.62626e-05
1752128990.486 69.345 0.05492017 2.04142e-05
1752128990.496 69.411 0.05497696 2.52964e-05
1752128990.506 69.477 0.05499000 2.62488e-05
1752128990.516 69.543 0.05506728 2.53435e-05
1752128990.526 69.608 0.05511384 2.56580e-05
1752128990.536 69.674 0.05516785 2.34094e-05
1752128990.546 69.740 0.05523675 2.03737e-05
1752128990.556 69.805 0.05527865 1.52774e-05
1752128990.566 69.871 0.05535035 1.06113e-05
1752128990.617 69.936 0.05569208 5.67633e-07
1752128990.626 70.001 0.05569208 6.77680e-07
1752128990.636 70.067 0.05575539 8.56863e-07
1752128990.646 70.132 0.05580847 1.12947e-06
1752128990.656 70.197 0.05584943 1.25377e-06
1752128990.666 70.262 0.05593417 1.32120e-06
1752128990.676 70.327 0.05598817 1.57963e-06
1752128990.686 70.392 0.05603380 1.69098e-06
1752128990.696 70.457 0.05611481 1.91408e-06
1752128990.706 70.522 0.05613995 1.83575e-06
1752128990.716 70.587 0.05621071 1.52604e-06
1752128990.726 70.651 0.05622469 1.46281e-06
1752128990.736 70.716 0.05627124 1.28158e-06
1752128990.746 70.781 0.05632524 1.13885e-06
1752128990.755 70.845 0.05633642 9.61292e-07
1752128990.766 70.910 0.05639880 6.81540e-07
1752128990.775 70.974 0.05642581 5.70416e-07
1752128990.785 71.039 0.05644350 3.50495e-07
1752128990.795 71.103 0.05649751 3.07768e-07
1752128990.805 71.167 0.05651240 2.57445e-07
1752128990.815 71.231 0.05655244 1.69459e-07
1752128990.825 71.296 0.05658410 2.27991e-07
1752128990.835 71.360 0.05660179 1.88920e-07
1752128990.845 71.424 0.05665115 2.44127e-07
1752128990.856 71.488 0.05671632 2.31236e-07
1752128990.865 71.552 0.05671632 1.85867e-07
1752128990.875 71.615 0.05676288 2.32922e-07
1752128990.885 71.679 0.05679547 1.85884e-07
1752128990.895 71.743 0.05685227 2.30308e-07
1752128990.906 71.807 0.05696214 2.15339e-07
1752128990.915 71.870 0.05696214 1.71969e-07
1752128990.925 71.934 0.05698635 2.34263e-07
1752128990.935 71.997 0.05703756 1.80025e-07
1752128990.945 72.061 0.05709995 1.65210e-07
1752128990.955 72.124 0.05713999 2.30985e-07
1752128990.965 72.188 0.05722007 2.12290e-07
1752128990.975 72.251 0.05725172 3.33441e-07
1752128990.985 72.314 0.05731597 3.38937e-07
1752128990.995 72.377 0.05739046 4.33176e-07
1752128991.005 72.440 0.05742399 4.57934e-07
1752128991.015 72.504 0.05749661 4.88778e-07
1752128991.025 72.567 0.05754690 6.73734e-07
1752128991.035 72.630 0.05760649 6.97601e-07
1752128991.045 72.692 0.05768191 7.58699e-07
1752128991.055 72.755 0.05772195 7.03686e-07
1752128991.065 72.818 0.05779365 6.78531e-07
1752128991.075 72.881 0.05784299 8.02806e-07
1752128991.085 72.944 0.05789328 7.84589e-07
1752128991.095 73.006 0.05796590 8.97402e-07
1752128991.105 73.069 0.05800315 1.00165e-06
1752128991.115 73.131 0.05807857 1.26337e-06
1752128991.167 73.194 0.05838864 1.33330e-05
1752128991.178 73.256 0.05841843 1.76704e-05
1752128991.186 73.319 0.05848455 3.69742e-05
1752128991.195 73.381 0.05848455 4.82527e-05
1752128991.205 73.443 0.05851434 6.73674e-05
1752128991.215 73.505 0.05858604 9.43993e-05
1752128991.225 73.568 0.05861118 1.30485e-04
1752128991.235 73.630 0.05865867 1.84553e-04
1752128991.245 73.692 0.05870895 2.60965e-04
1752128991.255 73.754 0.05872478 3.18335e-04
1752128991.265 73.816 0.05879461 3.76688e-04
1752128991.275 73.878 0.05881044 4.48125e-04
1752128991.285 73.940 0.05884862 4.77414e-04
1752128991.295 74.001 0.05890169 5.11279e-04
1752128991.305 74.063 0.05892032 5.07049e-04
1752128991.315 74.125 0.05897619 4.91085e-04
1752128991.325 74.186 0.05900505 4.89816e-04
1752128991.335 74.248 0.05902367 4.58764e-04
1752128991.345 74.310 0.05906464 4.15445e-04
1752128991.355 74.371 0.05908234 3.73107e-04
1752128991.365 74.432 0.05912889 3.20537e-04
1752128991.375 74.494 0.05915403 2.60978e-04
1752128991.385 74.555 0.05919221 2.15256e-04
1752128991.395 74.617 0.05923318 1.65306e-04
1752128991.405 74.678 0.05925366 1.24195e-04
1752128991.415 74.739 0.05930488 9.14845e-05
1752128991.425 74.800 0.05933002 6.62935e-05
1752128991.435 74.861 0.05936726 4.07408e-05
1752128991.445 74.922 0.05943337 2.84444e-05
1752128991.455 74.983 0.05945944 1.41329e-05
1752128991.465 75.044 0.05952834 6.86031e-06
1752128991.475 75.105 0.05958422 4.18873e-06
1752128991.485 75.166 0.05961867 2.56446e-06
1752128991.495 75.227 0.05967454 2.01318e-06
1752128991.505 75.287 0.05971085 1.62785e-06
1752128991.515 75.348 0.05980583 1.22617e-06
1752128991.525 75.409 0.05985052 1.07363e-06
1752128991.535 75.469 0.05988404 8.02578e-07
1752128991.545 75.530 0.05995667 7.12415e-07
1752128991.555 75.590 0.05999950 5.31629e-07
1752128991.565 75.651 0.06006282 3.91606e-07
1752128991.575 75.711 0.06011031 4.03128e-07
1752128991.585 75.772 0.06015686 3.32058e-07
1752128991.595 75.832 0.06022856 3.77380e-07
1752128991.605 75.892 0.06027605 3.18160e-07
1752128991.615 75.952 0.06034961 2.92920e-07
1752128991.625 76.013 0.06040082 4.17687e-07
1752128991.635 76.073 0.06045203 4.11087e-07
1752128991.645 76.133 0.06051442 5.74887e-07
1752128991.655 76.193 0.06053677 6.12756e-07
1752128991.665 76.253 0.06061777 6.46524e-07
1752128991.675 76.313 0.06065968 8.74960e-07
1752128991.722 76.373 0.06089432 1.03771e-06
1752128991.729 76.432 0.06094460 8.53157e-07
1752128991.736 76.492 0.06100513 9.21451e-07
1752128991.745 76.552 0.06100513 8.62623e-07
1752128991.755 76.612 0.06102282 7.74896e-07
1752128991.765 76.671 0.06109545 6.47037e-07
1752128991.775 76.731 0.06112897 6.39842e-07
1752128991.785 76.790 0.06117646 5.64242e-07
1752128991.795 76.850 0.06123325 5.49273e-07
1752128991.805 76.909 0.06124536 4.54835e-07
1752128991.815 76.969 0.06129844 3.83764e-07
1752128991.825 77.028 0.06133661 4.51171e-07
1752128991.835 77.087 0.06136268 4.03665e-07
1752128991.845 77.147 0.06141390 4.75878e-07
1752128991.855 77.206 0.06142879 4.30423e-07
1752128991.865 77.265 0.06148652 3.88343e-07
1752128991.875 77.324 0.06150607 5.20406e-07
1752128991.885 77.383 0.06154519 4.85461e-07
1752128991.895 77.442 0.06161315 5.53198e-07
1752128991.905 77.501 0.06161129 5.55778e-07
1752128991.915 77.560 0.06166065 5.05519e-07
1752128991.925 77.619 0.06170161 6.00252e-07
1752128991.935 77.678 0.06172490 6.17254e-07
1752128991.945 77.737 0.06177704 6.99953e-07
1752128991.955 77.796 0.06180031 6.59043e-07
1752128991.965 77.855 0.06186270 6.58574e-07
1752128991.975 77.913 0.06188691 8.13221e-07
1752128991.985 77.972 0.06192509 7.94958e-07
1752128991.995 78.031 0.06197537 9.08661e-07
1752128992.005 78.089 0.06199958 8.79440e-07
1752128992.015 78.148 0.06206848 8.63829e-07
1752128992.025 78.206 0.06210759 1.03398e-06
1752128992.035 78.265 0.06215135 1.01586e-06
1752128992.045 78.323 0.06221467 1.10574e-06
1752128992.055 78.381 0.06225098 1.10202e-06
1752128992.065 78.440 0.06232082 1.07200e-06
1752128992.075 78.498 0.06236086 1.16252e-06
1752128992.085 78.556 0.06239811 1.16581e-06
1752128992.095 78.614 0.06246608 1.21905e-06
1752128992.105 78.672 0.06252101 1.12669e-06
1752128992.115 78.730 0.06258898 1.10145e-06
1752128992.125 78.788 0.06261413 1.14406e-06
1752128992.135 78.846 0.06265696 1.08960e-06
1752128992.145 78.904 0.06274356 1.12235e-06
1752128992.155 78.962 0.06277707 1.01387e-06
1752128992.165 79.020 0.06283853 9.75203e-07
1752128992.175 79.078 0.06288416 1.23365e-06
1752128992.185 79.136 0.06292512 1.40945e-06
1752128992.195 79.194 0.06299496 1.87538e-06
1752128992.205 79.251 0.06301451 2.60759e-06
1752128992.215 79.309 0.06307504 2.98791e-06
1752128992.225 79.367 0.06312625 3.95394e-06
1752128992.274 79.424 0.06335996 7.75954e-06
1752128992.279 79.482 0.06340187 1.10396e-05
1752128992.285 79.539 0.06340187 1.16593e-05
1752128992.295 79.597 0.06345215 1.24190e-05
1752128992.305 79.654 0.06348846 1.30515e-05
1752128992.315 79.711 0.06355923 1.37073e-05
1752128992.325 79.769 0.06358250 1.50341e-05
1752128992.335 79.826 0.06361603 1.56614e-05
1752128992.345 79.883 0.06367469 1.62479e-05
1752128992.355 79.940 0.06370914 1.68094e-05
1752128992.365 79.998 0.06376222 1.74454e-05
1752128992.375 80.055 0.06378735 1.77291e-05
1752128992.385 80.112 0.06382087 1.78211e-05
1752128992.395 80.169 0.06386743 1.81979e-05
1752128992.405 80.226 0.06389350 1.80261e-05
1752128992.415 80.283 0.06394193 1.73828e-05
1752128992.425 80.340 0.06396707 1.75821e-05
1752128992.435 80.397 0.06400338 1.67753e-05
1752128992.445 80.454 0.06403876 1.57145e-05
1752128992.455 80.510 0.06405459 1.52192e-05
1752128992.465 80.567 0.06410394 1.42942e-05
1752128992.475 80.624 0.06412349 1.33161e-05
1752128992.485 80.680 0.06414863 1.25898e-05
1752128992.494 80.737 0.06419519 1.15600e-05
1752128992.504 80.794 0.06422778 1.07455e-05
1752128992.514 80.850 0.06427900 9.41309e-06
1752128992.524 80.907 0.06432090 8.55544e-06
1752128992.534 80.963 0.06436373 7.50414e-06
1752128992.544 81.020 0.06440749 6.16845e-06
1752128992.554 81.076 0.06444101 5.17443e-06
1752128992.564 81.132 0.06451737 4.42569e-06
1752128992.574 81.189 0.06451923 3.88559e-06
1752128992.584 81.245 0.06457416 3.45969e-06
1752128992.594 81.301 0.06464214 3.17772e-06
1752128992.604 81.358 0.06467100 2.79014e-06
1752128992.614 81.414 0.06475108 2.45048e-06
1752128992.624 81.470 0.06478646 2.28106e-06
1752128992.634 81.526 0.06483861 1.95652e-06
1752128992.644 81.582 0.06488609 1.80406e-06
1752128992.654 81.638 0.06490099 1.41564e-06
1752128992.664 81.694 0.06498573 1.27611e-06
1752128992.674 81.750 0.06502762 1.25210e-06
1752128992.684 81.806 0.06508908 9.65641e-07
1752128992.694 81.862 0.06513098 9.96746e-07
1752128992.704 81.918 0.06515892 8.13496e-07
1752128992.714 81.973 0.06525855 7.01448e-07
1752128992.724 82.029 0.06527997 8.95163e-07
1752128992.734 82.085 0.06533583 7.87960e-07
1752128992.744 82.140 0.06537960 8.20220e-07
1752128992.754 82.196 0.06539636 7.50177e-07
1752128992.764 82.252 0.06546991 7.88482e-07
1752128992.774 82.307 0.06549878 9.03339e-07
1752128992.804 82.363 0.06564311 8.33979e-07
1752128992.828 82.418 0.06578184 9.49867e-07
1752128992.835 82.474 0.06584516 1.06349e-06
1752128992.845 82.529 0.06584516 1.05933e-06
1752128992.855 82.584 0.06586658 1.10596e-06
1752128992.865 82.640 0.06591593 1.08799e-06
1752128992.875 82.695 0.06594573 1.20253e-06
1752128992.884 82.750 0.06600066 1.18476e-06
1752128992.894 82.806 0.06606119 1.23611e-06
1752128992.904 82.861 0.06608260 1.24413e-06
1752128992.914 82.916 0.06612636 1.19738e-06
1752128992.924 82.971 0.06617385 1.27133e-06
1752128992.934 83.026 0.06620458 1.27275e-06
1752128992.944 83.081 0.06624275 1.30446e-06
1752128992.954 83.136 0.06626604 1.17724e-06
1752128992.964 83.191 0.06631445 1.19522e-06
1752128992.974 83.246 0.06632097 1.26170e-06
1752128992.984 83.301 0.06635543 1.13133e-06
1752128992.994 83.356 0.06640105 1.19955e-06
1752128993.004 83.411 0.06642060 1.09829e-06
1752128993.014 83.465 0.06647647 1.00383e-06
1752128993.024 83.520 0.06649789 1.09265e-06
1752128993.034 83.575 0.06652861 1.00426e-06
1752128993.044 83.630 0.06655655 9.88340e-07
1752128993.054 83.684 0.06659100 9.37987e-07
1752128993.064 83.739 0.06666921 9.01408e-07
1752128993.074 83.793 0.06668039 9.43705e-07
1752128993.084 83.848 0.06670926 9.21992e-07
1752128993.094 83.902 0.06675860 9.08217e-07
1752128993.104 83.957 0.06679492 9.02329e-07
1752128993.114 84.011 0.06684427 9.42235e-07
1752128993.124 84.066 0.06686941 1.13238e-06
1752128993.134 84.120 0.06692714 1.13783e-06
1752128993.144 84.174 0.06696345 1.67453e-06
1752128993.154 84.229 0.06699977 2.05240e-06
1752128993.164 84.283 0.06709381 3.58396e-06
1752128993.174 84.337 0.06710685 5.72503e-06
1752128993.184 84.391 0.06714223 9.06407e-06
1752128993.196 84.446 0.06725956 1.54191e-05
1752128993.204 84.500 0.06725956 2.32226e-05
1752128993.214 84.554 0.06732101 2.80089e-05
1752128993.224 84.608 0.06735733 3.63540e-05
1752128993.234 84.662 0.06739457 4.39245e-05
1752128993.244 84.716 0.06744950 5.42722e-05
1752128993.254 84.770 0.06747558 6.35293e-05
1752128993.264 84.824 0.06755193 7.56609e-05
1752128993.274 84.878 0.06758452 8.41985e-05
1752128993.284 84.931 0.06763387 9.55171e-05
1752128993.294 84.985 0.06768974 1.04152e-04
1752128993.304 85.039 0.06770464 1.14015e-04
1752128993.314 85.093 0.06778006 1.19331e-04
1752128993.324 85.146 0.06781544 1.24231e-04
1752128993.354 85.200 0.06800819 1.28825e-04
1752128993.367 85.254 0.06802867 1.42227e-04
1752128993.374 85.307 0.06802867 1.44588e-04
1752128993.384 85.361 0.06807802 1.45656e-04
1752128993.394 85.414 0.06812271 1.48169e-04
1752128993.404 85.468 0.06814693 1.49842e-04
1752128993.414 85.521 0.06821490 1.52328e-04
1752128993.424 85.575 0.06825308 1.52084e-04
1752128993.434 85.628 0.06827542 1.56150e-04
1752128993.444 85.682 0.06833967 1.56877e-04
1752128993.454 85.735 0.06836202 1.55934e-04
1752128993.464 85.788 0.06841789 1.61307e-04
1752128993.474 85.842 0.06842720 1.60143e-04
1752128993.484 85.895 0.06847003 1.54465e-04
1752128993.494 85.948 0.06854731 1.57622e-04
1752128993.504 86.001 0.06854452 1.51270e-04
1752128993.514 86.054 0.06859946 1.42015e-04
1752128993.524 86.107 0.06860411 1.40959e-04
1752128993.534 86.160 0.06865253 1.34247e-04
1752128993.544 86.214 0.06870375 1.26715e-04
1752128993.554 86.267 0.06872051 1.21835e-04
1752128993.564 86.319 0.06876892 1.13819e-04
1752128993.574 86.372 0.06880152 1.06888e-04
1752128993.584 86.425 0.06883038 1.03067e-04
1752128993.594 86.478 0.06887414 9.30144e-05
1752128993.604 86.531 0.06890301 8.67465e-05
1752128993.614 86.584 0.06895608 8.33100e-05
1752128993.624 86.637 0.06897657 7.36874e-05
1752128993.634 86.689 0.06902406 6.85162e-05
1752128993.644 86.742 0.06907620 6.38384e-05
1752128993.654 86.795 0.06909575 6.00282e-05
1752128993.664 86.847 0.06915814 5.32165e-05
1752128993.674 86.900 0.06918980 4.83331e-05
1752128993.684 86.953 0.06923449 4.23594e-05
1752128993.694 87.005 0.06929036 3.79939e-05
1752128993.704 87.058 0.06933133 3.61154e-05
1752128993.714 87.110 0.06938906 3.18050e-05
1752128993.724 87.163 0.06939837 2.86376e-05
1752128993.734 87.215 0.06945424 2.67078e-05
1752128993.744 87.268 0.06951662 2.44041e-05
1752128993.754 87.320 0.06954269 2.18055e-05
1752128993.764 87.372 0.06961160 2.02395e-05
1752128993.774 87.425 0.06963488 1.83187e-05
1752128993.784 87.477 0.06968702 1.64624e-05
1752128993.794 87.529 0.06974755 1.55079e-05
1752128993.804 87.581 0.06976710 1.45094e-05
1752128993.814 87.633 0.06983321 1.32083e-05
1752128993.824 87.686 0.06985556 1.26715e-05
1752128993.834 87.738 0.06990584 1.22050e-05
1752128993.844 87.790 0.06996822 1.15767e-05
1752128993.854 87.842 0.06998871 1.11258e-05
1752128993.864 87.894 0.07005482 1.07645e-05
1752128993.893 87.946 0.07018332 1.02440e-05
1752128993.903 87.998 0.07020566 8.85532e-06
1752128993.910 88.050 0.07027084 8.32902e-06
1752128993.916 88.102 0.07030343 8.12791e-06
1752128993.924 88.154 0.07030343 7.94704e-06
1752128993.934 88.205 0.07032485 7.59259e-06
1752128993.944 88.257 0.07038258 7.04408e-06
1752128993.954 88.309 0.07040865 6.57111e-06
1752128993.964 88.361 0.07046918 6.56858e-06
1752128993.974 88.412 0.07050549 6.25676e-06
1752128993.984 88.464 0.07054366 5.59325e-06
1752128993.994 88.516 0.07059022 5.52499e-06
1752128994.004 88.567 0.07061071 4.94322e-06
1752128994.014 88.619 0.07066472 4.53576e-06
1752128994.024 88.671 0.07068241 4.98936e-06
1752128994.034 88.722 0.07072617 4.31882e-06
1752128994.044 88.774 0.07079042 4.10120e-06
1752128994.054 88.825 0.07080625 3.87882e-06
1752128994.064 88.877 0.07085746 3.87703e-06
1752128994.074 88.928 0.07088633 3.59179e-06
1752128994.084 88.979 0.07091147 2.94763e-06
1752128994.094 89.031 0.07094871 3.04358e-06
1752128994.104 89.082 0.07097850 2.99041e-06
1752128994.114 89.133 0.07103158 2.67293e-06
1752128994.124 89.185 0.07105486 2.41538e-06
1752128994.134 89.236 0.07109024 2.48787e-06
1752128994.144 89.287 0.07114518 2.44540e-06
1752128994.154 89.338 0.07118056 2.06057e-06
1752128994.164 89.390 0.07125971 2.04121e-06
1752128994.174 89.441 0.07126064 2.00103e-06
1752128994.184 89.492 0.07131371 1.74741e-06
1752128994.194 89.543 0.07136306 1.93983e-06
1752128994.204 89.594 0.07138634 1.81470e-06
1752128994.214 89.645 0.07144407 1.71804e-06
1752128994.224 89.696 0.07147108 1.64651e-06
1752128994.234 89.747 0.07151391 1.72757e-06
1752128994.244 89.798 0.07157164 1.74736e-06
1752128994.254 89.849 0.07160423 1.53019e-06
1752128994.264 89.899 0.07167313 1.68903e-06
1752128994.274 89.950 0.07169269 1.71894e-06
1752128994.284 90.001 0.07174203 1.60734e-06
1752128994.293 90.052 0.07178673 1.72777e-06
1752128994.303 90.103 0.07181187 1.66751e-06
1752128994.313 90.153 0.07188916 1.59144e-06
1752128994.323 90.204 0.07191523 1.75621e-06
1752128994.333 90.255 0.07196458 1.61964e-06
1752128994.343 90.305 0.07199810 1.74533e-06
1752128994.353 90.356 0.07200834 1.67668e-06
1752128994.363 90.407 0.07208004 1.57891e-06
1752128994.373 90.457 0.07211449 1.73356e-06
1752128994.383 90.508 0.07215732 1.67905e-06
1752128994.393 90.558 0.07220947 1.80212e-06
1752128994.403 90.609 0.07224206 1.68946e-06
1752128994.453 90.659 0.07244970 1.61401e-06
1752128994.460 90.709 0.07249812 1.56378e-06
1752128994.467 90.760 0.07251488 1.66632e-06
1752128994.473 90.810 0.07251488 1.65700e-06
1752128994.483 90.860 0.07255678 1.55654e-06
1752128994.493 90.911 0.07261451 1.59707e-06
1752128994.503 90.961 0.07264058 1.51259e-06
1752128994.513 91.011 0.07269924 1.44777e-06
1752128994.523 91.062 0.07270855 1.49516e-06
1752128994.533 91.112 0.07275231 1.38844e-06
1752128994.543 91.162 0.07279887 1.36105e-06
1752128994.553 91.212 0.07281750 1.19170e-06
1752128994.563 91.262 0.07288733 1.20627e-06
1752128994.573 91.312 0.07290595 1.19109e-06
1752128994.583 91.362 0.07294040 1.10305e-06
1752128994.593 91.412 0.07296648 1.10277e-06
1752128994.603 91.462 0.07298510 9.90960e-07
1752128994.613 91.512 0.07301676 9.40996e-07
1752128994.623 91.562 0.07303352 1.00910e-06
1752128994.633 91.612 0.07307822 9.02701e-07
1752128994.643 91.662 0.07311732 8.98993e-07
1752128994.653 91.712 0.07313688 7.98341e-07
1752128994.663 91.762 0.07320392 7.96647e-07
1752128994.673 91.811 0.07322533 8.39695e-07
1752128994.683 91.861 0.07324302 7.28641e-07
1752128994.693 91.911 0.07326816 7.82596e-07
1752128994.703 91.961 0.07330355 6.87070e-07
1752128994.713 92.010 0.07336407 6.71628e-07
1752128994.723 92.060 0.07336407 7.10619e-07
1752128994.733 92.110 0.07342274 6.58371e-07
1752128994.743 92.159 0.07345998 6.63739e-07
1752128994.753 92.209 0.07347208 5.77098e-07
1752128994.763 92.258 0.07354564 5.81800e-07
1752128994.773 92.308 0.07356985 6.34619e-07
1752128994.783 92.358 0.07361920 5.46564e-07
1752128994.793 92.407 0.07366483 5.87382e-07
1752128994.803 92.456 0.07369462 5.11433e-07
1752128994.813 92.506 0.07376446 5.18290e-07
1752128994.823 92.555 0.07378867 5.81942e-07
1752128994.833 92.605 0.07383988 5.19060e-07
1752128994.843 92.654 0.07388644 5.37834e-07
1752128994.853 92.703 0.07391717 4.85122e-07
1752128994.863 92.753 0.07397676 5.00813e-07
1752128994.873 92.802 0.07400376 5.69604e-07
1752128994.883 92.851 0.07404194 5.01037e-07
1752128994.893 92.900 0.07409595 5.51926e-07
1752128994.903 92.950 0.07413226 4.98125e-07
1752128994.913 92.999 0.07419558 5.12619e-07
1752128994.923 93.048 0.07422072 5.75450e-07
1752128994.933 93.097 0.07426727 5.14927e-07
1752128994.943 93.146 0.07431383 5.61809e-07
1752128994.953 93.195 0.07433245 5.01793e-07
1752128994.983 93.244 0.07447678 4.82734e-07
1752128995.007 93.293 0.07460248 5.33851e-07
1752128995.013 93.342 0.07460248 4.80005e-07
1752128995.023 93.391 0.07462389 5.29005e-07
1752128995.033 93.440 0.07467232 4.93121e-07
1752128995.043 93.489 0.07472353 5.28205e-07
1752128995.053 93.538 0.07473657 4.54702e-07
1752128995.063 93.587 0.07479150 4.62901e-07
1752128995.073 93.636 0.07480547 5.21744e-07
1752128995.083 93.684 0.07483526 4.51853e-07
1752128995.093 93.733 0.07487903 4.76887e-07
1752128995.103 93.782 0.07490510 4.18845e-07
1752128995.113 93.831 0.07496283 3.96404e-07
1752128995.123 93.879 0.07498052 4.64121e-07
1752128995.133 93.928 0.07499914 3.90644e-07
1752128995.143 93.977 0.07502894 4.11973e-07
1752128995.153 94.025 0.07506618 3.64452e-07
1752128995.163 94.074 0.07510995 3.47000e-07
1752128995.173 94.123 0.07512857 4.08428e-07
1752128995.183 94.171 0.07516675 3.38319e-07
1752128995.193 94.220 0.07521331 3.61568e-07
1752128995.203 94.268 0.07521331 2.97405e-07
1752128995.213 94.317 0.07526731 3.10552e-07
1752128995.223 94.365 0.07528221 3.54634e-07
1752128995.233 94.414 0.07531946 2.86321e-07
1752128995.243 94.462 0.07534739 3.26482e-07
1752128995.253 94.510 0.07537439 2.70381e-07
1752128995.263 94.559 0.07543119 2.67506e-07
1752128995.273 94.607 0.07543398 3.30230e-07
1752128995.283 94.655 0.07547123 2.67502e-07
1752128995.293 94.704 0.07551033 2.98712e-07
1752128995.303 94.752 0.07555224 2.48326e-07
1752128995.313 94.800 0.07560810 2.44996e-07
1752128995.323 94.848 0.07563883 3.04925e-07
1752128995.333 94.896 0.07567608 2.47039e-07
1752128995.343 94.945 0.07572543 2.89548e-07
1752128995.353 94.993 0.07574498 2.28580e-07
1752128995.363 95.041 0.07580644 2.20381e-07
1752128995.373 95.089 0.07583809 2.98650e-07
1752128995.383 95.137 0.07587441 2.39067e-07
1752128995.393 95.185 0.07592935 2.80599e-07
1752128995.403 95.233 0.07596194 2.16208e-07
1752128995.413 95.281 0.07603177 2.23669e-07
1752128995.423 95.329 0.07603922 2.93994e-07
1752128995.433 95.377 0.07609975 2.40572e-07
1752128995.443 95.425 0.07615561 3.04318e-07
1752128995.453 95.473 0.07616772 2.35173e-07
1752128995.463 95.521 0.07623010 2.55701e-07
1752128995.473 95.569 0.07625804 3.29711e-07
1752128995.556 95.616 0.07663701 3.65149e-07
1752128995.563 95.664 0.07663701 3.42304e-07
1752128995.573 95.712 0.07665377 3.98561e-07
1752128995.583 95.760 0.07670312 3.56081e-07
1752128995.593 95.807 0.07673757 4.17587e-07
1752128995.603 95.855 0.07677482 3.83740e-07
1752128995.613 95.903 0.07682789 4.22059e-07
1752128995.623 95.950 0.07681951 5.19809e-07
1752128995.633 95.998 0.07686328 5.01065e-07
1752128995.643 96.046 0.07689866 5.79158e-07
1752128995.653 96.093 0.07689959 5.84365e-07
1752128995.663 96.141 0.07694056 6.23163e-07
1752128995.673 96.188 0.07694894 7.52432e-07
1752128995.683 96.236 0.07696756 7.84827e-07
1752128995.693 96.283 0.07698712 8.52502e-07
1752128995.703 96.331 0.07700294 8.39657e-07
1752128995.713 96.378 0.07703460 9.29329e-07
1752128995.723 96.426 0.07702995 1.08454e-06
1752128995.733 96.473 0.07708116 1.09373e-06
1752128995.743 96.520 0.07710537 1.18392e-06
1752128995.753 96.568 0.07708675 1.23005e-06
1752128995.763 96.615 0.07712213 1.36126e-06
1752128995.773 96.662 0.07713889 1.48708e-06
1752128995.783 96.710 0.07717521 1.52747e-06
1752128995.793 96.757 0.07720593 1.68510e-06
1752128995.803 96.804 0.07723573 1.65257e-06
1752128995.813 96.851 0.07728508 1.79882e-06
1752128995.823 96.899 0.07729160 2.04792e-06
1752128995.833 96.946 0.07732884 2.08939e-06
1752128995.843 96.993 0.07738657 2.31787e-06
1752128995.853 97.040 0.07738471 2.36227e-06
1752128995.863 97.087 0.07744058 2.46144e-06
1752128995.873 97.134 0.07747037 2.67941e-06
1752128995.883 97.181 0.07751693 2.86632e-06
1752128995.893 97.228 0.07755790 2.95745e-06
1752128995.903 97.275 0.07759421 3.08632e-06
1752128995.913 97.322 0.07766126 3.27846e-06
1752128995.923 97.369 0.07767522 3.47543e-06
1752128995.933 97.416 0.07773761 3.62983e-06
1752128995.943 97.463 0.07777672 3.85232e-06
1752128995.953 97.510 0.07781210 4.04181e-06
1752128995.963 97.557 0.07787728 4.47946e-06
1752128995.973 97.604 0.07789032 4.89724e-06
1752128995.983 97.651 0.07795736 4.99918e-06
1752128995.993 97.697 0.07801695 5.54271e-06
1752128996.003 97.744 0.07804396 5.68651e-06
1752128996.013 97.791 0.07811099 5.97155e-06
1752128996.023 97.838 0.07812496 6.32353e-06
1752128996.033 97.884 0.07815755 6.69334e-06
1752128996.043 97.931 0.07821249 6.88960e-06
1752128996.053 97.978 0.07823670 6.88975e-06
1752128996.063 98.024 0.07829070 7.19249e-06
1752128996.106 98.071 0.07846762 7.27378e-06
1752128996.113 98.118 0.07846762 6.74959e-06
1752128996.123 98.164 0.07849462 6.77959e-06
1752128996.132 98.211 0.07854770 6.35078e-06
1752128996.142 98.257 0.07858588 6.02235e-06
1752128996.152 98.304 0.07859984 5.75618e-06
1752128996.162 98.350 0.07866223 5.55435e-06
1752128996.172 98.397 0.07866129 5.33351e-06
1752128996.182 98.443 0.07870041 5.04330e-06
1752128996.192 98.490 0.07874789 4.71573e-06
1752128996.202 98.536 0.07875162 4.43699e-06
1752128996.212 98.582 0.07881214 4.33634e-06
1752128996.222 98.629 0.07883263 4.19215e-06
1752128996.232 98.675 0.07887452 3.90958e-06
1752128996.242 98.721 0.07891177 3.84325e-06
1752128996.252 98.768 0.07891364 3.66115e-06
1752128996.262 98.814 0.07896671 3.52014e-06
1752128996.272 98.860 0.07896950 3.48769e-06
1752128996.282 98.906 0.07899836 3.27858e-06
1752128996.292 98.953 0.07903282 3.27861e-06
1752128996.302 98.999 0.07905610 3.12156e-06
1752128996.312 99.045 0.07910638 3.06399e-06
1752128996.322 99.091 0.07911010 3.15627e-06
1752128996.332 99.137 0.07914921 2.95839e-06
1752128996.342 99.183 0.07920042 2.95908e-06
1752128996.352 99.229 0.07920601 2.93386e-06
1752128996.362 99.276 0.07925909 2.95040e-06
1752128996.372 99.322 0.07926840 2.93777e-06
1752128996.382 99.368 0.07931495 2.83610e-06
1752128996.392 99.414 0.07935313 2.80242e-06
1752128996.402 99.460 0.07937362 2.63393e-06
1752128996.412 99.505 0.07943134 2.67426e-06
1752128996.422 99.551 0.07945648 2.60344e-06
1752128996.432 99.597 0.07950863 2.33649e-06
1752128996.442 99.643 0.07955984 2.41142e-06
1752128996.452 99.689 0.07958125 2.20885e-06
1752128996.462 99.735 0.07963526 2.18498e-06
1752128996.472 99.781 0.07965481 2.14084e-06
1752128996.482 99.827 0.07969393 1.88536e-06
1752128996.492 99.872 0.07974607 1.79813e-06
1752128996.502 99.918 0.07978052 1.72308e-06
1752128996.512 99.964 0.07985780 1.60231e-06
1752128996.522 100.010 0.07987736 1.48027e-06
1752128996.532 100.055 0.07990529 1.27703e-06
1752128996.542 100.101 0.07994347 1.16382e-06
1752128996.552 100.147 0.07997606 9.67838e-07
1752128996.562 100.192 0.08004589 8.95788e-07
1752128996.572 100.238 0.08006452 8.67956e-07
1752128996.582 100.283 0.08009710 7.12259e-07
1752128996.592 100.329 0.08014553 6.96286e-07
1752128996.602 100.375 0.08017346 6.01270e-07
1752128996.612 100.420 0.08021536 5.87785e-07
1752128996.656 100.466 0.08041369 4.13133e-07
1752128996.663 100.511 0.08042207 4.01862e-07
1752128996.673 100.557 0.08042207 4.40678e-07
1752128996.683 100.602 0.08046118 3.72824e-07
1752128996.692 100.647 0.08051425 4.11867e-07
1752128996.703 100.693 0.08053660 3.18104e-07
1752128996.712 100.738 0.08057570 2.89516e-07
1752128996.722 100.784 0.08059526 3.63059e-07
1752128996.732 100.829 0.08065858 2.85244e-07
1752128996.742 100.874 0.08068465 3.04215e-07
1752128996.752 100.920 0.08069676 2.53659e-07
1752128996.762 100.965 0.08075076 2.92926e-07
1752128996.772 101.010 0.08074797 3.23649e-07
1752128996.782 101.055 0.08079731 2.38818e-07
1752128996.792 101.101 0.08082991 2.72595e-07
1752128996.802 101.146 0.08084853 2.33148e-07
1752128996.812 101.191 0.08088950 2.45517e-07
1752128996.822 101.236 0.08089788 2.83195e-07
1752128996.832 101.281 0.08093885 2.08827e-07
1752128996.842 101.326 0.08098913 2.68100e-07
1752128996.852 101.372 0.08099937 2.07967e-07
1752128996.862 101.417 0.08103755 2.26763e-07
1752128996.872 101.462 0.08104593 2.76217e-07
1752128996.882 101.507 0.08108411 1.95126e-07
1752128996.892 101.552 0.08112601 2.50479e-07
1752128996.902 101.597 0.08113532 1.93066e-07
1752128996.912 101.642 0.08118560 2.18778e-07
1752128996.922 101.687 0.08119770 2.62091e-07
1752128996.932 101.732 0.08122284 1.95930e-07
1752128996.942 101.777 0.08126754 2.57217e-07
1752128996.952 101.822 0.08129361 2.03387e-07
1752128996.962 101.866 0.08134296 2.10916e-07
1752128996.972 101.911 0.08136810 2.86292e-07
1752128996.984 101.956 0.08145097 2.90937e-07
1752128996.992 102.001 0.08145097 2.80230e-07
1752128997.002 102.046 0.08147425 2.19277e-07
1752128997.012 102.091 0.08153384 2.53477e-07
1752128997.037 102.135 0.08164186 3.09546e-07
1752128997.043 102.180 0.08169028 2.58132e-07
1752128997.052 102.225 0.08169028 3.21990e-07
1752128997.062 102.270 0.08175080 3.58300e-07
1752128997.072 102.314 0.08175918 4.50900e-07
1752128997.082 102.359 0.08180481 4.30852e-07
1752128997.092 102.404 0.08184205 5.18015e-07
1752128997.102 102.448 0.08187464 5.41733e-07
1752128997.112 102.493 0.08193051 6.59825e-07
1752128997.122 102.537 0.08194913 8.06200e-07
1752128997.132 102.582 0.08199196 8.47768e-07
1752128997.142 102.627 0.08205621 1.00595e-06
1752128997.152 102.671 0.08206738 1.10885e-06
1752128997.162 102.716 0.08211021 1.34161e-06
1752128997.206 102.760 0.08229086 2.05574e-06
1752128997.215 102.805 0.08227782 2.92098e-06
1752128997.222 102.849 0.08227782 3.24066e-06
1752128997.232 102.893 0.08232251 3.60125e-06
1752128997.242 102.938 0.08235790 4.22983e-06
1752128997.252 102.982 0.08238490 4.82574e-06
1752128997.262 103.027 0.08243984 5.72793e-06
1752128997.272 103.071 0.08245660 6.78603e-06
1752128997.282 103.115 0.08248360 7.77208e-06
1752128997.292 103.160 0.08253295 8.64152e-06
1752128997.302 103.204 0.08253854 9.59936e-06
1752128997.312 103.248 0.08258230 1.06615e-05
1752128997.322 103.293 0.08258882 1.20842e-05
1752128997.332 103.337 0.08263631 1.37619e-05
1752128997.342 103.381 0.08266145 1.49546e-05
1752128997.352 103.425 0.08267635 1.65427e-05
1752128997.362 103.469 0.08272756 1.91824e-05
1752128997.372 103.514 0.08272477 2.07446e-05
1752128997.382 103.558 0.08276108 2.21280e-05
1752128997.392 103.602 0.08279367 2.35288e-05
1752128997.402 103.646 0.08282067 2.70409e-05
1752128997.412 103.690 0.08286443 2.80957e-05
1752128997.422 103.734 0.08286630 3.07986e-05
1752128997.432 103.778 0.08291844 3.21884e-05
1752128997.442 103.822 0.08294358 3.66221e-05
1752128997.452 103.866 0.08295382 3.66605e-05
1752128997.462 103.910 0.08301621 4.20339e-05
1752128997.472 103.954 0.08304135 4.37992e-05
1752128997.482 103.998 0.08307766 4.48144e-05
1752128997.492 104.042 0.08311771 4.93517e-05
1752128997.502 104.086 0.08314843 5.18436e-05
1752128997.512 104.130 0.08319499 5.40611e-05
1752128997.522 104.174 0.08318288 5.91112e-05
1752128997.532 104.218 0.08322664 6.09522e-05
1752128997.542 104.262 0.08327786 6.37306e-05
1752128997.552 104.305 0.08330765 6.73115e-05
1752128997.562 104.349 0.08338960 6.99572e-05
1752128997.572 104.393 0.08340449 7.26661e-05
1752128997.582 104.437 0.08342777 7.47765e-05
1752128997.592 104.481 0.08346874 7.61322e-05
1752128997.602 104.524 0.08350412 7.91936e-05
1752128997.612 104.568 0.08357769 8.11516e-05
1752128997.622 104.612 0.08360655 8.27030e-05
1752128997.632 104.655 0.08364379 8.21091e-05
1752128997.642 104.699 0.08366055 8.21014e-05
1752128997.652 104.743 0.08370246 8.24196e-05
1752128997.662 104.786 0.08375367 8.11477e-05
1752128997.672 104.830 0.08378067 7.79201e-05
1752128997.682 104.874 0.08382257 7.61566e-05
1752128997.692 104.917 0.08385795 7.48737e-05
1752128997.702 104.961 0.08389613 7.12588e-05
1752128997.712 105.004 0.08395759 6.72328e-05
1752128997.757 105.048 0.08410563 5.67934e-05
1752128997.763 105.091 0.08411030 4.95537e-05
1752128997.849 105.135 0.08439056 3.31759e-05
1752128997.855 105.178 0.08444457 3.28545e-05
1752128997.861 105.222 0.08444457 3.19351e-05
1752128997.871 105.265 0.08445947 3.17566e-05
1752128997.881 105.309 0.08450044 3.21915e-05
1752128997.891 105.352 0.08451906 3.07880e-05
1752128997.901 105.395 0.08452744 3.05226e-05
1752128997.911 105.439 0.08456096 3.06443e-05
1752128997.921 105.482 0.08457493 3.07593e-05
1752128997.931 105.525 0.08461683 2.97060e-05
1752128997.941 105.569 0.08461869 3.02304e-05
1752128997.951 105.612 0.08461683 3.13041e-05
1752128997.961 105.655 0.08464756 3.01518e-05
1752128997.971 105.699 0.08463824 3.05299e-05
1752128997.981 105.742 0.08466153 3.11665e-05
1752128997.991 105.785 0.08466711 3.09491e-05
1752128998.001 105.828 0.08466432 3.02791e-05
1752128998.011 105.871 0.08469691 3.10322e-05
1752128998.021 105.915 0.08469691 3.19747e-05
1752128998.031 105.958 0.08470808 3.05873e-05
1752128998.041 106.001 0.08474067 3.10992e-05
1752128998.051 106.044 0.08473974 3.16545e-05
1752128998.061 106.087 0.08477699 3.22484e-05
1752128998.071 106.130 0.08478350 3.17952e-05
1752128998.081 106.173 0.08482261 3.17677e-05
1752128998.091 106.216 0.08484496 3.22415e-05
1752128998.101 106.259 0.08487103 3.19822e-05
1752128998.111 106.302 0.08494086 3.19619e-05
1752128998.121 106.345 0.08494552 3.12158e-05
1752128998.131 106.388 0.08497904 3.07167e-05
1752128998.141 106.431 0.08501722 2.99226e-05
1752128998.151 106.474 0.08504422 2.87414e-05
1752128998.161 106.517 0.08508519 2.91835e-05
1752128998.171 106.560 0.08511033 2.84221e-05
1752128998.181 106.603 0.08515782 2.56392e-05
1752128998.191 106.646 0.08519879 2.51942e-05
1752128998.201 106.689 0.08525466 2.24171e-05
1752128998.211 106.732 0.08530773 2.32903e-05
1752128998.221 106.774 0.08532449 2.17659e-05
1752128998.231 106.817 0.08537664 1.77233e-05
1752128998.241 106.860 0.08541760 1.75613e-05
1752128998.251 106.903 0.08545020 1.57327e-05
1752128998.261 106.946 0.08550699 1.30849e-05
1752128998.307 106.988 0.08568577 8.78603e-06
1752128998.314 107.031 0.08571277 5.51150e-06
1752128998.321 107.074 0.08571277 5.56360e-06
1752128998.331 107.116 0.08575561 4.63695e-06
1752128998.341 107.159 0.08578261 4.08639e-06
1752128998.351 107.202 0.08580961 3.22855e-06
1752128998.361 107.244 0.08585989 3.31310e-06
1752128998.371 107.287 0.08587013 2.84089e-06
1752128998.381 107.330 0.08592600 2.31345e-06
1752128998.391 107.372 0.08595673 2.36974e-06
1752128998.401 107.415 0.08596977 1.96460e-06
1752128998.411 107.457 0.08602377 1.88151e-06
1752128998.421 107.500 0.08603681 1.82045e-06
1752128998.431 107.542 0.08607126 1.63056e-06
1752128998.441 107.585 0.08609082 1.60031e-06
1752128998.451 107.627 0.08611223 1.44590e-06
1752128998.461 107.670 0.08615599 1.46198e-06
1752128998.471 107.712 0.08615599 1.47057e-06
1752128998.481 107.755 0.08620069 1.32177e-06
1752128998.491 107.797 0.08620907 1.29030e-06
1752128998.501 107.839 0.08623514 1.24811e-06
1752128998.511 107.882 0.08626121 1.28343e-06
1752128998.521 107.924 0.08626214 1.18757e-06
1752128998.531 107.967 0.08631895 1.10377e-06
1752128998.541 108.009 0.08634967 1.15768e-06
1752128998.551 108.051 0.08636364 1.05078e-06
1752128998.561 108.093 0.08639995 1.06877e-06
1752128998.571 108.136 0.08642416 1.10309e-06
1752128998.581 108.178 0.08647072 9.99247e-07
1752128998.591 108.220 0.08650144 1.02456e-06
1752128998.601 108.263 0.08651914 9.23009e-07
1752128998.611 108.305 0.08658059 9.07144e-07
1752128998.621 108.347 0.08657873 9.84046e-07
1752128998.631 108.389 0.08662342 8.09248e-07
1752128998.641 108.431 0.08664764 8.74422e-07
1752128998.651 108.473 0.08667091 8.52156e-07
1752128998.661 108.516 0.08673050 8.19363e-07
1752128998.671 108.558 0.08676589 8.52188e-07
1752128998.681 108.600 0.08682548 7.81242e-07
1752128998.691 108.642 0.08684783 7.50669e-07
1752128998.701 108.684 0.08688042 7.09235e-07
1752128998.711 108.726 0.08693535 8.05314e-07
1752128998.721 108.768 0.08694373 7.30410e-07
1752128998.731 108.810 0.08701078 6.72905e-07
1752128998.741 108.852 0.08704057 7.36536e-07
1752128998.751 108.894 0.08706757 6.24843e-07
1752128998.761 108.936 0.08712624 6.93402e-07
1752128998.771 108.978 0.08712158 7.51134e-07
1752128998.781 109.020 0.08718676 5.89807e-07
1752128998.791 109.062 0.08721656 6.73217e-07
1752128998.801 109.104 0.08725566 6.38553e-07
1752128998.811 109.146 0.08729011 6.19593e-07
1752128998.857 109.188 0.08747541 6.80724e-07
1752128998.864 109.229 0.08746983 5.98246e-07
1752128998.871 109.271 0.08746983 6.32391e-07
1752128998.881 109.313 0.08750521 5.60772e-07
1752128998.891 109.355 0.08754990 6.19527e-07
1752128998.901 109.397 0.08757784 5.37853e-07
1752128998.911 109.438 0.08761229 5.79711e-07
1752128998.921 109.480 0.08762998 6.25223e-07
1752128998.931 109.522 0.08766443 5.56888e-07
1752128998.941 109.564 0.08770354 5.92625e-07
1752128998.951 109.605 0.08771285 5.51495e-07
1752128998.961 109.647 0.08778269 5.90173e-07
1752128998.971 109.689 0.08778269 6.02657e-07
1752128998.981 109.730 0.08782645 5.32355e-07
1752128998.991 109.772 0.08785811 5.87896e-07
1752128999.001 109.814 0.08786928 5.46467e-07
1752128999.011 109.855 0.08790839 5.65497e-07
1752128999.021 109.897 0.08791305 6.04040e-07
1752128999.031 109.939 0.08794936 5.39946e-07
1752128999.041 109.980 0.08797823 5.67631e-07
1752128999.051 110.022 0.08798195 5.45421e-07
