1752123568.368 33.800 0.02785954 1.02706e-08
1752123568.418 33.935 0.02783905 8.09170e-09
1752123568.424 34.069 0.02783440 1.12988e-08
1752123568.432 34.203 0.02783440 6.30235e-08
1752123568.442 34.336 0.02782881 2.33732e-08
1752123568.452 34.469 0.02784371 7.07117e-08
1752123568.462 34.602 0.02781298 9.23535e-08
1752123568.472 34.733 0.02783719 -2.11960e-09
1752123568.482 34.865 0.02782602 5.24302e-08
1752123568.492 34.996 0.02782695 2.19448e-08
1752123568.502 35.126 0.02784837 7.81123e-08
1752123568.550 35.256 0.02791727 5.33358e-08
1752123568.557 35.385 0.02792937 1.89412e-08
1752123568.563 35.514 0.02796010 6.82634e-08
1752123568.611 35.643 0.02813795 7.66280e-08
1752123568.618 35.771 0.02821616 1.02174e-08
1752123568.666 35.898 0.02864635 7.13237e-08
1752123568.718 36.025 0.02907746 9.32361e-07
1752123568.729 36.152 0.02914264 3.42936e-06
1752123568.735 36.278 0.02921993 5.85522e-06
1752123568.742 36.404 0.02930652 8.91722e-06
1752123568.752 36.530 0.02930652 1.01939e-05
1752123568.762 36.654 0.02932514 1.06593e-05
1752123568.772 36.779 0.02940150 1.09528e-05
1752123568.782 36.903 0.02945737 8.70814e-06
1752123568.792 37.027 0.02951603 6.60934e-06
1752123568.802 37.150 0.02956165 4.10592e-06
1752123568.811 37.273 0.02956910 1.45026e-06
1752123568.821 37.395 0.02962124 6.54664e-07
1752123568.831 37.517 0.02963521 3.78987e-07
1752123568.841 37.639 0.02967432 2.03502e-07
1752123568.851 37.760 0.02970411 9.80462e-08
1752123568.861 37.881 0.02969015 7.26378e-08
1752123568.871 38.002 0.02973019 3.58520e-08
1752123568.918 38.122 0.02990710 7.66060e-09
1752123568.925 38.241 0.02993411 3.03464e-08
1752123568.931 38.361 0.02993411 7.91792e-08
1752123568.980 38.480 0.03027211 5.95010e-08
1752123569.031 38.598 0.03073302 8.28428e-08
1752123569.086 38.717 0.03126563 1.75622e-08
1752123569.093 38.834 0.03135408 8.71682e-08
1752123569.101 38.952 0.03135408 6.57861e-08
1752123569.111 39.069 0.03140996 1.31670e-08
1752123569.121 39.186 0.03147793 8.06360e-09
1752123569.131 39.302 0.03152914 7.29850e-08
1752123569.179 39.419 0.03167533 4.52296e-08
1752123569.229 39.534 0.03174330 4.38662e-08
1752123569.279 39.650 0.03178520 4.34739e-08
1752123569.330 39.765 0.03191091 4.31582e-08
1752123569.380 39.880 0.03208223 4.30420e-08
1752123569.469 39.994 0.03234574 -1.44438e-08
1752123569.535 40.108 0.03246213 -1.00037e-08
1752123569.543 40.222 0.03247983 7.46108e-08
1752123569.551 40.336 0.03247983 5.92449e-08
1752123569.599 40.449 0.03253570 7.02852e-08
1752123569.606 40.562 0.03252452 9.95530e-09
1752123569.612 40.674 0.03255618 4.53168e-08
1752123569.621 40.786 0.03255618 -1.16027e-08
1752123569.631 40.898 0.03253756 7.32507e-08
1752123569.679 41.010 0.03260646 4.49812e-08
1752123569.729 41.121 0.03272658 4.48874e-08
1752123569.779 41.232 0.03293236 4.47651e-08
1752123569.829 41.343 0.03318097 4.43689e-08
1752123569.879 41.453 0.03342865 4.49457e-08
1752123569.947 41.564 0.03363723 5.10991e-08
1752123570.006 41.673 0.03366144 1.25042e-08
1752123570.012 41.783 0.03369123 4.75756e-08
1752123570.061 41.892 0.03367913 8.16981e-08
1752123570.067 42.001 0.03371823 1.63465e-08
1752123570.116 42.110 0.03377224 7.00583e-08
1752123570.121 42.218 0.03376759 1.47153e-08
1752123570.131 42.326 0.03376759 7.25294e-08
1752123570.179 42.434 0.03384208 4.89620e-08
1752123570.186 42.542 0.03387280 -1.30454e-08
1752123570.234 42.649 0.03401154 2.50708e-08
1752123570.284 42.756 0.03421546 7.78820e-09
1752123570.334 42.863 0.03442776 1.64913e-08
1752123570.384 42.970 0.03459909 1.79690e-09
1752123570.391 43.076 0.03459909 6.89910e-09
1752123570.401 43.182 0.03463913 4.62430e-08
1752123570.449 43.287 0.03477042 7.00426e-08
1752123570.456 43.393 0.03477693 2.10892e-08
1752123570.462 43.498 0.03482070 5.71688e-08
1752123570.471 43.603 0.03482070 -2.52530e-09
1752123570.481 43.708 0.03481977 7.82925e-08
1752123570.544 43.812 0.03491940 6.17629e-08
1752123570.550 43.917 0.03491940 1.20962e-08
1752123570.560 44.020 0.03492499 1.43133e-08
1752123570.570 44.124 0.03497247 5.11955e-08
1752123570.620 44.228 0.03512704 -1.42523e-08
1752123570.669 44.331 0.03534865 -1.40687e-08
1752123570.737 44.434 0.03570434 -2.00020e-09
1752123570.786 44.537 0.03593527 -2.11340e-09
1752123570.837 44.639 0.03604793 -8.35900e-10
1752123570.843 44.741 0.03604607 7.80823e-08
1752123570.851 44.844 0.03604607 5.03730e-08
1752123570.860 44.945 0.03604700 1.70835e-08
1752123570.870 45.047 0.03608145 6.32608e-08
1752123570.918 45.148 0.03610846 -7.26270e-09
1752123570.968 45.249 0.03615502 -8.87050e-09
1752123571.019 45.350 0.03625464 -1.09714e-08
1752123571.105 45.451 0.03655540 1.86471e-08
1752123571.112 45.552 0.03661034 6.81961e-08
1752123571.120 45.652 0.03661034 -4.99200e-09
1752123571.168 45.752 0.03674070 -1.17517e-08
1752123571.219 45.852 0.03685057 -1.22181e-08
1752123571.269 45.951 0.03691109 -1.36857e-08
1752123571.336 46.051 0.03701538 -6.68190e-09
1752123571.386 46.150 0.03710663 -4.26740e-09
1752123571.437 46.249 0.03718205 -2.73700e-09
1752123571.487 46.347 0.03727889 -1.24120e-09
1752123571.536 46.446 0.03734780 3.85450e-09
1752123571.605 46.544 0.03743439 2.01362e-08
1752123571.656 46.642 0.03748747 -1.09926e-08
1752123571.663 46.740 0.03753682 5.72621e-08
1752123571.670 46.838 0.03753682 -1.20552e-08
1752123571.718 46.935 0.03761317 4.45100e-09
1752123571.769 47.033 0.03770163 -9.42790e-09
1752123571.819 47.130 0.03778915 -9.11810e-09
1752123571.869 47.227 0.03789903 -8.58060e-09
1752123571.920 47.323 0.03803498 -7.15340e-09
1752123571.970 47.420 0.03813647 -7.39280e-09
1752123572.020 47.516 0.03823703 -6.30760e-09
1752123572.070 47.612 0.03829569 -5.97320e-09
1752123572.120 47.708 0.03835156 -4.94430e-09
1752123572.207 47.804 0.03845119 8.50330e-09
1752123572.213 47.899 0.03849589 4.58657e-08
1752123572.262 47.995 0.03855268 7.51178e-08
1752123572.270 48.090 0.03855268 -4.35470e-09
1752123572.337 48.185 0.03865511 7.94280e-09
1752123572.344 48.280 0.03865977 7.50113e-08
1752123572.350 48.374 0.03867094 5.04327e-08
1752123572.359 48.469 0.03867094 1.67900e-08
1752123572.369 48.563 0.03871656 6.83554e-08
1752123572.418 48.657 0.03879664 3.64771e-08
1752123572.468 48.751 0.03894097 3.53373e-08
1752123572.474 48.844 0.03895214 6.52030e-09
1752123572.480 48.938 0.03899125 5.02778e-08
1752123572.528 49.031 0.03911230 7.29497e-08
1752123572.534 49.124 0.03916165 2.73355e-08
1752123572.582 49.217 0.03936277 6.31511e-08
1752123572.650 49.310 0.03959928 6.97465e-08
1752123572.660 49.403 0.03959928 2.16359e-08
1752123572.670 49.495 0.03963932 7.12236e-08
1752123572.745 49.588 0.03982927 7.09015e-08
1752123572.752 49.680 0.03984883 -9.99820e-09
1752123572.800 49.772 0.03992797 6.88558e-08
1752123572.809 49.863 0.03992797 1.38743e-08
1752123572.819 49.955 0.03995591 6.77490e-08
1752123572.867 50.046 0.04001084 5.30680e-08
1752123572.918 50.138 0.04011699 4.48780e-08
1752123572.968 50.229 0.04024176 4.19739e-08
1752123573.017 50.320 0.04037585 2.37648e-08
1752123573.024 50.410 0.04039354 7.37590e-09
1752123573.029 50.501 0.04044196 4.46543e-08
1752123573.039 50.591 0.04044196 -1.61614e-08
1752123573.049 50.682 0.04045127 6.95638e-08
1752123573.097 50.772 0.04055928 4.61722e-08
1752123573.147 50.862 0.04065332 4.67178e-08
1752123573.197 50.952 0.04077716 5.42625e-08
1752123573.274 51.041 0.04099319 2.70541e-07
1752123573.284 51.131 0.04105092 5.99393e-07
1752123573.289 51.220 0.04106954 6.89114e-07
1752123573.299 51.309 0.04106954 8.02131e-07
1752123573.309 51.398 0.04109189 1.02604e-06
1752123573.319 51.487 0.04111982 1.30010e-06
1752123573.329 51.576 0.04112355 1.60392e-06
1752123573.339 51.664 0.04117755 1.96866e-06
1752123573.349 51.753 0.04119152 2.62195e-06
1752123573.359 51.841 0.04120176 2.92312e-06
1752123573.369 51.929 0.04122411 3.40813e-06
1752123573.379 52.017 0.04123342 3.73468e-06
1752123573.389 52.105 0.04125484 4.26014e-06
1752123573.399 52.192 0.04125204 4.68534e-06
1752123573.409 52.280 0.04127625 5.19295e-06
1752123573.419 52.367 0.04130977 5.56191e-06
1752123573.429 52.455 0.04130884 5.64361e-06
1752123573.439 52.542 0.04134236 5.55275e-06
1752123573.449 52.629 0.04135261 5.79695e-06
1752123573.459 52.715 0.04137775 5.57123e-06
1752123573.469 52.802 0.04141965 5.47176e-06
1752123573.479 52.888 0.04144944 5.08831e-06
1752123573.489 52.975 0.04152859 4.47346e-06
1752123573.499 53.061 0.04157515 3.75831e-06
1752123573.509 53.147 0.04163660 2.78797e-06
1752123573.519 53.233 0.04169899 1.81991e-06
1752123573.529 53.319 0.04174461 9.66250e-07
1752123573.539 53.405 0.04183587 5.20380e-07
1752123573.549 53.490 0.04189360 3.35079e-07
1752123573.559 53.575 0.04198019 1.11341e-07
1752123573.569 53.661 0.04207796 1.16231e-07
1752123573.579 53.746 0.04212452 3.51566e-08
1752123573.589 53.831 0.04222694 2.90981e-08
1752123573.599 53.916 0.04231260 8.00824e-08
1752123573.665 54.000 0.04294205 5.69778e-08
1752123573.715 54.085 0.04332568 5.85982e-08
1752123573.765 54.169 0.04362364 5.57382e-08
1752123573.844 54.254 0.04378659 4.97531e-07
1752123573.851 54.338 0.04378194 5.96859e-07
1752123573.859 54.422 0.04378194 6.97504e-07
1752123573.869 54.506 0.04378473 7.57706e-07
1752123573.879 54.590 0.04375493 8.36619e-07
1752123573.889 54.673 0.04378100 1.02312e-06
1752123573.899 54.757 0.04375959 1.18770e-06
1752123573.909 54.840 0.04375214 1.18785e-06
1752123573.919 54.924 0.04375121 1.31502e-06
1752123573.929 55.007 0.04372514 1.23832e-06
1752123573.939 55.090 0.04375400 1.24397e-06
1752123573.949 55.173 0.04374934 1.45042e-06
1752123573.959 55.256 0.04374003 1.36856e-06
1752123573.969 55.338 0.04373817 1.51654e-06
1752123573.979 55.421 0.04372886 1.68800e-06
1752123573.989 55.503 0.04376424 1.79610e-06
1752123573.999 55.585 0.04377169 1.78893e-06
1752123574.009 55.668 0.04380335 2.12351e-06
1752123574.019 55.750 0.04383129 2.55748e-06
1752123574.029 55.832 0.04384991 2.93356e-06
1752123574.039 55.913 0.04392440 3.19633e-06
1752123574.049 55.995 0.04394209 4.34061e-06
1752123574.059 56.077 0.04399423 5.66668e-06
1752123574.069 56.158 0.04406407 7.56598e-06
1752123574.079 56.240 0.04410783 1.03201e-05
1752123574.088 56.321 0.04420188 1.48622e-05
1752123574.098 56.402 0.04424471 1.88016e-05
1752123574.109 56.483 0.04431361 2.17513e-05
1752123574.118 56.564 0.04440114 2.18446e-05
1752123574.128 56.644 0.04446632 1.87122e-05
1752123574.138 56.725 0.04456036 1.47937e-05
1752123574.148 56.806 0.04464137 9.63384e-06
1752123574.158 56.886 0.04474007 3.82244e-06
1752123574.168 56.966 0.04481363 2.29277e-06
1752123574.178 57.047 0.04487881 2.01158e-06
1752123574.188 57.127 0.04499148 1.69535e-06
1752123574.198 57.207 0.04503338 1.44405e-06
1752123574.208 57.286 0.04511811 1.08608e-06
1752123574.218 57.366 0.04521868 5.10894e-07
1752123574.228 57.446 0.04530061 1.91842e-07
1752123574.238 57.525 0.04541421 1.27950e-07
1752123574.248 57.605 0.04546449 1.85493e-07
1752123574.258 57.684 0.04552316 2.02173e-07
1752123574.268 57.763 0.04560323 2.52107e-07
1752123574.278 57.842 0.04565072 1.88094e-07
1752123574.288 57.921 0.04574849 1.65816e-07
1752123574.298 58.000 0.04581460 1.97558e-07
1752123574.308 58.079 0.04588723 9.31151e-08
1752123574.318 58.158 0.04594682 1.40442e-07
1752123574.328 58.236 0.04598965 1.25586e-07
1752123574.338 58.315 0.04606321 1.44889e-07
1752123574.348 58.393 0.04611256 2.03340e-07
1752123574.398 58.471 0.04638259 1.54336e-07
1752123574.404 58.549 0.04645709 1.00631e-07
1752123574.410 58.627 0.04651761 1.56827e-07
1752123574.418 58.705 0.04651761 1.65971e-07
1752123574.428 58.783 0.04655113 8.45525e-08
1752123574.438 58.861 0.04663214 1.09565e-07
1752123574.448 58.938 0.04665914 1.28590e-07
1752123574.458 59.016 0.04672525 5.58780e-08
1752123574.468 59.093 0.04678950 8.16127e-08
1752123574.478 59.171 0.04682209 5.42681e-08
1752123574.488 59.248 0.04690123 9.82230e-08
1752123574.498 59.325 0.04692917 1.40331e-07
1752123574.508 59.402 0.04698690 9.78077e-08
1752123574.518 59.479 0.04704742 1.45071e-07
1752123574.528 59.556 0.04708094 1.09282e-07
1752123574.538 59.632 0.04713402 1.45993e-07
1752123574.548 59.709 0.04717126 1.71306e-07
1752123574.558 59.785 0.04723272 1.30808e-07
1752123574.568 59.862 0.04729045 5.37697e-07
1752123574.578 59.938 0.04731559 1.16204e-06
1752123574.588 60.014 0.04738729 2.44868e-06
1752123574.598 60.090 0.04742174 3.76963e-06
1752123574.608 60.166 0.04747761 5.55196e-06
1752123574.618 60.242 0.04753534 7.95289e-06
1752123574.628 60.318 0.04756514 1.25034e-05
1752123574.638 60.394 0.04761914 1.90349e-05
1752123574.648 60.470 0.04766290 3.08454e-05
1752123574.658 60.545 0.04775322 4.06060e-05
1752123574.668 60.621 0.04780257 6.35822e-05
1752123574.678 60.696 0.04783982 9.73593e-05
1752123574.688 60.771 0.04793107 1.35776e-04
1752123574.698 60.846 0.04798414 1.44278e-04
1752123574.708 60.922 0.04805677 1.28883e-04
1752123574.718 60.997 0.04811637 1.22817e-04
1752123574.728 61.071 0.04816851 1.00506e-04
1752123574.738 61.146 0.04823928 6.04205e-05
1752123574.748 61.221 0.04829328 1.95684e-05
1752123574.758 61.296 0.04838174 7.14747e-06
1752123574.768 61.370 0.04845157 4.10263e-06
1752123574.778 61.445 0.04849254 2.38566e-06
1752123574.788 61.519 0.04857635 1.65003e-06
1752123574.798 61.593 0.04862477 1.20632e-06
1752123574.808 61.667 0.04870298 9.62725e-07
1752123574.818 61.741 0.04877747 9.49222e-07
1752123574.828 61.815 0.04882962 1.08844e-06
1752123574.838 61.889 0.04892087 1.62161e-06
1752123574.848 61.963 0.04895625 2.64912e-06
1752123574.858 62.037 0.04903819 3.56365e-06
1752123574.868 62.110 0.04908474 5.40239e-06
1752123574.878 62.184 0.04911361 8.29037e-06
1752123574.888 62.257 0.04922255 9.93106e-06
1752123574.898 62.331 0.04926538 9.80878e-06
1752123574.928 62.404 0.04944137 8.88741e-06
1752123574.954 62.477 0.04961363 1.20325e-06
1752123574.960 62.550 0.04966577 1.05216e-06
1752123574.968 62.624 0.04966577 9.07624e-07
1752123574.978 62.696 0.04972537 6.38160e-07
1752123574.988 62.769 0.04980358 5.24312e-07
1752123574.998 62.842 0.04983803 4.54756e-07
1752123575.008 62.915 0.04989669 2.91575e-07
1752123575.018 62.987 0.04995629 2.90301e-07
1752123575.028 63.060 0.04998422 2.66607e-07
1752123575.038 63.132 0.05007175 3.65042e-07
1752123575.048 63.205 0.05010899 4.91010e-07
1752123575.058 63.277 0.05016766 4.76960e-07
1752123575.068 63.349 0.05020397 5.49655e-07
1752123575.078 63.421 0.05025052 5.56883e-07
1752123575.088 63.493 0.05029988 6.17786e-07
1752123575.098 63.565 0.05031757 6.01435e-07
1752123575.108 63.637 0.05037902 5.48511e-07
1752123575.118 63.709 0.05043303 5.40352e-07
1752123575.128 63.781 0.05044327 5.17132e-07
1752123575.138 63.852 0.05051590 7.06172e-07
1752123575.148 63.924 0.05055128 9.05826e-07
1752123575.158 63.995 0.05061181 1.12756e-06
1752123575.168 64.067 0.05064719 1.56814e-06
1752123575.178 64.138 0.05066302 2.04404e-06
1752123575.188 64.209 0.05073937 3.01775e-06
1752123575.198 64.280 0.05076544 3.68814e-06
1752123575.208 64.352 0.05083062 4.41341e-06
1752123575.218 64.423 0.05089208 4.29160e-06
1752123575.228 64.493 0.05092932 4.17646e-06
1752123575.238 64.564 0.05101033 3.58182e-06
1752123575.248 64.635 0.05104199 3.18871e-06
1752123575.258 64.706 0.05109413 2.16279e-06
1752123575.268 64.776 0.05117514 1.10831e-06
1752123575.278 64.847 0.05122728 4.84920e-07
1752123575.288 64.917 0.05129526 3.93230e-07
1752123575.298 64.988 0.05134088 4.53255e-07
1752123575.308 65.058 0.05141631 4.81935e-07
1752123575.318 65.128 0.05147590 6.73759e-07
1752123575.328 65.198 0.05152711 7.34043e-07
1752123575.338 65.268 0.05161650 7.83449e-07
1752123575.348 65.338 0.05167143 8.10383e-07
1752123575.358 65.408 0.05173848 7.76863e-07
1752123575.368 65.478 0.05179900 8.86358e-07
1752123575.378 65.548 0.05185021 9.80314e-07
1752123575.388 65.618 0.05193216 1.60056e-06
1752123575.398 65.687 0.05197871 2.76619e-06
1752123575.408 65.757 0.05204668 3.51900e-06
1752123575.418 65.826 0.05210814 5.95839e-06
1752123575.428 65.896 0.05215656 9.23004e-06
1752123575.438 65.965 0.05223849 1.59985e-05
1752123575.448 66.034 0.05229064 3.39141e-05
1752123575.477 66.104 0.05242845 4.93741e-05
1752123575.488 66.173 0.05252063 1.75071e-04
1752123575.494 66.242 0.05256532 1.93315e-04
1752123575.501 66.311 0.05262492 2.07876e-04
1752123575.508 66.380 0.05267892 2.04527e-04
1752123575.518 66.448 0.05267892 1.95601e-04
1752123575.528 66.517 0.05273479 1.64936e-04
1752123575.538 66.586 0.05280742 1.41207e-04
1752123575.548 66.655 0.05281208 1.05854e-04
1752123575.558 66.723 0.05288191 5.88423e-05
1752123575.568 66.792 0.05291450 2.00627e-05
1752123575.578 66.860 0.05295361 7.26113e-06
1752123575.588 66.928 0.05304300 3.76932e-06
1752123575.598 66.997 0.05307745 2.44953e-06
1752123575.608 67.065 0.05313984 1.50656e-06
1752123575.618 67.133 0.05318918 1.22713e-06
1752123575.628 67.201 0.05320688 8.93181e-07
1752123575.638 67.269 0.05327392 7.74017e-07
1752123575.648 67.337 0.05330371 7.71889e-07
1752123575.658 67.405 0.05335027 7.84245e-07
1752123575.668 67.472 0.05339962 9.82512e-07
1752123575.678 67.540 0.05344525 1.29188e-06
1752123575.688 67.608 0.05353650 1.78512e-06
1752123575.698 67.675 0.05356629 2.29031e-06
1752123575.708 67.743 0.05362682 2.45985e-06
1752123575.718 67.810 0.05366127 2.63780e-06
1752123575.728 67.878 0.05369666 2.44100e-06
1752123575.738 67.945 0.05378325 2.78205e-06
1752123575.748 68.012 0.05382888 2.65110e-06
1752123575.758 68.079 0.05387636 3.05665e-06
1752123575.768 68.147 0.05392571 3.77927e-06
1752123575.778 68.214 0.05397599 4.62018e-06
1752123575.788 68.281 0.05405514 6.76724e-06
1752123575.798 68.348 0.05409704 9.08884e-06
1752123575.808 68.414 0.05415105 1.08742e-05
1752123575.818 68.481 0.05421622 1.10856e-05
1752123575.827 68.548 0.05427582 1.01266e-05
1752123575.838 68.615 0.05434566 9.56557e-06
1752123575.847 68.681 0.05439314 8.35308e-06
1752123575.857 68.748 0.05446950 5.56915e-06
1752123575.867 68.814 0.05450860 3.82925e-06
1752123575.877 68.880 0.05453933 2.03807e-06
1752123575.887 68.947 0.05463710 1.55102e-06
1752123575.897 69.013 0.05468086 1.93721e-06
1752123575.907 69.079 0.05474790 3.55221e-06
1752123575.917 69.145 0.05479726 4.95950e-06
1752123575.927 69.212 0.05484009 7.40255e-06
1752123575.937 69.278 0.05491085 1.06015e-05
1752123575.947 69.343 0.05493786 1.38545e-05
1752123575.957 69.409 0.05500955 1.60161e-05
1752123575.967 69.475 0.05507566 1.67181e-05
1752123575.977 69.541 0.05511384 1.60391e-05
1752123575.987 69.607 0.05518833 1.40872e-05
1752123576.036 69.672 0.05544533 5.64134e-06
1752123576.043 69.738 0.05546302 2.85766e-06
1752123576.049 69.803 0.05552074 2.90903e-06
1752123576.057 69.869 0.05552074 2.94343e-06
1752123576.067 69.934 0.05557568 3.02328e-06
1752123576.077 70.000 0.05561479 3.08475e-06
1752123576.087 70.065 0.05569394 3.31278e-06
1752123576.097 70.130 0.05574329 3.45298e-06
1752123576.149 70.195 0.05601239 1.30652e-05
1752123576.158 70.260 0.05601239 1.54338e-05
1752123576.168 70.325 0.05604684 1.62503e-05
1752123576.178 70.390 0.05606453 1.51669e-05
1752123576.187 70.455 0.05613343 1.53758e-05
1752123576.198 70.520 0.05616043 1.53601e-05
1752123576.208 70.585 0.05622096 1.38758e-05
1752123576.218 70.650 0.05625914 1.34976e-05
1752123576.228 70.714 0.05627776 1.06793e-05
1752123576.238 70.779 0.05632524 7.38343e-06
1752123576.248 70.843 0.05634387 5.51712e-06
1752123576.258 70.908 0.05639042 2.85368e-06
1752123576.268 70.972 0.05642674 1.74230e-06
1752123576.278 71.037 0.05644257 1.14871e-06
1752123576.288 71.101 0.05648261 8.05461e-07
1752123576.298 71.165 0.05649285 7.35662e-07
1752123576.308 71.230 0.05655338 6.13254e-07
1752123576.318 71.294 0.05656734 5.72179e-07
1752123576.328 71.358 0.05659621 5.34282e-07
1752123576.338 71.422 0.05665580 5.37761e-07
1752123576.347 71.486 0.05667442 5.03777e-07
1752123576.358 71.550 0.05672656 3.55044e-07
1752123576.367 71.614 0.05674146 3.85523e-07
1752123576.378 71.677 0.05679268 3.66528e-07
1752123576.387 71.741 0.05684575 4.44190e-07
1752123576.397 71.805 0.05685599 4.92173e-07
1752123576.407 71.868 0.05692024 4.45908e-07
1752123576.417 71.932 0.05697518 5.14108e-07
1752123576.427 71.996 0.05702360 4.87968e-07
1752123576.437 72.059 0.05707760 5.45496e-07
1752123576.447 72.122 0.05711485 6.24433e-07
1752123576.457 72.186 0.05719027 5.81763e-07
1752123576.467 72.249 0.05721914 6.76197e-07
1752123576.477 72.312 0.05726755 7.91999e-07
1752123576.487 72.375 0.05735974 1.00335e-06
1752123576.497 72.439 0.05739046 1.27370e-06
1752123576.507 72.502 0.05746775 1.77290e-06
1752123576.517 72.565 0.05752175 2.89365e-06
1752123576.527 72.628 0.05758600 3.25721e-06
1752123576.537 72.691 0.05766608 3.58006e-06
1752123576.566 72.753 0.05783648 3.86137e-06
1752123576.592 72.816 0.05797428 4.36232e-06
1752123576.598 72.879 0.05805250 5.26724e-06
1752123576.607 72.942 0.05805250 6.62243e-06
1752123576.617 73.004 0.05810744 9.50438e-06
1752123576.627 73.067 0.05814561 1.45037e-05
1752123576.637 73.129 0.05820893 1.87306e-05
1752123576.647 73.192 0.05823873 2.23769e-05
1752123576.657 73.254 0.05832067 2.60903e-05
1752123576.668 73.317 0.05836257 3.11266e-05
1752123576.678 73.379 0.05838864 3.87622e-05
1752123576.687 73.441 0.05844916 5.10061e-05
1752123576.697 73.504 0.05847337 6.24455e-05
1752123576.707 73.566 0.05852458 7.38351e-05
1752123576.717 73.628 0.05855718 9.67060e-05
1752123576.727 73.690 0.05859907 1.28675e-04
1752123576.737 73.752 0.05864191 1.69241e-04
1752123576.747 73.814 0.05866705 2.35585e-04
1752123576.757 73.876 0.05870616 2.69675e-04
1752123576.767 73.938 0.05873874 3.13083e-04
1752123576.777 73.999 0.05877506 3.27805e-04
1752123576.787 74.061 0.05883651 3.42435e-04
1752123576.797 74.123 0.05883093 3.45559e-04
1752123576.807 74.185 0.05887376 3.32389e-04
1752123576.817 74.246 0.05890076 3.29639e-04
1752123576.827 74.308 0.05894918 3.07821e-04
1752123576.837 74.369 0.05900691 2.88645e-04
1752123576.847 74.431 0.05902554 2.46926e-04
1752123576.857 74.492 0.05909351 1.94163e-04
1752123576.867 74.553 0.05912237 1.27259e-04
1752123576.877 74.615 0.05915310 8.04819e-05
1752123576.887 74.676 0.05922107 5.52595e-05
1752123576.897 74.737 0.05922945 3.53093e-05
1752123576.907 74.798 0.05931140 1.92329e-05
1752123576.917 74.859 0.05936540 1.05665e-05
1752123576.927 74.920 0.05941010 6.60800e-06
1752123576.937 74.981 0.05948738 5.02243e-06
1752123576.947 75.042 0.05949855 4.23595e-06
1752123576.957 75.103 0.05958328 4.11029e-06
1752123576.967 75.164 0.05964660 3.98381e-06
1752123576.977 75.225 0.05969036 3.64121e-06
1752123576.987 75.285 0.05976020 3.35807e-06
1752123576.997 75.346 0.05979186 3.15860e-06
1752123577.007 75.407 0.05986449 2.96942e-06
1752123577.017 75.467 0.05990266 3.66409e-06
1752123577.027 75.528 0.05996691 3.81443e-06
1752123577.037 75.588 0.06004047 3.65904e-06
1752123577.047 75.649 0.06007679 3.94324e-06
1752123577.057 75.709 0.06014662 3.83482e-06
1752123577.067 75.770 0.06019318 4.02404e-06
1752123577.077 75.830 0.06023415 4.33859e-06
1752123577.087 75.890 0.06029188 4.59629e-06
1752123577.117 75.950 0.06042876 4.09152e-06
1752123577.127 76.011 0.06053118 4.61246e-06
1752123577.137 76.071 0.06053118 5.42293e-06
1752123577.147 76.131 0.06055166 6.11609e-06
1752123577.157 76.191 0.06064571 6.97462e-06
1752123577.167 76.251 0.06068388 7.60088e-06
1752123577.177 76.311 0.06071089 7.86125e-06
1752123577.187 76.371 0.06077514 8.52118e-06
1752123577.197 76.430 0.06080866 8.15967e-06
1752123577.207 76.490 0.06087104 8.37325e-06
1752123577.217 76.550 0.06091294 8.27339e-06
1752123577.229 76.610 0.06097347 6.53071e-06
1752123577.237 76.669 0.06097347 6.29158e-06
1752123577.247 76.729 0.06100420 5.32417e-06
1752123577.257 76.788 0.06107123 4.42225e-06
1752123577.267 76.848 0.06110290 3.55426e-06
1752123577.277 76.907 0.06113176 2.81461e-06
1752123577.287 76.967 0.06117646 2.35309e-06
1752123577.297 77.026 0.06119508 2.22406e-06
1752123577.307 77.086 0.06126212 1.90319e-06
1752123577.317 77.145 0.06128446 2.23822e-06
1752123577.327 77.204 0.06132916 2.47631e-06
1752123577.337 77.263 0.06138689 2.45099e-06
1752123577.347 77.322 0.06141203 2.82480e-06
1752123577.357 77.381 0.06146883 2.56657e-06
1752123577.367 77.441 0.06149956 2.99014e-06
1752123577.377 77.500 0.06154425 2.99513e-06
1752123577.387 77.558 0.06160105 3.02296e-06
1752123577.397 77.617 0.06162340 2.70062e-06
1752123577.407 77.676 0.06169230 2.41079e-06
1752123577.417 77.735 0.06172117 2.45043e-06
1752123577.427 77.794 0.06176028 2.09581e-06
1752123577.437 77.853 0.06181801 2.12629e-06
1752123577.447 77.911 0.06185060 1.94423e-06
1752123577.457 77.970 0.06192136 1.92170e-06
1752123577.467 78.029 0.06196792 2.35495e-06
1752123577.477 78.087 0.06201261 2.50577e-06
1752123577.487 78.146 0.06208431 3.26868e-06
1752123577.497 78.204 0.06212156 3.80455e-06
1752123577.507 78.263 0.06218394 4.05045e-06
1752123577.517 78.321 0.06221374 4.26557e-06
1752123577.527 78.379 0.06226960 4.32467e-06
1752123577.537 78.438 0.06233572 4.59281e-06
1752123577.547 78.496 0.06236644 4.37482e-06
1752123577.557 78.554 0.06244094 4.13851e-06
1752123577.567 78.612 0.06247446 4.23974e-06
1752123577.577 78.670 0.06251915 4.12302e-06
1752123577.587 78.728 0.06258340 4.06122e-06
1752123577.596 78.786 0.06261692 4.07204e-06
1752123577.607 78.844 0.06268210 4.17618e-06
1752123577.616 78.902 0.06272400 4.12126e-06
1752123577.626 78.960 0.06276404 4.37208e-06
1752123577.675 79.018 0.06301544 4.55700e-06
1752123577.682 79.076 0.06306480 4.81242e-06
1752123577.689 79.134 0.06308342 5.22017e-06
1752123577.697 79.192 0.06308342 5.92968e-06
1752123577.706 79.249 0.06315139 6.39041e-06
1752123577.716 79.307 0.06318212 6.73404e-06
1752123577.726 79.365 0.06323147 6.98166e-06
1752123577.736 79.422 0.06328455 8.44276e-06
1752123577.746 79.480 0.06329851 1.03343e-05
1752123577.756 79.537 0.06337487 1.27245e-05
1752123577.766 79.595 0.06340839 1.38859e-05
1752123577.776 79.652 0.06343352 1.61909e-05
1752123577.786 79.709 0.06349033 1.79776e-05
1752123577.796 79.767 0.06352012 1.99339e-05
1752123577.806 79.824 0.06358064 2.21395e-05
1752123577.816 79.881 0.06360113 2.26670e-05
1752123577.826 79.938 0.06362813 2.39137e-05
1752123577.836 79.996 0.06365700 2.47913e-05
1752123577.846 80.053 0.06367283 2.47517e-05
1752123577.856 80.110 0.06371845 2.46977e-05
1752123577.866 80.167 0.06374546 2.42621e-05
1752123577.876 80.224 0.06378829 2.34758e-05
1752123577.886 80.281 0.06384695 2.22761e-05
1752123577.896 80.338 0.06387395 2.13104e-05
1752123577.906 80.395 0.06392237 1.97188e-05
1752123577.916 80.451 0.06393262 1.81725e-05
1752123577.926 80.508 0.06397917 1.66504e-05
1752123577.936 80.565 0.06403876 1.51871e-05
1752123577.946 80.622 0.06405459 1.39015e-05
1752123577.956 80.678 0.06411511 1.15423e-05
1752123577.966 80.735 0.06415981 1.02287e-05
1752123577.976 80.792 0.06418588 8.74124e-06
1752123577.986 80.848 0.06424547 7.63754e-06
1752123577.996 80.905 0.06427713 6.06209e-06
1752123578.006 80.961 0.06434697 4.74528e-06
1752123578.016 81.018 0.06438328 3.91011e-06
1752123578.026 81.074 0.06444008 3.06569e-06
1752123578.036 81.130 0.06450433 2.74035e-06
1752123578.046 81.187 0.06451643 2.53254e-06
1752123578.056 81.243 0.06458440 2.17060e-06
1752123578.066 81.299 0.06464028 2.22712e-06
1752123578.076 81.355 0.06468962 2.00001e-06
1752123578.086 81.412 0.06475108 2.12368e-06
1752123578.096 81.468 0.06478274 2.09284e-06
1752123578.106 81.524 0.06484699 2.29795e-06
1752123578.116 81.580 0.06488237 2.46852e-06
1752123578.126 81.636 0.06495127 2.64470e-06
1752123578.136 81.692 0.06501645 2.68562e-06
1752123578.146 81.748 0.06503787 3.12499e-06
1752123578.156 81.804 0.06510025 3.02566e-06
1752123578.166 81.860 0.06512912 3.41387e-06
1752123578.176 81.915 0.06518871 3.25612e-06
1752123578.206 81.971 0.06534514 3.42788e-06
1752123578.230 82.027 0.06546060 3.52258e-06
1752123578.237 82.083 0.06548109 3.39679e-06
1752123578.247 82.138 0.06548109 3.37744e-06
1752123578.257 82.194 0.06554441 3.35678e-06
1752123578.267 82.250 0.06556768 3.39565e-06
1752123578.277 82.305 0.06561238 3.26783e-06
1752123578.287 82.361 0.06565707 3.38592e-06
1752123578.297 82.416 0.06569711 3.44435e-06
1752123578.307 82.472 0.06575484 3.18552e-06
1752123578.317 82.527 0.06578184 3.32106e-06
1752123578.327 82.582 0.06581351 3.24672e-06
1752123578.337 82.638 0.06586285 3.23404e-06
1752123578.346 82.693 0.06588334 2.89249e-06
1752123578.356 82.748 0.06594480 2.99249e-06
1752123578.366 82.803 0.06594759 2.79480e-06
1752123578.376 82.859 0.06598949 2.94423e-06
1752123578.386 82.914 0.06603512 3.07989e-06
1752123578.396 82.969 0.06606026 2.83009e-06
1752123578.406 83.024 0.06611612 2.92193e-06
1752123578.416 83.079 0.06613009 3.16284e-06
1752123578.426 83.134 0.06617106 2.95911e-06
1752123578.436 83.189 0.06620272 3.20074e-06
1752123578.446 83.244 0.06622320 3.17288e-06
1752123578.456 83.299 0.06627907 3.17257e-06
1752123578.466 83.354 0.06630328 3.14396e-06
1752123578.476 83.409 0.06635263 3.21840e-06
1752123578.486 83.463 0.06639081 3.27509e-06
1752123578.496 83.518 0.06641315 3.36493e-06
1752123578.506 83.573 0.06647554 3.27390e-06
1752123578.516 83.627 0.06650441 3.49017e-06
1752123578.526 83.682 0.06654631 3.44462e-06
1752123578.536 83.737 0.06659752 3.36644e-06
1752123578.546 83.791 0.06663476 3.58707e-06
1752123578.556 83.846 0.06670553 3.73379e-06
1752123578.566 83.900 0.06674185 3.57669e-06
1752123578.576 83.955 0.06678374 3.64902e-06
1752123578.586 84.009 0.06684799 3.73100e-06
1752123578.596 84.064 0.06687686 3.70296e-06
1752123578.606 84.118 0.06693366 3.74268e-06
1752123578.616 84.172 0.06697183 3.82566e-06
1752123578.626 84.227 0.06703143 3.63141e-06
1752123578.636 84.281 0.06709195 3.94099e-06
1752123578.646 84.335 0.06712081 5.00393e-06
1752123578.656 84.389 0.06719624 5.93778e-06
1752123578.666 84.443 0.06721765 1.08237e-05
1752123578.676 84.498 0.06726794 1.36022e-05
1752123578.686 84.552 0.06732660 1.98313e-05
1752123578.696 84.606 0.06735919 2.77525e-05
1752123578.706 84.660 0.06742437 3.44779e-05
1752123578.716 84.714 0.06745044 4.38210e-05
1752123578.726 84.768 0.06751003 5.66635e-05
1752123578.755 84.821 0.06765622 6.71737e-05
1752123578.766 84.875 0.06767578 9.94192e-05
1752123578.771 84.929 0.06771488 1.08108e-04
1752123578.776 84.983 0.06775957 1.09957e-04
1752123578.786 85.037 0.06775957 1.16423e-04
1752123578.796 85.091 0.06779217 1.24944e-04
1752123578.806 85.144 0.06785734 1.31450e-04
1752123578.816 85.198 0.06787224 1.40678e-04
1752123578.826 85.252 0.06792997 1.47118e-04
1752123578.836 85.305 0.06797932 1.49277e-04
1752123578.846 85.359 0.06799236 1.52965e-04
1752123578.856 85.412 0.06805288 1.55665e-04
1752123578.866 85.466 0.06808175 1.55647e-04
1752123578.876 85.519 0.06812738 1.54266e-04
1752123578.886 85.573 0.06817300 1.50766e-04
1752123578.896 85.626 0.06819441 1.49916e-04
1752123578.906 85.679 0.06825773 1.49098e-04
1752123578.916 85.733 0.06827542 1.49526e-04
1752123578.926 85.786 0.06830801 1.47574e-04
1752123578.936 85.839 0.06835830 1.46321e-04
1752123578.946 85.893 0.06837971 1.46592e-04
1752123578.956 85.946 0.06842906 1.44095e-04
1752123578.966 85.999 0.06844303 1.42608e-04
1752123578.976 86.052 0.06851286 1.38891e-04
1752123578.986 86.105 0.06855384 1.36292e-04
1752123578.996 86.158 0.06858735 1.32466e-04
1752123579.006 86.211 0.06865067 1.28800e-04
1752123579.016 86.264 0.06867768 1.21263e-04
1752123579.026 86.317 0.06871399 1.15885e-04
1752123579.036 86.370 0.06876520 1.08032e-04
1752123579.046 86.423 0.06878382 9.90003e-05
1752123579.056 86.476 0.06885738 8.96804e-05
1752123579.066 86.529 0.06888625 7.99219e-05
1752123579.076 86.582 0.06892815 7.05292e-05
1752123579.086 86.634 0.06896446 6.04892e-05
1752123579.096 86.687 0.06899706 5.09952e-05
1752123579.106 86.740 0.06906968 4.28987e-05
1752123579.116 86.793 0.06909296 3.57965e-05
1752123579.126 86.845 0.06916279 2.93374e-05
1752123579.136 86.898 0.06921400 2.44857e-05
1752123579.146 86.950 0.06924474 1.88418e-05
1752123579.156 87.003 0.06930898 1.69428e-05
1752123579.166 87.056 0.06933784 1.14927e-05
1752123579.176 87.108 0.06938347 1.12292e-05
1752123579.186 87.160 0.06942537 9.29160e-06
1752123579.196 87.213 0.06946728 5.84420e-06
1752123579.206 87.265 0.06951849 5.32070e-06
1752123579.216 87.318 0.06955667 4.73923e-06
1752123579.226 87.370 0.06961253 4.12684e-06
1752123579.236 87.422 0.06965164 3.56174e-06
1752123579.246 87.475 0.06969634 2.98833e-06
1752123579.256 87.527 0.06975034 2.76019e-06
1752123579.266 87.579 0.06977735 2.13791e-06
1752123579.314 87.631 0.06996729 2.06295e-06
1752123579.321 87.683 0.07001478 2.03842e-06
1752123579.327 87.736 0.07005668 1.99332e-06
1752123579.336 87.788 0.07005668 2.04501e-06
1752123579.346 87.840 0.07009393 1.91464e-06
1752123579.356 87.892 0.07014980 1.97194e-06
1752123579.366 87.944 0.07016004 1.92474e-06
1752123579.376 87.996 0.07021312 1.98093e-06
1752123579.386 88.048 0.07026619 2.01361e-06
1752123579.396 88.099 0.07029319 1.84672e-06
1752123579.406 88.151 0.07034720 1.85832e-06
1752123579.415 88.203 0.07036210 1.83593e-06
1752123579.425 88.255 0.07039375 1.80094e-06
1752123579.436 88.307 0.07045428 1.86971e-06
1752123579.445 88.359 0.07045987 1.74728e-06
1752123579.455 88.410 0.07052039 1.73966e-06
1752123579.465 88.462 0.07053622 1.79942e-06
1752123579.475 88.514 0.07058557 1.70184e-06
1752123579.485 88.565 0.07061164 1.66632e-06
1752123579.495 88.617 0.07062747 1.56465e-06
1752123579.505 88.668 0.07068054 1.55623e-06
1752123579.515 88.720 0.07070010 1.57934e-06
1752123579.525 88.771 0.07072710 1.44753e-06
1752123579.535 88.823 0.07076062 1.50158e-06
1752123579.545 88.874 0.07078763 1.38807e-06
1752123579.555 88.926 0.07084256 1.31793e-06
1752123579.565 88.977 0.07085932 1.33397e-06
1752123579.575 89.029 0.07090122 1.21626e-06
1752123579.585 89.080 0.07093567 1.21657e-06
1752123579.595 89.131 0.07097199 1.08132e-06
1752123579.605 89.182 0.07103996 1.08974e-06
1752123579.615 89.234 0.07106324 1.13193e-06
1752123579.625 89.285 0.07111632 1.07224e-06
1752123579.635 89.336 0.07115356 1.11230e-06
1752123579.645 89.387 0.07117684 1.10547e-06
1752123579.655 89.438 0.07124388 1.14294e-06
1752123579.665 89.489 0.07125971 1.25337e-06
1752123579.675 89.541 0.07132861 1.19551e-06
1752123579.685 89.592 0.07137889 1.28182e-06
1752123579.695 89.643 0.07141055 1.27177e-06
1752123579.705 89.694 0.07147015 1.42063e-06
1752123579.715 89.744 0.07149808 1.46616e-06
1752123579.725 89.795 0.07156605 1.47817e-06
1752123579.735 89.846 0.07160143 1.55430e-06
1752123579.745 89.897 0.07162099 1.56520e-06
1752123579.755 89.948 0.07169734 1.67672e-06
1752123579.765 89.999 0.07172527 1.76694e-06
1752123579.775 90.050 0.07177277 1.75165e-06
1752123579.785 90.100 0.07181373 1.82245e-06
1752123579.795 90.151 0.07185563 1.85091e-06
1752123579.805 90.202 0.07191895 1.94962e-06
1752123579.815 90.252 0.07194223 2.02030e-06
1752123579.846 90.303 0.07212566 2.00271e-06
1752123579.872 90.354 0.07219363 2.12112e-06
1752123579.877 90.404 0.07223368 2.18578e-06
1752123579.885 90.455 0.07223368 2.14432e-06
1752123579.895 90.505 0.07227278 2.08946e-06
1752123579.905 90.556 0.07232120 2.12051e-06
1752123579.915 90.606 0.07233424 2.14625e-06
1752123579.925 90.657 0.07239848 1.98912e-06
1752123579.935 90.707 0.07242642 2.03586e-06
1752123579.945 90.757 0.07244504 1.96590e-06
1752123579.955 90.808 0.07250929 1.99702e-06
1752123579.965 90.858 0.07252046 1.95821e-06
1752123579.975 90.908 0.07256144 1.79606e-06
1752123579.985 90.959 0.07258099 1.77164e-06
1752123579.995 91.009 0.07261078 1.73480e-06
1752123580.005 91.059 0.07266386 1.74023e-06
1752123580.015 91.109 0.07267410 1.76711e-06
1752123580.025 91.160 0.07272997 1.61875e-06
1752123580.036 91.210 0.07275511 1.65575e-06
1752123580.046 91.260 0.07277094 1.62798e-06
1752123580.056 91.310 0.07282867 1.63037e-06
1752123580.066 91.360 0.07283705 1.63625e-06
1752123580.075 91.410 0.07288919 1.57777e-06
1752123580.085 91.460 0.07290595 1.58624e-06
1752123580.095 91.510 0.07294506 1.52899e-06
1752123580.105 91.560 0.07298790 1.59364e-06
1752123580.115 91.610 0.07300372 1.59652e-06
1752123580.125 91.660 0.07306238 1.49050e-06
1752123580.135 91.709 0.07309777 1.53948e-06
1752123580.145 91.759 0.07313036 1.47226e-06
1752123580.155 91.809 0.07317319 1.52651e-06
1752123580.165 91.859 0.07317971 1.51068e-06
1752123580.175 91.909 0.07325513 1.40610e-06
1752123580.185 91.958 0.07329610 1.41692e-06
1752123580.195 92.008 0.07332310 1.34939e-06
1752123580.205 92.058 0.07338083 1.37322e-06
1752123580.215 92.107 0.07338642 1.35459e-06
1752123580.225 92.157 0.07345532 1.24325e-06
1752123580.235 92.207 0.07350467 1.26065e-06
1752123580.245 92.256 0.07353913 1.18239e-06
1752123580.255 92.306 0.07359592 1.18800e-06
1752123580.265 92.355 0.07362013 1.16458e-06
1752123580.275 92.405 0.07368159 1.01708e-06
1752123580.285 92.454 0.07372721 1.08159e-06
1752123580.295 92.504 0.07375515 9.65526e-07
1752123580.305 92.553 0.07382033 1.05574e-06
1752123580.315 92.602 0.07384267 1.01443e-06
1752123580.325 92.652 0.07390227 9.47409e-07
1752123580.335 92.701 0.07393299 9.82747e-07
1752123580.345 92.750 0.07395535 9.15532e-07
1752123580.355 92.800 0.07401214 9.84677e-07
1752123580.365 92.849 0.07405497 9.94302e-07
1752123580.395 92.898 0.07421885 8.92099e-07
1752123580.405 92.947 0.07424679 9.16243e-07
1752123580.415 92.996 0.07424679 9.90075e-07
1752123580.425 93.046 0.07429986 9.33837e-07
1752123580.435 93.095 0.07432780 9.59805e-07
1752123580.445 93.144 0.07435201 9.25835e-07
1752123580.455 93.193 0.07442091 9.12766e-07
1752123580.465 93.242 0.07443115 9.38519e-07
1752123580.475 93.291 0.07446374 8.40927e-07
1752123580.485 93.340 0.07451496 9.16660e-07
1752123580.495 93.389 0.07456151 8.53251e-07
1752123580.505 93.438 0.07460527 8.24421e-07
1752123580.515 93.487 0.07461924 8.81854e-07
1752123580.525 93.536 0.07467883 8.07947e-07
1752123580.535 93.584 0.07469559 7.73607e-07
1752123580.545 93.633 0.07470677 7.10175e-07
1752123580.555 93.682 0.07476636 7.08582e-07
1752123580.565 93.731 0.07477567 7.63303e-07
1752123580.575 93.780 0.07481478 6.38518e-07
1752123580.585 93.828 0.07484550 6.26400e-07
1752123580.595 93.877 0.07489206 5.83989e-07
1752123580.605 93.926 0.07494327 5.96256e-07
1752123580.615 93.974 0.07494234 6.36082e-07
1752123580.625 94.023 0.07499449 5.48831e-07
1752123580.635 94.072 0.07503080 5.39270e-07
1752123580.645 94.120 0.07505035 4.90947e-07
1752123580.684 94.169 0.07519655 4.98810e-07
1752123580.691 94.217 0.07523845 4.36784e-07
1752123580.698 94.266 0.07529059 4.56041e-07
1752123580.705 94.314 0.07529059 4.09532e-07
1752123580.715 94.363 0.07529897 4.84947e-07
1752123580.725 94.411 0.07536601 4.16839e-07
1752123580.735 94.460 0.07539209 4.61863e-07
1752123580.745 94.508 0.07540791 4.25308e-07
1752123580.755 94.556 0.07546564 5.02762e-07
1752123580.765 94.605 0.07551313 4.73908e-07
1752123580.775 94.653 0.07558855 3.82270e-07
1752123580.785 94.701 0.07560624 4.35923e-07
1752123580.795 94.749 0.07562766 4.10794e-07
1752123580.805 94.798 0.07569004 4.48240e-07
1752123580.815 94.846 0.07569749 4.21060e-07
1752123580.825 94.894 0.07574312 3.48212e-07
1752123580.835 94.942 0.07578130 3.97432e-07
1752123580.845 94.990 0.07581295 3.76313e-07
1752123580.855 95.038 0.07586696 4.06294e-07
1752123580.865 95.087 0.07587441 3.87415e-07
1752123580.875 95.135 0.07592190 3.25296e-07
1752123580.885 95.183 0.07594890 3.73824e-07
1752123580.895 95.231 0.07598522 3.49093e-07
1752123580.925 95.279 0.07611744 4.04786e-07
1752123580.935 95.327 0.07615561 3.84178e-07
1752123580.945 95.375 0.07615561 3.46128e-07
1752123580.955 95.422 0.07620869 4.02136e-07
1752123580.965 95.470 0.07621427 4.27524e-07
1752123580.975 95.518 0.07626828 3.71080e-07
1752123580.985 95.566 0.07631111 3.72645e-07
1752123580.995 95.614 0.07633067 3.38922e-07
1752123581.005 95.662 0.07637536 3.88226e-07
1752123581.015 95.709 0.07639957 4.17917e-07
1752123581.025 95.757 0.07647406 3.33192e-07
1752123581.035 95.805 0.07650200 3.96633e-07
1752123581.045 95.853 0.07653272 3.58683e-07
1752123581.055 95.900 0.07657742 4.26664e-07
1752123581.065 95.948 0.07658207 5.13343e-07
1752123581.075 95.996 0.07663794 4.77893e-07
1752123581.085 96.043 0.07666960 5.88381e-07
1752123581.095 96.091 0.07671057 6.12735e-07
1752123581.105 96.138 0.07674502 7.38942e-07
1752123581.115 96.186 0.07675806 8.38022e-07
1752123581.125 96.233 0.07680182 9.18495e-07
1752123581.135 96.281 0.07682789 1.10639e-06
1752123581.145 96.328 0.07686328 1.19671e-06
1752123581.155 96.376 0.07692007 1.39098e-06
1752123581.165 96.423 0.07692938 1.51020e-06
1752123581.175 96.471 0.07698618 1.71257e-06
1752123581.185 96.518 0.07700294 1.88119e-06
1752123581.195 96.565 0.07704857 1.99531e-06
1752123581.205 96.613 0.07709233 2.23424e-06
1752123581.215 96.660 0.07710723 2.49525e-06
1752123581.225 96.707 0.07717800 2.68263e-06
1752123581.235 96.755 0.07719755 2.85601e-06
1752123581.245 96.802 0.07722455 3.22709e-06
1752123581.255 96.849 0.07729439 3.53233e-06
1752123581.265 96.896 0.07729812 3.69604e-06
1752123581.275 96.943 0.07735864 3.70447e-06
1752123581.285 96.990 0.07738564 4.16145e-06
1752123581.295 97.038 0.07742475 4.19326e-06
1752123581.305 97.085 0.07748061 4.34340e-06
1752123581.314 97.132 0.07749738 4.55417e-06
1752123581.325 97.179 0.07755790 4.71731e-06
1752123581.334 97.226 0.07757838 4.59176e-06
1752123581.344 97.273 0.07762215 4.70909e-06
1752123581.354 97.320 0.07766684 4.82584e-06
1752123581.364 97.367 0.07768547 4.94013e-06
1752123581.374 97.414 0.07775623 5.02086e-06
1752123581.384 97.461 0.07778230 5.36551e-06
1752123581.394 97.508 0.07784097 5.45930e-06
1752123581.404 97.554 0.07788194 5.97172e-06
1752123581.415 97.601 0.07788938 6.27486e-06
1752123581.425 97.648 0.07793594 6.38595e-06
1752123581.435 97.695 0.07796388 6.97970e-06
1752123581.484 97.742 0.07816407 7.99987e-06
1752123581.491 97.788 0.07820876 8.43679e-06
1752123581.497 97.835 0.07825532 8.56984e-06
1752123581.505 97.882 0.07825532 8.51216e-06
1752123581.514 97.929 0.07826463 8.57648e-06
1752123581.524 97.975 0.07832981 8.38570e-06
1752123581.534 98.022 0.07835216 8.28567e-06
1752123581.544 98.068 0.07837543 8.09890e-06
1752123581.554 98.115 0.07842293 7.95693e-06
1752123581.564 98.162 0.07844713 7.59831e-06
1752123581.574 98.208 0.07850394 7.30397e-06
1752123581.584 98.255 0.07852814 7.06531e-06
1752123581.594 98.301 0.07856073 6.65384e-06
1752123581.604 98.348 0.07860450 6.37176e-06
1752123581.614 98.394 0.07859704 5.98534e-06
1752123581.624 98.441 0.07864360 5.69478e-06
1752123581.634 98.487 0.07865291 5.44573e-06
1752123581.644 98.533 0.07869109 5.12100e-06
1752123581.654 98.580 0.07873951 5.09045e-06
1752123581.664 98.626 0.07875627 4.67302e-06
1752123581.674 98.673 0.07879445 4.49046e-06
1752123581.684 98.719 0.07880469 4.39392e-06
1752123581.694 98.765 0.07883449 4.17234e-06
1752123581.704 98.811 0.07887266 4.05991e-06
1752123581.714 98.858 0.07889315 3.93071e-06
1752123581.724 98.904 0.07894157 4.07149e-06
1752123581.734 98.950 0.07896298 3.78723e-06
1752123581.744 98.996 0.07899185 3.73047e-06
1752123581.754 99.042 0.07903003 3.71683e-06
1752123581.764 99.089 0.07904865 3.75608e-06
1752123581.774 99.135 0.07911289 3.71281e-06
1752123581.784 99.181 0.07913338 3.70694e-06
1752123581.794 99.227 0.07916970 3.51739e-06
1752123581.804 99.273 0.07922463 3.53671e-06
1752123581.814 99.319 0.07924418 3.57021e-06
1752123581.824 99.365 0.07930098 3.45976e-06
1752123581.834 99.411 0.07933544 3.55225e-06
1752123581.844 99.457 0.07939317 3.81542e-06
1752123581.854 99.503 0.07944438 3.52453e-06
1752123581.864 99.549 0.07945741 3.44145e-06
1752123581.874 99.595 0.07951235 3.57293e-06
1752123581.884 99.641 0.07954494 3.55327e-06
1752123581.894 99.687 0.07959429 3.48451e-06
1752123581.904 99.732 0.07962968 3.24850e-06
1752123581.914 99.778 0.07963992 3.06698e-06
1752123581.924 99.824 0.07969393 3.03021e-06
1752123581.934 99.870 0.07973582 2.97777e-06
1752123581.944 99.916 0.07977121 2.95385e-06
1752123581.954 99.961 0.07983266 2.70973e-06
1752123581.964 100.007 0.07984756 2.56172e-06
1752123581.974 100.053 0.07990343 2.55643e-06
1752123581.984 100.098 0.07993695 2.36790e-06
1752123582.013 100.144 0.08002447 2.31031e-06
1752123582.040 100.190 0.08015018 1.68924e-06
1752123582.046 100.235 0.08018929 1.62069e-06
1752123582.054 100.281 0.08018929 1.56857e-06
1752123582.064 100.326 0.08020884 1.47154e-06
1752123582.074 100.372 0.08027123 1.38612e-06
1752123582.084 100.418 0.08029264 1.39463e-06
1752123582.094 100.463 0.08032523 1.32732e-06
1752123582.104 100.509 0.08037179 1.31550e-06
1752123582.114 100.554 0.08038203 1.21649e-06
1752123582.124 100.599 0.08045653 1.14133e-06
1752123582.134 100.645 0.08047608 1.24808e-06
1752123582.144 100.690 0.08049004 1.12735e-06
1752123582.154 100.736 0.08052915 1.12949e-06
1752123582.164 100.781 0.08054219 1.05061e-06
1752123582.174 100.826 0.08059154 9.81749e-07
1752123582.184 100.872 0.08061575 1.07921e-06
1752123582.194 100.917 0.08064647 9.94024e-07
1752123582.204 100.962 0.08068279 9.90980e-07
1752123582.214 101.008 0.08067999 9.28591e-07
1752123582.224 101.053 0.08072469 8.91623e-07
1752123582.234 101.098 0.08073959 9.25974e-07
1752123582.244 101.143 0.08077869 8.77755e-07
1752123582.254 101.188 0.08079545 8.80866e-07
1752123582.264 101.234 0.08080384 8.09015e-07
1752123582.274 101.279 0.08087181 7.74585e-07
1752123582.284 101.324 0.08088577 8.41502e-07
1752123582.294 101.369 0.08092768 7.66520e-07
1752123582.304 101.414 0.08098913 7.94934e-07
1752123582.314 101.459 0.08099658 7.04184e-07
1752123582.324 101.504 0.08105617 6.75439e-07
1752123582.334 101.549 0.08106269 7.40735e-07
1752123582.344 101.594 0.08109993 6.77379e-07
1752123582.354 101.639 0.08114463 7.12066e-07
1752123582.364 101.684 0.08116232 6.10151e-07
1752123582.374 101.729 0.08123029 6.21388e-07
1752123582.384 101.774 0.08125451 6.79796e-07
1752123582.394 101.819 0.08129082 6.10814e-07
1752123582.404 101.864 0.08133365 6.13626e-07
1752123582.414 101.909 0.08134203 5.51196e-07
1752123582.424 101.954 0.08142583 5.21549e-07
1752123582.434 101.998 0.08144725 5.96868e-07
1752123582.444 102.043 0.08148915 5.37891e-07
1752123582.454 102.088 0.08153012 5.14527e-07
1752123582.464 102.133 0.08155619 4.87734e-07
1752123582.474 102.177 0.08161765 4.93973e-07
1752123582.484 102.222 0.08163813 5.47982e-07
1752123582.494 102.267 0.08168655 4.99235e-07
1752123582.504 102.312 0.08172287 5.83877e-07
1752123582.514 102.356 0.08173869 5.37959e-07
1752123582.524 102.401 0.08180108 6.09506e-07
1752123582.534 102.446 0.08182436 7.83529e-07
1752123582.563 102.490 0.08193330 8.59572e-07
1752123582.574 102.535 0.08198544 1.61175e-06
1752123582.579 102.579 0.08200127 1.83730e-06
1752123582.587 102.624 0.08205062 2.21962e-06
1752123582.594 102.668 0.08205062 2.27718e-06
1752123582.604 102.713 0.08210090 2.84415e-06
1752123582.614 102.757 0.08212419 3.12821e-06
1752123582.624 102.802 0.08217819 3.85534e-06
1752123582.634 102.846 0.08219216 4.51226e-06
1752123582.644 102.891 0.08223127 5.71216e-06
1752123582.654 102.935 0.08228248 6.30641e-06
1752123582.664 102.980 0.08228527 7.40060e-06
1752123582.674 103.024 0.08234114 8.12294e-06
1752123582.684 103.068 0.08235883 1.00322e-05
1752123582.694 103.113 0.08239794 1.07808e-05
1752123582.704 103.157 0.08242866 1.21457e-05
1752123582.714 103.201 0.08243146 1.30876e-05
1752123582.724 103.246 0.08248174 1.44152e-05
1752123582.734 103.290 0.08250781 1.62856e-05
1752123582.744 103.334 0.08256181 1.89266e-05
1752123582.754 103.378 0.08258789 1.99406e-05
1752123582.764 103.423 0.08260837 2.17015e-05
1752123582.774 103.467 0.08264003 2.39867e-05
1752123582.784 103.511 0.08263817 2.43118e-05
1752123582.794 103.555 0.08269497 2.74371e-05
1752123582.804 103.599 0.08273594 2.81267e-05
1752123582.814 103.643 0.08276108 2.84227e-05
1752123582.824 103.687 0.08282347 3.13782e-05
1752123582.834 103.732 0.08282905 3.05018e-05
1752123582.844 103.776 0.08287281 3.25739e-05
1752123582.854 103.820 0.08291286 3.39890e-05
1752123582.864 103.864 0.08295289 3.51667e-05
1752123582.874 103.908 0.08300411 3.59253e-05
1752123582.884 103.952 0.08301901 3.66811e-05
1752123582.894 103.996 0.08306835 3.80609e-05
1752123582.904 104.040 0.08310280 4.20319e-05
1752123582.914 104.083 0.08312981 4.22312e-05
1752123582.924 104.127 0.08320150 4.55999e-05
1752123582.934 104.171 0.08319499 4.69873e-05
1752123582.944 104.215 0.08323689 5.06109e-05
1752123582.953 104.259 0.08329834 5.34724e-05
1752123582.963 104.303 0.08332441 5.81799e-05
1752123582.973 104.347 0.08338773 6.28692e-05
1752123582.983 104.390 0.08339704 6.38486e-05
1752123582.993 104.434 0.08343056 6.85601e-05
1752123583.004 104.478 0.08347898 7.27199e-05
1752123583.013 104.522 0.08350412 7.59656e-05
1752123583.023 104.565 0.08356558 7.64229e-05
1752123583.033 104.609 0.08356744 7.93928e-05
1752123583.043 104.653 0.08360283 8.12860e-05
1752123583.053 104.697 0.08364286 8.32912e-05
1752123583.063 104.740 0.08368849 8.32718e-05
1752123583.073 104.784 0.08374715 8.29392e-05
1752123583.121 104.827 0.08391289 7.58609e-05
1752123583.131 104.871 0.08392127 6.73769e-05
1752123583.152 104.915 0.08400321 5.86829e-05
1752123583.159 104.958 0.08401997 5.65732e-05
1752123583.165 105.002 0.08406839 5.33283e-05
1752123583.173 105.045 0.08406839 5.13976e-05
1752123583.183 105.089 0.08407677 4.81701e-05
1752123583.193 105.132 0.08412985 4.42418e-05
1752123583.203 105.176 0.08416802 4.21860e-05
1752123583.213 105.219 0.08418664 3.91094e-05
1752123583.223 105.263 0.08424065 3.58718e-05
1752123583.233 105.306 0.08425928 3.42270e-05
1752123583.243 105.349 0.08428348 3.19876e-05
1752123583.253 105.393 0.08431421 3.10590e-05
1752123583.263 105.436 0.08432631 2.91128e-05
1752123583.273 105.479 0.08438963 2.83724e-05
1752123583.283 105.523 0.08439801 2.65936e-05
1752123583.293 105.566 0.08442688 2.51537e-05
1752123583.303 105.609 0.08445575 2.44528e-05
1752123583.313 105.653 0.08446785 2.40416e-05
1752123583.323 105.696 0.08449113 2.37706e-05
1752123583.333 105.739 0.08449578 2.38119e-05
1752123583.343 105.782 0.08453396 2.29999e-05
1752123583.353 105.826 0.08458331 2.20223e-05
1752123583.363 105.869 0.08458517 2.32166e-05
1752123583.373 105.912 0.08462521 2.15783e-05
1752123583.383 105.955 0.08461311 2.07613e-05
1752123583.393 105.998 0.08466339 2.06628e-05
1752123583.403 106.041 0.08471460 2.04781e-05
1752123583.413 106.084 0.08473229 2.00977e-05
1752123583.423 106.128 0.08476488 1.99318e-05
1752123583.433 106.171 0.08479375 2.03986e-05
1752123583.443 106.214 0.08483844 1.88736e-05
1752123583.453 106.257 0.08488127 1.82067e-05
1752123583.463 106.300 0.08489897 1.83166e-05
1752123583.473 106.343 0.08496135 1.81869e-05
1752123583.483 106.386 0.08497252 1.73637e-05
1752123583.493 106.429 0.08502281 1.67006e-05
1752123583.503 106.472 0.08506005 1.72107e-05
1752123583.513 106.514 0.08510568 1.73776e-05
1752123583.523 106.557 0.08514944 1.53574e-05
1752123583.598 106.600 0.08544182 1.01411e-05
1752123583.605 106.643 0.08545578 1.01936e-05
1752123583.613 106.686 0.08545578 9.66143e-06
1752123583.623 106.729 0.08550606 9.24356e-06
1752123583.653 106.772 0.08561594 9.37309e-06
1752123583.677 106.814 0.08570067 7.77901e-06
1752123583.684 106.857 0.08573978 7.41536e-06
1752123583.693 106.900 0.08573978 7.04699e-06
1752123583.703 106.943 0.08576678 6.34726e-06
1752123583.713 106.986 0.08576678 5.86379e-06
1752123583.723 107.028 0.08581241 5.81551e-06
1752123583.733 107.071 0.08580030 5.40700e-06
1752123583.743 107.114 0.08582824 5.28695e-06
1752123583.753 107.156 0.08584872 5.60113e-06
1752123583.763 107.199 0.08585804 4.78232e-06
1752123583.773 107.242 0.08589155 4.82224e-06
1752123583.783 107.284 0.08587573 4.99602e-06
1752123583.793 107.327 0.08589900 4.89528e-06
1752123583.803 107.369 0.08590645 4.47886e-06
1752123583.813 107.412 0.08591576 4.40144e-06
1752123583.823 107.455 0.08594835 4.43177e-06
1752123583.833 107.497 0.08594370 4.68581e-06
1752123583.843 107.540 0.08598281 4.39162e-06
1752123583.853 107.582 0.08599026 4.05357e-06
1752123583.863 107.625 0.08600050 4.08227e-06
1752123583.873 107.667 0.08605171 4.23950e-06
1752123583.883 107.709 0.08604985 4.09198e-06
1752123583.893 107.752 0.08608616 4.21213e-06
1752123583.903 107.794 0.08612527 4.00546e-06
1752123583.913 107.837 0.08614389 4.23990e-06
1752123583.923 107.879 0.08619045 3.97310e-06
1752123583.933 107.921 0.08620907 3.75611e-06
1752123583.943 107.964 0.08625842 3.77868e-06
1752123583.953 108.006 0.08630032 3.69127e-06
1752123583.963 108.048 0.08632453 3.27914e-06
1752123583.973 108.091 0.08637016 3.47246e-06
1752123583.983 108.133 0.08639343 3.12130e-06
1752123583.993 108.175 0.08644744 3.52129e-06
1752123584.003 108.218 0.08648282 3.48637e-06
1752123584.013 108.260 0.08650238 3.03855e-06
1752123584.023 108.302 0.08655638 2.94280e-06
1752123584.033 108.344 0.08657594 3.14087e-06
1752123584.043 108.386 0.08663460 3.01262e-06
1752123584.053 108.429 0.08667371 2.85915e-06
1752123584.063 108.471 0.08668954 2.64060e-06
1752123584.073 108.513 0.08674913 2.69712e-06
1752123584.083 108.555 0.08676682 2.75399e-06
1752123584.093 108.597 0.08682082 2.42115e-06
1752123584.103 108.639 0.08685621 2.77870e-06
1752123584.113 108.681 0.08687018 2.48393e-06
1752123584.123 108.723 0.08693349 2.39614e-06
1752123584.133 108.765 0.08695211 2.42767e-06
1752123584.143 108.807 0.08699216 2.18326e-06
1752123584.153 108.849 0.08704337 2.12731e-06
1752123584.163 108.891 0.08708061 2.12252e-06
1752123584.173 108.933 0.08711600 2.15135e-06
1752123584.202 108.975 0.08720073 2.16592e-06
1752123584.213 109.017 0.08722866 1.97621e-06
1752123584.221 109.059 0.08729011 1.90246e-06
1752123584.229 109.101 0.08728825 2.09161e-06
1752123584.236 109.143 0.08733854 1.90037e-06
1752123584.243 109.185 0.08733854 1.82929e-06
1752123584.253 109.227 0.08736368 1.79921e-06
1752123584.263 109.268 0.08737485 1.94025e-06
1752123584.273 109.310 0.08740837 1.82313e-06
1752123584.283 109.352 0.08743724 1.69463e-06
1752123584.293 109.394 0.08748472 1.89266e-06
1752123584.303 109.436 0.08751266 1.66321e-06
1752123584.313 109.477 0.08753687 1.63156e-06
1752123584.323 109.519 0.08757970 1.72320e-06
1752123584.333 109.561 0.08758994 1.59267e-06
1752123584.343 109.603 0.08764116 1.50931e-06
1752123584.353 109.644 0.08766536 1.67818e-06
1752123584.363 109.686 0.08769888 1.53881e-06
1752123584.373 109.728 0.08773147 1.52307e-06
1752123584.383 109.769 0.08773520 1.52012e-06
1752123584.393 109.811 0.08778362 1.39141e-06
1752123584.403 109.853 0.08780224 1.54973e-06
1752123584.413 109.894 0.08782831 1.40552e-06
1752123584.423 109.936 0.08788046 1.41669e-06
1752123584.433 109.977 0.08790467 1.47825e-06
1752123584.443 110.019 0.08795308 1.35222e-06
