1761223492.223 33.800 0.03266419 4.67863e-08
1761223492.271 33.935 0.03262043 6.21796e-08
1761223492.278 34.070 0.03263533 5.43370e-09
1761223492.327 34.204 0.03263626 -9.47900e-10
1761223492.377 34.337 0.03264464 -3.40940e-09
1761223492.445 34.470 0.03280852 -2.90300e-10
1761223492.496 34.602 0.03297333 -5.25240e-09
1761223492.545 34.734 0.03316328 2.21250e-09
1761223492.596 34.866 0.03330761 -2.90410e-09
1761223492.646 34.997 0.03340072 3.17120e-09
1761223492.695 35.127 0.03347521 -3.52040e-09
1761223492.773 35.257 0.03360557 4.87010e-08
1761223492.822 35.386 0.03371265 1.16178e-07
1761223492.832 35.515 0.03371265 7.85212e-08
1761223492.842 35.644 0.03371172 1.96085e-07
1761223492.852 35.772 0.03373220 2.74017e-07
1761223492.862 35.899 0.03377131 4.27350e-07
1761223492.872 36.026 0.03377969 5.93418e-07
1761223492.882 36.153 0.03381042 8.53767e-07
1761223492.892 36.279 0.03380856 1.39933e-06
1761223492.902 36.405 0.03384394 1.74749e-06
1761223492.912 36.530 0.03387653 2.65017e-06
1761223492.922 36.655 0.03388770 3.34468e-06
1761223492.932 36.780 0.03391750 4.19472e-06
1761223492.942 36.904 0.03393053 5.10902e-06
1761223492.952 37.028 0.03396312 5.57706e-06
1761223492.962 37.151 0.03399385 6.31458e-06
1761223492.972 37.274 0.03401527 6.26071e-06
1761223492.982 37.396 0.03407021 5.59170e-06
1761223492.992 37.518 0.03411583 4.36918e-06
1761223493.002 37.640 0.03416704 3.14456e-06
1761223493.012 37.761 0.03423315 9.35624e-07
1761223493.022 37.882 0.03428623 2.69883e-07
1761223493.032 38.002 0.03438493 9.27062e-08
1761223493.042 38.123 0.03446128 9.29211e-08
1761223493.093 38.242 0.03510469 4.73320e-08
1761223493.101 38.362 0.03510469 6.45840e-09
1761223493.111 38.481 0.03524343 7.18858e-08
1761223493.160 38.599 0.03592875 5.10287e-08
1761223493.166 38.718 0.03604141 2.40910e-09
1761223493.172 38.835 0.03618015 5.21011e-08
1761223493.221 38.953 0.03660755 6.28338e-08
1761223493.227 39.070 0.03670904 1.40514e-08
1761223493.233 39.187 0.03679377 1.33413e-08
1761223493.241 39.303 0.03679377 5.10320e-08
1761223493.334 39.420 0.03722489 9.56550e-09
1761223493.341 39.535 0.03722489 7.09460e-08
1761223493.406 39.651 0.03739901 5.37103e-08
1761223493.457 39.766 0.03750237 5.52976e-08
1761223493.507 39.881 0.03763179 6.02254e-08
1761223493.557 39.995 0.03775750 6.25315e-08
1761223493.608 40.109 0.03788506 6.69349e-08
1761223493.658 40.223 0.03798004 5.94896e-08
1761223493.708 40.337 0.03808339 5.90966e-08
1761223493.758 40.450 0.03819140 5.38667e-08
1761223493.808 40.563 0.03830035 5.72751e-08
1761223493.871 40.675 0.03838694 5.66400e-08
1761223493.877 40.787 0.03843629 -8.30950e-09
1761223493.884 40.899 0.03844281 1.25051e-08
1761223493.891 41.011 0.03844281 4.78812e-08
1761223493.940 41.122 0.03855827 4.50723e-08
1761223494.008 41.233 0.03873612 7.16754e-08
1761223494.076 41.344 0.03896611 4.72156e-08
1761223494.082 41.454 0.03898939 1.39400e-08
1761223494.091 41.565 0.03898939 4.76380e-08
1761223494.140 41.674 0.03917468 4.54325e-08
1761223494.190 41.784 0.03932087 4.40340e-08
1761223494.258 41.893 0.03949592 7.34204e-08
1761223494.308 42.002 0.03961976 7.29254e-08
1761223494.358 42.111 0.03974174 7.07865e-08
1761223494.431 42.219 0.03988421 1.65727e-08
1761223494.441 42.327 0.03988421 6.04382e-08
1761223494.490 42.435 0.03997173 4.51982e-08
1761223494.540 42.543 0.04004995 4.38275e-08
1761223494.590 42.650 0.04013561 4.39524e-08
1761223494.640 42.757 0.04023804 4.30596e-08
1761223494.690 42.864 0.04038143 4.84211e-08
1761223494.740 42.971 0.04048851 5.07853e-08
1761223494.790 43.077 0.04060956 5.28919e-08
1761223494.841 43.183 0.04071198 5.46943e-08
1761223494.890 43.289 0.04079113 5.52171e-08
1761223494.967 43.394 0.04092242 8.63800e-09
1761223494.973 43.499 0.04096339 4.78034e-08
1761223495.021 43.604 0.04106209 5.87244e-08
1761223495.031 43.709 0.04106209 -8.77250e-09
1761223495.041 43.813 0.04105464 6.71431e-08
1761223495.107 43.918 0.04121666 5.67562e-08
1761223495.157 44.022 0.04132933 5.51179e-08
1761223495.207 44.125 0.04149507 5.72800e-08
1761223495.258 44.229 0.04167757 6.74680e-08
1761223495.308 44.332 0.04181259 6.43798e-08
1761223495.375 44.435 0.04196995 4.99238e-08
1761223495.425 44.538 0.04202861 4.86190e-08
1761223495.432 44.640 0.04203513 7.03820e-09
1761223495.441 44.743 0.04203513 5.12602e-08
1761223495.526 44.845 0.04216456 2.71712e-08
1761223495.532 44.947 0.04215617 -4.96000e-09
1761223495.540 45.048 0.04215617 5.45553e-08
1761223495.589 45.149 0.04225860 4.86515e-08
1761223495.639 45.251 0.04241503 4.89004e-08
1761223495.645 45.352 0.04246252 -1.66830e-09
1761223495.651 45.452 0.04249697 3.62371e-08
1761223495.660 45.553 0.04249697 6.94766e-08
1761223495.670 45.653 0.04251559 1.20022e-08
1761223495.680 45.753 0.04254166 4.30126e-08
1761223495.728 45.853 0.04274465 -7.71450e-09
1761223495.796 45.952 0.04301934 -5.14970e-09
1761223495.846 46.052 0.04328192 4.20130e-09
1761223495.896 46.151 0.04350073 -6.70100e-10
1761223495.946 46.250 0.04363575 6.55450e-09
1761223495.996 46.349 0.04374283 3.06770e-09
1761223496.064 46.447 0.04378659 1.71358e-08
1761223496.071 46.545 0.04380335 6.60319e-08
1761223496.080 46.644 0.04380335 8.26150e-09
1761223496.128 46.741 0.04385177 -1.03205e-08
1761223496.196 46.839 0.04397282 -1.64900e-10
1761223496.246 46.937 0.04411156 1.13680e-08
1761223496.253 47.034 0.04413577 6.18696e-08
1761223496.260 47.131 0.04413577 4.37760e-08
1761223496.309 47.228 0.04428289 5.34519e-08
1761223496.358 47.325 0.04441511 5.16361e-08
1761223496.409 47.421 0.04453429 5.12421e-08
1761223496.416 47.517 0.04455757 8.57390e-09
1761223496.422 47.614 0.04461064 5.18017e-08
1761223496.430 47.709 0.04461064 -1.22100e-08
1761223496.477 47.805 0.04474845 -1.55500e-09
1761223496.545 47.901 0.04492537 -1.56370e-09
1761223496.624 47.996 0.04520936 6.94077e-08
1761223496.673 48.091 0.04534345 5.08214e-08
1761223496.723 48.186 0.04544960 5.12359e-08
1761223496.773 48.281 0.04551850 4.92265e-08
1761223496.823 48.376 0.04554271 4.83409e-08
1761223496.873 48.470 0.04560323 4.80049e-08
1761223496.923 48.564 0.04569169 4.79120e-08
1761223496.973 48.658 0.04578015 4.88733e-08
1761223497.024 48.752 0.04587885 4.95263e-08
1761223497.074 48.846 0.04597010 5.13623e-08
1761223497.124 48.939 0.04606135 5.48142e-08
1761223497.196 49.033 0.04618054 -3.22890e-09
1761223497.247 49.126 0.04624292 2.19945e-08
1761223497.254 49.219 0.04626155 6.47547e-08
1761223497.261 49.311 0.04628017 -8.97200e-10
1761223497.269 49.404 0.04628017 1.38703e-08
1761223497.279 49.497 0.04630065 4.82639e-08
1761223497.327 49.589 0.04638446 1.21335e-08
1761223497.377 49.681 0.04646453 1.33762e-08
1761223497.427 49.773 0.04662655 -4.65300e-10
1761223497.478 49.865 0.04680905 8.59200e-10
1761223497.528 49.956 0.04701111 -8.06300e-10
1761223497.595 50.048 0.04721223 -7.42010e-09
1761223497.645 50.139 0.04726717 3.44500e-10
1761223497.651 50.230 0.04727276 3.37185e-08
1761223497.659 50.321 0.04727276 6.97495e-08
1761223497.735 50.412 0.04733142 2.69498e-08
1761223497.742 50.502 0.04735470 5.71045e-08
1761223497.790 50.593 0.04743757 4.48112e-08
1761223497.840 50.683 0.04755675 5.82857e-08
1761223497.890 50.773 0.04768991 5.72872e-08
1761223497.940 50.863 0.04783330 9.01336e-08
1761223497.949 50.953 0.04783330 8.91564e-08
1761223497.959 51.042 0.04785099 1.51714e-07
1761223498.098 51.132 0.04817968 3.50141e-06
1761223498.105 51.221 0.04817037 4.74532e-06
1761223498.112 51.310 0.04818899 3.50784e-06
1761223498.119 51.399 0.04818899 3.70744e-06
1761223498.129 51.488 0.04822438 3.78434e-06
1761223498.139 51.577 0.04821506 3.40207e-06
1761223498.149 51.666 0.04826721 3.06988e-06
1761223498.159 51.754 0.04827280 3.52099e-06
1761223498.169 51.842 0.04827466 3.44977e-06
1761223498.179 51.930 0.04829607 3.12335e-06
1761223498.189 52.018 0.04830818 3.06656e-06
1761223498.199 52.106 0.04832866 2.86100e-06
1761223498.209 52.194 0.04833146 2.94509e-06
1761223498.219 52.281 0.04835846 1.74396e-06
1761223498.229 52.369 0.04839291 1.34038e-06
1761223498.239 52.456 0.04840502 1.12757e-06
1761223498.287 52.543 0.04856331 6.56909e-07
1761223498.293 52.630 0.04861452 2.37731e-07
1761223498.300 52.717 0.04867225 1.66903e-07
1761223498.309 52.803 0.04867225 1.43199e-07
1761223498.319 52.890 0.04872626 8.34587e-08
1761223498.329 52.976 0.04880913 9.44731e-08
1761223498.339 53.062 0.04887338 4.56212e-08
1761223498.349 53.148 0.04898232 9.32490e-09
1761223498.359 53.234 0.04903912 6.27244e-08
1761223498.406 53.320 0.04950934 4.50572e-08
1761223498.457 53.406 0.04991252 4.10775e-08
1761223498.507 53.491 0.05026821 5.00970e-08
1761223498.557 53.577 0.05051218 6.21594e-08
1761223498.625 53.662 0.05063229 5.61162e-08
1761223498.632 53.747 0.05063602 1.73667e-08
1761223498.639 53.832 0.05063322 5.15653e-08
1761223498.687 53.917 0.05060250 7.50220e-08
1761223498.693 54.002 0.05061460 3.69280e-08
1761223498.698 54.086 0.05061460 2.47164e-08
1761223498.708 54.171 0.05061460 7.30408e-08
1761223498.756 54.255 0.05064998 6.07440e-08
1761223498.838 54.339 0.05085483 6.88865e-08
1761223498.844 54.423 0.05093119 3.15700e-10
1761223498.893 54.507 0.05113045 6.28049e-08
1761223498.899 54.591 0.05116397 1.79212e-08
1761223498.908 54.675 0.05116397 9.68483e-08
1761223498.918 54.758 0.05120773 1.85784e-07
1761223498.928 54.842 0.05125057 3.68548e-07
1761223498.938 54.925 0.05127477 6.41213e-07
1761223498.948 55.008 0.05131760 8.99481e-07
1761223498.958 55.091 0.05133809 1.69597e-06
1761223498.968 55.174 0.05136416 2.26631e-06
1761223498.978 55.257 0.05140793 3.76491e-06
1761223498.988 55.340 0.05140327 5.34217e-06
1761223498.998 55.422 0.05143679 6.33954e-06
1761223499.008 55.505 0.05145914 1.26061e-05
1761223499.018 55.587 0.05150197 1.67214e-05
1761223499.028 55.669 0.05152432 1.80800e-05
1761223499.038 55.751 0.05154015 1.83838e-05
1761223499.048 55.833 0.05158018 1.83278e-05
1761223499.058 55.915 0.05159042 1.77712e-05
1761223499.068 55.997 0.05163233 1.84549e-05
1761223499.078 56.078 0.05166864 1.71558e-05
1761223499.088 56.160 0.05170496 1.63201e-05
1761223499.098 56.241 0.05177014 1.05666e-05
1761223499.108 56.322 0.05179900 6.47530e-06
1761223499.118 56.403 0.05185766 1.74795e-06
1761223499.128 56.484 0.05193309 6.82092e-07
1761223499.138 56.565 0.05198057 4.83174e-07
1761223499.148 56.646 0.05207834 3.97183e-07
1761223499.158 56.727 0.05213701 6.30212e-07
1761223499.168 56.807 0.05222546 7.09630e-07
1761223499.178 56.888 0.05232323 7.71001e-07
1761223499.188 56.968 0.05239120 6.66235e-07
1761223499.198 57.048 0.05250108 4.96227e-07
1761223499.208 57.128 0.05258581 2.76213e-07
1761223499.218 57.208 0.05267054 8.37419e-08
1761223499.228 57.288 0.05277669 1.09373e-07
1761223499.278 57.368 0.05335027 8.48070e-08
1761223499.288 57.447 0.05335027 9.41369e-08
1761223499.298 57.527 0.05346200 5.07450e-09
1761223499.308 57.606 0.05352998 6.70337e-08
1761223499.318 57.686 0.05362868 1.53877e-08
1761223499.328 57.765 0.05372459 6.91029e-08
1761223499.401 57.844 0.05421622 1.28970e-07
1761223499.408 57.923 0.05421622 2.06638e-07
1761223499.418 58.002 0.05425347 2.84225e-07
1761223499.428 58.080 0.05430189 2.80012e-08
1761223499.438 58.159 0.05432144 5.15690e-08
1761223499.448 58.238 0.05437638 1.81423e-08
1761223499.458 58.316 0.05439314 5.79506e-08
1761223499.523 58.394 0.05459613 7.80242e-08
1761223499.576 58.473 0.05470880 7.26790e-08
1761223499.586 58.551 0.05472928 1.09062e-07
1761223499.592 58.629 0.05478422 1.02305e-07
1761223499.598 58.707 0.05479632 5.56341e-08
1761223499.608 58.785 0.05479632 1.08376e-07
1761223499.618 58.862 0.05484567 6.83866e-08
1761223499.628 58.940 0.05489130 9.22149e-08
1761223499.638 59.017 0.05489968 5.59269e-08
1761223499.648 59.095 0.05494158 3.89088e-08
1761223499.658 59.172 0.05496765 7.95591e-08
1761223499.706 59.249 0.05513246 6.16885e-08
1761223499.779 59.326 0.05544067 1.94263e-06
1761223499.788 59.403 0.05544067 2.88825e-06
1761223499.798 59.480 0.05552261 6.07694e-06
1761223499.808 59.557 0.05556265 1.03970e-05
1761223499.818 59.634 0.05561945 1.77095e-05
1761223499.828 59.710 0.05568183 3.90743e-05
1761223499.838 59.787 0.05570790 5.06468e-05
1761223499.848 59.863 0.05577680 5.27922e-05
1761223499.858 59.940 0.05581964 5.30501e-05
1761223499.868 60.016 0.05584850 5.22404e-05
1761223499.878 60.092 0.05589972 4.77444e-05
1761223499.888 60.168 0.05591462 4.26671e-05
1761223499.898 60.244 0.05597234 3.43193e-05
1761223499.908 60.320 0.05598910 1.70954e-05
1761223499.957 60.396 0.05616323 6.34682e-07
1761223499.963 60.471 0.05620420 4.42261e-07
1761223499.969 60.547 0.05624796 3.37460e-07
1761223499.978 60.622 0.05624796 1.95217e-07
1761223499.988 60.698 0.05628055 1.48008e-07
1761223499.998 60.773 0.05633177 6.66043e-08
1761223500.008 60.848 0.05634015 1.17930e-07
1761223500.055 60.923 0.05662973 5.26202e-08
1761223500.108 60.998 0.05700404 2.61578e-07
1761223500.118 61.073 0.05700404 4.25802e-07
1761223500.128 61.148 0.05707201 9.91501e-07
1761223500.138 61.222 0.05712602 1.57428e-06
1761223500.148 61.297 0.05718189 2.05317e-06
1761223500.158 61.372 0.05729269 2.46936e-06
1761223500.168 61.446 0.05729269 2.82745e-06
1761223500.178 61.520 0.05733739 1.97047e-06
1761223500.187 61.595 0.05738208 1.75464e-06
1761223500.197 61.669 0.05744540 1.24546e-06
1761223500.207 61.743 0.05747333 5.74008e-07
1761223500.217 61.817 0.05752548 2.87361e-07
1761223500.227 61.891 0.05754690 2.80054e-07
1761223500.237 61.965 0.05757762 3.60720e-07
1761223500.247 62.038 0.05762418 6.01114e-07
1761223500.257 62.112 0.05764745 1.32752e-06
1761223500.267 62.186 0.05767539 2.71980e-07
1761223500.277 62.259 0.05770891 7.01853e-07
1761223500.287 62.332 0.05773964 6.32653e-07
1761223500.297 62.406 0.05778527 3.94236e-07
1761223500.307 62.479 0.05779551 3.00495e-07
1761223500.317 62.552 0.05783182 2.84321e-07
1761223500.327 62.625 0.05787279 3.21374e-07
1761223500.337 62.698 0.05788955 1.56376e-07
1761223500.347 62.771 0.05795938 8.75890e-08
1761223500.357 62.844 0.05798639 9.91918e-08
1761223500.367 62.916 0.05806833 6.46928e-08
1761223500.377 62.989 0.05812140 1.49308e-07
1761223500.387 63.062 0.05817355 8.90657e-08
1761223500.397 63.134 0.05826107 8.04936e-08
1761223500.407 63.206 0.05833091 1.87720e-07
1761223500.417 63.279 0.05840819 1.41011e-07
1761223500.427 63.351 0.05847617 9.92065e-08
1761223500.437 63.423 0.05853482 4.89952e-08
1761223500.447 63.495 0.05862980 5.16778e-08
1761223500.457 63.567 0.05869033 7.23163e-08
1761223500.564 63.639 0.05961680 1.34145e-07
1761223500.573 63.711 0.05969036 9.52091e-08
1761223500.581 63.782 0.05973040 4.74797e-08
1761223500.587 63.854 0.05973040 1.02707e-07
1761223500.597 63.926 0.05981514 8.30503e-08
1761223500.607 63.997 0.05987194 2.38785e-07
1761223500.617 64.068 0.05993339 3.03794e-07
1761223500.627 64.140 0.05999019 4.00376e-07
1761223500.637 64.211 0.06002650 1.18176e-06
1761223500.647 64.282 0.06007027 9.37918e-07
1761223500.657 64.353 0.06009169 6.87698e-07
1761223500.667 64.424 0.06010286 7.05698e-07
1761223500.677 64.495 0.06013079 5.66850e-07
1761223500.687 64.566 0.06013265 3.30692e-07
1761223500.697 64.637 0.06016617 1.08499e-07
1761223500.707 64.707 0.06016338 1.43398e-07
1761223500.717 64.778 0.06018479 8.82369e-08
1761223500.727 64.849 0.06019783 1.20481e-07
1761223500.737 64.919 0.06017548 6.41155e-08
1761223500.747 64.989 0.06020901 6.31838e-08
1761223500.757 65.060 0.06023415 1.11624e-07
1761223500.767 65.130 0.06026301 6.76827e-08
1761223500.777 65.200 0.06029188 9.51072e-08
1761223500.787 65.270 0.06032354 7.55133e-08
1761223500.797 65.340 0.06036544 7.64978e-08
1761223500.807 65.410 0.06038871 1.00882e-07
1761223500.858 65.480 0.06076955 1.55308e-06
1761223500.868 65.550 0.06084591 2.62855e-06
1761223500.877 65.619 0.06084591 3.90476e-06
1761223500.887 65.689 0.06091760 6.67770e-06
1761223500.897 65.759 0.06101071 1.62495e-05
1761223500.907 65.828 0.06109172 3.03395e-05
1761223500.917 65.897 0.06115597 3.38431e-05
1761223500.927 65.967 0.06124443 3.36914e-05
1761223500.937 66.036 0.06132637 3.44868e-05
1761223500.947 66.105 0.06140645 2.81756e-05
1761223500.957 66.174 0.06147442 1.76807e-05
1761223500.967 66.243 0.06156194 2.89436e-06
1761223500.977 66.312 0.06162620 1.21377e-06
1761223500.987 66.381 0.06169323 5.50277e-07
1761223500.997 66.450 0.06176028 2.56151e-07
1761223501.007 66.519 0.06180218 1.34082e-07
1761223501.017 66.588 0.06186270 6.36485e-08
1761223501.027 66.656 0.06191857 7.34615e-08
1761223501.037 66.725 0.06196047 2.60702e-08
1761223501.047 66.793 0.06202751 6.37027e-08
1761223501.057 66.862 0.06205824 1.22125e-07
1761223501.067 66.930 0.06209362 7.65201e-08
1761223501.119 66.998 0.06237389 8.29162e-07
1761223501.127 67.066 0.06237389 6.97035e-07
1761223501.137 67.135 0.06241207 7.57095e-07
1761223501.147 67.203 0.06247259 5.91522e-07
1761223501.157 67.271 0.06252195 6.01089e-07
1761223501.167 67.339 0.06259550 5.34020e-07
1761223501.177 67.406 0.06262903 3.27604e-07
1761223501.188 67.474 0.06275007 1.54647e-07
1761223501.199 67.542 0.06279570 4.26126e-08
1761223501.207 67.610 0.06279570 7.83543e-08
1761223501.217 67.677 0.06285064 5.72537e-08
1761223501.227 67.745 0.06289719 9.27806e-08
1761223501.237 67.812 0.06294561 1.10850e-07
1761223501.247 67.879 0.06302196 1.08604e-07
1761223501.257 67.947 0.06307318 1.34614e-07
1761223501.267 68.014 0.06312625 7.94055e-08
1761223501.277 68.081 0.06319050 7.53107e-08
1761223501.287 68.148 0.06322495 8.04343e-08
1761223501.297 68.215 0.06328268 1.19382e-07
1761223501.307 68.282 0.06331341 1.14761e-07
1761223501.317 68.349 0.06336462 4.90921e-08
1761223501.327 68.416 0.06342142 1.63022e-07
1761223501.337 68.483 0.06346053 1.09052e-07
1761223501.347 68.550 0.06353316 1.62513e-07
1761223501.357 68.616 0.06359088 1.98203e-07
1761223501.367 68.683 0.06364582 2.74091e-07
1761223501.377 68.749 0.06369238 4.03649e-07
1761223501.387 68.816 0.06373149 6.88214e-07
1761223501.397 68.882 0.06380318 1.13053e-06
1761223501.407 68.949 0.06384136 2.55116e-06
1761223501.417 69.015 0.06391120 3.08014e-06
1761223501.427 69.081 0.06397358 3.07655e-06
1761223501.437 69.147 0.06404621 3.00952e-06
1761223501.447 69.213 0.06412536 2.91102e-06
1761223501.457 69.279 0.06417564 2.65360e-06
1761223501.467 69.345 0.06423616 1.85714e-06
1761223501.477 69.411 0.06430227 4.28192e-07
1761223501.487 69.477 0.06437397 2.26118e-07
1761223501.497 69.543 0.06446708 9.53097e-08
1761223501.507 69.608 0.06450899 1.19408e-07
1761223501.517 69.674 0.06459092 4.73523e-08
1761223501.527 69.740 0.06466728 8.03681e-08
1761223501.537 69.805 0.06471942 5.45470e-08
1761223501.547 69.871 0.06480508 1.28728e-07
1761223501.557 69.936 0.06485444 2.22723e-07
1761223501.567 70.001 0.06492148 1.54233e-07
1761223501.577 70.067 0.06498852 1.58662e-07
1761223501.587 70.132 0.06503507 1.41843e-07
1761223501.597 70.197 0.06512074 2.22307e-07
1761223501.607 70.262 0.06516916 2.88189e-07
1761223501.618 70.327 0.06531814 4.44249e-07
1761223501.648 70.392 0.06548016 5.43652e-07
1761223501.675 70.457 0.06559469 7.43747e-08
1761223501.681 70.522 0.06566359 4.94524e-08
1761223501.687 70.587 0.06566359 8.40095e-08
1761223501.697 70.651 0.06572412 4.99860e-08
1761223501.707 70.716 0.06577626 8.08939e-08
1761223501.717 70.781 0.06584051 8.69269e-08
1761223501.727 70.845 0.06590382 8.91398e-08
1761223501.737 70.910 0.06594573 2.63674e-08
1761223501.747 70.974 0.06600811 -9.70220e-09
1761223501.795 71.039 0.06626883 -3.57800e-09
1761223501.801 71.103 0.06629211 2.61477e-08
1761223501.807 71.167 0.06634890 6.90541e-08
1761223501.856 71.231 0.06651186 5.90198e-08
1761223501.926 71.296 0.06682286 5.98430e-08
1761223501.935 71.360 0.06683403 1.49244e-07
1761223501.942 71.424 0.06687220 1.43192e-07
1761223501.947 71.488 0.06689548 1.09967e-07
1761223501.956 71.552 0.06689548 1.48697e-07
1761223501.966 71.615 0.06693832 8.79033e-08
1761223501.976 71.679 0.06696066 9.82572e-08
1761223501.986 71.743 0.06698115 4.21095e-08
1761223501.996 71.807 0.06701653 9.78227e-08
1761223502.006 71.870 0.06703981 9.27742e-08
1761223502.016 71.934 0.06709288 3.50091e-08
1761223502.026 71.997 0.06710592 8.24174e-08
1761223502.036 72.061 0.06711430 3.68027e-08
1761223502.046 72.124 0.06714317 7.93850e-08
1761223502.056 72.188 0.06714503 9.02906e-08
1761223502.104 72.251 0.06724745 9.09853e-08
1761223502.111 72.314 0.06729308 1.38522e-08
1761223502.116 72.377 0.06729308 3.54498e-08
1761223502.126 72.440 0.06734429 7.57937e-08
1761223502.136 72.504 0.06737129 2.73124e-08
1761223502.146 72.567 0.06742716 8.55761e-08
1761223502.156 72.630 0.06746626 1.61993e-07
1761223502.166 72.692 0.06752400 9.33609e-08
1761223502.176 72.755 0.06756403 1.50773e-07
1761223502.224 72.818 0.06783127 1.83208e-06
1761223502.251 72.881 0.06800167 5.74801e-06
1761223502.258 72.944 0.06806778 7.63619e-06
1761223502.267 73.006 0.06806778 1.16579e-05
1761223502.276 73.069 0.06811993 1.74000e-05
1761223502.286 73.131 0.06817859 3.07399e-05
1761223502.296 73.194 0.06823259 4.14097e-05
1761223502.306 73.256 0.06827170 7.10671e-05
1761223502.316 73.319 0.06833594 7.10676e-05
1761223502.326 73.381 0.06839554 7.07330e-05
1761223502.336 73.443 0.06844303 6.93749e-05
1761223502.346 73.505 0.06848958 6.59443e-05
1761223502.356 73.568 0.06851007 5.73864e-05
1761223502.366 73.630 0.06854917 4.88293e-05
1761223502.376 73.692 0.06858363 3.17160e-05
1761223502.386 73.754 0.06862460 1.06304e-05
1761223502.396 73.816 0.06866930 4.98754e-06
1761223502.406 73.878 0.06868233 2.82510e-06
1761223502.416 73.940 0.06873540 1.63290e-06
1761223502.426 74.001 0.06875961 1.12438e-06
1761223502.436 74.063 0.06879220 6.28903e-07
1761223502.446 74.125 0.06885273 5.02100e-07
1761223502.456 74.186 0.06885738 3.47174e-07
1761223502.466 74.248 0.06890022 1.90557e-07
1761223502.476 74.310 0.06894118 1.46993e-07
1761223502.486 74.371 0.06898960 6.39492e-08
1761223502.496 74.432 0.06903989 8.73317e-08
1761223502.506 74.494 0.06908178 9.70037e-08
1761223502.554 74.555 0.06936764 7.08567e-08
1761223502.561 74.617 0.06942817 1.25551e-08
1761223502.567 74.678 0.06948962 4.97070e-08
1761223502.576 74.739 0.06948962 8.92001e-08
1761223502.586 74.800 0.06955853 1.30242e-08
1761223502.596 74.861 0.06962277 5.82363e-08
1761223502.644 74.922 0.06995984 2.40624e-08
1761223502.694 74.983 0.07024570 1.24590e-09
1761223502.778 75.044 0.07051946 -4.52200e-10
1761223502.786 75.105 0.07051946 3.23554e-08
1761223502.796 75.166 0.07055484 3.26698e-08
1761223502.806 75.227 0.07056415 6.69046e-08
1761223502.857 75.287 0.07063305 7.30393e-08
1761223502.866 75.348 0.07063305 2.82065e-08
1761223502.876 75.409 0.07064516 4.78705e-08
1761223502.886 75.469 0.07063678 -7.52160e-09
1761223502.896 75.530 0.07064981 4.77673e-08
1761223502.944 75.590 0.07068520 1.20640e-08
1761223502.994 75.651 0.07078204 5.48300e-09
1761223503.062 75.711 0.07099248 2.14065e-08
1761223503.068 75.772 0.07103158 5.82842e-08
1761223503.076 75.832 0.07103158 7.42867e-08
1761223503.086 75.892 0.07105020 3.64013e-08
1761223503.096 75.952 0.07110514 7.98447e-08
1761223503.106 76.013 0.07112376 1.02326e-07
1761223503.116 76.073 0.07116473 3.47618e-08
1761223503.126 76.133 0.07118801 7.24076e-08
1761223503.136 76.193 0.07119267 3.00182e-08
1761223503.146 76.253 0.07121874 8.12649e-08
1761223503.156 76.313 0.07124574 7.48329e-08
1761223503.166 76.373 0.07126902 3.78905e-08
1761223503.176 76.432 0.07128112 8.92046e-08
1761223503.186 76.492 0.07130626 3.38437e-08
1761223503.196 76.552 0.07132489 7.46598e-08
1761223503.206 76.612 0.07132489 1.18516e-07
1761223503.216 76.671 0.07136306 4.47494e-08
1761223503.226 76.731 0.07137517 1.04637e-07
1761223503.236 76.790 0.07138634 3.85196e-08
1761223503.246 76.850 0.07141707 8.97060e-08
1761223503.256 76.909 0.07143476 8.31073e-08
1761223503.266 76.969 0.07148318 1.12458e-08
1761223503.276 77.028 0.07152229 6.87880e-08
1761223503.286 77.087 0.07155395 2.50838e-08
1761223503.333 77.147 0.07179232 1.20896e-08
1761223503.338 77.206 0.07186774 1.45276e-07
1761223503.346 77.265 0.07186774 9.29152e-08
1761223503.356 77.324 0.07191243 1.60199e-07
1761223503.366 77.383 0.07198227 4.29111e-08
1761223503.376 77.442 0.07204000 9.95552e-08
1761223503.386 77.501 0.07209866 6.53706e-08
1761223503.396 77.560 0.07218339 1.17656e-07
1761223503.406 77.619 0.07222809 1.24573e-07
1761223503.416 77.678 0.07230631 7.11996e-08
1761223503.426 77.737 0.07237055 1.44884e-07
1761223503.436 77.796 0.07241804 1.43687e-07
1761223503.446 77.855 0.07249439 1.61265e-07
1761223503.456 77.913 0.07253816 2.03393e-07
1761223503.466 77.972 0.07259682 1.53729e-07
1761223503.476 78.031 0.07265269 1.94236e-07
1761223503.486 78.089 0.07270297 1.24326e-07
1761223503.496 78.148 0.07274859 1.50396e-07
1761223503.506 78.206 0.07278677 1.35940e-07
1761223503.516 78.265 0.07284077 2.59545e-08
1761223503.526 78.323 0.07289106 7.08690e-08
1761223503.536 78.381 0.07293575 3.31244e-08
1761223503.546 78.440 0.07299162 8.52648e-08
1761223503.556 78.498 0.07301490 9.77791e-08
1761223503.566 78.556 0.07306052 7.04484e-08
1761223503.576 78.614 0.07308939 1.18243e-07
1761223503.586 78.672 0.07314432 1.09318e-07
1761223503.596 78.730 0.07320671 1.41686e-07
1761223503.606 78.788 0.07329237 2.65809e-07
1761223503.616 78.846 0.07329237 2.72175e-07
1761223503.626 78.904 0.07332869 3.64573e-07
1761223503.636 78.962 0.07336966 4.44905e-07
1761223503.646 79.020 0.07342553 6.00553e-07
1761223503.656 79.078 0.07345812 1.02301e-06
1761223503.666 79.136 0.07354006 1.36289e-06
1761223503.676 79.194 0.07357451 1.73421e-06
1761223503.686 79.251 0.07360989 2.93176e-06
1761223503.696 79.309 0.07369183 4.43157e-06
1761223503.706 79.367 0.07373559 5.81304e-06
1761223503.716 79.424 0.07379705 6.04375e-06
1761223503.726 79.482 0.07385664 5.92370e-06
1761223503.736 79.539 0.07392555 5.75228e-06
1761223503.746 79.597 0.07398142 5.18160e-06
1761223503.756 79.654 0.07402983 4.63873e-06
1761223503.766 79.711 0.07408570 3.67964e-06
1761223503.776 79.769 0.07413784 1.87838e-06
1761223503.786 79.826 0.07420489 4.24856e-07
1761223503.796 79.883 0.07427751 2.35276e-07
1761223503.806 79.940 0.07431756 1.24967e-07
1761223503.816 79.998 0.07438459 4.90970e-08
1761223503.826 80.055 0.07444884 8.06084e-08
1761223503.836 80.112 0.07448888 3.78527e-08
1761223503.877 80.169 0.07477009 1.34652e-08
1761223503.926 80.226 0.07505222 3.08836e-08
1761223503.976 80.283 0.07530828 2.14567e-08
1761223504.019 80.340 0.07544236 1.55205e-08
1761223504.034 80.397 0.07547681 -1.54750e-09
1761223504.040 80.454 0.07551127 3.43797e-08
1761223504.046 80.510 0.07551593 -8.75330e-09
1761223504.055 80.567 0.07551593 2.73387e-08
1761223504.096 80.624 0.07557552 5.35760e-10
1761223504.106 80.680 0.07557552 3.97739e-09
1761223504.115 80.737 0.07560345 1.25940e-10
1761223504.125 80.794 0.07560159 6.73403e-09
1761223504.135 80.850 0.07559972 -4.53533e-09
1761223504.145 80.907 0.07561928 1.16466e-08
1761223504.155 80.963 0.07561741 -4.50407e-09
1761223504.165 81.020 0.07562301 1.87220e-10
1761223504.175 81.076 0.07561556 2.46841e-09
1761223504.185 81.132 0.07561835 -6.99320e-09
1761223504.195 81.189 0.07564815 1.08119e-08
1761223504.205 81.245 0.07565466 -9.31670e-09
1761223504.215 81.301 0.07569936 -1.42477e-09
1761223504.225 81.358 0.07573288 1.41010e-09
1761223504.235 81.414 0.07574405 -9.50501e-09
1761223504.245 81.470 0.07576081 9.80128e-09
1761223504.255 81.526 0.07578595 -4.57451e-09
1761223504.265 81.582 0.07583624 1.95638e-09
1761223504.275 81.638 0.07587162 5.61265e-09
1761223504.285 81.694 0.07592469 -6.12834e-09
1761223504.295 81.750 0.07599639 1.51638e-08
1761223504.305 81.806 0.07602339 8.48497e-09
1761223504.319 81.862 0.07611930 7.50497e-08
1761223504.325 81.918 0.07611930 6.86102e-08
1761223504.376 81.973 0.07644333 9.46530e-08
1761223504.427 82.029 0.07677389 3.85655e-08
1761223504.436 82.085 0.07677389 1.93647e-08
1761223504.446 82.140 0.07684279 5.90977e-08
1761223504.455 82.196 0.07688283 6.31113e-08
1761223504.522 82.252 0.07718172 5.49077e-08
1761223504.572 82.307 0.07730929 5.42316e-08
1761223504.622 82.363 0.07734374 5.07213e-08
1761223504.629 82.418 0.07735957 -3.33410e-09
1761223504.677 82.474 0.07738471 2.99633e-08
1761223504.727 82.529 0.07743034 2.90768e-08
1761223504.777 82.584 0.07749924 2.25238e-08
1761223504.845 82.640 0.07761936 1.38843e-08
1761223504.852 82.695 0.07762401 7.30377e-08
1761223504.858 82.750 0.07764915 9.05567e-08
1761223504.865 82.806 0.07764915 7.06670e-08
1761223504.875 82.861 0.07764263 1.41165e-07
1761223504.885 82.916 0.07765474 7.06083e-08
1761223504.895 82.971 0.07767615 1.34833e-07
1761223504.905 83.026 0.07769012 1.10365e-07
1761223504.915 83.081 0.07770595 1.11527e-07
1761223504.925 83.136 0.07771247 1.84409e-07
1761223504.956 83.191 0.07778603 1.79586e-07
1761223504.968 83.246 0.07778230 3.34052e-07
1761223504.976 83.301 0.07779441 3.46849e-07
1761223504.985 83.356 0.07779441 2.85227e-07
1761223504.995 83.411 0.07782700 3.98819e-07
1761223505.005 83.465 0.07783724 4.36279e-07
1761223505.015 83.520 0.07785773 4.89279e-07
1761223505.025 83.575 0.07787542 8.47490e-07
1761223505.035 83.630 0.07792663 9.33219e-07
1761223505.045 83.684 0.07796388 1.05146e-06
1761223505.055 83.739 0.07797319 1.01442e-06
1761223505.065 83.793 0.07803836 1.21500e-06
1761223505.075 83.848 0.07805699 1.51432e-06
1761223505.085 83.902 0.07811844 1.93314e-06
1761223505.095 83.957 0.07817524 2.39863e-06
1761223505.105 84.011 0.07820504 2.84869e-06
1761223505.115 84.066 0.07824694 3.61002e-06
1761223505.125 84.120 0.07829443 4.43937e-06
1761223505.135 84.174 0.07834192 6.43489e-06
1761223505.145 84.229 0.07838568 7.82280e-06
1761223505.155 84.283 0.07843037 1.13120e-05
1761223505.165 84.337 0.07850114 1.62168e-05
1761223505.175 84.391 0.07851604 2.20742e-05
1761223505.185 84.446 0.07858122 3.41637e-05
1761223505.195 84.500 0.07863802 4.55996e-05
1761223505.205 84.554 0.07869016 5.86881e-05
1761223505.215 84.608 0.07876465 7.60422e-05
1761223505.225 84.662 0.07880562 8.92187e-05
1761223505.235 84.716 0.07884752 8.64074e-05
1761223505.245 84.770 0.07891177 8.47979e-05
1761223505.255 84.824 0.07895181 8.13633e-05
1761223505.265 84.878 0.07901699 7.63543e-05
1761223505.275 84.931 0.07907286 7.17142e-05
1761223505.285 84.985 0.07912221 5.92303e-05
1761223505.295 85.039 0.07916970 4.42274e-05
1761223505.305 85.093 0.07921066 2.69949e-05
1761223505.315 85.146 0.07928236 6.26256e-06
1761223505.325 85.200 0.07932706 1.71312e-06
1761223505.335 85.254 0.07937175 6.94113e-07
1761223505.345 85.307 0.07943320 5.12897e-07
1761223505.355 85.361 0.07947883 4.72469e-07
1761223505.365 85.414 0.07954494 2.44309e-07
1761223505.375 85.468 0.07958871 1.98802e-07
1761223505.385 85.521 0.07964830 3.37664e-08
1761223505.395 85.575 0.07968461 7.40509e-08
1761223505.443 85.628 0.07994068 5.75713e-08
1761223505.449 85.682 0.07999654 4.93530e-09
1761223505.455 85.735 0.08004403 5.01732e-08
1761223505.465 85.788 0.08004403 -8.40380e-09
1761223505.514 85.842 0.08027775 -5.83940e-09
1761223505.520 85.895 0.08031313 6.69182e-08
1761223505.526 85.948 0.08035782 1.97725e-08
1761223505.534 86.001 0.08035782 6.44930e-09
1761223505.544 86.054 0.08040717 6.48819e-08
1761223505.594 86.107 0.08060830 1.68164e-08
1761223505.600 86.160 0.08060737 1.06355e-08
1761223505.606 86.214 0.08066696 4.65310e-08
1761223505.654 86.267 0.08074797 6.09880e-08
1761223505.661 86.319 0.08079825 -3.21740e-09
1761223505.667 86.372 0.08081967 1.60964e-08
1761223505.674 86.425 0.08081967 5.25180e-08
1761223505.740 86.478 0.08100868 6.22005e-08
1761223505.791 86.531 0.08111763 6.97499e-08
1761223505.841 86.584 0.08125357 5.79672e-08
1761223505.848 86.637 0.08126661 2.68296e-08
1761223505.856 86.689 0.08130292 4.18716e-08
1761223505.914 86.742 0.08139604 1.68505e-08
1761223505.928 86.795 0.08140349 -1.29449e-08
1761223505.935 86.847 0.08142769 1.73314e-08
1761223505.944 86.900 0.08142769 7.29522e-08
1761223505.992 86.953 0.08149381 4.34097e-08
1761223506.065 87.005 0.08159996 1.39125e-08
1761223506.075 87.058 0.08159996 5.70539e-08
1761223506.123 87.110 0.08169586 4.75199e-08
1761223506.174 87.163 0.08183646 4.40557e-08
1761223506.224 87.215 0.08191002 4.32225e-08
1761223506.274 87.268 0.08196961 4.76651e-08
1761223506.324 87.320 0.08199475 4.96501e-08
1761223506.374 87.372 0.08205435 5.47966e-08
1761223506.424 87.425 0.08208880 5.66873e-08
1761223506.474 87.477 0.08214095 5.88834e-08
1761223506.524 87.529 0.08223778 6.11064e-08
1761223506.601 87.581 0.08228620 8.48370e-09
1761223506.607 87.633 0.08232438 6.22671e-08
1761223506.656 87.686 0.08237280 4.70007e-08
1761223506.706 87.738 0.08242308 4.76258e-08
1761223506.756 87.790 0.08245939 4.86763e-08
1761223506.806 87.842 0.08254972 4.90455e-08
1761223506.856 87.894 0.08257858 5.03173e-08
1761223506.906 87.946 0.08265307 5.40475e-08
1761223506.957 87.998 0.08270335 6.24728e-08
1761223507.027 88.050 0.08276201 3.08720e-08
1761223507.036 88.102 0.08275735 8.46120e-08
1761223507.044 88.154 0.08275735 8.57309e-08
1761223507.054 88.205 0.08275642 5.44695e-08
1761223507.064 88.257 0.08280484 4.66106e-08
1761223507.074 88.309 0.08280671 1.11487e-07
1761223507.084 88.361 0.08282440 5.29271e-08
1761223507.094 88.412 0.08283650 1.06073e-07
1761223507.104 88.464 0.08282626 6.65719e-08
1761223507.152 88.516 0.08288585 1.07154e-07
1761223507.158 88.567 0.08292217 1.70149e-07
1761223507.164 88.619 0.08291658 1.36666e-07
1761223507.174 88.671 0.08291658 1.97528e-07
1761223507.184 88.722 0.08292682 1.50351e-07
1761223507.194 88.774 0.08293613 2.50829e-07
1761223507.204 88.825 0.08295289 2.28796e-07
1761223507.214 88.877 0.08298548 2.54999e-07
1761223507.224 88.928 0.08301342 3.44873e-07
1761223507.234 88.979 0.08306184 3.17577e-07
1761223507.244 89.031 0.08308325 4.01021e-07
1761223507.254 89.082 0.08310187 4.07240e-07
1761223507.263 89.133 0.08315402 4.97615e-07
1761223507.273 89.185 0.08317450 5.88457e-07
1761223507.283 89.236 0.08321920 6.11365e-07
1761223507.293 89.287 0.08325831 7.57151e-07
1761223507.303 89.338 0.08329555 7.65308e-07
1761223507.313 89.390 0.08334770 1.01312e-06
1761223507.323 89.441 0.08338308 1.18835e-06
1761223507.333 89.492 0.08341846 1.32856e-06
1761223507.343 89.543 0.08345757 1.53060e-06
1761223507.353 89.594 0.08348923 1.52320e-06
1761223507.363 89.645 0.08355162 1.57757e-06
1761223507.373 89.696 0.08358420 1.55433e-06
1761223507.383 89.747 0.08363914 1.32974e-06
1761223507.393 89.798 0.08369780 1.39692e-06
1761223507.403 89.849 0.08373318 1.21899e-06
1761223507.413 89.899 0.08378626 1.22096e-06
1761223507.423 89.950 0.08382164 1.12734e-06
1761223507.433 90.001 0.08389613 8.76698e-07
1761223507.443 90.052 0.08392779 7.59999e-07
1761223507.453 90.103 0.08397714 4.30554e-07
1761223507.463 90.153 0.08402556 2.51314e-07
1761223507.473 90.204 0.08407118 1.05089e-07
1761223507.483 90.255 0.08412054 2.96833e-08
1761223507.493 90.305 0.08417733 6.09072e-08
1761223507.503 90.356 0.08422389 5.13660e-09
1761223507.513 90.407 0.08428348 5.56636e-08
1761223507.561 90.457 0.08451906 -4.51750e-09
1761223507.629 90.508 0.08485241 -5.30190e-09
1761223507.704 90.558 0.08513454 6.69336e-08
1761223507.714 90.609 0.08513454 2.86936e-08
1761223507.724 90.659 0.08514292 6.65975e-08
1761223507.774 90.709 0.08522859 5.39656e-08
1761223507.822 90.760 0.08523231 5.39442e-08
1761223507.829 90.810 0.08523604 -6.95740e-09
1761223507.877 90.860 0.08525280 3.53538e-08
1761223507.884 90.911 0.08524721 1.40115e-08
1761223507.893 90.961 0.08524721 5.09485e-08
1761223507.904 91.011 0.08524535 1.40905e-08
1761223507.914 91.062 0.08527793 3.49557e-08
1761223507.924 91.112 0.08527235 6.73994e-08
1761223507.973 91.162 0.08534963 5.11074e-08
1761223508.022 91.212 0.08547347 5.00793e-08
1761223508.028 91.262 0.08550513 -9.22340e-09
1761223508.095 91.312 0.08567926 3.44500e-10
1761223508.145 91.362 0.08580216 4.64750e-09
1761223508.240 91.412 0.08592600 5.20876e-08
1761223508.306 91.462 0.08599119 4.86120e-08
1761223508.313 91.512 0.08599119 -6.96570e-09
1761223508.323 91.562 0.08599212 6.56738e-08
1761223508.371 91.612 0.08600515 6.30737e-08
1761223508.378 91.662 0.08600608 1.66150e-09
1761223508.426 91.712 0.08604612 4.97822e-08
1761223508.477 91.762 0.08612341 4.94700e-08
1761223508.527 91.811 0.08619511 4.71088e-08
1761223508.577 91.861 0.08630032 4.38640e-08
1761223508.627 91.911 0.08638785 4.16247e-08
1761223508.634 91.961 0.08638226 5.82520e-09
1761223508.643 92.010 0.08638226 5.01212e-08
1761223508.653 92.060 0.08639064 1.58172e-08
1761223508.663 92.110 0.08641206 3.79906e-08
1761223508.711 92.159 0.08645955 -2.63460e-09
1761223508.777 92.209 0.08654149 2.89298e-08
1761223508.784 92.258 0.08655452 1.32045e-08
1761223508.793 92.308 0.08655452 5.86577e-08
1761223508.803 92.358 0.08655638 1.20909e-08
1761223508.813 92.407 0.08657501 3.79943e-08
1761223508.862 92.456 0.08667557 -2.71410e-09
1761223508.869 92.506 0.08669792 4.01030e-08
1761223508.876 92.555 0.08673888 5.88167e-08
1761223508.883 92.605 0.08673888 3.31048e-08
1761223508.893 92.654 0.08674726 6.47148e-08
1761223508.903 92.703 0.08675565 2.05486e-08
1761223508.913 92.753 0.08678824 5.90079e-08
1761223508.923 92.802 0.08680220 3.78981e-08
1761223508.933 92.851 0.08684224 2.95620e-09
1761223508.943 92.900 0.08685156 6.93469e-08
1761223508.953 92.950 0.08685807 3.71572e-08
1761223508.962 92.999 0.08690277 6.07745e-08
1761223508.973 93.048 0.08690928 3.73699e-08
1761223508.983 93.097 0.08694932 -8.14000e-11
1761223508.992 93.146 0.08696329 6.68588e-08
1761223509.002 93.195 0.08698005 2.94318e-08
1761223509.012 93.244 0.08702009 6.30398e-08
1761223509.022 93.293 0.08701636 3.22574e-08
1761223509.032 93.342 0.08707223 -2.30910e-09
1761223509.042 93.391 0.08710110 6.17001e-08
1761223509.090 93.440 0.08728360 4.95972e-08
1761223509.140 93.489 0.08750521 4.50952e-08
1761223509.190 93.538 0.08773706 5.20922e-08
1761223509.258 93.587 0.08799778 1.03231e-07
1761223509.266 93.636 0.08802106 4.43507e-08
1761223509.273 93.684 0.08802106 7.85216e-08
1761223509.345 93.733 0.08805737 1.75010e-08
1761223509.353 93.782 0.08807320 8.25803e-08
1761223509.362 93.831 0.08807320 7.26172e-08
1761223509.410 93.879 0.08807134 6.13826e-08
1761223509.416 93.928 0.08807134 1.79494e-08
1761223509.422 93.977 0.08807134 6.76953e-08
1761223509.432 94.025 0.08809276 4.61020e-09
1761223509.442 94.074 0.08808345 7.24100e-08
1761223509.452 94.123 0.08810207 4.62310e-08
1761223509.462 94.171 0.08811417 8.78773e-08
1761223509.510 94.220 0.08820356 5.66427e-08
1761223509.517 94.268 0.08820729 1.13238e-08
1761223509.523 94.317 0.08825570 6.00534e-08
1761223509.589 94.365 0.08839723 4.75806e-08
1761223509.596 94.414 0.08843914 -7.18620e-09
1761223509.644 94.462 0.08860488 1.99256e-08
1761223509.652 94.510 0.08860488 1.90981e-08
1761223509.663 94.559 0.08864213 5.01567e-08
1761223509.711 94.607 0.08878738 1.10790e-08
1761223509.717 94.655 0.08878924 1.28968e-08
1761223509.723 94.704 0.08882276 5.09239e-08
1761223509.771 94.752 0.08886653 6.29648e-08
1761223509.778 94.800 0.08890284 1.10635e-08
1761223509.826 94.848 0.08896151 5.18252e-08
1761223509.900 94.896 0.08907324 2.36150e-09
1761223509.907 94.945 0.08910117 4.95832e-08
1761223509.955 94.993 0.08922222 6.24001e-08
1761223509.962 95.041 0.08921570 -4.48390e-09
1761223510.011 95.089 0.08928367 3.49211e-08
1761223510.034 95.137 0.08930044 2.78201e-08
1761223510.042 95.185 0.08930044 7.23938e-08
1761223510.052 95.233 0.08931347 5.00249e-08
1761223510.062 95.281 0.08933582 1.02858e-07
1761223510.072 95.329 0.08934047 5.30497e-08
1761223510.082 95.377 0.08936282 5.84022e-08
1761223510.092 95.425 0.08937399 1.37035e-07
1761223510.102 95.473 0.08938703 9.54324e-08
1761223510.112 95.521 0.08939914 1.57655e-07
1761223510.122 95.569 0.08938982 1.28674e-07
1761223510.132 95.616 0.08941962 1.32655e-07
1761223510.142 95.664 0.08943173 2.52033e-07
1761223510.154 95.712 0.08945221 2.61178e-07
1761223510.162 95.760 0.08945221 2.87622e-07
1761223510.172 95.807 0.08945407 2.77548e-07
1761223510.182 95.855 0.08949690 2.82424e-07
1761223510.192 95.903 0.08951646 4.19624e-07
1761223510.202 95.950 0.08955277 4.32140e-07
1761223510.212 95.998 0.08957512 5.86491e-07
1761223510.222 96.046 0.08960585 6.37036e-07
1761223510.232 96.093 0.08965241 8.60769e-07
1761223510.242 96.141 0.08967289 1.03587e-06
1761223510.252 96.188 0.08970082 1.16489e-06
1761223510.262 96.236 0.08975576 1.39635e-06
1761223510.272 96.283 0.08979207 1.61682e-06
1761223510.282 96.331 0.08984329 1.86638e-06
1761223510.292 96.378 0.08986750 2.45286e-06
1761223510.302 96.426 0.08991964 2.66681e-06
1761223510.312 96.473 0.08996992 3.29879e-06
1761223510.322 96.520 0.09000344 3.73745e-06
1761223510.332 96.568 0.09007142 4.51779e-06
1761223510.342 96.615 0.09012263 5.14749e-06
1761223510.352 96.662 0.09017384 6.55552e-06
1761223510.362 96.710 0.09022785 7.64166e-06
1761223510.372 96.757 0.09024460 7.32554e-06
1761223510.382 96.804 0.09032748 7.96383e-06
1761223510.392 96.851 0.09036658 7.76525e-06
1761223510.402 96.899 0.09041594 7.24915e-06
1761223510.453 96.946 0.09072042 5.34392e-06
1761223510.462 96.993 0.09072042 2.74028e-06
1761223510.472 97.040 0.09076977 1.82046e-06
1761223510.482 97.087 0.09083960 7.34669e-07
1761223510.492 97.134 0.09086660 2.54557e-07
1761223510.502 97.181 0.09096531 8.08937e-08
1761223510.512 97.228 0.09096531 9.04193e-08
1761223510.522 97.275 0.09098765 5.77233e-08
1761223510.532 97.322 0.09103607 2.01617e-08
1761223510.542 97.369 0.09106587 8.26505e-08
1761223510.552 97.416 0.09112266 4.57386e-08
1761223510.562 97.463 0.09115060 7.03915e-08
1761223510.610 97.510 0.09130144 4.69567e-08
1761223510.660 97.557 0.09142622 3.57084e-08
1761223510.704 97.604 0.09156588 1.38408e-08
1761223510.718 97.651 0.09158637 -1.64320e-09
1761223510.725 97.697 0.09161896 5.41443e-08
1761223510.732 97.744 0.09163013 6.08070e-09
1761223510.742 97.791 0.09163013 4.99377e-08
1761223510.782 97.838 0.09176608 8.46471e-09
1761223510.792 97.884 0.09176608 1.72503e-08
1761223510.802 97.931 0.09178191 7.33596e-09
1761223510.817 97.978 0.09180612 -2.10046e-08
1761223510.824 98.024 0.09183126 2.76315e-08
1761223510.832 98.071 0.09183126 -2.05238e-08
1761223510.842 98.118 0.09183312 3.99723e-08
1761223510.851 98.164 0.09184988 2.05080e-09
1761223510.861 98.211 0.09187595 2.83286e-08
1761223510.902 98.257 0.09196627 -2.48200e-09
1761223510.911 98.304 0.09196627 1.87127e-08
1761223510.921 98.350 0.09197093 -2.38386e-09
1761223510.932 98.397 0.09200817 1.20335e-08
1761223510.941 98.443 0.09202866 7.44231e-09
1761223510.951 98.490 0.09206963 3.52522e-09
1761223510.983 98.536 0.09216926 1.34318e-08
1761223511.006 98.582 0.09223444 4.12962e-09
1761223511.013 98.629 0.09225213 -2.00901e-09
1761223511.022 98.675 0.09225213 -1.06967e-08
1761223511.032 98.721 0.09230893 5.19500e-10
1761223511.042 98.768 0.09234059 -6.64820e-10
1761223511.052 98.814 0.09238622 -1.08029e-08
1761223511.062 98.860 0.09242253 2.61221e-09
1761223511.077 98.906 0.09251285 -1.05929e-08
1761223511.082 98.953 0.09253147 -3.70900e-08
1761223511.132 98.999 0.09270467 -4.13840e-08
1761223511.142 99.045 0.09270467 -2.84060e-08
1761223511.152 99.091 0.09275215 -5.24754e-08
1761223511.162 99.137 0.09276519 1.82080e-09
1761223511.171 99.183 0.09278195 -1.42475e-08
1761223511.181 99.229 0.09283968 -6.00234e-08
1761223511.191 99.276 0.09285923 -1.75035e-08
1761223511.201 99.322 0.09290113 -6.58834e-08
1761223511.211 99.368 0.09293745 -4.14650e-08
1761223511.221 99.414 0.09295048 -7.60768e-08
1761223511.231 99.460 0.09300076 -5.96545e-08
1761223511.241 99.505 0.09301007 -2.64642e-08
1761223511.251 99.551 0.09303987 -7.24922e-08
1761223511.261 99.597 0.09308177 -4.36942e-08
1761223511.271 99.643 0.09310039 -7.77133e-08
1761223511.281 99.689 0.09313764 -5.37531e-08
1761223511.291 99.735 0.09315906 -2.47331e-08
1761223511.301 99.781 0.09319351 -7.66273e-08
1761223511.311 99.827 0.09323727 -3.61557e-08
1761223511.321 99.872 0.09324472 -6.80479e-08
1761223511.331 99.918 0.09328011 -5.36339e-08
1761223511.341 99.964 0.09330897 -3.07540e-09
1761223511.351 100.010 0.09335459 -4.62944e-08
1761223511.392 100.055 0.09352592 7.65740e-10
1761223511.401 100.101 0.09352592 -1.09338e-08
1761223511.411 100.147 0.09357620 5.89712e-09
1761223511.421 100.192 0.09361718 -4.84084e-09
1761223511.431 100.238 0.09366932 2.09690e-08
1761223511.441 100.283 0.09368887 1.66391e-08
1761223511.455 100.329 0.09379223 6.17960e-08
1761223511.461 100.375 0.09379223 2.85524e-08
1761223511.471 100.420 0.09384437 1.01767e-08
1761223511.481 100.466 0.09391048 3.85748e-08
1761223511.511 100.511 0.09402501 6.96608e-08
1761223511.521 100.557 0.09409578 6.65717e-08
1761223511.532 100.602 0.09409578 2.44045e-08
1761223511.541 100.647 0.09412837 6.70906e-08
1761223511.590 100.693 0.09429132 4.70096e-08
1761223511.599 100.738 0.09434346 2.31146e-08
1761223511.605 100.784 0.09438071 6.22199e-08
1761223511.611 100.829 0.09438071 3.90380e-09
1761223511.621 100.874 0.09441981 3.44180e-09
1761223511.631 100.920 0.09446357 3.89848e-08
1761223511.641 100.965 0.09445799 6.74961e-08
1761223511.689 101.010 0.09461721 6.29405e-08
1761223511.695 101.055 0.09465073 -4.55740e-09
1761223511.744 101.101 0.09475688 5.34519e-08
1761223511.751 101.146 0.09475688 5.22340e-09
1761223511.761 101.191 0.09478761 5.23617e-08
1761223511.771 101.236 0.09481927 1.10285e-08
1761223511.781 101.281 0.09484627 2.44670e-09
1761223511.791 101.326 0.09484069 6.67558e-08
1761223511.840 101.372 0.09495987 5.08589e-08
1761223511.908 101.417 0.09515820 6.35102e-08
1761223511.976 101.462 0.09530811 6.27075e-08
1761223512.053 101.507 0.09541333 6.46095e-08
1761223512.061 101.552 0.09541333 6.55960e-08
1761223512.071 101.597 0.09540868 2.89826e-08
1761223512.081 101.642 0.09542730 4.50715e-08
1761223512.091 101.687 0.09543475 9.24838e-08
1761223512.101 101.732 0.09544406 5.45551e-08
1761223512.111 101.777 0.09543754 1.36359e-07
1761223512.121 101.822 0.09544033 1.21457e-07
1761223512.133 101.866 0.09546455 9.80910e-08
1761223512.141 101.911 0.09546455 1.71273e-07
1761223512.151 101.956 0.09546455 3.55183e-07
1761223512.161 102.001 0.09546827 3.31051e-07
1761223512.171 102.046 0.09546268 3.59210e-07
1761223512.181 102.091 0.09548317 5.17197e-07
1761223512.191 102.135 0.09548596 6.94552e-07
1761223512.201 102.180 0.09551110 6.15921e-07
1761223512.211 102.225 0.09551390 9.87138e-07
1761223512.221 102.270 0.09552600 1.14043e-06
1761223512.231 102.314 0.09555207 1.18384e-06
1761223512.241 102.359 0.09554928 1.68052e-06
1761223512.251 102.404 0.09557256 2.50286e-06
1761223512.261 102.448 0.09560794 2.62767e-06
1761223512.271 102.493 0.09563867 3.44100e-06
1761223512.281 102.537 0.09568616 4.54349e-06
1761223512.291 102.582 0.09571316 5.75858e-06
1761223512.301 102.627 0.09576251 5.63853e-06
1761223512.311 102.671 0.09580162 8.25711e-06
1761223512.321 102.716 0.09585283 1.06495e-05
1761223512.331 102.760 0.09592080 1.35659e-05
1761223512.341 102.805 0.09594408 1.83565e-05
1761223512.351 102.849 0.09598132 2.08795e-05
1761223512.361 102.893 0.09603533 2.42865e-05
1761223512.371 102.938 0.09608654 2.79822e-05
1761223512.381 102.982 0.09615917 3.38224e-05
1761223512.391 103.027 0.09618338 3.97591e-05
1761223512.401 103.071 0.09623273 4.67406e-05
1761223512.411 103.115 0.09629512 5.47678e-05
1761223512.421 103.160 0.09633330 6.30037e-05
1761223512.431 103.204 0.09639940 7.33746e-05
1761223512.441 103.248 0.09643385 8.36765e-05
1761223512.451 103.293 0.09648507 9.03229e-05
1761223512.461 103.337 0.09652883 1.01123e-04
1761223512.471 103.381 0.09656515 9.69854e-05
1761223512.481 103.425 0.09662753 9.21096e-05
1761223512.491 103.469 0.09665733 8.97645e-05
1761223512.501 103.514 0.09671599 8.12018e-05
1761223512.511 103.558 0.09676441 7.39067e-05
1761223512.521 103.602 0.09679886 6.81689e-05
1761223512.531 103.646 0.09685007 5.87734e-05
1761223512.541 103.690 0.09686590 5.10955e-05
1761223512.550 103.734 0.09691060 3.99982e-05
1761223512.560 103.778 0.09695622 2.52966e-05
1761223512.611 103.822 0.09717969 1.27242e-07
1761223512.621 103.866 0.09717969 1.89362e-07
1761223512.631 103.910 0.09723277 3.64001e-08
1761223512.641 103.954 0.09725977 7.20954e-08
1761223512.690 103.998 0.09743482 5.43230e-08
1761223512.740 104.042 0.09759498 5.27208e-08
1761223512.790 104.086 0.09773186 5.14216e-08
1761223512.858 104.130 0.09784639 6.47032e-08
1761223512.908 104.174 0.09787432 6.49396e-08
1761223512.959 104.218 0.09790877 6.74878e-08
1761223513.009 104.262 0.09792088 7.10615e-08
1761223513.059 104.305 0.09795533 7.11825e-08
1761223513.162 104.349 0.09808755 4.74120e-09
1761223513.210 104.393 0.09813597 5.34090e-08
1761223513.260 104.437 0.09817042 5.16790e-08
1761223513.271 104.481 0.09817042 -1.87270e-09
1761223513.281 104.524 0.09819370 4.82336e-08
1761223513.291 104.568 0.09819370 6.53889e-08
1761223513.339 104.612 0.09818904 5.61801e-08
1761223513.346 104.655 0.09820673 -3.04240e-09
1761223513.394 104.699 0.09825795 4.05718e-08
1761223513.401 104.743 0.09825609 4.15060e-09
1761223513.410 104.786 0.09825609 4.92483e-08
1761223513.457 104.830 0.09834920 4.50994e-08
1761223513.508 104.874 0.09842927 4.55859e-08
1761223513.558 104.917 0.09852518 4.67202e-08
1761223513.608 104.961 0.09863040 5.10762e-08
1761223513.658 105.004 0.09866858 5.27703e-08
1761223513.733 105.048 0.09873562 1.84022e-08
1761223513.740 105.091 0.09873562 5.72827e-08
1761223513.788 105.135 0.09875796 7.24924e-08
1761223513.795 105.178 0.09877659 2.20602e-08
1761223513.801 105.222 0.09878683 2.23333e-08
1761223513.810 105.265 0.09878683 5.34890e-08
1761223513.857 105.309 0.09882035 5.32979e-08
1761223513.925 105.352 0.09890416 7.93304e-08
1761223513.993 105.395 0.09902520 5.69998e-08
1761223514.000 105.439 0.09904662 4.67640e-09
1761223514.010 105.482 0.09904662 5.31230e-08
1761223514.058 105.525 0.09910528 4.64440e-08
1761223514.108 105.569 0.09916953 4.15228e-08
1761223514.158 105.612 0.09920771 4.63710e-08
1761223514.201 105.655 0.09925426 9.32670e-09
1761223514.216 105.699 0.09927381 1.61970e-09
1761223514.221 105.742 0.09928964 4.24348e-08
1761223514.230 105.785 0.09928964 1.74960e-08
1761223514.240 105.828 0.09928313 8.18000e-10
1761223514.287 105.871 0.09932875 -9.04750e-09
1761223514.294 105.915 0.09936134 7.32780e-09
1761223514.300 105.958 0.09936507 -4.00824e-08
1761223514.309 106.001 0.09936507 7.36400e-09
1761223514.319 106.044 0.09937810 -2.54695e-08
1761223514.385 106.087 0.09947494 -6.42945e-08
1761223514.392 106.130 0.09950939 -6.23750e-09
1761223514.400 106.173 0.09950939 -5.87765e-08
1761223514.448 106.216 0.09961089 -5.66896e-08
1761223514.454 106.259 0.09962764 -1.08991e-08
1761223514.502 106.302 0.09975708 -5.16795e-08
1761223514.553 106.345 0.09986881 -4.53486e-08
1761223514.602 106.388 0.09995354 -3.74778e-08
1761223514.646 106.431 0.10002524 -1.61130e-08
1761223514.660 106.474 0.10001873 7.35600e-10
1761223514.670 106.517 0.10001873 -5.09317e-08
1761223514.680 106.560 0.10004200 1.34991e-08
1761223514.689 106.603 0.10001407 -8.12900e-09
1761223514.731 106.646 0.10006249 -1.21875e-08
1761223514.740 106.689 0.10006249 -1.10910e-08
1761223514.750 106.732 0.10008763 -5.23709e-09
1761223514.760 106.774 0.10008670 -1.74120e-10
1761223514.770 106.817 0.10010346 -1.53799e-08
1761223514.780 106.860 0.10011649 5.27063e-09
1761223514.790 106.903 0.10011090 -1.38780e-08
1761223514.836 106.946 0.10019099 -1.48939e-08
1761223514.842 106.988 0.10023382 6.02277e-09
1761223514.850 107.031 0.10023382 -6.51117e-09
1761223514.859 107.074 0.10022265 1.18555e-09
1761223514.869 107.116 0.10025989 -9.41841e-09
1761223514.879 107.159 0.10028968 6.60008e-09
1761223514.889 107.202 0.10030365 -1.42187e-08
1761223514.899 107.244 0.10035486 -8.91970e-10
1761223514.909 107.287 0.10036138 -3.00180e-09
1761223514.919 107.330 0.10038931 -9.16285e-09
1761223514.929 107.372 0.10042750 7.33493e-09
1761223514.939 107.415 0.10045915 -1.35030e-08
1761223514.949 107.457 0.10050291 2.84762e-09
1761223514.959 107.500 0.10052154 1.71563e-09
1761223514.969 107.542 0.10055133 -8.04922e-09
1761223514.979 107.585 0.10057181 7.63530e-09
1761223514.989 107.627 0.10060254 -1.30399e-08
1761223514.999 107.670 0.10064723 1.62090e-09
1761223515.009 107.712 0.10066680 1.21912e-09
1761223515.019 107.755 0.10071428 -7.07353e-09
1761223515.029 107.797 0.10074966 9.45663e-09
1761223515.039 107.839 0.10076735 -1.06073e-08
1761223515.049 107.882 0.10082881 6.91246e-09
1761223515.059 107.924 0.10084370 4.52688e-09
1761223515.069 107.967 0.10087072 -3.78360e-09
1761223515.079 108.009 0.10092286 1.17563e-08
1761223515.089 108.051 0.10095265 -8.72146e-09
1761223515.099 108.093 0.10100572 7.28211e-09
1761223515.109 108.136 0.10104390 6.31299e-09
1761223515.119 108.178 0.10109419 -1.20364e-09
1761223515.129 108.220 0.10112305 1.50212e-08
1761223515.139 108.263 0.10115378 -5.18567e-09
1761223515.149 108.305 0.10120126 1.27299e-08
1761223515.159 108.347 0.10122454 1.03401e-08
1761223515.169 108.389 0.10127203 9.09650e-10
1761223515.179 108.431 0.10131859 1.66143e-08
1761223515.189 108.473 0.10135583 -4.11162e-09
1761223515.199 108.516 0.10141356 1.19231e-08
1761223515.209 108.558 0.10144056 1.21093e-08
1761223515.219 108.600 0.10148712 8.14015e-09
1761223515.232 108.642 0.10156813 -1.12350e-09
1761223515.239 108.684 0.10156813 5.36385e-08
1761223515.249 108.726 0.10163424 -1.13800e-09
1761223515.259 108.768 0.10165659 6.38197e-08
1761223515.307 108.810 0.10186330 8.22450e-08
1761223515.312 108.852 0.10189682 3.16540e-08
1761223515.319 108.894 0.10189682 5.44685e-08
1761223515.329 108.936 0.10193872 1.16838e-07
1761223515.339 108.978 0.10197783 7.20143e-08
1761223515.385 109.020 0.10215753 1.09758e-07
1761223515.391 109.062 0.10220596 1.71602e-07
1761223515.399 109.104 0.10220596 1.25971e-07
1761223515.409 109.146 0.10223948 1.89878e-07
1761223515.419 109.188 0.10226462 1.55506e-07
1761223515.429 109.229 0.10230652 1.33952e-07
1761223515.441 109.271 0.10235494 2.55650e-07
1761223515.449 109.313 0.10236052 1.64710e-07
1761223515.459 109.355 0.10239311 1.95923e-07
1761223515.469 109.397 0.10239311 1.63234e-07
1761223515.479 109.438 0.10243781 1.24356e-07
1761223515.491 109.480 0.10249182 2.24914e-07
1761223515.499 109.522 0.10250299 1.62873e-07
1761223515.509 109.564 0.10250299 2.06732e-07
1761223515.519 109.605 0.10252254 1.55141e-07
1761223515.529 109.647 0.10254861 1.95602e-07
1761223515.539 109.689 0.10254116 1.41233e-07
1761223515.549 109.730 0.10259331 1.29193e-07
1761223515.559 109.772 0.10261101 1.69187e-07
1761223515.569 109.814 0.10262777 1.19147e-07
1761223515.579 109.855 0.10267060 1.53429e-07
1761223515.589 109.897 0.10268736 9.67200e-08
1761223515.599 109.939 0.10272088 8.50628e-08
1761223515.609 109.980 0.10273577 1.22216e-07
1761223515.619 110.022 0.10279350 7.25140e-08
