1761309610.218 33.800 0.03259436 1.95094e-08
1761309610.224 33.935 0.03260832 4.52444e-08
1761309610.233 34.069 0.03260832 -1.31579e-08
1761309610.243 34.203 0.03260181 6.78083e-08
1761309610.291 34.336 0.03259715 4.58603e-08
1761309610.342 34.469 0.03261112 4.55028e-08
1761309610.392 34.602 0.03272285 4.46987e-08
1761309610.442 34.733 0.03292305 4.65046e-08
1761309610.492 34.865 0.03314466 4.77129e-08
1761309610.542 34.996 0.03338116 4.91240e-08
1761309610.592 35.126 0.03350314 4.84008e-08
1761309610.660 35.256 0.03364933 6.11506e-08
1761309610.770 35.385 0.03374245 6.50249e-07
1761309610.777 35.514 0.03377783 8.03495e-07
1761309610.783 35.643 0.03377783 9.03276e-07
1761309610.793 35.771 0.03379645 1.10512e-06
1761309610.803 35.898 0.03380576 1.36108e-06
1761309610.813 36.025 0.03382625 1.63594e-06
1761309610.823 36.152 0.03381880 1.94726e-06
1761309610.833 36.278 0.03385418 2.61249e-06
1761309610.843 36.404 0.03387467 3.14273e-06
1761309610.853 36.530 0.03389888 3.79918e-06
1761309610.863 36.654 0.03389888 4.15477e-06
1761309610.873 36.779 0.03392122 4.33098e-06
1761309610.883 36.903 0.03394729 4.75725e-06
1761309610.893 37.027 0.03396312 4.76620e-06
1761309610.903 37.150 0.03399385 4.70530e-06
1761309610.913 37.273 0.03401154 4.56480e-06
1761309610.923 37.395 0.03402644 3.78601e-06
1761309610.933 37.517 0.03410000 3.58860e-06
1761309610.943 37.639 0.03413538 2.58356e-06
1761309610.953 37.760 0.03419311 1.23629e-06
1761309610.963 37.881 0.03426388 6.21643e-07
1761309610.973 38.002 0.03431602 1.94415e-07
1761309610.983 38.122 0.03440821 3.00212e-08
1761309610.993 38.241 0.03448456 8.47982e-08
1761309611.041 38.361 0.03505162 5.43205e-08
1761309611.048 38.480 0.03519036 -1.38645e-08
1761309611.096 38.598 0.03588964 3.56837e-08
1761309611.103 38.717 0.03588964 1.54599e-08
1761309611.113 38.834 0.03603303 4.51444e-08
1761309611.123 38.952 0.03615315 2.08163e-08
1761309611.133 39.069 0.03629096 3.30579e-08
1761309611.143 39.186 0.03641946 7.51244e-08
1761309611.191 39.302 0.03691389 6.44325e-08
1761309611.241 39.419 0.03718950 5.94333e-08
1761309611.247 39.534 0.03723141 -1.10734e-08
1761309611.309 39.650 0.03739622 4.09138e-08
1761309611.360 39.765 0.03748561 4.73705e-08
1761309611.411 39.880 0.03760200 4.71919e-08
1761309611.418 39.994 0.03760572 2.85780e-08
1761309611.424 40.108 0.03764483 4.89116e-08
1761309611.433 40.222 0.03764483 1.94220e-09
1761309611.443 40.336 0.03766066 6.86291e-08
1761309611.490 40.449 0.03778357 6.31163e-08
1761309611.496 40.562 0.03781150 1.17869e-08
1761309611.503 40.674 0.03781150 9.07000e-09
1761309611.513 40.786 0.03784502 4.74743e-08
1761309611.523 40.898 0.03784409 1.11520e-08
1761309611.533 41.010 0.03788692 3.89160e-08
1761309611.543 41.121 0.03792045 6.94965e-08
1761309611.590 41.232 0.03811878 6.54379e-08
1761309611.596 41.343 0.03817278 1.99750e-08
1761309611.603 41.453 0.03817278 7.79720e-09
1761309611.613 41.564 0.03823517 4.78364e-08
1761309611.623 41.673 0.03826590 1.10490e-08
1761309611.633 41.783 0.03834504 3.89376e-08
1761309611.643 41.892 0.03840743 6.39204e-08
1761309611.690 42.001 0.03877243 6.43444e-08
1761309611.697 42.110 0.03886555 -5.43670e-09
1761309611.703 42.218 0.03886555 2.90164e-08
1761309611.713 42.326 0.03897263 4.61895e-08
1761309611.760 42.434 0.03938698 6.66511e-08
1761309611.811 42.542 0.03980879 6.09487e-08
1761309611.861 42.649 0.04015144 6.22477e-08
1761309611.867 42.756 0.04020359 2.71979e-08
1761309611.873 42.863 0.04026411 6.49118e-08
1761309611.882 42.970 0.04026411 2.60858e-08
1761309611.892 43.076 0.04029949 5.94661e-08
1761309611.942 43.182 0.04048293 4.66958e-08
1761309611.993 43.287 0.04056114 4.60444e-08
1761309612.061 43.393 0.04072782 5.75561e-08
1761309612.068 43.498 0.04073992 2.71082e-08
1761309612.075 43.603 0.04080417 4.83398e-08
1761309612.126 43.708 0.04097457 4.83598e-08
1761309612.176 43.812 0.04112448 4.76781e-08
1761309612.226 43.917 0.04126880 4.66686e-08
1761309612.276 44.020 0.04141872 4.51362e-08
1761309612.326 44.124 0.04155932 4.50502e-08
1761309612.413 44.228 0.04171109 3.75509e-08
1761309612.463 44.331 0.04178838 4.40888e-08
1761309612.472 44.434 0.04178838 2.68531e-08
1761309612.482 44.537 0.04182190 3.20126e-08
1761309612.493 44.639 0.04183214 6.76473e-08
1761309612.561 44.741 0.04192898 5.16704e-08
1761309612.610 44.844 0.04203606 4.70290e-08
1761309612.660 44.945 0.04217294 5.32607e-08
1761309612.710 45.047 0.04232657 4.78782e-08
1761309612.760 45.148 0.04249045 5.37404e-08
1761309612.810 45.249 0.04260871 5.17719e-08
1761309612.860 45.350 0.04272044 5.97094e-08
1761309612.910 45.451 0.04276327 5.62520e-08
1761309613.000 45.552 0.04289829 2.51072e-08
1761309613.007 45.652 0.04292343 6.92367e-08
1761309613.013 45.752 0.04292529 1.70890e-09
1761309613.022 45.852 0.04292529 2.71567e-08
1761309613.032 45.951 0.04296812 3.53678e-08
1761309613.042 46.051 0.04298768 4.27061e-08
1761309613.052 46.150 0.04301375 -1.29623e-08
1761309613.062 46.249 0.04303423 5.81712e-08
1761309613.109 46.347 0.04310966 4.12468e-08
1761309613.160 46.446 0.04323257 4.83161e-08
1761309613.210 46.544 0.04347932 4.41956e-08
1761309613.260 46.642 0.04377356 5.25425e-08
1761309613.310 46.740 0.04402682 4.97917e-08
1761309613.360 46.838 0.04418791 5.76944e-08
1761309613.410 46.935 0.04428102 5.96707e-08
1761309613.460 47.033 0.04429220 6.93846e-08
1761309613.537 47.130 0.04433596 2.73460e-08
1761309613.543 47.227 0.04435738 4.48498e-08
1761309613.591 47.323 0.04441604 6.20943e-08
1761309613.597 47.420 0.04444490 -6.98890e-09
1761309613.603 47.516 0.04445794 3.20253e-08
1761309613.611 47.612 0.04445794 4.93989e-08
1761309613.659 47.708 0.04456874 5.12585e-08
1761309613.710 47.804 0.04468327 4.35149e-08
1761309613.760 47.899 0.04487136 4.97541e-08
1761309613.810 47.995 0.04504921 4.38801e-08
1761309613.822 48.090 0.04512649 7.14185e-08
1761309613.831 48.185 0.04512649 3.54108e-08
1761309613.879 48.280 0.04530248 3.30423e-08
1761309613.886 48.374 0.04530807 1.62444e-08
1761309613.893 48.469 0.04535555 5.04749e-08
1761309613.941 48.563 0.04541235 6.65659e-08
1761309613.948 48.657 0.04544215 -6.27520e-09
1761309613.996 48.751 0.04557903 4.26341e-08
1761309614.002 48.844 0.04559299 1.77201e-08
1761309614.011 48.938 0.04559299 5.41508e-08
1761309614.077 49.031 0.04582671 5.25183e-08
1761309614.126 49.124 0.04603342 4.91873e-08
1761309614.194 49.217 0.04632300 4.67386e-08
1761309614.238 49.310 0.04643194 1.48930e-08
1761309614.252 49.403 0.04650364 3.42410e-09
1761309614.262 49.495 0.04650364 4.11375e-08
1761309614.271 49.588 0.04648595 1.43946e-08
1761309614.281 49.680 0.04652413 4.04916e-08
1761309614.322 49.772 0.04657348 1.56239e-08
1761309614.336 49.863 0.04656696 1.53712e-08
1761309614.342 49.955 0.04659582 3.31336e-08
1761309614.351 50.046 0.04659582 -2.42972e-08
1761309614.361 50.138 0.04661072 5.77742e-08
1761309614.402 50.229 0.04670104 1.35664e-08
1761309614.417 50.320 0.04671501 1.45300e-08
1761309614.423 50.410 0.04677181 6.87981e-08
1761309614.431 50.501 0.04677181 3.25234e-08
1761309614.479 50.591 0.04697480 3.69572e-08
1761309614.485 50.682 0.04701949 2.37535e-08
1761309614.491 50.772 0.04701949 6.01921e-08
1761309614.501 50.862 0.04708932 -6.94650e-09
1761309614.511 50.952 0.04713402 6.89989e-08
1761309614.559 51.041 0.04745526 5.44506e-08
1761309614.660 51.131 0.04806422 6.90536e-06
1761309614.667 51.220 0.04810519 1.13848e-05
1761309614.673 51.309 0.04816758 1.83645e-05
1761309614.681 51.398 0.04816758 3.34682e-05
1761309614.691 51.487 0.04820948 4.20069e-05
1761309614.701 51.576 0.04825231 5.63996e-05
1761309614.711 51.664 0.04829701 6.61766e-05
1761309614.721 51.753 0.04830818 6.73835e-05
1761309614.731 51.841 0.04834449 6.23969e-05
1761309614.741 51.929 0.04835287 5.63231e-05
1761309614.751 52.017 0.04840316 4.81275e-05
1761309614.761 52.105 0.04840316 3.66376e-05
1761309614.771 52.192 0.04840967 2.71384e-05
1761309614.781 52.280 0.04844226 1.92737e-05
1761309614.791 52.367 0.04842457 1.34382e-05
1761309614.801 52.455 0.04845157 1.05901e-05
1761309614.811 52.542 0.04845902 8.00072e-06
1761309614.821 52.629 0.04848416 5.67454e-06
1761309614.831 52.715 0.04851210 3.86308e-06
1761309614.841 52.802 0.04852327 2.23744e-06
1761309614.851 52.888 0.04856517 8.58367e-07
1761309614.861 52.975 0.04859124 5.58290e-07
1761309614.871 53.061 0.04863966 2.76116e-07
1761309614.881 53.147 0.04870391 1.82616e-07
1761309614.891 53.233 0.04875978 1.59112e-07
1761309614.901 53.319 0.04884265 6.38839e-08
1761309614.911 53.405 0.04889200 9.64814e-08
1761309614.959 53.490 0.04933522 6.61819e-08
1761309615.009 53.575 0.04984828 3.57200e-08
1761309615.052 53.661 0.05032408 1.58057e-08
1761309615.067 53.746 0.05042558 3.77511e-08
1761309615.074 53.831 0.05053173 8.98221e-08
1761309615.081 53.916 0.05053173 4.29284e-08
1761309615.091 54.000 0.05057456 5.69839e-08
1761309615.101 54.085 0.05063974 4.69479e-08
1761309615.111 54.169 0.05068536 1.10325e-07
1761309615.121 54.254 0.05072261 5.96064e-08
1761309615.131 54.338 0.05077103 9.14819e-08
1761309615.141 54.422 0.05078965 6.43824e-08
1761309615.151 54.506 0.05081386 6.88896e-08
1761309615.161 54.590 0.05083807 1.35775e-07
1761309615.211 54.673 0.05086228 1.41427e-07
1761309615.221 54.757 0.05086228 1.16346e-07
1761309615.231 54.840 0.05089114 1.32601e-07
1761309615.241 54.924 0.05088370 1.39366e-07
1761309615.251 55.007 0.05091256 1.07690e-07
1761309615.261 55.090 0.05094329 2.06734e-07
1761309615.271 55.173 0.05096750 2.06523e-07
1761309615.281 55.256 0.05102430 3.07817e-07
1761309615.291 55.338 0.05105596 5.34341e-07
1761309615.301 55.421 0.05112951 1.96674e-06
1761309615.311 55.503 0.05116397 3.38958e-06
1761309615.321 55.585 0.05120494 7.02158e-06
1761309615.331 55.668 0.05128315 1.07000e-05
1761309615.341 55.750 0.05132971 1.81344e-05
1761309615.351 55.832 0.05140141 4.20866e-05
1761309615.361 55.913 0.05145727 6.18981e-05
1761309615.371 55.995 0.05152059 1.02711e-04
1761309615.380 56.077 0.05161743 1.31074e-04
1761309615.390 56.158 0.05168261 1.63503e-04
1761309615.400 56.240 0.05174593 1.58770e-04
1761309615.410 56.321 0.05181390 1.45929e-04
1761309615.420 56.402 0.05189118 1.06933e-04
1761309615.430 56.483 0.05197778 5.78228e-05
1761309615.440 56.564 0.05205506 2.68947e-05
1761309615.450 56.644 0.05214818 9.71587e-06
1761309615.460 56.725 0.05221894 5.27905e-06
1761309615.470 56.806 0.05229064 6.18561e-06
1761309615.480 56.886 0.05239214 6.42559e-06
1761309615.490 56.966 0.05247221 5.82534e-06
1761309615.500 57.047 0.05256812 4.03256e-06
1761309615.510 57.127 0.05263702 1.76430e-06
1761309615.520 57.207 0.05271524 7.90209e-07
1761309615.530 57.286 0.05281673 3.10596e-07
1761309615.540 57.366 0.05289588 2.00085e-07
1761309615.550 57.446 0.05298620 2.39036e-07
1761309615.560 57.525 0.05305696 4.71235e-07
1761309615.570 57.605 0.05312214 4.72402e-07
1761309615.580 57.684 0.05320967 4.64243e-07
1761309615.590 57.763 0.05328695 3.83263e-07
1761309615.600 57.842 0.05339124 1.48269e-07
1761309615.610 57.921 0.05345363 1.88133e-07
1761309615.620 58.000 0.05351974 8.07907e-08
1761309615.630 58.079 0.05359795 9.50916e-08
1761309615.640 58.158 0.05365661 5.99935e-08
1761309615.650 58.236 0.05374042 7.39899e-08
1761309615.660 58.315 0.05380932 1.37197e-07
1761309615.670 58.393 0.05387729 7.45625e-08
1761309615.680 58.471 0.05397227 2.00954e-07
1761309615.690 58.549 0.05403652 4.33435e-07
1761309615.700 58.627 0.05411939 5.18655e-07
1761309615.710 58.705 0.05418364 6.53295e-07
1761309615.741 58.783 0.05446857 5.14370e-07
1761309615.767 58.861 0.05458216 1.38504e-07
1761309615.774 58.938 0.05467714 1.79776e-07
1761309615.780 59.016 0.05467714 1.45995e-07
1761309615.790 59.093 0.05473952 2.00148e-07
1761309615.800 59.171 0.05479539 3.13805e-07
1761309615.810 59.248 0.05486243 4.33353e-07
1761309615.820 59.325 0.05492948 3.92026e-07
1761309615.830 59.402 0.05499838 3.99240e-07
1761309615.840 59.479 0.05504494 3.68479e-07
1761309615.850 59.556 0.05514736 2.62222e-07
1761309615.860 59.632 0.05520788 2.76415e-07
1761309615.870 59.709 0.05525630 1.86149e-07
1761309615.880 59.785 0.05532614 1.94084e-07
1761309615.890 59.862 0.05538480 4.18988e-07
1761309615.900 59.938 0.05545929 5.67187e-06
1761309615.910 60.014 0.05549188 9.91032e-06
1761309615.920 60.090 0.05554309 1.68766e-05
1761309615.930 60.166 0.05560641 3.24193e-05
1761309615.940 60.242 0.05565203 5.53809e-05
1761309615.950 60.318 0.05572466 9.75865e-05
1761309615.960 60.394 0.05576842 1.57443e-04
1761309615.970 60.470 0.05581685 2.20302e-04
1761309615.980 60.545 0.05588109 2.37251e-04
1761309615.990 60.621 0.05593789 2.31462e-04
1761309616.000 60.696 0.05600401 2.05275e-04
1761309616.010 60.771 0.05605429 1.64950e-04
1761309616.020 60.846 0.05612319 1.00313e-04
1761309616.030 60.922 0.05619675 4.91237e-05
1761309616.040 60.997 0.05625448 2.77919e-05
1761309616.050 61.071 0.05632897 7.58379e-06
1761309616.060 61.146 0.05637832 3.34902e-06
1761309616.070 61.221 0.05645933 1.30968e-06
1761309616.080 61.296 0.05654313 6.79010e-07
1761309616.090 61.370 0.05658503 2.22671e-07
1761309616.100 61.445 0.05668187 3.76718e-08
1761309616.110 61.519 0.05675357 1.08352e-07
1761309616.120 61.593 0.05683364 1.07537e-07
1761309616.130 61.667 0.05693048 4.54141e-07
1761309616.140 61.741 0.05696959 7.17921e-07
1761309616.150 61.815 0.05706829 1.26172e-06
1761309616.160 61.889 0.05714837 2.69398e-06
1761309616.170 61.963 0.05722286 3.89949e-06
1761309616.180 62.037 0.05730480 7.53993e-06
1761309616.190 62.110 0.05737184 8.55877e-06
1761309616.200 62.184 0.05746589 7.93796e-06
1761309616.210 62.257 0.05752734 7.56467e-06
1761309616.220 62.331 0.05760276 5.03406e-06
1761309616.230 62.404 0.05768377 2.52130e-06
1761309616.240 62.477 0.05773591 1.21013e-06
1761309616.250 62.550 0.05783741 7.67342e-07
1761309616.260 62.624 0.05789979 6.98943e-07
1761309616.289 62.696 0.05807764 5.08794e-07
1761309616.303 62.769 0.05823407 1.60715e-07
1761309616.310 62.842 0.05823407 1.54630e-07
1761309616.320 62.915 0.05829087 9.29360e-08
1761309616.330 62.987 0.05836257 1.26798e-07
1761309616.340 63.060 0.05842030 8.73940e-08
1761309616.350 63.132 0.05849199 1.03401e-07
1761309616.392 63.205 0.05880951 9.15542e-08
1761309616.400 63.277 0.05880951 4.40322e-08
1761309616.410 63.349 0.05888214 1.31168e-07
1761309616.420 63.421 0.05892683 8.18538e-08
1761309616.430 63.493 0.05898364 1.61796e-07
1761309616.440 63.565 0.05904323 2.09875e-07
1761309616.450 63.637 0.05911306 3.55993e-07
1761309616.460 63.709 0.05912517 6.07755e-07
1761309616.470 63.781 0.05919314 8.01443e-07
1761309616.480 63.852 0.05925552 1.03685e-06
1761309616.490 63.924 0.05929277 1.06939e-06
1761309616.500 63.995 0.05936912 1.07476e-06
1761309616.510 64.067 0.05939519 1.05269e-06
1761309616.520 64.138 0.05942406 8.67454e-07
1761309616.530 64.209 0.05948551 7.15879e-07
1761309616.540 64.280 0.05950693 4.69476e-07
1761309616.550 64.352 0.05955814 2.94586e-07
1761309616.560 64.423 0.05960004 2.81554e-07
1761309616.570 64.493 0.05966243 1.43782e-07
1761309616.580 64.564 0.05970712 1.73012e-07
1761309616.590 64.635 0.05974903 1.33805e-07
1761309616.600 64.706 0.05981607 1.62798e-07
1761309616.610 64.776 0.05984028 2.19457e-07
1761309616.620 64.847 0.05991104 2.24580e-07
1761309616.630 64.917 0.05997250 2.80126e-07
1761309616.640 64.988 0.06003116 2.36901e-07
1761309616.650 65.058 0.06008517 3.12138e-07
1761309616.660 65.128 0.06014103 3.62205e-07
1761309616.670 65.198 0.06020715 2.87474e-07
1761309616.680 65.268 0.06027605 3.29695e-07
1761309616.690 65.338 0.06033192 2.39338e-07
1761309616.700 65.408 0.06042689 2.78884e-07
1761309616.710 65.478 0.06049207 3.00563e-07
1761309616.720 65.548 0.06056563 1.95778e-07
1761309616.730 65.618 0.06063640 1.96965e-07
1761309616.740 65.687 0.06070902 7.35000e-07
1761309616.750 65.757 0.06080586 3.15034e-06
1761309616.760 65.826 0.06087570 5.11097e-06
1761309616.770 65.896 0.06094181 8.92918e-06
1761309616.780 65.965 0.06102002 1.65265e-05
1761309616.790 66.034 0.06108614 3.29381e-05
1761309616.800 66.104 0.06116249 4.78697e-05
1761309616.849 66.173 0.06152470 9.15241e-05
1761309616.855 66.242 0.06160384 4.07521e-05
1761309616.861 66.311 0.06166437 2.40120e-05
1761309616.870 66.380 0.06166437 1.41564e-05
1761309616.880 66.448 0.06172396 8.26495e-06
1761309616.890 66.517 0.06178355 4.43204e-06
1761309616.900 66.586 0.06184874 2.22100e-06
1761309616.910 66.655 0.06190553 1.03004e-06
1761309616.920 66.723 0.06197444 4.71601e-07
1761309616.930 66.792 0.06204427 1.62098e-07
1761309616.940 66.860 0.06208059 8.34140e-08
1761309616.950 66.928 0.06213087 7.05376e-08
1761309616.960 66.997 0.06217836 1.05079e-07
1761309616.970 67.065 0.06224353 3.46963e-08
1761309616.980 67.133 0.06227705 9.29095e-08
1761309616.990 67.201 0.06231989 7.87725e-08
1761309617.000 67.269 0.06239066 1.12436e-07
1761309617.010 67.337 0.06242045 1.60325e-07
1761309617.020 67.405 0.06245956 9.57452e-08
1761309617.030 67.472 0.06251729 1.45453e-07
1761309617.040 67.540 0.06253498 1.24883e-07
1761309617.050 67.608 0.06259830 1.36051e-07
1761309617.060 67.675 0.06264020 1.47648e-07
1761309617.070 67.743 0.06269420 7.68184e-08
1761309617.080 67.810 0.06273797 1.15257e-07
1761309617.090 67.878 0.06276963 7.38081e-08
1761309617.100 67.945 0.06283853 7.76173e-08
1761309617.110 68.012 0.06288695 9.33614e-08
1761309617.120 68.079 0.06295492 3.55889e-08
1761309617.130 68.147 0.06300520 8.65271e-08
1761309617.140 68.214 0.06306387 6.73123e-08
1761309617.149 68.281 0.06313742 7.76705e-08
1761309617.159 68.348 0.06318398 1.03308e-07
1761309617.169 68.414 0.06326499 3.09276e-08
1761309617.179 68.481 0.06334041 8.71002e-08
1761309617.189 68.548 0.06340280 6.73404e-08
1761309617.199 68.615 0.06347263 9.57555e-08
1761309617.209 68.681 0.06353316 1.80019e-07
1761309617.219 68.748 0.06362068 2.89485e-07
1761309617.229 68.814 0.06368772 4.10011e-07
1761309617.239 68.880 0.06375570 5.66899e-07
1761309617.249 68.947 0.06384323 9.62107e-07
1761309617.259 69.013 0.06389444 1.67065e-06
1761309617.269 69.079 0.06396800 2.61394e-06
1761309617.279 69.145 0.06404621 3.27010e-06
1761309617.289 69.212 0.06410487 4.05189e-06
1761309617.299 69.278 0.06419612 4.36492e-06
1761309617.309 69.343 0.06423430 4.00028e-06
1761309617.319 69.409 0.06433021 3.29161e-06
1761309617.329 69.475 0.06439259 2.47825e-06
1761309617.339 69.541 0.06443077 1.39112e-06
1761309617.349 69.607 0.06450712 8.02845e-07
1761309617.379 69.672 0.06469893 5.35333e-07
1761309617.406 69.738 0.06486747 2.05330e-07
1761309617.415 69.803 0.06495407 1.76875e-07
1761309617.427 69.869 0.06501924 2.46658e-07
1761309617.438 69.934 0.06505463 2.73691e-07
1761309617.444 70.000 0.06511795 2.76238e-07
1761309617.452 70.065 0.06515426 2.02287e-07
1761309617.460 70.130 0.06520827 2.49778e-07
1761309617.469 70.195 0.06520827 2.00255e-07
1761309617.479 70.260 0.06527531 1.93394e-07
1761309617.489 70.325 0.06533490 1.26503e-07
1761309617.499 70.390 0.06539356 1.16052e-07
1761309617.509 70.455 0.06540846 1.13084e-07
1761309617.519 70.520 0.06546991 4.49361e-08
1761309617.529 70.585 0.06552206 9.13398e-08
1761309617.539 70.650 0.06555372 4.67368e-08
1761309617.549 70.714 0.06560866 4.97851e-08
1761309617.559 70.779 0.06563752 8.08121e-08
1761309617.569 70.843 0.06570643 2.07251e-08
1761309617.579 70.908 0.06573901 6.69786e-08
1761309617.589 70.972 0.06577905 2.13890e-08
1761309617.599 71.037 0.06584051 2.90210e-08
1761309617.640 71.101 0.06607422 7.36862e-09
1761309617.650 71.165 0.06607422 1.17358e-08
1761309617.660 71.230 0.06613195 7.97170e-09
1761309617.670 71.294 0.06619061 5.50222e-09
1761309617.685 71.358 0.06628559 2.89490e-08
1761309617.692 71.422 0.06635543 6.04240e-08
1761309617.699 71.486 0.06635543 2.28150e-09
1761309617.709 71.550 0.06641874 9.93987e-08
1761309617.719 71.614 0.06648299 3.17932e-08
1761309617.729 71.677 0.06654165 9.58726e-08
1761309617.739 71.741 0.06659007 7.80247e-08
1761309617.749 71.805 0.06668504 1.06167e-07
1761309617.759 71.868 0.06673067 1.35186e-07
1761309617.769 71.932 0.06678374 1.01609e-07
1761309617.779 71.996 0.06683775 1.89116e-07
1761309617.789 72.059 0.06688431 1.93651e-07
1761309617.799 72.122 0.06694949 1.76263e-07
1761309617.814 72.186 0.06705843 2.76469e-07
1761309617.820 72.249 0.06709847 2.78970e-07
1761309617.829 72.312 0.06709847 2.84432e-07
1761309617.839 72.375 0.06713106 2.38427e-07
1761309617.849 72.439 0.06720462 2.35715e-07
1761309617.859 72.502 0.06726049 2.46544e-07
1761309617.869 72.565 0.06731542 1.70608e-07
1761309617.879 72.628 0.06735826 1.87970e-07
1761309617.889 72.691 0.06739457 1.40889e-07
1761309617.899 72.753 0.06745044 1.23417e-07
1761309617.945 72.816 0.06774375 1.13609e-07
1761309617.957 72.879 0.06776144 7.23032e-07
1761309617.964 72.942 0.06783965 1.13408e-06
1761309617.970 73.004 0.06790297 1.93681e-06
1761309617.979 73.067 0.06790297 3.25794e-06
1761309617.989 73.129 0.06793649 4.34487e-06
1761309617.999 73.192 0.06800912 6.41532e-06
1761309618.009 73.254 0.06806219 9.59255e-06
1761309618.019 73.317 0.06814041 1.62310e-05
1761309618.029 73.379 0.06824470 2.50883e-05
1761309618.039 73.441 0.06824470 3.13613e-05
1761309618.049 73.504 0.06831174 3.96638e-05
1761309618.059 73.566 0.06836016 6.53525e-05
1761309618.069 73.628 0.06842068 6.93428e-05
1761309618.079 73.690 0.06847469 6.94882e-05
1761309618.089 73.752 0.06850448 6.87816e-05
1761309618.099 73.814 0.06856222 8.65210e-05
1761309618.113 73.876 0.06864043 7.93276e-05
1761309618.119 73.938 0.06864043 6.68300e-05
1761309618.129 73.999 0.06870840 5.85858e-05
1761309618.139 74.061 0.06874658 4.63840e-05
1761309618.149 74.123 0.06878569 2.77563e-05
1761309618.159 74.185 0.06882014 1.42242e-05
1761309618.169 74.246 0.06889091 9.74017e-06
1761309618.179 74.308 0.06892256 7.71438e-06
1761309618.189 74.369 0.06896912 5.76718e-06
1761309618.199 74.431 0.06903989 3.97845e-06
1761309618.209 74.492 0.06908272 2.69498e-06
1761309618.219 74.553 0.06912741 1.55306e-06
1761309618.229 74.615 0.06917955 9.87795e-07
1761309618.239 74.676 0.06921866 4.45221e-07
1761309618.249 74.737 0.06930619 2.56638e-07
1761309618.259 74.798 0.06933040 1.53291e-07
1761309618.269 74.859 0.06940582 1.06249e-07
1761309618.279 74.920 0.06947007 7.04097e-08
1761309618.327 74.981 0.06976151 5.01766e-08
1761309618.377 75.042 0.07007530 5.26669e-08
1761309618.427 75.103 0.07037792 5.97554e-08
1761309618.490 75.164 0.07062561 9.01347e-08
1761309618.499 75.225 0.07062561 3.93031e-08
1761309618.509 75.285 0.07062188 6.64113e-08
1761309618.557 75.346 0.07066844 7.78708e-08
1761309618.565 75.407 0.07068520 2.46210e-08
1761309618.613 75.467 0.07068892 4.82994e-08
1761309618.619 75.528 0.07068054 2.07680e-08
1761309618.629 75.588 0.07068054 5.75338e-08
1761309618.639 75.649 0.07069544 2.63371e-08
1761309618.649 75.709 0.07072989 4.77449e-08
1761309618.659 75.770 0.07070568 6.64266e-08
1761309618.669 75.830 0.07071872 6.00820e-09
1761309618.679 75.890 0.07075038 5.94192e-08
1761309618.689 75.950 0.07074572 3.67016e-08
1761309618.699 76.011 0.07076620 4.88119e-08
1761309618.709 76.071 0.07076620 8.38474e-08
1761309618.758 76.131 0.07092078 9.56379e-08
1761309618.764 76.191 0.07097199 1.96720e-08
1761309618.770 76.251 0.07101575 4.78385e-08
1761309618.779 76.311 0.07101575 6.55961e-08
1761309618.789 76.371 0.07104462 4.31635e-08
1761309618.799 76.430 0.07110607 6.95961e-08
1761309618.809 76.490 0.07113028 4.91746e-08
1761309618.819 76.550 0.07118708 9.30760e-09
1761309618.829 76.610 0.07123922 7.96122e-08
1761309618.839 76.669 0.07126716 4.72250e-08
1761309618.849 76.729 0.07133979 7.65422e-08
1761309618.859 76.788 0.07137144 5.96722e-08
1761309618.869 76.848 0.07143010 1.22185e-08
1761309618.879 76.907 0.07147387 8.25498e-08
1761309618.889 76.967 0.07151111 4.49497e-08
1761309618.899 77.026 0.07157257 7.79295e-08
1761309618.909 77.086 0.07160981 5.20516e-08
1761309618.918 77.145 0.07167593 1.12993e-08
1761309618.929 77.204 0.07172155 8.39161e-08
1761309618.938 77.263 0.07175321 4.70678e-08
1761309618.948 77.322 0.07181839 8.31488e-08
1761309618.958 77.381 0.07185563 6.19059e-08
1761309618.968 77.441 0.07191150 2.23293e-08
1761309618.978 77.500 0.07196644 1.00130e-07
1761309618.988 77.558 0.07201765 6.95767e-08
1761309619.018 77.617 0.07215732 1.10534e-07
1761309619.029 77.676 0.07226068 1.16281e-07
1761309619.039 77.735 0.07226068 1.18925e-07
1761309619.049 77.794 0.07233703 1.43820e-07
1761309619.059 77.853 0.07238359 2.04732e-07
1761309619.068 77.911 0.07244318 1.45819e-07
1761309619.078 77.970 0.07250091 2.41052e-07
1761309619.088 78.029 0.07255212 2.16549e-07
1761309619.098 78.087 0.07262196 2.34159e-07
1761309619.108 78.146 0.07265455 2.65326e-07
1761309619.118 78.204 0.07272252 1.74469e-07
1761309619.128 78.263 0.07278025 2.20981e-07
1761309619.138 78.321 0.07282960 1.62596e-07
1761309619.148 78.379 0.07289571 1.79948e-07
1761309619.158 78.438 0.07292271 1.26780e-07
1761309619.168 78.496 0.07299069 5.94278e-08
1761309619.178 78.554 0.07303352 1.06317e-07
1761309619.188 78.612 0.07305959 5.45841e-08
1761309619.198 78.670 0.07313594 9.55380e-08
1761309619.208 78.728 0.07318437 7.46778e-08
1761309619.218 78.786 0.07323651 7.77847e-08
1761309619.228 78.844 0.07327096 2.32336e-07
1761309619.239 78.902 0.07338269 3.58373e-07
1761309619.248 78.960 0.07338269 3.65070e-07
1761309619.258 79.018 0.07341156 4.78442e-07
1761309619.268 79.076 0.07346091 5.73371e-07
1761309619.278 79.134 0.07350746 9.51591e-07
1761309619.288 79.192 0.07354564 1.24896e-06
1761309619.298 79.249 0.07360523 1.67334e-06
1761309619.308 79.307 0.07363503 2.01072e-06
1761309619.318 79.365 0.07370114 2.95788e-06
1761309619.328 79.422 0.07377005 3.50917e-06
1761309619.338 79.480 0.07380543 4.11393e-06
1761309619.348 79.537 0.07386689 4.50659e-06
1761309619.358 79.595 0.07392275 4.84829e-06
1761309619.368 79.652 0.07397676 4.73613e-06
1761309619.378 79.709 0.07402052 4.76711e-06
1761309619.388 79.767 0.07408198 4.42767e-06
1761309619.398 79.824 0.07413971 3.80099e-06
1761309619.408 79.881 0.07417136 3.39101e-06
1761309619.418 79.938 0.07425610 2.32807e-06
1761309619.428 79.996 0.07430731 1.93030e-06
1761309619.438 80.053 0.07435666 1.17958e-06
1761309619.448 80.110 0.07443395 7.57945e-07
1761309619.458 80.167 0.07447026 5.02293e-07
1761309619.468 80.224 0.07454010 3.24995e-07
1761309619.478 80.281 0.07459782 2.92756e-07
1761309619.488 80.338 0.07464531 1.90547e-07
1761309619.498 80.395 0.07473470 1.73349e-07
1761309619.508 80.451 0.07476171 9.36389e-08
1761309619.518 80.508 0.07482781 3.56198e-08
1761309619.528 80.565 0.07487624 9.14215e-08
1761309619.577 80.622 0.07514533 7.90028e-08
1761309619.626 80.678 0.07539394 4.24002e-08
1761309619.675 80.735 0.07566025 3.18596e-08
1761309619.719 80.792 0.07581854 3.84060e-09
1761309619.729 80.848 0.07581854 1.75660e-08
1761309619.738 80.905 0.07585579 2.26875e-09
1761309619.748 80.961 0.07589676 1.69923e-08
1761309619.758 81.018 0.07589210 2.50095e-09
1761309619.768 81.074 0.07593214 5.01174e-09
1761309619.778 81.130 0.07592283 1.56038e-08
1761309619.788 81.187 0.07591352 2.65497e-09
1761309619.798 81.243 0.07593493 1.95007e-08
1761309619.808 81.299 0.07592935 5.66977e-09
1761309619.818 81.355 0.07593959 1.42187e-08
1761309619.828 81.412 0.07596194 2.09028e-08
1761309619.838 81.468 0.07597591 1.09700e-08
1761309619.851 81.524 0.07595728 1.59004e-08
1761309619.858 81.580 0.07595728 7.01593e-08
1761309619.868 81.636 0.07597963 -1.12060e-09
1761309619.878 81.692 0.07599546 7.41220e-08
1761309619.926 81.748 0.07612116 9.06779e-08
1761309619.933 81.804 0.07612954 4.44850e-08
1761309619.939 81.860 0.07620683 1.22979e-07
1761309619.948 81.915 0.07620683 8.95171e-08
1761309619.958 81.971 0.07623662 9.33348e-08
1761309619.968 82.027 0.07629063 7.24485e-08
1761309619.978 82.083 0.07633718 1.46600e-07
1761309619.988 82.138 0.07639585 1.07903e-07
1761309619.998 82.194 0.07645171 1.42184e-07
1761309620.008 82.250 0.07649361 1.15043e-07
1761309620.018 82.305 0.07656531 8.73226e-08
1761309620.028 82.361 0.07663608 1.55177e-07
1761309620.038 82.416 0.07667239 1.01586e-07
1761309620.048 82.472 0.07674409 1.21239e-07
1761309620.058 82.527 0.07678692 9.00378e-08
1761309620.068 82.582 0.07684186 4.24431e-08
1761309620.078 82.638 0.07688376 1.04929e-07
1761309620.107 82.693 0.07704671 5.03279e-08
1761309620.131 82.748 0.07718731 9.42990e-09
1761309620.138 82.803 0.07718731 4.02189e-08
1761309620.148 82.859 0.07724504 6.24536e-08
1761309620.158 82.914 0.07726832 5.64375e-08
1761309620.168 82.969 0.07731953 -1.13140e-09
1761309620.178 83.024 0.07736609 6.66173e-08
1761309620.227 83.079 0.07759794 6.44516e-08
1761309620.295 83.134 0.07787356 5.71751e-08
1761309620.302 83.189 0.07790149 6.54548e-08
1761309620.309 83.244 0.07793408 1.00395e-07
1761309620.318 83.299 0.07793408 9.97055e-08
1761309620.328 83.354 0.07795270 2.59029e-07
1761309620.338 83.409 0.07798250 2.65374e-07
1761309620.348 83.463 0.07802440 4.77902e-07
1761309620.358 83.518 0.07803650 5.30611e-07
1761309620.368 83.573 0.07807747 7.39746e-07
1761309620.378 83.627 0.07810261 1.15451e-06
1761309620.388 83.682 0.07811658 1.45312e-06
1761309620.398 83.737 0.07814358 2.04548e-06
1761309620.408 83.791 0.07813893 2.88250e-06
1761309620.418 83.846 0.07817152 3.24413e-06
1761309620.428 83.900 0.07819759 3.93350e-06
1761309620.438 83.955 0.07821342 5.03823e-06
1761309620.448 84.009 0.07825066 5.90695e-06
1761309620.458 84.064 0.07823949 6.66343e-06
1761309620.468 84.118 0.07827022 7.80942e-06
1761309620.478 84.172 0.07829443 9.49628e-06
1761309620.488 84.227 0.07831398 1.05602e-05
1761309620.498 84.281 0.07836147 1.25541e-05
1761309620.508 84.335 0.07837823 1.56931e-05
1761309620.518 84.389 0.07844527 1.91369e-05
1761309620.528 84.443 0.07846948 2.37983e-05
1761309620.538 84.498 0.07850394 2.70468e-05
1761309620.548 84.552 0.07856259 3.07289e-05
1761309620.558 84.606 0.07858495 3.48655e-05
1761309620.568 84.660 0.07865012 4.25406e-05
1761309620.578 84.714 0.07870412 5.24578e-05
1761309620.588 84.768 0.07875534 6.59872e-05
1761309620.598 84.821 0.07881680 7.41761e-05
1761309620.608 84.875 0.07885870 8.02765e-05
1761309620.618 84.929 0.07894157 8.29120e-05
1761309620.628 84.983 0.07899278 8.07537e-05
1761309620.657 85.037 0.07917808 7.81353e-05
1761309620.667 85.091 0.07923301 4.91407e-05
1761309620.673 85.144 0.07928609 4.06178e-05
1761309620.678 85.198 0.07934195 3.25986e-05
1761309620.688 85.252 0.07934195 2.77331e-05
1761309620.698 85.305 0.07941179 2.04016e-05
1761309620.708 85.359 0.07946579 1.29509e-05
1761309620.718 85.412 0.07954867 8.79411e-06
1761309620.727 85.466 0.07958218 5.71018e-06
1761309620.737 85.519 0.07963619 4.17423e-06
1761309620.747 85.573 0.07971907 2.86140e-06
1761309620.757 85.626 0.07974700 2.03527e-06
1761309620.767 85.679 0.07980379 1.26273e-06
1761309620.777 85.733 0.07986339 1.07171e-06
1761309620.787 85.786 0.07991554 6.31285e-07
1761309620.797 85.839 0.07997699 5.74877e-07
1761309620.807 85.893 0.07999561 4.02957e-07
1761309620.817 85.946 0.08003844 2.23722e-07
1761309620.827 85.999 0.08009059 1.12708e-07
1761309620.837 86.052 0.08011293 6.96661e-08
1761309620.847 86.105 0.08017066 6.95984e-08
1761309620.857 86.158 0.08018929 3.96421e-08
1761309620.867 86.211 0.08024795 2.41083e-08
1761309620.877 86.264 0.08029357 7.09789e-08
1761309620.925 86.317 0.08050122 5.06161e-08
1761309620.932 86.370 0.08053660 -5.14380e-09
1761309620.938 86.423 0.08059154 3.60551e-08
1761309620.947 86.476 0.08059154 4.88745e-08
1761309620.957 86.529 0.08062506 3.91997e-08
1761309620.967 86.582 0.08067906 2.47297e-08
1761309620.977 86.634 0.08072748 7.24347e-08
1761309621.043 86.687 0.08107945 6.02582e-08
1761309621.113 86.740 0.08133551 2.87260e-08
1761309621.123 86.793 0.08136904 7.11522e-08
1761309621.129 86.845 0.08140442 4.17518e-08
1761309621.137 86.898 0.08140442 2.61539e-08
1761309621.147 86.950 0.08144166 4.69532e-08
1761309621.157 87.003 0.08144725 2.61994e-08
1761309621.167 87.056 0.08147146 1.77596e-08
1761309621.214 87.108 0.08155526 2.96732e-08
1761309621.262 87.160 0.08162416 4.08984e-08
1761309621.313 87.213 0.08169400 3.89501e-08
1761309621.319 87.265 0.08172845 1.28004e-08
1761309621.328 87.318 0.08172845 4.97723e-08
1761309621.376 87.370 0.08185043 4.84075e-08
1761309621.426 87.422 0.08196589 4.68077e-08
1761309621.476 87.475 0.08205621 4.52421e-08
1761309621.526 87.527 0.08212419 4.30775e-08
1761309621.576 87.579 0.08220705 4.20102e-08
1761309621.626 87.631 0.08225734 3.92488e-08
1761309621.633 87.683 0.08225641 3.03330e-09
1761309621.639 87.736 0.08228527 6.64238e-08
1761309621.647 87.788 0.08228527 3.30434e-08
1761309621.657 87.840 0.08227596 2.47545e-08
1761309621.667 87.892 0.08227782 2.30629e-08
1761309621.677 87.944 0.08227503 7.13521e-08
1761309621.765 87.996 0.08239701 -1.58128e-08
1761309621.813 88.048 0.08252736 2.56487e-08
1761309621.819 88.099 0.08254972 1.23228e-08
1761309621.827 88.151 0.08254972 4.56302e-08
1761309621.875 88.203 0.08268100 5.42730e-08
1761309621.882 88.255 0.08271080 -1.08049e-08
1761309621.887 88.307 0.08274804 3.51248e-08
1761309621.897 88.359 0.08274804 6.22659e-08
1761309621.907 88.410 0.08275363 2.90578e-08
1761309621.917 88.462 0.08278157 4.09265e-08
1761309621.927 88.514 0.08279833 8.84644e-08
1761309621.977 88.565 0.08287095 1.20892e-07
1761309621.987 88.617 0.08287095 7.29608e-08
1761309621.997 88.668 0.08289517 1.01653e-07
1761309622.007 88.720 0.08291565 9.70646e-08
1761309622.017 88.771 0.08294638 9.34497e-08
1761309622.027 88.823 0.08295569 1.60250e-07
1761309622.037 88.874 0.08297803 1.28493e-07
1761309622.047 88.926 0.08301342 1.86725e-07
1761309622.057 88.977 0.08302366 1.61491e-07
1761309622.067 89.029 0.08306463 2.01953e-07
1761309622.077 89.080 0.08308046 2.31583e-07
1761309622.087 89.131 0.08309256 2.38096e-07
1761309622.097 89.182 0.08314378 2.57740e-07
1761309622.107 89.234 0.08317823 3.07354e-07
1761309622.117 89.285 0.08322292 3.10731e-07
1761309622.127 89.336 0.08324062 4.01271e-07
1761309622.137 89.387 0.08329276 3.91543e-07
1761309622.147 89.438 0.08333187 4.47854e-07
1761309622.157 89.489 0.08335235 5.32480e-07
1761309622.167 89.541 0.08339797 6.26669e-07
1761309622.177 89.592 0.08344826 7.46490e-07
1761309622.187 89.643 0.08348364 7.45546e-07
1761309622.197 89.694 0.08353485 7.85706e-07
1761309622.207 89.744 0.08355813 8.14702e-07
1761309622.217 89.795 0.08361772 8.07893e-07
1761309622.227 89.846 0.08366801 8.21000e-07
1761309622.237 89.897 0.08371270 7.62372e-07
1761309622.247 89.948 0.08376018 7.69884e-07
1761309622.257 89.999 0.08378626 7.39431e-07
1761309622.267 90.050 0.08384585 7.05231e-07
1761309622.314 90.100 0.08410563 3.06440e-07
1761309622.326 90.151 0.08414661 2.40012e-07
1761309622.349 90.202 0.08429093 6.41026e-08
1761309622.357 90.252 0.08429093 1.12460e-07
1761309622.367 90.303 0.08435425 8.47475e-08
1761309622.377 90.354 0.08439336 1.03503e-07
1761309622.424 90.404 0.08463080 6.99955e-08
1761309622.431 90.455 0.08466525 -1.38120e-09
1761309622.481 90.505 0.08481051 -5.04590e-09
1761309622.488 90.556 0.08484589 3.59499e-08
1761309622.497 90.606 0.08484589 6.50653e-08
1761309622.507 90.657 0.08485985 3.83945e-08
1761309622.516 90.707 0.08489897 3.77507e-08
1761309622.526 90.757 0.08491200 7.49550e-08
1761309622.574 90.808 0.08500325 6.78712e-08
1761309622.580 90.858 0.08503212 4.66820e-09
1761309622.586 90.908 0.08503212 2.97168e-08
1761309622.596 90.959 0.08504795 5.48726e-08
1761309622.606 91.009 0.08504143 2.18676e-08
1761309622.616 91.059 0.08508705 3.93546e-08
1761309622.626 91.109 0.08508984 7.80787e-08
1761309622.692 91.160 0.08525838 5.57829e-08
1761309622.698 91.210 0.08528538 -5.00040e-09
1761309622.746 91.260 0.08543530 4.17892e-08
1761309622.752 91.310 0.08544740 2.20762e-08
1761309622.758 91.360 0.08548372 5.88603e-08
1761309622.766 91.410 0.08548372 -2.94330e-09
1761309622.776 91.460 0.08550327 7.58552e-08
1761309622.867 91.510 0.08580030 3.07756e-08
1761309622.876 91.560 0.08580030 6.91212e-08
1761309622.925 91.610 0.08591669 5.26849e-08
1761309622.932 91.660 0.08593066 -1.06950e-09
1761309622.940 91.709 0.08595208 7.31799e-08
1761309622.946 91.759 0.08595208 3.20795e-08
1761309622.956 91.809 0.08595766 1.07405e-08
1761309622.966 91.859 0.08599584 4.45568e-08
1761309622.976 91.909 0.08598094 7.25530e-08
1761309623.024 91.958 0.08606754 6.84455e-08
1761309623.031 92.008 0.08608430 -3.47330e-09
1761309623.079 92.058 0.08616717 3.87030e-08
1761309623.087 92.107 0.08616717 1.57816e-08
1761309623.096 92.157 0.08619882 5.17704e-08
1761309623.107 92.207 0.08621838 2.86599e-08
1761309623.117 92.256 0.08623794 1.73342e-08
1761309623.126 92.306 0.08625004 7.20387e-08
1761309623.174 92.355 0.08640647 6.75663e-08
1761309623.181 92.405 0.08645117 -5.05790e-09
1761309623.229 92.454 0.08657780 3.93437e-08
1761309623.236 92.504 0.08657780 3.20513e-08
1761309623.246 92.553 0.08662342 4.54218e-08
1761309623.256 92.602 0.08664298 3.10801e-08
1761309623.267 92.652 0.08668395 2.83191e-08
1761309623.276 92.701 0.08668395 7.37849e-08
1761309623.325 92.750 0.08681151 5.52048e-08
1761309623.404 92.800 0.08700892 3.13440e-08
1761309623.410 92.849 0.08704430 5.68547e-08
1761309623.476 92.898 0.08714486 4.79887e-08
1761309623.544 92.947 0.08729291 6.14918e-08
1761309623.594 92.996 0.08733574 5.71606e-08
1761309623.644 93.046 0.08736368 5.26804e-08
1761309623.694 93.095 0.08739533 5.42012e-08
1761309623.744 93.144 0.08743351 5.25222e-08
1761309623.794 93.193 0.08748472 5.20083e-08
1761309623.801 93.242 0.08749869 3.37418e-08
1761309623.807 93.291 0.08752570 6.17009e-08
1761309623.816 93.340 0.08752570 1.88730e-09
1761309623.826 93.389 0.08750614 7.43875e-08
1761309623.891 93.438 0.08759087 5.40330e-08
1761309623.897 93.487 0.08760577 -6.12440e-09
1761309623.969 93.536 0.08772682 2.59059e-08
1761309623.976 93.584 0.08773893 5.12098e-08
1761309624.026 93.633 0.08782645 7.81705e-08
1761309624.076 93.682 0.08795029 5.23568e-08
1761309624.126 93.731 0.08802292 5.20273e-08
1761309624.194 93.780 0.08808996 1.04402e-07
1761309624.244 93.828 0.08812348 6.87373e-08
1761309624.294 93.877 0.08815607 6.79181e-08
1761309624.344 93.926 0.08821380 5.75714e-08
1761309624.394 93.974 0.08823987 5.60347e-08
1761309624.401 94.023 0.08825012 3.06486e-08
1761309624.408 94.072 0.08826967 5.47823e-08
1761309624.415 94.120 0.08826967 -5.53380e-09
1761309624.425 94.169 0.08826036 6.02014e-08
1761309624.497 94.217 0.08835161 6.99485e-08
1761309624.507 94.266 0.08837209 6.41842e-08
1761309624.516 94.314 0.08837209 -3.00490e-09
1761309624.526 94.363 0.08837396 7.60821e-08
1761309624.575 94.411 0.08846800 4.89435e-08
1761309624.582 94.460 0.08849221 -7.62660e-09
1761309624.588 94.508 0.08851456 5.36826e-08
1761309624.595 94.556 0.08851456 5.77516e-08
1761309624.605 94.605 0.08850711 1.80485e-08
1761309624.615 94.653 0.08855180 3.56319e-08
1761309624.625 94.701 0.08856484 5.20326e-08
1761309624.673 94.749 0.08866913 7.02153e-08
1761309624.680 94.798 0.08870544 8.94700e-09
1761309624.686 94.846 0.08873338 3.13406e-08
1761309624.695 94.894 0.08873338 6.37051e-08
1761309624.705 94.942 0.08874921 2.02963e-08
1761309624.715 94.990 0.08881252 3.65140e-08
1761309624.725 95.038 0.08881531 4.89434e-08
1761309624.735 95.087 0.08885536 -2.70750e-09
1761309624.745 95.135 0.08887863 5.05534e-08
1761309624.755 95.183 0.08887677 1.83742e-08
1761309624.765 95.231 0.08893822 4.23416e-08
1761309624.775 95.279 0.08894846 5.49855e-08
1761309624.823 95.327 0.08909838 8.07731e-08
1761309624.828 95.375 0.08914494 3.92954e-08
1761309624.835 95.422 0.08914494 3.26743e-08
1761309624.845 95.470 0.08917287 5.78889e-08
1761309624.855 95.518 0.08920174 3.12571e-08
1761309624.865 95.566 0.08926412 5.46462e-08
1761309624.875 95.614 0.08928740 6.42865e-08
1761309624.885 95.662 0.08933861 2.08007e-08
1761309624.895 95.709 0.08936655 7.88657e-08
1761309624.905 95.757 0.08938982 6.88893e-08
1761309624.915 95.805 0.08945593 9.11106e-08
1761309624.925 95.853 0.08947735 1.41474e-07
1761309624.935 95.900 0.08951460 1.48032e-07
1761309624.945 95.948 0.08955464 2.82691e-07
1761309624.955 95.996 0.08958722 3.20761e-07
1761309624.965 96.043 0.08964589 4.32396e-07
1761309624.975 96.091 0.08966823 5.39726e-07
1761309624.985 96.138 0.08971293 5.84529e-07
1761309624.995 96.186 0.08974086 7.69395e-07
1761309625.005 96.233 0.08976600 8.79387e-07
1761309625.055 96.281 0.08995503 1.60217e-06
1761309625.065 96.328 0.09000437 2.85495e-06
1761309625.075 96.376 0.09003882 3.37745e-06
1761309625.085 96.423 0.09008166 4.12550e-06
1761309625.095 96.471 0.09012263 4.87448e-06
1761309625.105 96.518 0.09015801 5.79918e-06
1761309625.115 96.565 0.09022319 5.94635e-06
1761309625.125 96.613 0.09025764 6.01523e-06
1761309625.135 96.660 0.09029489 5.84588e-06
1761309625.145 96.707 0.09033493 5.68626e-06
1761309625.155 96.755 0.09036938 5.71136e-06
1761309625.165 96.802 0.09042245 5.78790e-06
1761309625.175 96.849 0.09042152 5.69370e-06
1761309625.185 96.896 0.09049695 5.31521e-06
1761309625.195 96.943 0.09054536 5.04462e-06
1761309625.205 96.990 0.09056026 4.49874e-06
1761309625.215 97.038 0.09059937 4.18862e-06
1761309625.225 97.085 0.09060868 3.11441e-06
1761309625.235 97.132 0.09065803 2.30390e-06
1761309625.245 97.179 0.09069062 1.71534e-06
1761309625.255 97.226 0.09071110 1.28928e-06
1761309625.265 97.273 0.09077628 1.09835e-06
1761309625.275 97.320 0.09078373 9.52091e-07
1761309625.285 97.367 0.09083122 7.53603e-07
1761309625.295 97.414 0.09085636 6.75662e-07
1761309625.305 97.461 0.09087498 5.32607e-07
1761309625.315 97.508 0.09091875 4.05178e-07
1761309625.325 97.554 0.09095227 3.19747e-07
1761309625.335 97.601 0.09100162 1.91636e-07
1761309625.345 97.648 0.09105097 1.80580e-07
1761309625.355 97.695 0.09107239 1.51253e-07
1761309625.365 97.742 0.09113104 1.49271e-07
1761309625.375 97.788 0.09116084 1.38331e-07
1761309625.385 97.835 0.09122137 6.24769e-08
1761309625.395 97.882 0.09127537 1.14474e-07
1761309625.405 97.929 0.09129772 7.56697e-08
1761309625.415 97.975 0.09135824 8.10743e-08
1761309625.425 98.022 0.09139456 7.12559e-08
1761309625.435 98.068 0.09144763 2.00600e-09
1761309625.445 98.115 0.09150257 6.02658e-08
1761309625.455 98.162 0.09153981 3.06315e-08
1761309625.465 98.208 0.09159662 4.36105e-08
1761309625.475 98.255 0.09163107 4.14129e-08
1761309625.516 98.301 0.09187595 1.42810e-08
1761309625.531 98.348 0.09192438 -2.84353e-08
1761309625.537 98.394 0.09197559 1.73226e-08
1761309625.545 98.441 0.09197559 3.13920e-08
1761309625.623 98.487 0.09231545 7.36582e-09
1761309625.629 98.533 0.09235735 7.45776e-09
1761309625.636 98.580 0.09237131 -7.14218e-09
1761309625.645 98.626 0.09237131 7.14159e-09
1761309625.655 98.673 0.09240391 -8.46466e-09
1761309625.665 98.719 0.09245046 9.54457e-09
1761309625.675 98.765 0.09246164 -1.02878e-08
1761309625.685 98.811 0.09249795 -1.02044e-08
1761309625.695 98.858 0.09250819 -1.73851e-09
1761309625.705 98.904 0.09251751 -1.74266e-08
1761309625.715 98.950 0.09255568 -4.12470e-09
1761309625.728 98.996 0.09259386 -1.93521e-08
1761309625.735 99.042 0.09259386 -2.61401e-08
1761309625.745 99.089 0.09261062 -3.48700e-10
1761309625.755 99.135 0.09261155 -2.37631e-08
1761309625.802 99.181 0.09270373 -4.02468e-08
1761309625.853 99.227 0.09283037 -3.74742e-08
1761309625.903 99.273 0.09303522 -3.81972e-08
1761309625.953 99.319 0.09319258 -3.32780e-08
1761309625.997 99.365 0.09333504 -9.10345e-09
1761309626.005 99.411 0.09333504 -1.72533e-08
1761309626.015 99.457 0.09336112 -5.61330e-10
1761309626.025 99.503 0.09333225 -6.83695e-09
1761309626.035 99.549 0.09336205 -9.45411e-09
1761309626.045 99.595 0.09337881 6.92386e-09
1761309626.054 99.641 0.09339184 -5.10506e-09
1761309626.064 99.687 0.09340767 1.57818e-08
1761309626.074 99.732 0.09338439 1.45035e-09
1761309626.084 99.778 0.09339370 3.79788e-09
1761309626.094 99.824 0.09338905 1.55245e-08
1761309626.104 99.870 0.09339463 2.90309e-09
1761309626.114 99.916 0.09340953 2.05760e-08
1761309626.124 99.961 0.09340115 7.04608e-09
1761309626.175 100.007 0.09349613 1.91106e-08
1761309626.185 100.053 0.09349613 1.56527e-08
1761309626.200 100.098 0.09353803 1.32175e-08
1761309626.209 100.144 0.09357062 4.87130e-08
1761309626.218 100.190 0.09359855 1.36749e-08
1761309626.224 100.235 0.09359855 3.91663e-08
1761309626.234 100.281 0.09364138 -1.68168e-08
1761309626.244 100.326 0.09366652 4.97555e-08
1761309626.254 100.372 0.09370563 2.41633e-08
1761309626.264 100.418 0.09377081 5.52971e-08
1761309626.274 100.463 0.09380061 3.47523e-08
1761309626.284 100.509 0.09384717 -8.92030e-09
1761309626.294 100.554 0.09389093 6.21155e-08
1761309626.342 100.599 0.09408833 4.61738e-08
1761309626.392 100.645 0.09427176 4.73416e-08
1761309626.442 100.690 0.09444774 4.77482e-08
1761309626.493 100.736 0.09458556 4.90216e-08
1761309626.543 100.781 0.09465259 5.04156e-08
1761309626.593 100.826 0.09469450 5.12356e-08
1761309626.642 100.872 0.09472057 5.41996e-08
1761309626.728 100.917 0.09476433 3.66705e-08
1761309626.735 100.962 0.09477457 2.32328e-08
1761309626.745 101.008 0.09477457 5.08163e-08
1761309626.755 101.053 0.09477550 1.81368e-08
1761309626.765 101.098 0.09479879 4.75233e-08
1761309626.774 101.143 0.09478481 6.16321e-08
1761309626.823 101.188 0.09485093 6.53298e-08
1761309626.830 101.234 0.09486676 -5.64040e-09
1761309626.835 101.279 0.09488445 3.49389e-08
1761309626.844 101.324 0.09488445 5.08646e-08
1761309626.891 101.369 0.09493846 4.77298e-08
1761309626.942 101.414 0.09506230 4.94269e-08
1761309626.994 101.459 0.09516379 6.97362e-08
1761309627.001 101.504 0.09519172 4.75333e-08
1761309627.007 101.549 0.09522990 7.72655e-08
1761309627.014 101.594 0.09522990 3.77713e-08
1761309627.024 101.639 0.09524666 1.07558e-07
1761309627.034 101.684 0.09528670 6.90708e-08
1761309627.044 101.729 0.09529135 2.02146e-07
1761309627.054 101.774 0.09530625 1.46573e-07
1761309627.064 101.819 0.09534909 1.84675e-07
1761309627.074 101.864 0.09535094 1.89227e-07
1761309627.084 101.909 0.09536678 3.43360e-07
1761309627.094 101.954 0.09538819 3.88163e-07
1761309627.104 101.998 0.09539843 3.80006e-07
1761309627.114 102.043 0.09543009 4.68593e-07
1761309627.124 102.088 0.09541985 5.44094e-07
1761309627.134 102.133 0.09544592 5.67679e-07
1761309627.144 102.177 0.09545524 7.42311e-07
1761309627.154 102.222 0.09546082 8.22496e-07
1761309627.164 102.267 0.09549341 1.04507e-06
1761309627.174 102.312 0.09549620 1.21231e-06
1761309627.184 102.356 0.09553065 1.64326e-06
1761309627.194 102.401 0.09555393 2.01854e-06
1761309627.204 102.446 0.09557163 2.68803e-06
1761309627.214 102.490 0.09561073 3.06842e-06
1761309627.224 102.535 0.09562936 3.98605e-06
1761309627.234 102.579 0.09567963 5.00436e-06
1761309627.281 102.624 0.09588635 8.42190e-06
1761309627.287 102.668 0.09593756 1.31950e-05
1761309627.294 102.713 0.09593756 1.46572e-05
1761309627.304 102.757 0.09596829 1.67817e-05
1761309627.314 102.802 0.09603347 2.03210e-05
1761309627.324 102.846 0.09606326 2.83427e-05
1761309627.334 102.891 0.09611727 3.39797e-05
1761309627.344 102.935 0.09616476 4.28578e-05
1761309627.354 102.980 0.09621690 5.29452e-05
1761309627.364 103.024 0.09628022 5.98353e-05
1761309627.374 103.068 0.09630722 6.81633e-05
1761309627.384 103.113 0.09636309 7.73070e-05
1761309627.394 103.157 0.09641151 8.65706e-05
1761309627.404 103.201 0.09644130 9.59122e-05
1761309627.414 103.246 0.09649345 1.02024e-04
1761309627.424 103.290 0.09652324 9.96466e-05
1761309627.434 103.334 0.09657539 1.00160e-04
1761309627.444 103.378 0.09658284 9.63142e-05
1761309627.454 103.423 0.09662660 9.15954e-05
1761309627.464 103.467 0.09666664 8.70559e-05
1761309627.474 103.511 0.09667222 8.23595e-05
1761309627.484 103.555 0.09672809 7.68918e-05
1761309627.494 103.599 0.09675510 6.94113e-05
1761309627.504 103.643 0.09675882 6.28551e-05
1761309627.514 103.687 0.09680724 5.50204e-05
1761309627.524 103.732 0.09682400 4.58718e-05
1761309627.534 103.776 0.09685938 3.95041e-05
1761309627.544 103.820 0.09690222 3.00674e-05
1761309627.554 103.864 0.09693667 2.10652e-05
1761309627.564 103.908 0.09697577 1.35355e-05
1761309627.574 103.952 0.09700464 9.11002e-06
1761309627.584 103.996 0.09705492 5.42759e-06
1761309627.594 104.040 0.09708844 3.76087e-06
1761309627.604 104.083 0.09711824 2.25105e-06
1761309627.614 104.127 0.09717131 1.22134e-06
1761309627.624 104.171 0.09719087 6.48577e-07
1761309627.634 104.215 0.09725791 2.86762e-07
1761309627.644 104.259 0.09728677 2.69716e-07
1761309627.654 104.303 0.09731936 1.84475e-07
1761309627.664 104.347 0.09738548 1.19891e-07
1761309627.674 104.390 0.09739851 1.10221e-07
1761309627.684 104.434 0.09745904 4.28789e-08
1761309627.694 104.478 0.09750652 9.58649e-08
1761309627.741 104.522 0.09774210 5.40698e-08
1761309627.831 104.565 0.09812107 -3.74110e-09
1761309627.837 104.609 0.09814901 5.14357e-08
1761309627.843 104.653 0.09814901 3.77508e-08
1761309627.911 104.697 0.09834082 3.45704e-08
1761309627.918 104.740 0.09833710 1.63688e-08
1761309627.925 104.784 0.09835106 4.83461e-08
1761309627.973 104.827 0.09836037 6.25459e-08
1761309627.980 104.871 0.09838924 -5.13510e-09
1761309628.028 104.915 0.09838738 3.53249e-08
1761309628.035 104.958 0.09839110 1.95396e-08
1761309628.044 105.002 0.09839110 5.27029e-08
1761309628.054 105.045 0.09839482 2.57707e-08
1761309628.063 105.089 0.09842462 4.51223e-08
1761309628.111 105.132 0.09847956 3.45640e-08
1761309628.118 105.176 0.09848887 1.18475e-08
1761309628.124 105.219 0.09850935 4.48456e-08
1761309628.191 105.263 0.09864716 5.16392e-08
1761309628.197 105.306 0.09865275 -6.41880e-09
1761309628.204 105.349 0.09871234 5.00912e-08
1761309628.213 105.393 0.09871234 4.61055e-08
1761309628.261 105.436 0.09883153 4.58942e-08
1761309628.268 105.479 0.09882873 1.68772e-08
1761309628.274 105.523 0.09886784 4.93704e-08
1761309628.322 105.566 0.09894419 7.49416e-08
1761309628.329 105.609 0.09897026 2.09062e-08
1761309628.361 105.653 0.09903451 3.55675e-08
1761309628.369 105.696 0.09904848 3.66721e-08
1761309628.377 105.739 0.09908293 6.05390e-08
1761309628.383 105.782 0.09908293 3.54367e-08
1761309628.393 105.826 0.09908479 7.40595e-08
1761309628.459 105.869 0.09922726 6.92082e-08
1761309628.508 105.912 0.09931758 4.77655e-08
1761309628.559 105.955 0.09942839 4.55417e-08
1761309628.565 105.998 0.09943583 -4.53470e-09
1761309628.573 106.041 0.09943583 5.30096e-08
1761309628.614 106.084 0.09952801 -1.74590e-10
1761309628.623 106.128 0.09952801 1.31276e-09
1761309628.633 106.171 0.09954943 1.78151e-09
1761309628.643 106.214 0.09956061 4.66173e-09
1761309628.653 106.257 0.09956247 -1.01936e-08
1761309628.663 106.300 0.09958668 8.04324e-09
1761309628.673 106.343 0.09959785 -1.30903e-08
1761309628.683 106.386 0.09960437 -7.22243e-09
1761309628.693 106.429 0.09962392 -5.44039e-09
1761309628.703 106.472 0.09962578 -1.95092e-08
1761309628.713 106.514 0.09966396 -3.08416e-09
1761309628.726 106.557 0.09967886 -1.54692e-08
1761309628.733 106.600 0.09967886 -2.32374e-08
1761309628.743 106.643 0.09968165 1.89831e-08
1761309628.753 106.686 0.09969934 -2.33592e-08
1761309628.794 106.729 0.09977570 -9.44217e-09
1761309628.809 106.772 0.09983063 -2.99420e-09
1761309628.815 106.814 0.09985112 -3.22201e-08
1761309628.823 106.857 0.09985112 1.86432e-08
1761309628.864 106.900 0.10002897 -1.74275e-08
1761309628.895 106.943 0.10015373 -1.68409e-08
1761309628.905 106.986 0.10020589 -8.85495e-09
1761309628.913 107.028 0.10020589 1.52136e-09
1761309628.923 107.071 0.10023196 -1.12483e-08
1761309628.933 107.114 0.10027292 -8.19936e-09
1761309628.943 107.156 0.10031203 5.34996e-09
1761309628.953 107.199 0.10032507 -6.28528e-09
1761309628.963 107.242 0.10036417 1.44878e-08
1761309628.973 107.284 0.10039583 -1.40298e-09
1761309628.983 107.327 0.10044426 -3.20991e-09
1761309628.993 107.369 0.10046846 1.02814e-08
1761309629.003 107.412 0.10049267 -2.98248e-09
1761309629.013 107.455 0.10051781 1.44743e-08
1761309629.023 107.497 0.10053830 -3.86872e-09
1761309629.057 107.540 0.10063235 1.37714e-08
1761309629.063 107.582 0.10063514 4.52266e-09
1761309629.073 107.625 0.10063514 -6.12780e-10
1761309629.083 107.667 0.10065562 7.52042e-09
1761309629.093 107.709 0.10068356 1.15365e-08
1761309629.103 107.752 0.10069752 -8.06580e-10
1761309629.113 107.794 0.10074687 1.52708e-08
1761309629.123 107.837 0.10074408 -1.83921e-09
1761309629.133 107.879 0.10078504 8.41515e-09
1761309629.143 107.921 0.10079994 1.25009e-08
1761309629.153 107.964 0.10082229 6.71590e-10
1761309629.163 108.006 0.10088468 2.03491e-08
1761309629.173 108.048 0.10091168 1.56510e-09
1761309629.183 108.091 0.10095451 1.11324e-08
1761309629.193 108.133 0.10097686 1.36950e-08
1761309629.203 108.175 0.10099734 1.79527e-09
1761309629.213 108.218 0.10105135 1.83524e-08
1761309629.223 108.260 0.10107369 1.13394e-09
1761309629.233 108.302 0.10113795 1.32038e-08
1761309629.243 108.344 0.10115936 1.61444e-08
1761309629.253 108.386 0.10119102 3.98612e-09
1761309629.266 108.429 0.10127575 1.44370e-09
1761309629.273 108.471 0.10127575 4.81087e-08
1761309629.283 108.513 0.10133628 -1.86528e-08
1761309629.293 108.555 0.10138190 4.95718e-08
1761309629.303 108.597 0.10140798 4.89370e-09
1761309629.313 108.639 0.10146198 3.29368e-08
1761309629.362 108.681 0.10169290 2.89284e-08
1761309629.371 108.723 0.10170221 8.65060e-08
1761309629.380 108.765 0.10174598 -4.97100e-09
1761309629.386 108.807 0.10176647 4.60480e-08
1761309629.393 108.849 0.10176647 7.08542e-08
1761309629.403 108.891 0.10181488 5.03845e-08
1761309629.452 108.933 0.10201787 8.73597e-08
1761309629.460 108.975 0.10206070 1.56333e-07
1761309629.465 109.017 0.10206163 1.24723e-07
1761309629.473 109.059 0.10206163 1.78215e-07
1761309629.483 109.101 0.10210353 1.14987e-07
1761309629.493 109.143 0.10215847 1.96341e-07
1761309629.503 109.185 0.10217988 1.58754e-07
1761309629.513 109.227 0.10222086 1.90476e-07
1761309629.522 109.268 0.10223483 1.85198e-07
1761309629.532 109.310 0.10227486 1.70210e-07
1761309629.542 109.352 0.10229441 1.97876e-07
1761309629.553 109.394 0.10231211 1.98503e-07
1761309629.562 109.436 0.10233352 2.57258e-07
1761309629.574 109.477 0.10238940 2.38455e-07
1761309629.583 109.519 0.10239778 1.96407e-07
1761309629.592 109.561 0.10239778 2.22542e-07
1761309629.602 109.603 0.10241454 2.01034e-07
1761309629.612 109.644 0.10244899 2.22992e-07
1761309629.625 109.686 0.10249554 2.26472e-07
1761309629.633 109.728 0.10250578 1.65611e-07
1761309629.642 109.769 0.10250578 2.01383e-07
1761309629.652 109.811 0.10254116 1.60981e-07
1761309629.662 109.853 0.10257468 1.85236e-07
1761309629.672 109.894 0.10257375 1.51753e-07
1761309629.682 109.936 0.10262589 1.27882e-07
1761309629.692 109.977 0.10267804 1.75569e-07
1761309629.702 110.019 0.10270970 1.17349e-07
