1761223857.133 33.801 0.03267257 5.99242e-08
1761223857.139 33.936 0.03266233 7.04400e-09
1761223857.146 34.071 0.03266233 1.74204e-08
1761223857.156 34.205 0.03264743 4.74474e-08
1761223857.166 34.338 0.03264743 8.23790e-09
1761223857.176 34.471 0.03267909 3.78221e-08
1761223857.186 34.603 0.03266698 6.17442e-08
1761223857.234 34.735 0.03265395 5.37924e-08
1761223857.240 34.867 0.03266047 -9.80530e-09
1761223857.288 34.997 0.03275451 4.72757e-08
1761223857.296 35.128 0.03275451 1.26406e-08
1761223857.306 35.258 0.03279548 4.95709e-08
1761223857.316 35.387 0.03283831 2.02890e-09
1761223857.326 35.516 0.03290908 4.33340e-08
1761223857.374 35.645 0.03326198 -7.08970e-09
1761223857.424 35.773 0.03367727 -8.20420e-09
1761223857.479 35.900 0.03411676 3.29645e-06
1761223857.486 36.027 0.03411676 5.31363e-06
1761223857.496 36.154 0.03418753 5.99022e-06
1761223857.506 36.280 0.03426667 5.06074e-06
1761223857.516 36.406 0.03432161 2.87551e-06
1761223857.526 36.531 0.03439610 2.56707e-07
1761223857.536 36.656 0.03442310 1.19628e-07
1761223857.546 36.781 0.03447711 4.16957e-08
1761223857.556 36.905 0.03451342 6.38055e-08
1761223857.566 37.029 0.03453763 3.93150e-09
1761223857.576 37.152 0.03457581 5.17853e-08
1761223857.586 37.275 0.03458978 6.70486e-08
1761223857.685 37.397 0.03490078 5.03836e-08
1761223857.733 37.519 0.03525368 6.40013e-08
1761223857.740 37.641 0.03533096 1.92532e-08
1761223857.746 37.762 0.03542035 2.09266e-08
1761223857.756 37.883 0.03542035 5.71632e-08
1761223857.766 38.003 0.03549577 2.77030e-09
1761223857.776 38.124 0.03560844 5.11949e-08
1761223857.824 38.243 0.03594085 -3.98200e-09
1761223857.874 38.363 0.03615687 -7.31560e-09
1761223857.924 38.482 0.03633193 -7.66640e-09
1761223857.973 38.600 0.03649860 -8.03950e-09
1761223857.979 38.718 0.03652560 1.56133e-08
1761223857.985 38.836 0.03652560 5.06159e-08
1761223858.033 38.954 0.03666248 6.26709e-08
1761223858.040 39.071 0.03670532 -3.85090e-09
1761223858.106 39.188 0.03687758 2.45853e-08
1761223858.156 39.304 0.03704145 1.76786e-08
1761223858.165 39.421 0.03704145 1.23927e-08
1761223858.175 39.536 0.03709453 4.68216e-08
1761223858.244 39.652 0.03732917 2.56573e-08
1761223858.250 39.767 0.03736176 6.79802e-08
1761223858.256 39.882 0.03738970 -7.37680e-09
1761223858.265 39.996 0.03738970 1.28484e-08
1761223858.275 40.110 0.03745302 4.94023e-08
1761223858.324 40.224 0.03761596 -8.65370e-09
1761223858.374 40.338 0.03778822 -8.13520e-09
1761223858.425 40.451 0.03800704 -4.24610e-09
1761223858.475 40.564 0.03824727 -3.37460e-09
1761223858.525 40.676 0.03849123 4.86200e-10
1761223858.536 40.788 0.03849123 6.54725e-08
1761223858.584 40.900 0.03861973 6.25230e-08
1761223858.591 41.012 0.03865232 -9.70400e-09
1761223858.657 41.123 0.03874822 1.98640e-09
1761223858.707 41.234 0.03883854 -2.45720e-09
1761223858.781 41.345 0.03900428 6.10919e-08
1761223858.787 41.456 0.03905177 4.69827e-08
1761223858.835 41.566 0.03915047 4.94549e-08
1761223858.886 41.676 0.03933204 5.06002e-08
1761223858.936 41.785 0.03941305 5.06638e-08
1761223858.986 41.894 0.03954341 4.97872e-08
1761223859.036 42.003 0.03963932 5.07352e-08
1761223859.086 42.112 0.03975664 4.76482e-08
1761223859.136 42.220 0.03983393 4.73615e-08
1761223859.186 42.329 0.03995870 5.79947e-08
1761223859.237 42.436 0.04003226 6.08970e-08
1761223859.311 42.544 0.04017938 7.19386e-08
1761223859.321 42.651 0.04020452 4.83164e-08
1761223859.368 42.758 0.04030229 4.66654e-08
1761223859.418 42.865 0.04039354 4.67597e-08
1761223859.468 42.972 0.04049131 4.71380e-08
1761223859.519 43.078 0.04060397 4.71813e-08
1761223859.569 43.184 0.04071664 4.77625e-08
1761223859.619 43.290 0.04084700 4.77403e-08
1761223859.669 43.395 0.04092615 4.80211e-08
1761223859.719 43.500 0.04103323 4.86174e-08
1761223859.769 43.605 0.04112169 4.83036e-08
1761223859.819 43.710 0.04122131 4.75394e-08
1761223859.867 43.815 0.04130698 6.86521e-08
1761223859.929 43.919 0.04141220 1.24403e-08
1761223859.936 44.023 0.04143920 5.17054e-08
1761223859.985 44.126 0.04153511 4.90141e-08
1761223860.035 44.230 0.04164219 4.83907e-08
1761223860.085 44.333 0.04175020 4.89617e-08
1761223860.135 44.436 0.04188242 4.86960e-08
1761223860.185 44.539 0.04198578 4.76510e-08
1761223860.235 44.641 0.04209751 4.71124e-08
1761223860.285 44.744 0.04220180 4.74146e-08
1761223860.335 44.846 0.04227629 4.76764e-08
1761223860.418 44.948 0.04241224 4.85505e-08
1761223860.467 45.049 0.04250535 6.18476e-08
1761223860.474 45.151 0.04250535 -1.02970e-09
1761223860.523 45.252 0.04259194 -8.07190e-09
1761223860.529 45.353 0.04258915 1.20165e-08
1761223860.534 45.453 0.04261522 4.93562e-08
1761223860.544 45.554 0.04261522 -2.61500e-09
1761223860.554 45.654 0.04263571 6.97694e-08
1761223860.602 45.754 0.04269996 4.81649e-08
1761223860.652 45.854 0.04282659 5.12436e-08
1761223860.702 45.954 0.04304075 4.84782e-08
1761223860.752 46.053 0.04328378 5.12120e-08
1761223860.802 46.152 0.04349701 4.91320e-08
1761223860.852 46.251 0.04367020 5.01317e-08
1761223860.902 46.350 0.04374934 4.51101e-08
1761223860.978 46.448 0.04380521 1.96609e-08
1761223860.985 46.547 0.04381732 4.91381e-08
1761223860.994 46.645 0.04381732 -8.19960e-09
1761223861.004 46.743 0.04380149 6.47868e-08
1761223861.052 46.840 0.04388622 5.13893e-08
1761223861.103 46.938 0.04397654 5.35055e-08
1761223861.153 47.035 0.04412459 5.75111e-08
1761223861.203 47.132 0.04428289 6.31787e-08
1761223861.254 47.229 0.04446446 6.74010e-08
1761223861.304 47.326 0.04459575 6.97767e-08
1761223861.354 47.422 0.04469445 7.00042e-08
1761223861.404 47.519 0.04476708 7.05404e-08
1761223861.454 47.615 0.04483691 6.86284e-08
1761223861.514 47.711 0.04491792 4.00817e-08
1761223861.523 47.806 0.04491792 5.40805e-08
1761223861.533 47.902 0.04491792 1.56565e-08
1761223861.543 47.997 0.04495144 2.11507e-08
1761223861.553 48.092 0.04496541 6.77922e-08
1761223861.601 48.187 0.04505386 4.87772e-08
1761223861.651 48.282 0.04516933 5.40298e-08
1761223861.658 48.377 0.04519726 -6.72380e-09
1761223861.707 48.471 0.04537883 1.21380e-09
1761223861.757 48.565 0.04558927 -8.07700e-10
1761223861.807 48.659 0.04579412 -1.60680e-09
1761223861.857 48.753 0.04593379 -8.81250e-09
1761223861.907 48.847 0.04603807 -7.69220e-09
1761223861.957 48.940 0.04612187 -6.95590e-09
1761223862.007 49.034 0.04616005 -7.72270e-09
1761223862.080 49.127 0.04624944 1.05938e-08
1761223862.087 49.220 0.04628482 6.72488e-08
1761223862.137 49.313 0.04635652 6.20559e-08
1761223862.144 49.405 0.04636770 2.59609e-08
1761223862.153 49.498 0.04636770 6.67738e-08
1761223862.201 49.590 0.04644870 5.14840e-08
1761223862.208 49.682 0.04648967 -1.04378e-08
1761223862.256 49.774 0.04658931 4.03042e-08
1761223862.263 49.866 0.04658931 2.50650e-09
1761223862.273 49.957 0.04662469 6.61545e-08
1761223862.321 50.049 0.04675691 5.35614e-08
1761223862.371 50.140 0.04695710 5.31638e-08
1761223862.421 50.231 0.04715823 5.28719e-08
1761223862.428 50.322 0.04719734 1.90225e-08
1761223862.434 50.413 0.04724576 5.32796e-08
1761223862.443 50.504 0.04724576 6.10420e-09
1761223862.453 50.594 0.04726345 6.98687e-08
1761223862.501 50.684 0.04743291 5.74508e-08
1761223862.508 50.774 0.04747295 -8.20540e-09
1761223862.556 50.864 0.04759400 3.20057e-08
1761223862.563 50.954 0.04759400 8.73110e-09
1761223862.573 51.044 0.04762287 4.81565e-08
1761223862.583 51.133 0.04763218 1.18730e-09
1761223862.677 51.223 0.04798880 7.11165e-07
1761223862.683 51.312 0.04804653 8.84969e-07
1761223862.693 51.401 0.04804653 1.31011e-06
1761223862.708 51.490 0.04812195 2.45541e-06
1761223862.715 51.578 0.04817503 6.48737e-06
1761223862.723 51.667 0.04817503 7.61056e-06
1761223862.733 51.755 0.04821693 8.83390e-06
1761223862.743 51.844 0.04825231 9.12830e-06
1761223862.753 51.932 0.04829514 7.87104e-06
1761223862.763 52.020 0.04834263 8.58784e-06
1761223862.773 52.107 0.04837150 6.98208e-06
1761223862.783 52.195 0.04838453 5.63846e-06
1761223862.793 52.283 0.04844040 3.60541e-06
1761223862.803 52.370 0.04845809 1.43151e-06
1761223862.813 52.457 0.04852793 1.04928e-06
1761223862.823 52.544 0.04855679 8.32421e-07
1761223862.833 52.631 0.04857914 5.66227e-07
1761223862.843 52.718 0.04864246 4.60406e-07
1761223862.853 52.805 0.04865735 2.90035e-07
1761223862.863 52.891 0.04870205 1.27200e-07
1761223862.873 52.978 0.04874488 1.31028e-07
1761223862.883 53.064 0.04878771 5.48795e-08
1761223862.893 53.150 0.04884824 8.79066e-08
1761223862.903 53.236 0.04889014 8.48461e-08
1761223862.951 53.322 0.04926445 6.21961e-08
1761223862.958 53.407 0.04935105 -8.77980e-09
1761223863.024 53.493 0.05000098 -7.11820e-09
1761223863.074 53.578 0.05042185 -1.40940e-09
1761223863.142 53.663 0.05071982 2.84810e-09
1761223863.148 53.749 0.05071609 5.33011e-08
1761223863.155 53.834 0.05073844 4.30909e-08
1761223863.162 53.918 0.05073844 1.91177e-08
1761223863.172 54.003 0.05074961 5.61505e-08
1761223863.182 54.088 0.05074216 2.88011e-08
1761223863.226 54.172 0.05073565 5.73569e-08
1761223863.233 54.257 0.05073565 1.03334e-07
1761223863.243 54.341 0.05072447 7.42502e-08
1761223863.253 54.425 0.05071516 1.31087e-07
1761223863.263 54.509 0.05071889 4.62842e-08
1761223863.273 54.593 0.05071982 9.18775e-08
1761223863.283 54.676 0.05069933 5.86445e-08
1761223863.293 54.760 0.05073099 8.12773e-08
1761223863.303 54.843 0.05073844 1.40942e-07
1761223863.313 54.926 0.05077010 5.96161e-08
1761223863.323 55.010 0.05079058 1.28941e-07
1761223863.333 55.093 0.05080920 5.00978e-08
1761223863.343 55.176 0.05086414 3.00557e-08
1761223863.353 55.258 0.05089394 9.30695e-08
1761223863.362 55.341 0.05095353 2.29837e-08
1761223863.372 55.424 0.05100847 6.26182e-08
1761223863.382 55.506 0.05104012 2.49819e-08
1761223863.392 55.588 0.05111648 7.34742e-08
1761223863.402 55.671 0.05119190 6.84033e-08
1761223863.412 55.753 0.05126267 8.42353e-08
1761223863.422 55.835 0.05132692 8.67055e-07
1761223863.432 55.916 0.05138930 1.95298e-06
1761223863.442 55.998 0.05148428 5.98356e-06
1761223863.452 56.080 0.05156622 1.22720e-05
1761223863.462 56.161 0.05165468 3.11172e-05
1761223863.472 56.242 0.05172824 2.67912e-05
1761223863.482 56.324 0.05181297 2.70806e-05
1761223863.492 56.405 0.05193029 2.31400e-05
1761223863.502 56.486 0.05200757 5.68900e-06
1761223863.512 56.567 0.05212490 1.07753e-06
1761223863.522 56.647 0.05221801 7.93627e-07
1761223863.532 56.728 0.05228971 1.25284e-06
1761223863.542 56.809 0.05239400 1.52643e-06
1761223863.552 56.889 0.05246570 1.47284e-06
1761223863.562 56.969 0.05257277 1.01467e-06
1761223863.572 57.049 0.05265378 2.70283e-07
1761223863.582 57.130 0.05272827 1.12813e-07
1761223863.592 57.210 0.05283256 7.64069e-08
1761223863.602 57.289 0.05291543 6.94918e-08
1761223863.612 57.369 0.05301507 5.54796e-08
1761223863.622 57.449 0.05309886 1.77660e-07
1761223863.632 57.528 0.05317056 1.26815e-07
1761223863.642 57.608 0.05324692 1.05304e-07
1761223863.652 57.687 0.05331303 1.12543e-07
1761223863.662 57.766 0.05339404 1.39699e-08
1761223863.672 57.845 0.05345642 5.94935e-08
1761223863.682 57.924 0.05353650 1.48451e-08
1761223863.692 58.003 0.05361937 5.08168e-08
1761223863.780 58.082 0.05418829 5.35489e-07
1761223863.787 58.161 0.05426465 5.44927e-07
1761223863.793 58.239 0.05430655 4.09408e-07
1761223863.802 58.318 0.05430655 2.47955e-07
1761223863.812 58.396 0.05439407 3.35530e-08
1761223863.822 58.474 0.05445367 6.98458e-08
1761223863.832 58.552 0.05450767 1.67321e-08
1761223863.842 58.630 0.05458868 5.79697e-08
1761223863.852 58.708 0.05461941 7.15506e-08
1761223863.862 58.786 0.05467528 1.31825e-08
1761223863.872 58.864 0.05472369 9.01801e-08
1761223863.882 58.941 0.05476652 7.80535e-08
1761223863.892 59.019 0.05481402 1.41694e-07
1761223863.902 59.096 0.05485312 1.26438e-07
1761223863.912 59.174 0.05489596 7.24640e-08
1761223863.922 59.251 0.05490713 1.23439e-07
1761223863.932 59.328 0.05493227 7.29461e-08
1761223863.942 59.405 0.05499745 9.59250e-08
1761223863.952 59.482 0.05502166 7.64412e-08
1761223863.962 59.559 0.05504494 1.03687e-08
1761223863.972 59.635 0.05506542 6.75625e-08
1761223863.982 59.712 0.05511664 3.36491e-08
1761223863.992 59.788 0.05517250 7.21588e-08
1761223864.002 59.865 0.05520602 6.43888e-08
1761223864.012 59.941 0.05526655 2.27298e-08
1761223864.022 60.017 0.05530751 8.64690e-08
1761223864.032 60.094 0.05536152 1.69562e-07
1761223864.042 60.170 0.05543602 1.11881e-06
1761223864.052 60.245 0.05549560 3.15875e-06
1761223864.062 60.321 0.05557755 5.01373e-06
1761223864.072 60.397 0.05564552 1.43672e-05
1761223864.082 60.473 0.05569859 4.28207e-05
1761223864.092 60.548 0.05580102 5.99230e-05
1761223864.102 60.624 0.05585968 6.22941e-05
1761223864.112 60.699 0.05596117 6.54011e-05
1761223864.122 60.774 0.05604777 5.55303e-05
1761223864.132 60.850 0.05612505 3.01379e-05
1761223864.142 60.925 0.05622096 4.40961e-06
1761223864.152 61.000 0.05630290 1.80102e-06
1761223864.162 61.075 0.05639322 6.02385e-07
1761223864.172 61.149 0.05647423 3.00738e-07
1761223864.182 61.224 0.05656082 7.59979e-08
1761223864.192 61.299 0.05666697 6.51705e-08
1761223864.202 61.373 0.05672191 4.86006e-08
1761223864.212 61.448 0.05682247 6.34430e-09
1761223864.222 61.522 0.05689324 5.90871e-08
1761223864.232 61.596 0.05696773 5.29513e-08
1761223864.242 61.670 0.05706363 1.97158e-07
1761223864.252 61.745 0.05712416 6.64848e-07
1761223864.262 61.819 0.05721541 1.39806e-06
1761223864.272 61.892 0.05728338 2.77535e-06
1761223864.282 61.966 0.05735694 3.22317e-06
1761223864.335 62.040 0.05776571 6.61241e-07
1761223864.342 62.114 0.05779923 1.12463e-06
1761223864.352 62.187 0.05779923 1.08483e-06
1761223864.362 62.261 0.05786721 5.95050e-07
1761223864.373 62.334 0.05799198 1.04889e-06
1761223864.383 62.407 0.05806740 7.87500e-07
1761223864.392 62.481 0.05806740 1.15824e-07
1761223864.402 62.554 0.05809906 1.42201e-07
1761223864.412 62.627 0.05818658 3.24664e-08
1761223864.422 62.700 0.05823128 1.07964e-07
1761223864.432 62.773 0.05827038 1.34461e-07
1761223864.442 62.845 0.05833091 1.82179e-07
1761223864.452 62.918 0.05837095 2.57760e-07
1761223864.464 62.991 0.05847523 2.02910e-07
1761223864.472 63.063 0.05847523 2.56374e-07
1761223864.482 63.136 0.05850875 2.05549e-07
1761223864.492 63.208 0.05857114 1.66650e-07
1761223864.502 63.280 0.05859535 1.20501e-07
1761223864.512 63.353 0.05865308 1.91517e-08
1761223864.522 63.425 0.05868195 7.20446e-08
1761223864.532 63.497 0.05874619 3.28812e-08
1761223864.542 63.569 0.05879461 5.55409e-08
1761223864.552 63.640 0.05882813 4.10155e-08
1761223864.562 63.712 0.05888121 8.79530e-09
1761223864.572 63.784 0.05893428 9.93713e-08
1761223864.582 63.856 0.05898364 1.59057e-07
1761223864.592 63.927 0.05906278 3.27582e-07
1761223864.602 63.999 0.05911027 5.89707e-07
1761223864.612 64.070 0.05919314 6.01136e-07
1761223864.622 64.141 0.05925552 7.50067e-07
1761223864.632 64.213 0.05930673 6.39663e-07
1761223864.642 64.284 0.05937005 6.61282e-07
1761223864.652 64.355 0.05943989 5.03011e-07
1761223864.662 64.426 0.05952369 1.85428e-07
1761223864.672 64.497 0.05958422 1.21435e-07
1761223864.682 64.568 0.05966243 6.64714e-08
1761223864.692 64.638 0.05975182 1.24878e-07
1761223864.702 64.709 0.05981141 1.97165e-07
1761223864.712 64.780 0.05990825 5.53292e-07
1761223864.722 64.850 0.05998833 7.14467e-07
1761223864.732 64.921 0.06004513 5.76809e-07
1761223864.742 64.991 0.06013731 6.83358e-07
1761223864.752 65.061 0.06020528 7.04349e-07
1761223864.762 65.132 0.06029001 3.13839e-07
1761223864.772 65.202 0.06034775 1.20240e-07
1761223864.782 65.272 0.06042596 7.81659e-08
1761223864.792 65.342 0.06052839 1.10394e-07
1761223864.802 65.412 0.06059356 6.79133e-08
1761223864.812 65.482 0.06065223 3.42443e-08
1761223864.822 65.551 0.06069599 9.53781e-08
1761223864.832 65.621 0.06078072 4.54672e-07
1761223864.842 65.691 0.06085894 1.05013e-06
1761223864.890 65.760 0.06118763 4.89455e-05
1761223864.897 65.830 0.06123139 5.43593e-05
1761223864.903 65.899 0.06129750 4.07881e-05
1761223864.911 65.968 0.06129750 5.38426e-05
1761223864.921 66.038 0.06136547 4.54252e-05
1761223864.931 66.107 0.06141297 3.64656e-05
1761223864.941 66.176 0.06147907 1.70707e-05
1761223864.951 66.245 0.06151539 3.59536e-06
1761223864.961 66.314 0.06158802 1.96944e-06
1761223864.971 66.383 0.06164668 1.04815e-06
1761223864.981 66.452 0.06169696 6.24066e-07
1761223864.991 66.521 0.06176028 3.49922e-07
1761223865.001 66.589 0.06179938 1.56723e-07
1761223865.011 66.658 0.06185991 4.11762e-08
1761223865.021 66.726 0.06192043 8.60750e-08
1761223865.031 66.795 0.06195302 4.27891e-08
1761223865.041 66.863 0.06200982 7.79606e-08
1761223865.051 66.932 0.06203217 6.30311e-08
1761223865.061 67.000 0.06209735 3.06869e-08
1761223865.071 67.068 0.06212621 8.20057e-08
1761223865.081 67.136 0.06217370 8.34511e-08
1761223865.091 67.204 0.06223795 9.82190e-08
1761223865.102 67.272 0.06234410 3.44695e-07
1761223865.111 67.340 0.06234410 4.31021e-07
1761223865.121 67.408 0.06237296 4.43118e-07
1761223865.131 67.476 0.06243535 2.57089e-07
1761223865.141 67.544 0.06250425 3.27636e-07
1761223865.151 67.611 0.06254057 4.07716e-07
1761223865.161 67.679 0.06261878 3.66662e-07
1761223865.171 67.746 0.06268862 2.07784e-07
1761223865.181 67.814 0.06274449 6.84022e-08
1761223865.191 67.881 0.06281991 1.07461e-07
1761223865.201 67.949 0.06287857 6.36230e-08
1761223865.211 68.016 0.06294934 4.34417e-08
1761223865.221 68.083 0.06300055 1.03838e-07
1761223865.231 68.150 0.06307783 6.24364e-08
1761223865.241 68.217 0.06315604 1.03104e-07
1761223865.251 68.284 0.06319981 7.94752e-08
1761223865.261 68.351 0.06329013 4.88934e-08
1761223865.271 68.418 0.06335345 1.19339e-07
1761223865.281 68.485 0.06344004 7.46439e-08
1761223865.291 68.551 0.06352291 1.32883e-07
1761223865.301 68.618 0.06357599 1.25025e-07
1761223865.311 68.685 0.06364675 1.12514e-07
1761223865.321 68.751 0.06371752 3.42157e-07
1761223865.331 68.818 0.06378549 5.12167e-07
1761223865.341 68.884 0.06384509 1.16895e-06
1761223865.351 68.950 0.06391585 2.75552e-06
1761223865.361 69.017 0.06399314 3.38645e-06
1761223865.371 69.083 0.06404155 3.44266e-06
1761223865.381 69.149 0.06408811 3.25444e-06
1761223865.391 69.215 0.06416726 2.94601e-06
1761223865.421 69.281 0.06435814 2.51873e-06
1761223865.447 69.347 0.06454157 8.30696e-08
1761223865.454 69.413 0.06461700 1.14986e-07
1761223865.462 69.479 0.06461700 6.93649e-08
1761223865.471 69.545 0.06465610 8.74095e-08
1761223865.481 69.610 0.06471197 5.97121e-08
1761223865.491 69.676 0.06478553 1.35226e-07
1761223865.501 69.741 0.06481905 1.52934e-07
1761223865.511 69.807 0.06489447 1.18404e-07
1761223865.521 69.872 0.06493545 2.07028e-07
1761223865.531 69.938 0.06498386 1.84557e-07
1761223865.541 70.003 0.06506394 1.91175e-07
1761223865.551 70.068 0.06508722 3.40445e-07
1761223865.561 70.134 0.06515706 2.79353e-07
1761223865.571 70.199 0.06519989 2.92197e-07
1761223865.581 70.264 0.06523154 2.59966e-07
1761223865.591 70.329 0.06528183 2.59551e-07
1761223865.601 70.394 0.06531535 2.29541e-07
1761223865.611 70.459 0.06537774 1.34984e-07
1761223865.621 70.524 0.06541777 1.17974e-07
1761223865.631 70.588 0.06546898 3.72608e-08
1761223865.641 70.653 0.06553044 8.78731e-08
1761223865.651 70.718 0.06556117 3.76951e-08
1761223865.661 70.783 0.06559935 2.02351e-08
1761223865.671 70.847 0.06565707 8.01065e-08
1761223865.681 70.912 0.06572691 4.59958e-08
1761223865.691 70.976 0.06576043 8.58146e-08
1761223865.732 71.040 0.06605467 1.08191e-08
1761223865.747 71.105 0.06610215 3.86530e-09
1761223865.754 71.169 0.06617199 5.12657e-08
1761223865.761 71.233 0.06617199 1.71717e-08
1761223865.771 71.297 0.06622786 4.80289e-08
1761223865.819 71.361 0.06655003 6.29199e-08
1761223865.872 71.425 0.06690293 1.17146e-07
1761223865.882 71.489 0.06693925 1.35487e-07
1761223865.891 71.553 0.06693925 1.17966e-07
1761223865.901 71.617 0.06698859 9.21156e-08
1761223865.911 71.681 0.06704726 7.36672e-08
1761223865.921 71.745 0.06706774 1.30542e-07
1761223865.931 71.808 0.06710312 8.69963e-08
1761223865.941 71.872 0.06714317 1.31327e-07
1761223865.993 71.936 0.06726421 7.03341e-08
1761223866.001 71.999 0.06726421 9.17310e-08
1761223866.011 72.063 0.06728842 1.18944e-08
1761223866.021 72.126 0.06730332 8.21353e-08
1761223866.031 72.189 0.06732101 3.75529e-08
1761223866.041 72.253 0.06734987 9.00821e-08
1761223866.051 72.316 0.06736757 5.45378e-08
1761223866.061 72.379 0.06740016 2.65041e-08
1761223866.071 72.442 0.06741226 8.87785e-08
1761223866.081 72.505 0.06742902 5.30432e-08
1761223866.091 72.568 0.06745882 9.71068e-08
1761223866.101 72.631 0.06747837 7.69077e-08
1761223866.111 72.694 0.06753983 8.43701e-08
1761223866.121 72.757 0.06757428 3.32306e-07
1761223866.131 72.820 0.06758918 4.05522e-07
1761223866.141 72.883 0.06763760 6.85445e-07
1761223866.151 72.945 0.06767763 1.02669e-06
1761223866.161 73.008 0.06772140 1.35400e-06
1761223866.171 73.071 0.06776330 2.42457e-06
1761223866.181 73.133 0.06781265 2.89517e-06
1761223866.191 73.196 0.06787038 4.37798e-06
1761223866.201 73.258 0.06788714 5.41012e-06
1761223866.211 73.321 0.06797560 8.27893e-06
1761223866.221 73.383 0.06802681 1.18116e-05
1761223866.231 73.445 0.06807895 1.87108e-05
1761223866.241 73.507 0.06812924 3.37691e-05
1761223866.251 73.569 0.06819162 5.01626e-05
1761223866.261 73.632 0.06827635 6.13455e-05
1761223866.271 73.694 0.06832663 7.41971e-05
1761223866.281 73.756 0.06838716 7.36800e-05
1761223866.291 73.818 0.06845420 7.30935e-05
1761223866.301 73.880 0.06850914 6.85071e-05
1761223866.311 73.941 0.06860132 5.78758e-05
1761223866.321 74.003 0.06865439 3.66952e-05
1761223866.331 74.065 0.06871119 1.12069e-05
1761223866.341 74.127 0.06878569 5.11688e-06
1761223866.351 74.188 0.06883876 2.81525e-06
1761223866.361 74.250 0.06892256 1.41473e-06
1761223866.371 74.311 0.06896167 8.96716e-07
1761223866.381 74.373 0.06904082 4.05752e-07
1761223866.391 74.434 0.06911158 2.15869e-07
1761223866.401 74.496 0.06916279 9.55328e-08
1761223866.411 74.557 0.06923542 2.77116e-08
1761223866.421 74.618 0.06929129 8.74906e-08
1761223866.431 74.680 0.06936020 4.51836e-08
1761223866.441 74.741 0.06942258 8.21594e-08
1761223866.489 74.802 0.06971123 5.57654e-08
1761223866.562 74.863 0.07013304 1.33295e-08
1761223866.571 74.924 0.07013304 5.22709e-08
1761223866.621 74.985 0.07039468 6.94552e-08
1761223866.631 75.046 0.07039468 4.11378e-08
1761223866.641 75.107 0.07041703 7.63445e-08
1761223866.651 75.168 0.07042913 2.59852e-08
1761223866.661 75.229 0.07046452 6.58770e-09
1761223866.670 75.289 0.07047197 6.75341e-08
1761223866.718 75.350 0.07054273 4.67861e-08
1761223866.768 75.411 0.07058743 5.19022e-08
1761223866.819 75.471 0.07067589 5.81461e-08
1761223866.868 75.532 0.07082673 5.42244e-08
1761223866.919 75.592 0.07094405 6.19364e-08
1761223866.969 75.653 0.07106231 7.29995e-08
1761223867.039 75.713 0.07113494 5.34750e-08
1761223867.049 75.774 0.07112004 8.93965e-08
1761223867.055 75.834 0.07113494 8.14297e-08
1761223867.060 75.894 0.07113959 4.53925e-08
1761223867.091 75.954 0.07117404 9.48010e-08
1761223867.115 76.014 0.07118149 7.04790e-08
1761223867.125 76.075 0.07119453 7.58261e-08
1761223867.132 76.135 0.07121222 9.02202e-08
1761223867.140 76.195 0.07121222 7.60242e-08
1761223867.150 76.255 0.07121409 5.20815e-08
1761223867.160 76.315 0.07123922 5.37693e-08
1761223867.170 76.374 0.07123922 9.58577e-08
1761223867.180 76.434 0.07125598 5.03692e-08
1761223867.190 76.494 0.07129043 8.33901e-08
1761223867.200 76.554 0.07130440 4.84220e-08
1761223867.210 76.614 0.07133048 5.17232e-08
1761223867.220 76.673 0.07133793 9.41419e-08
1761223867.230 76.733 0.07136958 4.37293e-08
1761223867.240 76.792 0.07140124 7.59835e-08
1761223867.250 76.852 0.07142359 4.47107e-08
1761223867.260 76.911 0.07147573 4.47442e-08
1761223867.270 76.971 0.07150180 8.31597e-08
1761223867.317 77.030 0.07174017 8.24717e-08
1761223867.323 77.089 0.07180815 2.18867e-08
1761223867.330 77.149 0.07180815 3.33245e-08
1761223867.340 77.208 0.07185749 8.11095e-08
1761223867.350 77.267 0.07191895 5.47921e-08
1761223867.360 77.326 0.07197855 6.46873e-08
1761223867.370 77.385 0.07202324 1.21626e-07
1761223867.380 77.444 0.07209773 7.83726e-08
1761223867.390 77.503 0.07215546 1.17582e-07
1761223867.400 77.562 0.07219363 8.76039e-08
1761223867.410 77.621 0.07227278 8.94606e-08
1761223867.420 77.680 0.07230071 1.63964e-07
1761223867.430 77.739 0.07235845 1.41954e-07
1761223867.440 77.798 0.07243108 2.02210e-07
1761223867.450 77.857 0.07245715 1.74391e-07
1761223867.460 77.915 0.07251767 1.82154e-07
1761223867.470 77.974 0.07254933 2.22167e-07
1761223867.480 78.033 0.07259123 1.38606e-07
1761223867.490 78.091 0.07264710 1.75258e-07
1761223867.500 78.150 0.07268434 1.32683e-07
1761223867.510 78.208 0.07274580 1.17673e-07
1761223867.520 78.267 0.07277746 1.12781e-07
1761223867.568 78.325 0.07299721 7.52164e-08
1761223867.575 78.383 0.07304749 1.17435e-08
1761223867.580 78.442 0.07311267 5.92112e-08
1761223867.590 78.500 0.07311267 1.06689e-07
1761223867.600 78.558 0.07316015 9.36003e-08
1761223867.610 78.616 0.07321044 1.37814e-07
1761223867.647 78.674 0.07339107 5.17481e-07
1761223867.653 78.732 0.07345439 6.99098e-07
1761223867.660 78.790 0.07345439 8.14484e-07
1761223867.670 78.848 0.07348512 1.09519e-06
1761223867.680 78.906 0.07355775 1.53778e-06
1761223867.690 78.964 0.07361082 2.75352e-06
1761223867.700 79.022 0.07365179 3.27162e-06
1761223867.710 79.080 0.07369556 4.71104e-06
1761223867.720 79.138 0.07372628 5.38496e-06
1761223867.730 79.196 0.07378588 5.60711e-06
1761223867.740 79.253 0.07384454 5.62959e-06
1761223867.750 79.311 0.07386689 5.61140e-06
1761223867.760 79.369 0.07391623 5.59914e-06
1761223867.770 79.426 0.07393951 5.23438e-06
1761223867.780 79.484 0.07398328 4.83830e-06
1761223867.790 79.541 0.07401587 4.12617e-06
1761223867.800 79.599 0.07406335 3.51973e-06
1761223867.810 79.656 0.07411736 1.85336e-06
1761223867.820 79.713 0.07413040 6.68537e-07
1761223867.830 79.771 0.07416112 4.77178e-07
1761223867.840 79.828 0.07420489 3.70257e-07
1761223867.850 79.885 0.07422165 2.50629e-07
1761223867.860 79.943 0.07426262 1.59990e-07
1761223867.870 80.000 0.07431383 1.56131e-07
1761223867.880 80.057 0.07439390 8.05960e-08
1761223867.890 80.114 0.07444233 9.35405e-08
1761223867.900 80.171 0.07449074 3.86129e-08
1761223867.910 80.228 0.07456151 4.80703e-08
1761223867.920 80.285 0.07459410 6.84045e-08
1761223867.968 80.342 0.07486972 5.19085e-08
1761223867.974 80.399 0.07492186 -9.97810e-09
1761223868.023 80.456 0.07522262 3.46694e-08
1761223868.066 80.512 0.07543492 1.68263e-08
1761223868.080 80.569 0.07553175 -9.92960e-09
1761223868.090 80.626 0.07553175 3.97586e-08
1761223868.100 80.683 0.07555224 -8.72060e-09
1761223868.110 80.739 0.07562021 -2.18723e-08
1761223868.120 80.796 0.07564535 3.14432e-08
1761223868.130 80.852 0.07568260 -9.22350e-09
1761223868.140 80.909 0.07571891 1.99087e-08
1761223868.150 80.965 0.07572822 -1.51243e-08
1761223868.200 81.022 0.07578409 -3.63662e-08
1761223868.241 81.078 0.07585951 -6.17428e-09
1761223868.250 81.135 0.07585951 -8.29315e-09
1761223868.260 81.191 0.07589676 3.00091e-09
1761223868.270 81.247 0.07590607 3.65331e-09
1761223868.280 81.303 0.07594517 1.55930e-10
1761223868.290 81.360 0.07596194 2.06615e-08
1761223868.300 81.416 0.07598615 7.56333e-09
1761223868.314 81.472 0.07604387 2.56570e-08
1761223868.320 81.528 0.07604387 6.77608e-08
1761223868.370 81.584 0.07625431 1.24647e-07
1761223868.380 81.640 0.07625431 6.85289e-08
1761223868.390 81.696 0.07628970 1.26709e-07
1761223868.400 81.752 0.07630460 7.28992e-08
1761223868.410 81.808 0.07635953 4.81132e-08
1761223868.420 81.864 0.07638374 1.20171e-07
1761223868.430 81.920 0.07642285 6.92556e-08
1761223868.440 81.975 0.07644426 1.22597e-07
1761223868.450 82.031 0.07647685 6.39935e-08
1761223868.460 82.087 0.07653459 3.71592e-08
1761223868.470 82.143 0.07654855 9.30539e-08
1761223868.519 82.198 0.07673571 5.44201e-08
1761223868.569 82.254 0.07693404 4.95731e-08
1761223868.619 82.309 0.07711841 4.82962e-08
1761223868.669 82.365 0.07730184 4.87355e-08
1761223868.751 82.420 0.07748341 6.60255e-08
1761223868.759 82.476 0.07748341 -1.11310e-09
1761223868.807 82.531 0.07751693 -3.60310e-09
1761223868.875 82.587 0.07751507 1.47790e-09
1761223868.925 82.642 0.07758770 2.05171e-08
1761223868.932 82.697 0.07757745 7.25953e-08
1761223868.940 82.752 0.07757745 7.68149e-08
1761223868.949 82.808 0.07757466 5.06489e-08
1761223868.959 82.863 0.07762867 7.36355e-08
1761223868.969 82.918 0.07763891 1.06062e-07
1761223868.979 82.973 0.07765195 4.99845e-08
1761223868.989 83.028 0.07766312 1.18428e-07
1761223868.999 83.083 0.07767988 9.46949e-08
1761223869.009 83.138 0.07770782 1.52575e-07
1761223869.019 83.193 0.07770036 1.96113e-07
1761223869.029 83.248 0.07773016 1.31213e-07
1761223869.039 83.303 0.07772923 2.27729e-07
1761223869.049 83.358 0.07772178 2.26587e-07
1761223869.059 83.413 0.07777579 2.95235e-07
1761223869.069 83.468 0.07779255 4.25225e-07
1761223869.079 83.522 0.07782700 4.29297e-07
1761223869.089 83.577 0.07785586 4.71741e-07
1761223869.099 83.632 0.07786704 4.89791e-07
1761223869.109 83.686 0.07789776 7.55822e-07
1761223869.119 83.741 0.07793036 8.84462e-07
1761223869.129 83.796 0.07797784 1.10825e-06
1761223869.139 83.850 0.07800857 1.34460e-06
1761223869.149 83.905 0.07804116 1.64490e-06
1761223869.159 83.959 0.07810448 1.89538e-06
1761223869.169 84.014 0.07812775 2.76887e-06
1761223869.179 84.068 0.07819387 2.83549e-06
1761223869.189 84.122 0.07823390 4.07629e-06
1761223869.199 84.177 0.07828233 5.67412e-06
1761223869.209 84.231 0.07835123 6.97420e-06
1761223869.219 84.285 0.07838754 9.66501e-06
1761223869.229 84.339 0.07844900 1.15658e-05
1761223869.239 84.394 0.07850952 1.82926e-05
1761223869.249 84.448 0.07857004 2.86770e-05
1761223869.280 84.502 0.07880003 3.91812e-05
1761223869.289 84.556 0.07885125 8.78552e-05
1761223869.299 84.610 0.07885125 8.87933e-05
1761223869.309 84.664 0.07892853 8.97335e-05
1761223869.319 84.718 0.07896019 9.03572e-05
1761223869.329 84.772 0.07902164 7.88674e-05
1761223869.339 84.826 0.07908217 7.07568e-05
1761223869.349 84.880 0.07914549 5.85136e-05
1761223869.359 84.934 0.07920973 4.19414e-05
1761223869.369 84.987 0.07923953 2.29934e-05
1761223869.379 85.041 0.07929540 7.78519e-06
1761223869.389 85.095 0.07935033 4.49629e-06
1761223869.399 85.149 0.07938386 2.59707e-06
1761223869.409 85.202 0.07944903 1.54654e-06
1761223869.419 85.256 0.07947510 1.20028e-06
1761223869.429 85.309 0.07953004 6.97320e-07
1761223869.439 85.363 0.07957474 4.35718e-07
1761223869.449 85.417 0.07960919 1.89433e-07
1761223869.459 85.470 0.07966413 1.29256e-07
1761223869.469 85.524 0.07968089 7.22351e-08
1761223869.479 85.577 0.07973396 2.47500e-09
1761223869.489 85.630 0.07976934 5.53367e-08
1761223869.499 85.684 0.07979355 1.11544e-08
1761223869.509 85.737 0.07984942 5.74329e-08
1761223869.556 85.790 0.08005427 6.37600e-10
1761223869.563 85.844 0.08008593 9.30490e-09
1761223869.569 85.897 0.08008593 5.07451e-08
1761223869.635 85.950 0.08043511 5.50504e-08
1761223869.685 86.003 0.08065765 5.23130e-08
1761223869.735 86.056 0.08085132 5.32771e-08
1761223869.785 86.110 0.08091837 5.90163e-08
1761223869.815 86.163 0.08094909 5.94000e-10
1761223869.825 86.216 0.08096120 8.23890e-09
1761223869.831 86.269 0.08095747 4.26617e-08
1761223869.839 86.322 0.08095747 7.08708e-08
1761223869.849 86.375 0.08094258 3.05126e-08
1761223869.859 86.428 0.08096120 6.14711e-08
1761223869.869 86.480 0.08094164 5.81270e-08
1761223869.879 86.533 0.08096492 1.25717e-08
1761223869.889 86.586 0.08095840 7.11290e-08
1761223869.899 86.639 0.08095840 2.79904e-08
1761223869.909 86.692 0.08097330 7.52541e-08
1761223869.919 86.744 0.08095840 5.66133e-08
1761223869.929 86.797 0.08097889 1.22758e-08
1761223869.939 86.850 0.08098261 6.79521e-08
1761223869.949 86.902 0.08099937 3.52384e-08
1761223869.959 86.955 0.08102731 6.04900e-08
1761223869.969 87.007 0.08103383 5.69723e-08
1761223869.979 87.060 0.08106828 7.26380e-09
1761223869.989 87.112 0.08108318 6.02858e-08
1761223869.999 87.165 0.08112135 1.80499e-08
1761223870.009 87.217 0.08117908 5.07259e-08
1761223870.058 87.270 0.08140255 -2.36958e-08
1761223870.067 87.322 0.08144259 5.36050e-08
1761223870.111 87.374 0.08171355 1.18043e-08
1761223870.126 87.427 0.08179550 2.91590e-09
1761223870.133 87.479 0.08183274 5.55334e-08
1761223870.139 87.531 0.08188395 2.07491e-08
1761223870.187 87.584 0.08208880 6.55925e-08
1761223870.237 87.636 0.08223312 6.52647e-08
1761223870.287 87.688 0.08233182 5.69536e-08
1761223870.381 87.740 0.08242121 1.21279e-08
1761223870.388 87.792 0.08242121 6.17565e-08
1761223870.437 87.844 0.08247802 6.24985e-08
1761223870.486 87.896 0.08252736 4.83381e-08
1761223870.536 87.948 0.08256647 5.49290e-08
1761223870.604 88.000 0.08266703 7.22465e-08
1761223870.655 88.052 0.08272477 7.24373e-08
1761223870.662 88.104 0.08272849 4.06270e-08
1761223870.668 88.156 0.08272849 7.71470e-08
1761223870.678 88.208 0.08274804 9.15040e-09
1761223870.688 88.259 0.08275084 8.36114e-08
1761223870.698 88.311 0.08276108 4.76845e-08
1761223870.708 88.363 0.08277877 7.53783e-08
1761223870.718 88.415 0.08277784 8.95223e-08
1761223870.728 88.466 0.08280391 3.86394e-08
1761223870.738 88.518 0.08280764 1.10438e-07
1761223870.748 88.570 0.08282160 9.41268e-08
1761223870.758 88.621 0.08284302 1.41819e-07
1761223870.768 88.673 0.08281509 1.04934e-07
1761223870.778 88.724 0.08285978 7.04167e-08
1761223870.788 88.776 0.08286909 1.56806e-07
1761223870.798 88.827 0.08288772 1.29179e-07
1761223870.808 88.879 0.08290448 1.78463e-07
1761223870.818 88.930 0.08290541 1.57528e-07
1761223870.828 88.982 0.08293986 1.37815e-07
1761223870.838 89.033 0.08296872 2.58348e-07
1761223870.848 89.084 0.08299293 2.28998e-07
1761223870.858 89.136 0.08302739 2.83721e-07
1761223870.868 89.187 0.08306370 3.23641e-07
1761223870.878 89.238 0.08310373 3.48613e-07
1761223870.888 89.289 0.08314843 4.66733e-07
1761223870.934 89.341 0.08338680 7.80491e-07
1761223870.941 89.392 0.08343894 1.12667e-06
1761223870.948 89.443 0.08343894 1.34472e-06
1761223870.958 89.494 0.08350599 1.50822e-06
1761223870.968 89.545 0.08355533 1.56047e-06
1761223870.978 89.596 0.08361679 1.47573e-06
1761223870.988 89.647 0.08365031 1.50857e-06
1761223870.998 89.698 0.08371549 1.48447e-06
1761223871.008 89.749 0.08378812 1.35096e-06
1761223871.018 89.800 0.08381326 1.34574e-06
1761223871.028 89.851 0.08388403 1.07146e-06
1761223871.038 89.902 0.08392500 8.75858e-07
1761223871.048 89.953 0.08396504 7.29712e-07
1761223871.058 90.003 0.08400042 4.31060e-07
1761223871.068 90.054 0.08403767 2.41207e-07
1761223871.078 90.105 0.08409539 1.10786e-07
1761223871.088 90.156 0.08412706 1.36730e-07
1761223871.098 90.206 0.08417082 5.64549e-08
1761223871.108 90.257 0.08421365 7.59495e-08
1761223871.118 90.308 0.08424252 3.18692e-08
1761223871.128 90.358 0.08429186 -4.05340e-09
1761223871.138 90.409 0.08431515 5.96210e-08
1761223871.148 90.459 0.08434494 2.98209e-08
1761223871.158 90.510 0.08440267 6.44390e-08
1761223871.206 90.560 0.08458238 4.72952e-08
1761223871.213 90.611 0.08461497 3.22590e-09
1761223871.218 90.661 0.08465500 5.31956e-08
1761223871.266 90.712 0.08482727 6.71202e-08
1761223871.273 90.762 0.08490176 2.22220e-08
1761223871.279 90.812 0.08493248 1.75554e-08
1761223871.288 90.863 0.08493248 5.11566e-08
1761223871.336 90.913 0.08513361 5.15757e-08
1761223871.386 90.963 0.08531052 4.90844e-08
1761223871.462 91.014 0.08549116 1.52050e-09
1761223871.469 91.064 0.08551817 5.22220e-08
1761223871.517 91.114 0.08555635 6.19560e-08
1761223871.524 91.164 0.08556938 -4.24890e-09
1761223871.572 91.214 0.08562059 4.79920e-08
1761223871.578 91.264 0.08561873 8.34570e-09
1761223871.588 91.314 0.08561873 6.64022e-08
1761223871.654 91.365 0.08565132 6.06197e-08
1761223871.722 91.415 0.08580868 5.23075e-08
1761223871.728 91.465 0.08580496 1.32880e-08
1761223871.738 91.515 0.08580496 5.36058e-08
1761223871.786 91.564 0.08592507 5.28324e-08
1761223871.836 91.614 0.08599957 4.96088e-08
1761223871.886 91.664 0.08606754 5.00749e-08
1761223871.936 91.714 0.08613086 5.01208e-08
1761223872.001 91.764 0.08622211 5.71708e-08
1761223872.007 91.814 0.08622211 -5.40770e-09
1761223872.056 91.864 0.08627704 4.81348e-08
1761223872.062 91.913 0.08626773 1.14641e-08
1761223872.068 91.963 0.08628356 4.67757e-08
1761223872.077 92.013 0.08628356 -5.73890e-09
1761223872.087 92.062 0.08629101 6.31757e-08
1761223872.135 92.112 0.08634409 4.95158e-08
1761223872.200 92.162 0.08645861 6.91488e-08
1761223872.207 92.211 0.08645861 -6.43870e-09
1761223872.256 92.261 0.08656476 4.57916e-08
1761223872.263 92.310 0.08657501 1.27939e-08
1761223872.269 92.360 0.08661132 5.23009e-08
1761223872.316 92.409 0.08669140 7.32954e-08
1761223872.322 92.459 0.08671654 4.12557e-08
1761223872.327 92.508 0.08671654 3.17594e-08
1761223872.337 92.558 0.08673795 7.10359e-08
1761223872.385 92.607 0.08681431 5.84380e-08
1761223872.435 92.656 0.08687949 5.57847e-08
1761223872.485 92.706 0.08698843 5.35480e-08
1761223872.561 92.755 0.08715045 2.28584e-08
1761223872.568 92.804 0.08717745 6.47238e-08
1761223872.577 92.854 0.08717745 -4.39040e-09
1761223872.587 92.903 0.08717559 6.71522e-08
1761223872.653 92.952 0.08726777 4.83227e-08
1761223872.703 93.001 0.08730874 4.96073e-08
1761223872.753 93.050 0.08737112 5.58795e-08
1761223872.803 93.099 0.08745027 5.56992e-08
1761223872.853 93.148 0.08750986 5.65389e-08
1761223872.921 93.198 0.08761974 6.10618e-08
1761223872.971 93.247 0.08764302 6.18864e-08
1761223872.978 93.296 0.08762905 2.84142e-08
1761223872.987 93.345 0.08762905 5.74865e-08
1761223873.053 93.394 0.08770913 5.90377e-08
1761223873.148 93.443 0.08781341 4.71800e-08
1761223873.157 93.491 0.08782179 1.09677e-08
1761223873.223 93.540 0.08790373 4.44985e-08
1761223873.230 93.589 0.08789908 2.62505e-08
1761223873.237 93.638 0.08789908 6.09903e-08
1761223873.285 93.687 0.08797450 6.26731e-08
1761223873.291 93.736 0.08798940 1.40200e-09
1761223873.339 93.784 0.08801175 6.25681e-08
1761223873.347 93.833 0.08801175 2.44902e-08
1761223873.357 93.882 0.08802571 7.21812e-08
1761223873.406 93.930 0.08810672 5.95410e-08
1761223873.413 93.979 0.08809741 1.05380e-08
1761223873.419 94.028 0.08813745 6.20342e-08
1761223873.467 94.076 0.08819332 6.73610e-08
1761223873.473 94.125 0.08822963 3.71524e-08
1761223873.479 94.174 0.08824267 1.45048e-08
1761223873.487 94.222 0.08824267 5.38395e-08
1761223873.535 94.271 0.08834882 5.80447e-08
1761223873.541 94.319 0.08839630 -9.50280e-09
1761223873.589 94.367 0.08849035 3.91537e-08
1761223873.597 94.416 0.08849035 9.26330e-09
1761223873.607 94.464 0.08851549 5.31703e-08
1761223873.617 94.513 0.08852573 9.98500e-09
1761223873.627 94.561 0.08858253 4.36544e-08
1761223873.637 94.609 0.08859277 6.56144e-08
1761223873.708 94.658 0.08876410 -8.88780e-09
1761223873.758 94.706 0.08888515 -9.27250e-09
1761223873.767 94.754 0.08888515 6.30768e-08
1761223873.776 94.803 0.08891960 2.03067e-08
1761223873.786 94.851 0.08893264 6.42406e-08
1761223873.835 94.899 0.08903599 5.58963e-08
1761223873.841 94.947 0.08906393 -9.47900e-09
1761223873.847 94.995 0.08907790 3.05831e-08
1761223873.856 95.043 0.08907790 5.57029e-08
1761223873.866 95.091 0.08906765 8.31500e-09
1761223873.876 95.139 0.08908721 4.44154e-08
1761223873.924 95.188 0.08917474 -5.24440e-09
1761223873.974 95.236 0.08926412 -4.77780e-09
1761223874.024 95.284 0.08940379 3.65046e-08
1761223874.031 95.331 0.08940379 6.54094e-08
1761223874.037 95.379 0.08943080 1.28863e-07
1761223874.046 95.427 0.08943080 9.20745e-08
1761223874.056 95.475 0.08945221 1.54443e-07
1761223874.066 95.523 0.08947735 1.42260e-07
1761223874.076 95.571 0.08952112 3.14034e-07
1761223874.086 95.619 0.08952205 4.10086e-07
1761223874.096 95.667 0.08955464 3.84957e-07
1761223874.106 95.714 0.08957605 6.75189e-07
1761223874.116 95.762 0.08958629 7.30637e-07
1761223874.126 95.810 0.08962633 9.33673e-07
1761223874.136 95.858 0.08964123 1.20431e-06
1761223874.146 95.905 0.08967289 1.12890e-06
1761223874.156 95.953 0.08968220 1.35536e-06
1761223874.166 96.001 0.08969430 1.42799e-06
1761223874.176 96.048 0.08973342 1.61924e-06
1761223874.186 96.096 0.08972969 1.86998e-06
1761223874.196 96.143 0.08975949 1.99644e-06
1761223874.206 96.191 0.08977531 2.26265e-06
1761223874.238 96.238 0.08989450 2.52465e-06
1761223874.247 96.286 0.08993733 3.73277e-06
1761223874.256 96.333 0.08993733 4.07142e-06
1761223874.266 96.381 0.08995130 4.30144e-06
1761223874.276 96.428 0.09001368 4.98141e-06
1761223874.286 96.476 0.09003137 5.84389e-06
1761223874.296 96.523 0.09009469 6.72489e-06
1761223874.306 96.570 0.09013846 7.70790e-06
1761223874.316 96.618 0.09017105 7.77067e-06
1761223874.326 96.665 0.09022691 7.94202e-06
1761223874.336 96.712 0.09025764 8.17819e-06
1761223874.346 96.759 0.09033213 7.75911e-06
1761223874.356 96.807 0.09038614 7.47502e-06
1761223874.366 96.854 0.09040942 7.58488e-06
1761223874.376 96.901 0.09047646 6.94505e-06
1761223874.386 96.948 0.09050439 5.79046e-06
1761223874.396 96.995 0.09056678 5.60975e-06
1761223874.406 97.043 0.09062265 4.69299e-06
1761223874.416 97.090 0.09065803 3.84322e-06
1761223874.426 97.137 0.09071390 2.76909e-06
1761223874.436 97.184 0.09073904 1.94381e-06
1761223874.446 97.231 0.09079118 1.13445e-06
1761223874.456 97.278 0.09083029 6.59459e-07
1761223874.466 97.325 0.09085171 3.07045e-07
1761223874.476 97.372 0.09091223 2.09152e-07
1761223874.486 97.419 0.09094017 1.24090e-07
1761223874.496 97.466 0.09099696 4.45267e-08
1761223874.506 97.512 0.09101931 8.18579e-08
1761223874.516 97.559 0.09105190 2.63755e-08
1761223874.526 97.606 0.09109846 7.18467e-08
1761223874.536 97.653 0.09112732 7.50214e-08
1761223874.584 97.700 0.09133869 5.83915e-08
1761223874.590 97.747 0.09139270 -9.13570e-09
1761223874.631 97.793 0.09155471 1.15090e-08
1761223874.645 97.840 0.09161244 7.63800e-10
1761223874.651 97.887 0.09165155 4.10647e-08
1761223874.656 97.934 0.09167762 -1.30335e-08
1761223874.666 97.980 0.09167762 -1.35401e-08
1761223874.676 98.027 0.09173442 3.38018e-08
1761223874.717 98.073 0.09191692 1.53418e-08
1761223874.726 98.120 0.09191692 1.57613e-08
1761223874.736 98.167 0.09194486 1.13410e-08
1761223874.746 98.213 0.09198117 7.18531e-09
1761223874.796 98.260 0.09211805 2.11141e-09
1761223874.806 98.306 0.09211805 1.00870e-08
1761223874.816 98.353 0.09212736 -6.24550e-09
1761223874.826 98.399 0.09215623 1.41725e-08
1761223874.836 98.446 0.09215995 -4.35662e-09
1761223874.846 98.492 0.09219813 -2.08833e-09
1761223874.856 98.539 0.09222233 8.45906e-09
1761223874.866 98.585 0.09221209 -8.42241e-09
1761223874.876 98.631 0.09223909 9.39523e-09
1761223874.886 98.678 0.09224841 -1.36455e-08
1761223874.896 98.724 0.09227541 -1.26440e-08
1761223874.906 98.770 0.09231172 -4.89016e-09
1761223874.916 98.816 0.09234059 -1.84887e-08
1761223874.926 98.863 0.09236573 -1.21378e-09
1761223874.936 98.909 0.09237784 -1.95845e-08
1761223874.946 98.955 0.09241787 -1.70061e-08
1761223874.956 99.001 0.09245884 -8.35283e-09
1761223874.970 99.048 0.09249144 1.50084e-08
1761223874.976 99.094 0.09249144 -6.09796e-08
1761223874.986 99.140 0.09251192 -3.55530e-09
1761223874.996 99.186 0.09256220 -6.03483e-08
1761223875.044 99.232 0.09274284 -4.32559e-08
1761223875.094 99.278 0.09297655 -7.75861e-08
1761223875.101 99.324 0.09300728 -3.91146e-08
1761223875.107 99.370 0.09303801 -1.03373e-07
1761223875.116 99.416 0.09303801 -7.95052e-08
1761223875.126 99.462 0.09310505 -4.05538e-08
1761223875.136 99.508 0.09314602 -5.28080e-08
1761223875.146 99.554 0.09319072 -9.86859e-08
1761223875.156 99.600 0.09322982 -4.34363e-08
1761223875.166 99.646 0.09327359 -7.46468e-08
1761223875.225 99.692 0.09344398 -1.55583e-08
1761223875.239 99.737 0.09349240 1.26320e-08
1761223875.246 99.783 0.09349240 -1.97417e-08
1761223875.256 99.829 0.09351847 2.72898e-08
1761223875.297 99.875 0.09360973 1.50752e-08
1761223875.348 99.921 0.09371401 3.83914e-08
1761223875.356 99.966 0.09371401 5.61878e-08
1761223875.366 100.012 0.09373357 1.68381e-08
1761223875.376 100.058 0.09376057 5.96696e-08
1761223875.386 100.104 0.09376988 4.36450e-08
1761223875.396 100.149 0.09380061 -4.28360e-09
1761223875.406 100.195 0.09381923 5.39504e-08
1761223875.416 100.240 0.09384530 2.32156e-08
1761223875.426 100.286 0.09387324 5.79396e-08
1761223875.474 100.332 0.09396821 1.98029e-08
1761223875.480 100.377 0.09396169 1.43560e-08
1761223875.486 100.423 0.09400825 5.62696e-08
1761223875.534 100.468 0.09408740 6.50663e-08
1761223875.541 100.514 0.09411533 -3.59160e-09
1761223875.589 100.559 0.09427176 5.49243e-08
1761223875.639 100.605 0.09440771 5.23719e-08
1761223875.645 100.650 0.09440771 1.06203e-08
1761223875.655 100.695 0.09442819 5.78118e-08
1761223875.665 100.741 0.09445519 2.34536e-08
1761223875.675 100.786 0.09448313 5.38800e-08
1761223875.685 100.832 0.09450362 2.56042e-08
1761223875.733 100.877 0.09459952 6.41834e-08
1761223875.739 100.922 0.09462466 4.97235e-08
1761223875.787 100.967 0.09468984 5.36342e-08
1761223875.836 101.013 0.09477085 5.60856e-08
1761223875.920 101.058 0.09492542 5.60725e-08
1761223875.988 101.103 0.09504274 6.66549e-08
1761223876.038 101.148 0.09508743 6.55136e-08
1761223876.045 101.194 0.09508743 3.34231e-08
1761223876.055 101.239 0.09508278 5.54706e-08
1761223876.104 101.284 0.09510140 5.29762e-08
1761223876.171 101.329 0.09516379 7.55653e-08
1761223876.178 101.374 0.09514889 2.83797e-08
1761223876.185 101.419 0.09514889 6.58042e-08
1761223876.195 101.464 0.09514889 -1.91720e-09
1761223876.205 101.509 0.09516658 6.59607e-08
1761223876.253 101.554 0.09524108 5.56994e-08
1761223876.321 101.599 0.09538354 7.24793e-08
1761223876.371 101.644 0.09546362 1.12736e-07
1761223876.378 101.689 0.09548410 9.64959e-08
1761223876.387 101.734 0.09552600 2.78930e-07
1761223876.395 101.779 0.09552600 1.97008e-07
1761223876.405 101.824 0.09552786 5.09906e-07
1761223876.415 101.869 0.09555114 7.19522e-07
1761223876.425 101.914 0.09555766 1.26042e-06
1761223876.475 101.959 0.09561446 4.76869e-06
1761223876.481 102.004 0.09562284 5.06018e-06
1761223876.488 102.048 0.09563587 5.44754e-06
1761223876.495 102.093 0.09563587 6.32409e-06
1761223876.505 102.138 0.09563587 7.08707e-06
1761223876.515 102.183 0.09565077 8.04984e-06
1761223876.525 102.227 0.09568336 8.36539e-06
1761223876.535 102.272 0.09568988 9.53008e-06
1761223876.545 102.317 0.09570664 6.97710e-06
1761223876.555 102.362 0.09571502 1.23211e-05
1761223876.565 102.406 0.09573737 1.68446e-05
1761223876.575 102.451 0.09577089 1.59566e-05
1761223876.585 102.495 0.09577554 1.65954e-05
1761223876.595 102.540 0.09580907 1.70333e-05
1761223876.605 102.585 0.09582955 2.05539e-05
1761223876.615 102.629 0.09585376 2.30210e-05
1761223876.625 102.674 0.09589473 2.61381e-05
1761223876.635 102.718 0.09591615 2.81348e-05
1761223876.645 102.763 0.09595898 3.10470e-05
1761223876.655 102.807 0.09597853 3.49771e-05
1761223876.665 102.852 0.09601857 3.70159e-05
1761223876.675 102.896 0.09607630 4.26606e-05
1761223876.685 102.940 0.09608468 4.51875e-05
1761223876.695 102.985 0.09614148 5.19012e-05
1761223876.705 103.029 0.09619269 5.78083e-05
1761223876.715 103.074 0.09623646 6.50335e-05
1761223876.725 103.118 0.09627463 7.93952e-05
1761223876.735 103.162 0.09631001 7.78946e-05
1761223876.745 103.207 0.09636402 9.13706e-05
1761223876.755 103.251 0.09640965 9.24141e-05
1761223876.765 103.295 0.09645621 9.63184e-05
1761223876.775 103.339 0.09650276 9.42192e-05
1761223876.785 103.384 0.09652511 9.18609e-05
1761223876.795 103.428 0.09659494 9.28035e-05
1761223876.805 103.472 0.09663498 8.58442e-05
1761223876.815 103.516 0.09667968 8.01426e-05
1761223876.825 103.560 0.09672530 7.17269e-05
1761223876.835 103.604 0.09676161 6.59558e-05
1761223876.845 103.649 0.09682773 5.83376e-05
1761223876.855 103.693 0.09686125 4.64041e-05
1761223876.865 103.737 0.09690967 3.62988e-05
1761223876.875 103.781 0.09695901 2.16094e-05
1761223876.885 103.825 0.09700091 1.08445e-05
1761223876.895 103.869 0.09705492 6.35615e-06
1761223876.905 103.913 0.09707913 3.12726e-06
1761223876.915 103.957 0.09713873 9.01436e-07
1761223876.925 104.001 0.09719832 5.26696e-07
1761223876.935 104.045 0.09721694 1.57855e-07
1761223876.945 104.089 0.09726070 4.38271e-08
1761223876.955 104.133 0.09729888 8.09957e-08
1761223877.027 104.177 0.09758288 1.00195e-08
1761223877.035 104.220 0.09758288 7.28882e-08
1761223877.045 104.264 0.09764898 -4.60730e-09
1761223877.055 104.308 0.09767413 7.12223e-08
1761223877.121 104.352 0.09791808 6.66731e-08
1761223877.171 104.396 0.09804099 6.80507e-08
1761223877.221 104.440 0.09812759 7.33298e-08
1761223877.271 104.483 0.09816297 7.24088e-08
1761223877.321 104.527 0.09820208 5.93291e-08
1761223877.371 104.571 0.09822350 6.98557e-08
1761223877.421 104.614 0.09826260 6.89108e-08
1761223877.471 104.658 0.09830264 6.77045e-08
1761223877.521 104.702 0.09836782 6.68771e-08
1761223877.593 104.745 0.09842741 -4.93990e-09
1761223877.643 104.789 0.09848887 1.45064e-08
1761223877.648 104.833 0.09848887 6.28575e-08
1761223877.654 104.876 0.09848887 7.05574e-08
1761223877.702 104.920 0.09852425 5.24410e-08
1761223877.707 104.963 0.09852518 -7.80930e-09
1761223877.714 105.007 0.09852518 1.88587e-08
1761223877.724 105.051 0.09854753 5.71719e-08
1761223877.734 105.094 0.09854567 1.63626e-08
1761223877.744 105.138 0.09854846 2.26516e-08
1761223877.754 105.181 0.09853729 7.69208e-08
1761223877.802 105.225 0.09860899 5.46341e-08
1761223877.853 105.268 0.09870582 5.50694e-08
1761223877.903 105.311 0.09881290 5.73325e-08
1761223877.953 105.355 0.09895350 5.36301e-08
1761223878.003 105.398 0.09904289 5.67866e-08
1761223878.053 105.442 0.09910528 4.81089e-08
1761223878.128 105.485 0.09914066 1.76734e-08
1761223878.135 105.528 0.09915277 4.56427e-08
1761223878.144 105.572 0.09915277 -9.51110e-09
1761223878.154 105.615 0.09913601 6.60118e-08
1761223878.202 105.658 0.09917232 4.35762e-08
1761223878.245 105.701 0.09921329 1.57847e-08
1761223878.260 105.745 0.09923750 -9.95910e-09
1761223878.267 105.788 0.09925892 5.09475e-08
1761223878.274 105.831 0.09925892 1.63652e-08
1761223878.317 105.874 0.09932503 3.58752e-09
1761223878.324 105.917 0.09932503 1.00595e-08
1761223878.334 105.961 0.09933620 -1.30875e-08
1761223878.344 106.004 0.09936600 1.78264e-09
1761223878.354 106.047 0.09937531 -9.07347e-09
1761223878.364 106.090 0.09938555 -1.84374e-08
1761223878.374 106.133 0.09941721 -1.60729e-08
1761223878.388 106.176 0.09946656 -4.21540e-09
1761223878.395 106.219 0.09946470 -7.11210e-08
1761223878.443 106.262 0.09956433 -6.42406e-08
1761223878.449 106.305 0.09957085 -2.88722e-08
1761223878.454 106.348 0.09958481 -9.29330e-09
1761223878.464 106.391 0.09958481 -7.20570e-08
1761223878.474 106.434 0.09961089 -3.31559e-08
1761223878.484 106.477 0.09962299 -6.65514e-08
1761223878.494 106.520 0.09965465 -4.21980e-08
1761223878.504 106.563 0.09968352 -1.03451e-08
1761223878.514 106.606 0.09972448 -6.76009e-08
1761223878.562 106.649 0.09987347 -4.46070e-08
1761223878.612 106.691 0.10003083 -3.44181e-08
1761223878.682 106.734 0.10023289 -1.46716e-08
1761223878.688 106.777 0.10028782 5.88160e-09
1761223878.694 106.820 0.10028782 -9.37296e-09
1761223878.704 106.863 0.10028782 -3.21062e-09
1761223878.714 106.905 0.10030272 -7.71739e-09
1761223878.724 106.948 0.10033810 2.99064e-09
1761223878.734 106.991 0.10034741 -1.31463e-08
1761223878.744 107.034 0.10036696 6.65320e-09
1761223878.754 107.076 0.10038652 -1.66918e-09
1761223878.764 107.119 0.10040793 -5.59660e-09
1761223878.774 107.162 0.10041074 4.17177e-09
1761223878.784 107.204 0.10040236 -1.23995e-08
1761223878.794 107.247 0.10043681 5.97547e-09
1761223878.804 107.290 0.10042750 -5.06283e-09
1761223878.814 107.332 0.10042655 -6.77398e-09
1761223878.824 107.375 0.10044891 4.11462e-09
1761223878.834 107.417 0.10044798 -1.16050e-08
1761223878.844 107.460 0.10047498 8.13461e-09
1761223878.854 107.503 0.10047871 -1.12272e-09
1761223878.864 107.545 0.10049733 -4.35749e-09
1761223878.874 107.588 0.10052060 5.16743e-09
1761223878.884 107.630 0.10054016 -1.12623e-08
1761223878.894 107.672 0.10057647 9.72890e-09
1761223878.904 107.715 0.10059137 -2.64576e-09
1761223878.914 107.757 0.10061930 -3.79279e-09
1761223878.924 107.800 0.10065097 5.68913e-09
1761223878.934 107.842 0.10068356 -9.99098e-09
1761223878.944 107.885 0.10073570 1.16482e-08
1761223878.954 107.927 0.10076177 2.10144e-09
1761223878.964 107.969 0.10079436 -8.53320e-10
1761223878.974 108.012 0.10084184 8.17493e-09
1761223878.984 108.054 0.10088468 -7.21286e-09
1761223878.993 108.096 0.10094613 1.34505e-08
1761223879.003 108.139 0.10099176 -7.09400e-11
1761223879.014 108.181 0.10105321 -2.76430e-10
1761223879.024 108.223 0.10109698 1.00865e-08
1761223879.034 108.265 0.10113329 -5.12620e-09
1761223879.043 108.308 0.10119195 1.70178e-08
1761223879.053 108.350 0.10123385 7.35790e-09
1761223879.063 108.392 0.10129437 4.77067e-09
1761223879.073 108.434 0.10133349 1.44302e-08
1761223879.083 108.476 0.10137632 -1.06698e-09
1761223879.097 108.518 0.10145919 -4.66910e-09
1761223879.103 108.560 0.10145919 3.09313e-08
1761223879.113 108.603 0.10152529 -1.16980e-08
1761223879.123 108.645 0.10156162 4.16571e-08
1761223879.171 108.687 0.10177857 9.21731e-08
1761223879.178 108.729 0.10180371 4.44466e-08
1761223879.184 108.771 0.10184375 9.91242e-08
1761223879.232 108.813 0.10197411 8.37906e-08
1761223879.243 108.855 0.10202439 1.01034e-07
1761223879.263 108.897 0.10210819 1.25369e-07
1761223879.273 108.939 0.10210819 1.67329e-07
1761223879.283 108.981 0.10214171 1.27420e-07
1761223879.293 109.023 0.10217617 1.90439e-07
1761223879.303 109.065 0.10219572 1.92325e-07
1761223879.313 109.107 0.10222551 1.62921e-07
1761223879.323 109.148 0.10225624 2.00882e-07
1761223879.333 109.190 0.10225624 1.92911e-07
1761223879.343 109.232 0.10227859 1.56956e-07
1761223879.353 109.274 0.10229721 2.05916e-07
1761223879.363 109.316 0.10232049 1.77312e-07
1761223879.373 109.358 0.10233445 2.30415e-07
1761223879.383 109.399 0.10235028 1.34705e-07
1761223879.393 109.441 0.10239964 2.06014e-07
1761223879.403 109.483 0.10239125 1.88111e-07
1761223879.413 109.525 0.10240242 1.34569e-07
1761223879.423 109.566 0.10242292 1.79569e-07
1761223879.433 109.608 0.10245178 1.25077e-07
1761223879.443 109.650 0.10249182 1.73885e-07
1761223879.453 109.692 0.10250020 1.84279e-07
1761223879.463 109.733 0.10250951 1.05908e-07
1761223879.473 109.775 0.10254210 1.47269e-07
1761223879.483 109.817 0.10258306 9.08604e-08
1761223879.493 109.858 0.10263427 1.32638e-07
1761223879.503 109.900 0.10264359 1.35604e-07
1761223879.513 109.941 0.10268084 6.05130e-08
1761223879.523 109.983 0.10272088 9.96389e-08
1761223879.533 110.025 0.10275626 4.52371e-08
