1761244494.851 33.801 0.03268747 2.91600e-09
1761244494.857 33.936 0.03269492 5.44560e-08
1761244494.905 34.071 0.03267816 6.23998e-08
1761244494.911 34.205 0.03267816 2.76940e-08
1761244494.920 34.338 0.03266140 -8.66700e-10
1761244494.930 34.471 0.03268747 4.64925e-08
1761244494.979 34.603 0.03269492 -4.48050e-09
1761244495.047 34.735 0.03283645 -1.98070e-09
1761244495.097 34.867 0.03308600 -1.19750e-09
1761244495.147 34.997 0.03336254 -6.38200e-10
1761244495.197 35.128 0.03360091 6.68800e-10
1761244495.249 35.258 0.03374617 1.58293e-07
1761244495.256 35.387 0.03376945 2.65345e-07
1761244495.262 35.516 0.03376386 3.17673e-07
1761244495.270 35.645 0.03376386 4.75603e-07
1761244495.280 35.773 0.03379180 7.56204e-07
1761244495.290 35.900 0.03378900 9.13279e-07
1761244495.300 36.027 0.03381507 1.20390e-06
1761244495.310 36.154 0.03381880 2.03920e-06
1761244495.320 36.280 0.03380483 2.88927e-06
1761244495.330 36.406 0.03382345 2.97117e-06
1761244495.340 36.531 0.03383556 5.65466e-06
1761244495.350 36.656 0.03385698 3.86317e-06
1761244495.379 36.781 0.03388956 4.87933e-06
1761244495.403 36.905 0.03397430 7.16561e-06
1761244495.410 37.029 0.03397430 7.22697e-06
1761244495.421 37.152 0.03401247 6.29292e-06
1761244495.430 37.275 0.03408045 3.10729e-06
1761244495.440 37.397 0.03413632 1.87858e-06
1761244495.450 37.519 0.03422012 3.24442e-07
1761244495.460 37.641 0.03430299 2.12681e-07
1761244495.470 37.762 0.03436165 7.99427e-08
1761244495.480 37.883 0.03448735 8.10055e-08
1761244495.490 38.003 0.03458698 6.39318e-08
1761244495.500 38.124 0.03470710 3.53750e-09
1761244495.510 38.243 0.03481790 5.52334e-08
1761244495.520 38.363 0.03491567 1.66534e-08
1761244495.530 38.482 0.03506652 4.65498e-08
1761244495.540 38.600 0.03516335 5.64889e-08
1761244495.588 38.718 0.03576021 6.81435e-08
1761244495.595 38.836 0.03589523 -2.59170e-09
1761244495.661 38.954 0.03664293 2.27289e-08
1761244495.711 39.071 0.03706939 1.31310e-08
1761244495.761 39.188 0.03731055 1.58560e-08
1761244495.811 39.304 0.03739994 9.35300e-10
1761244495.862 39.421 0.03738784 4.20720e-09
1761244495.937 39.536 0.03739435 5.70466e-08
1761244495.944 39.652 0.03741298 4.22007e-08
1761244495.950 39.767 0.03741111 3.72370e-09
1761244495.960 39.882 0.03741111 5.07350e-08
1761244495.970 39.996 0.03741484 1.82147e-08
1761244495.980 40.110 0.03746512 4.70501e-08
1761244495.990 40.224 0.03745208 4.35044e-08
1761244496.038 40.338 0.03755823 6.06273e-08
1761244496.045 40.451 0.03758989 -7.14480e-09
1761244496.093 40.564 0.03777146 4.47318e-08
1761244496.100 40.676 0.03783012 8.08100e-10
1761244496.110 40.788 0.03783012 4.50816e-08
1761244496.120 40.900 0.03787296 6.65090e-09
1761244496.130 41.012 0.03795397 2.95536e-08
1761244496.178 41.123 0.03826031 -4.57600e-10
1761244496.229 41.234 0.03857782 -2.22520e-09
1761244496.278 41.345 0.03891304 -3.20600e-09
1761244496.328 41.456 0.03919238 -5.38370e-09
1761244496.378 41.566 0.03936743 -6.41770e-09
1761244496.429 41.676 0.03943168 -4.41790e-09
1761244496.503 41.785 0.03949220 5.67904e-08
1761244496.511 41.894 0.03949127 4.50560e-09
1761244496.578 42.003 0.03959183 -7.58350e-09
1761244496.629 42.112 0.03966725 -8.52680e-09
1761244496.679 42.220 0.03979389 -9.01290e-09
1761244496.686 42.329 0.03979203 3.13402e-08
1761244496.691 42.436 0.03983020 5.21096e-08
1761244496.758 42.544 0.03997639 5.68822e-08
1761244496.807 42.651 0.04009371 6.65342e-08
1761244496.858 42.758 0.04023525 7.74582e-08
1761244496.908 42.865 0.04039726 6.82499e-08
1761244496.958 42.972 0.04052762 7.81529e-08
1761244497.033 43.078 0.04069150 7.22133e-08
1761244497.043 43.184 0.04071198 4.82199e-08
1761244497.050 43.290 0.04071198 1.67408e-08
1761244497.059 43.395 0.04073061 5.22712e-08
1761244497.070 43.500 0.04074737 -4.93000e-10
1761244497.080 43.605 0.04076972 4.11753e-08
1761244497.090 43.710 0.04075854 6.45304e-08
1761244497.138 43.815 0.04083769 5.40352e-08
1761244497.145 43.919 0.04087028 -6.73890e-09
1761244497.193 44.023 0.04097550 4.20806e-08
1761244497.200 44.126 0.04103602 4.58990e-09
1761244497.210 44.230 0.04103602 4.76722e-08
1761244497.220 44.333 0.04106116 5.64200e-10
1761244497.230 44.436 0.04113751 4.33005e-08
1761244497.278 44.539 0.04141406 -3.82610e-09
1761244497.327 44.641 0.04173437 -6.19700e-09
1761244497.378 44.744 0.04204071 -6.44160e-09
1761244497.428 44.846 0.04230422 -7.01230e-09
1761244497.478 44.948 0.04247835 -9.13210e-09
1761244497.528 45.049 0.04255005 -9.66390e-09
1761244497.604 45.151 0.04257705 5.78254e-08
1761244497.611 45.252 0.04257519 -1.83280e-09
1761244497.678 45.353 0.04265433 -2.89610e-09
1761244497.728 45.453 0.04274558 -2.59180e-09
1761244497.778 45.554 0.04285546 -5.73610e-09
1761244497.828 45.654 0.04299140 -3.55930e-09
1761244497.835 45.754 0.04298395 3.62133e-08
1761244497.841 45.854 0.04302492 5.56158e-08
1761244497.907 45.954 0.04315901 4.29041e-08
1761244497.957 46.053 0.04324933 5.09974e-08
1761244498.025 46.152 0.04343555 6.44416e-08
1761244498.031 46.251 0.04343369 2.47387e-08
1761244498.039 46.350 0.04343369 5.36724e-08
1761244498.088 46.448 0.04356126 5.90336e-08
1761244498.094 46.547 0.04360130 -4.17360e-09
1761244498.181 46.645 0.04380987 2.61492e-08
1761244498.189 46.743 0.04380987 5.95790e-08
1761244498.238 46.840 0.04394954 5.09360e-08
1761244498.245 46.938 0.04399423 -6.82590e-09
1761244498.293 47.035 0.04412832 3.42183e-08
1761244498.299 47.132 0.04414787 4.06060e-09
1761244498.309 47.229 0.04414787 4.79108e-08
1761244498.319 47.326 0.04416836 4.76040e-09
1761244498.329 47.422 0.04421398 4.86754e-08
1761244498.377 47.519 0.04436855 6.69520e-09
1761244498.383 47.615 0.04436948 7.45740e-09
1761244498.389 47.711 0.04441976 4.57254e-08
1761244498.438 47.806 0.04451567 5.84678e-08
1761244498.444 47.902 0.04455198 -1.40420e-09
1761244498.492 47.997 0.04480153 4.81721e-08
1761244498.499 48.092 0.04484901 -9.26200e-10
1761244498.508 48.187 0.04484901 4.91233e-08
1761244498.518 48.282 0.04489092 2.49542e-08
1761244498.528 48.377 0.04494772 5.17077e-08
1761244498.576 48.471 0.04521868 3.10371e-08
1761244498.582 48.565 0.04526151 5.82310e-09
1761244498.588 48.659 0.04526151 4.56023e-08
1761244498.637 48.753 0.04548126 6.11116e-08
1761244498.643 48.847 0.04553992 2.33459e-08
1761244498.649 48.940 0.04557437 1.55284e-08
1761244498.658 49.034 0.04557437 5.57101e-08
1761244498.668 49.127 0.04562279 3.21835e-08
1761244498.774 49.220 0.04612374 6.89360e-08
1761244498.824 49.313 0.04635466 5.84733e-08
1761244498.831 49.405 0.04638073 2.53497e-08
1761244498.838 49.498 0.04638073 4.16053e-08
1761244498.848 49.590 0.04644777 -2.90910e-09
1761244498.858 49.682 0.04648036 4.63045e-08
1761244498.868 49.774 0.04650178 2.77253e-08
1761244498.878 49.866 0.04655020 5.27282e-08
1761244498.926 49.957 0.04667404 2.52170e-08
1761244498.933 50.049 0.04665635 1.11286e-08
1761244498.939 50.140 0.04669546 4.08183e-08
1761244499.005 50.231 0.04683885 4.48771e-08
1761244499.011 50.322 0.04685654 -6.32980e-09
1761244499.059 50.413 0.04707629 4.80366e-08
1761244499.069 50.504 0.04707629 1.67328e-08
1761244499.079 50.594 0.04713867 4.81350e-08
1761244499.088 50.684 0.04716940 6.29725e-08
1761244499.137 50.774 0.04742546 6.60182e-08
1761244499.143 50.864 0.04747481 1.14751e-08
1761244499.209 50.954 0.04774671 2.75752e-08
1761244499.218 51.044 0.04774671 2.22900e-09
1761244499.228 51.133 0.04781188 6.52343e-08
1761244499.238 51.223 0.04783237 4.08117e-08
1761244499.248 51.312 0.04788451 4.37012e-08
1761244499.258 51.401 0.04792548 1.50183e-07
1761244499.268 51.490 0.04794690 2.39149e-07
1761244499.278 51.578 0.04797576 3.57630e-07
1761244499.329 51.667 0.04813778 8.53424e-06
1761244499.338 51.755 0.04813778 1.14029e-05
1761244499.348 51.844 0.04817782 1.06964e-05
1761244499.358 51.932 0.04821227 1.18948e-05
1761244499.368 52.020 0.04823834 1.23291e-05
1761244499.378 52.107 0.04829328 1.18518e-05
1761244499.388 52.195 0.04829980 1.18015e-05
1761244499.398 52.283 0.04835008 1.03761e-05
1761244499.408 52.370 0.04838732 8.23222e-06
1761244499.418 52.457 0.04841340 5.47230e-06
1761244499.428 52.544 0.04847765 2.62926e-06
1761244499.438 52.631 0.04850744 1.32557e-06
1761244499.448 52.718 0.04858566 9.47350e-07
1761244499.458 52.805 0.04864432 8.74383e-07
1761244499.468 52.891 0.04870112 4.63437e-07
1761244499.478 52.978 0.04875792 4.26940e-07
1761244499.489 53.064 0.04888455 1.52378e-07
1761244499.498 53.150 0.04888455 8.41809e-08
1761244499.508 53.236 0.04894601 1.22273e-07
1761244499.518 53.322 0.04900467 5.03513e-08
1761244499.528 53.407 0.04909406 8.14279e-08
1761244499.576 53.493 0.04948979 4.40700e-08
1761244499.583 53.578 0.04954100 1.47345e-08
1761244499.589 53.663 0.04964436 5.31492e-08
1761244499.656 53.749 0.05014903 4.24526e-08
1761244499.706 53.834 0.05052893 4.95861e-08
1761244499.756 53.918 0.05078872 9.52835e-08
1761244499.762 54.003 0.05079989 3.87317e-08
1761244499.769 54.088 0.05083807 1.86372e-07
1761244499.778 54.172 0.05083807 8.03094e-08
1761244499.788 54.257 0.05084459 1.30588e-07
1761244499.798 54.341 0.05088463 1.41661e-07
1761244499.808 54.425 0.05089580 1.62477e-07
1761244499.818 54.509 0.05089859 1.78741e-07
1761244499.828 54.593 0.05092373 3.07298e-07
1761244499.838 54.676 0.05091815 1.28219e-07
1761244499.882 54.760 0.05090790 2.17867e-07
1761244499.891 54.843 0.05094050 1.50442e-07
1761244499.898 54.926 0.05094050 1.06657e-07
1761244499.908 55.010 0.05094515 1.06614e-07
1761244499.918 55.093 0.05096564 7.17415e-08
1761244499.928 55.176 0.05099916 1.20636e-07
1761244499.938 55.258 0.05101312 8.98143e-08
1761244499.948 55.341 0.05106806 1.53134e-07
1761244499.959 55.424 0.05114814 5.27736e-07
1761244499.968 55.506 0.05114814 6.95129e-07
1761244499.978 55.588 0.05121984 9.57133e-07
1761244499.988 55.671 0.05125242 1.35431e-06
1761244499.998 55.753 0.05132505 2.58239e-06
1761244500.008 55.835 0.05138558 6.63171e-06
1761244500.018 55.916 0.05142469 1.18208e-05
1761244500.028 55.998 0.05152711 4.19795e-05
1761244500.038 56.080 0.05157925 4.98912e-05
1761244500.048 56.161 0.05167423 4.73994e-05
1761244500.058 56.242 0.05174220 2.93400e-05
1761244500.068 56.324 0.05181203 4.64044e-05
1761244500.078 56.405 0.05191446 3.06478e-05
1761244500.087 56.486 0.05197219 4.07544e-06
1761244500.098 56.567 0.05206158 1.11846e-06
1761244500.108 56.647 0.05213979 1.53983e-06
1761244500.117 56.728 0.05221429 4.54007e-06
1761244500.127 56.809 0.05231113 5.12736e-06
1761244500.137 56.889 0.05238748 4.92894e-06
1761244500.147 56.969 0.05247687 4.00748e-06
1761244500.157 57.049 0.05256067 1.48670e-06
1761244500.167 57.130 0.05265192 8.50460e-07
1761244500.177 57.210 0.05275248 6.12051e-07
1761244500.187 57.289 0.05281580 1.51288e-07
1761244500.197 57.369 0.05291823 1.15027e-07
1761244500.207 57.449 0.05300854 4.27614e-07
1761244500.217 57.528 0.05308397 4.70005e-07
1761244500.227 57.608 0.05316777 5.98624e-07
1761244500.237 57.687 0.05321619 4.24276e-07
1761244500.247 57.766 0.05331116 2.24986e-07
1761244500.257 57.845 0.05337914 1.25812e-07
1761244500.267 57.924 0.05345642 7.44467e-08
1761244500.277 58.003 0.05354767 8.93362e-08
1761244500.287 58.082 0.05361006 5.19164e-08
1761244500.297 58.161 0.05369479 2.35156e-08
1761244500.307 58.239 0.05377114 1.24826e-07
1761244500.317 58.318 0.05382981 8.03079e-08
1761244500.327 58.396 0.05389684 1.21411e-07
1761244500.337 58.474 0.05396389 8.40878e-07
1761244500.347 58.552 0.05405235 9.71427e-07
1761244500.357 58.630 0.05412218 5.52310e-07
1761244500.367 58.708 0.05418271 8.01380e-07
1761244500.417 58.786 0.05451698 9.04288e-08
1761244500.424 58.864 0.05460079 1.30072e-07
1761244500.429 58.941 0.05465851 8.36742e-08
1761244500.437 59.019 0.05465851 1.18504e-07
1761244500.447 59.096 0.05472835 8.52048e-08
1761244500.457 59.174 0.05479167 1.69264e-07
1761244500.467 59.251 0.05486243 2.04464e-07
1761244500.477 59.328 0.05494437 2.26731e-07
1761244500.487 59.405 0.05501235 2.11655e-07
1761244500.497 59.482 0.05509708 1.29004e-07
1761244500.507 59.559 0.05516319 1.39065e-07
1761244500.517 59.635 0.05519578 1.18103e-07
1761244500.527 59.712 0.05525165 1.18830e-07
1761244500.537 59.788 0.05531031 1.19537e-07
1761244500.547 59.865 0.05539970 1.29904e-07
1761244500.557 59.941 0.05544905 6.27009e-07
1761244500.567 60.017 0.05547791 1.95331e-06
1761244500.577 60.094 0.05554868 5.47054e-06
1761244500.587 60.170 0.05559896 1.07263e-05
1761244500.597 60.245 0.05565296 3.23507e-05
1761244500.607 60.321 0.05571070 5.28871e-05
1761244500.617 60.397 0.05574329 1.10988e-04
1761244500.627 60.473 0.05583361 1.09035e-04
1761244500.637 60.548 0.05587551 1.25498e-04
1761244500.647 60.624 0.05595000 1.27101e-04
1761244500.657 60.699 0.05599935 1.02019e-04
1761244500.667 60.774 0.05605149 5.08583e-05
1761244500.677 60.850 0.05613809 1.43019e-05
1761244500.687 60.925 0.05619395 3.76168e-06
1761244500.697 61.000 0.05626472 1.48480e-06
1761244500.707 61.075 0.05632059 1.03360e-06
1761244500.717 61.149 0.05638856 3.37434e-07
1761244500.727 61.224 0.05648540 8.45769e-07
1761244500.737 61.299 0.05652544 1.01532e-07
1761244500.748 61.373 0.05668653 1.24364e-07
1761244500.759 61.448 0.05677499 1.05269e-07
1761244500.767 61.522 0.05677499 1.23731e-07
1761244500.777 61.596 0.05684668 2.75671e-07
1761244500.787 61.670 0.05690255 4.03834e-07
1761244500.797 61.745 0.05699473 6.51871e-07
1761244500.807 61.819 0.05707388 1.28609e-06
1761244500.817 61.892 0.05715116 4.36832e-06
1761244500.827 61.966 0.05724428 7.94140e-06
1761244500.837 62.040 0.05730014 1.04584e-05
1761244500.847 62.114 0.05737929 1.00880e-05
1761244500.857 62.187 0.05745751 9.50476e-06
1761244500.867 62.261 0.05752921 6.04455e-06
1761244500.877 62.334 0.05761952 1.64671e-06
1761244500.887 62.407 0.05766608 1.44253e-06
1761244500.897 62.481 0.05776664 4.51711e-06
1761244500.907 62.554 0.05782344 9.70710e-07
1761244500.917 62.627 0.05787372 5.71194e-06
1761244500.947 62.700 0.05810744 2.48763e-06
1761244500.976 62.773 0.05830856 1.72883e-07
1761244500.988 62.845 0.05843334 3.56101e-07
1761244500.997 62.918 0.05843334 9.05620e-08
1761244501.007 62.991 0.05850224 5.17448e-07
1761244501.017 63.063 0.05855438 4.90623e-07
1761244501.027 63.136 0.05864284 4.48241e-07
1761244501.042 63.208 0.05875365 6.06250e-08
1761244501.048 63.280 0.05880579 2.43963e-07
1761244501.059 63.353 0.05886351 8.41030e-08
1761244501.068 63.425 0.05893801 1.79201e-07
1761244501.077 63.497 0.05893801 1.34175e-07
1761244501.087 63.569 0.05897712 2.79115e-07
1761244501.097 63.640 0.05903391 3.66580e-07
1761244501.107 63.712 0.05907861 1.60585e-06
1761244501.117 63.784 0.05911679 2.70013e-06
1761244501.127 63.856 0.05918103 2.28025e-06
1761244501.137 63.927 0.05921921 2.61093e-06
1761244501.147 63.999 0.05928346 2.18338e-06
1761244501.157 64.070 0.05930395 3.30334e-06
1761244501.167 64.141 0.05933281 1.81850e-06
1761244501.177 64.213 0.05939799 1.66226e-06
1761244501.187 64.284 0.05942779 7.78246e-07
1761244501.197 64.355 0.05948272 3.61349e-07
1761244501.207 64.426 0.05953766 2.29930e-07
1761244501.217 64.497 0.05959539 3.45354e-07
1761244501.227 64.568 0.05966988 5.27235e-07
1761244501.237 64.638 0.05969874 8.98780e-07
1761244501.247 64.709 0.05976020 1.13753e-06
1761244501.257 64.780 0.05982538 3.79755e-06
1761244501.267 64.850 0.05987566 5.43828e-06
1761244501.277 64.921 0.05995201 3.73051e-06
1761244501.287 64.991 0.06000602 5.78559e-06
1761244501.297 65.061 0.06008796 6.12710e-07
1761244501.307 65.132 0.06015314 3.92408e-06
1761244501.317 65.202 0.06022577 2.37237e-06
1761244501.327 65.272 0.06029188 3.38673e-07
1761244501.337 65.342 0.06035985 1.42247e-07
1761244501.347 65.412 0.06045762 3.51612e-07
1761244501.357 65.482 0.06052186 5.55389e-07
1761244501.367 65.551 0.06057774 9.82500e-08
1761244501.377 65.621 0.06067923 5.52046e-07
1761244501.387 65.691 0.06074069 7.34255e-07
1761244501.397 65.760 0.06082355 1.47052e-06
1761244501.407 65.830 0.06090922 3.89041e-06
1761244501.417 65.899 0.06098185 6.85242e-06
1761244501.427 65.968 0.06106007 1.69470e-05
1761244501.437 66.038 0.06112431 6.74853e-05
1761244501.447 66.107 0.06121836 6.48247e-05
1761244501.457 66.176 0.06128912 6.90577e-05
1761244501.467 66.245 0.06134220 6.39678e-05
1761244501.523 66.314 0.06174166 5.14138e-07
1761244501.530 66.383 0.06178355 3.86333e-07
1761244501.537 66.452 0.06178355 3.25116e-07
1761244501.547 66.521 0.06185898 3.06948e-07
1761244501.557 66.589 0.06192043 3.47007e-07
1761244501.567 66.658 0.06196885 3.92895e-07
1761244501.577 66.726 0.06205079 4.74696e-07
1761244501.587 66.795 0.06208059 4.09418e-07
1761244501.597 66.863 0.06213738 4.42287e-07
1761244501.607 66.932 0.06219512 6.30466e-07
1761244501.617 67.000 0.06224074 1.11296e-06
1761244501.627 67.068 0.06230499 1.89190e-06
1761244501.637 67.136 0.06233572 1.20050e-06
1761244501.647 67.204 0.06240369 1.01672e-06
1761244501.657 67.272 0.06243349 4.39307e-06
1761244501.667 67.340 0.06247073 3.54470e-06
1761244501.677 67.408 0.06253126 4.24681e-06
1761244501.688 67.476 0.06259550 7.48700e-07
1761244501.697 67.544 0.06259550 2.57721e-06
1761244501.707 67.611 0.06264206 7.26035e-07
1761244501.717 67.679 0.06266813 1.61108e-07
1761244501.727 67.746 0.06271935 5.29513e-07
1761244501.737 67.814 0.06275194 4.26508e-07
1761244501.747 67.881 0.06282177 4.15390e-07
1761244501.765 67.949 0.06289347 2.79151e-07
1761244501.770 68.016 0.06295865 6.16552e-07
1761244501.777 68.083 0.06295865 1.12315e-07
1761244501.787 68.150 0.06300520 5.85253e-07
1761244501.797 68.217 0.06308435 7.68942e-07
1761244501.807 68.284 0.06313742 5.46702e-07
1761244501.817 68.351 0.06320540 1.61577e-06
1761244501.826 68.418 0.06328920 1.92297e-06
1761244501.837 68.485 0.06332831 6.14596e-07
1761244501.847 68.551 0.06338697 1.29756e-06
1761244501.857 68.618 0.06344284 6.92605e-07
1761244501.866 68.685 0.06351919 1.26043e-06
1761244501.877 68.751 0.06361789 6.02927e-07
1761244501.886 68.818 0.06367748 5.48300e-07
1761244501.896 68.884 0.06373987 8.27482e-07
1761244501.906 68.950 0.06380318 2.76882e-06
1761244501.916 69.017 0.06387116 3.88259e-06
1761244501.926 69.083 0.06396520 8.13607e-06
1761244501.936 69.149 0.06402293 8.44128e-06
1761244501.946 69.215 0.06410394 7.51535e-06
1761244501.956 69.281 0.06417378 6.78356e-06
1761244501.966 69.347 0.06423616 6.40195e-06
1761244501.976 69.413 0.06432369 3.70249e-06
1761244501.986 69.479 0.06437863 1.04135e-06
1761244501.996 69.545 0.06446056 6.91614e-07
1761244502.006 69.610 0.06452202 3.44473e-07
1761244502.016 69.676 0.06458813 2.68243e-07
1761244502.026 69.741 0.06466728 3.91606e-07
1761244502.076 69.807 0.06496990 4.68068e-07
1761244502.082 69.872 0.06500993 7.15917e-07
1761244502.089 69.938 0.06508163 1.23263e-06
1761244502.096 70.003 0.06508163 1.49172e-06
1761244502.106 70.068 0.06513284 4.95952e-07
1761244502.116 70.134 0.06518499 2.34708e-06
1761244502.127 70.199 0.06528648 2.34950e-06
1761244502.138 70.264 0.06536656 5.55170e-07
1761244502.146 70.329 0.06536656 6.05620e-07
1761244502.156 70.394 0.06541591 9.64485e-07
1761244502.166 70.459 0.06545408 1.02836e-06
1761244502.176 70.524 0.06551275 3.15608e-07
1761244502.186 70.588 0.06555930 1.11255e-06
1761244502.196 70.653 0.06563193 9.93281e-07
1761244502.206 70.718 0.06566173 1.20371e-06
1761244502.216 70.783 0.06568780 1.14094e-06
1761244502.226 70.847 0.06574739 7.86907e-07
1761244502.236 70.912 0.06577253 9.27708e-07
1761244502.246 70.976 0.06584051 9.71576e-07
1761244502.256 71.040 0.06587775 9.12141e-07
1761244502.266 71.105 0.06592524 4.31685e-07
1761244502.276 71.169 0.06598576 8.77980e-08
1761244502.327 71.233 0.06626231 1.44435e-07
1761244502.336 71.297 0.06626231 1.52601e-07
1761244502.346 71.361 0.06632470 9.99195e-08
1761244502.356 71.425 0.06636753 2.17581e-07
1761244502.366 71.489 0.06642991 1.33435e-07
1761244502.376 71.553 0.06649975 2.02011e-07
1761244502.386 71.617 0.06655282 9.15645e-08
1761244502.396 71.681 0.06662732 9.20608e-08
1761244502.406 71.745 0.06667946 1.60649e-07
1761244502.416 71.808 0.06673347 9.44794e-08
1761244502.426 71.872 0.06679772 2.01315e-07
1761244502.436 71.936 0.06684520 1.68739e-07
1761244502.446 71.999 0.06691224 1.94416e-07
1761244502.456 72.063 0.06695787 3.24896e-07
1761244502.466 72.126 0.06701095 2.23720e-07
1761244502.476 72.189 0.06706681 4.34710e-07
1761244502.486 72.253 0.06710405 3.17256e-07
1761244502.496 72.316 0.06716365 1.62034e-07
1761244502.508 72.379 0.06724932 1.75895e-07
1761244502.516 72.442 0.06724932 2.02380e-07
1761244502.526 72.505 0.06730053 2.41859e-07
1761244502.536 72.568 0.06733591 1.39824e-07
1761244502.546 72.631 0.06738898 1.02635e-07
1761244502.556 72.694 0.06742437 1.73177e-07
1761244502.566 72.757 0.06746906 2.43068e-07
1761244502.577 72.820 0.06754821 1.00944e-07
1761244502.608 72.883 0.06770650 3.06728e-07
1761244502.632 72.945 0.06780148 2.58960e-07
1761244502.638 73.008 0.06787131 1.37666e-06
1761244502.646 73.071 0.06787131 2.01004e-06
1761244502.656 73.133 0.06792904 3.31430e-06
1761244502.666 73.196 0.06799422 5.07201e-06
1761244502.676 73.258 0.06807523 8.12207e-06
1761244502.686 73.321 0.06812271 1.14677e-05
1761244502.696 73.383 0.06819628 3.17978e-05
1761244502.706 73.445 0.06823632 4.54438e-05
1761244502.716 73.507 0.06829498 5.95043e-05
1761244502.726 73.569 0.06836947 7.19091e-05
1761244502.736 73.632 0.06841509 7.21656e-05
1761244502.746 73.694 0.06848307 6.98180e-05
1761244502.756 73.756 0.06852310 6.93801e-05
1761244502.766 73.818 0.06856687 5.97516e-05
1761244502.776 73.880 0.06863298 5.21842e-05
1761244502.786 73.941 0.06866557 2.71141e-05
1761244502.796 74.003 0.06874565 8.89854e-06
1761244502.806 74.065 0.06878103 4.30672e-06
1761244502.816 74.127 0.06882200 3.36072e-06
1761244502.826 74.188 0.06888438 2.04923e-06
1761244502.836 74.250 0.06891791 1.15895e-06
1761244502.846 74.311 0.06897657 6.70958e-07
1761244502.856 74.373 0.06901288 4.24869e-07
1761244502.866 74.434 0.06906316 1.89577e-07
1761244502.876 74.496 0.06912276 2.23068e-07
1761244502.888 74.557 0.06921028 1.99974e-07
1761244502.896 74.618 0.06925870 1.38379e-07
1761244502.906 74.680 0.06925870 2.02541e-07
1761244502.916 74.741 0.06931177 1.09605e-07
1761244502.926 74.802 0.06938068 1.66275e-07
1761244502.936 74.863 0.06942165 9.65102e-08
1761244502.946 74.924 0.06948590 1.02574e-07
1761244502.956 74.985 0.06952966 1.32873e-07
1761244502.966 75.046 0.06957715 9.54759e-08
1761244502.976 75.107 0.06965816 1.25234e-07
1761244502.986 75.168 0.06971403 1.12539e-07
1761244502.996 75.229 0.06979783 6.93403e-08
1761244503.006 75.289 0.06983880 1.33886e-07
1761244503.016 75.350 0.06989560 1.91895e-07
1761244503.026 75.411 0.06996264 1.10864e-07
1761244503.036 75.471 0.07000082 1.65481e-07
1761244503.046 75.532 0.07009206 9.17338e-08
1761244503.056 75.592 0.07014049 1.67576e-07
1761244503.066 75.653 0.07018332 6.51835e-08
1761244503.076 75.713 0.07026805 1.22782e-07
1761244503.086 75.774 0.07032299 4.84174e-08
1761244503.096 75.834 0.07040120 8.11439e-08
1761244503.106 75.894 0.07045893 1.04006e-07
1761244503.116 75.954 0.07052504 7.75597e-08
1761244503.126 76.014 0.07058743 8.83231e-08
1761244503.136 76.075 0.07062095 8.65515e-08
1761244503.183 76.135 0.07091053 7.93802e-08
1761244503.190 76.195 0.07097106 1.13160e-07
1761244503.196 76.255 0.07097106 9.85037e-08
1761244503.206 76.315 0.07102506 1.21376e-07
1761244503.258 76.374 0.07132955 1.55171e-07
1761244503.266 76.434 0.07132955 1.35887e-07
1761244503.276 76.494 0.07138914 2.22049e-07
1761244503.287 76.554 0.07151670 1.47709e-07
1761244503.296 76.614 0.07151670 1.73741e-07
1761244503.306 76.673 0.07154836 2.38634e-07
1761244503.317 76.733 0.07161354 2.75676e-07
1761244503.328 76.792 0.07164055 1.69401e-07
1761244503.338 76.852 0.07169827 1.51866e-07
1761244503.347 76.911 0.07171969 9.31008e-08
1761244503.356 76.971 0.07171969 1.68942e-07
1761244503.366 77.030 0.07174390 8.19520e-08
1761244503.376 77.089 0.07179139 1.38578e-07
1761244503.386 77.149 0.07181001 3.06122e-07
1761244503.396 77.208 0.07183329 2.86979e-07
1761244503.406 77.267 0.07184818 2.12878e-07
1761244503.416 77.326 0.07187425 4.38787e-07
1761244503.426 77.385 0.07192826 5.09294e-07
1761244503.436 77.444 0.07193850 2.31901e-07
1761244503.446 77.503 0.07199531 2.30039e-07
1761244503.456 77.562 0.07202045 4.55238e-07
1761244503.466 77.621 0.07204931 5.15987e-07
1761244503.476 77.680 0.07208655 5.63275e-07
1761244503.486 77.739 0.07212008 1.97370e-07
1761244503.496 77.798 0.07219363 4.11399e-07
1761244503.506 77.857 0.07222064 3.66928e-07
1761244503.516 77.915 0.07226533 1.59571e-07
1761244503.526 77.974 0.07232586 2.43451e-07
1761244503.536 78.033 0.07236310 1.84265e-07
1761244503.546 78.091 0.07245435 1.99997e-07
1761244503.556 78.150 0.07248881 2.11058e-07
1761244503.566 78.208 0.07254002 1.68096e-07
1761244503.576 78.267 0.07259495 1.62935e-07
1761244503.585 78.325 0.07265641 2.01235e-07
1761244503.595 78.383 0.07274766 1.70370e-07
1761244503.605 78.442 0.07280446 2.06010e-07
1761244503.615 78.500 0.07286312 1.02641e-07
1761244503.625 78.558 0.07291992 1.51717e-07
1761244503.635 78.616 0.07297020 8.03044e-08
1761244503.645 78.674 0.07307076 8.47293e-08
1761244503.655 78.732 0.07312105 1.14673e-07
1761244503.665 78.790 0.07317971 6.60661e-08
1761244503.675 78.848 0.07325140 1.16526e-07
1761244503.685 78.906 0.07329517 1.60263e-07
1761244503.742 78.964 0.07365831 2.97072e-06
1761244503.749 79.022 0.07371232 4.40044e-06
1761244503.756 79.080 0.07371232 5.23030e-06
1761244503.766 79.138 0.07377377 6.76611e-06
1761244503.775 79.196 0.07383988 8.59478e-06
1761244503.785 79.253 0.07388644 8.56136e-06
1761244503.795 79.311 0.07395813 8.28600e-06
1761244503.805 79.369 0.07397210 9.06218e-06
1761244503.815 79.426 0.07401680 7.43228e-06
1761244503.825 79.484 0.07408105 7.00813e-06
1761244503.835 79.541 0.07409967 5.48541e-06
1761244503.845 79.599 0.07415740 3.08807e-06
1761244503.856 79.656 0.07419371 1.43172e-06
1761244503.865 79.713 0.07424399 8.70056e-07
1761244503.878 79.771 0.07429428 6.12413e-07
1761244503.885 79.828 0.07429428 5.89612e-07
1761244503.895 79.885 0.07435666 4.40863e-07
1761244503.905 79.943 0.07437342 3.57576e-07
1761244503.915 80.000 0.07440694 3.16363e-07
1761244503.925 80.057 0.07443953 2.19553e-07
1761244503.935 80.114 0.07445164 2.16813e-07
1761244503.945 80.171 0.07450937 8.67976e-08
1761244503.955 80.228 0.07452613 1.43540e-07
1761244503.965 80.285 0.07456617 1.09661e-07
1761244503.975 80.342 0.07462576 8.95321e-08
1761244503.985 80.399 0.07465183 6.20395e-08
1761244503.995 80.456 0.07471887 7.59687e-08
1761244504.005 80.512 0.07475053 1.44799e-07
1761244504.015 80.569 0.07480361 8.40641e-08
1761244504.025 80.626 0.07486134 7.80325e-08
1761244504.035 80.683 0.07489579 5.25175e-08
1761244504.045 80.739 0.07495445 1.00615e-07
1761244504.055 80.796 0.07500008 1.42370e-07
1761244504.065 80.852 0.07505967 6.12006e-08
1761244504.075 80.909 0.07511367 1.10677e-07
1761244504.085 80.965 0.07517699 4.12385e-08
1761244504.095 81.022 0.07525520 3.03613e-08
1761244504.105 81.078 0.07530456 9.48933e-08
1761244504.115 81.135 0.07535670 2.69990e-08
1761244504.125 81.191 0.07542281 7.61590e-08
1761244504.135 81.247 0.07547402 1.70599e-08
1761244504.145 81.303 0.07555038 4.08415e-08
1761244504.155 81.360 0.07559879 8.80263e-08
1761244504.203 81.416 0.07590514 5.51467e-08
1761244504.209 81.472 0.07596008 8.49600e-10
1761244504.215 81.528 0.07602060 2.63473e-08
1761244504.225 81.584 0.07602060 6.18688e-08
1761244504.235 81.640 0.07604760 4.49857e-08
1761244504.245 81.696 0.07613047 3.81373e-08
1761244504.294 81.752 0.07637257 4.18300e-07
1761244504.301 81.808 0.07641354 2.22023e-07
1761244504.307 81.864 0.07646661 1.71130e-07
1761244504.315 81.920 0.07646661 3.24150e-07
1761244504.325 81.975 0.07650200 2.87940e-07
1761244504.335 82.031 0.07652621 1.81479e-07
1761244504.345 82.087 0.07659138 3.20690e-07
1761244504.355 82.143 0.07660628 3.65297e-07
1761244504.366 82.198 0.07668822 1.02897e-07
1761244504.375 82.254 0.07668822 1.69520e-07
1761244504.385 82.309 0.07669288 4.49616e-08
1761244504.395 82.365 0.07673571 5.53865e-08
1761244504.405 82.420 0.07674968 9.02830e-08
1761244504.415 82.476 0.07680461 2.98494e-08
1761244504.425 82.531 0.07683254 6.44338e-08
1761244504.435 82.587 0.07682230 4.13610e-08
1761244504.445 82.642 0.07688190 5.68473e-08
1761244504.455 82.697 0.07691169 1.03629e-07
1761244504.465 82.752 0.07694708 4.08861e-08
1761244504.475 82.808 0.07699084 8.63830e-08
1761244504.485 82.863 0.07701039 2.48189e-08
1761244504.495 82.918 0.07707092 6.38610e-08
1761244504.505 82.973 0.07710444 1.01951e-07
1761244504.515 83.028 0.07713796 2.90154e-08
1761244504.525 83.083 0.07718731 6.28475e-08
1761244504.535 83.138 0.07721524 4.50161e-08
1761244504.545 83.193 0.07730091 7.58025e-08
1761244504.555 83.248 0.07734188 9.68966e-08
1761244504.565 83.303 0.07738751 3.73348e-08
1761244504.575 83.358 0.07743592 6.07191e-08
1761244504.585 83.413 0.07747130 2.09672e-08
1761244504.595 83.468 0.07755883 5.33627e-08
1761244504.605 83.522 0.07760074 8.16827e-08
1761244504.652 83.577 0.07791545 8.79055e-08
1761244504.658 83.632 0.07796946 4.21623e-08
1761244504.665 83.686 0.07796946 3.56397e-08
1761244504.675 83.741 0.07803371 8.87584e-08
1761244504.685 83.796 0.07805978 8.57849e-08
1761244504.695 83.850 0.07813706 2.38418e-07
1761244504.705 83.905 0.07818828 5.00356e-07
1761244504.715 83.959 0.07824508 6.96761e-07
1761244504.725 84.014 0.07831119 1.34470e-06
1761244504.735 84.068 0.07835123 2.19734e-06
1761244504.745 84.122 0.07843224 2.47246e-06
1761244504.755 84.177 0.07845738 4.10101e-06
1761244504.765 84.231 0.07850487 6.33146e-06
1761244504.775 84.285 0.07855328 8.96088e-06
1761244504.785 84.339 0.07858773 1.31164e-05
1761244504.795 84.394 0.07862591 1.96535e-05
1761244504.847 84.448 0.07882983 6.68825e-05
1761244504.855 84.502 0.07882983 6.36462e-05
1761244504.865 84.556 0.07886987 6.46993e-05
1761244504.875 84.610 0.07891456 5.59402e-05
1761244504.885 84.664 0.07895181 6.65858e-05
1761244504.895 84.718 0.07899650 5.90248e-05
1761244504.905 84.772 0.07901699 4.90497e-05
1761244504.915 84.826 0.07907193 4.82879e-05
1761244504.925 84.880 0.07911848 3.98111e-05
1761244504.935 84.934 0.07913990 3.06025e-05
1761244504.945 84.987 0.07918925 1.76544e-05
1761244504.955 85.041 0.07921253 9.28776e-06
1761244504.965 85.095 0.07925909 5.77843e-06
1761244504.975 85.149 0.07930936 3.58948e-06
1761244504.985 85.202 0.07933357 3.67345e-06
1761244504.995 85.256 0.07937641 2.41519e-06
1761244505.005 85.309 0.07940713 2.08505e-06
1761244505.015 85.363 0.07944624 1.56735e-06
1761244505.025 85.417 0.07949094 1.07658e-06
1761244505.035 85.470 0.07951701 8.45939e-07
1761244505.045 85.524 0.07958218 3.95885e-07
1761244505.055 85.577 0.07961478 3.71360e-07
1761244505.067 85.630 0.07969671 1.55114e-07
1761244505.075 85.684 0.07971907 4.90098e-08
1761244505.104 85.737 0.07980379 7.08530e-08
1761244505.155 85.790 0.08005986 8.19400e-08
1761244505.203 85.844 0.08031871 6.08071e-08
1761244505.210 85.897 0.08038948 3.07610e-09
1761244505.216 85.950 0.08044814 3.81250e-08
1761244505.225 86.003 0.08044814 7.29064e-08
1761244505.235 86.056 0.08045466 8.50280e-09
1761244505.245 86.110 0.08052077 5.64212e-08
1761244505.255 86.163 0.08053567 7.62974e-08
1761244505.302 86.216 0.08070886 6.64209e-08
1761244505.308 86.269 0.08073586 2.70906e-08
1761244505.315 86.322 0.08073586 9.97080e-09
1761244505.325 86.375 0.08076007 5.69498e-08
1761244505.335 86.428 0.08075728 9.10940e-09
1761244505.345 86.480 0.08080477 5.38337e-08
1761244505.355 86.533 0.08079080 7.30829e-08
1761244505.401 86.586 0.08089043 1.68660e-08
1761244505.408 86.639 0.08090440 3.65510e-08
1761244505.414 86.692 0.08090440 3.56921e-08
1761244505.424 86.744 0.08093140 7.33793e-08
1761244505.434 86.797 0.08094444 1.97546e-08
1761244505.444 86.850 0.08098075 7.62550e-08
1761244505.454 86.902 0.08099751 8.36347e-08
1761244505.464 86.955 0.08103662 3.95179e-08
1761244505.474 87.007 0.08108690 7.65603e-08
1761244505.484 87.060 0.08110459 2.97312e-08
1761244505.494 87.112 0.08114649 9.45476e-08
1761244505.504 87.165 0.08117443 8.34896e-08
1761244505.514 87.217 0.08122564 3.73419e-08
1761244505.524 87.270 0.08126568 6.29876e-08
1761244505.534 87.322 0.08130013 1.91437e-08
1761244505.544 87.374 0.08135786 1.14976e-07
1761244505.554 87.427 0.08138114 1.31858e-07
1761244505.564 87.479 0.08142118 4.00561e-08
1761244505.574 87.531 0.08146122 8.80365e-08
1761244505.584 87.584 0.08148822 1.04285e-07
1761244505.594 87.636 0.08155060 1.09911e-07
1761244505.604 87.688 0.08158040 9.86215e-08
1761244505.614 87.740 0.08163720 6.62210e-08
1761244505.624 87.792 0.08169679 2.00232e-07
1761244505.634 87.844 0.08173590 7.47930e-08
1761244505.644 87.896 0.08180760 1.11930e-07
1761244505.654 87.948 0.08181412 1.38544e-07
1761244505.664 88.000 0.08187278 8.32472e-08
1761244505.674 88.052 0.08192865 6.26378e-08
1761244505.684 88.104 0.08195658 7.64570e-09
1761244505.694 88.156 0.08204131 6.79112e-08
1761244505.704 88.208 0.08208787 5.87372e-08
1761244505.770 88.259 0.08245008 4.90846e-08
1761244505.776 88.311 0.08248174 -4.26730e-09
1761244505.823 88.363 0.08269404 5.69540e-08
1761244505.830 88.415 0.08273221 3.08700e-08
1761244505.836 88.466 0.08280391 5.75524e-08
1761244505.844 88.518 0.08280391 1.06313e-08
1761244505.854 88.570 0.08282998 7.50829e-08
1761244505.864 88.621 0.08288212 2.63076e-08
1761244505.874 88.673 0.08292962 8.34931e-08
1761244505.884 88.724 0.08293427 4.73308e-08
1761244505.894 88.776 0.08297710 1.02083e-07
1761244505.904 88.827 0.08300690 1.34032e-07
1761244505.955 88.879 0.08310746 2.94711e-07
1761244505.964 88.930 0.08310746 2.86460e-07
1761244505.975 88.982 0.08313819 3.27683e-07
1761244505.985 89.033 0.08314378 4.00220e-07
1761244505.994 89.084 0.08318661 4.40856e-07
1761244506.004 89.136 0.08319778 6.68978e-07
1761244506.014 89.187 0.08321082 5.84824e-07
1761244506.024 89.238 0.08324620 7.69395e-07
1761244506.034 89.289 0.08325365 8.35722e-07
1761244506.044 89.341 0.08330393 1.34101e-06
1761244506.054 89.392 0.08331883 1.20912e-06
1761244506.064 89.443 0.08335142 1.28657e-06
1761244506.074 89.494 0.08339518 1.58073e-06
1761244506.084 89.545 0.08342591 1.73558e-06
1761244506.094 89.596 0.08348364 2.93289e-06
1761244506.104 89.647 0.08350506 2.02653e-06
1761244506.114 89.698 0.08354602 2.30200e-06
1761244506.124 89.749 0.08359072 1.96757e-06
1761244506.134 89.800 0.08362238 1.92497e-06
1761244506.144 89.851 0.08367173 1.81453e-06
1761244506.154 89.902 0.08368942 1.81946e-06
1761244506.164 89.953 0.08373691 1.83606e-06
1761244506.174 90.003 0.08377974 1.70883e-06
1761244506.184 90.054 0.08379371 2.08715e-06
1761244506.194 90.105 0.08387658 1.21644e-06
1761244506.204 90.156 0.08390824 1.26520e-06
1761244506.214 90.206 0.08395200 8.58386e-07
1761244506.224 90.257 0.08400694 7.06042e-07
1761244506.234 90.308 0.08405070 2.31760e-07
1761244506.244 90.358 0.08412892 1.86877e-07
1761244506.254 90.409 0.08415871 1.36186e-07
1761244506.264 90.459 0.08420061 8.87432e-08
1761244506.274 90.510 0.08424810 1.04362e-07
1761244506.284 90.560 0.08428162 5.11248e-08
1761244506.294 90.611 0.08437380 7.18886e-08
1761244506.304 90.661 0.08440732 7.03923e-08
1761244506.314 90.712 0.08446133 1.14431e-08
1761244506.324 90.762 0.08451347 6.20789e-08
1761244506.334 90.812 0.08456096 1.28447e-08
1761244506.344 90.863 0.08463359 5.90086e-08
1761244506.354 90.913 0.08467922 5.52875e-08
1761244506.364 90.963 0.08473322 1.62284e-08
1761244506.374 91.014 0.08478257 5.40471e-08
1761244506.384 91.064 0.08479468 1.93602e-08
1761244506.394 91.114 0.08487196 5.58231e-08
1761244506.404 91.164 0.08492224 5.44322e-08
1761244506.452 91.214 0.08515316 7.59834e-08
1761244506.458 91.264 0.08520717 3.20501e-08
1761244506.506 91.314 0.08544927 5.88787e-08
1761244506.514 91.365 0.08544927 3.33714e-08
1761244506.524 91.415 0.08548651 6.59894e-08
1761244506.534 91.465 0.08550513 3.27892e-08
1761244506.544 91.515 0.08556286 3.90423e-08
1761244506.554 91.564 0.08559545 7.17153e-08
1761244506.604 91.614 0.08576306 5.04420e-08
1761244506.654 91.664 0.08587013 5.06031e-08
1761244506.704 91.714 0.08596790 4.99888e-08
1761244506.754 91.764 0.08607312 7.27321e-08
1761244506.822 91.814 0.08618207 6.49067e-08
1761244506.873 91.864 0.08622304 6.06102e-08
1761244506.879 91.913 0.08622583 2.93808e-08
1761244506.885 91.963 0.08625004 6.66199e-08
1761244506.894 92.013 0.08625004 7.96460e-09
1761244506.904 92.062 0.08624911 5.02225e-08
1761244506.952 92.112 0.08628356 6.83650e-08
1761244506.959 92.162 0.08629473 1.67280e-08
1761244506.965 92.211 0.08630777 2.43935e-08
1761244506.974 92.261 0.08630777 5.09205e-08
1761244506.984 92.310 0.08631522 1.87689e-08
1761244506.994 92.360 0.08635433 5.23438e-08
1761244507.004 92.409 0.08634688 6.77062e-08
1761244507.081 92.459 0.08650517 2.40455e-08
1761244507.087 92.508 0.08654987 5.29823e-08
1761244507.137 92.558 0.08670257 6.16615e-08
1761244507.188 92.607 0.08689625 6.83268e-08
1761244507.237 92.656 0.08700054 6.73814e-08
1761244507.287 92.706 0.08708248 6.55504e-08
1761244507.337 92.755 0.08709644 5.61445e-08
1761244507.387 92.804 0.08711786 5.75084e-08
1761244507.393 92.854 0.08711786 1.55388e-08
1761244507.403 92.903 0.08710575 5.08113e-08
1761244507.413 92.952 0.08712065 1.54839e-08
1761244507.424 93.001 0.08713648 5.75820e-08
1761244507.434 93.050 0.08712624 1.32124e-08
1761244507.444 93.099 0.08713927 6.02271e-08
1761244507.454 93.148 0.08713182 6.86014e-08
1761244507.503 93.198 0.08719141 5.52501e-08
1761244507.553 93.247 0.08731805 4.76824e-08
1761244507.560 93.296 0.08734878 2.04220e-09
1761244507.566 93.345 0.08736275 4.73717e-08
1761244507.573 93.394 0.08736275 6.47149e-08
1761244507.583 93.443 0.08736368 3.30608e-08
1761244507.632 93.491 0.08752477 2.34713e-08
1761244507.639 93.540 0.08757877 7.96982e-08
1761244507.662 93.589 0.08762998 4.25851e-08
1761244507.668 93.638 0.08766443 8.30023e-08
1761244507.675 93.687 0.08766909 2.69195e-08
1761244507.683 93.736 0.08766909 6.72715e-08
1761244507.693 93.784 0.08772402 1.18624e-07
1761244507.703 93.833 0.08772030 6.11509e-08
1761244507.713 93.882 0.08775196 8.10604e-08
1761244507.723 93.930 0.08777803 8.53335e-08
1761244507.733 93.979 0.08778362 1.57255e-07
1761244507.743 94.028 0.08782272 1.67594e-07
1761244507.753 94.076 0.08785346 7.49667e-08
1761244507.763 94.125 0.08786835 1.19361e-07
1761244507.773 94.174 0.08789535 9.21801e-08
1761244507.783 94.222 0.08789722 2.05422e-07
1761244507.793 94.271 0.08794843 3.43440e-08
1761244507.803 94.319 0.08794377 1.21328e-07
1761244507.813 94.367 0.08797264 6.18895e-08
1761244507.823 94.416 0.08800802 1.02886e-07
1761244507.833 94.464 0.08802757 1.07751e-07
1761244507.843 94.513 0.08808345 1.72975e-07
1761244507.853 94.561 0.08809927 8.76100e-08
1761244507.863 94.609 0.08814676 1.17760e-07
1761244507.873 94.658 0.08818680 1.18800e-07
1761244507.885 94.706 0.08828084 8.33060e-08
1761244507.938 94.754 0.08849780 1.02360e-07
1761244507.987 94.803 0.08876969 5.04093e-08
1761244508.037 94.851 0.08899596 4.70882e-08
1761244508.087 94.899 0.08913562 5.79041e-08
1761244508.093 94.947 0.08913562 2.35982e-08
1761244508.103 94.995 0.08915425 1.01740e-07
1761244508.113 95.043 0.08918312 4.07328e-08
1761244508.123 95.091 0.08917753 8.02771e-08
1761244508.133 95.139 0.08918777 1.17567e-07
1761244508.164 95.188 0.08921012 1.02118e-07
1761244508.191 95.236 0.08923433 1.55618e-07
1761244508.197 95.284 0.08921198 1.25188e-07
1761244508.203 95.331 0.08921850 1.51663e-07
1761244508.213 95.379 0.08921850 1.12697e-07
1761244508.223 95.427 0.08922595 1.97661e-07
1761244508.233 95.475 0.08922222 1.18890e-07
1761244508.243 95.523 0.08924643 1.68214e-07
1761244508.253 95.571 0.08923619 1.67548e-07
1761244508.263 95.619 0.08926878 1.63121e-07
1761244508.273 95.667 0.08927716 2.45784e-07
1761244508.283 95.714 0.08928926 2.03893e-07
1761244508.293 95.762 0.08932558 2.26280e-07
1761244508.303 95.810 0.08934047 2.67059e-07
1761244508.313 95.858 0.08937958 2.43274e-07
1761244508.323 95.905 0.08939541 2.93550e-07
1761244508.333 95.953 0.08942614 3.36463e-07
1761244508.343 96.001 0.08947735 4.08781e-07
1761244508.353 96.048 0.08948852 4.36368e-07
1761244508.363 96.096 0.08954346 5.07991e-07
1761244508.373 96.143 0.08958722 6.55339e-07
1761244508.383 96.191 0.08961051 7.07819e-07
1761244508.393 96.238 0.08968592 1.07070e-06
1761244508.403 96.286 0.08971106 1.24284e-06
1761244508.413 96.333 0.08977345 1.63137e-06
1761244508.423 96.381 0.08986843 2.18422e-06
1761244508.433 96.428 0.08986843 2.46077e-06
1761244508.443 96.476 0.08992243 3.12178e-06
1761244508.453 96.523 0.08994851 3.53446e-06
1761244508.463 96.570 0.09002300 5.55775e-06
1761244508.473 96.618 0.09007328 7.66945e-06
1761244508.483 96.665 0.09011145 6.81335e-06
1761244508.493 96.712 0.09017850 8.17469e-06
1761244508.503 96.759 0.09019991 9.92813e-06
1761244508.513 96.807 0.09027254 1.03572e-05
1761244508.523 96.854 0.09032096 1.39367e-05
1761244508.533 96.901 0.09035448 1.04270e-05
1761244508.543 96.948 0.09041594 1.21916e-05
1761244508.553 96.995 0.09045039 1.33397e-05
1761244508.563 97.043 0.09051650 8.69838e-06
1761244508.573 97.090 0.09053885 1.15768e-05
1761244508.583 97.137 0.09056957 7.55488e-06
1761244508.593 97.184 0.09063755 6.38745e-06
1761244508.603 97.231 0.09065803 4.60843e-06
1761244508.613 97.278 0.09072880 2.78419e-06
1761244508.623 97.325 0.09075394 1.56533e-06
1761244508.633 97.372 0.09079304 9.32796e-07
1761244508.643 97.419 0.09085636 4.59123e-07
1761244508.653 97.466 0.09087778 3.91888e-07
1761244508.663 97.512 0.09092992 3.74187e-07
1761244508.673 97.559 0.09097741 1.56517e-07
1761244508.683 97.606 0.09101465 9.79462e-08
1761244508.693 97.653 0.09106866 1.27112e-07
1761244508.740 97.700 0.09129493 9.46265e-08
1761244508.747 97.747 0.09131541 4.04224e-08
1761244508.753 97.793 0.09135545 5.87788e-08
1761244508.763 97.840 0.09135545 1.98851e-08
1761244508.773 97.887 0.09140387 5.48216e-08
1761244508.783 97.934 0.09144670 2.45227e-08
1761244508.793 97.980 0.09150257 5.86242e-08
1761244508.841 98.027 0.09169717 2.33135e-08
1761244508.892 98.073 0.09188061 -1.71009e-08
1761244508.900 98.120 0.09190761 6.50370e-08
1761244508.946 98.167 0.09203611 1.39434e-08
1761244508.960 98.213 0.09208732 -1.19192e-08
1761244508.967 98.260 0.09209477 4.55215e-08
1761244508.973 98.306 0.09210222 3.19240e-08
1761244509.014 98.353 0.09218788 5.55871e-09
1761244509.023 98.399 0.09218788 1.94365e-08
1761244509.032 98.446 0.09218044 6.10276e-09
1761244509.047 98.492 0.09221023 -1.82117e-08
1761244509.054 98.539 0.09223537 2.80758e-08
1761244509.062 98.585 0.09223537 -1.72932e-08
1761244509.072 98.631 0.09224189 3.63818e-08
1761244509.082 98.678 0.09224841 -5.86300e-09
1761244509.092 98.724 0.09227914 4.96497e-08
1761244509.102 98.770 0.09228286 -7.40490e-09
1761244509.143 98.816 0.09235828 -1.34809e-09
1761244509.152 98.863 0.09235828 -5.90640e-09
1761244509.162 98.909 0.09240670 5.31814e-09
1761244509.172 98.955 0.09242625 4.14042e-09
1761244509.182 99.001 0.09243836 -5.23702e-09
1761244509.192 99.048 0.09248399 5.62795e-09
1761244509.202 99.094 0.09249050 -1.35687e-08
1761244509.212 99.140 0.09255568 -5.79473e-09
1761244509.222 99.186 0.09258361 -2.98048e-09
1761244509.232 99.232 0.09261341 -1.31597e-08
1761244509.242 99.278 0.09266742 -2.59471e-09
1761244509.290 99.324 0.09285178 -8.91662e-09
1761244509.306 99.370 0.09292814 8.27610e-09
1761244509.312 99.416 0.09292814 -2.86161e-08
1761244509.322 99.462 0.09295700 -7.69770e-09
1761244509.332 99.508 0.09299611 -4.55637e-08
1761244509.373 99.554 0.09318606 -4.91263e-09
1761244509.387 99.600 0.09324751 6.28540e-09
1761244509.393 99.646 0.09324844 -3.19099e-08
1761244509.402 99.692 0.09324844 3.96720e-09
1761244509.445 99.737 0.09339836 1.20266e-08
1761244509.460 99.783 0.09343467 -5.35480e-09
1761244509.467 99.829 0.09346074 4.65571e-08
1761244509.473 99.875 0.09348309 3.98642e-08
1761244509.482 99.921 0.09348309 1.25562e-08
1761244509.492 99.966 0.09350730 7.56397e-08
1761244509.540 100.012 0.09363487 6.22594e-08
1761244509.547 100.058 0.09362090 1.67710e-08
1761244509.553 100.104 0.09364511 6.19330e-08
1761244509.562 100.149 0.09364511 1.57424e-08
1761244509.572 100.195 0.09369259 7.88763e-08
1761244509.582 100.240 0.09369725 3.89430e-08
1761244509.592 100.286 0.09373915 8.74966e-08
1761244509.640 100.332 0.09387510 4.85257e-08
1761244509.648 100.377 0.09386113 7.21460e-09
1761244509.654 100.423 0.09391513 5.46492e-08
1761244509.702 100.468 0.09407343 6.14246e-08
1761244509.752 100.514 0.09416375 6.60738e-08
1761244509.758 100.559 0.09420751 1.10819e-08
1761244509.764 100.605 0.09424289 3.17205e-08
1761244509.772 100.650 0.09424289 5.26227e-08
1761244509.842 100.695 0.09442261 -1.37760e-09
1761244509.890 100.741 0.09450641 4.88795e-08
1761244509.897 100.786 0.09450175 1.22456e-08
1761244509.902 100.832 0.09454086 5.03026e-08
1761244509.912 100.877 0.09454086 -1.56950e-09
1761244509.922 100.922 0.09454458 6.53445e-08
1761244509.970 100.967 0.09460325 5.21195e-08
1761244510.021 101.013 0.09468239 4.95262e-08
1761244510.071 101.058 0.09476992 4.99456e-08
1761244510.121 101.103 0.09486676 5.13972e-08
1761244510.171 101.148 0.09495801 5.54122e-08
1761244510.221 101.194 0.09500736 5.74092e-08
1761244510.289 101.239 0.09509023 9.48676e-08
1761244510.295 101.284 0.09506136 7.44829e-08
1761244510.302 101.329 0.09506136 8.39622e-08
1761244510.312 101.374 0.09507254 5.22940e-09
1761244510.322 101.419 0.09507906 1.35603e-07
1761244510.332 101.464 0.09507719 5.45164e-08
1761244510.342 101.509 0.09510233 1.51877e-07
1761244510.371 101.554 0.09511723 8.62961e-08
1761244510.382 101.599 0.09513586 1.35090e-07
1761244510.392 101.644 0.09513586 9.77564e-08
1761244510.402 101.689 0.09513865 6.46779e-08
1761244510.412 101.734 0.09516472 1.53427e-07
1761244510.422 101.779 0.09517403 1.10480e-07
1761244510.432 101.824 0.09519079 1.30993e-07
1761244510.442 101.869 0.09519731 1.37635e-07
1761244510.452 101.914 0.09519917 7.46185e-08
1761244510.462 101.959 0.09524201 1.33980e-07
1761244510.472 102.004 0.09526621 2.31210e-07
1761244510.482 102.048 0.09527925 1.91288e-07
1761244510.492 102.093 0.09531463 1.81094e-07
1761244510.502 102.138 0.09536305 3.31348e-07
1761244510.512 102.183 0.09536305 1.76939e-07
1761244510.522 102.227 0.09539285 4.16275e-07
1761244510.532 102.272 0.09543847 6.92283e-07
1761244510.542 102.317 0.09547758 5.65062e-07
1761244510.552 102.362 0.09551669 7.39328e-07
1761244510.562 102.406 0.09558653 7.85644e-07
1761244510.572 102.451 0.09561166 1.18539e-06
1761244510.582 102.495 0.09564053 1.68284e-06
1761244510.592 102.540 0.09567498 1.88657e-06
1761244510.602 102.585 0.09568429 2.35287e-06
1761244510.612 102.629 0.09577368 3.32563e-06
1761244510.649 102.674 0.09592360 1.04096e-05
1761244510.655 102.718 0.09598505 1.18896e-05
1761244510.662 102.763 0.09598505 1.29817e-05
1761244510.672 102.807 0.09602137 1.66461e-05
1761244510.681 102.852 0.09603906 2.00464e-05
1761244510.691 102.896 0.09609865 2.55421e-05
1761244510.702 102.940 0.09614334 2.85513e-05
1761244510.712 102.985 0.09621224 3.26983e-05
1761244510.721 103.029 0.09623925 3.89892e-05
1761244510.731 103.074 0.09626160 5.64279e-05
1761244510.741 103.118 0.09632212 5.35067e-05
1761244510.751 103.162 0.09636682 6.51389e-05
1761244510.761 103.207 0.09641244 6.43693e-05
1761244510.771 103.251 0.09642827 9.28479e-05
1761244510.781 103.295 0.09646086 7.15939e-05
1761244510.791 103.339 0.09652138 6.65257e-05
1761244510.801 103.384 0.09653255 6.15087e-05
1761244510.811 103.428 0.09659215 6.08391e-05
1761244510.821 103.472 0.09661077 5.14414e-05
1761244510.831 103.516 0.09664243 6.07397e-05
1761244510.841 103.560 0.09669364 4.63275e-05
1761244510.851 103.604 0.09670668 4.35893e-05
1761244510.861 103.649 0.09676068 5.08500e-05
1761244510.871 103.693 0.09679141 4.26003e-05
1761244510.902 103.737 0.09693108 2.75772e-05
1761244510.914 103.781 0.09696739 1.03328e-05
1761244510.921 103.825 0.09696739 6.39178e-06
1761244510.931 103.869 0.09699626 2.86657e-06
1761244510.941 103.913 0.09703537 1.82782e-06
1761244510.951 103.957 0.09705772 8.93534e-07
1761244510.961 104.001 0.09711824 5.47739e-07
1761244510.971 104.045 0.09714804 3.61482e-07
1761244510.986 104.089 0.09726163 1.66308e-07
1761244510.998 104.133 0.09727560 7.37960e-08
1761244511.006 104.177 0.09733892 8.52307e-08
1761244511.011 104.220 0.09737058 4.66742e-08
1761244511.021 104.264 0.09737058 8.18527e-08
1761244511.072 104.308 0.09759312 8.04570e-08
1761244511.120 104.352 0.09773465 6.33582e-08
1761244511.127 104.396 0.09777004 1.86497e-08
1761244511.133 104.440 0.09781659 7.54754e-08
1761244511.141 104.483 0.09781659 5.71119e-08
1761244511.151 104.527 0.09782404 2.36973e-08
1761244511.161 104.571 0.09787246 3.30480e-08
1761244511.171 104.614 0.09788922 6.94301e-08
1761244511.237 104.658 0.09807731 5.00454e-08
1761244511.288 104.702 0.09818346 6.04125e-08
1761244511.337 104.745 0.09827471 6.25169e-08
1761244511.388 104.789 0.09835199 7.42540e-08
1761244511.485 104.833 0.09846094 6.41895e-08
1761244511.492 104.876 0.09845535 3.57400e-10
1761244511.501 104.920 0.09845535 4.30649e-08
1761244511.511 104.963 0.09846373 5.06410e-09
1761244511.521 105.007 0.09847583 6.98089e-08
1761244511.587 105.051 0.09853635 4.97106e-08
1761244511.655 105.094 0.09860619 7.60123e-08
1761244511.705 105.138 0.09868906 7.29439e-08
1761244511.776 105.181 0.09879801 2.78000e-09
1761244511.783 105.225 0.09880825 5.68836e-08
1761244511.791 105.268 0.09880825 5.49097e-08
1761244511.839 105.311 0.09883525 5.45118e-08
1761244511.846 105.355 0.09884735 2.89601e-08
1761244511.852 105.398 0.09887436 5.89054e-08
1761244511.861 105.442 0.09887436 1.15656e-08
1761244511.871 105.485 0.09886132 7.24123e-08
1761244511.920 105.528 0.09889485 5.59012e-08
1761244511.970 105.572 0.09896933 5.43788e-08
1761244512.045 105.615 0.09912111 4.26724e-08
1761244512.052 105.658 0.09914811 6.96422e-08
1761244512.061 105.701 0.09914811 1.44121e-08
1761244512.071 105.745 0.09915929 6.70993e-08
1761244512.120 105.788 0.09925892 4.92909e-08
1761244512.170 105.831 0.09930640 3.22789e-08
1761244512.213 105.874 0.09936227 -1.36765e-09
1761244512.221 105.917 0.09936227 1.00301e-08
1761244512.231 105.961 0.09937345 -1.49823e-09
1761244512.241 106.004 0.09938928 6.70136e-09
1761244512.251 106.047 0.09937345 -1.22446e-08
1761244512.261 106.090 0.09940790 4.32424e-09
1761244512.271 106.133 0.09940138 -4.10891e-09
1761244512.281 106.176 0.09944328 -1.33956e-08
1761244512.291 106.219 0.09945539 -6.00142e-09
1761244512.304 106.262 0.09947773 1.29099e-08
1761244512.311 106.305 0.09947773 -3.35416e-08
1761244512.321 106.348 0.09947401 1.49719e-08
1761244512.331 106.391 0.09948518 -4.80398e-08
1761244512.372 106.434 0.09956526 -1.12186e-08
1761244512.386 106.477 0.09960623 -2.48530e-09
1761244512.393 106.520 0.09961554 -6.10104e-08
1761244512.401 106.563 0.09961554 -1.49646e-08
1761244512.411 106.606 0.09967327 -1.45186e-08
1761244512.421 106.649 0.09967793 8.15710e-09
1761244512.431 106.691 0.09970586 -5.19418e-08
1761244512.472 106.734 0.09988371 -7.69351e-09
1761244512.486 106.777 0.09992095 -9.95250e-09
1761244512.493 106.820 0.09993399 -4.08810e-08
1761244512.500 106.863 0.09993399 -1.05540e-09
1761244512.541 106.905 0.10012021 -5.41186e-09
1761244512.550 106.948 0.10012021 -1.34061e-08
1761244512.598 106.991 0.10027944 -2.72407e-09
1761244512.604 107.034 0.10032320 1.11351e-08
1761244512.610 107.076 0.10032320 -4.08200e-10
1761244512.620 107.119 0.10033251 5.41449e-09
1761244512.630 107.162 0.10036510 1.07987e-09
1761244512.640 107.204 0.10038652 1.17540e-08
1761244512.650 107.247 0.10038466 -1.61511e-09
1761244512.660 107.290 0.10043681 1.87687e-08
1761244512.670 107.332 0.10043774 8.16013e-09
1761244512.680 107.375 0.10046474 5.11871e-09
1761244512.690 107.417 0.10050384 1.28139e-08
1761244512.700 107.460 0.10050478 -5.83880e-10
1761244512.710 107.503 0.10053457 1.85194e-08
1761244512.720 107.545 0.10055040 8.12063e-09
1761244512.730 107.588 0.10056716 7.79319e-09
1761244512.740 107.630 0.10058019 1.63621e-08
1761244512.750 107.672 0.10057368 2.12326e-09
1761244512.764 107.715 0.10063328 3.77700e-09
1761244512.770 107.757 0.10063328 2.39697e-08
1761244512.780 107.800 0.10065935 -1.79975e-08
1761244512.790 107.842 0.10070032 2.83605e-08
1761244512.831 107.885 0.10083625 4.25612e-09
1761244512.845 107.927 0.10085675 6.21020e-09
1761244512.851 107.969 0.10092006 4.57739e-08
1761244512.860 108.012 0.10092006 2.46306e-08
1761244512.901 108.054 0.10114540 1.98995e-08
1761244512.916 108.096 0.10116867 2.93190e-08
1761244512.922 108.139 0.10122454 3.32763e-08
1761244512.930 108.181 0.10122454 1.18160e-08
1761244512.941 108.223 0.10125992 3.14559e-08
1761244512.982 108.265 0.10143777 1.29479e-08
1761244512.997 108.308 0.10146291 3.69700e-09
1761244513.002 108.350 0.10149364 3.99009e-08
1761244513.010 108.392 0.10149364 -9.61990e-09
1761244513.058 108.434 0.10164448 8.09840e-09
1761244513.147 108.476 0.10178974 4.98433e-08
1761244513.154 108.518 0.10183164 9.42876e-08
1761244513.160 108.560 0.10183164 7.01387e-08
1761244513.170 108.603 0.10183257 1.06678e-07
1761244513.180 108.645 0.10185306 5.17886e-08
1761244513.190 108.687 0.10186982 9.54484e-08
1761244513.200 108.729 0.10185957 5.70019e-08
1761244513.210 108.771 0.10189868 1.09073e-07
1761244513.220 108.813 0.10189868 1.24490e-07
1761244513.230 108.855 0.10192289 7.29880e-08
1761244513.240 108.897 0.10193406 1.16509e-07
1761244513.250 108.939 0.10192010 8.17062e-08
1761244513.260 108.981 0.10195082 1.24446e-07
1761244513.270 109.023 0.10195456 1.68542e-07
1761244513.280 109.065 0.10197037 8.96723e-08
1761244513.290 109.107 0.10200111 1.37351e-07
1761244513.300 109.148 0.10199552 8.37393e-08
1761244513.310 109.190 0.10203184 1.48307e-07
1761244513.320 109.232 0.10204208 1.49209e-07
1761244513.330 109.274 0.10205139 1.19067e-07
1761244513.340 109.316 0.10207001 1.58737e-07
1761244513.350 109.358 0.10208956 1.18325e-07
1761244513.360 109.399 0.10212215 1.89290e-07
1761244513.370 109.441 0.10213239 1.78445e-07
1761244513.380 109.483 0.10218362 1.21222e-07
1761244513.390 109.525 0.10223296 1.63799e-07
1761244513.400 109.566 0.10223669 1.13087e-07
1761244513.410 109.608 0.10230466 1.74783e-07
1761244513.420 109.650 0.10233259 1.59243e-07
1761244513.430 109.692 0.10236983 1.35550e-07
1761244513.440 109.733 0.10239964 1.46027e-07
1761244513.450 109.775 0.10243968 1.29443e-07
1761244513.460 109.817 0.10251602 1.44105e-07
1761244513.470 109.858 0.10254954 1.32606e-07
1761244513.480 109.900 0.10259982 7.33303e-08
1761244513.490 109.941 0.10265756 1.09987e-07
1761244513.500 109.983 0.10268642 5.57233e-08
1761244513.510 110.025 0.10275346 9.40171e-08
