1761221187.613 33.803 0.03268375 7.75700e-10
1761221187.681 33.938 0.03266140 -7.99910e-09
1761221187.731 34.073 0.03264836 -8.00470e-09
1761221187.781 34.206 0.03268282 -7.61860e-09
1761221187.832 34.340 0.03274148 -7.39920e-09
1761221187.882 34.473 0.03286159 -6.60170e-09
1761221187.932 34.605 0.03299754 -7.49610e-09
1761221187.982 34.737 0.03313162 -8.03570e-09
1761221188.032 34.868 0.03327036 -7.99170e-09
1761221188.082 34.999 0.03335323 -8.68360e-09
1761221188.163 35.130 0.03352084 5.00590e-09
1761221188.211 35.260 0.03362326 5.52404e-08
1761221188.265 35.389 0.03371637 9.37610e-08
1761221188.277 35.518 0.03374710 2.56105e-07
1761221188.283 35.646 0.03374710 2.66209e-07
1761221188.293 35.774 0.03375455 4.38153e-07
1761221188.303 35.902 0.03378249 4.27676e-07
1761221188.313 36.029 0.03380762 9.67435e-07
1761221188.323 36.156 0.03381228 9.20903e-07
1761221188.333 36.282 0.03384208 1.27686e-06
1761221188.343 36.408 0.03384022 1.72328e-06
1761221188.353 36.533 0.03386722 2.25960e-06
1761221188.363 36.658 0.03388211 3.09854e-06
1761221188.373 36.783 0.03389701 3.94589e-06
1761221188.383 36.907 0.03393053 4.07604e-06
1761221188.393 37.030 0.03394357 4.05675e-06
1761221188.403 37.154 0.03398454 4.50541e-06
1761221188.413 37.277 0.03402272 4.55518e-06
1761221188.423 37.399 0.03404972 4.14827e-06
1761221188.433 37.521 0.03411024 3.91213e-06
1761221188.443 37.643 0.03415680 2.36812e-06
1761221188.453 37.764 0.03422664 6.72566e-07
1761221188.463 37.885 0.03428995 3.83105e-07
1761221188.473 38.005 0.03437003 1.58523e-07
1761221188.524 38.125 0.03499762 6.59328e-08
1761221188.534 38.245 0.03499762 -7.48790e-09
1761221188.544 38.365 0.03510842 6.61493e-08
1761221188.610 38.484 0.03606935 4.53226e-08
1761221188.660 38.602 0.03662524 4.28385e-08
1761221188.734 38.720 0.03702749 1.83625e-08
1761221188.743 38.838 0.03702749 6.38713e-08
1761221188.791 38.956 0.03703400 5.97137e-08
1761221188.798 39.073 0.03701724 -1.33051e-08
1761221188.846 39.190 0.03696603 4.40784e-08
1761221188.853 39.306 0.03696603 -1.49590e-09
1761221188.863 39.423 0.03694369 4.86243e-08
1761221188.873 39.538 0.03692227 -1.23860e-09
1761221188.883 39.654 0.03694182 4.84753e-08
1761221188.931 39.769 0.03702749 -6.13400e-09
1761221188.936 39.884 0.03702190 1.08641e-08
1761221188.943 39.998 0.03702190 5.61601e-08
1761221189.009 40.112 0.03738225 5.01461e-08
1761221189.059 40.226 0.03770256 4.96799e-08
1761221189.109 40.340 0.03803777 4.94639e-08
1761221189.159 40.453 0.03830780 4.89676e-08
1761221189.209 40.566 0.03844840 4.83414e-08
1761221189.272 40.678 0.03851730 4.68371e-08
1761221189.279 40.791 0.03852103 5.31300e-08
1761221189.327 40.903 0.03855362 5.43320e-08
1761221189.377 41.014 0.03860110 5.56395e-08
1761221189.428 41.125 0.03871098 5.66651e-08
1761221189.477 41.236 0.03885624 5.98213e-08
1761221189.528 41.347 0.03899590 6.67833e-08
1761221189.596 41.458 0.03917375 5.17765e-08
1761221189.603 41.568 0.03917375 6.57860e-09
1761221189.613 41.678 0.03919144 4.91588e-08
1761221189.623 41.787 0.03921565 1.14494e-08
1761221189.633 41.896 0.03924638 4.74806e-08
1761221189.680 42.005 0.03933018 1.76354e-08
1761221189.686 42.114 0.03933111 -2.14710e-09
1761221189.693 42.223 0.03933111 5.43938e-08
1761221189.703 42.331 0.03937488 -7.79860e-09
1761221189.713 42.439 0.03938512 5.21034e-08
1761221189.761 42.546 0.03951548 5.60779e-08
1761221189.833 42.654 0.03991121 -2.02610e-09
1761221189.886 42.761 0.04024083 2.01475e-08
1761221189.893 42.867 0.04031346 4.50102e-08
1761221189.959 42.974 0.04060677 5.43757e-08
1761221189.965 43.080 0.04065146 -1.02872e-08
1761221190.014 43.186 0.04073061 3.68598e-08
1761221190.064 43.292 0.04078647 3.46978e-08
1761221190.114 43.397 0.04085352 3.41524e-08
1761221190.164 43.503 0.04092987 2.84889e-08
1761221190.214 43.608 0.04105464 3.05992e-08
1761221190.264 43.712 0.04116358 2.18315e-08
1761221190.314 43.817 0.04129953 2.71220e-08
1761221190.322 43.921 0.04129953 -4.84250e-09
1761221190.332 44.025 0.04133305 6.37639e-08
1761221190.422 44.129 0.04148855 1.20041e-08
1761221190.429 44.232 0.04152300 5.03273e-08
1761221190.478 44.335 0.04162264 6.61597e-08
1761221190.528 44.438 0.04176696 6.84477e-08
1761221190.578 44.541 0.04192246 7.16868e-08
1761221190.628 44.644 0.04203978 7.14538e-08
1761221190.678 44.746 0.04216735 7.05462e-08
1761221190.729 44.848 0.04227350 6.68828e-08
1761221190.779 44.950 0.04235358 6.48595e-08
1761221190.846 45.052 0.04248300 5.36846e-08
1761221190.852 45.153 0.04246717 1.51412e-08
1761221190.862 45.254 0.04246717 6.25565e-08
1761221190.910 45.355 0.04254353 4.70163e-08
1761221190.980 45.456 0.04270554 5.08299e-08
1761221190.986 45.556 0.04272882 -2.85450e-09
1761221190.992 45.656 0.04272882 6.17057e-08
1761221191.002 45.756 0.04274838 5.16230e-09
1761221191.012 45.856 0.04277445 6.50285e-08
1761221191.062 45.956 0.04292622 6.64510e-08
1761221191.112 46.055 0.04308545 6.34086e-08
1761221191.180 46.154 0.04336199 5.15693e-08
1761221191.230 46.253 0.04359571 5.10838e-08
1761221191.237 46.352 0.04360595 4.49940e-09
1761221191.243 46.451 0.04365903 5.56107e-08
1761221191.252 46.549 0.04365903 -3.59910e-09
1761221191.262 46.647 0.04365437 6.50207e-08
1761221191.310 46.745 0.04379125 4.77045e-08
1761221191.315 46.843 0.04380894 -1.20352e-08
1761221191.363 46.940 0.04389460 5.44780e-08
1761221191.413 47.038 0.04400727 5.34300e-08
1761221191.463 47.135 0.04421398 5.33370e-08
1761221191.472 47.232 0.04421398 1.90412e-08
1761221191.482 47.328 0.04426519 5.99403e-08
1761221191.533 47.425 0.04450450 5.81325e-08
1761221191.581 47.521 0.04463672 4.18270e-09
1761221191.587 47.617 0.04465534 1.30358e-08
1761221191.593 47.713 0.04470748 4.80752e-08
1761221191.602 47.809 0.04470748 -9.07840e-09
1761221191.612 47.904 0.04471866 6.66512e-08
1761221191.659 48.000 0.04485367 5.34367e-08
1761221191.665 48.095 0.04487881 -1.65120e-09
1761221191.672 48.190 0.04487881 8.11300e-09
1761221191.682 48.285 0.04490488 4.60936e-08
1761221191.692 48.379 0.04491792 1.11065e-08
1761221191.702 48.474 0.04495330 3.85940e-08
1761221191.712 48.568 0.04497006 6.64174e-08
1761221191.760 48.662 0.04512370 5.07239e-08
1761221191.766 48.756 0.04518329 -9.98640e-09
1761221191.815 48.849 0.04545891 2.57825e-08
1761221191.864 48.943 0.04578201 3.07748e-08
1761221191.915 49.036 0.04610605 2.88244e-08
1761221191.922 49.129 0.04610605 1.47196e-08
1761221191.931 49.222 0.04616191 5.02831e-08
1761221191.941 49.315 0.04619823 1.13533e-08
1761221191.951 49.408 0.04625875 4.31237e-08
1761221191.961 49.500 0.04630810 6.39583e-08
1761221192.010 49.593 0.04644777 5.01905e-08
1761221192.084 49.685 0.04656696 1.56570e-09
1761221192.133 49.777 0.04671594 -1.35137e-08
1761221192.183 49.868 0.04685468 -1.26966e-08
1761221192.233 49.960 0.04701670 -1.15617e-08
1761221192.283 50.051 0.04710608 -1.10027e-08
1761221192.333 50.143 0.04717685 -1.08716e-08
1761221192.383 50.234 0.04724110 -1.03677e-08
1761221192.433 50.325 0.04732025 -9.66690e-09
1761221192.483 50.415 0.04738263 -9.36780e-09
1761221192.492 50.506 0.04738263 3.51031e-08
1761221192.501 50.597 0.04741988 7.51290e-09
1761221192.550 50.687 0.04753068 -4.43680e-09
1761221192.622 50.777 0.04767780 1.07666e-08
1761221192.631 50.867 0.04767780 6.57258e-08
1761221192.681 50.957 0.04780816 1.29039e-07
1761221192.687 51.046 0.04783889 1.25946e-07
1761221192.694 51.136 0.04786496 1.72519e-07
1761221192.701 51.225 0.04786496 1.75154e-07
1761221192.711 51.314 0.04786961 2.70824e-07
1761221192.721 51.403 0.04792455 3.82876e-07
1761221192.731 51.492 0.04795621 5.09555e-07
1761221192.741 51.581 0.04796180 6.20621e-07
1761221192.751 51.670 0.04799159 8.66246e-07
1761221192.761 51.758 0.04798880 1.01749e-06
1761221192.771 51.846 0.04803349 1.26286e-06
1761221192.781 51.934 0.04805398 1.29848e-06
1761221192.791 52.022 0.04807819 2.24929e-06
1761221192.801 52.110 0.04812382 2.55889e-06
1761221192.811 52.198 0.04813126 3.30033e-06
1761221192.821 52.285 0.04817782 3.43898e-06
1761221192.831 52.373 0.04821134 3.41254e-06
1761221192.841 52.460 0.04824021 3.43382e-06
1761221192.851 52.547 0.04830166 3.35930e-06
1761221192.861 52.634 0.04832680 3.45666e-06
1761221192.871 52.721 0.04839105 3.30660e-06
1761221192.881 52.807 0.04845437 2.70850e-06
1761221192.891 52.894 0.04851768 1.75066e-06
1761221192.901 52.980 0.04858659 1.33973e-06
1761221192.911 53.066 0.04865922 1.01522e-06
1761221192.921 53.153 0.04874954 5.10937e-07
1761221192.931 53.238 0.04883054 2.80851e-07
1761221192.941 53.324 0.04891155 1.36277e-07
1761221192.951 53.410 0.04901305 1.09239e-07
1761221192.961 53.496 0.04909499 7.37120e-08
1761221192.971 53.581 0.04919276 3.37816e-08
1761221192.981 53.666 0.04931101 5.69523e-08
1761221192.991 53.751 0.04940133 9.90710e-09
1761221193.001 53.836 0.04951400 5.05846e-08
1761221193.049 53.921 0.05002891 -4.63420e-09
1761221193.055 54.006 0.05011923 1.10683e-08
1761221193.061 54.090 0.05011923 4.58632e-08
1761221193.109 54.175 0.05054197 6.58131e-08
1761221193.115 54.259 0.05062857 1.00614e-08
1761221193.121 54.343 0.05062857 -1.72900e-10
1761221193.152 54.428 0.05089394 4.81384e-08
1761221193.161 54.511 0.05096284 5.34988e-08
1761221193.208 54.595 0.05112207 7.24036e-08
1761221193.215 54.679 0.05117980 2.39695e-08
1761221193.221 54.763 0.05117980 6.49590e-09
1761221193.231 54.846 0.05121425 5.26828e-08
1761221193.241 54.929 0.05123939 9.64094e-08
1761221193.251 55.012 0.05126173 1.90285e-07
1761221193.261 55.095 0.05126826 3.94254e-07
1761221193.271 55.178 0.05131202 6.55994e-07
1761221193.281 55.261 0.05133436 1.16355e-06
1761221193.291 55.344 0.05134368 1.72349e-06
1761221193.301 55.426 0.05138744 2.94535e-06
1761221193.311 55.509 0.05140886 3.57860e-06
1761221193.321 55.591 0.05144145 3.75320e-06
1761221193.331 55.673 0.05144703 5.93664e-06
1761221193.341 55.755 0.05148056 6.30413e-06
1761221193.351 55.837 0.05151966 9.22118e-06
1761221193.361 55.919 0.05154387 1.20711e-05
1761221193.371 56.001 0.05161371 1.20248e-05
1761221193.381 56.082 0.05163419 1.43568e-05
1761221193.391 56.164 0.05167516 1.11287e-05
1761221193.401 56.245 0.05173662 9.62468e-06
1761221193.411 56.327 0.05178410 1.01106e-05
1761221193.421 56.408 0.05184835 4.98834e-06
1761221193.431 56.489 0.05190142 3.80633e-06
1761221193.441 56.570 0.05197685 6.70101e-07
1761221193.451 56.650 0.05206903 8.24960e-07
1761221193.461 56.731 0.05212210 4.64892e-07
1761221193.471 56.811 0.05222732 6.40900e-07
1761221193.481 56.892 0.05230647 7.57416e-07
1761221193.491 56.972 0.05239772 7.60291e-07
1761221193.501 57.052 0.05249270 6.47856e-07
1761221193.511 57.132 0.05256719 4.65742e-07
1761221193.521 57.212 0.05265192 1.05779e-07
1761221193.531 57.292 0.05274038 9.49256e-08
1761221193.541 57.372 0.05284373 7.03822e-08
1761221193.550 57.452 0.05293685 1.08399e-07
1761221193.561 57.531 0.05302810 1.25412e-07
1761221193.571 57.611 0.05314170 1.58393e-07
1761221193.580 57.690 0.05321339 2.48391e-07
1761221193.590 57.769 0.05331768 1.32293e-07
1761221193.600 57.848 0.05342383 1.18076e-07
1761221193.610 57.927 0.05348249 3.63326e-08
1761221193.620 58.006 0.05358399 -4.32290e-09
1761221193.630 58.085 0.05365848 5.86817e-08
1761221193.698 58.164 0.05419853 1.00241e-07
1761221193.707 58.242 0.05425720 1.08945e-07
1761221193.713 58.321 0.05435497 1.18349e-07
1761221193.720 58.399 0.05435497 8.66213e-08
1761221193.730 58.477 0.05440338 9.63130e-08
1761221193.740 58.555 0.05445367 3.09708e-08
1761221193.750 58.633 0.05450674 6.66914e-08
1761221193.760 58.711 0.05456261 2.94204e-08
1761221193.770 58.789 0.05463430 -3.37470e-09
1761221193.780 58.867 0.05468924 7.19218e-08
1761221193.790 58.944 0.05472835 3.98631e-08
1761221193.800 59.022 0.05478142 7.88127e-08
1761221193.810 59.099 0.05481588 4.54034e-08
1761221193.820 59.177 0.05486709 2.05546e-08
1761221193.830 59.254 0.05489596 9.14652e-08
1761221193.840 59.331 0.05492854 5.58404e-08
1761221193.850 59.408 0.05497975 9.12652e-08
1761221193.860 59.485 0.05501235 4.62594e-08
1761221193.870 59.562 0.05506076 1.25036e-08
1761221193.880 59.638 0.05509615 7.92274e-08
1761221193.890 59.715 0.05513805 3.58242e-08
1761221193.900 59.791 0.05518367 7.15126e-08
1761221193.953 59.868 0.05550398 1.88950e-06
1761221193.960 59.944 0.05550398 3.06692e-06
1761221193.970 60.020 0.05558406 5.15374e-06
1761221193.980 60.097 0.05564365 8.07514e-06
1761221193.990 60.173 0.05572001 1.21977e-05
1761221194.000 60.249 0.05579450 3.16854e-05
1761221194.010 60.324 0.05585968 3.50256e-05
1761221194.020 60.400 0.05595279 3.10104e-05
1761221194.030 60.476 0.05602170 2.97639e-05
1761221194.040 60.551 0.05609898 2.49202e-05
1761221194.050 60.627 0.05616881 7.25012e-06
1761221194.061 60.702 0.05623120 2.64158e-06
1761221194.071 60.777 0.05631779 8.11123e-07
1761221194.080 60.853 0.05637553 7.96406e-07
1761221194.091 60.928 0.05643885 2.34715e-07
1761221194.101 61.003 0.05652451 1.56403e-07
1761221194.114 61.078 0.05663159 5.33970e-08
1761221194.123 61.152 0.05668280 3.91546e-08
1761221194.130 61.227 0.05668280 8.89450e-08
1761221194.181 61.302 0.05699100 3.78343e-07
1761221194.190 61.376 0.05699100 3.98144e-07
1761221194.200 61.451 0.05707201 6.67677e-07
1761221194.254 61.525 0.05740908 1.84037e-06
1761221194.262 61.599 0.05747427 1.74623e-06
1761221194.271 61.674 0.05747427 1.17325e-06
1761221194.280 61.748 0.05752082 7.18686e-07
1761221194.290 61.822 0.05756366 2.94561e-07
1761221194.300 61.896 0.05762045 1.97378e-07
1761221194.312 61.969 0.05772660 3.42143e-07
1761221194.320 62.043 0.05772660 1.51001e-07
1761221194.330 62.117 0.05778061 2.83490e-07
1761221194.340 62.190 0.05783089 2.69807e-07
1761221194.350 62.264 0.05785230 3.21509e-07
1761221194.361 62.337 0.05793797 3.33875e-07
1761221194.370 62.411 0.05793797 1.68406e-07
1761221194.380 62.484 0.05796404 2.17094e-07
1761221194.390 62.557 0.05801526 6.70906e-08
1761221194.400 62.630 0.05807391 9.35568e-08
1761221194.410 62.703 0.05809160 4.03338e-08
1761221194.420 62.776 0.05812513 2.44460e-08
1761221194.430 62.849 0.05815306 9.38895e-08
1761221194.440 62.921 0.05819682 5.39780e-08
1761221194.450 62.994 0.05824804 1.19456e-07
1761221194.460 63.066 0.05826945 5.44165e-08
1761221194.470 63.139 0.05832998 3.87682e-08
1761221194.480 63.211 0.05836071 1.06304e-07
1761221194.490 63.284 0.05843054 5.08931e-08
1761221194.500 63.356 0.05848268 1.05209e-07
1761221194.510 63.428 0.05850037 5.17756e-08
1761221194.520 63.500 0.05859442 2.07603e-08
1761221194.530 63.572 0.05865401 7.13349e-08
1761221194.580 63.644 0.05910468 2.13957e-07
1761221194.590 63.716 0.05910468 2.51080e-07
1761221194.600 63.787 0.05920152 5.36369e-07
1761221194.610 63.859 0.05926949 7.01798e-07
1761221194.620 63.930 0.05935795 7.57046e-07
1761221194.630 64.002 0.05944175 7.22994e-07
1761221194.640 64.073 0.05950227 5.94830e-07
1761221194.650 64.145 0.05958794 3.21876e-07
1761221194.660 64.216 0.05974530 1.27485e-07
1761221194.670 64.287 0.05974530 4.18447e-08
1761221194.680 64.358 0.05980489 1.45005e-07
1761221194.690 64.429 0.05987287 1.17010e-07
1761221194.700 64.500 0.05992967 2.22208e-07
1761221194.711 64.571 0.06005537 5.32476e-07
1761221194.720 64.642 0.06005537 3.40782e-07
1761221194.730 64.712 0.06011124 3.19262e-07
1761221194.740 64.783 0.06014662 2.49320e-07
1761221194.750 64.854 0.06018759 2.58287e-07
1761221194.784 64.924 0.06035426 1.52014e-07
1761221194.807 64.994 0.06042782 5.19375e-08
1761221194.814 65.065 0.06049766 7.46503e-08
1761221194.820 65.135 0.06052373 3.87502e-08
1761221194.830 65.205 0.06052373 8.21934e-08
1761221194.884 65.275 0.06084311 2.32654e-06
1761221194.891 65.345 0.06088780 3.47216e-06
1761221194.900 65.415 0.06088780 5.04779e-06
1761221194.910 65.485 0.06090829 8.08389e-06
1761221194.920 65.555 0.06098557 1.09691e-05
1761221194.930 65.624 0.06104144 2.49373e-05
1761221194.940 65.694 0.06108707 2.20440e-05
1761221194.950 65.764 0.06114573 2.60069e-05
1761221194.960 65.833 0.06118949 2.90054e-05
1761221194.970 65.903 0.06125001 2.71023e-05
1761221194.980 65.972 0.06129937 2.46613e-05
1761221194.990 66.041 0.06133940 2.02276e-05
1761221195.000 66.110 0.06139899 1.13499e-05
1761221195.010 66.179 0.06143810 5.34416e-06
1761221195.020 66.248 0.06148838 2.24470e-06
1761221195.030 66.317 0.06150701 1.38020e-06
1761221195.040 66.386 0.06155636 8.27037e-07
1761221195.050 66.455 0.06160571 5.45222e-07
1761221195.060 66.524 0.06163830 3.54027e-07
1761221195.070 66.593 0.06169044 3.30425e-07
1761221195.080 66.661 0.06172024 1.87514e-07
1761221195.090 66.730 0.06176773 1.29798e-07
1761221195.100 66.798 0.06180963 1.26061e-07
1761221195.110 66.867 0.06184222 4.01370e-08
1761221195.120 66.935 0.06192322 4.31297e-08
1761221195.130 67.003 0.06196606 9.18567e-08
1761221195.180 67.072 0.06234503 3.81187e-07
1761221195.190 67.140 0.06234503 4.03660e-07
1761221195.200 67.208 0.06241207 4.04318e-07
1761221195.210 67.276 0.06248656 2.78861e-07
1761221195.220 67.344 0.06257409 2.36322e-07
1761221195.230 67.412 0.06263461 2.41444e-07
1761221195.240 67.479 0.06269793 1.08716e-07
1761221195.261 67.547 0.06291767 7.55606e-08
1761221195.270 67.615 0.06291767 1.37434e-08
1761221195.280 67.682 0.06296796 9.79472e-08
1761221195.290 67.750 0.06304245 4.25269e-08
1761221195.300 67.817 0.06310111 7.43518e-08
1761221195.310 67.885 0.06314301 4.01987e-08
1761221195.400 67.952 0.06357226 1.22091e-07
1761221195.412 68.019 0.06363558 2.82688e-07
1761221195.420 68.086 0.06363558 3.90051e-07
1761221195.430 68.154 0.06365979 6.13813e-07
1761221195.440 68.221 0.06370355 7.48759e-07
1761221195.449 68.288 0.06375011 1.17085e-06
1761221195.459 68.354 0.06376222 1.34922e-06
1761221195.469 68.421 0.06381156 2.12003e-06
1761221195.479 68.488 0.06384602 2.30998e-06
1761221195.489 68.555 0.06389630 2.33485e-06
1761221195.499 68.622 0.06391306 2.19583e-06
1761221195.509 68.688 0.06391771 2.05867e-06
1761221195.519 68.755 0.06397079 2.05596e-06
1761221195.529 68.821 0.06399407 2.07753e-06
1761221195.539 68.888 0.06402293 2.17161e-06
1761221195.549 68.954 0.06404155 1.77997e-06
1761221195.559 69.020 0.06405925 1.54894e-06
1761221195.569 69.086 0.06409184 1.23129e-06
1761221195.579 69.152 0.06410580 8.52523e-07
1761221195.589 69.219 0.06415702 4.28546e-07
1761221195.599 69.285 0.06419985 3.02999e-07
1761221195.609 69.351 0.06421847 2.46069e-07
1761221195.619 69.416 0.06426689 1.53777e-07
1761221195.629 69.482 0.06429203 1.43534e-07
1761221195.639 69.548 0.06436466 9.96422e-08
1761221195.649 69.614 0.06443263 1.11061e-07
1761221195.659 69.679 0.06447453 5.80564e-08
1761221195.669 69.745 0.06453692 8.42402e-08
1761221195.679 69.811 0.06457416 1.08395e-07
1761221195.689 69.876 0.06465145 4.87567e-08
1761221195.699 69.941 0.06470824 1.04569e-07
1761221195.709 70.007 0.06476039 7.73890e-08
1761221195.719 70.072 0.06485164 1.36074e-07
1761221195.729 70.137 0.06492800 1.73716e-07
1761221195.739 70.202 0.06499969 1.51778e-07
1761221195.749 70.267 0.06506860 2.42267e-07
1761221195.759 70.333 0.06514030 2.88561e-07
1761221195.769 70.398 0.06522875 1.88382e-07
1761221195.781 70.462 0.06536469 2.88873e-07
1761221195.789 70.527 0.06536469 2.00910e-07
1761221195.799 70.592 0.06544757 1.85216e-07
1761221195.809 70.657 0.06550623 9.23366e-08
1761221195.819 70.721 0.06559562 6.75432e-08
1761221195.829 70.786 0.06564869 8.73539e-08
1761221195.877 70.851 0.06599228 4.94450e-08
1761221195.883 70.915 0.06605094 -2.10892e-08
1761221195.957 70.980 0.06647461 1.73551e-08
1761221195.967 71.044 0.06652210 6.19058e-08
1761221195.975 71.108 0.06656027 4.50296e-08
1761221195.981 71.173 0.06660776 5.87125e-08
1761221195.989 71.237 0.06660776 3.39353e-08
1761221195.999 71.301 0.06664501 5.82179e-08
1761221196.009 71.365 0.06667853 1.25462e-08
1761221196.019 71.429 0.06672602 6.77539e-08
1761221196.029 71.493 0.06672509 8.72201e-08
1761221196.080 71.557 0.06687127 1.14975e-07
1761221196.089 71.621 0.06687127 4.18879e-08
1761221196.099 71.685 0.06688989 8.02320e-08
1761221196.109 71.748 0.06690200 3.71031e-08
1761221196.119 71.812 0.06693832 8.65576e-08
1761221196.129 71.876 0.06694856 9.35776e-08
1761221196.139 71.939 0.06698301 2.81888e-08
1761221196.149 72.003 0.06700349 8.03844e-08
1761221196.159 72.066 0.06701839 2.69979e-08
1761221196.169 72.130 0.06704633 8.18502e-08
1761221196.179 72.193 0.06706122 8.51472e-08
1761221196.189 72.256 0.06711988 2.02882e-08
1761221196.199 72.320 0.06714689 7.37514e-08
1761221196.209 72.383 0.06720369 2.07064e-08
1761221196.219 72.446 0.06725397 7.00808e-08
1761221196.229 72.509 0.06727818 7.14133e-08
1761221196.276 72.572 0.06752958 8.88848e-08
1761221196.283 72.635 0.06758266 3.01643e-08
1761221196.289 72.698 0.06758266 2.57104e-08
1761221196.299 72.761 0.06764598 8.47464e-08
1761221196.309 72.824 0.06768416 7.32824e-08
1761221196.319 72.886 0.06773164 3.88459e-07
1761221196.329 72.949 0.06778471 7.42958e-07
1761221196.339 73.012 0.06787969 1.26435e-06
1761221196.349 73.074 0.06791973 2.95020e-06
1761221196.359 73.137 0.06796815 3.70009e-06
1761221196.369 73.199 0.06804078 6.21280e-06
1761221196.379 73.262 0.06808454 1.15970e-05
1761221196.389 73.324 0.06814600 2.02852e-05
1761221196.399 73.387 0.06821024 2.62198e-05
1761221196.409 73.449 0.06825866 3.76507e-05
1761221196.419 73.511 0.06832850 4.39951e-05
1761221196.429 73.573 0.06835271 4.32383e-05
1761221196.439 73.635 0.06841323 4.33348e-05
1761221196.449 73.697 0.06847748 3.98036e-05
1761221196.459 73.759 0.06851752 3.62945e-05
1761221196.513 73.821 0.06881176 2.50052e-06
1761221196.520 73.883 0.06886017 1.60340e-06
1761221196.529 73.945 0.06886017 1.24428e-06
1761221196.539 74.007 0.06890953 8.87803e-07
1761221196.549 74.069 0.06895608 4.57880e-07
1761221196.559 74.130 0.06901568 2.67261e-07
1761221196.569 74.192 0.06907620 1.90458e-07
1761221196.579 74.254 0.06911158 1.27456e-07
1761221196.589 74.315 0.06917583 6.48078e-08
1761221196.599 74.377 0.06919818 1.31344e-07
1761221196.609 74.438 0.06925125 3.01768e-08
1761221196.619 74.500 0.06933878 6.48044e-08
1761221196.629 74.561 0.06936113 6.22595e-08
1761221196.639 74.622 0.06942351 2.84100e-09
1761221196.649 74.683 0.06946821 6.77747e-08
1761221196.659 74.745 0.06950080 2.44298e-08
1761221196.669 74.806 0.06955107 5.72538e-08
1761221196.679 74.867 0.06956412 4.14796e-08
1761221196.689 74.928 0.06962557 8.55590e-09
1761221196.699 74.989 0.06966467 5.65638e-08
1761221196.709 75.050 0.06970565 1.65071e-08
1761221196.719 75.111 0.06975872 5.68058e-08
1761221196.729 75.172 0.06979317 3.72764e-08
1761221196.739 75.232 0.06985276 8.29070e-09
1761221196.749 75.293 0.06989839 6.21627e-08
1761221196.759 75.354 0.06993657 1.92536e-08
1761221196.769 75.415 0.06999429 5.43166e-08
1761221196.779 75.475 0.07004551 4.25283e-08
1761221196.789 75.536 0.07009020 1.23090e-09
1761221196.799 75.596 0.07013676 5.72961e-08
1761221196.809 75.657 0.07019449 2.24593e-08
1761221196.819 75.717 0.07026153 5.66947e-08
1761221196.829 75.777 0.07029785 3.94933e-08
1761221196.839 75.838 0.07037699 6.34920e-09
1761221196.849 75.898 0.07042169 6.62551e-08
1761221196.859 75.958 0.07048780 2.15327e-08
1761221196.869 76.018 0.07054366 4.93886e-08
1761221196.917 76.078 0.07088073 2.87826e-08
1761221196.923 76.139 0.07092450 2.21188e-08
1761221196.929 76.199 0.07100458 5.50118e-08
1761221196.977 76.259 0.07123736 9.11790e-08
1761221196.984 76.319 0.07130906 2.97872e-08
1761221196.990 76.378 0.07135375 3.39527e-08
1761221196.999 76.438 0.07135375 8.29974e-08
1761221197.009 76.498 0.07139286 4.10663e-08
1761221197.019 76.558 0.07146921 7.06549e-08
1761221197.066 76.617 0.07165637 7.61938e-08
1761221197.073 76.677 0.07167965 2.16197e-08
1761221197.079 76.737 0.07167965 6.45428e-08
1761221197.088 76.796 0.07173272 1.65175e-08
1761221197.098 76.856 0.07177183 8.11669e-08
1761221197.108 76.915 0.07178580 5.11501e-08
1761221197.118 76.975 0.07182398 9.74185e-08
1761221197.128 77.034 0.07182863 7.63252e-08
1761221197.138 77.093 0.07188171 4.05516e-08
1761221197.148 77.153 0.07189847 1.26233e-07
1761221197.158 77.212 0.07191895 6.65022e-08
1761221197.168 77.271 0.07194316 1.06969e-07
1761221197.178 77.330 0.07195713 6.21207e-08
1761221197.188 77.389 0.07198879 6.73184e-08
1761221197.198 77.448 0.07200089 1.18421e-07
1761221197.208 77.507 0.07204186 7.67411e-08
1761221197.218 77.566 0.07208004 1.25993e-07
1761221197.228 77.625 0.07209680 8.62744e-08
1761221197.238 77.684 0.07213963 6.64761e-08
1761221197.248 77.743 0.07217874 1.43096e-07
1761221197.258 77.802 0.07223647 8.66705e-08
1761221197.268 77.861 0.07229885 1.42828e-07
1761221197.278 77.919 0.07231841 1.24854e-07
1761221197.288 77.978 0.07236403 9.56208e-08
1761221197.298 78.037 0.07241618 1.51697e-07
1761221197.308 78.095 0.07246180 1.16155e-07
1761221197.318 78.154 0.07252605 1.57748e-07
1761221197.328 78.212 0.07257540 1.04765e-07
1761221197.338 78.271 0.07265921 6.96902e-08
1761221197.348 78.329 0.07269459 1.43679e-07
1761221197.358 78.387 0.07275231 6.76746e-08
1761221197.368 78.446 0.07283984 9.39543e-08
1761221197.378 78.504 0.07288640 3.54057e-08
1761221197.388 78.562 0.07296461 6.39690e-09
1761221197.398 78.620 0.07302700 6.86334e-08
1761221197.408 78.678 0.07308287 3.63157e-08
1761221197.418 78.736 0.07316201 9.41265e-08
1761221197.428 78.794 0.07320206 6.43085e-08
1761221197.438 78.853 0.07328027 7.91147e-08
1761221197.448 78.910 0.07333893 2.78634e-07
1761221197.458 78.968 0.07340038 2.84565e-07
1761221197.468 79.026 0.07348233 4.63028e-07
1761221197.478 79.084 0.07352702 8.57489e-07
1761221197.488 79.142 0.07359499 1.29434e-06
1761221197.498 79.200 0.07364621 1.91339e-06
1761221197.508 79.257 0.07370673 3.01739e-06
1761221197.518 79.315 0.07376539 4.11104e-06
1761221197.528 79.373 0.07380915 4.61977e-06
1761221197.538 79.430 0.07388365 4.58451e-06
1761221197.548 79.488 0.07392461 4.68109e-06
1761221197.558 79.545 0.07396744 3.93054e-06
1761221197.568 79.603 0.07401866 3.24897e-06
1761221197.622 79.660 0.07431849 2.46521e-07
1761221197.628 79.718 0.07431849 2.21970e-07
1761221197.639 79.775 0.07438366 1.20270e-07
1761221197.648 79.832 0.07443115 1.27318e-07
1761221197.658 79.889 0.07447491 8.33690e-08
1761221197.668 79.947 0.07452706 1.01049e-07
1761221197.678 80.004 0.07456430 4.46752e-08
1761221197.688 80.061 0.07463787 2.58970e-09
1761221197.698 80.118 0.07468163 6.29829e-08
1761221197.746 80.175 0.07488275 5.01547e-08
1761221197.796 80.232 0.07507364 4.01882e-08
1761221197.846 80.289 0.07523938 4.23712e-08
1761221197.890 80.346 0.07539022 1.16779e-08
1761221197.904 80.403 0.07542654 6.11150e-09
1761221197.911 80.460 0.07545633 4.89617e-08
1761221197.918 80.516 0.07545633 -1.27258e-08
1761221197.928 80.573 0.07544795 -5.45770e-09
1761221197.938 80.630 0.07549451 -2.22538e-08
1761221197.948 80.687 0.07550661 4.83529e-08
1761221197.958 80.743 0.07553082 -1.55170e-09
1761221197.968 80.800 0.07552710 5.06190e-08
1761221197.978 80.856 0.07552524 -1.22672e-08
1761221197.988 80.913 0.07556527 -2.78253e-08
1761221197.998 80.969 0.07556248 3.66163e-08
1761221198.008 81.026 0.07556807 -6.11250e-09
1761221198.018 81.082 0.07557645 4.48903e-08
1761221198.037 81.139 0.07561276 -9.14550e-09
1761221198.080 81.195 0.07572916 9.16487e-09
1761221198.088 81.251 0.07572916 -5.25865e-09
1761221198.098 81.308 0.07575336 2.56561e-09
1761221198.108 81.364 0.07581389 -5.09163e-09
1761221198.118 81.420 0.07584834 1.17747e-08
1761221198.128 81.476 0.07587814 -3.56684e-09
1761221198.176 81.532 0.07613233 1.65033e-08
1761221198.189 81.588 0.07624128 4.01793e-08
1761221198.198 81.644 0.07624128 8.18763e-08
1761221198.208 81.700 0.07628039 5.38982e-08
1761221198.218 81.756 0.07631763 9.69980e-08
1761221198.228 81.812 0.07637350 1.05203e-07
1761221198.238 81.868 0.07644520 3.96283e-08
1761221198.248 81.924 0.07645544 1.00852e-07
1761221198.258 81.980 0.07649454 6.63869e-08
1761221198.268 82.035 0.07656345 9.98513e-08
1761221198.278 82.091 0.07657462 6.88021e-08
1761221198.288 82.147 0.07662956 1.50265e-08
1761221198.298 82.202 0.07665563 8.00836e-08
1761221198.346 82.258 0.07680461 6.02678e-08
1761221198.396 82.314 0.07697594 5.46700e-08
1761221198.446 82.369 0.07715845 5.85146e-08
1761221198.514 82.425 0.07742475 5.51107e-08
1761221198.564 82.480 0.07749366 5.34085e-08
1761221198.632 82.535 0.07755976 5.86180e-08
1761221198.639 82.591 0.07754859 2.29946e-08
1761221198.648 82.646 0.07754859 6.56785e-08
1761221198.727 82.701 0.07759421 7.60338e-08
1761221198.734 82.757 0.07760167 5.87718e-08
1761221198.740 82.812 0.07759142 2.51143e-08
1761221198.748 82.867 0.07759142 9.42292e-08
1761221198.800 82.922 0.07768919 1.23360e-07
1761221198.813 82.977 0.07771340 2.15767e-07
1761221198.822 83.032 0.07774134 1.92879e-07
1761221198.830 83.088 0.07776927 1.89890e-07
1761221198.838 83.143 0.07776927 2.30586e-07
1761221198.848 83.198 0.07775996 4.29120e-07
1761221198.858 83.252 0.07777392 4.82960e-07
1761221198.868 83.307 0.07778789 4.57065e-07
1761221198.878 83.362 0.07781955 4.92375e-07
1761221198.888 83.417 0.07787449 5.93921e-07
1761221198.897 83.472 0.07787169 8.33752e-07
1761221198.907 83.527 0.07788938 1.00885e-06
1761221198.917 83.581 0.07792756 1.14624e-06
1761221198.927 83.636 0.07795829 1.18152e-06
1761221198.937 83.691 0.07799926 1.44456e-06
1761221198.947 83.745 0.07802160 1.28941e-06
1761221198.957 83.800 0.07805327 1.99320e-06
1761221198.967 83.854 0.07808027 1.96922e-06
1761221198.977 83.909 0.07811099 1.94348e-06
1761221198.987 83.963 0.07815569 2.52446e-06
1761221198.997 84.018 0.07817431 3.26105e-06
1761221199.007 84.072 0.07821994 4.75373e-06
1761221199.017 84.127 0.07828605 5.38422e-06
1761221199.027 84.181 0.07830840 5.56754e-06
1761221199.037 84.235 0.07836240 9.02645e-06
1761221199.047 84.289 0.07839034 1.14638e-05
1761221199.057 84.344 0.07845365 1.21926e-05
1761221199.067 84.398 0.07851883 2.11209e-05
1761221199.077 84.452 0.07855794 2.30021e-05
1761221199.087 84.506 0.07862498 3.49307e-05
1761221199.097 84.560 0.07867712 3.86840e-05
1761221199.107 84.614 0.07872554 4.73024e-05
1761221199.117 84.668 0.07877396 4.81698e-05
1761221199.127 84.722 0.07883356 6.01634e-05
1761221199.137 84.776 0.07888197 5.57366e-05
1761221199.147 84.830 0.07894157 4.99840e-05
1761221199.157 84.884 0.07901419 4.46556e-05
1761221199.167 84.938 0.07905610 3.99932e-05
1761221199.177 84.992 0.07910172 4.35198e-05
1761221199.187 85.045 0.07917714 2.63717e-05
1761221199.197 85.099 0.07921253 1.08390e-05
1761221199.207 85.153 0.07926747 4.93097e-06
1761221199.217 85.207 0.07934009 3.09242e-06
1761221199.227 85.260 0.07938665 2.08462e-06
1761221199.264 85.314 0.07960174 4.40103e-07
1761221199.271 85.367 0.07965854 3.16051e-07
1761221199.277 85.421 0.07965854 3.43900e-07
1761221199.287 85.474 0.07971907 1.66368e-07
1761221199.297 85.528 0.07973862 1.44525e-07
1761221199.307 85.581 0.07980286 5.49500e-08
1761221199.317 85.635 0.07985501 6.11764e-08
1761221199.327 85.688 0.07989412 1.13498e-08
1761221199.337 85.742 0.07993881 6.66133e-08
1761221199.347 85.795 0.07998537 1.01813e-07
1761221199.395 85.848 0.08018184 6.06843e-08
1761221199.402 85.901 0.08024701 -4.98120e-09
1761221199.450 85.955 0.08044162 5.82111e-08
1761221199.500 86.008 0.08061854 4.73768e-08
1761221199.550 86.061 0.08078614 5.92150e-08
1761221199.558 86.114 0.08078614 6.17300e-09
1761221199.568 86.167 0.08081408 5.80123e-08
1761221199.577 86.220 0.08080942 1.54100e-08
1761221199.587 86.273 0.08083177 4.78555e-08
1761221199.635 86.326 0.08091650 -1.86330e-09
1761221199.685 86.379 0.08097144 1.65420e-09
1761221199.736 86.432 0.08102545 -1.10120e-09
1761221199.802 86.485 0.08120050 -9.65810e-09
1761221199.853 86.538 0.08129361 -1.50371e-08
1761221199.863 86.591 0.08128896 3.75080e-08
1761221199.911 86.643 0.08135321 5.57399e-08
1761221199.918 86.696 0.08135228 3.24595e-08
1761221199.966 86.749 0.08139790 5.23246e-08
1761221200.016 86.801 0.08144911 5.18591e-08
1761221200.066 86.854 0.08150498 5.33179e-08
1761221200.116 86.907 0.08158133 5.38153e-08
1761221200.166 86.959 0.08166048 5.25485e-08
1761221200.217 87.012 0.08175359 5.20999e-08
1761221200.267 87.064 0.08177128 5.06730e-08
1761221200.356 87.117 0.08185881 -8.67940e-09
1761221200.363 87.169 0.08186347 4.40276e-08
1761221200.411 87.222 0.08192399 5.82869e-08
1761221200.419 87.274 0.08193144 -1.08870e-08
1761221200.467 87.327 0.08197986 4.28696e-08
1761221200.477 87.379 0.08197986 -5.75030e-09
1761221200.487 87.431 0.08200034 3.34717e-08
1761221200.536 87.484 0.08204224 -1.38839e-08
1761221200.586 87.536 0.08210742 -1.41033e-08
1761221200.636 87.588 0.08222474 -1.36113e-08
1761221200.686 87.640 0.08231693 -1.30128e-08
1761221200.736 87.692 0.08238490 -9.97210e-09
1761221200.786 87.744 0.08245660 -5.27670e-09
1761221200.837 87.797 0.08248640 5.88180e-09
1761221200.843 87.849 0.08248919 4.52111e-08
1761221200.850 87.901 0.08251154 7.29135e-08
1761221200.857 87.953 0.08251154 3.91175e-08
1761221200.886 88.005 0.08253574 6.88541e-08
1761221200.898 88.057 0.08255996 6.88811e-08
1761221200.948 88.108 0.08260186 1.15420e-07
1761221200.957 88.160 0.08260186 4.29238e-08
1761221200.966 88.212 0.08260186 9.25182e-08
1761221200.976 88.264 0.08262141 6.67537e-08
1761221200.986 88.316 0.08264282 1.25379e-07
1761221200.996 88.368 0.08264376 6.82844e-08
1761221201.006 88.419 0.08269404 5.43476e-08
1761221201.016 88.471 0.08269497 1.36356e-07
1761221201.026 88.523 0.08271825 1.05620e-07
1761221201.036 88.574 0.08276480 1.50222e-07
1761221201.046 88.626 0.08277318 1.30482e-07
1761221201.056 88.677 0.08280391 1.13404e-07
1761221201.066 88.729 0.08282626 1.82412e-07
1761221201.076 88.780 0.08286071 1.80777e-07
1761221201.086 88.832 0.08290075 1.42329e-07
1761221201.096 88.883 0.08290168 2.14933e-07
1761221201.106 88.935 0.08295569 2.09839e-07
1761221201.116 88.986 0.08297338 3.03131e-07
1761221201.126 89.038 0.08300876 3.39022e-07
1761221201.136 89.089 0.08305159 4.79911e-07
1761221201.146 89.140 0.08307673 5.09278e-07
1761221201.156 89.192 0.08311678 5.57200e-07
1761221201.166 89.243 0.08315681 8.03782e-07
1761221201.176 89.294 0.08320895 8.02488e-07
1761221201.186 89.345 0.08325924 9.14464e-07
1761221201.196 89.396 0.08328251 1.04215e-06
1761221201.206 89.447 0.08334397 1.23014e-06
1761221201.216 89.499 0.08337935 1.56452e-06
1761221201.226 89.550 0.08341660 1.87260e-06
1761221201.236 89.601 0.08349295 2.01013e-06
1761221201.246 89.652 0.08351623 2.09659e-06
1761221201.256 89.703 0.08356465 2.14365e-06
1761221201.266 89.754 0.08362145 1.96640e-06
1761221201.276 89.805 0.08367825 1.81388e-06
1761221201.286 89.855 0.08371642 1.96238e-06
1761221201.296 89.906 0.08375832 1.54309e-06
1761221201.306 89.957 0.08383281 1.36424e-06
1761221201.316 90.008 0.08388682 1.18018e-06
1761221201.326 90.059 0.08393245 7.99075e-07
1761221201.336 90.110 0.08398831 5.31274e-07
1761221201.346 90.160 0.08402370 3.37000e-07
1761221201.356 90.211 0.08409446 1.32047e-07
1761221201.366 90.262 0.08414102 1.44428e-07
1761221201.376 90.312 0.08418851 8.79576e-08
1761221201.386 90.363 0.08424252 1.10569e-07
1761221201.396 90.413 0.08426486 4.52762e-08
1761221201.446 90.464 0.08451720 3.39316e-08
1761221201.452 90.515 0.08457959 3.54570e-09
1761221201.500 90.565 0.08479933 5.30776e-08
1761221201.507 90.615 0.08484309 7.64520e-09
1761221201.516 90.666 0.08484309 5.38453e-08
1761221201.564 90.716 0.08502001 5.17195e-08
1761221201.632 90.767 0.08522021 4.91226e-08
1761221201.682 90.817 0.08528818 5.79672e-08
1761221201.732 90.867 0.08535801 5.93804e-08
1761221201.782 90.918 0.08539153 5.95355e-08
1761221201.832 90.968 0.08542040 6.09156e-08
1761221201.882 91.018 0.08547813 6.24299e-08
1761221201.932 91.068 0.08552934 6.30667e-08
1761221202.019 91.119 0.08564667 1.91041e-08
1761221202.026 91.169 0.08564667 1.40231e-08
1761221202.036 91.219 0.08565318 7.16363e-08
1761221202.046 91.269 0.08565039 3.06580e-08
1761221202.056 91.319 0.08567367 2.67600e-10
1761221202.066 91.369 0.08567646 6.30667e-08
1761221202.114 91.419 0.08572581 5.01791e-08
1761221202.120 91.469 0.08572674 -5.65400e-09
1761221202.169 91.519 0.08579844 2.65881e-08
1761221202.219 91.569 0.08588690 2.34107e-08
1761221202.269 91.619 0.08602284 -3.26190e-09
1761221202.319 91.669 0.08612341 1.76420e-09
1761221202.369 91.719 0.08619324 1.25160e-09
1761221202.419 91.769 0.08624073 1.84750e-09
1761221202.470 91.818 0.08626680 -1.28650e-09
1761221202.556 91.868 0.08631150 2.09298e-08
1761221202.566 91.918 0.08631150 6.61011e-08
1761221202.634 91.968 0.08640740 5.59202e-08
1761221202.641 92.017 0.08640181 1.19808e-08
1761221202.647 92.067 0.08643068 6.08430e-08
1761221202.655 92.117 0.08643068 -6.86190e-09
1761221202.665 92.166 0.08642882 6.96742e-08
1761221202.713 92.216 0.08648375 6.57214e-08
1761221202.720 92.266 0.08650703 1.47790e-09
1761221202.786 92.315 0.08659083 3.42912e-08
1761221202.796 92.365 0.08659083 2.16968e-08
1761221202.806 92.414 0.08661970 3.08767e-08
1761221202.816 92.464 0.08661504 7.87973e-08
1761221202.864 92.513 0.08672678 7.37970e-08
1761221202.871 92.562 0.08677613 1.38647e-08
1761221202.877 92.612 0.08681151 4.34108e-08
1761221202.885 92.661 0.08681151 7.86117e-08
1761221202.895 92.710 0.08680965 1.63103e-08
1761221202.905 92.760 0.08685434 6.82192e-08
1761221202.915 92.809 0.08686552 7.83717e-08
1761221202.963 92.858 0.08694932 7.92274e-08
1761221202.970 92.908 0.08699588 1.33204e-08
1761221203.018 92.957 0.08709179 6.13582e-08
1761221203.026 93.006 0.08709179 1.49442e-08
1761221203.035 93.055 0.08711227 5.90290e-08
1761221203.045 93.104 0.08713648 1.36420e-08
1761221203.055 93.153 0.08718956 6.27673e-08
1761221203.084 93.202 0.08726125 7.06962e-08
1761221203.095 93.251 0.08733109 6.63298e-08
1761221203.105 93.300 0.08733109 5.12855e-08
1761221203.153 93.349 0.08745679 -4.53600e-10
1761221203.203 93.398 0.08757132 1.64700e-09
1761221203.253 93.447 0.08770913 1.32920e-09
1761221203.321 93.496 0.08785346 9.69200e-09
1761221203.328 93.545 0.08786370 7.16906e-08
1761221203.335 93.594 0.08786370 6.48773e-08
1761221203.345 93.643 0.08785997 2.46905e-08
1761221203.355 93.692 0.08788977 6.81545e-08
1761221203.365 93.740 0.08788511 6.86731e-08
1761221203.413 93.789 0.08793446 7.98559e-08
1761221203.420 93.838 0.08795494 5.20720e-09
1761221203.469 93.887 0.08800709 4.89711e-08
1761221203.476 93.935 0.08801454 2.18031e-08
1761221203.485 93.984 0.08801454 5.91684e-08
1761221203.495 94.033 0.08802292 2.04189e-08
1761221203.505 94.081 0.08804899 2.37943e-08
1761221203.553 94.130 0.08817469 3.71100e-09
1761221203.627 94.178 0.08838234 2.07564e-08
1761221203.635 94.227 0.08838234 6.67953e-08
1761221203.645 94.275 0.08840469 5.45550e-09
1761221203.655 94.324 0.08843728 4.68058e-08
1761221203.706 94.372 0.08854342 -8.44870e-09
1761221203.715 94.421 0.08854342 6.47138e-08
1761221203.763 94.469 0.08864492 6.26386e-08
1761221203.770 94.518 0.08865982 1.02856e-08
1761221203.818 94.566 0.08873523 5.08859e-08
1761221203.825 94.614 0.08873523 5.55710e-09
1761221203.835 94.663 0.08873896 4.99205e-08
1761221203.883 94.711 0.08881438 4.78365e-08
1761221203.933 94.759 0.08890657 4.90075e-08
1761221203.983 94.807 0.08898571 5.80097e-08
1761221204.033 94.856 0.08908069 7.55544e-08
1761221204.085 94.904 0.08918684 8.66190e-08
1761221204.095 94.952 0.08921198 9.36178e-08
1761221204.105 95.000 0.08921198 1.13379e-07
1761221204.115 95.048 0.08920919 1.26767e-07
1761221204.125 95.096 0.08922408 7.31295e-08
1761221204.135 95.144 0.08921198 1.23263e-07
1761221204.182 95.192 0.08926412 1.37878e-07
1761221204.189 95.240 0.08926971 1.51217e-07
1761221204.199 95.288 0.08928740 2.21667e-07
1761221204.209 95.336 0.08928740 1.62334e-07
1761221204.217 95.384 0.08930696 2.43490e-07
1761221204.224 95.432 0.08930696 1.88511e-07
1761221204.234 95.480 0.08931068 2.55429e-07
1761221204.244 95.528 0.08934699 2.37365e-07
1761221204.254 95.576 0.08936096 2.72630e-07
1761221204.264 95.624 0.08934699 3.13688e-07
1761221204.274 95.671 0.08939168 2.54353e-07
1761221204.284 95.719 0.08940100 3.47099e-07
1761221204.294 95.767 0.08942242 3.90573e-07
1761221204.304 95.815 0.08946245 4.19911e-07
1761221204.314 95.862 0.08947363 4.71983e-07
1761221204.324 95.910 0.08951460 5.21429e-07
1761221204.334 95.958 0.08955464 6.90185e-07
1761221204.344 96.005 0.08957512 6.80871e-07
1761221204.354 96.053 0.08960585 1.07918e-06
1761221204.364 96.101 0.08962633 1.27400e-06
1761221204.374 96.148 0.08968686 1.40374e-06
1761221204.384 96.196 0.08971944 1.83095e-06
1761221204.394 96.243 0.08976693 2.00118e-06
1761221204.404 96.291 0.08982746 2.39110e-06
1761221204.414 96.338 0.08984981 2.62506e-06
1761221204.424 96.386 0.08990009 2.92982e-06
1761221204.434 96.433 0.08993361 3.62755e-06
1761221204.444 96.480 0.08997085 3.98219e-06
1761221204.454 96.528 0.09003882 5.32842e-06
1761221204.464 96.575 0.09008818 5.97021e-06
1761221204.474 96.623 0.09013939 6.44128e-06
1761221204.484 96.670 0.09017943 7.07012e-06
1761221204.494 96.717 0.09024367 7.22232e-06
1761221204.504 96.764 0.09029116 7.29658e-06
1761221204.514 96.812 0.09031817 6.67584e-06
1761221204.524 96.859 0.09039918 6.96076e-06
1761221204.534 96.906 0.09043921 6.30494e-06
1761221204.544 96.953 0.09048297 5.27575e-06
1761221204.554 97.000 0.09053419 5.18900e-06
1761221204.564 97.047 0.09056492 4.77556e-06
1761221204.574 97.095 0.09064593 3.66703e-06
1761221204.584 97.142 0.09067665 2.36537e-06
1761221204.594 97.189 0.09071203 1.87322e-06
1761221204.604 97.236 0.09077908 1.18948e-06
1761221204.614 97.283 0.09081446 4.56187e-07
1761221204.624 97.330 0.09085636 2.48029e-07
1761221204.634 97.377 0.09090012 2.67301e-07
1761221204.644 97.424 0.09094203 1.43448e-07
1761221204.654 97.471 0.09098951 1.59152e-07
1761221204.664 97.517 0.09101186 8.18839e-08
1761221204.750 97.564 0.09142808 6.19487e-08
1761221204.793 97.611 0.09156402 1.04495e-08
1761221204.808 97.658 0.09163293 8.54650e-09
1761221204.814 97.705 0.09163293 4.38741e-08
1761221204.824 97.752 0.09167669 -2.22816e-08
1761221204.834 97.798 0.09170835 4.42174e-08
1761221204.844 97.845 0.09173349 2.88100e-09
1761221204.854 97.892 0.09175677 6.14634e-08
1761221204.864 97.939 0.09179122 -2.31540e-09
1761221204.874 97.985 0.09181636 -2.16721e-08
1761221204.884 98.032 0.09182381 4.33885e-08
1761221204.894 98.078 0.09183126 -7.73400e-10
1761221204.904 98.125 0.09185174 4.96572e-08
1761221204.914 98.172 0.09185640 -5.14250e-09
1761221204.924 98.218 0.09187875 -2.46087e-08
1761221204.934 98.265 0.09187782 4.03040e-08
1761221204.944 98.311 0.09190295 -2.18530e-09
1761221204.954 98.358 0.09190854 4.94692e-08
1761221204.964 98.404 0.09189737 -9.65590e-09
1761221204.974 98.451 0.09193089 -2.43459e-08
1761221204.984 98.497 0.09194858 3.81381e-08
1761221204.994 98.544 0.09197093 -6.06800e-09
1761221205.004 98.590 0.09198676 4.16664e-08
1761221205.014 98.636 0.09200166 -1.30997e-08
1761221205.024 98.683 0.09204355 -2.50949e-08
1761221205.034 98.729 0.09205753 3.62629e-08
1761221205.044 98.775 0.09209943 -7.45830e-09
1761221205.054 98.822 0.09214319 4.25424e-08
1761221205.064 98.868 0.09217578 -1.86280e-08
1761221205.105 98.914 0.09240670 -7.96952e-09
1761221205.114 98.960 0.09240670 -1.44121e-08
1761221205.124 99.006 0.09248212 -8.34891e-09
1761221205.134 99.053 0.09251844 -7.42950e-09
1761221205.144 99.099 0.09256592 -1.97309e-08
1761221205.154 99.145 0.09261900 -3.45520e-09
1761221205.168 99.191 0.09274191 -1.13719e-08
1761221205.175 99.237 0.09278008 -5.52125e-08
1761221205.184 99.283 0.09278008 -2.15034e-08
1761221205.194 99.329 0.09282571 -5.07399e-08
1761221205.204 99.375 0.09287599 -1.38308e-08
1761221205.214 99.421 0.09292628 -6.55512e-08
1761221205.224 99.467 0.09297469 -8.67269e-08
1761221205.300 99.513 0.09326241 1.55495e-08
1761221205.307 99.559 0.09328848 -3.68570e-08
1761221205.349 99.605 0.09340581 -2.58320e-09
1761221205.355 99.651 0.09341884 -9.69273e-09
1761221205.364 99.697 0.09341884 -1.18697e-08
1761221205.374 99.743 0.09345702 6.42524e-09
1761221205.384 99.788 0.09346540 6.38493e-09
1761221205.394 99.834 0.09351196 6.56603e-09
1761221205.407 99.880 0.09354548 1.14412e-08
1761221205.414 99.926 0.09354548 6.50775e-08
1761221205.424 99.971 0.09359297 1.43862e-08
1761221205.434 100.017 0.09357993 6.94729e-08
1761221205.482 100.063 0.09367583 5.77898e-08
1761221205.488 100.109 0.09371122 7.63630e-09
1761221205.495 100.154 0.09374008 4.97404e-08
1761221205.504 100.200 0.09374008 6.27026e-08
1761221205.514 100.246 0.09373543 1.61880e-08
1761221205.524 100.291 0.09378198 2.08129e-08
1761221205.534 100.337 0.09377919 7.02945e-08
1761221205.582 100.382 0.09391420 4.98515e-08
1761221205.632 100.428 0.09410043 4.93422e-08
1761221205.682 100.473 0.09426431 4.87680e-08
1761221205.750 100.519 0.09445892 6.94960e-08
1761221205.852 100.564 0.09454831 5.68646e-08
1761221205.859 100.610 0.09453807 6.63090e-09
1761221205.866 100.655 0.09455762 5.37160e-08
1761221205.932 100.701 0.09456227 5.32445e-08
1761221205.982 100.746 0.09459859 5.06112e-08
1761221206.032 100.791 0.09463584 5.43334e-08
1761221206.082 100.837 0.09470940 5.25238e-08
1761221206.132 100.882 0.09478016 5.26371e-08
1761221206.182 100.927 0.09484162 5.64509e-08
1761221206.232 100.973 0.09486862 5.53954e-08
1761221206.283 101.018 0.09492076 6.31201e-08
1761221206.333 101.063 0.09496639 6.46291e-08
1761221206.429 101.108 0.09502691 7.99810e-08
1761221206.438 101.154 0.09504833 1.25772e-08
1761221206.444 101.199 0.09506043 4.39559e-08
1761221206.453 101.244 0.09506043 9.87953e-08
1761221206.463 101.289 0.09506788 3.72667e-08
1761221206.473 101.334 0.09509209 8.27232e-08
1761221206.483 101.379 0.09509395 9.97437e-08
1761221206.493 101.424 0.09510978 4.10301e-08
1761221206.503 101.470 0.09510513 9.82132e-08
1761221206.513 101.515 0.09509954 5.45094e-08
1761221206.523 101.560 0.09512748 1.11649e-07
1761221206.533 101.605 0.09511909 1.39265e-07
1761221206.543 101.650 0.09513493 7.78980e-08
1761221206.553 101.695 0.09513493 1.60540e-07
1761221206.563 101.740 0.09513679 1.30375e-07
1761221206.573 101.784 0.09518614 1.50667e-07
1761221206.583 101.829 0.09518707 1.97912e-07
1761221206.593 101.874 0.09519452 2.04332e-07
1761221206.603 101.919 0.09520290 2.57758e-07
1761221206.613 101.964 0.09523641 3.12250e-07
1761221206.623 102.009 0.09526249 3.17187e-07
1761221206.633 102.054 0.09528204 4.11190e-07
1761221206.643 102.098 0.09532301 4.01586e-07
1761221206.653 102.143 0.09535281 5.55080e-07
1761221206.663 102.188 0.09537795 5.88301e-07
1761221206.673 102.233 0.09542637 8.24621e-07
1761221206.683 102.277 0.09546734 1.05773e-06
1761221206.693 102.322 0.09550179 1.52567e-06
1761221206.703 102.367 0.09555207 1.87799e-06
1761221206.713 102.411 0.09559397 2.85420e-06
1761221206.723 102.456 0.09564425 3.12702e-06
1761221206.733 102.501 0.09568523 3.73519e-06
1761221206.743 102.545 0.09574668 5.46307e-06
1761221206.753 102.590 0.09578951 6.87579e-06
1761221206.763 102.634 0.09582210 8.56252e-06
1761221206.773 102.679 0.09588915 1.26235e-05
1761221206.783 102.723 0.09591615 2.09370e-05
1761221206.793 102.768 0.09598225 2.40800e-05
1761221206.803 102.812 0.09602975 2.92500e-05
1761221206.813 102.857 0.09606326 3.34121e-05
1761221206.823 102.901 0.09612751 3.97564e-05
1761221206.833 102.946 0.09616010 4.53852e-05
1761221206.843 102.990 0.09621597 5.41100e-05
1761221206.853 103.035 0.09626067 6.42742e-05
1761221206.863 103.079 0.09628953 7.26666e-05
1761221206.873 103.123 0.09634354 8.03266e-05
1761221206.883 103.168 0.09636868 9.72061e-05
1761221206.893 103.212 0.09643572 9.35823e-05
1761221206.903 103.256 0.09647296 9.37276e-05
1761221206.913 103.300 0.09650928 1.00300e-04
1761221206.923 103.345 0.09655491 8.78726e-05
1761221206.933 103.389 0.09658936 7.94670e-05
1761221206.982 103.433 0.09678303 6.25602e-05
1761221206.988 103.477 0.09683331 4.53089e-05
1761221206.994 103.521 0.09685566 4.08648e-05
1761221207.003 103.566 0.09685566 3.25426e-05
1761221207.013 103.610 0.09689663 2.36782e-05
1761221207.023 103.654 0.09695436 1.31203e-05
1761221207.033 103.698 0.09696646 8.58998e-06
1761221207.043 103.742 0.09702699 4.15527e-06
1761221207.053 103.786 0.09705678 2.20961e-06
1761221207.063 103.830 0.09707075 8.75127e-07
1761221207.073 103.874 0.09711731 4.96190e-07
1761221207.083 103.918 0.09714338 2.00232e-07
1761221207.093 103.962 0.09719180 7.93007e-08
1761221207.103 104.006 0.09722625 8.62446e-08
1761221207.113 104.050 0.09724767 7.24877e-08
1761221207.123 104.094 0.09728491 6.43900e-09
1761221207.133 104.138 0.09730912 7.53710e-08
1761221207.183 104.182 0.09751583 4.34290e-08
1761221207.235 104.226 0.09767878 1.21995e-07
1761221207.283 104.270 0.09786780 5.69814e-08
1761221207.351 104.313 0.09803541 6.74756e-08
1761221207.401 104.357 0.09810338 6.90816e-08
1761221207.451 104.401 0.09811828 6.41158e-08
1761221207.534 104.445 0.09814156 7.50251e-08
1761221207.583 104.489 0.09815832 6.06931e-08
1761221207.633 104.532 0.09818904 4.93549e-08
1761221207.683 104.576 0.09824398 4.95394e-08
1761221207.733 104.620 0.09831661 4.77954e-08
1761221207.783 104.664 0.09835572 4.93303e-08
1761221207.833 104.707 0.09839762 4.98636e-08
1761221207.884 104.751 0.09844697 5.03108e-08
1761221207.934 104.794 0.09848235 5.00098e-08
1761221207.984 104.838 0.09852146 4.98617e-08
1761221208.034 104.882 0.09856895 4.84775e-08
1761221208.107 104.925 0.09862202 1.15757e-08
1761221208.158 104.969 0.09866951 2.48672e-08
1761221208.165 105.012 0.09867882 6.17809e-08
1761221208.172 105.056 0.09867882 -2.43270e-09
1761221208.220 105.099 0.09872165 5.33060e-08
1761221208.227 105.143 0.09870955 1.16868e-08
1761221208.234 105.186 0.09872631 5.59177e-08
1761221208.282 105.230 0.09874586 7.02800e-08
1761221208.288 105.273 0.09877007 2.06200e-09
1761221208.337 105.317 0.09882966 5.66219e-08
1761221208.343 105.360 0.09884735 1.26666e-08
1761221208.352 105.404 0.09884735 5.95431e-08
1761221208.363 105.447 0.09886132 2.47639e-08
1761221208.373 105.490 0.09887995 5.59330e-08
1761221208.383 105.534 0.09889857 3.43331e-08
1761221208.392 105.577 0.09892650 -3.79570e-09
1761221208.403 105.620 0.09893209 5.51517e-08
1761221208.413 105.663 0.09894606 2.87126e-08
1761221208.423 105.707 0.09896468 5.59700e-08
1761221208.471 105.750 0.09905872 2.80927e-08
1761221208.477 105.793 0.09906338 1.24093e-08
1761221208.484 105.836 0.09910808 5.31045e-08
1761221208.532 105.880 0.09921795 5.71040e-08
1761221208.539 105.923 0.09927102 -1.49764e-08
1761221208.580 105.966 0.09935110 2.24773e-09
1761221208.587 106.009 0.09941255 1.39795e-08
1761221208.593 106.052 0.09943770 -1.28124e-08
1761221208.602 106.095 0.09943770 -1.42202e-09
1761221208.612 106.138 0.09944235 -1.78607e-08
1761221208.667 106.181 0.09960157 -2.26693e-08
1761221208.676 106.224 0.09960716 -7.43140e-08
1761221208.724 106.268 0.09971145 -4.79088e-08
1761221208.775 106.311 0.09979898 -4.23630e-08
1761221208.825 106.354 0.09987161 -3.35051e-08
1761221208.886 106.397 0.09998334 -4.84503e-09
1761221208.893 106.439 0.09997682 -2.02147e-08
1761221208.902 106.482 0.09997682 -9.13880e-09
1761221208.912 106.525 0.10000290 -1.79611e-08
1761221208.922 106.568 0.10002245 4.82970e-10
1761221208.932 106.611 0.09999638 -1.91404e-08
1761221208.942 106.654 0.10000942 -1.15587e-08
1761221208.952 106.697 0.10002152 -1.72417e-09
1761221208.962 106.740 0.10002431 -1.32439e-08
1761221208.972 106.783 0.10004666 8.85640e-10
1761221208.982 106.825 0.10005783 -1.62773e-08
1761221208.992 106.868 0.10007832 1.55608e-09
1761221209.002 106.911 0.10006714 -4.34567e-09
1761221209.012 106.954 0.10007832 -1.02801e-08
1761221209.022 106.996 0.10008390 3.55488e-09
1761221209.032 107.039 0.10010159 -1.41881e-08
1761221209.042 107.082 0.10012766 3.20695e-09
1761221209.052 107.125 0.10012301 -1.18360e-10
1761221209.062 107.167 0.10013977 -8.42924e-09
1761221209.072 107.210 0.10015746 5.74184e-09
1761221209.082 107.253 0.10020216 -1.09369e-08
1761221209.092 107.295 0.10023661 6.11173e-09
1761221209.102 107.338 0.10024127 -1.59944e-09
1761221209.112 107.380 0.10027944 -6.49712e-09
1761221209.122 107.423 0.10031389 5.67973e-09
1761221209.132 107.465 0.10033996 -9.57834e-09
1761221209.142 107.508 0.10038931 7.05557e-09
1761221209.152 107.551 0.10041912 5.05692e-09
1761221209.162 107.593 0.10047033 -3.09825e-09
1761221209.172 107.636 0.10053830 8.66911e-09
1761221209.216 107.678 0.10075897 5.79562e-09
1761221209.223 107.720 0.10079063 -6.45960e-10
1761221209.232 107.763 0.10079063 -5.94368e-09
1761221209.242 107.805 0.10083998 1.20318e-08
1761221209.252 107.848 0.10088468 6.05553e-09
1761221209.262 107.890 0.10093031 5.01080e-10
1761221209.272 107.932 0.10097779 1.24554e-08
1761221209.282 107.975 0.10103086 -3.60703e-09
1761221209.292 108.017 0.10108488 1.34180e-08
1761221209.302 108.059 0.10110908 6.02141e-09
1761221209.312 108.102 0.10114540 2.71059e-09
1761221209.322 108.144 0.10119381 1.49043e-08
1761221209.332 108.186 0.10122082 -1.30622e-09
1761221209.342 108.229 0.10127482 1.76597e-08
1761221209.352 108.271 0.10129811 1.17380e-08
1761221209.362 108.313 0.10132697 6.33631e-09
1761221209.372 108.355 0.10135211 1.73556e-08
1761221209.382 108.397 0.10138284 1.97419e-09
1761221209.395 108.440 0.10144336 -4.29000e-10
1761221209.402 108.482 0.10144336 3.21169e-08
1761221209.412 108.524 0.10145732 -6.04100e-10
1761221209.422 108.566 0.10149364 3.45006e-08
1761221209.469 108.608 0.10164262 6.70755e-08
1761221209.476 108.650 0.10165379 3.81801e-08
1761221209.482 108.692 0.10170500 7.67061e-08
1761221209.491 108.734 0.10170500 1.19901e-08
1761221209.501 108.776 0.10173202 8.97391e-08
1761221209.511 108.818 0.10176367 4.95459e-08
1761221209.521 108.860 0.10180557 9.47954e-08
1761221209.531 108.902 0.10184282 6.18089e-08
1761221209.541 108.944 0.10188471 9.78642e-08
1761221209.551 108.986 0.10191079 1.44830e-07
1761221209.561 109.028 0.10196387 9.36191e-08
1761221209.571 109.070 0.10199739 1.41513e-07
1761221209.581 109.112 0.10201508 1.10723e-07
1761221209.591 109.154 0.10205511 1.49543e-07
1761221209.601 109.196 0.10209422 1.95318e-07
1761221209.611 109.238 0.10213333 1.46847e-07
1761221209.621 109.280 0.10216405 1.97540e-07
1761221209.631 109.321 0.10218920 1.71526e-07
1761221209.641 109.363 0.10224227 1.61188e-07
1761221209.651 109.405 0.10226928 2.35975e-07
1761221209.661 109.447 0.10229907 1.57811e-07
1761221209.671 109.489 0.10233631 2.21612e-07
1761221209.683 109.530 0.10239964 2.12219e-07
1761221209.692 109.572 0.10243130 1.96804e-07
1761221209.701 109.614 0.10243130 2.46528e-07
1761221209.711 109.655 0.10247599 1.36614e-07
1761221209.721 109.697 0.10250113 1.85446e-07
1761221209.767 109.739 0.10269480 1.53648e-07
1761221209.774 109.781 0.10271808 5.84170e-08
1761221209.782 109.822 0.10271808 1.10729e-07
1761221209.792 109.864 0.10278326 4.73107e-08
1761221209.802 109.905 0.10279536 9.07614e-08
1761221209.850 109.947 0.10300021 5.10272e-08
1761221209.856 109.989 0.10305609 -1.16949e-08
1761221209.904 110.030 0.10321996 3.03338e-08
