1761205763.180 33.801 0.03265302 -8.33560e-09
1761205763.230 33.936 0.03263626 -7.16200e-09
1761205763.298 34.071 0.03262509 -9.80640e-09
1761205763.348 34.205 0.03268002 -8.50800e-09
1761205763.398 34.338 0.03274799 -7.56420e-09
1761205763.405 34.471 0.03277686 6.46828e-08
1761205763.411 34.603 0.03277686 4.39299e-08
1761205763.459 34.735 0.03285973 5.48875e-08
1761205763.509 34.867 0.03302268 5.57248e-08
1761205763.559 34.997 0.03319121 5.79066e-08
1761205763.609 35.128 0.03338116 6.13410e-08
1761205763.660 35.258 0.03358601 6.30053e-08
1761205763.739 35.387 0.03377876 9.65419e-07
1761205763.746 35.516 0.03381321 1.37837e-06
1761205763.752 35.645 0.03383183 2.00941e-06
1761205763.761 35.773 0.03383183 2.65101e-06
1761205763.771 35.900 0.03385232 4.48215e-06
1761205763.781 36.027 0.03388211 4.58759e-06
1761205763.791 36.154 0.03386629 5.57852e-06
1761205763.801 36.280 0.03389795 6.65554e-06
1761205763.811 36.406 0.03391471 9.77761e-06
1761205763.821 36.531 0.03392588 1.09956e-05
1761205763.831 36.656 0.03395381 1.11739e-05
1761205763.841 36.781 0.03396033 1.19678e-05
1761205763.851 36.905 0.03397802 1.16983e-05
1761205763.861 37.029 0.03398547 1.08946e-05
1761205763.871 37.152 0.03400689 1.02151e-05
1761205763.881 37.275 0.03405437 9.54546e-06
1761205763.891 37.397 0.03406834 8.36201e-06
1761205763.901 37.519 0.03411024 7.28505e-06
1761205763.911 37.641 0.03413818 5.30955e-06
1761205763.921 37.762 0.03419498 2.84237e-06
1761205763.931 37.883 0.03426574 1.20557e-06
1761205763.941 38.003 0.03432627 8.23099e-07
1761205763.951 38.124 0.03442869 3.72383e-07
1761205763.961 38.243 0.03451715 2.09822e-07
1761205763.971 38.363 0.03460188 1.12150e-07
1761205763.981 38.482 0.03471362 1.09973e-07
1761205763.991 38.600 0.03480859 6.44264e-08
1761205764.001 38.718 0.03495944 1.07949e-08
1761205764.011 38.836 0.03509073 6.09818e-08
1761205764.021 38.954 0.03521271 2.01232e-08
1761205764.031 39.071 0.03536448 5.18009e-08
1761205764.041 39.188 0.03549763 4.87087e-08
1761205764.051 39.304 0.03563079 -1.72660e-09
1761205764.061 39.421 0.03578349 5.99475e-08
1761205764.071 39.536 0.03591571 2.48577e-08
1761205764.081 39.652 0.03605166 6.08671e-08
1761205764.091 39.767 0.03619971 4.16136e-08
1761205764.101 39.882 0.03634403 1.69410e-09
1761205764.111 39.996 0.03649115 5.51303e-08
1761205764.159 40.110 0.03711781 5.27538e-08
1761205764.209 40.224 0.03765135 6.24203e-08
1761205764.278 40.338 0.03821468 4.52416e-08
1761205764.329 40.451 0.03842512 2.76161e-08
1761205764.335 40.564 0.03844933 1.84877e-08
1761205764.342 40.676 0.03846516 4.28095e-08
1761205764.390 40.788 0.03847447 5.80566e-08
1761205764.396 40.900 0.03849216 -9.34820e-09
1761205764.444 41.012 0.03849216 4.32331e-08
1761205764.451 41.123 0.03848844 1.04590e-09
1761205764.461 41.234 0.03848844 4.77314e-08
1761205764.509 41.345 0.03858248 4.93796e-08
1761205764.559 41.456 0.03874450 5.03541e-08
1761205764.609 41.566 0.03902291 5.85752e-08
1761205764.677 41.676 0.03936277 5.54758e-08
1761205764.745 41.785 0.03957786 4.59783e-08
1761205764.751 41.894 0.03958997 4.00890e-09
1761205764.761 42.003 0.03958997 4.77520e-08
1761205764.771 42.112 0.03960580 1.49515e-08
1761205764.781 42.220 0.03963653 5.28222e-08
1761205764.831 42.329 0.03967936 4.78859e-08
1761205764.879 42.436 0.03974174 -1.69000e-11
1761205764.929 42.544 0.03986652 -3.74780e-09
1761205764.979 42.651 0.04006857 -7.04410e-09
1761205765.030 42.758 0.04028180 -7.06220e-09
1761205765.079 42.865 0.04044754 -6.84790e-09
1761205765.084 42.972 0.04046896 1.19883e-08
1761205765.090 43.078 0.04046896 4.95925e-08
1761205765.100 43.184 0.04050527 -1.05080e-08
1761205765.110 43.290 0.04051738 5.64660e-08
1761205765.158 43.395 0.04060770 4.31948e-08
1761205765.208 43.500 0.04071012 4.39980e-08
1761205765.259 43.605 0.04083396 4.56154e-08
1761205765.309 43.710 0.04104906 4.75526e-08
1761205765.382 43.815 0.04137123 1.17582e-08
1761205765.390 43.919 0.04137123 6.48157e-08
1761205765.400 44.023 0.04141592 -1.05000e-08
1761205765.410 44.126 0.04142896 5.16004e-08
1761205765.458 44.230 0.04155094 4.57908e-08
1761205765.508 44.333 0.04161798 5.03291e-08
1761205765.559 44.436 0.04170830 5.26177e-08
1761205765.609 44.539 0.04184611 5.67400e-08
1761205765.659 44.641 0.04200254 5.95799e-08
1761205765.709 44.744 0.04215710 6.05129e-08
1761205765.759 44.846 0.04226232 6.29753e-08
1761205765.809 44.948 0.04235264 6.30233e-08
1761205765.859 45.049 0.04242248 6.62192e-08
1761205765.919 45.151 0.04251745 1.16973e-08
1761205765.926 45.252 0.04253887 6.14527e-08
1761205765.991 45.353 0.04269158 4.68635e-08
1761205766.042 45.453 0.04276514 4.96375e-08
1761205766.092 45.554 0.04287594 5.68007e-08
1761205766.142 45.654 0.04298768 5.74503e-08
1761205766.192 45.754 0.04311059 6.12542e-08
1761205766.242 45.854 0.04320091 6.70697e-08
1761205766.293 45.954 0.04328564 6.63543e-08
1761205766.343 46.053 0.04337410 6.48346e-08
1761205766.393 46.152 0.04345418 5.90052e-08
1761205766.458 46.251 0.04355381 4.56826e-08
1761205766.508 46.350 0.04365716 4.46885e-08
1761205766.560 46.448 0.04373445 5.63581e-08
1761205766.609 46.547 0.04384060 5.32643e-08
1761205766.616 46.645 0.04383129 2.04695e-08
1761205766.622 46.743 0.04385922 6.08177e-08
1761205766.630 46.840 0.04385922 1.38001e-08
1761205766.677 46.938 0.04394768 4.98125e-08
1761205766.684 47.035 0.04395233 -2.52510e-09
1761205766.690 47.132 0.04398492 5.03700e-08
1761205766.738 47.229 0.04404172 7.16802e-08
1761205766.745 47.326 0.04407804 6.57830e-09
1761205766.752 47.422 0.04409945 1.64321e-08
1761205766.759 47.519 0.04409945 4.46567e-08
1761205766.825 47.615 0.04440486 5.82976e-08
1761205766.875 47.711 0.04467024 5.80198e-08
1761205766.925 47.806 0.04495144 6.23748e-08
1761205766.995 47.902 0.04522985 7.00390e-09
1761205767.002 47.997 0.04524940 1.39150e-08
1761205767.010 48.092 0.04524940 6.58497e-08
1761205767.058 48.187 0.04534624 5.69289e-08
1761205767.108 48.282 0.04537976 5.70912e-08
1761205767.158 48.377 0.04540769 5.80115e-08
1761205767.208 48.471 0.04550919 5.94003e-08
1761205767.259 48.565 0.04564793 6.07548e-08
1761205767.309 48.659 0.04574942 6.57142e-08
1761205767.359 48.753 0.04586488 6.96509e-08
1761205767.409 48.847 0.04595427 7.08517e-08
1761205767.459 48.940 0.04603621 6.92510e-08
1761205767.533 49.034 0.04616564 1.70940e-08
1761205767.540 49.127 0.04619264 4.73127e-08
1761205767.589 49.220 0.04625410 5.72349e-08
1761205767.596 49.313 0.04628203 -8.54400e-09
1761205767.645 49.405 0.04635745 2.50740e-09
1761205767.695 49.498 0.04644870 -6.26900e-10
1761205767.745 49.590 0.04656137 -2.27380e-09
1761205767.795 49.682 0.04670849 -6.65400e-09
1761205767.845 49.774 0.04683885 -4.00390e-09
1761205767.896 49.866 0.04693848 -5.84280e-09
1761205767.963 49.957 0.04705487 -7.14280e-09
1761205768.013 50.049 0.04713123 -6.58680e-09
1761205768.101 50.140 0.04723738 9.34250e-09
1761205768.109 50.231 0.04723738 4.77507e-08
1761205768.157 50.322 0.04731373 4.86498e-08
1761205768.207 50.413 0.04738170 4.52309e-08
1761205768.257 50.504 0.04744222 4.78769e-08
1761205768.307 50.594 0.04755117 4.83060e-08
1761205768.358 50.684 0.04762845 4.73974e-08
1761205768.408 50.774 0.04775229 5.61607e-08
1761205768.460 50.864 0.04786775 6.61310e-07
1761205768.469 50.954 0.04786775 3.45146e-07
1761205768.479 51.044 0.04788544 5.41376e-07
1761205768.489 51.133 0.04788824 6.75964e-07
1761205768.499 51.223 0.04792734 9.02385e-07
1761205768.509 51.312 0.04794690 1.28556e-06
1761205768.519 51.401 0.04794876 1.69620e-06
1761205768.528 51.490 0.04795435 3.16446e-06
1761205768.538 51.578 0.04795900 3.29645e-06
1761205768.548 51.667 0.04800090 3.45626e-06
1761205768.558 51.755 0.04801767 5.03012e-06
1761205768.568 51.844 0.04803536 7.94228e-06
1761205768.578 51.932 0.04804653 6.21836e-06
1761205768.588 52.020 0.04805584 7.57634e-06
1761205768.598 52.107 0.04808471 1.01958e-05
1761205768.608 52.195 0.04811264 1.07519e-05
1761205768.657 52.283 0.04831470 9.06857e-06
1761205768.663 52.370 0.04838639 7.79937e-06
1761205768.669 52.457 0.04844226 5.96259e-06
1761205768.678 52.544 0.04844226 3.44472e-06
1761205768.688 52.631 0.04850278 1.89626e-06
1761205768.698 52.718 0.04858752 1.29879e-06
1761205768.708 52.805 0.04864618 9.78675e-07
1761205768.718 52.891 0.04873557 3.77337e-07
1761205768.728 52.978 0.04882216 8.24917e-08
1761205768.738 53.064 0.04890317 7.02289e-08
1761205768.748 53.150 0.04900094 4.47565e-08
1761205768.758 53.236 0.04908940 7.78834e-08
1761205768.806 53.322 0.04952796 4.67929e-08
1761205768.813 53.407 0.04960525 -1.07422e-08
1761205768.861 53.493 0.05000098 1.74227e-08
1761205768.911 53.578 0.05030639 2.08606e-08
1761205768.918 53.663 0.05030639 9.04220e-09
1761205768.928 53.749 0.05034271 6.18444e-08
1761205768.938 53.834 0.05039671 2.31290e-08
1761205768.948 53.918 0.05046934 3.16081e-08
1761205768.958 54.003 0.05048610 7.38087e-08
1761205769.006 54.088 0.05063508 5.84339e-08
1761205769.013 54.172 0.05065650 1.12203e-08
1761205769.020 54.257 0.05065371 4.43733e-08
1761205769.028 54.341 0.05065371 7.05734e-08
1761205769.038 54.425 0.05065557 3.28151e-08
1761205769.048 54.509 0.05071236 3.76528e-08
1761205769.058 54.593 0.05071796 7.44865e-08
1761205769.109 54.676 0.05086601 6.47830e-08
1761205769.187 54.760 0.05116863 4.15670e-08
1761205769.210 54.843 0.05133623 1.17747e-06
1761205769.219 54.926 0.05133623 1.48071e-06
1761205769.229 55.010 0.05139024 3.20064e-06
1761205769.238 55.093 0.05144796 6.28757e-06
1761205769.248 55.176 0.05152059 1.31515e-05
1761205769.258 55.258 0.05154573 2.48956e-05
1761205769.268 55.341 0.05160347 3.18283e-05
1761205769.278 55.424 0.05163698 3.16032e-05
1761205769.288 55.506 0.05167423 3.26694e-05
1761205769.298 55.588 0.05173475 4.84135e-05
1761205769.308 55.671 0.05175803 2.92320e-05
1761205769.318 55.753 0.05179248 1.83792e-05
1761205769.328 55.835 0.05182508 9.23244e-06
1761205769.338 55.916 0.05183997 4.59492e-06
1761205769.348 55.998 0.05187908 2.12435e-06
1761205769.358 56.080 0.05188094 1.19030e-06
1761205769.368 56.161 0.05192284 1.02884e-06
1761205769.378 56.242 0.05195543 1.06951e-06
1761205769.388 56.324 0.05197592 1.86560e-06
1761205769.398 56.405 0.05201968 1.67865e-06
1761205769.408 56.486 0.05204668 2.06375e-06
1761205769.418 56.567 0.05210907 1.88177e-06
1761205769.428 56.647 0.05215283 1.95181e-06
1761205769.438 56.728 0.05219287 2.42820e-06
1761205769.448 56.809 0.05225525 2.52601e-06
1761205769.458 56.889 0.05230275 1.78150e-06
1761205769.468 56.969 0.05238189 1.01078e-06
1761205769.478 57.049 0.05244428 4.27881e-07
1761205769.490 57.130 0.05262026 1.83922e-07
1761205769.498 57.210 0.05268451 1.49546e-07
1761205769.508 57.289 0.05268451 1.12548e-07
1761205769.518 57.369 0.05278135 6.31933e-08
1761205769.528 57.449 0.05285677 1.76738e-07
1761205769.538 57.528 0.05292940 3.38782e-07
1761205769.548 57.608 0.05305417 3.11516e-07
1761205769.558 57.687 0.05312400 3.70549e-07
1761205769.568 57.766 0.05323481 2.64723e-07
1761205769.578 57.845 0.05332420 1.05934e-07
1761205769.588 57.924 0.05341545 3.18666e-08
1761205769.598 58.003 0.05353836 3.79797e-08
1761205769.608 58.082 0.05360633 6.68831e-08
1761205769.676 58.161 0.05421064 1.76516e-07
1761205769.685 58.239 0.05427489 1.72048e-07
1761205769.691 58.318 0.05436893 1.77040e-07
1761205769.698 58.396 0.05436893 7.30453e-08
1761205769.708 58.474 0.05442107 7.89891e-08
1761205769.759 58.552 0.05480470 8.30581e-08
1761205769.768 58.630 0.05480470 1.38321e-07
1761205769.778 58.708 0.05484474 1.62741e-07
1761205769.788 58.786 0.05487267 1.17546e-07
1761205769.798 58.864 0.05492668 8.72418e-08
1761205769.808 58.941 0.05495182 1.45899e-07
1761205769.818 59.019 0.05499651 8.73385e-08
1761205769.828 59.096 0.05501607 1.12207e-07
1761205769.838 59.174 0.05504680 4.71093e-08
1761205769.848 59.251 0.05508590 2.03565e-08
1761205769.858 59.328 0.05509801 1.02254e-07
1761205769.868 59.405 0.05511757 5.41483e-08
1761205769.878 59.482 0.05513991 1.18354e-07
1761205769.888 59.559 0.05516412 7.84588e-08
1761205769.898 59.635 0.05521068 7.44900e-08
1761205769.908 59.712 0.05523489 3.10755e-07
1761205769.918 59.788 0.05527306 1.07234e-06
1761205769.928 59.865 0.05528796 1.86991e-06
1761205769.938 59.941 0.05530938 1.60426e-06
1761205769.948 60.017 0.05537083 4.96593e-06
1761205769.958 60.094 0.05540342 7.33806e-06
1761205769.968 60.170 0.05548257 1.57153e-05
1761205769.978 60.245 0.05551609 2.37489e-05
1761205769.988 60.321 0.05556544 3.20177e-05
1761205769.998 60.397 0.05565390 5.20142e-05
1761205770.008 60.473 0.05570977 7.22782e-05
1761205770.018 60.548 0.05577029 9.68411e-05
1761205770.028 60.624 0.05584478 9.00906e-05
1761205770.038 60.699 0.05590624 9.68239e-05
1761205770.048 60.774 0.05599190 8.02874e-05
1761205770.058 60.850 0.05607477 3.87626e-05
1761205770.068 60.925 0.05617533 8.26456e-06
1761205770.078 61.000 0.05625262 1.78599e-06
1761205770.088 61.075 0.05633921 5.60071e-07
1761205770.098 61.149 0.05644723 2.31403e-07
1761205770.108 61.224 0.05649471 9.33933e-08
1761205770.158 61.299 0.05703663 2.01586e-07
1761205770.168 61.373 0.05703663 2.65332e-07
1761205770.178 61.448 0.05710647 6.91643e-07
1761205770.188 61.522 0.05719585 4.39824e-06
1761205770.197 61.596 0.05730014 6.25168e-06
1761205770.208 61.670 0.05735136 5.66967e-06
1761205770.217 61.745 0.05740908 5.99054e-06
1761205770.227 61.819 0.05748451 4.86019e-06
1761205770.237 61.892 0.05754969 2.40073e-06
1761205770.247 61.966 0.05763442 4.46281e-07
1761205770.257 62.040 0.05766701 8.34776e-07
1761205770.287 62.114 0.05781878 5.47030e-07
1761205770.311 62.187 0.05794821 2.67553e-07
1761205770.318 62.261 0.05794821 5.86766e-07
1761205770.328 62.334 0.05797987 4.30951e-07
1761205770.337 62.407 0.05800688 2.42432e-07
1761205770.347 62.481 0.05806647 1.19077e-07
1761205770.357 62.554 0.05811116 8.68866e-08
1761205770.410 62.627 0.05834767 8.23490e-08
1761205770.420 62.700 0.05839236 1.86140e-07
1761205770.427 62.773 0.05839236 1.31496e-07
1761205770.437 62.845 0.05841751 9.78059e-08
1761205770.447 62.918 0.05848082 7.79048e-08
1761205770.457 62.991 0.05851248 9.30364e-08
1761205770.526 63.063 0.05886258 1.52571e-07
1761205770.535 63.136 0.05889425 1.97143e-07
1761205770.544 63.208 0.05896222 3.02666e-07
1761205770.551 63.280 0.05898829 5.08707e-07
1761205770.557 63.353 0.05898829 7.20395e-07
1761205770.567 63.425 0.05904602 8.72431e-07
1761205770.577 63.497 0.05910468 1.58764e-06
1761205770.587 63.569 0.05914286 1.77113e-06
1761205770.597 63.640 0.05919314 1.84960e-06
1761205770.607 63.712 0.05921176 1.94734e-06
1761205770.617 63.784 0.05924714 1.70490e-06
1761205770.627 63.856 0.05930580 1.47053e-06
1761205770.637 63.927 0.05933653 1.00869e-06
1761205770.647 63.999 0.05938216 6.23522e-07
1761205770.665 64.070 0.05946131 1.21406e-07
1761205770.671 64.141 0.05948365 1.32638e-07
1761205770.677 64.213 0.05948365 1.32883e-07
1761205770.687 64.284 0.05949389 9.20628e-08
1761205770.698 64.355 0.05955535 1.44612e-07
1761205770.708 64.426 0.05958794 1.08303e-07
1761205770.717 64.497 0.05968385 1.37063e-07
1761205770.728 64.568 0.05968385 1.82521e-07
1761205770.737 64.638 0.05979651 2.82808e-07
1761205770.747 64.709 0.05979651 2.62097e-07
1761205770.757 64.780 0.05983003 4.14247e-07
1761205770.767 64.850 0.05989801 6.74200e-07
1761205770.777 64.921 0.05996505 9.08978e-07
1761205770.787 64.991 0.06002650 3.55084e-07
1761205770.797 65.061 0.06010100 4.60724e-07
1761205770.807 65.132 0.06014383 2.48139e-07
1761205770.863 65.202 0.06059729 1.78156e-07
1761205770.872 65.272 0.06068947 5.81301e-07
1761205770.878 65.342 0.06075652 1.11291e-06
1761205770.887 65.412 0.06075652 1.49710e-06
1761205770.897 65.482 0.06084962 3.51582e-06
1761205770.907 65.551 0.06089898 8.89391e-06
1761205770.917 65.621 0.06099395 1.95273e-05
1761205770.927 65.691 0.06106938 5.39032e-05
1761205770.937 65.760 0.06113269 5.97867e-05
1761205770.947 65.830 0.06120718 7.08221e-05
1761205770.957 65.899 0.06127515 8.10174e-05
1761205770.967 65.968 0.06134406 6.66091e-05
1761205770.977 66.038 0.06140831 4.91142e-05
1761205770.987 66.107 0.06144183 3.02335e-05
1761205770.997 66.176 0.06150701 7.89125e-06
1761205771.007 66.245 0.06153681 2.29976e-06
1761205771.017 66.314 0.06157964 7.06294e-07
1761205771.027 66.383 0.06164575 4.17153e-07
1761205771.037 66.452 0.06168765 1.69739e-07
1761205771.047 66.521 0.06173141 5.99079e-08
1761205771.057 66.589 0.06173700 1.00742e-07
1761205771.067 66.658 0.06178914 4.19048e-08
1761205771.077 66.726 0.06182732 7.41235e-08
1761205771.087 66.795 0.06186363 2.33296e-08
1761205771.097 66.863 0.06190739 7.11247e-08
1761205771.107 66.932 0.06193905 1.02996e-07
1761205771.117 67.000 0.06201354 5.19507e-08
1761205771.127 67.068 0.06205637 1.24028e-07
1761205771.137 67.136 0.06210293 1.19083e-07
1761205771.147 67.204 0.06215880 3.12929e-07
1761205771.157 67.272 0.06220443 2.96510e-07
1761205771.167 67.340 0.06228451 2.82257e-07
1761205771.177 67.408 0.06233572 4.01900e-07
1761205771.187 67.476 0.06239811 2.37845e-07
1761205771.197 67.544 0.06247352 2.66406e-07
1761205771.207 67.611 0.06251357 2.97999e-07
1761205771.217 67.679 0.06261040 2.55779e-07
1761205771.227 67.746 0.06267372 1.43151e-07
1761205771.237 67.814 0.06273797 5.28996e-08
1761205771.247 67.881 0.06282922 7.57989e-08
1761205771.257 67.949 0.06289719 1.12472e-07
1761205771.267 68.016 0.06296144 2.89504e-08
1761205771.277 68.083 0.06303779 7.69420e-08
1761205771.287 68.150 0.06310949 2.60633e-08
1761205771.297 68.217 0.06318305 9.34240e-08
1761205771.307 68.284 0.06323892 9.28066e-08
1761205771.317 68.351 0.06332924 4.39847e-08
1761205771.327 68.418 0.06340187 8.74748e-08
1761205771.337 68.485 0.06346332 6.00029e-08
1761205771.347 68.551 0.06354712 1.54983e-07
1761205771.357 68.618 0.06360579 3.05533e-07
1761205771.367 68.685 0.06369424 4.60870e-07
1761205771.414 68.751 0.06401548 5.88885e-06
1761205771.420 68.818 0.06408066 5.88278e-06
1761205771.427 68.884 0.06408066 5.66632e-06
1761205771.437 68.950 0.06411511 5.38456e-06
1761205771.447 69.017 0.06419706 4.52296e-06
1761205771.457 69.083 0.06424920 3.54176e-06
1761205771.467 69.149 0.06430414 1.57537e-06
1761205771.477 69.215 0.06436279 2.77520e-07
1761205771.487 69.281 0.06447453 1.59469e-07
1761205771.497 69.347 0.06447453 1.27978e-07
1761205771.507 69.413 0.06450061 9.20565e-08
1761205771.517 69.479 0.06455740 3.95329e-08
1761205771.527 69.545 0.06461048 8.83711e-08
1761205771.537 69.610 0.06466541 7.12879e-08
1761205771.547 69.676 0.06472129 1.52240e-07
1761205771.557 69.741 0.06475201 2.83059e-07
1761205771.567 69.807 0.06481533 2.39535e-07
1761205771.577 69.872 0.06483302 3.17379e-07
1761205771.587 69.938 0.06486747 1.84473e-07
1761205771.597 70.003 0.06493079 2.67583e-07
1761205771.607 70.068 0.06496338 2.97555e-07
1761205771.617 70.134 0.06500807 2.39521e-07
1761205771.627 70.199 0.06505742 2.65152e-07
1761205771.637 70.264 0.06508815 2.05570e-07
1761205771.647 70.329 0.06515426 2.71361e-07
1761205771.657 70.394 0.06519802 2.51656e-07
1761205771.667 70.459 0.06527252 1.28296e-07
1761205771.677 70.524 0.06532466 1.66222e-07
1761205771.687 70.588 0.06535911 1.48856e-07
1761205771.697 70.653 0.06543919 1.67944e-07
1761205771.707 70.718 0.06548016 6.84965e-08
1761205771.748 70.783 0.06578929 1.15421e-08
1761205771.757 70.847 0.06578929 1.49435e-08
1761205771.767 70.912 0.06587682 1.32483e-08
1761205771.777 70.976 0.06595597 1.86683e-08
1761205771.787 71.040 0.06601556 -2.39354e-09
1761205771.797 71.105 0.06608167 1.59748e-08
1761205771.807 71.169 0.06613289 -6.17960e-10
1761205771.817 71.233 0.06622227 6.72605e-09
1761205771.827 71.297 0.06629211 2.08773e-08
1761205771.837 71.361 0.06633773 1.78265e-08
1761205771.850 71.425 0.06645226 1.59250e-08
1761205771.858 71.489 0.06652024 4.81530e-08
1761205771.905 71.553 0.06671298 8.04239e-08
1761205771.911 71.617 0.06675767 3.14695e-08
1761205771.917 71.681 0.06681820 6.10192e-08
1761205771.967 71.745 0.06703329 1.61037e-07
1761205771.977 71.808 0.06703329 1.80858e-07
1761205771.987 71.872 0.06707519 1.07638e-07
1761205771.996 71.936 0.06712641 1.22456e-07
1761205772.009 71.999 0.06718879 9.70275e-08
1761205772.016 72.063 0.06718879 6.43543e-08
1761205772.026 72.126 0.06723534 6.94703e-08
1761205772.036 72.189 0.06726514 3.18176e-08
1761205772.046 72.253 0.06730984 7.70294e-08
1761205772.057 72.316 0.06731728 7.49324e-08
1761205772.067 72.379 0.06738433 2.40522e-08
1761205772.077 72.442 0.06741040 1.52219e-07
1761205772.087 72.505 0.06744019 1.78908e-07
1761205772.097 72.568 0.06747651 1.58373e-07
1761205772.107 72.631 0.06748675 4.17469e-07
1761205772.116 72.694 0.06753889 4.25980e-07
1761205772.127 72.757 0.06755845 5.49564e-07
1761205772.137 72.820 0.06758545 6.53737e-07
1761205772.147 72.883 0.06763853 8.04879e-07
1761205772.157 72.945 0.06765156 1.90383e-06
1761205772.167 73.008 0.06777261 2.56787e-06
1761205772.177 73.071 0.06777261 3.11992e-06
1761205772.187 73.133 0.06779124 4.29581e-06
1761205772.197 73.196 0.06784803 5.31122e-06
1761205772.207 73.258 0.06788155 6.72067e-06
1761205772.216 73.321 0.06792997 8.97593e-06
1761205772.226 73.383 0.06797467 1.46874e-05
1761205772.236 73.445 0.06806126 3.76748e-05
1761205772.246 73.507 0.06812924 4.93082e-05
1761205772.256 73.569 0.06817486 6.80062e-05
1761205772.266 73.632 0.06823911 9.12297e-05
1761205772.276 73.694 0.06830149 1.09838e-04
1761205772.286 73.756 0.06837133 1.21183e-04
1761205772.296 73.818 0.06844582 1.06540e-04
1761205772.306 73.880 0.06849238 1.19002e-04
1761205772.316 73.941 0.06854266 9.94356e-05
1761205772.326 74.003 0.06860225 6.89193e-05
1761205772.336 74.065 0.06867861 4.23494e-05
1761205772.346 74.127 0.06876520 1.03633e-05
1761205772.356 74.188 0.06883503 2.11772e-06
1761205772.366 74.250 0.06890953 5.02881e-07
1761205772.376 74.311 0.06897377 2.00848e-07
1761205772.386 74.373 0.06902313 8.17915e-08
1761205772.396 74.434 0.06910879 7.36806e-08
1761205772.406 74.496 0.06916745 6.72840e-08
1761205772.454 74.557 0.06947100 8.27706e-08
1761205772.460 74.618 0.06952687 1.85428e-08
1761205772.466 74.680 0.06952687 1.59871e-08
1761205772.496 74.741 0.06969261 5.51509e-08
1761205772.519 74.802 0.06985369 6.69467e-08
1761205772.526 74.863 0.06985369 5.46231e-08
1761205772.536 74.924 0.06990119 1.30367e-08
1761205772.546 74.985 0.06996171 5.54405e-08
1761205772.594 75.046 0.07017587 1.78249e-08
1761205772.601 75.107 0.07019914 1.84705e-08
1761205772.659 75.168 0.07039189 7.48300e-08
1761205772.667 75.229 0.07039189 3.80258e-08
1761205772.677 75.289 0.07041331 6.74040e-08
1761205772.687 75.350 0.07043938 2.33580e-08
1761205772.697 75.411 0.07047104 3.59115e-08
1761205772.746 75.471 0.07058650 -5.34110e-09
1761205772.755 75.532 0.07060326 4.23590e-08
1761205772.806 75.592 0.07072524 4.85160e-08
1761205772.874 75.653 0.07091519 7.79301e-08
1761205772.881 75.713 0.07094778 4.25251e-08
1761205772.886 75.774 0.07097478 8.95197e-08
1761205772.896 75.834 0.07097478 7.28296e-08
1761205772.906 75.894 0.07099341 7.91770e-08
1761205772.916 75.954 0.07103065 2.03483e-08
1761205772.926 76.014 0.07105020 7.17276e-08
1761205772.936 76.075 0.07105951 4.72850e-08
1761205772.946 76.135 0.07109769 7.49097e-08
1761205772.956 76.195 0.07110700 7.07306e-08
1761205772.966 76.255 0.07113680 3.17011e-08
1761205772.976 76.315 0.07116194 7.45974e-08
1761205772.986 76.374 0.07117311 4.19018e-08
1761205772.996 76.434 0.07118708 8.02599e-08
1761205773.006 76.494 0.07120664 6.68388e-08
1761205773.016 76.554 0.07123829 3.64542e-08
1761205773.046 76.614 0.07130161 8.70170e-08
1761205773.054 76.673 0.07132117 7.77937e-08
1761205773.060 76.733 0.07137424 3.26882e-08
1761205773.066 76.792 0.07137424 2.32464e-08
1761205773.076 76.852 0.07139938 6.62980e-08
1761205773.086 76.911 0.07144128 3.42360e-08
1761205773.096 76.971 0.07148597 6.67592e-08
1761205773.106 77.030 0.07150273 6.18401e-08
1761205773.116 77.089 0.07157164 2.10612e-08
1761205773.126 77.149 0.07161819 7.14892e-08
1761205773.136 77.208 0.07166848 4.46586e-08
1761205773.146 77.267 0.07173272 7.23081e-08
1761205773.156 77.326 0.07176532 6.49659e-08
1761205773.166 77.385 0.07183049 1.97389e-08
1761205773.176 77.444 0.07189009 9.10178e-08
1761205773.186 77.503 0.07195526 6.19553e-08
1761205773.196 77.562 0.07202883 1.30977e-07
1761205773.206 77.621 0.07207538 1.08252e-07
1761205773.216 77.680 0.07215453 9.06988e-08
1761205773.226 77.739 0.07220574 1.29976e-07
1761205773.236 77.798 0.07224764 1.55196e-07
1761205773.246 77.857 0.07233051 1.66793e-07
1761205773.256 77.915 0.07236869 2.55820e-07
1761205773.266 77.974 0.07245156 2.37411e-07
1761205773.276 78.033 0.07249812 2.93368e-07
1761205773.286 78.091 0.07253723 2.35708e-07
1761205773.296 78.150 0.07262382 2.48461e-07
1761205773.306 78.208 0.07273649 2.67127e-07
1761205773.316 78.267 0.07273649 2.10082e-07
1761205773.326 78.325 0.07279236 2.07604e-07
1761205773.336 78.383 0.07287150 9.94457e-08
1761205773.346 78.442 0.07293296 6.95718e-08
1761205773.394 78.500 0.07320578 8.39789e-08
1761205773.400 78.558 0.07324023 9.51002e-08
1761205773.406 78.616 0.07330261 1.76189e-07
1761205773.416 78.674 0.07330261 1.81092e-07
1761205773.426 78.732 0.07336035 3.53962e-07
1761205773.436 78.790 0.07338549 6.95850e-07
1761205773.446 78.848 0.07343856 1.27500e-06
1761205773.456 78.906 0.07348139 1.68721e-06
1761205773.466 78.964 0.07354564 2.76091e-06
1761205773.476 79.022 0.07359034 3.23566e-06
1761205773.486 79.080 0.07365366 4.20767e-06
1761205773.496 79.138 0.07370859 5.63710e-06
1761205773.506 79.196 0.07373280 5.90570e-06
1761205773.516 79.253 0.07378774 9.61613e-06
1761205773.526 79.311 0.07382964 8.36592e-06
1761205773.536 79.369 0.07387247 7.91683e-06
1761205773.546 79.426 0.07393020 7.53352e-06
1761205773.575 79.484 0.07401773 7.00954e-06
1761205773.585 79.541 0.07406801 4.72037e-06
1761205773.591 79.599 0.07411364 3.86414e-06
1761205773.596 79.656 0.07414250 3.19952e-06
1761205773.606 79.713 0.07414250 2.40669e-06
1761205773.616 79.771 0.07419837 4.95333e-07
1761205773.626 79.828 0.07423096 2.60379e-07
1761205773.636 79.885 0.07425051 8.61604e-08
1761205773.646 79.943 0.07431197 8.15732e-08
1761205773.656 80.000 0.07434549 3.37356e-08
1761205773.666 80.057 0.07441719 -2.65380e-09
1761205773.676 80.114 0.07446560 5.05680e-08
1761205773.686 80.171 0.07449819 1.65268e-08
1761205773.696 80.228 0.07457734 5.08011e-08
1761205773.744 80.285 0.07482688 1.70761e-08
1761205773.750 80.342 0.07487717 1.46250e-08
1761205773.756 80.399 0.07492838 4.18523e-08
1761205773.804 80.456 0.07514719 5.37205e-08
1761205773.810 80.512 0.07520586 -9.90030e-09
1761205773.852 80.569 0.07539674 1.00933e-08
1761205773.866 80.626 0.07550102 -2.05868e-08
1761205773.875 80.683 0.07550102 2.64422e-08
1761205773.885 80.739 0.07552617 6.76600e-10
1761205773.895 80.796 0.07558948 2.83840e-08
1761205773.936 80.852 0.07572636 -3.68300e-11
1761205773.945 80.909 0.07572636 1.16739e-08
1761205773.955 80.965 0.07573381 -1.35918e-08
1761205773.965 81.022 0.07579061 -6.36330e-09
1761205773.975 81.078 0.07579433 -4.07850e-09
1761205773.985 81.135 0.07579713 -1.65566e-08
1761205773.995 81.191 0.07582040 -9.40980e-10
1761205774.009 81.247 0.07585113 -9.73350e-09
1761205774.015 81.303 0.07585113 -2.77413e-08
1761205774.025 81.360 0.07586324 1.16894e-08
1761205774.035 81.416 0.07589303 -1.39426e-08
1761205774.045 81.472 0.07591538 4.40190e-09
1761205774.055 81.528 0.07592283 -9.09770e-09
1761205774.124 81.584 0.07615375 1.23439e-07
1761205774.133 81.640 0.07617517 6.25060e-08
1761205774.143 81.696 0.07623197 8.31216e-08
1761205774.150 81.752 0.07625524 6.37544e-08
1761205774.157 81.808 0.07632601 1.08336e-07
1761205774.165 81.864 0.07632601 1.46836e-07
1761205774.175 81.920 0.07635115 1.40621e-07
1761205774.185 81.975 0.07640237 1.04737e-07
1761205774.195 82.031 0.07646196 1.16081e-07
1761205774.205 82.087 0.07649547 8.93517e-08
1761205774.215 82.143 0.07656345 6.01956e-08
1761205774.225 82.198 0.07659883 1.14025e-07
1761205774.235 82.254 0.07663794 6.28577e-08
1761205774.245 82.309 0.07668729 8.54890e-08
1761205774.255 82.365 0.07671430 4.34853e-08
1761205774.265 82.420 0.07676644 7.08200e-10
1761205774.275 82.476 0.07679903 6.20094e-08
1761205774.323 82.531 0.07700015 5.13842e-08
1761205774.391 82.587 0.07728880 7.64667e-08
1761205774.459 82.642 0.07759608 5.27948e-08
1761205774.466 82.697 0.07762215 1.58341e-08
1761205774.476 82.752 0.07762215 5.31658e-08
1761205774.486 82.808 0.07765474 1.21926e-08
1761205774.496 82.863 0.07767709 5.83502e-08
1761205774.506 82.918 0.07768547 4.36633e-08
1761205774.572 82.973 0.07777765 5.74917e-08
1761205774.579 83.028 0.07778137 2.49020e-09
1761205774.585 83.083 0.07778137 3.65389e-08
1761205774.595 83.138 0.07779161 5.96708e-08
1761205774.662 83.193 0.07787821 4.57048e-08
1761205774.668 83.248 0.07789683 7.93231e-08
1761205774.675 83.303 0.07789683 9.16679e-08
1761205774.685 83.358 0.07792290 9.13461e-08
1761205774.695 83.413 0.07795270 1.88568e-07
1761205774.705 83.468 0.07795457 2.76176e-07
1761205774.715 83.522 0.07800205 2.68379e-07
1761205774.725 83.577 0.07802440 1.75802e-07
1761205774.735 83.632 0.07805327 4.55923e-07
1761205774.745 83.686 0.07807561 1.01238e-06
1761205774.755 83.741 0.07808399 1.81843e-06
1761205774.765 83.796 0.07813893 2.75235e-06
1761205774.775 83.850 0.07815755 3.24609e-06
1761205774.785 83.905 0.07818362 4.32580e-06
1761205774.795 83.959 0.07822832 5.81166e-06
1761205774.805 84.014 0.07825253 8.30813e-06
1761205774.815 84.068 0.07829443 1.42596e-05
1761205774.825 84.122 0.07831957 1.50298e-05
1761205774.835 84.177 0.07836426 1.62269e-05
1761205774.845 84.231 0.07839965 2.02018e-05
1761205774.855 84.285 0.07843224 3.07653e-05
1761205774.865 84.339 0.07849276 3.51453e-05
1761205774.875 84.394 0.07850394 3.70613e-05
1761205774.885 84.448 0.07854583 5.11611e-05
1761205774.895 84.502 0.07860170 6.16211e-05
1761205774.905 84.556 0.07863429 6.66379e-05
1761205774.915 84.610 0.07868364 7.51366e-05
1761205774.925 84.664 0.07872275 9.56725e-05
1761205774.935 84.718 0.07878513 9.63806e-05
1761205774.945 84.772 0.07884939 1.22448e-04
1761205774.955 84.826 0.07888849 1.10889e-04
1761205774.965 84.880 0.07896019 9.80724e-05
1761205774.975 84.934 0.07899930 8.98073e-05
1761205774.985 84.987 0.07905330 8.42056e-05
1761205774.995 85.041 0.07911941 7.30377e-05
1761205775.005 85.095 0.07916504 6.27542e-05
1761205775.015 85.149 0.07924232 4.76042e-05
1761205775.025 85.202 0.07927678 2.25386e-05
1761205775.035 85.256 0.07931868 7.48905e-06
1761205775.045 85.309 0.07938851 2.81655e-06
1761205775.055 85.363 0.07943320 6.25059e-07
1761205775.065 85.417 0.07951049 5.81561e-08
1761205775.075 85.470 0.07956729 8.44452e-08
1761205775.123 85.524 0.07982708 5.97618e-08
1761205775.201 85.577 0.08022281 1.23935e-08
1761205775.207 85.630 0.08028799 6.71747e-08
1761205775.255 85.684 0.08047142 5.00447e-08
1761205775.306 85.737 0.08054312 4.88989e-08
1761205775.356 85.790 0.08058408 5.11730e-08
1761205775.406 85.844 0.08059433 5.32676e-08
1761205775.456 85.897 0.08063623 5.32183e-08
1761205775.507 85.950 0.08068745 5.07344e-08
1761205775.556 86.003 0.08074424 5.26220e-08
1761205775.606 86.056 0.08081408 5.67087e-08
1761205775.656 86.110 0.08087646 5.46201e-08
1761205775.735 86.163 0.08097516 3.50861e-08
1761205775.745 86.216 0.08097516 5.61318e-08
1761205775.755 86.269 0.08096585 3.65947e-08
1761205775.765 86.322 0.08098075 1.17640e-08
1761205775.775 86.375 0.08097703 5.71864e-08
1761205775.785 86.428 0.08100217 2.81337e-08
1761205775.795 86.480 0.08101054 6.30553e-08
1761205775.805 86.533 0.08100496 4.54174e-08
1761205775.814 86.586 0.08102824 6.99600e-10
1761205775.825 86.639 0.08103010 6.95415e-08
1761205775.873 86.692 0.08109714 4.83943e-08
1761205775.917 86.744 0.08119491 1.05817e-08
1761205775.932 86.797 0.08122284 -5.96360e-09
1761205775.938 86.850 0.08126009 2.93606e-08
1761205775.945 86.902 0.08128151 -3.19344e-08
1761205775.955 86.955 0.08128151 -6.78770e-09
1761205775.996 87.007 0.08147239 -3.16739e-09
1761205776.005 87.060 0.08147239 4.33586e-09
1761205776.015 87.112 0.08149846 8.77019e-09
1761205776.024 87.165 0.08151429 2.07434e-08
1761205776.034 87.217 0.08155340 1.07972e-08
1761205776.048 87.270 0.08161672 3.55900e-09
1761205776.054 87.322 0.08161672 4.88292e-08
1761205776.064 87.374 0.08166234 1.00100e-09
1761205776.074 87.427 0.08166979 4.84203e-08
1761205776.122 87.479 0.08180388 4.40377e-08
1761205776.172 87.531 0.08194354 4.16755e-08
1761205776.222 87.584 0.08208973 4.08749e-08
1761205776.295 87.636 0.08232158 -1.72982e-08
1761205776.345 87.688 0.08241004 -1.62016e-08
1761205776.395 87.740 0.08244822 -1.58029e-08
1761205776.445 87.792 0.08244728 -1.56189e-08
1761205776.513 87.844 0.08251712 5.46840e-09
1761205776.520 87.896 0.08248826 5.82743e-08
1761205776.526 87.948 0.08250036 2.44457e-08
1761205776.575 88.000 0.08255437 4.58103e-08
1761205776.625 88.052 0.08264189 4.50565e-08
1761205776.675 88.104 0.08271918 8.82351e-08
1761205776.684 88.156 0.08271918 3.16234e-08
1761205776.694 88.208 0.08273780 9.03170e-08
1761205776.704 88.259 0.08272570 8.11633e-08
1761205776.714 88.311 0.08274525 1.01601e-07
1761205776.724 88.363 0.08276480 1.29323e-07
1761205776.734 88.415 0.08279274 1.10904e-07
1761205776.744 88.466 0.08280671 1.81959e-07
1761205776.754 88.518 0.08281695 1.79893e-07
1761205776.764 88.570 0.08283743 2.12440e-07
1761205776.774 88.621 0.08284581 2.98979e-07
1761205776.784 88.673 0.08287188 3.02886e-07
1761205776.794 88.724 0.08288306 3.73686e-07
1761205776.824 88.776 0.08293706 2.78612e-07
1761205776.833 88.827 0.08296593 4.70602e-07
1761205776.840 88.879 0.08298083 5.61348e-07
1761205776.846 88.930 0.08298176 5.25967e-07
1761205776.854 88.982 0.08298176 6.66758e-07
1761205776.864 89.033 0.08303577 4.83352e-07
1761205776.874 89.084 0.08304880 6.08889e-07
1761205776.884 89.136 0.08307860 6.32810e-07
1761205776.894 89.187 0.08312795 7.37545e-07
1761205776.904 89.238 0.08315402 7.65779e-07
1761205776.914 89.289 0.08319685 9.52232e-07
1761205776.924 89.341 0.08322106 1.03378e-06
1761205776.934 89.392 0.08327134 1.07927e-06
1761205776.944 89.443 0.08334118 1.25071e-06
1761205776.954 89.494 0.08336632 1.29881e-06
1761205776.964 89.545 0.08343429 1.73863e-06
1761205776.974 89.596 0.08347061 2.24651e-06
1761205776.984 89.647 0.08352088 2.24042e-06
1761205776.994 89.698 0.08356186 2.70698e-06
1761205777.004 89.749 0.08359724 2.22293e-06
1761205777.014 89.800 0.08365497 2.13521e-06
1761205777.024 89.851 0.08371177 2.09624e-06
1761205777.034 89.902 0.08376298 2.25677e-06
1761205777.044 89.953 0.08382630 2.09442e-06
1761205777.054 90.003 0.08386168 1.77207e-06
1761205777.064 90.054 0.08392779 1.58219e-06
1761205777.074 90.105 0.08395572 1.42256e-06
1761205777.084 90.156 0.08400787 1.09547e-06
1761205777.094 90.206 0.08405629 5.95285e-07
1761205777.104 90.257 0.08410378 3.68732e-07
1761205777.114 90.308 0.08416337 2.09164e-07
1761205777.124 90.358 0.08420061 2.60816e-07
1761205777.134 90.409 0.08425369 9.76801e-08
1761205777.144 90.459 0.08430676 1.13860e-07
1761205777.154 90.510 0.08435425 4.21167e-08
1761205777.164 90.560 0.08441663 5.19588e-08
1761205777.174 90.611 0.08446599 6.57994e-08
1761205777.222 90.661 0.08471087 5.16747e-08
1761205777.272 90.712 0.08491386 5.27209e-08
1761205777.322 90.762 0.08513547 5.48404e-08
1761205777.395 90.812 0.08532449 -3.13370e-09
1761205777.446 90.863 0.08539619 5.92420e-09
1761205777.454 90.913 0.08539619 6.56809e-08
1761205777.464 90.963 0.08541760 -3.66410e-09
1761205777.474 91.014 0.08542413 6.41091e-08
1761205777.523 91.064 0.08541481 4.88141e-08
1761205777.573 91.114 0.08542320 4.95648e-08
1761205777.623 91.164 0.08548465 4.89784e-08
1761205777.673 91.214 0.08560383 5.28075e-08
1761205777.723 91.264 0.08571929 5.42174e-08
1761205777.791 91.314 0.08580216 6.31874e-08
1761205777.841 91.365 0.08584220 5.97198e-08
1761205777.891 91.415 0.08588876 5.63151e-08
1761205777.898 91.465 0.08588597 1.27161e-08
1761205777.990 91.515 0.08595766 6.92042e-08
1761205778.058 91.564 0.08604240 5.26324e-08
1761205778.065 91.614 0.08604426 1.35123e-08
1761205778.073 91.664 0.08604426 5.17986e-08
1761205778.121 91.714 0.08611689 5.52790e-08
1761205778.128 91.764 0.08612713 -5.55190e-09
1761205778.176 91.814 0.08616065 4.30031e-08
1761205778.183 91.864 0.08616065 4.71400e-09
1761205778.193 91.913 0.08616531 6.99643e-08
1761205778.242 91.963 0.08623235 5.15276e-08
1761205778.249 92.013 0.08622583 1.27479e-08
1761205778.256 92.062 0.08627611 6.07880e-08
1761205778.304 92.112 0.08637016 5.88295e-08
1761205778.313 92.162 0.08637016 -3.13530e-09
1761205778.323 92.211 0.08637016 6.84280e-08
1761205778.389 92.261 0.08654521 5.65378e-08
1761205778.457 92.310 0.08668022 8.10995e-08
1761205778.541 92.360 0.08682082 7.16950e-08
1761205778.589 92.409 0.08687018 6.60839e-08
1761205778.639 92.459 0.08688880 7.11280e-08
1761205778.689 92.508 0.08693256 6.25376e-08
1761205778.739 92.558 0.08693815 6.45802e-08
1761205778.790 92.607 0.08698284 6.45398e-08
1761205778.840 92.656 0.08703312 6.23260e-08
1761205778.890 92.706 0.08710575 5.62598e-08
1761205778.940 92.755 0.08715510 6.36075e-08
1761205779.007 92.804 0.08722215 6.75873e-08
1761205779.079 92.854 0.08728174 4.10010e-09
1761205779.129 92.903 0.08733388 3.84210e-09
1761205779.134 92.952 0.08734412 5.72789e-08
1761205779.142 93.001 0.08734412 7.42054e-08
1761205779.152 93.050 0.08735064 7.75270e-09
1761205779.162 93.099 0.08734971 5.54877e-08
1761205779.210 93.148 0.08739254 8.91960e-09
1761205779.216 93.198 0.08739720 1.68206e-08
1761205779.223 93.247 0.08739720 5.33670e-08
1761205779.271 93.296 0.08745493 5.95437e-08
1761205779.278 93.345 0.08747076 4.71840e-09
1761205779.284 93.394 0.08749497 3.21941e-08
1761205779.292 93.443 0.08749497 6.72738e-08
1761205779.302 93.491 0.08749869 1.00353e-08
1761205779.312 93.540 0.08751359 5.74569e-08
1761205779.360 93.589 0.08763650 1.20760e-08
1761205779.428 93.638 0.08783204 6.80860e-09
1761205779.435 93.687 0.08786928 5.87557e-08
1761205779.443 93.736 0.08786928 6.51866e-08
1761205779.452 93.784 0.08788604 2.85845e-08
1761205779.462 93.833 0.08792515 8.48181e-08
1761205779.472 93.882 0.08794098 6.63625e-08
1761205779.520 93.930 0.08806669 8.09280e-08
1761205779.527 93.979 0.08809555 2.51627e-08
1761205779.533 94.028 0.08811790 9.14183e-08
1761205779.542 94.076 0.08811790 6.67133e-08
1761205779.552 94.125 0.08812814 1.87745e-08
1761205779.562 94.174 0.08815979 6.37965e-08
1761205779.638 94.222 0.08828830 6.59796e-08
1761205779.688 94.271 0.08842517 5.48285e-08
1761205779.738 94.319 0.08856577 5.61048e-08
1761205779.806 94.367 0.08871475 4.88204e-08
1761205779.857 94.416 0.08877062 5.88685e-08
1761205779.906 94.464 0.08878366 6.25827e-08
1761205779.957 94.513 0.08880973 6.53074e-08
1761205780.007 94.561 0.08883300 6.85702e-08
1761205780.057 94.609 0.08887398 7.01546e-08
1761205780.107 94.658 0.08893543 7.28576e-08
1761205780.200 94.706 0.08902575 5.49510e-08
1761205780.210 94.754 0.08904065 2.64952e-08
1761205780.216 94.803 0.08904065 5.15583e-08
1761205780.222 94.851 0.08906206 9.77832e-08
1761205780.232 94.899 0.08906206 5.92499e-08
1761205780.242 94.947 0.08907045 1.19242e-07
1761205780.252 94.995 0.08907231 6.71491e-08
1761205780.262 95.043 0.08908814 1.55609e-07
1761205780.272 95.091 0.08907976 1.80022e-07
1761205780.282 95.139 0.08910490 1.32124e-07
1761205780.292 95.188 0.08912911 1.72295e-07
1761205780.302 95.236 0.08912073 1.13161e-07
1761205780.312 95.284 0.08912445 1.35013e-07
1761205780.322 95.331 0.08911886 2.61254e-07
1761205780.332 95.379 0.08913376 1.38241e-07
1761205780.342 95.427 0.08913190 1.87577e-07
1761205780.352 95.475 0.08914680 2.21857e-07
1761205780.362 95.523 0.08919243 3.25715e-07
1761205780.372 95.571 0.08920360 2.74545e-07
1761205780.382 95.619 0.08922874 2.39044e-07
1761205780.392 95.667 0.08924084 3.42330e-07
1761205780.402 95.714 0.08927809 3.56178e-07
1761205780.412 95.762 0.08931534 4.75552e-07
1761205780.422 95.810 0.08932278 4.69508e-07
1761205780.432 95.858 0.08938517 5.81160e-07
1761205780.442 95.905 0.08941962 7.77206e-07
1761205780.452 95.953 0.08944942 8.17185e-07
1761205780.462 96.001 0.08952205 7.99912e-07
1761205780.472 96.048 0.08955650 1.13023e-06
1761205780.482 96.096 0.08960771 1.24233e-06
1761205780.492 96.143 0.08965427 1.56965e-06
1761205780.502 96.191 0.08970082 1.65954e-06
1761205780.512 96.238 0.08975949 1.91797e-06
1761205780.522 96.286 0.08979394 2.13958e-06
1761205780.532 96.333 0.08985353 2.26676e-06
1761205780.542 96.381 0.08989915 2.62733e-06
1761205780.552 96.428 0.08996061 2.95101e-06
1761205780.562 96.476 0.09002486 3.23449e-06
1761205780.572 96.523 0.09006583 3.70040e-06
1761205780.582 96.570 0.09012542 4.19369e-06
1761205780.592 96.618 0.09015522 7.32744e-06
1761205780.602 96.665 0.09020643 7.35753e-06
1761205780.612 96.712 0.09027627 7.39404e-06
1761205780.622 96.759 0.09031724 6.98518e-06
1761205780.632 96.807 0.09036938 7.16593e-06
1761205780.642 96.854 0.09041687 7.04047e-06
1761205780.652 96.901 0.09045597 6.69640e-06
1761205780.662 96.948 0.09050067 6.43167e-06
1761205780.672 96.995 0.09053047 6.48744e-06
1761205780.682 97.043 0.09056864 5.29144e-06
1761205780.692 97.090 0.09061334 4.52168e-06
1761205780.702 97.137 0.09065896 4.30127e-06
1761205780.733 97.184 0.09085357 3.79913e-06
1761205780.743 97.231 0.09088895 1.17195e-06
1761205780.752 97.278 0.09088895 1.09537e-06
1761205780.762 97.325 0.09093271 8.66001e-07
1761205780.772 97.372 0.09095413 8.79843e-07
1761205780.782 97.419 0.09100720 6.90119e-07
1761205780.792 97.466 0.09105097 5.09089e-07
1761205780.802 97.512 0.09107704 4.04147e-07
1761205780.812 97.559 0.09112173 4.01003e-07
1761205780.822 97.606 0.09114967 4.00015e-07
1761205780.831 97.653 0.09119716 2.86767e-07
1761205780.841 97.700 0.09124651 2.86096e-07
1761205780.852 97.747 0.09126326 1.73297e-07
1761205780.861 97.793 0.09130144 9.92554e-08
1761205780.871 97.840 0.09133589 9.40375e-08
1761205780.881 97.887 0.09139363 2.34972e-08
1761205780.891 97.934 0.09144111 7.51216e-08
1761205780.901 97.980 0.09147277 4.07249e-08
1761205780.911 98.027 0.09150723 5.89187e-08
1761205780.953 98.073 0.09169904 1.64330e-08
1761205780.967 98.120 0.09173815 2.43250e-09
1761205780.974 98.167 0.09179401 4.04888e-08
1761205780.981 98.213 0.09179401 4.98000e-09
1761205780.991 98.260 0.09181916 3.47586e-08
1761205781.032 98.306 0.09202121 6.16483e-09
1761205781.047 98.353 0.09204915 1.13610e-09
1761205781.053 98.399 0.09210222 4.19465e-08
1761205781.061 98.446 0.09210222 1.61118e-08
1761205781.105 98.492 0.09229403 7.08567e-09
1761205781.112 98.539 0.09229403 -2.09254e-09
1761205781.121 98.585 0.09231545 -1.03176e-08
1761205781.131 98.631 0.09235455 -4.22441e-09
1761205781.141 98.678 0.09237411 2.88648e-09
1761205781.151 98.724 0.09239832 -9.80388e-09
1761205781.161 98.770 0.09244022 2.39473e-09
1761205781.171 98.816 0.09244394 -1.90079e-08
1761205781.181 98.863 0.09248492 -1.12442e-08
1761205781.191 98.909 0.09250633 -1.09851e-08
1761205781.205 98.955 0.09255289 -3.88770e-09
1761205781.211 99.001 0.09255289 -6.03445e-08
1761205781.221 99.048 0.09256034 -3.04648e-08
1761205781.298 99.094 0.09276891 -5.94260e-08
1761205781.348 99.140 0.09293745 -9.59039e-08
1761205781.356 99.186 0.09298121 -5.80325e-08
1761205781.362 99.232 0.09300728 -1.06875e-07
1761205781.371 99.278 0.09300728 -7.49296e-08
1761205781.381 99.324 0.09305756 -1.35312e-07
1761205781.391 99.370 0.09308084 -7.03774e-08
1761205781.401 99.416 0.09310877 -1.13509e-07
1761205781.411 99.462 0.09314882 -7.17297e-08
1761205781.529 99.508 0.09338998 -3.32436e-08
1761205781.581 99.554 0.09346913 1.35444e-08
1761205781.588 99.600 0.09349520 5.18637e-08
1761205781.593 99.646 0.09351568 -9.77900e-09
1761205781.642 99.692 0.09359762 6.61174e-08
1761205781.652 99.737 0.09359762 2.46863e-08
1761205781.661 99.783 0.09360786 6.49777e-08
1761205781.671 99.829 0.09360228 6.38055e-08
1761205781.681 99.875 0.09362369 1.05138e-08
1761205781.691 99.921 0.09362183 7.23468e-08
1761205781.701 99.966 0.09362183 3.73464e-08
1761205781.711 100.012 0.09365442 8.00087e-08
1761205781.721 100.058 0.09366559 3.37260e-08
1761205781.731 100.104 0.09369166 9.20160e-09
1761205781.741 100.149 0.09367118 7.35949e-08
1761205781.789 100.195 0.09374288 5.99899e-08
1761205781.882 100.240 0.09404922 1.52246e-08
1761205781.901 100.286 0.09413303 3.87644e-08
1761205781.911 100.332 0.09413303 5.43093e-08
1761205781.959 100.377 0.09428014 4.57368e-08
1761205781.966 100.423 0.09428014 5.83610e-09
1761205781.971 100.468 0.09430063 5.11621e-08
1761205781.981 100.514 0.09430063 -5.15540e-09
1761205781.991 100.559 0.09430156 6.37456e-08
1761205782.056 100.605 0.09439002 6.36700e-08
1761205782.106 100.650 0.09442633 7.08596e-08
1761205782.157 100.695 0.09450362 6.51445e-08
1761205782.207 100.741 0.09459207 6.68885e-08
1761205782.257 100.786 0.09469171 7.01078e-08
1761205782.307 100.832 0.09473919 7.26284e-08
1761205782.375 100.877 0.09479972 5.16586e-08
1761205782.382 100.922 0.09478388 1.71163e-08
1761205782.412 100.967 0.09480996 5.08258e-08
1761205782.421 101.013 0.09482486 5.32201e-08
1761205782.431 101.058 0.09482486 -5.48340e-09
1761205782.441 101.103 0.09482672 6.93563e-08
1761205782.507 101.148 0.09489190 6.62664e-08
1761205782.574 101.194 0.09500829 7.11213e-08
1761205782.581 101.239 0.09501574 6.22029e-08
1761205782.591 101.284 0.09501574 1.98834e-07
1761205782.600 101.329 0.09503622 2.60423e-07
1761205782.611 101.374 0.09507906 3.03828e-07
1761205782.620 101.419 0.09507906 4.05525e-07
1761205782.630 101.464 0.09510606 4.91663e-07
1761205782.640 101.509 0.09511164 6.39514e-07
1761205782.650 101.554 0.09513679 8.49390e-07
1761205782.660 101.599 0.09514796 1.17433e-06
1761205782.670 101.644 0.09515448 1.32155e-06
1761205782.680 101.689 0.09518986 3.83691e-07
1761205782.690 101.734 0.09520848 5.63491e-07
1761205782.700 101.779 0.09521221 9.03280e-07
1761205782.710 101.824 0.09521779 9.93421e-07
1761205782.720 101.869 0.09522990 1.19179e-06
1761205782.730 101.914 0.09527553 3.04957e-06
1761205782.740 101.959 0.09527273 3.56891e-06
1761205782.750 102.004 0.09527646 3.38103e-06
1761205782.760 102.048 0.09531556 3.83181e-06
1761205782.770 102.093 0.09534350 2.88494e-06
1761205782.780 102.138 0.09539192 4.67378e-06
1761205782.790 102.183 0.09539564 5.41562e-06
1761205782.800 102.227 0.09541892 6.41263e-06
1761205782.810 102.272 0.09546641 6.40400e-06
1761205782.820 102.317 0.09549155 7.61398e-06
1761205782.830 102.362 0.09554555 7.03646e-06
1761205782.840 102.406 0.09556977 9.37098e-06
1761205782.850 102.451 0.09559397 1.10265e-05
1761205782.860 102.495 0.09563401 1.21162e-05
1761205782.870 102.540 0.09568243 1.34102e-05
1761205782.880 102.585 0.09573644 1.51351e-05
1761205782.890 102.629 0.09578485 1.67754e-05
1761205782.900 102.674 0.09584910 1.81505e-05
1761205782.910 102.718 0.09589286 1.93388e-05
1761205782.920 102.763 0.09593663 2.31504e-05
1761205782.970 102.807 0.09616941 2.85433e-05
1761205782.976 102.852 0.09622808 4.85565e-05
1761205782.982 102.896 0.09626811 5.56490e-05
1761205782.990 102.940 0.09626811 5.07037e-05
1761205783.000 102.985 0.09633515 6.76302e-05
1761205783.010 103.029 0.09637613 6.17052e-05
1761205783.020 103.074 0.09640965 6.83005e-05
1761205783.030 103.118 0.09646086 7.20813e-05
1761205783.040 103.162 0.09650183 7.40470e-05
1761205783.051 103.207 0.09654280 7.50670e-05
1761205783.060 103.251 0.09657725 7.54628e-05
1761205783.071 103.295 0.09661450 7.62729e-05
1761205783.080 103.339 0.09666757 7.22074e-05
1761205783.090 103.384 0.09668061 6.96723e-05
1761205783.100 103.428 0.09670575 6.66167e-05
1761205783.110 103.472 0.09675603 6.54061e-05
1761205783.120 103.516 0.09676906 5.57018e-05
1761205783.130 103.560 0.09680538 5.09187e-05
1761205783.140 103.604 0.09681935 4.32972e-05
1761205783.150 103.649 0.09685287 3.77209e-05
1761205783.160 103.693 0.09688732 2.86386e-05
1761205783.170 103.737 0.09690594 2.33114e-05
1761205783.180 103.781 0.09694970 2.01170e-05
1761205783.190 103.825 0.09697857 1.55597e-05
1761205783.200 103.869 0.09699626 1.35970e-05
1761205783.210 103.913 0.09704282 1.14742e-05
1761205783.220 103.957 0.09705585 1.26179e-05
1761205783.230 104.001 0.09709496 1.17463e-05
1761205783.240 104.045 0.09712662 9.58125e-06
1761205783.250 104.089 0.09716480 7.65886e-06
1761205783.260 104.133 0.09720670 6.70248e-06
1761205783.270 104.177 0.09723836 6.55720e-06
1761205783.280 104.220 0.09728119 5.21943e-06
1761205783.290 104.264 0.09730819 4.51881e-06
1761205783.300 104.308 0.09735940 4.16562e-06
1761205783.310 104.352 0.09741434 2.85807e-06
1761205783.320 104.396 0.09743948 2.24232e-06
1761205783.330 104.440 0.09749907 2.02630e-06
1761205783.340 104.483 0.09752980 1.95063e-06
1761205783.350 104.527 0.09758846 1.52221e-06
1761205783.360 104.571 0.09765458 7.64087e-07
1761205783.370 104.614 0.09768344 4.98737e-07
1761205783.380 104.658 0.09774303 4.47679e-07
1761205783.390 104.702 0.09778400 3.76306e-07
1761205783.400 104.745 0.09783707 1.85278e-07
1761205783.410 104.789 0.09787897 1.28076e-07
1761205783.420 104.833 0.09791995 7.64998e-08
1761205783.430 104.876 0.09798140 4.86568e-08
1761205783.440 104.920 0.09801027 7.41135e-08
1761205783.544 104.963 0.09845907 -5.21020e-09
1761205783.596 105.007 0.09864344 2.64825e-08
1761205783.603 105.051 0.09865648 7.23033e-08
1761205783.610 105.094 0.09865648 3.47234e-08
1761205783.659 105.138 0.09877566 5.27175e-08
1761205783.665 105.181 0.09877473 3.51900e-09
1761205783.671 105.225 0.09879242 6.32028e-08
1761205783.680 105.268 0.09879242 -3.83330e-09
1761205783.690 105.311 0.09877287 6.68836e-08
1761205783.738 105.355 0.09878683 5.27139e-08
1761205783.745 105.398 0.09879987 -8.39600e-09
1761205783.793 105.442 0.09884922 2.78102e-08
1761205783.800 105.485 0.09884922 1.31411e-08
1761205783.810 105.528 0.09885667 6.80876e-08
1761205783.858 105.572 0.09895164 4.15015e-08
1761205783.901 105.615 0.09909597 1.41528e-08
1761205783.914 105.658 0.09911273 3.64900e-10
1761205783.920 105.701 0.09911273 5.04957e-08
1761205783.930 105.745 0.09914997 2.07056e-08
1761205783.940 105.788 0.09915463 5.84269e-08
1761205783.950 105.831 0.09917046 -8.11230e-09
1761205783.960 105.874 0.09919001 3.19941e-08
1761205784.018 105.917 0.09929709 1.58740e-09
1761205784.024 105.961 0.09933527 1.53382e-08
1761205784.030 106.004 0.09933527 -3.10616e-09
1761205784.040 106.047 0.09932410 3.17492e-09
1761205784.050 106.090 0.09935855 -4.16285e-09
1761205784.095 106.133 0.09945259 -1.61751e-08
1761205784.109 106.176 0.09947867 -4.48957e-08
1761205784.115 106.219 0.09949077 -9.37386e-08
1761205784.121 106.262 0.09953174 -4.47531e-08
1761205784.130 106.305 0.09953174 -9.83085e-08
1761205784.140 106.348 0.09955968 -2.42510e-08
1761205784.150 106.391 0.09956712 -8.45903e-08
1761205784.160 106.434 0.09956619 -4.00785e-08
1761205784.170 106.477 0.09959413 -8.30851e-08
1761205784.180 106.520 0.09965279 -4.29598e-08
1761205784.190 106.563 0.09963137 -2.54725e-08
1761205784.200 106.606 0.09967700 -7.71424e-08
1761205784.210 106.649 0.09973007 -4.19124e-08
1761205784.220 106.691 0.09974311 -7.74267e-08
1761205784.267 106.734 0.09986881 -5.48409e-08
1761205784.274 106.777 0.09991816 -1.10666e-08
1761205784.280 106.820 0.09993864 -4.59699e-08
1761205784.322 106.863 0.10008483 -1.09589e-08
1761205784.330 106.905 0.10008483 -1.60347e-08
1761205784.340 106.948 0.10009694 -3.55453e-09
1761205784.350 106.991 0.10013697 -1.10944e-08
1761205784.360 107.034 0.10018632 5.97429e-09
1761205784.370 107.076 0.10022078 -1.33736e-08
1761205784.379 107.119 0.10026082 8.48863e-09
1761205784.390 107.162 0.10027199 -5.31220e-09
1761205784.400 107.204 0.10032134 -7.42738e-09
1761205784.409 107.247 0.10037628 2.95993e-09
1761205784.419 107.290 0.10038745 -1.22540e-08
1761205784.429 107.332 0.10043308 6.68378e-09
1761205784.439 107.375 0.10044705 -3.01885e-09
1761205784.449 107.417 0.10047312 -7.31057e-09
1761205784.459 107.460 0.10050012 8.45680e-10
1761205784.469 107.503 0.10051781 -1.42184e-08
1761205784.479 107.545 0.10056809 6.69529e-09
1761205784.489 107.588 0.10056995 -6.99923e-09
1761205784.499 107.630 0.10061278 -1.11037e-08
1761205784.509 107.672 0.10062768 -8.10680e-10
1761205784.519 107.715 0.10064631 -1.26949e-08
1761205784.529 107.757 0.10068169 6.02563e-09
1761205784.539 107.800 0.10069845 -2.92744e-09
1761205784.549 107.842 0.10074873 -6.14366e-09
1761205784.559 107.885 0.10077201 2.94132e-09
1761205784.569 107.927 0.10079529 -1.21175e-08
1761205784.579 107.969 0.10083625 9.36260e-09
1761205784.589 108.012 0.10086606 -4.17056e-09
1761205784.599 108.054 0.10090237 -4.65691e-09
1761205784.640 108.096 0.10111188 4.80092e-09
1761205784.650 108.139 0.10111188 4.75313e-09
1761205784.660 108.181 0.10114167 1.56255e-08
1761205784.670 108.223 0.10119381 7.81760e-10
1761205784.680 108.265 0.10125899 1.86847e-08
1761205784.690 108.308 0.10125899 1.40404e-08
1761205784.700 108.350 0.10131859 1.28520e-08
1761205784.716 108.392 0.10140146 1.31228e-08
1761205784.722 108.434 0.10145919 4.35430e-08
1761205784.729 108.476 0.10145919 -7.27800e-10
1761205784.740 108.518 0.10149364 7.32418e-08
1761205784.788 108.560 0.10168824 6.57415e-08
1761205784.795 108.603 0.10173388 1.85276e-08
1761205784.800 108.645 0.10176647 4.68600e-08
1761205784.809 108.687 0.10176647 7.72268e-08
1761205784.819 108.729 0.10177391 2.74169e-08
1761205784.829 108.771 0.10182699 7.83199e-08
1761205784.839 108.813 0.10183909 1.16072e-07
1761205784.849 108.855 0.10186795 4.87897e-08
1761205784.859 108.897 0.10189961 1.06479e-07
1761205784.869 108.939 0.10191916 6.04817e-08
1761205784.879 108.981 0.10195549 1.17912e-07
1761205784.889 109.023 0.10196201 1.20783e-07
1761205784.899 109.065 0.10199646 5.39212e-08
1761205784.909 109.107 0.10201322 1.08855e-07
1761205784.919 109.148 0.10203929 1.01948e-07
1761205784.929 109.190 0.10206163 1.53214e-07
1761205784.939 109.232 0.10206536 1.76377e-07
1761205784.949 109.274 0.10211843 1.13195e-07
1761205784.959 109.316 0.10214450 1.70827e-07
1761205784.969 109.358 0.10217243 1.22443e-07
1761205784.979 109.399 0.10221527 1.81667e-07
1761205785.024 109.441 0.10237635 1.88024e-07
1761205785.031 109.483 0.10239778 1.47441e-07
1761205785.040 109.525 0.10239778 2.03975e-07
1761205785.050 109.566 0.10245550 1.33563e-07
1761205785.059 109.608 0.10248530 1.66286e-07
1761205785.069 109.650 0.10250951 1.14926e-07
1761205785.079 109.692 0.10256723 1.62576e-07
1761205785.089 109.733 0.10260170 1.60643e-07
1761205785.099 109.775 0.10264453 9.28182e-08
1761205785.109 109.817 0.10267898 1.35974e-07
1761205785.119 109.858 0.10271156 7.17753e-08
1761205785.129 109.900 0.10275533 1.15633e-07
1761205785.139 109.941 0.10279257 1.12725e-07
1761205785.170 109.983 0.10295738 4.22301e-08
1761205785.193 110.025 0.10299742 4.64262e-08
