1761317548.269 33.801 0.03265674 4.29485e-08
1761317548.275 33.936 0.03262136 1.09301e-08
1761317548.280 34.071 0.03265767 4.75261e-08
1761317548.289 34.205 0.03265767 1.30003e-08
1761317548.337 34.338 0.03261763 -1.10400e-09
1761317548.387 34.471 0.03263812 -3.02540e-09
1761317548.437 34.603 0.03274706 -3.47390e-09
1761317548.444 34.735 0.03277034 2.25063e-08
1761317548.450 34.867 0.03280386 5.69352e-08
1761317548.499 34.997 0.03297892 4.42137e-08
1761317548.549 35.128 0.03324615 4.34137e-08
1761317548.599 35.258 0.03347893 3.95361e-08
1761317548.649 35.387 0.03369123 4.23171e-08
1761317548.702 35.516 0.03388398 1.25655e-06
1761317548.709 35.645 0.03388398 1.86365e-06
1761317548.719 35.773 0.03390260 3.01563e-06
1761317548.729 35.900 0.03391005 4.15319e-06
1761317548.739 36.027 0.03395474 5.56810e-06
1761317548.749 36.154 0.03395754 5.81677e-06
1761317548.759 36.280 0.03398920 6.25414e-06
1761317548.769 36.406 0.03400968 6.48675e-06
1761317548.799 36.531 0.03404227 6.40207e-06
1761317548.822 36.656 0.03406462 3.17471e-06
1761317548.829 36.781 0.03411117 2.56750e-06
1761317548.839 36.905 0.03411117 1.64061e-06
1761317548.849 37.029 0.03412421 8.57772e-07
1761317548.859 37.152 0.03416518 3.78197e-07
1761317548.869 37.275 0.03421453 2.82291e-07
1761317548.879 37.397 0.03424246 1.56270e-07
1761317548.889 37.519 0.03431509 1.47906e-07
1761317548.899 37.641 0.03435699 1.14499e-07
1761317548.909 37.762 0.03443428 3.64853e-08
1761317548.919 37.883 0.03451715 7.08614e-08
1761317548.929 38.003 0.03456929 2.10940e-08
1761317548.939 38.124 0.03466240 5.99628e-08
1761317548.949 38.243 0.03473503 5.31094e-08
1761317548.997 38.363 0.03525368 6.21502e-08
1761317549.003 38.482 0.03537565 7.05400e-09
1761317549.052 38.600 0.03594923 4.58265e-08
1761317549.059 38.718 0.03594923 1.71956e-08
1761317549.069 38.836 0.03606097 4.55502e-08
1761317549.079 38.954 0.03615874 1.44511e-08
1761317549.089 39.071 0.03630120 5.17049e-08
1761317549.136 39.188 0.03678539 1.72601e-08
1761317549.186 39.304 0.03708708 1.43530e-09
1761317549.236 39.421 0.03728262 -1.85200e-10
1761317549.305 39.536 0.03742788 -2.56240e-09
1761317549.377 39.652 0.03752751 3.42856e-08
1761317549.384 39.767 0.03756010 5.03467e-08
1761317549.434 39.882 0.03762341 5.00863e-08
1761317549.441 39.996 0.03762155 1.34465e-08
1761317549.449 40.110 0.03762155 5.07443e-08
1761317549.497 40.224 0.03771001 5.51092e-08
1761317549.503 40.338 0.03773980 -1.13310e-09
1761317549.508 40.451 0.03773980 2.22550e-08
1761317549.518 40.564 0.03776867 4.28663e-08
1761317549.528 40.676 0.03776215 2.03843e-08
1761317549.538 40.788 0.03780312 4.88895e-08
1761317549.548 40.900 0.03783012 3.77548e-08
1761317549.596 41.012 0.03798935 6.32965e-08
1761317549.603 41.123 0.03802939 1.38516e-08
1761317549.651 41.234 0.03830873 4.74230e-08
1761317549.659 41.345 0.03830873 8.68540e-09
1761317549.669 41.456 0.03837670 4.24294e-08
1761317549.679 41.566 0.03843536 2.31382e-08
1761317549.689 41.676 0.03851823 1.76502e-08
1761317549.699 41.785 0.03857782 5.82095e-08
1761317549.753 41.894 0.03904339 2.84717e-08
1761317549.820 42.003 0.03949872 1.63126e-08
1761317549.871 42.112 0.03975944 1.97210e-09
1761317549.879 42.220 0.03975944 3.49347e-08
1761317549.930 42.329 0.03997639 1.64961e-08
1761317549.938 42.436 0.03997639 2.93790e-09
1761317549.986 42.544 0.04006205 8.67940e-09
1761317550.037 42.651 0.04008626 -5.99900e-10
1761317550.087 42.758 0.04019241 -2.44970e-09
1761317550.094 42.865 0.04020638 2.58558e-08
1761317550.100 42.972 0.04022686 5.86606e-08
1761317550.148 43.078 0.04031998 4.26148e-08
1761317550.198 43.184 0.04050993 3.90161e-08
1761317550.249 43.290 0.04069616 3.99810e-08
1761317550.299 43.395 0.04084514 5.00836e-08
1761317550.348 43.500 0.04102578 4.03470e-08
1761317550.416 43.605 0.04115241 6.61992e-08
1761317550.503 43.710 0.04129022 2.49389e-08
1761317550.554 43.815 0.04135633 4.18670e-09
1761317550.561 43.919 0.04137030 3.40731e-08
1761317550.568 44.023 0.04137030 4.95102e-08
1761317550.578 44.126 0.04136005 1.16059e-08
1761317550.588 44.230 0.04140661 4.46725e-08
1761317550.598 44.333 0.04139171 2.84671e-08
1761317550.608 44.436 0.04140196 3.80900e-09
1761317550.618 44.539 0.04143175 4.18588e-08
1761317550.628 44.641 0.04143454 1.60691e-08
1761317550.638 44.744 0.04146714 4.49406e-08
1761317550.648 44.846 0.04146900 4.00022e-08
1761317550.658 44.948 0.04149880 8.23400e-10
1761317550.668 45.049 0.04151183 4.21156e-08
1761317550.678 45.151 0.04151462 2.56304e-08
1761317550.688 45.252 0.04154721 4.56665e-08
1761317550.698 45.353 0.04154535 4.06287e-08
1761317550.708 45.453 0.04159098 8.52300e-10
1761317550.718 45.554 0.04163940 4.26186e-08
1761317550.728 45.654 0.04167943 1.70791e-08
1761317550.738 45.754 0.04175858 4.71893e-08
1761317550.748 45.854 0.04178931 3.41946e-08
1761317550.758 45.954 0.04185542 -4.53600e-09
1761317550.768 46.053 0.04193270 4.27789e-08
1761317550.778 46.152 0.04197926 2.47194e-08
1761317550.788 46.251 0.04208727 5.14410e-08
1761317550.798 46.350 0.04217107 3.65402e-08
1761317550.808 46.448 0.04228374 -4.16230e-09
1761317550.818 46.547 0.04238710 4.28250e-08
1761317550.828 46.645 0.04248207 1.91686e-08
1761317550.838 46.743 0.04260871 4.95686e-08
1761317550.848 46.840 0.04271393 3.88347e-08
1761317550.858 46.938 0.04284242 -2.20650e-09
1761317550.868 47.035 0.04295974 4.29341e-08
1761317550.878 47.132 0.04305751 2.87186e-08
1761317550.888 47.229 0.04319439 5.23088e-08
1761317550.898 47.326 0.04331264 3.46543e-08
1761317550.908 47.422 0.04344952 -6.21140e-09
1761317550.918 47.519 0.04356684 4.22002e-08
1761317550.928 47.615 0.04368230 2.28285e-08
1761317550.938 47.711 0.04380335 5.67902e-08
1761317550.985 47.806 0.04431268 3.50600e-08
1761317550.992 47.902 0.04439741 1.53015e-08
1761317550.998 47.997 0.04448960 4.21579e-08
1761317551.068 48.092 0.04502966 4.27345e-08
1761317551.078 48.187 0.04502966 1.71088e-08
1761317551.088 48.282 0.04509949 5.14618e-08
1761317551.136 48.377 0.04537511 2.80960e-09
1761317551.187 48.471 0.04553992 1.13780e-09
1761317551.237 48.565 0.04564607 2.89000e-10
1761317551.244 48.659 0.04563303 2.59912e-08
1761317551.250 48.753 0.04565258 5.71809e-08
1761317551.315 48.847 0.04575687 6.06445e-08
1761317551.365 48.940 0.04585371 6.15296e-08
1761317551.416 49.034 0.04600828 6.33349e-08
1761317551.466 49.127 0.04615447 6.47021e-08
1761317551.516 49.220 0.04627086 6.28793e-08
1761317551.566 49.313 0.04636397 5.94902e-08
1761317551.657 49.405 0.04650643 5.34670e-09
1761317551.668 49.498 0.04651761 4.59558e-08
1761317551.678 49.590 0.04653251 1.62040e-08
1761317551.688 49.682 0.04655671 3.94165e-08
1761317551.736 49.774 0.04663959 5.72160e-09
1761317551.786 49.866 0.04671594 2.78800e-09
1761317551.836 49.957 0.04683605 -3.40000e-11
1761317551.886 50.049 0.04698504 -2.87390e-09
1761317551.936 50.140 0.04712657 -3.51410e-09
1761317551.987 50.231 0.04725879 -4.25910e-09
1761317551.993 50.322 0.04725320 2.25036e-08
1761317551.999 50.413 0.04727462 5.65094e-08
1761317552.065 50.504 0.04738729 5.44938e-08
1761317552.115 50.594 0.04745153 5.71208e-08
1761317552.194 50.684 0.04762566 2.56048e-08
1761317552.200 50.774 0.04766290 4.92301e-08
1761317552.207 50.864 0.04766290 3.24308e-08
1761317552.217 50.954 0.04769177 5.71525e-08
1761317552.227 51.044 0.04771132 5.58459e-08
1761317552.237 51.133 0.04775136 1.09347e-07
1761317552.247 51.223 0.04775788 9.49278e-08
1761317552.257 51.312 0.04779326 1.03108e-07
1761317552.267 51.401 0.04779792 1.80386e-07
1761317552.277 51.490 0.04780537 1.92539e-07
1761317552.287 51.578 0.04785751 2.31176e-07
1761317552.297 51.667 0.04786403 3.41296e-07
1761317552.307 51.755 0.04790034 4.47954e-07
1761317552.317 51.844 0.04790221 6.34390e-07
1761317552.327 51.932 0.04791431 7.17954e-07
1761317552.337 52.020 0.04794224 1.12216e-06
1761317552.347 52.107 0.04795062 1.25521e-06
1761317552.357 52.195 0.04801487 2.10544e-06
1761317552.367 52.283 0.04806050 2.80613e-06
1761317552.377 52.370 0.04808936 3.75760e-06
1761317552.387 52.457 0.04814709 4.74291e-06
1761317552.397 52.544 0.04817968 6.24020e-06
1761317552.407 52.631 0.04826535 5.96312e-06
1761317552.417 52.718 0.04833891 5.80386e-06
1761317552.427 52.805 0.04836870 5.23484e-06
1761317552.437 52.891 0.04847299 4.28363e-06
1761317552.447 52.978 0.04851768 2.74278e-06
1761317552.457 53.064 0.04860987 1.26452e-06
1761317552.467 53.150 0.04869646 7.69677e-07
1761317552.477 53.236 0.04878306 3.92172e-07
1761317552.487 53.322 0.04888362 1.42712e-07
1761317552.497 53.407 0.04895718 8.58776e-08
1761317552.507 53.493 0.04908009 1.19519e-08
1761317552.517 53.578 0.04918996 6.09547e-08
1761317552.527 53.663 0.04929518 3.12849e-08
1761317552.537 53.749 0.04940040 6.74041e-08
1761317552.585 53.834 0.04990787 4.02569e-08
1761317552.591 53.918 0.04998608 8.62920e-09
1761317552.598 54.003 0.05010620 4.05749e-08
1761317552.664 54.088 0.05060808 4.40720e-08
1761317552.732 54.172 0.05099078 7.75755e-08
1761317552.782 54.257 0.05113138 7.86478e-08
1761317552.788 54.341 0.05112579 6.69622e-08
1761317552.796 54.425 0.05112579 1.75263e-07
1761317552.807 54.509 0.05115466 2.79512e-07
1761317552.816 54.593 0.05115466 4.06151e-07
1761317552.826 54.676 0.05115000 5.83992e-07
1761317552.836 54.760 0.05115652 7.76753e-07
1761317552.846 54.843 0.05114814 8.88989e-07
1761317552.856 54.926 0.05116583 1.21136e-06
1761317552.866 55.010 0.05116863 2.24507e-06
1761317552.876 55.093 0.05116211 1.88319e-06
1761317552.886 55.176 0.05115838 2.15936e-06
1761317552.896 55.258 0.05115466 2.42139e-06
1761317552.906 55.341 0.05118073 2.96884e-06
1761317552.916 55.424 0.05118259 3.61758e-06
1761317552.926 55.506 0.05117049 4.27308e-06
1761317552.936 55.588 0.05121518 4.82091e-06
1761317552.946 55.671 0.05123659 6.03382e-06
1761317552.956 55.753 0.05129153 8.26697e-06
1761317552.966 55.835 0.05131109 1.08933e-05
1761317552.976 55.916 0.05134833 1.37365e-05
1761317552.986 55.998 0.05143027 2.26262e-05
1761317552.996 56.080 0.05146845 2.63293e-05
1761317553.006 56.161 0.05155132 3.20837e-05
1761317553.016 56.242 0.05162767 3.19701e-05
1761317553.026 56.324 0.05167888 3.00537e-05
1761317553.036 56.405 0.05176734 3.09625e-05
1761317553.046 56.486 0.05182787 2.11162e-05
1761317553.056 56.567 0.05194426 7.14734e-06
1761317553.066 56.647 0.05204110 2.70735e-06
1761317553.076 56.728 0.05212024 1.12749e-06
1761317553.086 56.809 0.05223105 1.95258e-06
1761317553.096 56.889 0.05228971 2.27171e-06
1761317553.106 56.969 0.05241914 2.21186e-06
1761317553.116 57.049 0.05251877 2.06174e-06
1761317553.126 57.130 0.05260909 6.76397e-07
1761317553.137 57.210 0.05279811 8.99770e-08
1761317553.146 57.289 0.05279811 1.36101e-07
1761317553.156 57.369 0.05289867 7.77360e-08
1761317553.166 57.449 0.05299085 2.70839e-07
1761317553.176 57.528 0.05307186 4.05369e-07
1761317553.186 57.608 0.05318453 4.77017e-07
1761317553.196 57.687 0.05324878 3.46908e-07
1761317553.206 57.766 0.05335027 2.49367e-07
1761317553.216 57.845 0.05342197 1.20912e-07
1761317553.226 57.924 0.05350298 6.62222e-08
1761317553.236 58.003 0.05360633 7.97013e-08
1761317553.285 58.082 0.05396948 4.35647e-08
1761317553.291 58.161 0.05402348 1.18371e-07
1761317553.302 58.239 0.05410356 1.41511e-07
1761317553.308 58.318 0.05415477 2.70930e-07
1761317553.321 58.396 0.05419202 3.58038e-07
1761317553.332 58.474 0.05428885 2.84042e-07
1761317553.341 58.552 0.05433913 1.35010e-07
1761317553.349 58.630 0.05441083 1.72357e-07
1761317553.358 58.708 0.05446298 8.49709e-08
1761317553.366 58.786 0.05446298 8.37890e-08
1761317553.376 58.864 0.05452536 6.91457e-08
1761317553.386 58.941 0.05458589 1.00185e-07
1761317553.396 59.019 0.05461568 5.42631e-08
1761317553.406 59.096 0.05468366 6.65000e-08
1761317553.416 59.174 0.05472369 1.35090e-07
1761317553.426 59.251 0.05477584 1.44569e-07
1761317553.436 59.328 0.05484102 2.06023e-07
1761317553.446 59.405 0.05486243 1.35536e-07
1761317553.456 59.482 0.05491179 1.11876e-07
1761317553.466 59.559 0.05495555 1.54846e-07
1761317553.476 59.635 0.05500583 1.09779e-07
1761317553.486 59.712 0.05508125 1.22540e-07
1761317553.496 59.788 0.05512408 8.17900e-08
1761317553.506 59.865 0.05520136 6.39913e-08
1761317553.516 59.941 0.05524234 1.08955e-07
1761317553.526 60.017 0.05529820 7.59032e-08
1761317553.536 60.094 0.05538946 7.70826e-07
1761317553.546 60.170 0.05543787 1.91093e-06
1761317553.556 60.245 0.05550492 7.38968e-06
1761317553.566 60.321 0.05558313 1.19497e-05
1761317553.576 60.397 0.05565669 3.26921e-05
1761317553.586 60.473 0.05574794 6.16954e-05
1761317553.596 60.548 0.05580102 1.23021e-04
1761317553.606 60.624 0.05588389 1.45797e-04
1761317553.616 60.699 0.05597048 1.33351e-04
1761317553.626 60.774 0.05604032 1.22718e-04
1761317553.636 60.850 0.05613809 7.92397e-05
1761317553.646 60.925 0.05621537 2.34689e-05
1761317553.656 61.000 0.05630383 3.61382e-06
1761317553.667 61.075 0.05644629 8.27530e-07
1761317553.676 61.149 0.05644629 1.11448e-06
1761317553.686 61.224 0.05655338 6.93777e-07
1761317553.697 61.299 0.05672098 1.26864e-07
1761317553.707 61.373 0.05678150 9.09430e-08
1761317553.719 61.448 0.05685692 4.63440e-08
1761317553.731 61.522 0.05696866 4.96700e-07
1761317553.737 61.596 0.05701242 3.32030e-07
1761317553.746 61.670 0.05701242 4.81461e-07
1761317553.756 61.745 0.05708132 1.18353e-06
1761317553.766 61.819 0.05713906 2.98743e-06
1761317553.776 61.892 0.05721727 4.38154e-06
1761317553.786 61.966 0.05729362 7.49672e-06
1761317553.815 62.040 0.05749475 8.24005e-06
1761317553.840 62.114 0.05768563 7.30993e-07
1761317553.847 62.187 0.05774243 1.09652e-06
1761317553.856 62.261 0.05774243 9.77301e-07
1761317553.866 62.334 0.05780761 7.50145e-07
1761317553.876 62.407 0.05788583 6.67490e-07
1761317553.886 62.481 0.05796218 9.26090e-07
1761317553.896 62.554 0.05800315 6.54448e-07
1761317553.906 62.627 0.05808695 4.26589e-07
1761317553.916 62.700 0.05813258 3.61041e-07
1761317553.926 62.773 0.05820800 1.69679e-07
1761317553.936 62.845 0.05827504 1.68045e-07
1761317553.946 62.918 0.05830112 1.12625e-07
1761317553.956 62.991 0.05837095 1.04350e-07
1761317553.966 63.063 0.05839981 1.57384e-07
1761317553.976 63.136 0.05846406 1.66007e-07
1761317553.986 63.208 0.05853669 1.02324e-07
1761317553.998 63.280 0.05863073 2.14325e-07
1761317554.007 63.353 0.05867077 1.46640e-07
1761317554.016 63.425 0.05867077 1.52191e-07
1761317554.026 63.497 0.05870616 9.49225e-08
1761317554.036 63.569 0.05878623 1.43648e-07
1761317554.046 63.640 0.05882534 1.30100e-07
1761317554.056 63.712 0.05889052 1.64625e-07
1761317554.066 63.784 0.05893708 2.27885e-07
1761317554.076 63.856 0.05899015 4.52499e-07
1761317554.086 63.927 0.05906278 7.48320e-07
1761317554.096 63.999 0.05910375 1.15111e-06
1761317554.106 64.070 0.05918289 2.82112e-06
1761317554.116 64.141 0.05923411 2.98668e-06
1761317554.126 64.213 0.05929929 2.91494e-06
1761317554.136 64.284 0.05938309 1.85484e-06
1761317554.146 64.355 0.05943896 1.44267e-06
1761317554.156 64.426 0.05953021 8.85992e-07
1761317554.166 64.497 0.05959353 4.31775e-07
1761317554.177 64.568 0.05973226 2.61547e-07
1761317554.186 64.638 0.05973226 3.55466e-07
1761317554.196 64.709 0.05988497 4.09582e-07
1761317554.206 64.780 0.05988497 1.15050e-06
1761317554.216 64.850 0.05995294 1.10334e-06
1761317554.226 64.921 0.06001440 1.73247e-06
1761317554.236 64.991 0.06009820 9.61333e-07
1761317554.246 65.061 0.06016990 1.23809e-06
1761317554.256 65.132 0.06025463 9.26089e-07
1761317554.266 65.202 0.06032447 4.77585e-07
1761317554.310 65.272 0.06066433 2.01056e-07
1761317554.316 65.342 0.06073323 3.15274e-07
1761317554.326 65.412 0.06073323 6.22653e-07
1761317554.336 65.482 0.06081517 2.01080e-06
1761317554.393 65.551 0.06119694 1.00946e-04
1761317554.399 65.621 0.06124070 1.05040e-04
1761317554.406 65.691 0.06124070 1.04018e-04
1761317554.416 65.760 0.06128726 1.06631e-04
1761317554.426 65.830 0.06135523 8.50273e-05
1761317554.436 65.899 0.06142041 7.14490e-05
1761317554.446 65.968 0.06143810 3.73996e-05
1761317554.456 66.038 0.06148931 1.54545e-05
1761317554.466 66.107 0.06153215 6.73897e-06
1761317554.476 66.176 0.06157498 4.15362e-06
1761317554.486 66.245 0.06161502 2.53431e-06
1761317554.496 66.314 0.06163364 1.76845e-06
1761317554.506 66.383 0.06167554 7.62928e-07
1761317554.515 66.452 0.06169882 8.47863e-07
1761317554.525 66.521 0.06173048 4.72446e-07
1761317554.536 66.589 0.06178169 4.02951e-07
1761317554.546 66.658 0.06180031 4.42473e-07
1761317554.555 66.726 0.06184594 2.70382e-07
1761317554.565 66.795 0.06185805 5.25934e-07
1761317554.575 66.863 0.06188877 3.53119e-07
1761317554.585 66.932 0.06193998 5.77439e-07
1761317554.595 67.000 0.06196513 2.68041e-07
1761317554.605 67.068 0.06201354 2.13964e-07
1761317554.615 67.136 0.06204613 3.07242e-07
1761317554.625 67.204 0.06210759 3.71695e-07
1761317554.635 67.272 0.06218301 8.33462e-07
1761317554.645 67.340 0.06221188 8.97577e-07
1761317554.655 67.408 0.06229009 8.17341e-07
1761317554.665 67.476 0.06234689 9.24792e-07
1761317554.675 67.544 0.06239531 1.26076e-06
1761317554.685 67.611 0.06247446 1.60728e-06
1761317554.695 67.679 0.06253871 8.49325e-07
1761317554.705 67.746 0.06261972 7.30312e-07
1761317554.715 67.814 0.06268396 9.02752e-07
1761317554.725 67.881 0.06275473 5.44180e-07
1761317554.735 67.949 0.06284877 3.09659e-07
1761317554.745 68.016 0.06290371 2.06605e-07
1761317554.755 68.083 0.06300055 5.04238e-07
1761317554.765 68.150 0.06307225 7.35556e-07
1761317554.775 68.217 0.06313742 7.86375e-07
1761317554.785 68.284 0.06322216 1.42131e-06
1761317554.795 68.351 0.06327244 1.88931e-06
1761317554.805 68.418 0.06338045 2.13892e-06
1761317554.815 68.485 0.06344749 1.17845e-06
1761317554.825 68.551 0.06352291 1.57927e-06
1761317554.835 68.618 0.06359088 1.76365e-06
1761317554.845 68.685 0.06364489 7.53552e-07
1761317554.855 68.751 0.06375570 6.64801e-07
1761317554.865 68.818 0.06381249 1.00068e-06
1761317554.875 68.884 0.06387395 2.60557e-06
1761317554.885 68.950 0.06393820 3.51531e-06
1761317554.895 69.017 0.06398476 5.50216e-06
1761317554.943 69.083 0.06426503 5.53149e-06
1761317554.950 69.149 0.06435535 1.68722e-06
1761317554.958 69.215 0.06439539 1.07033e-06
1761317554.966 69.281 0.06439539 7.73845e-07
1761317554.975 69.347 0.06445963 7.00480e-07
1761317554.985 69.413 0.06452761 6.07878e-07
1761317554.995 69.479 0.06456578 4.49778e-07
1761317555.005 69.545 0.06463283 3.23489e-07
1761317555.015 69.610 0.06466821 4.11457e-07
1761317555.025 69.676 0.06472035 3.88412e-07
1761317555.035 69.741 0.06479298 4.16255e-07
1761317555.045 69.807 0.06483023 5.38896e-07
1761317555.055 69.872 0.06489168 5.18876e-07
1761317555.065 69.938 0.06491776 5.12291e-07
1761317555.075 70.003 0.06497269 7.79436e-07
1761317555.085 70.068 0.06503135 7.43409e-07
1761317555.095 70.134 0.06506394 8.19045e-07
1761317555.105 70.199 0.06511795 1.47216e-06
1761317555.115 70.264 0.06514402 1.28841e-06
1761317555.125 70.329 0.06519430 1.36744e-06
1761317555.135 70.394 0.06526600 9.40964e-07
1761317555.145 70.459 0.06528276 1.22195e-06
1761317555.155 70.524 0.06533769 1.02263e-06
1761317555.165 70.588 0.06537680 7.43651e-07
1761317555.175 70.653 0.06543546 6.04131e-07
1761317555.185 70.718 0.06549878 6.95686e-07
1761317555.195 70.783 0.06554254 1.33839e-06
1761317555.205 70.847 0.06560307 2.07163e-06
1761317555.215 70.912 0.06565428 1.26091e-06
1761317555.225 70.976 0.06570736 1.10026e-06
1761317555.235 71.040 0.06578278 1.24533e-06
1761317555.245 71.105 0.06583027 1.18816e-06
1761317555.255 71.169 0.06589917 1.00781e-06
1761317555.265 71.233 0.06594480 8.27702e-07
1761317555.276 71.297 0.06610681 1.70107e-07
1761317555.285 71.361 0.06610681 9.71073e-08
1761317555.295 71.425 0.06613940 7.58339e-08
1761317555.305 71.489 0.06623251 1.10222e-07
1761317555.315 71.553 0.06629676 1.99291e-07
1761317555.325 71.617 0.06635728 1.13404e-07
1761317555.335 71.681 0.06644202 1.67172e-07
1761317555.345 71.745 0.06649510 1.75287e-07
1761317555.355 71.808 0.06658262 8.28250e-08
1761317555.365 71.872 0.06665711 1.58437e-07
1761317555.375 71.936 0.06671764 1.33680e-07
1761317555.385 71.999 0.06678374 1.67628e-07
1761317555.395 72.063 0.06680982 2.61154e-07
1761317555.405 72.126 0.06691504 2.92289e-07
1761317555.415 72.189 0.06696532 4.20012e-07
1761317555.425 72.253 0.06702211 5.62321e-07
1761317555.435 72.316 0.06708823 3.58289e-07
1761317555.445 72.379 0.06712361 3.04561e-07
1761317555.474 72.442 0.06733498 2.47363e-07
1761317555.498 72.505 0.06750631 2.40301e-07
1761317555.509 72.568 0.06754262 1.90999e-07
1761317555.515 72.631 0.06754262 3.82026e-07
1761317555.525 72.694 0.06760035 4.36943e-07
1761317555.535 72.757 0.06767949 4.01892e-07
1761317555.545 72.820 0.06772512 3.31094e-07
1761317555.555 72.883 0.06777726 6.11390e-07
1761317555.565 72.945 0.06782382 1.25123e-06
1761317555.575 73.008 0.06788248 2.48354e-06
1761317555.585 73.071 0.06794673 3.39708e-06
1761317555.595 73.133 0.06797560 5.54980e-06
1761317555.605 73.196 0.06805195 8.87500e-06
1761317555.615 73.258 0.06807057 1.31524e-05
1761317555.625 73.321 0.06812458 2.66018e-05
1761317555.635 73.383 0.06818045 4.04257e-05
1761317555.645 73.445 0.06820559 5.45515e-05
1761317555.655 73.507 0.06826704 8.34589e-05
1761317555.665 73.569 0.06830801 1.02439e-04
1761317555.675 73.632 0.06834339 1.07400e-04
1761317555.685 73.694 0.06839926 1.11408e-04
1761317555.695 73.756 0.06842068 1.07418e-04
1761317555.705 73.818 0.06848307 1.01360e-04
1761317555.715 73.880 0.06852590 9.01611e-05
1761317555.725 73.941 0.06856222 8.02068e-05
1761317555.735 74.003 0.06862087 5.97775e-05
1761317555.745 74.065 0.06865998 3.55673e-05
1761317555.755 74.127 0.06872982 1.94963e-05
1761317555.765 74.188 0.06877451 1.12531e-05
1761317555.775 74.250 0.06881828 8.81104e-06
1761317555.785 74.311 0.06887693 6.27647e-06
1761317555.795 74.373 0.06893653 3.53015e-06
1761317555.805 74.434 0.06901195 1.25389e-06
1761317555.815 74.496 0.06904827 9.11658e-07
1761317555.825 74.557 0.06911530 3.54806e-07
1761317555.835 74.618 0.06919445 4.29580e-07
1761317555.845 74.680 0.06923915 1.74868e-07
1761317555.855 74.741 0.06931736 1.64734e-07
1761317555.867 74.802 0.06943561 2.25815e-07
1761317555.875 74.863 0.06952035 1.53531e-07
1761317555.885 74.924 0.06952035 1.87154e-07
1761317555.895 74.985 0.06957529 1.54625e-07
1761317555.905 75.046 0.06965629 1.39133e-07
1761317555.915 75.107 0.06968609 1.60460e-07
1761317555.925 75.168 0.06974941 1.36410e-07
1761317555.935 75.229 0.06982390 2.69402e-07
1761317555.945 75.289 0.06987790 2.15085e-07
1761317555.955 75.350 0.06995612 1.40869e-07
1761317555.965 75.411 0.06998871 2.57913e-07
1761317555.975 75.471 0.07005389 1.34747e-07
1761317555.985 75.532 0.07013769 1.29257e-07
1761317555.995 75.592 0.07018239 1.82458e-07
1761317556.026 75.653 0.07043193 1.24353e-07
1761317556.035 75.713 0.07043193 1.37611e-07
1761317556.045 75.774 0.07046266 1.19209e-07
1761317556.055 75.834 0.07053156 1.31451e-07
1761317556.065 75.894 0.07062188 2.82994e-07
1761317556.075 75.954 0.07062188 1.13560e-07
1761317556.085 76.014 0.07069637 2.19802e-07
1761317556.098 76.075 0.07082394 2.63483e-07
1761317556.109 76.135 0.07083697 8.67691e-08
1761317556.116 76.195 0.07089564 2.02995e-07
1761317556.125 76.255 0.07089564 1.45868e-07
1761317556.135 76.315 0.07095895 1.14324e-07
1761317556.145 76.374 0.07099061 8.62318e-08
1761317556.155 76.434 0.07106882 8.69641e-08
1761317556.165 76.494 0.07108093 1.39719e-07
1761317556.175 76.554 0.07113680 1.56349e-07
1761317556.185 76.614 0.07120942 1.72417e-07
1761317556.195 76.673 0.07123364 1.89610e-07
1761317556.205 76.733 0.07129230 3.81635e-07
1761317556.215 76.792 0.07131279 4.21585e-07
1761317556.225 76.852 0.07135748 3.78140e-07
1761317556.235 76.911 0.07139286 4.56903e-07
1761317556.245 76.971 0.07142452 4.77948e-07
1761317556.255 77.030 0.07149994 4.58060e-07
1761317556.265 77.089 0.07155116 4.85727e-07
1761317556.276 77.149 0.07166103 2.49331e-07
1761317556.285 77.208 0.07166103 2.74482e-07
1761317556.295 77.267 0.07168896 1.79839e-07
1761317556.305 77.326 0.07178115 1.71967e-07
1761317556.315 77.385 0.07181094 1.60755e-07
1761317556.324 77.444 0.07185843 1.46998e-07
1761317556.334 77.503 0.07191895 2.99445e-07
1761317556.344 77.562 0.07195154 3.09849e-07
1761317556.354 77.621 0.07203255 3.66720e-07
1761317556.364 77.680 0.07207352 3.53927e-07
1761317556.374 77.739 0.07215546 3.11709e-07
1761317556.384 77.798 0.07222995 3.94703e-07
1761317556.394 77.857 0.07225695 2.74926e-07
1761317556.404 77.915 0.07232679 2.63150e-07
1761317556.414 77.974 0.07238917 2.83016e-07
1761317556.424 78.033 0.07245156 2.67271e-07
1761317556.434 78.091 0.07251301 2.97142e-07
1761317556.444 78.150 0.07255119 2.31849e-07
1761317556.454 78.208 0.07264245 2.71980e-07
1761317556.464 78.267 0.07268528 2.96649e-07
1761317556.474 78.325 0.07275697 2.49938e-07
1761317556.484 78.383 0.07281191 2.36422e-07
1761317556.494 78.442 0.07284822 1.33155e-07
1761317556.504 78.500 0.07294320 1.53126e-07
1761317556.514 78.558 0.07299628 1.72877e-07
1761317556.524 78.616 0.07304562 1.20881e-07
1761317556.534 78.674 0.07311546 1.49076e-07
1761317556.581 78.732 0.07337804 1.70437e-07
1761317556.608 78.790 0.07352702 5.18489e-07
1761317556.615 78.848 0.07359779 1.17686e-06
1761317556.625 78.906 0.07359779 1.55154e-06
1761317556.635 78.964 0.07365738 2.62021e-06
1761317556.645 79.022 0.07367135 3.16734e-06
1761317556.654 79.080 0.07375608 4.58497e-06
1761317556.664 79.138 0.07379239 6.01998e-06
1761317556.674 79.196 0.07383522 6.64724e-06
1761317556.684 79.253 0.07387434 6.83028e-06
1761317556.694 79.311 0.07391437 6.86141e-06
1761317556.704 79.369 0.07397955 6.42339e-06
1761317556.714 79.426 0.07400469 6.12867e-06
1761317556.724 79.484 0.07403821 5.47072e-06
1761317556.734 79.541 0.07408570 4.74375e-06
1761317556.744 79.599 0.07409501 3.84928e-06
1761317556.754 79.656 0.07414809 3.03850e-06
1761317556.764 79.713 0.07417974 1.99767e-06
1761317556.774 79.771 0.07422072 1.32145e-06
1761317556.784 79.828 0.07425144 9.45899e-07
1761317556.794 79.885 0.07425796 7.46810e-07
1761317556.804 79.943 0.07430359 7.28585e-07
1761317556.814 80.000 0.07432780 6.26315e-07
1761317556.824 80.057 0.07438087 4.54823e-07
1761317556.834 80.114 0.07442743 3.92609e-07
1761317556.844 80.171 0.07444884 2.41316e-07
1761317556.854 80.228 0.07451403 2.97828e-07
1761317556.864 80.285 0.07454475 2.78104e-07
1761317556.874 80.342 0.07458944 1.57512e-07
1761317556.884 80.399 0.07464811 1.44493e-07
1761317556.894 80.456 0.07467697 8.42400e-08
1761317556.904 80.512 0.07474960 1.77565e-07
1761317556.914 80.569 0.07478964 1.78195e-07
1761317556.924 80.626 0.07484550 1.62500e-07
1761317556.934 80.683 0.07490603 1.62430e-07
1761317556.944 80.739 0.07495165 1.06859e-07
1761317556.954 80.796 0.07502894 1.63569e-07
1761317556.964 80.852 0.07506618 1.72323e-07
1761317556.974 80.909 0.07514161 9.30706e-08
1761317556.984 80.965 0.07521703 9.17688e-08
1761317556.994 81.022 0.07526172 2.90901e-08
1761317557.004 81.078 0.07533063 8.87147e-08
1761317557.014 81.135 0.07536787 6.46935e-08
1761317557.024 81.191 0.07544702 1.39504e-08
1761317557.034 81.247 0.07552151 5.34278e-08
1761317557.044 81.303 0.07556248 1.89512e-08
1761317557.054 81.360 0.07563790 5.70301e-08
1761317557.064 81.416 0.07567980 4.70106e-08
1761317557.074 81.472 0.07573940 -4.92400e-10
1761317557.084 81.528 0.07579899 3.26611e-08
1761317557.132 81.584 0.07609323 5.23198e-08
1761317557.139 81.640 0.07612954 4.65106e-08
1761317557.145 81.696 0.07620403 9.61362e-08
1761317557.154 81.752 0.07620403 1.18146e-07
1761317557.164 81.808 0.07624407 1.21738e-07
1761317557.187 81.864 0.07636419 2.09343e-07
1761317557.194 81.920 0.07636419 2.55103e-07
1761317557.204 81.975 0.07643588 2.77290e-07
1761317557.214 82.031 0.07647033 2.89355e-07
1761317557.225 82.087 0.07656717 2.19046e-07
1761317557.234 82.143 0.07656717 2.49795e-07
1761317557.244 82.198 0.07658859 1.72668e-07
1761317557.254 82.254 0.07665284 1.96297e-07
1761317557.264 82.309 0.07668357 1.75623e-07
1761317557.274 82.365 0.07672826 1.02798e-07
1761317557.284 82.420 0.07675154 1.10584e-07
1761317557.294 82.476 0.07678878 6.90826e-08
1761317557.304 82.531 0.07684279 9.15849e-08
1761317557.314 82.587 0.07685396 8.48301e-08
1761317557.324 82.642 0.07689400 3.38536e-08
1761317557.334 82.697 0.07694242 9.24319e-08
1761317557.344 82.752 0.07696291 6.11112e-08
1761317557.354 82.808 0.07700946 9.33041e-08
1761317557.364 82.863 0.07703460 8.10845e-08
1761317557.374 82.918 0.07708861 5.38399e-08
1761317557.384 82.973 0.07715192 9.40459e-08
1761317557.394 83.028 0.07716869 5.32649e-08
1761317557.404 83.083 0.07722921 1.04052e-07
1761317557.414 83.138 0.07726087 8.47378e-08
1761317557.424 83.193 0.07730091 2.97337e-08
1761317557.434 83.248 0.07735491 8.95950e-08
1761317557.444 83.303 0.07740147 4.81774e-08
1761317557.454 83.358 0.07746386 7.81184e-08
1761317557.464 83.413 0.07748061 5.98436e-08
1761317557.474 83.468 0.07754487 2.28273e-08
1761317557.484 83.522 0.07760632 5.62752e-08
1761317557.494 83.577 0.07767150 4.13744e-08
1761317557.504 83.632 0.07775065 6.91319e-08
1761317557.514 83.686 0.07778323 6.15023e-08
1761317557.524 83.741 0.07784842 2.15911e-08
1761317557.534 83.796 0.07791359 6.99413e-08
1761317557.544 83.850 0.07794525 6.83501e-08
1761317557.554 83.905 0.07801788 1.37378e-07
1761317557.564 83.959 0.07807654 2.08946e-07
1761317557.574 84.014 0.07814265 4.53063e-07
1761317557.584 84.068 0.07819573 8.07586e-07
1761317557.594 84.122 0.07823483 1.26478e-06
1761317557.604 84.177 0.07831305 2.43555e-06
1761317557.614 84.231 0.07834098 2.93627e-06
1761317557.624 84.285 0.07840430 4.22606e-06
1761317557.634 84.339 0.07847414 6.40833e-06
1761317557.663 84.394 0.07860543 9.48746e-06
1761317557.690 84.448 0.07876186 6.16443e-05
1761317557.697 84.502 0.07882518 7.79401e-05
1761317557.704 84.556 0.07882518 8.66874e-05
1761317557.714 84.610 0.07885311 1.00911e-04
1761317557.724 84.664 0.07893784 9.33637e-05
1761317557.734 84.718 0.07898440 1.01227e-04
1761317557.744 84.772 0.07900954 9.88139e-05
1761317557.754 84.826 0.07907193 8.82921e-05
1761317557.764 84.880 0.07909893 8.28241e-05
1761317557.774 84.934 0.07915387 7.04272e-05
1761317557.784 84.987 0.07921346 6.06078e-05
1761317557.794 85.041 0.07923022 4.59183e-05
1761317557.804 85.095 0.07928795 2.90193e-05
1761317557.814 85.149 0.07931495 1.49946e-05
1761317557.824 85.202 0.07936617 1.16088e-05
1761317557.834 85.256 0.07940807 8.86308e-06
1761317557.844 85.309 0.07942576 6.91518e-06
1761317557.854 85.363 0.07946672 5.65925e-06
1761317557.864 85.417 0.07950025 4.42342e-06
1761317557.874 85.470 0.07953470 3.32495e-06
1761317557.884 85.524 0.07958218 2.67113e-06
1761317557.894 85.577 0.07961664 1.84460e-06
1761317557.904 85.630 0.07967251 1.27533e-06
1761317557.914 85.684 0.07967995 8.72066e-07
1761317557.924 85.737 0.07972651 4.38142e-07
1761317557.934 85.790 0.07979355 2.75600e-07
1761317557.944 85.844 0.07983266 1.37275e-07
1761317557.954 85.897 0.07988946 1.28842e-07
1761317557.964 85.950 0.07992392 6.39457e-08
1761317557.974 86.003 0.07997885 3.49010e-08
1761317557.984 86.056 0.08002169 1.17591e-07
1761317557.994 86.110 0.08005055 6.49711e-08
1761317558.004 86.163 0.08012038 1.13110e-07
1761317558.014 86.216 0.08015484 4.80689e-08
1761317558.024 86.269 0.08022653 2.05143e-08
1761317558.034 86.322 0.08028333 9.37820e-08
1761317558.044 86.375 0.08032989 1.07504e-07
1761317558.054 86.428 0.08040345 1.02501e-07
1761317558.064 86.480 0.08044348 8.07515e-08
1761317558.073 86.533 0.08050587 2.37319e-08
1761317558.083 86.586 0.08056453 6.97119e-08
1761317558.093 86.639 0.08058688 7.52376e-08
1761317558.103 86.692 0.08067254 1.02052e-07
1761317558.113 86.744 0.08070421 5.77520e-08
1761317558.123 86.797 0.08076752 1.52362e-08
1761317558.133 86.850 0.08083736 6.16650e-08
1761317558.143 86.902 0.08088112 3.60239e-08
1761317558.153 86.955 0.08095375 6.08223e-08
1761317558.163 87.007 0.08097144 3.94680e-08
1761317558.173 87.060 0.08105804 3.20462e-08
1761317558.183 87.112 0.08110925 9.14266e-08
1761317558.213 87.165 0.08123402 5.90085e-08
1761317558.223 87.217 0.08131689 1.02276e-07
1761317558.229 87.270 0.08134110 1.13654e-07
1761317558.235 87.322 0.08138114 6.09509e-08
1761317558.243 87.374 0.08138114 7.58581e-08
1761317558.253 87.427 0.08145470 1.18770e-07
1761317558.263 87.479 0.08146122 7.89518e-08
1761317558.273 87.531 0.08151429 7.08561e-08
1761317558.283 87.584 0.08156551 1.29599e-07
1761317558.293 87.636 0.08161206 1.21871e-07
1761317558.303 87.688 0.08169028 9.76385e-08
1761317558.313 87.740 0.08170052 9.66511e-08
1761317558.323 87.792 0.08174242 7.25540e-08
1761317558.333 87.844 0.08180015 1.09988e-07
1761317558.343 87.896 0.08183460 8.12880e-08
1761317558.353 87.948 0.08189885 1.03416e-07
1761317558.363 88.000 0.08191934 7.89794e-08
1761317558.373 88.052 0.08197799 5.45729e-08
1761317558.383 88.104 0.08200686 7.81800e-08
1761317558.393 88.156 0.08203759 4.41678e-08
1761317558.403 88.208 0.08209904 6.37633e-08
1761317558.413 88.259 0.08212977 3.54620e-08
1761317558.423 88.311 0.08218098 1.26674e-08
1761317558.433 88.363 0.08222196 5.60575e-08
1761317558.481 88.415 0.08246591 4.74977e-08
1761317558.531 88.466 0.08271452 5.61954e-08
1761317558.581 88.518 0.08294079 8.25358e-08
1761317558.588 88.570 0.08297803 6.12916e-08
1761317558.594 88.621 0.08304787 1.13264e-07
1761317558.603 88.673 0.08304787 1.04959e-07
1761317558.613 88.724 0.08305066 9.68226e-08
1761317558.623 88.776 0.08310840 9.91588e-08
1761317558.633 88.827 0.08314005 1.72183e-07
1761317558.643 88.879 0.08314098 1.85086e-07
1761317558.653 88.930 0.08319871 2.13671e-07
1761317558.663 88.982 0.08321175 2.83006e-07
1761317558.673 89.033 0.08323317 3.74653e-07
1761317558.683 89.084 0.08323503 4.98702e-07
1761317558.693 89.136 0.08325551 4.64577e-07
1761317558.703 89.187 0.08327041 6.23268e-07
1761317558.713 89.238 0.08324993 6.76413e-07
1761317558.723 89.289 0.08328531 7.57571e-07
1761317558.771 89.341 0.08336352 1.16942e-06
1761317558.777 89.392 0.08338494 1.51892e-06
1761317558.784 89.443 0.08339891 1.75255e-06
1761317558.793 89.494 0.08339891 1.49774e-06
1761317558.803 89.545 0.08345571 1.94173e-06
1761317558.813 89.596 0.08346688 1.95295e-06
1761317558.823 89.647 0.08353578 1.79110e-06
1761317558.833 89.698 0.08357675 2.02402e-06
1761317558.843 89.749 0.08361121 1.94761e-06
1761317558.853 89.800 0.08366521 1.82983e-06
1761317558.863 89.851 0.08367732 1.74371e-06
1761317558.873 89.902 0.08376112 1.63150e-06
1761317558.883 89.953 0.08379930 1.65915e-06
1761317558.893 90.003 0.08384957 1.54581e-06
1761317558.903 90.054 0.08388962 1.28556e-06
1761317558.913 90.105 0.08392314 1.02305e-06
1761317558.923 90.156 0.08398646 7.87710e-07
1761317558.933 90.206 0.08403115 6.76119e-07
1761317558.943 90.257 0.08408143 4.56453e-07
1761317558.953 90.308 0.08414195 3.24617e-07
1761317558.963 90.358 0.08416616 2.37044e-07
1761317558.973 90.409 0.08422389 1.55553e-07
1761317558.983 90.459 0.08425183 1.75375e-07
1761317558.993 90.510 0.08430117 1.07283e-07
1761317559.003 90.560 0.08435611 1.48841e-07
1761317559.013 90.611 0.08436542 8.06943e-08
1761317559.023 90.661 0.08443899 4.34798e-08
1761317559.033 90.712 0.08447902 9.48427e-08
1761317559.043 90.762 0.08451999 5.45540e-08
1761317559.053 90.812 0.08457586 8.84009e-08
1761317559.063 90.863 0.08461217 3.30064e-08
1761317559.073 90.913 0.08466711 2.18204e-08
1761317559.083 90.963 0.08469877 6.80652e-08
1761317559.131 91.014 0.08494831 5.36674e-08
1761317559.138 91.064 0.08497811 1.90785e-08
1761317559.144 91.114 0.08504701 5.97404e-08
1761317559.153 91.164 0.08504701 6.10526e-08
1761317559.201 91.214 0.08527421 6.52185e-08
1761317559.207 91.264 0.08531705 1.82509e-08
1761317559.213 91.314 0.08531705 6.63652e-08
1761317559.223 91.365 0.08539340 1.64785e-08
1761317559.233 91.415 0.08542691 7.13181e-08
1761317559.321 91.465 0.08572488 7.13260e-09
1761317559.327 91.515 0.08575095 5.72545e-08
1761317559.333 91.564 0.08576120 5.11588e-08
1761317559.381 91.614 0.08585804 5.31338e-08
1761317559.431 91.664 0.08594183 5.54041e-08
1761317559.436 91.714 0.08596325 1.37722e-08
1761317559.443 91.764 0.08596325 3.01955e-08
1761317559.453 91.814 0.08599305 7.64606e-08
1761317559.463 91.864 0.08597722 2.77855e-08
1761317559.473 91.913 0.08600329 2.22626e-08
1761317559.483 91.963 0.08601912 8.06861e-08
1761317559.531 92.013 0.08607778 5.87095e-08
1761317559.537 92.062 0.08610665 1.75016e-08
1761317559.543 92.112 0.08613365 5.99375e-08
1761317559.553 92.162 0.08613365 6.05526e-08
1761317559.563 92.211 0.08613365 2.86227e-08
1761317559.573 92.261 0.08615972 2.65240e-08
1761317559.583 92.310 0.08617555 7.41702e-08
1761317559.630 92.360 0.08630311 5.45096e-08
1761317559.636 92.409 0.08634502 7.85540e-09
1761317559.684 92.459 0.08650796 4.72856e-08
1761317559.693 92.508 0.08650796 1.95057e-08
1761317559.703 92.558 0.08656290 4.94914e-08
1761317559.750 92.607 0.08673423 5.25280e-08
1761317559.756 92.656 0.08674913 4.07055e-08
1761317559.763 92.706 0.08674913 7.02484e-08
1761317559.773 92.755 0.08680127 3.27700e-08
1761317559.783 92.804 0.08681524 8.04994e-08
1761317559.793 92.854 0.08683758 4.01606e-08
1761317559.803 92.903 0.08687856 7.25759e-08
1761317559.813 92.952 0.08689252 3.42739e-08
1761317559.823 93.001 0.08693815 4.10017e-08
1761317559.873 93.050 0.08703405 2.03460e-08
1761317559.882 93.099 0.08703405 7.05132e-08
1761317559.930 93.148 0.08715976 6.88072e-08
1761317559.936 93.198 0.08719421 1.59975e-08
1761317559.942 93.247 0.08719421 4.35751e-08
1761317559.952 93.296 0.08723146 7.46763e-08
1761317559.962 93.345 0.08724077 3.63307e-08
1761317559.972 93.394 0.08728546 5.09058e-08
1761317559.982 93.443 0.08731153 8.02869e-08
1761317560.030 93.491 0.08746145 6.11208e-08
1761317560.037 93.540 0.08749683 1.29035e-08
1761317560.043 93.589 0.08752570 5.66059e-08
1761317560.052 93.638 0.08752570 7.81914e-08
1761317560.062 93.687 0.08753873 3.62786e-08
1761317560.072 93.736 0.08759832 4.01261e-08
1761317560.082 93.784 0.08758994 8.26842e-08
1761317560.092 93.833 0.08762067 4.65941e-08
1761317560.102 93.882 0.08767095 7.77960e-08
1761317560.112 93.930 0.08769330 4.90829e-08
1761317560.122 93.979 0.08772961 5.80956e-08
1761317560.132 94.028 0.08774265 9.20950e-08
1761317560.142 94.076 0.08775941 6.04871e-08
1761317560.152 94.125 0.08780410 8.85690e-08
1761317560.162 94.174 0.08782645 6.75152e-08
1761317560.172 94.222 0.08787766 8.73887e-08
1761317560.182 94.271 0.08789722 1.23844e-07
1761317560.192 94.319 0.08791398 9.13917e-08
1761317560.202 94.367 0.08794563 1.21355e-07
1761317560.212 94.416 0.08798009 9.49210e-08
1761317560.222 94.464 0.08803502 1.01922e-07
1761317560.232 94.513 0.08804992 1.32243e-07
1761317560.242 94.561 0.08809462 9.44547e-08
1761317560.252 94.609 0.08814583 1.34872e-07
1761317560.262 94.658 0.08816724 8.72125e-08
1761317560.272 94.706 0.08824918 1.02544e-07
1761317560.282 94.754 0.08828084 1.35522e-07
1761317560.292 94.803 0.08831902 9.13127e-08
1761317560.302 94.851 0.08836930 1.13492e-07
1761317560.312 94.899 0.08839538 7.96686e-08
1761317560.322 94.947 0.08845869 7.12679e-08
1761317560.332 94.995 0.08850711 9.39018e-08
1761317560.342 95.043 0.08856484 4.63660e-08
1761317560.352 95.091 0.08861699 7.54637e-08
1761317560.362 95.139 0.08864399 4.27466e-08
1761317560.372 95.188 0.08871103 4.81702e-08
1761317560.382 95.236 0.08875200 7.54830e-08
1761317560.419 95.284 0.08897920 4.03324e-08
1761317560.425 95.331 0.08900992 3.77217e-08
1761317560.432 95.379 0.08900992 6.17038e-08
1761317560.442 95.427 0.08905834 4.55135e-08
1761317560.452 95.475 0.08912631 8.50367e-08
1761317560.462 95.523 0.08916728 6.68837e-08
1761317560.472 95.571 0.08923060 8.32661e-08
1761317560.482 95.619 0.08923991 1.28388e-07
1761317560.492 95.667 0.08927902 1.12817e-07
1761317560.502 95.714 0.08935630 1.56352e-07
1761317560.512 95.762 0.08937120 1.34645e-07
1761317560.522 95.810 0.08942800 1.43000e-07
1761317560.532 95.858 0.08945780 1.99877e-07
1761317560.542 95.905 0.08950901 1.89967e-07
1761317560.552 95.953 0.08954439 2.16455e-07
1761317560.562 96.001 0.08957046 2.54856e-07
1761317560.572 96.048 0.08963099 2.57889e-07
1761317560.582 96.096 0.08965054 3.52750e-07
1761317560.592 96.143 0.08967661 3.95354e-07
1761317560.602 96.191 0.08972875 5.24631e-07
1761317560.612 96.238 0.08975297 6.15627e-07
1761317560.622 96.286 0.08979021 7.49133e-07
1761317560.632 96.333 0.08982746 1.00515e-06
1761317560.642 96.381 0.08985632 1.29371e-06
1761317560.652 96.428 0.08988798 1.79609e-06
1761317560.662 96.476 0.08991778 2.59643e-06
1761317560.672 96.523 0.08999227 2.83819e-06
1761317560.682 96.570 0.09000158 3.55809e-06
1761317560.692 96.618 0.09003696 4.02080e-06
1761317560.702 96.665 0.09009097 4.75737e-06
1761317560.712 96.712 0.09012542 5.95656e-06
1761317560.722 96.759 0.09019153 6.92425e-06
1761317560.732 96.807 0.09022319 8.46815e-06
1761317560.742 96.854 0.09026230 9.94199e-06
1761317560.752 96.901 0.09032561 1.03326e-05
1761317560.762 96.948 0.09034610 8.57986e-06
1761317560.772 96.995 0.09041035 9.20832e-06
1761317560.782 97.043 0.09045597 8.73131e-06
1761317560.792 97.090 0.09048577 8.55530e-06
1761317560.802 97.137 0.09055467 7.67260e-06
1761317560.812 97.184 0.09059378 7.60300e-06
1761317560.822 97.231 0.09065151 6.77180e-06
1761317560.832 97.278 0.09068410 5.02170e-06
1761317560.842 97.325 0.09073532 3.94371e-06
1761317560.852 97.372 0.09079770 2.86624e-06
1761317560.862 97.419 0.09083309 1.69344e-06
1761317560.872 97.466 0.09088895 1.22914e-06
1761317560.882 97.512 0.09092992 8.69925e-07
1761317560.892 97.559 0.09097275 6.33826e-07
1761317560.902 97.606 0.09103794 4.89262e-07
1761317560.912 97.653 0.09105749 3.37193e-07
1761317560.962 97.700 0.09135172 1.36600e-07
1761317560.972 97.747 0.09135172 7.95314e-08
1761317560.982 97.793 0.09137873 1.00102e-07
1761317560.992 97.840 0.09141411 3.94719e-08
1761317561.002 97.887 0.09146625 5.42266e-08
1761317561.012 97.934 0.09150071 1.76964e-08
1761317561.022 97.980 0.09156495 3.95890e-08
1761317561.032 98.027 0.09158730 6.24504e-08
1761317561.080 98.073 0.09175118 3.38024e-08
1761317561.085 98.120 0.09178936 -8.33400e-09
1761317561.092 98.167 0.09178936 6.98930e-09
1761317561.102 98.213 0.09184523 3.16948e-08
1761317561.112 98.260 0.09186106 -2.90220e-09
1761317561.122 98.306 0.09191040 2.70997e-08
1761317561.171 98.353 0.09204355 -1.05669e-08
1761317561.177 98.399 0.09205008 4.78845e-08
1761317561.183 98.446 0.09206870 2.88981e-08
1761317561.242 98.492 0.09221768 1.91365e-09
1761317561.247 98.539 0.09224747 1.07930e-08
1761317561.253 98.585 0.09225865 6.56615e-09
1761317561.262 98.631 0.09225865 -3.05809e-09
1761317561.272 98.678 0.09230334 1.41283e-08
1761317561.282 98.724 0.09232010 6.19328e-09
1761317561.292 98.770 0.09235549 -3.16714e-09
1761317561.302 98.816 0.09239087 1.50750e-09
1761317561.312 98.863 0.09241322 -1.17375e-08
1761317561.322 98.909 0.09244953 3.11273e-09
1761317561.332 98.955 0.09245977 -1.10865e-08
1761317561.342 99.001 0.09248957 -1.57875e-08
1761317561.352 99.048 0.09250447 -1.08689e-08
1761317561.365 99.094 0.09256778 7.76590e-09
1761317561.372 99.140 0.09256778 -4.80853e-08
1761317561.382 99.186 0.09257710 1.84280e-08
1761317561.392 99.232 0.09260131 -4.86797e-08
1761317561.439 99.278 0.09275029 -5.20251e-08
1761317561.444 99.324 0.09278939 -1.07116e-08
1761317561.539 99.370 0.09311343 -4.26090e-08
1761317561.549 99.416 0.09318606 -2.93018e-08
1761317561.554 99.462 0.09320747 -5.21120e-08
1761317561.562 99.508 0.09320747 -4.70392e-08
1761317561.604 99.554 0.09336577 -2.04100e-08
1761317561.612 99.600 0.09336577 -1.92608e-08
1761317561.622 99.646 0.09339463 -5.35599e-09
1761317561.632 99.692 0.09339929 -9.96847e-09
1761317561.641 99.737 0.09342815 -8.11591e-09
1761317561.651 99.783 0.09346540 4.30600e-09
1761317561.661 99.829 0.09346354 -2.90378e-09
1761317561.671 99.875 0.09348589 1.66179e-08
1761317561.681 99.921 0.09347937 9.84396e-09
1761317561.691 99.966 0.09348775 1.02201e-08
1761317561.701 100.012 0.09350544 2.00887e-08
1761317561.711 100.058 0.09350172 1.31277e-08
1761317561.725 100.104 0.09354175 7.10000e-09
1761317561.731 100.149 0.09354175 4.46280e-08
1761317561.741 100.195 0.09355106 -2.97540e-09
1761317561.751 100.240 0.09357248 4.04642e-08
1761317561.761 100.286 0.09358459 7.68700e-09
1761317561.771 100.332 0.09362090 5.35788e-08
1761317561.781 100.377 0.09360600 6.10243e-08
1761317561.829 100.423 0.09377267 6.91727e-08
1761317561.836 100.468 0.09382575 1.01690e-08
1761317561.883 100.514 0.09402781 5.33158e-08
1761317561.934 100.559 0.09427549 5.58844e-08
1761317561.942 100.605 0.09427549 2.01608e-08
1761317561.951 100.650 0.09431739 5.66985e-08
1761317561.961 100.695 0.09433042 2.12831e-08
1761317561.971 100.741 0.09440305 6.36270e-08
1761317561.981 100.786 0.09441981 6.52431e-08
1761317561.991 100.832 0.09445333 1.34476e-08
1761317562.001 100.877 0.09449430 5.38359e-08
1761317562.011 100.922 0.09449524 2.48000e-08
1761317562.021 100.967 0.09453807 5.94119e-08
1761317562.031 101.013 0.09454738 5.82594e-08
1761317562.099 101.058 0.09464794 6.10063e-08
1761317562.149 101.103 0.09473081 5.73933e-08
1761317562.199 101.148 0.09485745 5.72255e-08
1761317562.266 101.194 0.09503622 6.54864e-08
1761317562.272 101.239 0.09504554 4.59566e-08
1761317562.281 101.284 0.09504554 8.00670e-08
1761317562.291 101.329 0.09505485 1.56966e-08
1761317562.301 101.374 0.09506602 6.86159e-08
1761317562.311 101.419 0.09506230 4.11926e-08
1761317562.321 101.464 0.09510606 7.37645e-08
1761317562.331 101.509 0.09508092 8.46540e-08
1761317562.341 101.554 0.09511351 4.64554e-08
1761317562.351 101.599 0.09512375 9.77405e-08
1761317562.361 101.644 0.09511817 7.33748e-08
1761317562.371 101.689 0.09514331 1.01615e-07
1761317562.381 101.734 0.09513493 1.26673e-07
1761317562.391 101.779 0.09514982 9.35868e-08
1761317562.401 101.824 0.09517496 1.24565e-07
1761317562.411 101.869 0.09516193 9.66748e-08
1761317562.421 101.914 0.09517682 1.62263e-07
1761317562.431 101.959 0.09517217 1.70515e-07
1761317562.441 102.004 0.09519358 1.51443e-07
1761317562.451 102.048 0.09522338 1.95697e-07
1761317562.461 102.093 0.09521965 1.63982e-07
1761317562.471 102.138 0.09528204 1.84216e-07
1761317562.482 102.183 0.09533605 3.10420e-07
1761317562.491 102.227 0.09533605 3.26122e-07
1761317562.501 102.272 0.09536585 2.75847e-07
1761317562.511 102.317 0.09540681 2.79425e-07
1761317562.521 102.362 0.09547013 4.39495e-07
1761317562.531 102.406 0.09550086 6.18340e-07
1761317562.541 102.451 0.09554648 7.68803e-07
1761317562.551 102.495 0.09558559 9.72974e-07
1761317562.561 102.540 0.09562284 1.27548e-06
1761317562.571 102.585 0.09568895 1.64384e-06
1761317562.581 102.629 0.09571688 1.82817e-06
1761317562.591 102.674 0.09576902 3.05365e-06
1761317562.601 102.718 0.09583607 3.89902e-06
1761317562.652 102.763 0.09612193 1.43082e-05
1761317562.661 102.807 0.09612193 3.58333e-05
1761317562.671 102.852 0.09618245 3.84544e-05
1761317562.681 102.896 0.09620945 5.33394e-05
1761317562.691 102.940 0.09626998 5.44450e-05
1761317562.701 102.985 0.09632026 7.09806e-05
1761317562.711 103.029 0.09634726 9.18072e-05
1761317562.721 103.074 0.09641896 9.53055e-05
1761317562.731 103.118 0.09643013 9.81314e-05
1761317562.741 103.162 0.09646459 1.06662e-04
1761317562.751 103.207 0.09650555 1.21445e-04
1761317562.761 103.251 0.09653162 1.20924e-04
1761317562.771 103.295 0.09657818 1.09739e-04
1761317562.781 103.339 0.09660239 1.23061e-04
1761317562.791 103.384 0.09664057 1.24008e-04
1761317562.801 103.428 0.09667222 9.60295e-05
1761317562.811 103.472 0.09667595 9.13747e-05
1761317562.821 103.516 0.09672809 9.88437e-05
1761317562.831 103.560 0.09674020 9.93093e-05
1761317562.841 103.604 0.09677372 9.50988e-05
1761317562.851 103.649 0.09678769 7.53956e-05
1761317562.861 103.693 0.09679141 7.01953e-05
1761317562.871 103.737 0.09684169 5.87215e-05
1761317562.881 103.781 0.09685380 5.14014e-05
1761317562.891 103.825 0.09689198 4.83897e-05
1761317562.901 103.869 0.09690874 3.72756e-05
1761317562.911 103.913 0.09693853 2.85170e-05
1761317562.921 103.957 0.09700371 1.94731e-05
1761317562.931 104.001 0.09701489 1.42652e-05
1761317562.941 104.045 0.09706144 9.24603e-06
1761317562.951 104.089 0.09711266 6.60153e-06
1761317562.961 104.133 0.09712941 4.55578e-06
1761317562.971 104.177 0.09718342 3.39535e-06
1761317562.981 104.220 0.09721694 2.28426e-06
1761317562.991 104.264 0.09727188 1.56284e-06
1761317563.001 104.308 0.09730819 9.83169e-07
1761317563.011 104.352 0.09734637 7.84517e-07
1761317563.021 104.396 0.09741434 4.99498e-07
1761317563.032 104.440 0.09748883 1.72783e-07
1761317563.041 104.483 0.09748883 7.60044e-08
1761317563.051 104.527 0.09753445 8.01140e-08
1761317563.061 104.571 0.09756891 3.48250e-08
1761317563.071 104.614 0.09763409 1.00357e-07
1761317563.081 104.658 0.09766667 1.06791e-07
1761317563.091 104.702 0.09773931 6.65997e-08
1761317563.101 104.745 0.09778307 1.14005e-07
1761317563.111 104.789 0.09781194 3.83455e-08
1761317563.121 104.833 0.09787432 7.08931e-08
1761317563.131 104.876 0.09789574 9.52578e-08
1761317563.141 104.920 0.09796278 3.84346e-08
1761317563.151 104.963 0.09800003 7.20734e-08
1761317563.181 105.007 0.09815273 1.00563e-07
1761317563.206 105.051 0.09823840 3.63422e-08
1761317563.212 105.094 0.09830171 7.21991e-08
1761317563.221 105.138 0.09830171 5.37631e-08
1761317563.231 105.181 0.09831661 5.03976e-08
1761317563.241 105.225 0.09836782 3.20596e-08
1761317563.251 105.268 0.09840507 5.72791e-08
1761317563.314 105.311 0.09864623 6.47465e-08
1761317563.321 105.355 0.09864623 4.96490e-09
1761317563.331 105.398 0.09867789 4.07026e-08
1761317563.341 105.442 0.09871607 1.10465e-08
1761317563.351 105.485 0.09875052 5.85805e-08
1761317563.361 105.528 0.09876169 3.65774e-08
1761317563.371 105.572 0.09880918 7.51715e-08
1761317563.381 105.615 0.09881663 4.44851e-08
1761317563.391 105.658 0.09884829 1.07663e-08
1761317563.401 105.701 0.09886411 6.09668e-08
1761317563.411 105.745 0.09888647 3.86207e-08
1761317563.420 105.788 0.09892464 7.23032e-08
1761317563.430 105.831 0.09891812 3.57384e-08
1761317563.440 105.874 0.09894792 1.14466e-08
1761317563.450 105.917 0.09898237 7.82884e-08
1761317563.460 105.961 0.09899448 4.45161e-08
1761317563.470 106.004 0.09902520 7.71129e-08
1761317563.480 106.047 0.09903545 4.67526e-08
1761317563.490 106.090 0.09906338 1.77270e-08
1761317563.500 106.133 0.09907734 7.30358e-08
1761317563.510 106.176 0.09909970 4.81369e-08
1761317563.520 106.219 0.09913601 8.31717e-08
1761317563.530 106.262 0.09915277 4.29245e-08
1761317563.540 106.305 0.09920491 1.88496e-08
1761317563.550 106.348 0.09923378 7.66519e-08
1761317563.560 106.391 0.09926450 5.35461e-08
1761317563.570 106.434 0.09930920 8.57982e-08
1761317563.580 106.477 0.09931571 4.65571e-08
1761317563.590 106.520 0.09939114 1.89859e-08
1761317563.600 106.563 0.09942652 6.87896e-08
1761317563.610 106.606 0.09944980 3.86881e-08
1761317563.620 106.649 0.09951125 5.92371e-08
1761317563.664 106.691 0.09974683 -2.21240e-10
1761317563.671 106.734 0.09977197 -7.79215e-09
1761317563.681 106.777 0.09977197 -1.51588e-08
1761317563.690 106.820 0.09983901 -1.78741e-08
1761317563.700 106.863 0.09989116 -1.39299e-08
1761317563.740 106.905 0.10004480 -3.33370e-08
1761317563.746 106.948 0.10010904 -2.09960e-09
1761317563.752 106.991 0.10013139 -3.85733e-08
1761317563.760 107.034 0.10013139 -4.46060e-08
1761317563.802 107.076 0.10031482 -3.67901e-09
1761317563.811 107.119 0.10031482 -1.68284e-08
1761317563.820 107.162 0.10033810 -2.23064e-09
1761317563.830 107.204 0.10035114 -1.66078e-08
1761317563.840 107.247 0.10038745 -5.52529e-09
1761317563.850 107.290 0.10042005 -3.19167e-09
1761317563.860 107.332 0.10043588 -9.33073e-09
1761317563.870 107.375 0.10046846 1.66657e-09
1761317563.880 107.417 0.10046753 -9.58131e-09
1761317563.890 107.460 0.10050198 -1.92475e-09
1761317563.900 107.503 0.10051874 -5.38800e-11
1761317563.910 107.545 0.10053643 -7.22867e-09
1761317563.920 107.588 0.10057833 4.15602e-09
1761317563.930 107.630 0.10056902 -1.09833e-08
1761317563.940 107.672 0.10061651 -6.85270e-10
1761317563.950 107.715 0.10063047 7.88710e-10
1761317563.960 107.757 0.10064166 -6.01057e-09
1761317563.970 107.800 0.10066959 5.62741e-09
1761317563.980 107.842 0.10068449 -6.00858e-09
1761317563.990 107.885 0.10072639 2.17019e-09
1761317564.000 107.927 0.10074035 2.78198e-09
1761317564.010 107.969 0.10075711 -4.34122e-09
1761317564.020 108.012 0.10081018 7.64402e-09
1761317564.030 108.054 0.10083532 -7.60058e-09
1761317564.040 108.096 0.10088468 3.05854e-09
1761317564.050 108.139 0.10091261 4.10926e-09
1761317564.060 108.181 0.10095172 -2.58371e-09
1761317564.070 108.223 0.10100014 9.91132e-09
1761317564.080 108.265 0.10101876 -9.33910e-10
1761317564.090 108.308 0.10107743 7.42842e-09
1761317564.100 108.350 0.10112491 7.77438e-09
1761317564.110 108.392 0.10116774 1.97710e-10
1761317564.120 108.434 0.10121895 1.31319e-08
1761317564.130 108.476 0.10122920 -1.36913e-09
1761317564.140 108.518 0.10131487 9.15245e-09
1761317564.150 108.560 0.10134745 9.13889e-09
1761317564.160 108.603 0.10136421 2.76829e-09
1761317564.170 108.645 0.10142567 1.58642e-08
1761317564.180 108.687 0.10145639 5.86749e-09
1761317564.190 108.729 0.10151972 1.56862e-08
1761317564.200 108.771 0.10156627 1.51587e-08
1761317564.210 108.813 0.10161934 1.02781e-08
1761317564.224 108.855 0.10169849 1.14598e-08
1761317564.230 108.897 0.10169849 5.38482e-08
1761317564.240 108.939 0.10175529 1.74374e-08
1761317564.271 108.981 0.10190054 7.97937e-08
1761317564.280 109.023 0.10194525 9.68131e-08
1761317564.290 109.065 0.10194525 5.27896e-08
1761317564.300 109.107 0.10198528 1.38625e-07
1761317564.310 109.148 0.10201973 1.20043e-07
1761317564.320 109.190 0.10208212 1.67275e-07
1761317564.330 109.232 0.10209143 1.41333e-07
1761317564.340 109.274 0.10214357 1.39899e-07
1761317564.350 109.316 0.10216872 2.15407e-07
1761317564.360 109.358 0.10220689 1.83919e-07
1761317564.370 109.399 0.10224041 2.17907e-07
1761317564.380 109.441 0.10225810 2.65039e-07
1761317564.390 109.483 0.10231676 1.85032e-07
1761317564.400 109.525 0.10234656 2.89219e-07
1761317564.410 109.566 0.10238008 2.12236e-07
1761317564.420 109.608 0.10242012 2.44460e-07
1761317564.430 109.650 0.10241826 2.40189e-07
1761317564.440 109.692 0.10246202 2.06315e-07
1761317564.450 109.733 0.10249833 2.25421e-07
1761317564.460 109.775 0.10253465 2.08182e-07
1761317564.470 109.817 0.10257468 1.91498e-07
1761317564.483 109.858 0.10262496 2.51598e-07
1761317564.492 109.900 0.10266501 1.64656e-07
1761317564.500 109.941 0.10268829 1.83939e-07
1761317564.510 109.983 0.10268829 1.44991e-07
1761317564.520 110.025 0.10272739 1.89794e-07
