1761213399.219 33.800 0.03264371 6.02182e-08
1761213399.226 33.935 0.03265302 1.10221e-08
1761213399.274 34.070 0.03264743 4.91860e-08
1761213399.324 34.204 0.03265022 4.94994e-08
1761213399.331 34.337 0.03264650 -2.01160e-09
1761213399.341 34.470 0.03264650 5.55317e-08
1761213399.390 34.602 0.03271261 5.63503e-08
1761213399.440 34.734 0.03284483 5.91334e-08
1761213399.490 34.866 0.03305620 5.33903e-08
1761213399.497 34.997 0.03309065 4.76220e-09
1761213399.503 35.127 0.03315211 5.32831e-08
1761213399.511 35.257 0.03315211 -1.16815e-08
1761213399.559 35.386 0.03338116 1.29449e-08
1761213399.627 35.515 0.03367075 -7.96610e-09
1761213399.679 35.644 0.03387932 1.64951e-06
1761213399.688 35.772 0.03390353 3.09285e-06
1761213399.695 35.899 0.03393705 4.27887e-06
1761213399.701 36.026 0.03393705 6.01886e-06
1761213399.711 36.153 0.03398175 7.01039e-06
1761213399.721 36.279 0.03400875 8.88837e-06
1761213399.771 36.405 0.03422384 7.07830e-06
1761213399.781 36.530 0.03422384 2.34169e-06
1761213399.791 36.655 0.03423408 1.30634e-06
1761213399.801 36.780 0.03424433 8.20039e-07
1761213399.811 36.904 0.03429647 6.03449e-07
1761213399.821 37.028 0.03431323 4.54391e-07
1761213399.831 37.151 0.03435513 2.82711e-07
1761213399.841 37.274 0.03437096 2.27859e-07
1761213399.851 37.396 0.03442962 1.51395e-07
1761213399.861 37.518 0.03448828 1.58691e-07
1761213399.871 37.640 0.03449759 1.19208e-07
1761213399.881 37.761 0.03455626 4.92949e-08
1761213399.891 37.882 0.03462423 9.22615e-08
1761213399.901 38.002 0.03468475 4.49362e-08
1761213399.911 38.123 0.03475273 7.85322e-08
1761213399.921 38.242 0.03480859 4.21678e-08
1761213399.931 38.362 0.03489985 -3.77860e-09
1761213399.941 38.481 0.03497340 8.38827e-08
1761213399.951 38.599 0.03505907 3.54247e-08
1761213399.961 38.718 0.03514380 6.11644e-08
1761213400.009 38.835 0.03565686 3.93913e-08
1761213400.015 38.953 0.03574904 1.78533e-08
1761213400.022 39.070 0.03587753 5.27172e-08
1761213400.070 39.187 0.03635614 7.01400e-08
1761213400.077 39.303 0.03650698 -9.92260e-09
1761213400.125 39.420 0.03705542 4.94537e-08
1761213400.131 39.535 0.03713177 3.00340e-09
1761213400.141 39.651 0.03713177 5.28476e-08
1761213400.151 39.766 0.03721744 4.69360e-09
1761213400.161 39.881 0.03731614 4.77936e-08
1761213400.171 39.995 0.03736269 6.78022e-08
1761213400.237 40.109 0.03771094 5.97673e-08
1761213400.244 40.223 0.03772025 -5.69300e-10
1761213400.344 40.337 0.03801635 2.42290e-09
1761213400.396 40.450 0.03818954 2.16583e-08
1761213400.403 40.563 0.03823331 6.16655e-08
1761213400.411 40.675 0.03823331 1.81381e-08
1761213400.459 40.787 0.03837949 1.36305e-08
1761213400.509 40.899 0.03849682 9.19920e-09
1761213400.515 41.011 0.03849682 1.47593e-08
1761213400.521 41.122 0.03853965 5.30055e-08
1761213400.530 41.233 0.03853965 -1.08335e-08
1761213400.540 41.344 0.03855362 6.56249e-08
1761213400.589 41.454 0.03868025 4.61494e-08
1761213400.639 41.565 0.03883296 5.24190e-08
1761213400.689 41.674 0.03904619 4.47666e-08
1761213400.739 41.784 0.03930318 5.06207e-08
1761213400.789 41.893 0.03956390 4.58851e-08
1761213400.839 42.002 0.03972591 5.22516e-08
1761213400.910 42.111 0.03983020 -7.53880e-09
1761213400.978 42.219 0.03990004 -5.43880e-09
1761213401.028 42.327 0.03996149 -4.11700e-09
1761213401.078 42.435 0.04002946 -2.94990e-09
1761213401.128 42.543 0.04010954 -1.53850e-09
1761213401.178 42.650 0.04020917 -6.18000e-10
1761213401.229 42.757 0.04030508 1.41530e-09
1761213401.279 42.864 0.04040192 2.31340e-09
1761213401.329 42.971 0.04051645 3.80120e-09
1761213401.379 43.077 0.04060956 1.28648e-08
1761213401.386 43.183 0.04061142 5.99439e-08
1761213401.392 43.289 0.04064215 1.39089e-08
1761213401.469 43.394 0.04078182 6.35047e-08
1761213401.477 43.499 0.04081348 5.22820e-09
1761213401.526 43.604 0.04093080 1.25278e-08
1761213401.575 43.709 0.04107792 4.83513e-08
1761213401.581 43.813 0.04108444 9.21100e-09
1761213401.590 43.918 0.04108444 4.59861e-08
1761213401.638 44.022 0.04126787 5.12945e-08
1761213401.645 44.125 0.04129581 -3.08410e-09
1761213401.693 44.229 0.04146807 2.92380e-08
1761213401.700 44.332 0.04146807 9.95380e-09
1761213401.710 44.435 0.04150065 5.36581e-08
1761213401.759 44.538 0.04164964 4.15679e-08
1761213401.809 44.640 0.04182935 3.85969e-08
1761213401.859 44.743 0.04203233 2.84296e-08
1761213401.866 44.845 0.04207424 1.40368e-08
1761213401.872 44.947 0.04213197 4.63187e-08
1761213401.920 45.048 0.04229398 6.76163e-08
1761213401.930 45.149 0.04229398 8.93840e-09
1761213401.940 45.251 0.04232192 6.83064e-08
1761213402.027 45.352 0.04257519 -9.67980e-09
1761213402.077 45.452 0.04272603 -9.97110e-09
1761213402.127 45.553 0.04289084 -1.01795e-08
1761213402.177 45.653 0.04302120 -1.05139e-08
1761213402.227 45.753 0.04314225 -1.05665e-08
1761213402.295 45.853 0.04323257 -2.84190e-09
1761213402.345 45.952 0.04331171 1.97290e-09
1761213402.396 46.052 0.04335361 -2.15900e-10
1761213402.446 46.151 0.04344487 4.87330e-09
1761213402.496 46.250 0.04351935 1.14860e-09
1761213402.565 46.349 0.04365158 5.84730e-09
1761213402.573 46.447 0.04368510 5.22457e-08
1761213402.620 46.545 0.04377728 6.01776e-08
1761213402.629 46.644 0.04377728 -3.84920e-09
1761213402.678 46.741 0.04387691 -1.05734e-08
1761213402.728 46.839 0.04398679 -1.06137e-08
1761213402.778 46.937 0.04409200 -1.03231e-08
1761213402.845 47.034 0.04428289 -3.55600e-09
1761213402.895 47.131 0.04440579 -9.36640e-09
1761213402.946 47.228 0.04451846 -2.77420e-09
1761213402.996 47.325 0.04458457 -6.87790e-09
1761213403.046 47.421 0.04466931 -2.43460e-09
1761213403.125 47.517 0.04476056 5.34120e-08
1761213403.175 47.614 0.04485367 5.31297e-08
1761213403.225 47.709 0.04494585 5.40286e-08
1761213403.232 47.805 0.04495051 8.06190e-09
1761213403.239 47.901 0.04495051 5.89333e-08
1761213403.287 47.996 0.04501103 6.35195e-08
1761213403.294 48.091 0.04503897 2.74320e-09
1761213403.342 48.186 0.04511159 6.10887e-08
1761213403.349 48.281 0.04511159 7.71990e-09
1761213403.359 48.376 0.04513115 4.89957e-08
1761213403.369 48.470 0.04516560 1.36450e-08
1761213403.379 48.564 0.04519540 3.83109e-08
1761213403.428 48.658 0.04534624 -5.09170e-09
1761213403.496 48.752 0.04564793 -5.47710e-09
1761213403.546 48.846 0.04589002 -7.21500e-10
1761213403.596 48.939 0.04611815 -4.35060e-09
1761213403.662 49.033 0.04627458 -8.73680e-09
1761213403.712 49.126 0.04632114 -9.71200e-09
1761213403.764 49.219 0.04636863 1.44616e-08
1761213403.771 49.311 0.04637049 6.20010e-08
1761213403.779 49.404 0.04637049 -5.02220e-09
1761213403.827 49.497 0.04640308 -3.04360e-09
1761213403.878 49.589 0.04646919 -4.61600e-09
1761213403.928 49.681 0.04660048 -9.77410e-09
1761213403.978 49.773 0.04674853 -9.66150e-09
1761213404.046 49.865 0.04697014 2.73300e-09
1761213404.095 49.956 0.04705953 -2.18430e-09
1761213404.146 50.048 0.04715078 2.61370e-09
1761213404.221 50.139 0.04724203 6.76524e-08
1761213404.229 50.230 0.04724203 3.63670e-09
1761213404.278 50.321 0.04728393 -1.21532e-08
1761213404.328 50.412 0.04736960 -5.56870e-09
1761213404.396 50.502 0.04750554 -4.72330e-09
1761213404.446 50.593 0.04759493 2.52100e-10
1761213404.496 50.683 0.04770480 -3.14110e-09
1761213404.546 50.773 0.04777650 2.65099e-08
1761213404.553 50.863 0.04778861 1.35579e-07
1761213404.562 50.953 0.04782492 1.61826e-07
1761213404.568 51.042 0.04783051 2.51346e-07
1761213404.578 51.132 0.04783051 3.34662e-07
1761213404.588 51.221 0.04784634 3.32670e-07
1761213404.598 51.310 0.04787427 4.47962e-07
1761213404.608 51.399 0.04787055 7.28554e-07
1761213404.618 51.488 0.04787427 8.40267e-07
1761213404.628 51.577 0.04788917 1.58166e-06
1761213404.638 51.666 0.04791245 1.99254e-06
1761213404.648 51.754 0.04792269 2.87553e-06
1761213404.675 51.842 0.04800742 6.42451e-06
1761213404.681 51.930 0.04800556 5.95245e-06
1761213404.688 52.018 0.04800556 9.30783e-06
1761213404.698 52.106 0.04804746 1.08239e-05
1761213404.708 52.194 0.04807446 1.20843e-05
1761213404.718 52.281 0.04811171 1.34139e-05
1761213404.728 52.369 0.04816478 1.40734e-05
1761213404.775 52.456 0.04848975 1.16541e-05
1761213404.783 52.543 0.04854934 1.37099e-06
1761213404.789 52.630 0.04864059 1.07244e-06
1761213404.798 52.717 0.04864059 7.34724e-07
1761213404.808 52.803 0.04871508 4.03095e-07
1761213404.818 52.890 0.04880634 1.28790e-07
1761213404.828 52.976 0.04891807 1.23175e-07
1761213404.876 53.062 0.04935571 5.66423e-08
1761213404.926 53.148 0.04976727 4.91912e-08
1761213404.976 53.234 0.05008665 5.18204e-08
1761213405.026 53.320 0.05026543 5.23521e-08
1761213405.077 53.406 0.05032781 6.02081e-08
1761213405.084 53.491 0.05033340 2.26790e-08
1761213405.090 53.577 0.05036040 6.41105e-08
1761213405.138 53.662 0.05036133 8.15513e-08
1761213405.148 53.747 0.05036133 1.36139e-08
1761213405.158 53.832 0.05034178 7.33101e-08
1761213405.206 53.917 0.05037902 5.80489e-08
1761213405.256 54.002 0.05050752 5.51019e-08
1761213405.353 54.086 0.05085297 1.46206e-07
1761213405.362 54.171 0.05090325 6.47805e-08
1761213405.368 54.255 0.05095633 7.20513e-08
1761213405.378 54.339 0.05095633 1.03617e-07
1761213405.388 54.423 0.05096843 3.53073e-08
1761213405.398 54.507 0.05101592 7.78012e-08
1761213405.408 54.591 0.05101685 9.49073e-08
1761213405.458 54.675 0.05113417 3.88423e-07
1761213405.468 54.758 0.05113417 4.43770e-07
1761213405.478 54.842 0.05114162 6.96999e-07
1761213405.488 54.925 0.05114349 9.59471e-07
1761213405.498 55.008 0.05119283 1.46355e-06
1761213405.508 55.091 0.05122915 3.12313e-06
1761213405.518 55.174 0.05122915 3.71048e-06
1761213405.528 55.257 0.05125242 5.41864e-06
1761213405.538 55.340 0.05127291 9.54444e-06
1761213405.548 55.422 0.05130829 1.34443e-05
1761213405.558 55.505 0.05132226 1.79771e-05
1761213405.568 55.587 0.05140420 2.70160e-05
1761213405.578 55.669 0.05140420 3.49063e-05
1761213405.588 55.751 0.05144517 3.95174e-05
1761213405.598 55.833 0.05148894 4.08314e-05
1761213405.608 55.915 0.05152339 4.23386e-05
1761213405.618 55.997 0.05159695 3.69444e-05
1761213405.628 56.078 0.05166678 3.14509e-05
1761213405.638 56.160 0.05171613 2.45669e-05
1761213405.648 56.241 0.05178038 1.72136e-05
1761213405.658 56.322 0.05184183 6.40556e-06
1761213405.668 56.403 0.05191260 1.92227e-06
1761213405.678 56.484 0.05198616 8.64617e-07
1761213405.688 56.565 0.05204575 1.27013e-06
1761213405.698 56.646 0.05214352 1.64768e-06
1761213405.708 56.727 0.05220404 2.18832e-06
1761213405.718 56.807 0.05229343 2.18421e-06
1761213405.728 56.888 0.05237910 1.82612e-06
1761213405.738 56.968 0.05246755 1.16870e-06
1761213405.748 57.048 0.05256346 4.62899e-07
1761213405.758 57.128 0.05264633 2.51957e-07
1761213405.768 57.208 0.05274131 5.36031e-08
1761213405.778 57.288 0.05284187 8.90742e-08
1761213405.788 57.368 0.05291450 1.44855e-07
1761213405.798 57.447 0.05301600 2.03577e-07
1761213405.807 57.527 0.05310073 3.02025e-07
1761213405.817 57.606 0.05317987 2.25792e-07
1761213405.827 57.686 0.05326926 1.85453e-07
1761213405.837 57.765 0.05335214 7.42024e-08
1761213405.847 57.844 0.05345456 7.23471e-08
1761213405.922 57.923 0.05405421 6.61854e-07
1761213405.929 58.002 0.05412125 1.20723e-06
1761213405.938 58.080 0.05412125 1.02148e-06
1761213405.948 58.159 0.05418364 7.11196e-07
1761213405.957 58.238 0.05424137 7.22024e-07
1761213405.967 58.316 0.05430561 3.46439e-07
1761213405.977 58.394 0.05436335 8.34654e-08
1761213405.987 58.473 0.05441083 3.46325e-08
1761213405.997 58.551 0.05450022 7.96385e-08
1761213406.007 58.629 0.05454212 7.55895e-08
1761213406.058 58.707 0.05479074 1.96736e-07
1761213406.067 58.785 0.05479074 1.25390e-07
1761213406.078 58.862 0.05481029 1.79317e-07
1761213406.087 58.940 0.05483916 1.25629e-07
1761213406.097 59.017 0.05488571 1.48732e-07
1761213406.107 59.095 0.05489596 1.55955e-07
1761213406.118 59.172 0.05494903 5.14641e-08
1761213406.128 59.249 0.05497975 8.33141e-08
1761213406.138 59.326 0.05499931 3.76383e-08
1761213406.148 59.403 0.05507008 7.41055e-08
1761213406.158 59.480 0.05510918 8.23077e-08
1761213406.168 59.557 0.05515388 4.95557e-08
1761213406.178 59.634 0.05517623 1.03960e-07
1761213406.187 59.710 0.05523116 5.95952e-08
1761213406.198 59.787 0.05528889 1.77022e-07
1761213406.208 59.863 0.05531031 6.56442e-07
1761213406.217 59.940 0.05537270 1.13303e-06
1761213406.227 60.016 0.05542204 3.69864e-06
1761213406.237 60.092 0.05546581 5.33598e-06
1761213406.248 60.168 0.05553750 8.37566e-06
1761213406.257 60.244 0.05557568 3.39467e-05
1761213406.267 60.320 0.05563620 3.83300e-05
1761213406.277 60.396 0.05571070 7.09644e-05
1761213406.287 60.471 0.05576191 1.02685e-04
1761213406.297 60.547 0.05584385 1.02060e-04
1761213406.307 60.622 0.05590810 9.80509e-05
1761213406.317 60.698 0.05599656 7.56829e-05
1761213406.327 60.773 0.05605987 4.38439e-05
1761213406.337 60.848 0.05612133 1.12193e-05
1761213406.347 60.923 0.05620420 4.12190e-06
1761213406.358 60.998 0.05637739 1.15057e-06
1761213406.367 61.073 0.05637739 6.17545e-07
1761213406.377 61.148 0.05646026 2.61792e-07
1761213406.387 61.222 0.05652451 5.16356e-08
1761213406.397 61.297 0.05661203 6.82993e-08
1761213406.407 61.372 0.05669863 1.91076e-07
1761213406.417 61.446 0.05678430 4.82700e-09
1761213406.427 61.520 0.05685785 8.07546e-08
1761213406.480 61.595 0.05733087 5.17903e-06
1761213406.487 61.669 0.05733087 5.14229e-06
1761213406.497 61.743 0.05741653 4.79899e-06
1761213406.507 61.817 0.05747333 4.18537e-06
1761213406.517 61.891 0.05755807 1.91903e-06
1761213406.527 61.965 0.05762138 7.29080e-07
1761213406.537 62.038 0.05769215 7.54630e-07
1761213406.547 62.112 0.05776013 1.19941e-06
1761213406.557 62.186 0.05779923 1.42835e-06
1761213406.567 62.259 0.05787559 1.19705e-06
1761213406.577 62.332 0.05792028 5.77103e-07
1761213406.587 62.406 0.05796870 9.59962e-07
1761213406.597 62.479 0.05802270 6.59161e-07
1761213406.607 62.552 0.05806460 2.06975e-07
1761213406.617 62.625 0.05812234 7.96273e-08
1761213406.627 62.698 0.05814561 1.30995e-07
1761213406.637 62.771 0.05819869 1.04440e-07
1761213406.647 62.844 0.05825176 1.55316e-07
1761213406.657 62.916 0.05826573 2.60295e-07
1761213406.667 62.989 0.05831321 2.29928e-07
1761213406.677 63.062 0.05835698 2.76334e-07
1761213406.687 63.134 0.05839981 2.25083e-07
1761213406.697 63.206 0.05845382 2.37371e-07
1761213406.707 63.279 0.05855066 2.33007e-07
1761213406.717 63.351 0.05855066 1.36347e-07
1761213406.727 63.423 0.05859256 1.09304e-07
1761213406.737 63.495 0.05865774 4.86569e-08
1761213406.747 63.567 0.05871826 7.91460e-08
1761213406.757 63.639 0.05877413 4.70554e-08
1761213406.767 63.711 0.05884303 1.50302e-08
1761213406.777 63.782 0.05889238 1.04870e-07
1761213406.787 63.854 0.05897246 1.44705e-07
1761213406.797 63.926 0.05903764 4.62532e-07
1761213406.807 63.997 0.05909072 8.03048e-07
1761213406.817 64.068 0.05917172 1.06071e-06
1761213406.827 64.140 0.05924901 1.22096e-06
1761213406.837 64.211 0.05932257 1.15754e-06
1761213406.847 64.282 0.05940637 1.04087e-06
1761213406.857 64.353 0.05946969 6.95867e-07
1761213406.867 64.424 0.05955163 2.13762e-07
1761213406.877 64.495 0.05962611 1.34546e-07
1761213406.887 64.566 0.05971923 1.01323e-07
1761213406.897 64.637 0.05980117 2.05624e-07
1761213406.907 64.707 0.05986449 7.60876e-07
1761213406.917 64.778 0.05996318 1.05533e-06
1761213406.927 64.849 0.06003023 1.19280e-06
1761213406.937 64.919 0.06010100 1.26969e-06
1761213406.947 64.989 0.06019597 1.07626e-06
1761213406.957 65.060 0.06026767 7.00511e-07
1761213406.967 65.130 0.06034123 1.80008e-07
1761213406.977 65.200 0.06040082 1.72398e-07
1761213406.987 65.270 0.06046134 1.13211e-07
1761213407.031 65.340 0.06079283 1.54512e-07
1761213407.042 65.410 0.06086360 3.25387e-06
1761213407.048 65.480 0.06090549 5.19998e-06
1761213407.057 65.550 0.06090549 8.80191e-06
1761213407.067 65.619 0.06096230 1.95710e-05
1761213407.077 65.689 0.06102934 3.86618e-05
1761213407.087 65.759 0.06109731 5.70621e-05
1761213407.097 65.828 0.06115690 7.14907e-05
1761213407.107 65.897 0.06119973 7.59371e-05
1761213407.117 65.967 0.06127329 8.07358e-05
1761213407.127 66.036 0.06133289 6.57365e-05
1761213407.137 66.105 0.06137851 4.74236e-05
1761213407.147 66.174 0.06144369 2.76506e-05
1761213407.157 66.243 0.06146231 7.89378e-06
1761213407.167 66.312 0.06153308 2.76897e-06
1761213407.177 66.381 0.06158708 1.14909e-06
1761213407.187 66.450 0.06162433 5.92076e-07
1761213407.197 66.519 0.06168299 4.32247e-07
1761213407.207 66.588 0.06171558 2.11685e-07
1761213407.217 66.656 0.06176121 9.01094e-08
1761213407.227 66.725 0.06180218 1.08089e-07
1761213407.237 66.793 0.06185991 4.07285e-08
1761213407.247 66.862 0.06190181 1.18334e-07
1761213407.257 66.930 0.06194929 4.91443e-08
1761213407.267 66.998 0.06201820 2.48495e-08
1761213407.277 67.066 0.06206941 1.04790e-07
1761213407.287 67.135 0.06212994 1.46421e-07
1761213407.296 67.203 0.06219698 2.29875e-07
1761213407.307 67.271 0.06229940 4.85066e-07
1761213407.316 67.339 0.06229940 5.32372e-07
1761213407.326 67.406 0.06234503 7.65033e-07
1761213407.336 67.474 0.06241580 5.67374e-07
1761213407.346 67.542 0.06249959 6.80976e-07
1761213407.356 67.610 0.06254429 4.45897e-07
1761213407.366 67.677 0.06263368 5.35029e-07
1761213407.376 67.745 0.06269793 1.62227e-07
1761213407.386 67.812 0.06277056 1.19735e-07
1761213407.396 67.879 0.06284971 1.52173e-07
1761213407.406 67.947 0.06290092 9.26739e-08
1761213407.416 68.014 0.06298658 1.18308e-07
1761213407.426 68.081 0.06306200 1.37907e-07
1761213407.436 68.148 0.06312997 8.51408e-08
1761213407.446 68.215 0.06319609 1.60118e-07
1761213407.456 68.282 0.06325195 8.94171e-08
1761213407.466 68.349 0.06335065 6.62773e-08
1761213407.476 68.416 0.06339814 1.11301e-07
1761213407.486 68.483 0.06346704 1.05019e-07
1761213407.496 68.550 0.06354154 1.80361e-07
1761213407.506 68.616 0.06359648 1.86580e-07
1761213407.516 68.683 0.06368493 4.44451e-07
1761213407.526 68.749 0.06373149 7.54224e-07
1761213407.536 68.816 0.06378270 1.46378e-06
1761213407.588 68.882 0.06416540 4.57573e-06
1761213407.597 68.949 0.06416540 4.10406e-06
1761213407.607 69.015 0.06420916 2.91679e-06
1761213407.617 69.081 0.06428831 2.00276e-06
1761213407.627 69.147 0.06434604 4.54772e-07
1761213407.637 69.213 0.06440656 1.30581e-07
1761213407.647 69.279 0.06446801 6.66268e-08
1761213407.656 69.345 0.06450712 7.52856e-08
1761213407.666 69.411 0.06456392 4.55825e-08
1761213407.676 69.477 0.06459651 1.21757e-07
1761213407.686 69.543 0.06465052 1.08920e-07
1761213407.696 69.608 0.06470824 1.90896e-07
1761213407.706 69.674 0.06475853 1.77407e-07
1761213407.716 69.740 0.06482092 2.29579e-07
1761213407.726 69.805 0.06485630 2.88263e-07
1761213407.736 69.871 0.06489540 2.71343e-07
1761213407.746 69.936 0.06495221 3.10225e-07
1761213407.756 70.001 0.06498386 3.07169e-07
1761213407.766 70.067 0.06503973 2.51760e-07
1761213407.776 70.132 0.06505649 3.59220e-07
1761213407.786 70.197 0.06510305 2.94709e-07
1761213407.796 70.262 0.06514308 4.40157e-07
1761213407.806 70.327 0.06518126 4.38189e-07
1761213407.816 70.392 0.06523434 3.75862e-07
1761213407.826 70.457 0.06527252 4.11763e-07
1761213407.836 70.522 0.06532838 3.06905e-07
1761213407.846 70.587 0.06539170 2.16739e-07
1761213407.897 70.651 0.06571574 7.86420e-08
1761213407.906 70.716 0.06571574 1.02555e-07
1761213407.916 70.781 0.06579860 2.80894e-08
1761213407.927 70.845 0.06587123 7.32319e-08
1761213407.968 70.910 0.06618037 3.73904e-09
1761213407.983 70.974 0.06625207 1.75132e-08
1761213407.990 71.039 0.06632004 6.57042e-08
1761213407.996 71.103 0.06632004 -2.62100e-10
1761213408.006 71.167 0.06636660 1.46270e-08
1761213408.016 71.231 0.06643643 2.61749e-08
1761213408.026 71.296 0.06648765 8.13586e-08
1761213408.074 71.360 0.06668597 8.87220e-08
1761213408.081 71.424 0.06671857 4.54984e-08
1761213408.087 71.488 0.06676233 1.04017e-07
1761213408.116 71.552 0.06682379 1.31274e-07
1761213408.141 71.615 0.06689827 1.81989e-07
1761213408.148 71.679 0.06692156 1.27138e-07
1761213408.156 71.743 0.06692156 1.86351e-07
1761213408.166 71.807 0.06696718 1.09568e-07
1761213408.176 71.870 0.06698673 1.80394e-07
1761213408.186 71.934 0.06701933 1.13348e-07
1761213408.196 71.997 0.06703422 1.47565e-07
1761213408.206 72.061 0.06705191 9.48786e-08
1761213408.216 72.124 0.06710126 4.88772e-08
1761213408.226 72.188 0.06712734 1.20518e-07
1761213408.236 72.251 0.06716924 5.67191e-08
1761213408.246 72.314 0.06719717 1.05072e-07
1761213408.256 72.377 0.06722696 5.90665e-08
1761213408.266 72.440 0.06726514 7.94101e-08
1761213408.276 72.504 0.06730146 1.25307e-07
1761213408.286 72.567 0.06733311 7.55488e-08
1761213408.296 72.630 0.06739178 1.26972e-07
1761213408.306 72.692 0.06742902 1.31628e-07
1761213408.316 72.755 0.06748955 1.84776e-07
1761213408.326 72.818 0.06750817 3.08283e-07
1761213408.336 72.881 0.06756497 3.78787e-07
1761213408.346 72.944 0.06761246 6.22304e-07
1761213408.356 73.006 0.06766646 8.39679e-07
1761213408.366 73.069 0.06774281 1.28576e-06
1761213408.376 73.131 0.06778564 1.86036e-06
1761213408.386 73.194 0.06784151 3.22253e-06
1761213408.396 73.256 0.06790763 4.50866e-06
1761213408.406 73.319 0.06795325 6.82780e-06
1761213408.416 73.381 0.06802681 9.56529e-06
1761213408.426 73.443 0.06807150 2.57611e-05
1761213408.436 73.505 0.06814507 3.62884e-05
1761213408.446 73.568 0.06822235 5.48692e-05
1761213408.456 73.630 0.06828194 7.72272e-05
1761213408.466 73.692 0.06834712 9.37018e-05
1761213408.476 73.754 0.06841975 9.96333e-05
1761213408.486 73.816 0.06849703 1.01389e-04
1761213408.496 73.878 0.06855104 8.66438e-05
1761213408.506 73.940 0.06860784 6.53768e-05
1761213408.567 74.001 0.06906037 1.68482e-07
1761213408.577 74.063 0.06914603 1.22164e-07
1761213408.586 74.125 0.06914603 6.84788e-08
1761213408.596 74.186 0.06921028 9.38256e-08
1761213408.606 74.248 0.06923170 3.95231e-08
1761213408.616 74.310 0.06930712 1.67511e-07
1761213408.626 74.371 0.06935088 9.60758e-08
1761213408.700 74.432 0.06969540 3.29080e-08
1761213408.709 74.494 0.06973172 5.48328e-08
1761213408.758 74.555 0.06986673 6.36976e-08
1761213408.766 74.617 0.06986673 1.49773e-08
1761213408.776 74.678 0.06988349 7.76392e-08
1761213408.825 74.739 0.06998591 7.59908e-08
1761213408.832 74.800 0.07002037 1.99250e-08
1761213408.838 74.861 0.07003992 8.73752e-08
1761213408.846 74.922 0.07003992 7.32009e-08
1761213408.856 74.983 0.07004737 2.78659e-08
1761213408.866 75.044 0.07009206 5.58337e-08
1761213408.876 75.105 0.07009113 8.06818e-08
1761213408.924 75.166 0.07018332 7.82424e-08
1761213408.931 75.227 0.07022150 1.38674e-08
1761213408.937 75.287 0.07024384 4.43967e-08
1761213408.946 75.348 0.07024384 9.71445e-08
1761213408.956 75.409 0.07024477 2.67194e-08
1761213408.966 75.469 0.07027550 6.08702e-08
1761213408.976 75.530 0.07029691 8.21363e-08
1761213409.023 75.590 0.07048780 5.60009e-08
1761213409.030 75.651 0.07053994 -1.21100e-10
1761213409.036 75.711 0.07053994 1.89183e-08
1761213409.045 75.772 0.07057067 6.28443e-08
1761213409.056 75.832 0.07060978 3.89670e-09
1761213409.066 75.892 0.07067310 4.43582e-08
1761213409.113 75.952 0.07089657 -5.63670e-09
1761213409.164 76.013 0.07112004 1.68308e-08
1761213409.170 76.073 0.07114052 5.95378e-08
1761213409.176 76.133 0.07118801 1.01333e-07
1761213409.185 76.193 0.07118801 5.10185e-08
1761213409.195 76.253 0.07122991 8.95116e-08
1761213409.205 76.313 0.07126995 2.56428e-08
1761213409.252 76.373 0.07144221 4.91353e-08
1761213409.259 76.432 0.07148877 8.85082e-08
1761213409.266 76.492 0.07149994 5.50584e-08
1761213409.275 76.552 0.07149994 9.16278e-08
1761213409.285 76.612 0.07154371 2.51819e-08
1761213409.295 76.671 0.07155395 7.71263e-08
1761213409.305 76.731 0.07155860 2.04864e-08
1761213409.315 76.790 0.07160143 7.28308e-08
1761213409.325 76.850 0.07160143 7.81353e-08
1761213409.335 76.909 0.07164799 2.66151e-08
1761213409.345 76.969 0.07167220 8.48065e-08
1761213409.355 77.028 0.07169362 3.44630e-08
1761213409.365 77.087 0.07172714 8.80450e-08
1761213409.375 77.147 0.07175414 1.08078e-07
1761213409.385 77.206 0.07179325 5.82881e-08
1761213409.395 77.265 0.07182863 1.14674e-07
1761213409.405 77.324 0.07184446 6.13598e-08
1761213409.415 77.383 0.07190219 1.15787e-07
1761213409.425 77.442 0.07193292 1.14699e-07
1761213409.435 77.501 0.07198134 7.57306e-08
1761213409.445 77.560 0.07202138 1.24290e-07
1761213409.455 77.619 0.07204000 7.40292e-08
1761213409.465 77.678 0.07210518 1.58348e-07
1761213409.475 77.737 0.07213498 1.77019e-07
1761213409.485 77.796 0.07219363 1.29241e-07
1761213409.495 77.855 0.07225137 1.90282e-07
1761213409.505 77.913 0.07231189 1.69356e-07
1761213409.515 77.972 0.07238266 1.93357e-07
1761213409.525 78.031 0.07241990 2.97391e-07
1761213409.535 78.089 0.07249160 2.34168e-07
1761213409.545 78.148 0.07254468 2.64957e-07
1761213409.555 78.206 0.07260054 1.86552e-07
1761213409.565 78.265 0.07267969 2.34988e-07
1761213409.576 78.323 0.07282215 2.31091e-07
1761213409.585 78.381 0.07282215 1.09257e-07
1761213409.595 78.440 0.07290409 1.15101e-07
1761213409.605 78.498 0.07295158 2.12505e-08
1761213409.615 78.556 0.07300559 6.18135e-08
1761213409.625 78.614 0.07305028 6.39126e-08
1761213409.676 78.672 0.07344881 4.15976e-07
1761213409.686 78.730 0.07344881 5.26950e-07
1761213409.696 78.788 0.07348326 9.91313e-07
1761213409.706 78.846 0.07353261 1.51788e-06
1761213409.716 78.904 0.07359779 2.53336e-06
1761213409.725 78.962 0.07364900 3.55640e-06
1761213409.736 79.020 0.07370300 4.98695e-06
1761213409.746 79.078 0.07374770 7.55398e-06
1761213409.756 79.136 0.07380450 7.79926e-06
1761213409.789 79.194 0.07398235 8.19008e-06
1761213409.815 79.251 0.07404752 5.10844e-06
1761213409.822 79.309 0.07406801 4.56110e-06
1761213409.828 79.367 0.07412388 3.98120e-06
1761213409.835 79.424 0.07412388 3.13376e-06
1761213409.845 79.482 0.07414622 1.95282e-06
1761213409.855 79.539 0.07417509 5.74148e-07
1761213409.865 79.597 0.07422817 3.02323e-07
1761213409.875 79.654 0.07422630 1.32673e-07
1761213409.885 79.711 0.07426820 3.10790e-08
1761213409.895 79.769 0.07430452 6.11322e-08
1761213409.905 79.826 0.07434176 1.95101e-08
1761213409.915 79.883 0.07438087 5.62248e-08
1761213409.925 79.940 0.07439111 6.48051e-08
1761213409.935 79.998 0.07443767 -4.30570e-09
1761213409.945 80.055 0.07446467 5.77356e-08
1761213409.955 80.112 0.07449074 1.37722e-08
1761213409.965 80.169 0.07455034 5.33562e-08
1761213410.013 80.226 0.07476171 2.36840e-09
1761213410.063 80.283 0.07500380 2.09756e-08
1761213410.131 80.340 0.07536135 -2.31781e-08
1761213410.174 80.397 0.07550848 1.61481e-08
1761213410.181 80.454 0.07556620 9.21973e-09
1761213410.187 80.510 0.07558762 5.59860e-10
1761213410.195 80.567 0.07558762 1.75800e-08
1761213410.205 80.624 0.07558948 1.30559e-09
1761213410.215 80.680 0.07562766 1.46200e-08
1761213410.225 80.737 0.07562487 -9.04603e-09
1761213410.235 80.794 0.07563325 -1.84783e-09
1761213410.245 80.850 0.07563883 5.02176e-09
1761213410.255 80.907 0.07564628 -7.18853e-09
1761213410.265 80.963 0.07567515 4.81441e-09
1761213410.275 81.020 0.07565932 -1.49633e-08
1761213410.285 81.076 0.07566211 -9.68832e-09
1761213410.295 81.132 0.07564721 -4.63259e-09
1761213410.305 81.189 0.07565373 -1.38878e-08
1761213410.315 81.245 0.07567794 -2.75440e-10
1761213410.362 81.301 0.07576547 -2.17501e-09
1761213410.376 81.358 0.07584182 1.15117e-08
1761213410.385 81.414 0.07584182 -3.88485e-08
1761213410.395 81.470 0.07586324 6.61580e-09
1761213410.437 81.526 0.07612023 1.82189e-08
1761213410.451 81.582 0.07617144 5.80643e-08
1761213410.457 81.638 0.07625059 1.06367e-07
1761213410.465 81.694 0.07625059 7.12969e-08
1761213410.475 81.750 0.07629249 9.56088e-08
1761213410.485 81.806 0.07635487 6.60657e-08
1761213410.495 81.862 0.07640330 1.56585e-07
1761213410.505 81.918 0.07645171 9.71152e-08
1761213410.515 81.973 0.07650479 1.29083e-07
1761213410.525 82.029 0.07653738 8.58129e-08
1761213410.535 82.085 0.07658673 5.25379e-08
1761213410.545 82.140 0.07662863 1.18887e-07
1761213410.555 82.196 0.07665656 5.50851e-08
1761213410.565 82.252 0.07670684 7.57488e-08
1761213410.613 82.307 0.07685862 4.97962e-08
1761213410.619 82.363 0.07687538 1.12910e-08
1761213410.625 82.418 0.07692193 5.90959e-08
1761213410.673 82.474 0.07705230 6.73826e-08
1761213410.680 82.529 0.07710723 1.82146e-08
1761213410.687 82.584 0.07713889 1.92421e-08
1761213410.695 82.640 0.07713889 6.64530e-08
1761213410.743 82.695 0.07733443 5.90477e-08
1761213410.793 82.750 0.07751135 5.09139e-08
1761213410.843 82.806 0.07766126 5.85553e-08
1761213410.935 82.861 0.07785400 2.60340e-08
1761213410.945 82.916 0.07785400 6.49060e-08
1761213410.993 82.971 0.07790149 7.16791e-08
1761213411.063 83.026 0.07795736 3.48140e-08
1761213411.072 83.081 0.07794898 1.35533e-07
1761213411.078 83.136 0.07796574 1.58318e-07
1761213411.084 83.191 0.07796574 1.41070e-07
1761213411.094 83.246 0.07797505 2.48256e-07
1761213411.104 83.301 0.07797784 2.09463e-07
1761213411.114 83.356 0.07799274 3.48144e-07
1761213411.124 83.411 0.07798343 4.20761e-07
1761213411.134 83.465 0.07801695 2.47733e-07
1761213411.144 83.520 0.07802067 8.54217e-07
1761213411.154 83.575 0.07803185 8.67709e-07
1761213411.164 83.630 0.07805327 1.37016e-06
1761213411.174 83.684 0.07805420 1.92700e-06
1761213411.184 83.739 0.07809703 2.44259e-06
1761213411.194 83.793 0.07811099 2.63707e-06
1761213411.204 83.848 0.07814358 4.13650e-06
1761213411.214 83.902 0.07814638 4.96402e-06
1761213411.224 83.957 0.07815011 6.33707e-06
1761213411.234 84.011 0.07820411 7.88445e-06
1761213411.244 84.066 0.07822552 1.06570e-05
1761213411.254 84.120 0.07827022 1.26041e-05
1761213411.264 84.174 0.07832236 1.63056e-05
1761213411.274 84.229 0.07833633 1.95611e-05
1761213411.284 84.283 0.07840151 2.62085e-05
1761213411.294 84.337 0.07843410 2.88346e-05
1761213411.304 84.391 0.07848158 3.58147e-05
1761213411.314 84.446 0.07854397 4.30870e-05
1761213411.324 84.500 0.07858401 5.45900e-05
1761213411.334 84.554 0.07864081 5.83479e-05
1761213411.344 84.608 0.07870972 6.96605e-05
1761213411.354 84.662 0.07874603 8.76001e-05
1761213411.364 84.716 0.07881307 9.99492e-05
1761213411.374 84.770 0.07886987 9.92637e-05
1761213411.384 84.824 0.07892202 9.48516e-05
1761213411.394 84.878 0.07896950 8.91541e-05
1761213411.404 84.931 0.07903095 8.80080e-05
1761213411.414 84.985 0.07911383 7.72275e-05
1761213411.424 85.039 0.07915573 6.50177e-05
1761213411.434 85.093 0.07921066 4.82136e-05
1761213411.465 85.146 0.07943507 2.63053e-05
1761213411.476 85.200 0.07950304 2.61559e-07
1761213411.485 85.254 0.07950304 1.27386e-07
1761213411.494 85.307 0.07953563 1.01082e-07
1761213411.543 85.361 0.07981032 6.05893e-08
1761213411.593 85.414 0.08004124 5.23674e-08
1761213411.643 85.468 0.08020698 5.35843e-08
1761213411.693 85.521 0.08031871 4.68019e-08
1761213411.743 85.575 0.08038483 5.06851e-08
1761213411.793 85.628 0.08039879 4.84415e-08
1761213411.861 85.682 0.08045093 7.49828e-08
1761213411.911 85.735 0.08049749 7.55269e-08
1761213411.962 85.788 0.08054125 6.58290e-08
1761213412.037 85.842 0.08064647 2.97521e-08
1761213412.044 85.895 0.08064647 6.56783e-08
1761213412.092 85.948 0.08070141 5.23466e-08
1761213412.098 86.001 0.08071538 6.18390e-09
1761213412.146 86.054 0.08077124 5.94153e-08
1761213412.154 86.107 0.08077124 7.66730e-09
1761213412.164 86.160 0.08078056 8.24565e-08
1761213412.213 86.214 0.08082711 6.72851e-08
1761213412.219 86.267 0.08082805 6.97450e-09
1761213412.225 86.319 0.08085505 6.30830e-08
1761213412.234 86.372 0.08085505 1.06480e-09
1761213412.244 86.425 0.08086436 8.31850e-08
1761213412.309 86.478 0.08101799 6.15881e-08
1761213412.359 86.531 0.08114184 4.84394e-08
1761213412.409 86.584 0.08127406 1.94384e-08
1761213412.416 86.637 0.08129827 -3.06929e-08
1761213412.424 86.689 0.08129827 1.73289e-08
1761213412.434 86.742 0.08132899 9.81580e-09
1761213412.475 86.795 0.08143980 1.32918e-08
1761213412.484 86.847 0.08143980 1.15754e-08
1761213412.494 86.900 0.08143887 1.80384e-08
1761213412.504 86.953 0.08146029 1.00751e-08
1761213412.519 87.005 0.08146681 -4.85000e-09
1761213412.526 87.058 0.08150591 4.01512e-08
1761213412.534 87.110 0.08150591 -2.26097e-08
1761213412.544 87.163 0.08148636 5.83080e-08
1761213412.632 87.215 0.08167166 -1.31354e-08
1761213412.683 87.268 0.08182808 -1.31309e-08
1761213412.733 87.320 0.08198917 -1.27616e-08
1761213412.783 87.372 0.08211208 -1.33128e-08
1761213412.832 87.425 0.08217074 -1.24686e-08
1761213412.883 87.477 0.08218657 -1.17702e-08
1761213412.951 87.529 0.08221264 8.46050e-09
1761213412.958 87.581 0.08220798 5.66046e-08
1761213412.964 87.633 0.08222754 1.28200e-08
1761213413.012 87.686 0.08227968 5.02102e-08
1761213413.062 87.738 0.08231786 4.86399e-08
1761213413.069 87.790 0.08233182 5.29830e-09
1761213413.074 87.842 0.08236814 5.31693e-08
1761213413.083 87.894 0.08236814 3.21554e-08
1761213413.131 87.946 0.08242959 -2.63240e-09
1761213413.218 87.998 0.08261768 1.53036e-08
1761213413.224 88.050 0.08265120 5.27160e-08
1761213413.233 88.102 0.08265120 2.14073e-08
1761213413.281 88.154 0.08277039 8.63690e-09
1761213413.287 88.205 0.08276201 2.31239e-08
1761213413.293 88.257 0.08276201 6.56638e-08
1761213413.344 88.309 0.08283650 1.37148e-07
1761213413.353 88.361 0.08283650 1.02102e-07
1761213413.364 88.412 0.08285140 1.81677e-07
1761213413.374 88.464 0.08285978 1.19085e-07
1761213413.383 88.516 0.08288026 1.73568e-07
1761213413.393 88.567 0.08287561 2.08099e-07
1761213413.403 88.619 0.08289889 1.78505e-07
1761213413.413 88.671 0.08293148 2.62148e-07
1761213413.423 88.722 0.08292310 2.54969e-07
1761213413.433 88.774 0.08294172 2.89617e-07
1761213413.443 88.825 0.08295569 3.63473e-07
1761213413.453 88.877 0.08299200 3.44230e-07
1761213413.463 88.928 0.08300038 4.52837e-07
1761213413.473 88.979 0.08302180 4.48968e-07
1761213413.483 89.031 0.08305997 4.52598e-07
1761213413.493 89.082 0.08306090 5.69821e-07
1761213413.503 89.133 0.08311584 5.59365e-07
1761213413.513 89.185 0.08314750 6.42834e-07
1761213413.523 89.236 0.08316054 7.64003e-07
1761213413.533 89.287 0.08322013 7.82003e-07
1761213413.543 89.338 0.08323503 8.72975e-07
1761213413.553 89.390 0.08327507 8.44029e-07
1761213413.563 89.441 0.08330393 1.03136e-06
1761213413.573 89.492 0.08335701 1.30436e-06
1761213413.583 89.543 0.08341846 1.50657e-06
1761213413.593 89.594 0.08342870 1.64143e-06
1761213413.603 89.645 0.08349668 1.63792e-06
1761213413.613 89.696 0.08353764 1.69538e-06
1761213413.623 89.747 0.08359817 1.68672e-06
1761213413.633 89.798 0.08364379 1.59803e-06
1761213413.643 89.849 0.08367732 1.65029e-06
1761213413.653 89.899 0.08374622 1.44482e-06
1761213413.663 89.950 0.08378812 1.36185e-06
1761213413.673 90.001 0.08383375 1.17335e-06
1761213413.683 90.052 0.08391476 1.13507e-06
1761213413.693 90.103 0.08395479 9.14699e-07
1761213413.703 90.153 0.08401253 5.64094e-07
1761213413.713 90.204 0.08406094 4.12749e-07
1761213413.723 90.255 0.08412426 2.33456e-07
1761213413.774 90.305 0.08444550 7.51938e-08
1761213413.783 90.356 0.08444550 9.45370e-09
1761213413.832 90.407 0.08467363 -1.01224e-08
1761213413.882 90.457 0.08487568 -8.13800e-09
1761213413.932 90.508 0.08501908 -7.52680e-09
1761213413.982 90.558 0.08510568 -7.91440e-09
1761213414.033 90.609 0.08514106 -5.91570e-09
1761213414.039 90.659 0.08513640 5.06563e-08
1761213414.045 90.709 0.08514851 6.22712e-08
1761213414.093 90.760 0.08516713 5.12537e-08
1761213414.162 90.810 0.08518668 7.12084e-08
1761213414.212 90.860 0.08527328 7.02960e-08
1761213414.262 90.911 0.08537850 7.21264e-08
1761213414.364 90.961 0.08552748 4.51283e-08
1761213414.373 91.011 0.08552748 1.10127e-08
1761213414.382 91.062 0.08554331 5.47187e-08
1761213414.432 91.112 0.08556566 -1.00370e-09
1761213414.482 91.162 0.08560383 -7.12460e-09
1761213414.550 91.212 0.08567367 -4.22860e-09
1761213414.600 91.262 0.08573419 -3.59720e-09
1761213414.650 91.312 0.08581148 -2.50090e-09
1761213414.700 91.362 0.08588224 -1.58820e-09
1761213414.707 91.412 0.08587573 6.39215e-08
1761213414.713 91.462 0.08587107 5.22442e-08
1761213414.722 91.512 0.08587107 1.48691e-08
1761213414.732 91.562 0.08587200 7.56258e-08
1761213414.780 91.612 0.08592880 5.44405e-08
1761213414.787 91.662 0.08592228 1.26630e-09
1761213414.794 91.712 0.08593252 5.42285e-08
1761213414.842 91.762 0.08596977 7.54371e-08
1761213414.848 91.811 0.08600143 -1.44760e-09
1761213414.922 91.861 0.08620069 2.20425e-08
1761213414.933 91.911 0.08620069 6.13750e-08
1761213414.981 91.961 0.08631522 4.06387e-08
1761213414.988 92.010 0.08634036 9.62560e-09
1761213414.994 92.060 0.08637947 5.26810e-08
1761213415.043 92.110 0.08646048 6.40295e-08
1761213415.053 92.159 0.08646048 -7.00210e-09
1761213415.063 92.209 0.08646699 6.36856e-08
1761213415.110 92.258 0.08654242 4.97706e-08
1761213415.161 92.308 0.08661877 5.18693e-08
1761213415.211 92.358 0.08667371 5.47927e-08
1761213415.279 92.407 0.08681244 8.25153e-08
1761213415.329 92.456 0.08688135 7.38502e-08
1761213415.379 92.506 0.08693535 7.04674e-08
1761213415.459 92.555 0.08699681 7.57138e-08
1761213415.466 92.605 0.08701171 -1.21590e-09
1761213415.514 92.654 0.08704337 5.42745e-08
1761213415.522 92.703 0.08704337 1.73623e-08
1761213415.532 92.753 0.08705081 6.00521e-08
1761213415.542 92.802 0.08703685 5.28556e-08
1761213415.552 92.851 0.08706571 1.62320e-08
1761213415.562 92.900 0.08706664 7.30199e-08
1761213415.610 92.950 0.08712810 5.83074e-08
1761213415.616 92.999 0.08713089 -7.87020e-09
1761213415.623 93.048 0.08714300 3.44365e-08
1761213415.632 93.097 0.08714300 7.10881e-08
1761213415.642 93.146 0.08716348 2.00034e-08
1761213415.652 93.195 0.08719701 3.25831e-08
1761213415.662 93.244 0.08719421 6.92468e-08
1761213415.710 93.293 0.08731247 5.62262e-08
1761213415.716 93.342 0.08733854 -8.67340e-09
1761213415.765 93.391 0.08749031 3.31523e-08
1761213415.815 93.440 0.08767002 3.93940e-08
1761213415.822 93.489 0.08767002 1.43498e-08
1761213415.832 93.538 0.08768492 6.89345e-08
1761213415.842 93.587 0.08769516 2.93869e-08
1761213415.852 93.636 0.08776034 4.54763e-08
1761213415.862 93.684 0.08778269 7.59181e-08
1761213415.910 93.733 0.08789722 7.21535e-08
1761213415.916 93.782 0.08791211 3.82079e-08
1761213415.989 93.831 0.08800709 6.80294e-08
1761213415.998 93.879 0.08803037 5.66075e-08
1761213416.004 93.928 0.08804340 1.64986e-08
1761213416.012 93.977 0.08804340 6.62150e-08
1761213416.059 94.025 0.08816073 7.00935e-08
1761213416.066 94.074 0.08818401 2.09300e-09
1761213416.115 94.123 0.08827246 1.78054e-08
1761213416.122 94.171 0.08827246 1.64370e-08
1761213416.132 94.220 0.08828550 5.54315e-08
1761213416.142 94.268 0.08831902 2.72882e-08
1761213416.152 94.317 0.08834882 5.06720e-09
1761213416.162 94.365 0.08836371 6.71362e-08
1761213416.228 94.414 0.08849314 5.13957e-08
1761213416.278 94.462 0.08859743 5.13587e-08
1761213416.328 94.510 0.08872313 5.06904e-08
1761213416.378 94.559 0.08883673 5.01006e-08
1761213416.428 94.607 0.08890657 5.12036e-08
1761213416.478 94.655 0.08896151 5.10088e-08
1761213416.552 94.704 0.08898944 2.07186e-08
1761213416.602 94.752 0.08902947 2.17222e-08
1761213416.612 94.800 0.08902947 6.37942e-08
1761213416.680 94.848 0.08910117 1.01662e-07
1761213416.690 94.896 0.08909745 1.06095e-07
1761213416.696 94.945 0.08912911 1.53199e-07
1761213416.746 94.993 0.08918032 9.03810e-08
1761213416.756 95.041 0.08917939 6.10777e-08
1761213416.762 95.089 0.08918125 1.12055e-07
1761213416.771 95.137 0.08918125 8.54933e-08
1761213416.781 95.185 0.08919336 1.18565e-07
1761213416.791 95.233 0.08920081 1.00259e-07
1761213416.801 95.281 0.08924270 1.08180e-07
1761213416.811 95.329 0.08923526 2.29119e-07
1761213416.821 95.377 0.08925667 2.52715e-07
1761213416.831 95.425 0.08925946 3.13140e-07
1761213416.841 95.473 0.08928647 3.04616e-07
1761213416.851 95.521 0.08931720 4.19842e-07
1761213416.861 95.569 0.08931534 4.74988e-07
1761213416.871 95.616 0.08933675 5.32299e-07
1761213416.881 95.664 0.08936096 5.02253e-07
1761213416.891 95.712 0.08937492 5.45876e-07
1761213416.901 95.760 0.08941217 6.82928e-07
1761213416.911 95.807 0.08940938 6.11478e-07
1761213416.921 95.855 0.08946711 6.03084e-07
1761213416.931 95.903 0.08949877 7.60183e-07
1761213416.941 95.950 0.08951646 8.66902e-07
1761213416.951 95.998 0.08955277 1.09661e-06
1761213416.961 96.046 0.08957326 1.34787e-06
1761213416.971 96.093 0.08961796 1.49019e-06
1761213416.981 96.141 0.08966265 1.67063e-06
1761213416.991 96.188 0.08970362 1.93702e-06
1761213417.001 96.236 0.08974552 2.10835e-06
1761213417.011 96.283 0.08978556 2.58173e-06
1761213417.021 96.331 0.08985260 2.39370e-06
1761213417.031 96.378 0.08990567 3.02893e-06
1761213417.041 96.426 0.08994758 3.75502e-06
1761213417.051 96.473 0.08999599 4.27650e-06
1761213417.081 96.520 0.09014218 4.65968e-06
1761213417.091 96.568 0.09025019 7.32377e-06
1761213417.101 96.615 0.09025019 7.49756e-06
1761213417.111 96.662 0.09029489 7.40597e-06
1761213417.121 96.710 0.09036193 7.25472e-06
1761213417.131 96.757 0.09039731 6.98294e-06
1761213417.141 96.804 0.09044852 6.46379e-06
1761213417.151 96.851 0.09051091 6.50118e-06
1761213417.161 96.899 0.09053419 6.22685e-06
1761213417.171 96.946 0.09059285 5.15282e-06
1761213417.181 96.993 0.09064965 4.33140e-06
1761213417.191 97.040 0.09067944 3.49085e-06
1761213417.201 97.087 0.09073159 2.81585e-06
1761213417.211 97.134 0.09073904 2.19929e-06
1761213417.221 97.181 0.09079304 1.58426e-06
1761213417.231 97.228 0.09084984 1.21403e-06
1761213417.241 97.275 0.09086288 1.07306e-06
1761213417.251 97.322 0.09090199 8.98566e-07
1761213417.261 97.369 0.09093364 7.68085e-07
1761213417.271 97.416 0.09099138 5.69828e-07
1761213417.281 97.463 0.09100627 5.48468e-07
1761213417.291 97.510 0.09102303 3.96616e-07
1761213417.301 97.557 0.09106587 3.58753e-07
1761213417.311 97.604 0.09109753 3.13091e-07
1761213417.321 97.651 0.09114687 1.51035e-07
1761213417.331 97.697 0.09118878 1.73775e-07
1761213417.341 97.744 0.09121205 1.00013e-07
1761213417.351 97.791 0.09123254 1.10962e-07
1761213417.361 97.838 0.09128468 9.04820e-08
1761213417.410 97.884 0.09147277 4.42178e-08
1761213417.416 97.931 0.09153981 -2.32761e-08
1761213417.422 97.978 0.09159568 1.25900e-09
1761213417.431 98.024 0.09159568 3.22369e-08
1761213417.471 98.071 0.09181263 7.04992e-09
1761213417.486 98.118 0.09185640 5.65000e-09
1761213417.493 98.164 0.09191785 4.23583e-08
1761213417.501 98.211 0.09191785 -2.42596e-08
1761213417.542 98.257 0.09209011 1.44633e-08
1761213417.556 98.304 0.09212550 5.04410e-09
1761213417.563 98.350 0.09218695 3.46692e-08
1761213417.571 98.397 0.09218695 -6.74480e-09
1761213417.581 98.443 0.09220278 1.78831e-08
1761213417.646 98.490 0.09235828 6.67967e-09
1761213417.653 98.536 0.09236107 -1.19087e-08
1761213417.661 98.582 0.09236107 -5.96752e-09
1761213417.671 98.629 0.09237877 -1.43203e-08
1761213417.681 98.675 0.09241508 -8.22681e-09
1761213417.691 98.721 0.09242067 -1.96855e-08
1761213417.701 98.768 0.09244488 -8.45458e-09
1761213417.714 98.814 0.09250168 -9.88050e-09
1761213417.721 98.860 0.09250168 -3.59697e-08
1761213417.731 98.906 0.09250354 -1.43080e-09
1761213417.741 98.953 0.09252216 -2.23052e-08
1761213417.789 98.999 0.09264414 -5.31899e-08
1761213417.796 99.045 0.09266649 -1.87711e-08
1761213417.802 99.091 0.09266462 -5.41880e-08
1761213417.811 99.137 0.09266462 -1.01214e-08
1761213417.821 99.183 0.09271211 -8.43938e-08
1761213417.868 99.229 0.09287692 -8.50500e-08
1761213417.876 99.276 0.09292255 -3.13209e-08
1761213417.882 99.322 0.09294862 -7.90247e-08
1761213417.890 99.368 0.09294862 -9.21399e-08
1761213417.900 99.414 0.09298121 -5.85482e-08
1761213417.910 99.460 0.09299331 -9.30304e-08
1761213417.920 99.505 0.09303801 -1.21517e-07
1761213417.930 99.551 0.09307432 -5.53876e-08
1761213417.940 99.597 0.09310691 -8.13472e-08
1761213417.950 99.643 0.09315161 -3.69284e-08
1761213417.960 99.689 0.09317209 -8.19538e-08
1761213417.970 99.735 0.09322703 -1.00493e-07
1761213418.018 99.781 0.09337787 -5.68203e-08
1761213418.025 99.827 0.09337974 1.64202e-08
1761213418.074 99.872 0.09357900 4.84082e-08
1761213418.081 99.918 0.09360042 4.70901e-08
1761213418.130 99.964 0.09371495 8.18658e-08
1761213418.207 100.010 0.09394493 1.96450e-08
1761213418.213 100.055 0.09398125 7.42935e-08
1761213418.279 100.101 0.09404736 6.81492e-08
1761213418.329 100.147 0.09408460 6.68396e-08
1761213418.380 100.192 0.09409578 6.66528e-08
1761213418.431 100.238 0.09413489 5.55693e-08
1761213418.480 100.283 0.09417213 7.48632e-08
1761213418.530 100.329 0.09423545 7.67441e-08
1761213418.597 100.375 0.09430342 4.82704e-08
1761213418.648 100.420 0.09437419 4.91523e-08
1761213418.654 100.466 0.09436674 1.69462e-08
1761213418.661 100.511 0.09439188 5.20785e-08
1761213418.670 100.557 0.09439188 4.45060e-09
1761213418.680 100.602 0.09438536 6.61907e-08
1761213418.745 100.647 0.09444309 5.92182e-08
1761213418.794 100.693 0.09452596 5.72994e-08
1761213418.801 100.738 0.09453062 -9.90020e-09
1761213418.810 100.784 0.09453062 3.53521e-08
1761213418.861 100.829 0.09464608 4.95180e-08
1761213418.912 100.874 0.09473360 4.98604e-08
1761213418.979 100.920 0.09482765 6.29152e-08
1761213419.030 100.965 0.09490959 5.62916e-08
1761213419.079 101.010 0.09492635 7.06971e-08
1761213419.147 101.055 0.09497663 5.87837e-08
1761213419.215 101.101 0.09503529 5.33197e-08
1761213419.222 101.146 0.09502878 1.42346e-08
1761213419.230 101.191 0.09502878 5.88175e-08
1761213419.240 101.236 0.09503157 4.10781e-08
1761213419.250 101.281 0.09504833 8.85284e-08
1761213419.296 101.326 0.09509581 8.28168e-08
1761213419.303 101.372 0.09507812 6.68562e-08
1761213419.326 101.417 0.09509768 1.16857e-07
1761213419.332 101.462 0.09511071 1.36266e-07
1761213419.340 101.507 0.09511071 1.27107e-07
1761213419.350 101.552 0.09514610 1.90959e-07
1761213419.360 101.597 0.09514982 3.55520e-07
1761213419.370 101.642 0.09518148 3.05499e-07
1761213419.380 101.687 0.09518241 2.50938e-07
1761213419.390 101.732 0.09520848 4.83456e-07
1761213419.400 101.777 0.09521500 6.26505e-07
1761213419.410 101.822 0.09520476 1.38876e-06
1761213419.420 101.866 0.09525411 1.49208e-06
1761213419.430 101.911 0.09527925 1.92386e-06
1761213419.440 101.956 0.09531370 1.86382e-06
1761213419.450 102.001 0.09533232 2.28147e-06
1761213419.460 102.046 0.09533605 2.47553e-06
1761213419.470 102.091 0.09538354 2.41850e-06
1761213419.480 102.135 0.09540030 3.44882e-06
1761213419.490 102.180 0.09543940 3.89429e-06
1761213419.500 102.225 0.09546734 3.02703e-06
1761213419.510 102.270 0.09548782 4.17722e-06
1761213419.520 102.314 0.09553438 4.58544e-06
1761213419.544 102.359 0.09566008 8.64724e-06
1761213419.550 102.404 0.09566008 9.57967e-06
1761213419.560 102.448 0.09568616 1.12215e-05
1761213419.570 102.493 0.09575599 1.28315e-05
1761213419.580 102.537 0.09577927 1.47877e-05
1761213419.590 102.582 0.09582117 1.79329e-05
1761213419.600 102.627 0.09587052 1.90703e-05
1761213419.610 102.671 0.09589939 2.28711e-05
1761213419.620 102.716 0.09595805 2.69236e-05
1761213419.630 102.760 0.09597946 2.91837e-05
1761213419.640 102.805 0.09604930 3.40695e-05
1761213419.650 102.849 0.09610144 3.95558e-05
1761213419.660 102.893 0.09611634 4.38527e-05
1761213419.670 102.938 0.09617966 5.04504e-05
1761213419.680 102.982 0.09621876 5.85486e-05
1761213419.690 103.027 0.09625601 6.48947e-05
1761213419.700 103.071 0.09632491 7.10433e-05
1761213419.709 103.115 0.09635844 7.82201e-05
1761213419.719 103.160 0.09640965 8.49101e-05
1761213419.729 103.204 0.09642268 8.37033e-05
1761213419.739 103.248 0.09647576 8.19835e-05
1761213419.749 103.293 0.09651393 8.12047e-05
1761213419.759 103.337 0.09653628 7.83977e-05
1761213419.769 103.381 0.09659587 7.69603e-05
1761213419.779 103.425 0.09662008 7.37928e-05
1761213419.789 103.469 0.09666291 7.70905e-05
1761213419.799 103.514 0.09671040 6.94377e-05
1761213419.850 103.558 0.09693481 4.61589e-05
1761213419.860 103.602 0.09693481 2.59774e-05
1761213419.870 103.646 0.09697391 1.89220e-05
1761213419.880 103.690 0.09700557 1.33798e-05
1761213419.890 103.734 0.09705306 1.09589e-05
1761213419.899 103.778 0.09709961 9.34628e-06
1761213419.909 103.822 0.09712476 8.24607e-06
1761213419.919 103.866 0.09718062 6.93982e-06
1761213419.929 103.910 0.09720576 5.71775e-06
1761213419.939 103.954 0.09725698 4.78938e-06
1761213419.949 103.998 0.09729143 4.25563e-06
1761213419.959 104.042 0.09730447 3.28482e-06
1761213419.969 104.086 0.09736220 2.25930e-06
1761213419.979 104.130 0.09738082 2.35164e-06
1761213419.989 104.174 0.09741434 1.63642e-06
1761213419.999 104.218 0.09744600 1.36851e-06
1761213420.009 104.262 0.09747393 1.05002e-06
1761213420.019 104.305 0.09751025 8.48457e-07
1761213420.029 104.349 0.09750932 6.77667e-07
1761213420.039 104.393 0.09754097 3.74923e-07
1761213420.049 104.437 0.09758288 3.27991e-07
1761213420.059 104.481 0.09759405 2.32908e-07
1761213420.069 104.524 0.09764898 1.26988e-07
1761213420.079 104.568 0.09766947 1.74746e-07
1761213420.089 104.612 0.09770485 8.88305e-08
1761213420.099 104.655 0.09773093 8.04451e-08
1761213420.109 104.699 0.09776911 2.94591e-08
1761213420.119 104.743 0.09782125 6.48039e-08
1761213420.129 104.786 0.09782963 7.73929e-08
1761213420.177 104.830 0.09802144 6.54704e-08
1761213420.184 104.874 0.09806613 -6.50800e-09
1761213420.232 104.917 0.09830916 4.78047e-08
1761213420.239 104.961 0.09830916 1.38104e-08
1761213420.250 105.004 0.09834454 5.56507e-08
1761213420.316 105.048 0.09863785 3.56621e-08
1761213420.323 105.091 0.09865275 1.37356e-08
1761213420.329 105.135 0.09866765 5.81653e-08
1761213420.402 105.178 0.09878311 5.55780e-09
1761213420.409 105.222 0.09878311 6.52968e-08
1761213420.419 105.265 0.09879801 4.15712e-08
1761213420.467 105.309 0.09885387 5.54500e-10
1761213420.475 105.352 0.09884270 6.71671e-08
1761213420.482 105.395 0.09885015 4.00262e-08
1761213420.530 105.439 0.09890509 7.19960e-08
1761213420.580 105.482 0.09898795 7.36793e-08
1761213420.648 105.525 0.09907455 4.25441e-08
1761213420.691 105.569 0.09918536 1.19190e-08
1761213420.706 105.612 0.09919840 -2.30830e-09
1761213420.713 105.655 0.09921422 3.94845e-08
1761213420.719 105.699 0.09921702 4.06720e-09
1761213420.760 105.742 0.09927754 5.77497e-09
1761213420.769 105.785 0.09927754 1.43107e-09
1761213420.779 105.828 0.09927754 -4.81483e-09
1761213420.789 105.871 0.09929430 -5.18122e-09
1761213420.799 105.915 0.09929709 6.71001e-09
1761213420.809 105.958 0.09929895 -1.38551e-08
1761213420.819 106.001 0.09930268 3.70831e-09
1761213420.829 106.044 0.09931106 -7.58793e-09
1761213420.839 106.087 0.09933155 -1.84351e-08
1761213420.849 106.130 0.09932875 -7.23562e-09
1761213420.865 106.173 0.09935669 -7.33960e-09
1761213420.871 106.216 0.09935948 -3.71559e-08
1761213420.879 106.259 0.09935948 -1.21482e-08
1761213420.889 106.302 0.09938462 -7.75054e-08
1761213420.966 106.345 0.09960716 -5.84360e-08
1761213420.975 106.388 0.09963230 -3.49439e-08
1761213420.981 106.431 0.09966955 -3.61210e-08
1761213420.989 106.474 0.09966955 -6.98760e-08
1761213420.999 106.517 0.09969655 -3.38748e-08
1761213421.009 106.560 0.09973473 -7.87720e-08
1761213421.058 106.603 0.09992840 -1.21100e-09
1761213421.102 106.646 0.10008297 -1.45783e-08
1761213421.109 106.689 0.10008297 -1.53534e-08
1761213421.119 106.732 0.10011835 3.67874e-09
1761213421.129 106.774 0.10011649 -1.11563e-08
1761213421.139 106.817 0.10013977 -5.81870e-09
1761213421.149 106.860 0.10016863 4.95321e-09
1761213421.159 106.903 0.10017049 -9.29514e-09
1761213421.169 106.946 0.10021520 9.13250e-09
1761213421.179 106.988 0.10021427 -8.73438e-09
1761213421.189 107.031 0.10023661 -3.55849e-09
1761213421.199 107.074 0.10024872 2.33103e-09
1761213421.209 107.116 0.10026268 -1.03785e-08
1761213421.219 107.159 0.10027572 9.09553e-09
1761213421.229 107.202 0.10026734 -5.75262e-09
1761213421.239 107.244 0.10029713 -5.64742e-09
1761213421.249 107.287 0.10031575 5.60142e-09
1761213421.259 107.330 0.10034555 -1.17947e-08
1761213421.269 107.372 0.10036696 8.37121e-09
1761213421.279 107.415 0.10038652 -2.27182e-09
1761213421.289 107.457 0.10040048 -8.03519e-09
1761213421.299 107.500 0.10042377 4.52070e-10
1761213421.309 107.542 0.10044705 -1.46132e-08
1761213421.319 107.585 0.10049826 7.25875e-09
1761213421.329 107.627 0.10050664 -5.70048e-09
1761213421.339 107.670 0.10053923 -8.90578e-09
1761213421.349 107.712 0.10056623 4.81283e-09
1761213421.359 107.755 0.10060440 -1.33769e-08
1761213421.369 107.797 0.10066121 8.97515e-09
1761213421.379 107.839 0.10068449 -2.03258e-09
1761213421.389 107.882 0.10074221 -6.50334e-09
1761213421.399 107.924 0.10076456 3.71328e-09
1761213421.409 107.967 0.10080460 -1.10320e-08
1761213421.419 108.009 0.10085860 1.19708e-08
1761213421.429 108.051 0.10090237 -3.29293e-09
1761213421.439 108.093 0.10096289 -1.21684e-09
1761213421.449 108.136 0.10100759 1.09282e-08
1761213421.459 108.178 0.10106345 -5.04074e-09
1761213421.469 108.220 0.10109605 1.85616e-08
1761213421.526 108.263 0.10135956 5.54266e-08
1761213421.533 108.305 0.10143311 -4.45600e-10
1761213421.539 108.347 0.10146384 8.57420e-09
1761213421.548 108.389 0.10146384 4.51529e-08
1761213421.598 108.431 0.10165752 7.79332e-08
1761213421.604 108.473 0.10169662 4.04819e-08
1761213421.609 108.516 0.10174040 8.99297e-08
1761213421.618 108.558 0.10174040 7.48504e-08
1761213421.628 108.600 0.10175714 5.84024e-08
1761213421.638 108.642 0.10180743 2.50100e-08
1761213421.648 108.684 0.10182699 9.62281e-08
1761213421.658 108.726 0.10183723 6.59912e-08
1761213421.668 108.768 0.10186237 1.10273e-07
1761213421.678 108.810 0.10189030 9.62275e-08
1761213421.688 108.852 0.10191916 5.87208e-08
1761213421.698 108.894 0.10193220 1.28221e-07
1761213421.708 108.936 0.10193592 1.05037e-07
1761213421.718 108.978 0.10194710 1.47280e-07
1761213421.728 109.020 0.10196944 1.21572e-07
1761213421.738 109.062 0.10199925 8.78489e-08
1761213421.748 109.104 0.10200297 1.60728e-07
1761213421.758 109.146 0.10202253 1.27761e-07
1761213421.768 109.188 0.10206629 1.73910e-07
1761213421.778 109.229 0.10205511 1.42572e-07
1761213421.788 109.271 0.10208956 1.11626e-07
1761213421.798 109.313 0.10211564 1.96695e-07
1761213421.808 109.355 0.10214357 1.64511e-07
1761213421.818 109.397 0.10218734 1.94977e-07
1761213421.828 109.438 0.10220875 1.68121e-07
1761213421.838 109.480 0.10224414 1.53341e-07
1761213421.848 109.522 0.10227672 2.18538e-07
1761213421.858 109.564 0.10230838 1.47958e-07
1761213421.868 109.605 0.10234469 1.98821e-07
1761213421.878 109.647 0.10236890 1.56685e-07
1761213421.888 109.689 0.10243688 1.17290e-07
1761213421.898 109.730 0.10248157 1.81271e-07
1761213421.908 109.772 0.10251137 1.39554e-07
1761213421.918 109.814 0.10257096 1.62378e-07
1761213421.928 109.855 0.10260170 1.17400e-07
1761213421.938 109.897 0.10266035 9.12472e-08
1761213421.948 109.939 0.10269760 1.48801e-07
1761213421.958 109.980 0.10273298 9.21114e-08
1761213421.968 110.022 0.10278884 1.23531e-07
