1761304457.392 33.803 0.03264650 4.90350e-08
1761304457.441 33.938 0.03264464 7.14029e-08
1761304457.447 34.073 0.03264464 -2.58000e-11
1761304457.496 34.206 0.03263719 3.59816e-08
1761304457.546 34.340 0.03263998 3.97382e-08
1761304457.553 34.473 0.03264184 2.13185e-08
1761304457.559 34.605 0.03266978 4.55117e-08
1761304457.607 34.737 0.03274613 6.48377e-08
1761304457.614 34.868 0.03279921 -1.53230e-09
1761304457.662 34.999 0.03296774 3.59839e-08
1761304457.668 35.130 0.03301337 2.70188e-08
1761304457.677 35.260 0.03301337 4.98511e-08
1761304457.725 35.389 0.03326012 4.84907e-08
1761304457.732 35.518 0.03331599 -9.42800e-09
1761304457.738 35.646 0.03337930 3.75684e-08
1761304457.747 35.774 0.03337930 6.56445e-08
1761304457.757 35.902 0.03341282 2.93695e-08
1761304457.767 36.029 0.03347055 1.99248e-08
1761304457.777 36.156 0.03353573 7.25037e-08
1761304457.825 36.282 0.03380297 7.20651e-08
1761304457.832 36.408 0.03386349 1.23471e-07
1761304457.841 36.533 0.03392495 9.35907e-07
1761304457.847 36.658 0.03396871 2.00844e-06
1761304457.857 36.783 0.03396871 4.09260e-06
1761304457.867 36.907 0.03404227 5.49291e-06
1761304457.877 37.030 0.03410279 6.81749e-06
1761304457.887 37.154 0.03416145 6.74190e-06
1761304457.897 37.277 0.03424060 4.00690e-06
1761304457.949 37.399 0.03465775 1.58993e-08
1761304457.957 37.521 0.03465775 5.82960e-08
1761304457.967 37.643 0.03474807 1.52250e-08
1761304457.977 37.764 0.03482535 8.15091e-08
1761304458.025 37.885 0.03527044 5.67598e-08
1761304458.032 38.005 0.03535610 -6.68570e-09
1761304458.080 38.125 0.03578629 3.81591e-08
1761304458.087 38.245 0.03578629 1.78809e-08
1761304458.097 38.365 0.03587847 5.71975e-08
1761304458.147 38.484 0.03622206 5.08875e-08
1761304458.153 38.602 0.03624813 2.94105e-08
1761304458.160 38.720 0.03630120 5.19400e-08
1761304458.208 38.838 0.03652188 7.18012e-08
1761304458.217 38.956 0.03652188 -1.25108e-08
1761304458.227 39.073 0.03652374 7.71211e-08
1761304458.294 39.190 0.03676118 4.14551e-08
1761304458.344 39.306 0.03694462 4.30852e-08
1761304458.393 39.423 0.03715692 4.12953e-08
1761304458.444 39.538 0.03735711 4.35108e-08
1761304458.523 39.654 0.03757313 6.10076e-08
1761304458.530 39.769 0.03760200 3.51536e-08
1761304458.537 39.884 0.03760200 2.14569e-08
1761304458.547 39.998 0.03760572 4.42254e-08
1761304458.557 40.112 0.03761969 1.33946e-08
1761304458.567 40.226 0.03765228 4.12446e-08
1761304458.577 40.340 0.03765135 8.03200e-08
1761304458.625 40.453 0.03772770 7.39278e-08
1761304458.632 40.566 0.03774446 -1.22219e-08
1761304458.680 40.678 0.03786085 3.64878e-08
1761304458.687 40.791 0.03786085 1.28225e-08
1761304458.697 40.903 0.03791020 4.67299e-08
1761304458.707 41.014 0.03793907 2.00538e-08
1761304458.717 41.125 0.03800425 1.03535e-08
1761304458.727 41.236 0.03803684 7.80416e-08
1761304458.776 41.347 0.03835435 5.34337e-08
1761304458.826 41.458 0.03869980 5.12846e-08
1761304458.833 41.568 0.03878267 -1.30319e-08
1761304458.839 41.678 0.03884692 4.86833e-08
1761304458.847 41.787 0.03884692 4.78007e-08
1761304458.857 41.896 0.03889441 2.76025e-08
1761304458.866 42.005 0.03898566 4.20010e-08
1761304458.876 42.114 0.03904432 5.00716e-08
1761304458.924 42.223 0.03934042 7.33843e-08
1761304458.931 42.331 0.03942330 3.34500e-09
1761304458.937 42.439 0.03949034 3.38585e-08
1761304458.946 42.546 0.03949034 4.29498e-08
1761304458.956 42.654 0.03951361 3.09579e-08
1761304458.966 42.761 0.03956296 3.90961e-08
1761304458.976 42.867 0.03959835 5.20150e-08
1761304459.024 42.974 0.03982275 7.42504e-08
1761304459.118 43.080 0.04042333 2.01989e-08
1761304459.127 43.186 0.04042333 7.17693e-08
1761304459.175 43.292 0.04075202 6.65408e-08
1761304459.182 43.397 0.04082465 -1.68078e-08
1761304459.248 43.503 0.04103416 9.20810e-09
1761304459.257 43.608 0.04103416 3.20074e-08
1761304459.267 43.712 0.04106768 3.61798e-08
1761304459.277 43.817 0.04108071 6.74584e-08
1761304459.326 43.921 0.04112355 5.22807e-08
1761304459.376 44.025 0.04120549 5.05843e-08
1761304459.382 44.129 0.04123621 -1.60300e-08
1761304459.388 44.232 0.04126415 3.55879e-08
1761304459.396 44.335 0.04126415 5.23345e-08
1761304459.444 44.438 0.04141313 4.67088e-08
1761304459.495 44.541 0.04159470 4.80024e-08
1761304459.544 44.644 0.04184983 5.45535e-08
1761304459.595 44.746 0.04206027 5.13996e-08
1761304459.669 44.848 0.04232564 3.01064e-08
1761304459.676 44.950 0.04232564 6.37302e-08
1761304459.686 45.052 0.04236382 -9.74540e-09
1761304459.696 45.153 0.04238803 6.86836e-08
1761304459.762 45.254 0.04246810 6.05821e-08
1761304459.812 45.355 0.04254446 5.47554e-08
1761304459.862 45.456 0.04265899 5.91859e-08
1761304459.912 45.556 0.04279773 5.86230e-08
1761304459.962 45.656 0.04294857 5.46773e-08
1761304460.012 45.756 0.04307614 5.63630e-08
1761304460.063 45.856 0.04319346 5.25731e-08
1761304460.113 45.956 0.04327261 5.06681e-08
1761304460.163 46.055 0.04333685 4.99601e-08
1761304460.235 46.154 0.04345138 2.48750e-08
1761304460.242 46.253 0.04347559 6.55949e-08
1761304460.249 46.352 0.04346535 8.05170e-09
1761304460.297 46.451 0.04357615 4.15569e-08
1761304460.347 46.549 0.04366741 4.64142e-08
1761304460.356 46.647 0.04366741 1.48670e-08
1761304460.366 46.745 0.04369906 5.72563e-08
1761304460.414 46.843 0.04381545 3.64453e-08
1761304460.464 46.940 0.04397747 3.73708e-08
1761304460.470 47.038 0.04397654 2.15333e-08
1761304460.477 47.135 0.04402775 4.63079e-08
1761304460.525 47.232 0.04416743 7.07913e-08
1761304460.532 47.328 0.04421584 -8.47970e-09
1761304460.580 47.425 0.04440207 3.51311e-08
1761304460.587 47.521 0.04441511 2.52782e-08
1761304460.596 47.617 0.04441511 4.78969e-08
1761304460.661 47.713 0.04467862 4.58023e-08
1761304460.668 47.809 0.04468886 8.90580e-09
1761304460.676 47.904 0.04468886 7.41672e-08
1761304460.686 48.000 0.04473635 -1.31827e-08
1761304460.695 48.095 0.04475776 6.48570e-08
1761304460.771 48.190 0.04505200 8.69210e-09
1761304460.778 48.285 0.04509949 4.78247e-08
1761304460.786 48.379 0.04509949 3.29270e-09
1761304460.795 48.474 0.04511997 6.51594e-08
1761304460.862 48.568 0.04542353 4.52789e-08
1761304460.912 48.662 0.04563582 4.64801e-08
1761304460.962 48.756 0.04583043 4.86556e-08
1761304461.012 48.849 0.04597569 4.83484e-08
1761304461.068 48.943 0.04607532 1.10163e-08
1761304461.076 49.036 0.04607532 7.28086e-08
1761304461.086 49.129 0.04611070 -1.25900e-09
1761304461.096 49.222 0.04612094 6.88599e-08
1761304461.106 49.315 0.04612467 2.67650e-08
1761304461.116 49.408 0.04613398 6.13516e-08
1761304461.169 49.500 0.04617867 2.05796e-08
1761304461.175 49.593 0.04617867 6.77603e-08
1761304461.185 49.685 0.04623268 2.74455e-08
1761304461.195 49.777 0.04624292 7.54721e-08
1761304461.243 49.868 0.04636676 6.27980e-08
1761304461.249 49.960 0.04641518 1.72260e-09
1761304461.255 50.051 0.04641518 2.34949e-08
1761304461.265 50.143 0.04645895 4.06910e-08
1761304461.275 50.234 0.04650178 1.29090e-08
1761304461.365 50.325 0.04698969 3.02530e-08
1761304461.372 50.415 0.04704091 2.06211e-08
1761304461.377 50.506 0.04712750 4.99486e-08
1761304461.443 50.597 0.04745433 6.22562e-08
1761304461.450 50.687 0.04749995 -1.07081e-08
1761304461.498 50.777 0.04769736 3.84259e-08
1761304461.505 50.867 0.04769736 2.03234e-08
1761304461.515 50.957 0.04773088 5.18626e-08
1761304461.525 51.046 0.04774950 4.41520e-08
1761304461.535 51.136 0.04777929 3.07788e-08
1761304461.545 51.225 0.04779140 1.00834e-07
1761304461.555 51.314 0.04781840 6.68260e-08
1761304461.565 51.403 0.04783237 1.87738e-07
1761304461.575 51.492 0.04783516 3.15289e-07
1761304461.585 51.581 0.04786868 4.93147e-07
1761304461.595 51.670 0.04788079 6.10184e-07
1761304461.605 51.758 0.04789755 1.22660e-06
1761304461.615 51.846 0.04791617 1.37567e-06
1761304461.625 51.934 0.04791431 1.70052e-06
1761304461.635 52.022 0.04796273 2.51982e-06
1761304461.645 52.110 0.04797018 3.52089e-06
1761304461.655 52.198 0.04801115 3.14729e-06
1761304461.665 52.285 0.04803722 5.17803e-06
1761304461.675 52.373 0.04805398 5.66078e-06
1761304461.685 52.460 0.04810519 7.25550e-06
1761304461.695 52.547 0.04815920 7.75245e-06
1761304461.705 52.634 0.04823090 8.22903e-06
1761304461.715 52.721 0.04830259 8.74051e-06
1761304461.725 52.807 0.04835474 8.07152e-06
1761304461.735 52.894 0.04844692 6.64443e-06
1761304461.745 52.980 0.04850837 6.67146e-06
1761304461.755 53.066 0.04860055 2.57106e-06
1761304461.765 53.153 0.04870112 9.32566e-07
1761304461.775 53.238 0.04875978 6.59022e-07
1761304461.785 53.324 0.04889386 2.52030e-07
1761304461.795 53.410 0.04896090 9.93872e-08
1761304461.805 53.496 0.04906147 5.50500e-09
1761304461.815 53.581 0.04919183 7.02968e-08
1761304461.825 53.666 0.04927935 3.93327e-08
1761304461.835 53.751 0.04939574 4.76944e-08
1761304461.845 53.836 0.04948699 6.53349e-08
1761304461.917 53.921 0.05027101 -2.20119e-08
1761304461.983 54.006 0.05075334 8.90670e-09
1761304461.991 54.090 0.05081293 4.78722e-08
1761304461.997 54.175 0.05086135 6.37361e-08
1761304462.005 54.259 0.05086135 7.49692e-08
1761304462.015 54.343 0.05089394 8.04940e-08
1761304462.025 54.428 0.05094050 6.79404e-08
1761304462.035 54.511 0.05099916 1.12599e-07
1761304462.045 54.595 0.05101312 1.22800e-07
1761304462.055 54.679 0.05102895 6.45466e-08
1761304462.065 54.763 0.05105037 1.33996e-07
1761304462.075 54.846 0.05106248 1.07327e-07
1761304462.085 54.929 0.05109134 1.41490e-07
1761304462.095 55.012 0.05107458 1.78080e-07
1761304462.107 55.095 0.05110344 4.05755e-07
1761304462.115 55.178 0.05110344 2.74825e-07
1761304462.125 55.261 0.05109227 3.67579e-07
1761304462.135 55.344 0.05110437 6.82795e-07
1761304462.145 55.426 0.05110996 3.62294e-06
1761304462.155 55.509 0.05112951 3.10805e-06
1761304462.165 55.591 0.05116676 3.49436e-06
1761304462.175 55.673 0.05117980 7.86061e-06
1761304462.185 55.755 0.05122449 7.38129e-06
1761304462.195 55.837 0.05125988 1.12587e-05
1761304462.205 55.919 0.05132878 1.60074e-05
1761304462.215 56.001 0.05137534 2.70131e-05
1761304462.225 56.082 0.05141072 3.42084e-05
1761304462.235 56.164 0.05149732 5.58838e-05
1761304462.245 56.245 0.05157646 5.31624e-05
1761304462.255 56.327 0.05166399 5.74382e-05
1761304462.265 56.408 0.05173755 5.46434e-05
1761304462.275 56.489 0.05180086 4.12745e-05
1761304462.285 56.570 0.05191074 3.02410e-05
1761304462.295 56.650 0.05199175 1.13664e-05
1761304462.305 56.731 0.05210162 1.83087e-06
1761304462.315 56.811 0.05220032 2.47113e-06
1761304462.325 56.892 0.05229437 3.90244e-06
1761304462.335 56.972 0.05242659 3.64436e-06
1761304462.344 57.052 0.05251598 2.67021e-06
1761304462.355 57.132 0.05260909 1.85526e-06
1761304462.365 57.212 0.05269382 5.42467e-07
1761304462.375 57.292 0.05279531 1.84041e-07
1761304462.385 57.372 0.05290985 2.85801e-07
1761304462.395 57.452 0.05298154 4.84927e-07
1761304462.404 57.531 0.05307745 6.84665e-07
1761304462.414 57.611 0.05317336 8.54723e-07
1761304462.424 57.690 0.05325344 6.82341e-07
1761304462.474 57.769 0.05366965 8.60333e-08
1761304462.481 57.848 0.05374135 7.42683e-08
1761304462.488 57.927 0.05379722 4.88153e-08
1761304462.494 58.006 0.05379722 9.79631e-08
1761304462.504 58.085 0.05387636 1.28468e-07
1761304462.514 58.164 0.05394992 1.55486e-07
1761304462.524 58.242 0.05401324 4.20188e-07
1761304462.534 58.321 0.05408307 7.87520e-07
1761304462.544 58.399 0.05411380 4.99411e-07
1761304462.554 58.477 0.05418736 4.04754e-07
1761304462.564 58.555 0.05425906 4.21330e-07
1761304462.575 58.633 0.05435776 2.69389e-07
1761304462.586 58.711 0.05437452 2.54202e-07
1761304462.594 58.789 0.05437452 1.38862e-07
1761304462.604 58.867 0.05444249 1.20251e-07
1761304462.614 58.944 0.05449091 1.33784e-07
1761304462.624 59.022 0.05453188 1.03314e-07
1761304462.634 59.099 0.05460544 1.31553e-07
1761304462.644 59.177 0.05463710 1.57935e-07
1761304462.654 59.254 0.05469856 1.51686e-07
1761304462.664 59.331 0.05473952 2.62832e-07
1761304462.674 59.408 0.05477211 1.76614e-07
1761304462.684 59.485 0.05484660 2.01696e-07
1761304462.694 59.562 0.05488850 2.94397e-07
1761304462.704 59.638 0.05496300 1.58720e-07
1761304462.716 59.715 0.05507473 1.95322e-07
1761304462.728 59.791 0.05513991 2.86226e-07
1761304462.736 59.868 0.05518833 1.12891e-07
1761304462.744 59.944 0.05518833 2.82595e-07
1761304462.756 60.020 0.05535594 3.12617e-07
1761304462.768 60.097 0.05541459 3.28951e-07
1761304462.777 60.173 0.05551795 1.89914e-06
1761304462.784 60.249 0.05551795 7.64822e-06
1761304462.794 60.324 0.05559337 4.29111e-05
1761304462.804 60.400 0.05566787 6.17304e-05
1761304462.814 60.476 0.05574515 9.98465e-05
1761304462.824 60.551 0.05582057 2.04775e-04
1761304462.834 60.627 0.05592020 1.97683e-04
1761304462.844 60.702 0.05598910 1.89630e-04
1761304462.854 60.777 0.05606360 1.51325e-04
1761304462.864 60.853 0.05616043 9.79984e-05
1761304462.874 60.928 0.05624796 4.08464e-05
1761304462.885 61.003 0.05638577 4.57780e-06
1761304462.894 61.078 0.05638577 7.85791e-07
1761304462.904 61.152 0.05646957 2.80533e-07
1761304462.914 61.227 0.05654872 4.37143e-07
1761304462.925 61.302 0.05670142 4.20226e-07
1761304462.934 61.376 0.05670142 3.44463e-07
1761304462.944 61.451 0.05676567 1.18026e-07
1761304462.956 61.525 0.05692117 2.95295e-07
1761304462.964 61.599 0.05692117 1.71151e-07
1761304462.974 61.674 0.05699008 6.41791e-07
1761304463.025 61.748 0.05741188 1.22986e-05
1761304463.035 61.822 0.05741188 1.10942e-05
1761304463.044 61.896 0.05745471 8.79563e-06
1761304463.054 61.969 0.05754037 6.20993e-06
1761304463.064 62.043 0.05760462 4.22696e-06
1761304463.074 62.117 0.05771729 1.18776e-06
1761304463.084 62.190 0.05771729 1.28711e-06
1761304463.095 62.264 0.05776291 2.74592e-06
1761304463.105 62.337 0.05784486 2.23090e-06
1761304463.115 62.411 0.05791469 3.00421e-06
1761304463.125 62.484 0.05796776 1.67889e-06
1761304463.135 62.557 0.05802457 1.48593e-06
1761304463.144 62.630 0.05806181 5.36039e-07
1761304463.154 62.703 0.05812513 3.28858e-07
1761304463.164 62.776 0.05816796 3.07708e-07
1761304463.174 62.849 0.05821266 1.93121e-07
1761304463.184 62.921 0.05825921 2.46786e-07
1761304463.221 62.994 0.05845289 2.72483e-07
1761304463.228 63.066 0.05849479 3.36253e-07
1761304463.234 63.139 0.05849479 2.58248e-07
1761304463.245 63.211 0.05859349 4.04238e-07
1761304463.254 63.284 0.05859349 2.72251e-07
1761304463.264 63.356 0.05863166 3.08409e-07
1761304463.274 63.428 0.05868288 2.93710e-07
1761304463.284 63.500 0.05876203 2.52477e-07
1761304463.296 63.572 0.05885607 1.86065e-07
1761304463.304 63.644 0.05885607 3.77727e-07
1761304463.314 63.716 0.05892404 4.57566e-07
1761304463.324 63.787 0.05896688 1.25638e-06
1761304463.334 63.859 0.05904509 2.76734e-06
1761304463.344 63.930 0.05909072 3.26997e-06
1761304463.354 64.002 0.05915869 4.68058e-06
1761304463.364 64.073 0.05920059 6.07810e-06
1761304463.374 64.145 0.05927415 5.15682e-06
1761304463.384 64.216 0.05935795 4.61533e-06
1761304463.394 64.287 0.05940357 2.84078e-06
1761304463.404 64.358 0.05949110 1.96349e-06
1761304463.414 64.429 0.05956466 9.37627e-07
1761304463.424 64.500 0.05962053 3.22446e-07
1761304463.434 64.571 0.05969781 5.46784e-07
1761304463.444 64.642 0.05973413 6.49855e-07
1761304463.454 64.712 0.05980955 1.49570e-06
1761304463.464 64.783 0.05988590 1.87728e-06
1761304463.474 64.854 0.05995108 1.87671e-06
1761304463.484 64.924 0.06002837 9.35430e-07
1761304463.494 64.994 0.06008517 2.82179e-06
1761304463.504 65.065 0.06016152 1.94313e-06
1761304463.514 65.135 0.06023322 1.08645e-06
1761304463.524 65.205 0.06030585 1.04397e-06
1761304463.555 65.275 0.06057122 4.04009e-07
1761304463.564 65.345 0.06063826 4.92700e-07
1761304463.574 65.415 0.06063826 3.63547e-07
1761304463.584 65.485 0.06070809 4.78081e-07
1761304463.594 65.555 0.06076583 1.40644e-06
1761304463.604 65.624 0.06083845 7.69825e-06
1761304463.614 65.694 0.06088780 1.52816e-05
1761304463.624 65.764 0.06097440 4.44783e-05
1761304463.634 65.833 0.06104703 7.75886e-05
1761304463.644 65.903 0.06108800 1.09446e-04
1761304463.654 65.972 0.06116156 1.21665e-04
1761304463.664 66.041 0.06121277 1.56243e-04
1761304463.674 66.110 0.06127608 1.52427e-04
1761304463.684 66.179 0.06136641 1.38341e-04
1761304463.694 66.248 0.06140645 1.19240e-04
1761304463.704 66.317 0.06145952 7.96299e-05
1761304463.714 66.386 0.06151818 3.65298e-05
1761304463.724 66.455 0.06157964 6.81217e-06
1761304463.734 66.524 0.06165040 2.69940e-07
1761304463.745 66.593 0.06171558 3.52450e-07
1761304463.754 66.661 0.06171558 5.57416e-07
1761304463.764 66.730 0.06176028 3.73427e-07
1761304463.774 66.798 0.06182080 4.45501e-07
1761304463.784 66.867 0.06189343 5.56366e-07
1761304463.794 66.935 0.06192788 5.10535e-07
1761304463.804 67.003 0.06199399 4.14418e-07
1761304463.814 67.072 0.06205266 4.93915e-07
1761304463.824 67.140 0.06210200 5.32954e-07
1761304463.834 67.208 0.06217277 7.06554e-07
1761304463.844 67.276 0.06222398 9.09730e-07
1761304463.854 67.344 0.06229009 8.43552e-07
1761304463.864 67.412 0.06233851 1.70506e-06
1761304463.874 67.479 0.06240369 1.83960e-06
1761304463.884 67.547 0.06248377 2.51188e-06
1761304463.894 67.615 0.06252381 1.72285e-06
1761304463.904 67.682 0.06260761 1.56540e-06
1761304463.914 67.750 0.06266161 1.56743e-06
1761304463.924 67.817 0.06272307 6.95250e-07
1761304463.934 67.885 0.06279849 7.00270e-07
1761304463.944 67.952 0.06285250 4.18864e-07
1761304463.954 68.019 0.06294096 6.20546e-07
1761304463.964 68.086 0.06300800 6.27199e-07
1761304463.974 68.154 0.06307225 6.99501e-07
1761304463.984 68.221 0.06316629 1.07829e-06
1761304463.994 68.288 0.06320540 1.24316e-06
1761304464.004 68.354 0.06329479 2.06524e-06
1761304464.014 68.421 0.06335438 1.60649e-06
1761304464.024 68.488 0.06341770 1.26937e-06
1761304464.034 68.555 0.06350150 2.70103e-06
1761304464.044 68.622 0.06354433 1.73949e-06
1761304464.054 68.688 0.06362068 1.39798e-06
1761304464.064 68.755 0.06368493 1.03117e-06
1761304464.116 68.821 0.06406204 8.79377e-06
1761304464.124 68.888 0.06406204 9.34039e-06
1761304464.134 68.954 0.06413187 9.59305e-06
1761304464.144 69.020 0.06419333 8.31708e-06
1761304464.154 69.086 0.06425385 5.78527e-06
1761304464.164 69.152 0.06429948 3.76514e-06
1761304464.179 69.219 0.06440284 6.01685e-07
1761304464.187 69.285 0.06445498 3.75533e-07
1761304464.193 69.351 0.06445498 3.30762e-07
1761304464.203 69.416 0.06453785 4.61399e-07
1761304464.213 69.482 0.06457416 5.70449e-07
1761304464.223 69.548 0.06463003 3.45723e-07
1761304464.233 69.614 0.06469428 4.04002e-07
1761304464.243 69.679 0.06473711 5.01183e-07
1761304464.253 69.745 0.06478832 5.26158e-07
1761304464.263 69.811 0.06481161 5.62696e-07
1761304464.273 69.876 0.06484792 8.06617e-07
1761304464.283 69.941 0.06489075 7.10200e-07
1761304464.293 70.007 0.06491682 8.47546e-07
1761304464.303 70.072 0.06497735 1.13263e-06
1761304464.313 70.137 0.06501273 1.21199e-06
1761304464.323 70.202 0.06503787 1.59803e-06
1761304464.333 70.267 0.06507977 1.81634e-06
1761304464.343 70.333 0.06512074 1.96323e-06
1761304464.353 70.398 0.06518406 1.63147e-06
1761304464.363 70.462 0.06522223 1.74956e-06
1761304464.373 70.527 0.06528462 1.53105e-06
1761304464.383 70.592 0.06533956 8.66242e-07
1761304464.393 70.657 0.06537587 1.88768e-06
1761304464.403 70.721 0.06545688 1.07214e-06
1761304464.413 70.786 0.06550716 7.58448e-07
1761304464.423 70.851 0.06556210 1.24019e-06
1761304464.433 70.915 0.06562914 1.80491e-06
1761304464.443 70.980 0.06568314 1.25770e-06
1761304464.453 71.044 0.06575205 1.96796e-06
1761304464.463 71.108 0.06580420 1.75290e-06
1761304464.473 71.173 0.06589265 8.98644e-07
1761304464.483 71.237 0.06598576 1.31103e-06
1761304464.493 71.301 0.06602952 7.81152e-07
1761304464.503 71.365 0.06611333 1.77631e-07
1761304464.513 71.429 0.06617572 1.30711e-07
1761304464.523 71.493 0.06625393 6.39194e-08
1761304464.533 71.557 0.06632563 1.90752e-07
1761304464.543 71.621 0.06638150 1.67560e-07
1761304464.553 71.685 0.06646250 2.23687e-07
1761304464.563 71.748 0.06650999 3.04393e-07
1761304464.574 71.812 0.06665804 1.78770e-07
1761304464.583 71.876 0.06665804 1.90716e-07
1761304464.593 71.939 0.06669529 1.73381e-07
1761304464.603 72.003 0.06678095 1.97531e-07
1761304464.613 72.066 0.06683217 3.54220e-07
1761304464.623 72.130 0.06689455 3.13068e-07
1761304464.667 72.193 0.06720369 6.58632e-07
1761304464.673 72.256 0.06720369 4.60252e-07
1761304464.683 72.320 0.06728470 5.02032e-07
1761304464.694 72.383 0.06730891 3.66021e-07
1761304464.704 72.446 0.06736198 2.17394e-07
1761304464.713 72.509 0.06741412 2.63199e-07
1761304464.724 72.572 0.06746813 2.18088e-07
1761304464.734 72.635 0.06753331 3.51055e-07
1761304464.744 72.698 0.06757987 3.38687e-07
1761304464.754 72.761 0.06763853 2.50901e-07
1761304464.763 72.824 0.06768322 4.38437e-07
1761304464.773 72.886 0.06772699 9.64406e-07
1761304464.783 72.949 0.06778378 1.50023e-06
1761304464.793 73.012 0.06782196 3.13850e-06
1761304464.803 73.074 0.06788621 5.42349e-06
1761304464.813 73.137 0.06790856 7.88091e-06
1761304464.823 73.199 0.06794953 1.16076e-05
1761304464.833 73.262 0.06800539 1.68549e-05
1761304464.843 73.324 0.06804264 2.42435e-05
1761304464.853 73.387 0.06809758 3.21550e-05
1761304464.863 73.449 0.06812271 3.99192e-05
1761304464.873 73.511 0.06817393 6.92759e-05
1761304464.883 73.573 0.06822514 1.04191e-04
1761304464.893 73.635 0.06825960 1.34124e-04
1761304464.903 73.697 0.06833223 1.46068e-04
1761304464.913 73.759 0.06835923 1.72887e-04
1761304464.923 73.821 0.06842533 1.73904e-04
1761304464.933 73.883 0.06847748 1.59027e-04
1761304464.943 73.945 0.06851752 1.57540e-04
1761304464.953 74.007 0.06860132 1.49366e-04
1761304464.963 74.069 0.06862460 1.09906e-04
1761304464.973 74.130 0.06867861 6.52176e-05
1761304464.983 74.192 0.06875775 1.74604e-05
1761304464.993 74.254 0.06879872 3.59327e-06
1761304465.003 74.315 0.06888625 9.15787e-07
1761304465.013 74.377 0.06893839 4.81900e-07
1761304465.023 74.438 0.06899799 3.80387e-07
1761304465.033 74.500 0.06906316 5.78096e-07
1761304465.045 74.561 0.06919724 1.71392e-07
1761304465.053 74.622 0.06919724 2.55705e-07
1761304465.063 74.683 0.06924753 3.33638e-07
1761304465.073 74.745 0.06930991 1.72381e-07
1761304465.083 74.806 0.06938813 1.93949e-07
1761304465.093 74.867 0.06944306 1.59273e-07
1761304465.103 74.928 0.06951849 1.96231e-07
1761304465.113 74.989 0.06956691 2.11820e-07
1761304465.123 75.050 0.06963022 1.40643e-07
1761304465.133 75.111 0.06969634 1.78243e-07
1761304465.143 75.172 0.06976710 1.69545e-07
1761304465.153 75.232 0.06984159 1.03380e-07
1761304465.163 75.293 0.06987511 2.21917e-07
1761304465.217 75.354 0.07021497 1.59342e-07
1761304465.231 75.415 0.07029226 1.22511e-07
1761304465.240 75.475 0.07034254 1.39205e-07
1761304465.246 75.536 0.07039189 1.53822e-07
1761304465.253 75.596 0.07039189 1.38607e-07
1761304465.263 75.657 0.07044124 1.66341e-07
1761304465.273 75.717 0.07049338 1.18206e-07
1761304465.283 75.777 0.07054088 1.61425e-07
1761304465.293 75.838 0.07058836 1.51407e-07
1761304465.303 75.898 0.07066378 1.96977e-07
1761304465.313 75.958 0.07071313 1.67757e-07
1761304465.324 76.018 0.07076900 1.38327e-07
1761304465.336 76.078 0.07080811 2.31420e-07
1761304465.348 76.139 0.07086397 1.23800e-07
1761304465.356 76.199 0.07088819 1.41108e-07
1761304465.365 76.259 0.07093754 1.70118e-07
1761304465.373 76.319 0.07095430 1.42208e-07
1761304465.383 76.378 0.07095430 1.54040e-07
1761304465.393 76.438 0.07099992 1.43711e-07
1761304465.403 76.498 0.07105486 1.23915e-07
1761304465.413 76.558 0.07108558 1.51139e-07
1761304465.423 76.617 0.07112749 1.07473e-07
1761304465.433 76.677 0.07115542 2.02902e-07
1761304465.443 76.737 0.07119732 2.63006e-07
1761304465.453 76.796 0.07125505 3.35948e-07
1761304465.463 76.856 0.07127833 5.07398e-07
1761304465.473 76.915 0.07132768 4.65671e-07
1761304465.483 76.975 0.07137982 3.91023e-07
1761304465.493 77.034 0.07141800 3.79535e-07
1761304465.503 77.093 0.07147666 4.82088e-07
1761304465.513 77.153 0.07152415 4.61139e-07
1761304465.523 77.212 0.07159399 3.52886e-07
1761304465.533 77.271 0.07166941 3.20698e-07
1761304465.543 77.330 0.07169548 2.63612e-07
1761304465.553 77.389 0.07176904 2.11650e-07
1761304465.563 77.448 0.07181466 2.29318e-07
1761304465.575 77.507 0.07197482 1.83927e-07
1761304465.583 77.566 0.07197482 2.71984e-07
1761304465.593 77.625 0.07201672 3.17925e-07
1761304465.603 77.684 0.07208377 3.69623e-07
1761304465.613 77.743 0.07213498 3.89686e-07
1761304465.623 77.802 0.07220761 3.94292e-07
1761304465.633 77.861 0.07228209 3.37899e-07
1761304465.643 77.919 0.07232865 4.22377e-07
1761304465.653 77.978 0.07242084 3.45586e-07
1761304465.663 78.037 0.07246646 3.91021e-07
1761304465.673 78.095 0.07252699 3.39252e-07
1761304465.683 78.154 0.07258937 3.67146e-07
1761304465.693 78.212 0.07266200 3.31572e-07
1761304465.703 78.271 0.07272624 3.46392e-07
1761304465.713 78.329 0.07275977 3.94912e-07
1761304465.723 78.387 0.07281843 3.37125e-07
1761304465.772 78.446 0.07310987 9.02050e-08
1761304465.778 78.504 0.07314991 1.37438e-07
1761304465.784 78.562 0.07318529 1.22588e-07
1761304465.793 78.620 0.07318529 2.01297e-07
1761304465.803 78.678 0.07326258 2.60995e-07
1761304465.813 78.736 0.07330168 4.84500e-07
1761304465.823 78.794 0.07334917 4.48066e-07
1761304465.833 78.853 0.07341342 7.17627e-07
1761304465.843 78.910 0.07345160 1.13819e-06
1761304465.853 78.968 0.07352144 1.57377e-06
1761304465.863 79.026 0.07354658 1.69560e-06
1761304465.873 79.084 0.07359779 2.30417e-06
1761304465.883 79.142 0.07364062 2.55163e-06
1761304465.893 79.200 0.07367414 3.56111e-06
1761304465.903 79.257 0.07374490 4.93334e-06
1761304465.913 79.315 0.07376446 6.27868e-06
1761304465.923 79.373 0.07381195 8.35474e-06
1761304465.933 79.430 0.07384454 8.26733e-06
1761304465.943 79.488 0.07387713 8.01507e-06
1761304465.952 79.545 0.07393206 8.03237e-06
1761304465.962 79.603 0.07395627 7.42056e-06
1761304465.972 79.660 0.07401121 7.87588e-06
1761304465.982 79.718 0.07405311 6.79690e-06
1761304465.992 79.775 0.07407732 6.42360e-06
1761304466.002 79.832 0.07414622 4.95940e-06
1761304466.012 79.889 0.07416112 3.84685e-06
1761304466.022 79.947 0.07421606 2.22001e-06
1761304466.032 80.004 0.07428217 1.73038e-06
1761304466.042 80.061 0.07432128 1.12074e-06
1761304466.052 80.118 0.07437528 5.58631e-07
1761304466.062 80.175 0.07439390 4.89944e-07
1761304466.072 80.232 0.07446840 2.70300e-07
1761304466.082 80.289 0.07453358 1.81899e-07
1761304466.092 80.346 0.07460248 1.72798e-07
1761304466.102 80.403 0.07467325 1.94111e-07
1761304466.112 80.460 0.07469652 1.73042e-07
1761304466.122 80.516 0.07476822 1.08179e-07
1761304466.132 80.573 0.07482502 1.90618e-07
1761304466.142 80.630 0.07487996 1.50601e-07
1761304466.152 80.687 0.07495165 1.76497e-07
1761304466.162 80.743 0.07498890 1.40495e-07
1761304466.172 80.800 0.07506246 8.42959e-08
1761304466.182 80.856 0.07512671 1.49585e-07
1761304466.192 80.913 0.07517419 1.38680e-07
1761304466.202 80.969 0.07524310 1.48550e-07
1761304466.212 81.026 0.07528221 7.79559e-08
1761304466.222 81.082 0.07535856 3.21122e-08
1761304466.232 81.139 0.07542188 9.25053e-08
1761304466.242 81.195 0.07546843 7.57129e-08
1761304466.252 81.251 0.07552151 8.57577e-08
1761304466.262 81.308 0.07556155 5.83912e-08
1761304466.272 81.364 0.07564163 1.50859e-08
1761304466.302 81.420 0.07581575 8.10520e-08
1761304466.325 81.476 0.07595728 4.66655e-08
1761304466.332 81.532 0.07595728 4.45928e-08
1761304466.383 81.588 0.07624686 1.50245e-07
1761304466.392 81.644 0.07624686 1.46823e-07
1761304466.403 81.700 0.07634836 2.22629e-07
1761304466.413 81.756 0.07634836 3.01837e-07
1761304466.422 81.812 0.07639771 2.98492e-07
1761304466.432 81.868 0.07642099 3.37587e-07
1761304466.442 81.924 0.07645544 3.04122e-07
1761304466.452 81.980 0.07652062 3.28191e-07
1761304466.462 82.035 0.07654390 2.40986e-07
1761304466.472 82.091 0.07657742 2.07338e-07
1761304466.482 82.147 0.07659511 2.83740e-07
1761304466.492 82.202 0.07663049 2.08409e-07
1761304466.502 82.258 0.07667891 2.42126e-07
1761304466.512 82.314 0.07667984 1.82673e-07
1761304466.522 82.369 0.07671057 8.34643e-08
1761304466.532 82.425 0.07673292 1.36958e-07
1761304466.542 82.480 0.07677202 7.87583e-08
1761304466.552 82.535 0.07682045 1.17780e-07
1761304466.562 82.591 0.07682789 7.27908e-08
1761304466.572 82.646 0.07685117 3.06081e-08
1761304466.582 82.701 0.07689586 1.09155e-07
1761304466.592 82.757 0.07691914 6.06181e-08
1761304466.602 82.812 0.07696384 1.03706e-07
1761304466.612 82.867 0.07698432 6.87187e-08
1761304466.622 82.922 0.07702622 3.10158e-08
1761304466.632 82.977 0.07706999 1.06884e-07
1761304466.642 83.032 0.07710071 7.42930e-08
1761304466.652 83.088 0.07717055 1.12778e-07
1761304466.662 83.143 0.07720873 5.84895e-08
1761304466.672 83.198 0.07727856 2.78641e-08
1761304466.682 83.252 0.07733164 1.09968e-07
1761304466.732 83.307 0.07764543 4.37920e-08
1761304466.742 83.362 0.07764543 5.48375e-08
1761304466.752 83.417 0.07773482 9.83369e-08
1761304466.762 83.472 0.07778510 6.11613e-08
1761304466.772 83.527 0.07784749 1.68490e-08
1761304466.782 83.581 0.07790428 9.66902e-08
1761304466.792 83.636 0.07795084 5.58694e-08
1761304466.802 83.691 0.07801974 1.02835e-07
1761304466.812 83.745 0.07805513 8.41691e-08
1761304466.822 83.800 0.07812682 8.05180e-08
1761304466.878 83.854 0.07839034 7.90667e-06
1761304466.884 83.909 0.07841175 8.72772e-06
1761304466.892 83.963 0.07841175 1.33445e-05
1761304466.902 84.018 0.07846948 1.43318e-05
1761304466.912 84.072 0.07850021 1.82436e-05
1761304466.922 84.127 0.07852069 2.43426e-05
1761304466.932 84.181 0.07856352 2.78626e-05
1761304466.942 84.235 0.07859146 3.37733e-05
1761304466.952 84.289 0.07861846 3.73231e-05
1761304466.962 84.344 0.07863243 5.72569e-05
1761304466.972 84.398 0.07867340 5.76036e-05
1761304466.982 84.452 0.07870879 7.77267e-05
1761304466.992 84.506 0.07871158 8.15450e-05
1761304467.002 84.560 0.07874417 8.18569e-05
1761304467.012 84.614 0.07877769 1.00018e-04
1761304467.022 84.668 0.07882518 9.45058e-05
1761304467.032 84.722 0.07885590 1.01839e-04
1761304467.042 84.776 0.07888384 1.09870e-04
1761304467.052 84.830 0.07891922 1.05601e-04
1761304467.062 84.884 0.07893319 9.81335e-05
1761304467.072 84.938 0.07898254 9.33844e-05
1761304467.082 84.992 0.07902164 9.07748e-05
1761304467.092 85.045 0.07906168 8.60197e-05
1761304467.102 85.099 0.07909613 7.20308e-05
1761304467.112 85.153 0.07911941 7.60687e-05
1761304467.122 85.207 0.07919018 5.24719e-05
1761304467.132 85.260 0.07924232 4.24787e-05
1761304467.142 85.314 0.07928516 2.55801e-05
1761304467.152 85.367 0.07933823 2.60292e-05
1761304467.162 85.421 0.07937268 1.83432e-05
1761304467.172 85.474 0.07944531 1.34372e-05
1761304467.182 85.528 0.07950863 1.05427e-05
1761304467.192 85.581 0.07955332 7.93955e-06
1761304467.202 85.635 0.07961571 6.56100e-06
1761304467.212 85.688 0.07965481 4.84748e-06
1761304467.222 85.742 0.07972465 2.06046e-06
1761304467.232 85.795 0.07977959 1.82384e-06
1761304467.242 85.848 0.07983546 1.42459e-06
1761304467.252 85.901 0.07989970 1.43981e-06
1761304467.262 85.955 0.07994999 1.22467e-06
1761304467.272 86.008 0.08001796 6.21633e-07
1761304467.282 86.061 0.08006452 6.70007e-07
1761304467.292 86.114 0.08011014 3.82251e-07
1761304467.302 86.167 0.08017718 3.28975e-07
1761304467.312 86.220 0.08022001 1.95878e-07
1761304467.322 86.273 0.08028706 1.06282e-07
1761304467.332 86.326 0.08033920 1.14503e-07
1761304467.380 86.379 0.08058316 7.67197e-08
1761304467.422 86.432 0.08080477 7.27552e-08
1761304467.429 86.485 0.08084667 8.77192e-08
1761304467.435 86.538 0.08087088 2.23201e-08
1761304467.442 86.591 0.08087088 5.04231e-08
1761304467.452 86.643 0.08092116 6.95532e-08
1761304467.462 86.696 0.08095933 5.04986e-08
1761304467.472 86.749 0.08102545 5.08877e-08
1761304467.482 86.801 0.08105059 9.96540e-08
1761304467.492 86.854 0.08107852 5.15697e-08
1761304467.502 86.907 0.08112507 7.93254e-08
1761304467.512 86.959 0.08114184 6.51074e-08
1761304467.522 87.012 0.08118839 5.40107e-08
1761304467.532 87.064 0.08120608 1.15717e-07
1761304467.542 87.117 0.08123960 5.80994e-08
1761304467.552 87.169 0.08126289 9.34232e-08
1761304467.562 87.222 0.08127685 6.10362e-08
1761304467.572 87.274 0.08132154 6.77586e-08
1761304467.582 87.327 0.08134668 1.12966e-07
1761304467.592 87.379 0.08134855 5.42185e-08
1761304467.602 87.431 0.08139324 8.79051e-08
1761304467.612 87.484 0.08141373 7.97758e-08
1761304467.622 87.536 0.08147518 9.33044e-08
1761304467.632 87.588 0.08148263 1.41600e-07
1761304467.642 87.640 0.08151150 7.42585e-08
1761304467.652 87.692 0.08156364 1.06276e-07
1761304467.662 87.744 0.08158599 7.98550e-08
1761304467.672 87.797 0.08163720 9.44147e-08
1761304467.682 87.849 0.08167537 1.45998e-07
1761304467.692 87.901 0.08171355 7.44672e-08
1761304467.702 87.953 0.08176570 1.17340e-07
1761304467.711 88.005 0.08179643 8.52263e-08
1761304467.722 88.057 0.08187929 9.46033e-08
1761304467.731 88.108 0.08193330 1.20288e-07
1761304467.741 88.160 0.08198451 5.82930e-08
1761304467.751 88.212 0.08204504 9.14345e-08
1761304467.761 88.264 0.08209439 5.06510e-08
1761304467.771 88.316 0.08215864 5.03842e-08
1761304467.781 88.368 0.08219122 8.55207e-08
1761304467.847 88.419 0.08260558 5.99866e-08
1761304467.897 88.471 0.08287375 6.14155e-08
1761304467.903 88.523 0.08289517 3.22210e-09
1761304467.912 88.574 0.08289517 6.99711e-08
1761304467.921 88.626 0.08294638 5.11000e-08
1761304467.951 88.677 0.08307208 1.25894e-07
1761304467.977 88.729 0.08315309 3.45457e-07
1761304467.984 88.780 0.08315961 3.57333e-07
1761304467.992 88.832 0.08315961 4.34744e-07
1761304468.002 88.883 0.08318288 4.42674e-07
1761304468.012 88.935 0.08318754 5.16068e-07
1761304468.069 88.986 0.08325738 9.24281e-07
1761304468.075 89.038 0.08326669 1.12667e-06
1761304468.081 89.089 0.08326669 1.07838e-06
1761304468.092 89.140 0.08328903 1.28926e-06
1761304468.102 89.192 0.08329927 1.20935e-06
1761304468.112 89.243 0.08330859 1.38199e-06
1761304468.122 89.294 0.08334770 1.61749e-06
1761304468.132 89.345 0.08335328 1.77995e-06
1761304468.142 89.396 0.08339239 1.55542e-06
1761304468.152 89.447 0.08342963 1.78493e-06
1761304468.162 89.499 0.08342777 1.82963e-06
1761304468.171 89.550 0.08346316 1.89163e-06
1761304468.181 89.601 0.08348643 2.32473e-06
1761304468.191 89.652 0.08353764 2.00320e-06
1761304468.201 89.703 0.08356931 2.08433e-06
1761304468.211 89.754 0.08357582 1.95470e-06
1761304468.221 89.805 0.08363541 1.83557e-06
1761304468.231 89.855 0.08364752 2.08891e-06
1761304468.241 89.906 0.08370059 2.06704e-06
1761304468.251 89.957 0.08376577 1.92120e-06
1761304468.262 90.008 0.08377509 2.08233e-06
1761304468.272 90.059 0.08383561 1.70269e-06
1761304468.281 90.110 0.08386633 1.49938e-06
1761304468.292 90.160 0.08391476 1.48370e-06
1761304468.302 90.211 0.08396969 1.05115e-06
1761304468.312 90.262 0.08399483 1.03566e-06
1761304468.322 90.312 0.08405629 7.33927e-07
1761304468.332 90.363 0.08408701 6.60923e-07
1761304468.342 90.413 0.08415219 5.44618e-07
1761304468.352 90.464 0.08421178 4.75132e-07
1761304468.361 90.515 0.08425555 3.58229e-07
1761304468.371 90.565 0.08431328 3.16501e-07
1761304468.382 90.615 0.08435891 3.60146e-07
1761304468.391 90.666 0.08440825 2.02253e-07
1761304468.402 90.716 0.08446413 1.75954e-07
1761304468.412 90.767 0.08451161 1.93469e-07
1761304468.421 90.817 0.08457121 1.31721e-07
1761304468.431 90.867 0.08459635 1.55365e-07
1761304468.441 90.918 0.08464942 6.98495e-08
1761304468.451 90.968 0.08470343 1.13294e-07
1761304468.461 91.018 0.08475929 6.34113e-08
1761304468.471 91.068 0.08481237 7.35915e-08
1761304468.528 91.119 0.08509730 4.15667e-08
1761304468.535 91.169 0.08513920 1.50646e-08
1761304468.541 91.219 0.08520437 4.47900e-08
1761304468.551 91.269 0.08520437 7.04089e-08
1761304468.561 91.319 0.08522952 3.62928e-08
1761304468.571 91.369 0.08530401 5.41606e-08
1761304468.581 91.419 0.08533287 7.39178e-08
1761304468.631 91.469 0.08554052 6.24374e-08
1761304468.681 91.519 0.08569974 6.08008e-08
1761304468.731 91.569 0.08584686 6.01931e-08
1761304468.781 91.619 0.08597070 5.94902e-08
1761304468.832 91.669 0.08604240 6.00714e-08
1761304468.882 91.719 0.08606102 5.65502e-08
1761304468.932 91.769 0.08611410 5.72944e-08
1761304468.982 91.818 0.08614855 5.53348e-08
1761304469.032 91.868 0.08621000 5.43235e-08
1761304469.073 91.918 0.08624725 7.63317e-08
1761304469.081 91.968 0.08624725 8.01030e-08
1761304469.130 92.017 0.08630219 7.79375e-08
1761304469.137 92.067 0.08632546 -5.45950e-09
1761304469.143 92.117 0.08633943 4.43572e-08
1761304469.151 92.166 0.08633943 6.43375e-08
1761304469.161 92.216 0.08633757 3.77812e-08
1761304469.171 92.266 0.08637854 5.44338e-08
1761304469.181 92.315 0.08638598 3.90817e-08
1761304469.191 92.365 0.08638878 -6.23860e-09
1761304469.201 92.414 0.08640181 7.05019e-08
1761304469.248 92.464 0.08647910 5.77816e-08
1761304469.299 92.513 0.08658618 5.16131e-08
1761304469.366 92.562 0.08681989 8.86660e-08
1761304469.416 92.612 0.08696422 8.44610e-08
1761304469.467 92.661 0.08704895 8.77836e-08
1761304469.473 92.710 0.08705268 4.45906e-08
1761304469.481 92.760 0.08705268 8.53337e-08
1761304469.530 92.809 0.08708341 9.20947e-08
1761304469.536 92.858 0.08709179 2.29951e-08
1761304469.543 92.908 0.08710668 4.51906e-08
1761304469.550 92.957 0.08710668 7.20469e-08
1761304469.624 93.006 0.08712903 4.57275e-08
1761304469.630 93.055 0.08712903 7.81250e-08
1761304469.640 93.104 0.08716721 1.00452e-08
1761304469.650 93.153 0.08717093 9.45929e-08
1761304469.797 93.202 0.08754711 7.94047e-08
1761304469.804 93.251 0.08756387 3.86200e-09
1761304469.811 93.300 0.08759273 6.28064e-08
1761304469.820 93.349 0.08759273 7.90448e-08
1761304469.830 93.398 0.08759460 4.51416e-08
1761304469.840 93.447 0.08762998 2.03584e-08
1761304469.850 93.496 0.08762253 1.01976e-07
1761304469.860 93.545 0.08763650 5.34549e-08
1761304469.870 93.594 0.08765792 8.94418e-08
1761304469.880 93.643 0.08765233 5.61678e-08
1761304469.890 93.692 0.08766723 3.40046e-08
1761304469.900 93.740 0.08766164 1.06317e-07
1761304469.910 93.789 0.08767933 6.39601e-08
1761304469.920 93.838 0.08770633 1.01592e-07
1761304469.930 93.887 0.08768492 6.76807e-08
1761304469.940 93.935 0.08769982 4.26137e-08
1761304469.950 93.984 0.08770168 1.16549e-07
1761304469.960 94.033 0.08770633 6.89832e-08
1761304469.970 94.081 0.08772682 1.10141e-07
1761304469.980 94.130 0.08773427 8.54236e-08
1761304469.990 94.178 0.08778269 4.92041e-08
1761304470.000 94.227 0.08779852 1.26086e-07
1761304470.010 94.275 0.08782738 7.82531e-08
1761304470.020 94.324 0.08786649 1.19993e-07
1761304470.030 94.372 0.08788139 1.14941e-07
1761304470.040 94.421 0.08794470 5.87400e-08
1761304470.050 94.469 0.08797450 1.72895e-07
1761304470.060 94.518 0.08801547 9.00199e-08
1761304470.070 94.566 0.08806389 1.18583e-07
1761304470.080 94.614 0.08809276 8.61861e-08
1761304470.090 94.663 0.08818121 8.13133e-08
1761304470.100 94.711 0.08823894 1.51422e-07
1761304470.110 94.759 0.08826315 9.04848e-08
1761304470.120 94.807 0.08834416 1.15952e-07
1761304470.130 94.856 0.08838234 1.03965e-07
1761304470.175 94.904 0.08865144 6.24297e-08
1761304470.186 94.952 0.08871848 7.34917e-08
1761304470.248 95.000 0.08898944 7.61932e-08
1761304470.254 95.048 0.08901923 9.49120e-09
1761304470.260 95.096 0.08901923 5.32220e-08
1761304470.270 95.144 0.08907231 7.64748e-08
1761304470.280 95.192 0.08910117 6.21529e-08
1761304470.290 95.240 0.08915145 4.59518e-08
1761304470.300 95.288 0.08917567 1.05678e-07
1761304470.310 95.336 0.08920546 5.91221e-08
1761304470.320 95.384 0.08925015 9.40065e-08
1761304470.330 95.432 0.08925388 9.00639e-08
1761304470.340 95.480 0.08927995 6.40015e-08
1761304470.350 95.528 0.08930137 1.25460e-07
1761304470.360 95.576 0.08932930 6.87327e-08
1761304470.370 95.624 0.08933861 1.08491e-07
1761304470.380 95.671 0.08933675 1.01466e-07
1761304470.390 95.719 0.08936468 8.31736e-08
1761304470.400 95.767 0.08937958 1.53007e-07
1761304470.410 95.815 0.08939262 1.18112e-07
1761304470.420 95.862 0.08943452 1.74709e-07
1761304470.430 95.910 0.08942521 1.56280e-07
1761304470.440 95.958 0.08946618 1.68740e-07
1761304470.450 96.005 0.08948945 2.47156e-07
1761304470.460 96.053 0.08952205 2.60561e-07
1761304470.470 96.101 0.08954998 3.12679e-07
1761304470.480 96.148 0.08956115 3.74406e-07
1761304470.490 96.196 0.08960398 4.05835e-07
1761304470.500 96.243 0.08964775 5.27885e-07
1761304470.510 96.291 0.08967754 5.86172e-07
1761304470.520 96.338 0.08972690 6.47618e-07
1761304470.530 96.386 0.08975669 7.97324e-07
1761304470.540 96.433 0.08982932 1.04359e-06
1761304470.550 96.480 0.08986843 1.16165e-06
1761304470.560 96.528 0.08991685 1.38086e-06
1761304470.570 96.575 0.08997644 1.59322e-06
1761304470.580 96.623 0.09000810 2.63375e-06
1761304470.590 96.670 0.09007514 2.18630e-06
1761304470.600 96.717 0.09012821 3.10112e-06
1761304470.610 96.764 0.09016826 4.34514e-06
1761304470.620 96.812 0.09023157 5.50299e-06
1761304470.630 96.859 0.09027347 4.78772e-06
1761304470.640 96.906 0.09035634 6.26171e-06
1761304470.650 96.953 0.09040290 5.92178e-06
1761304470.660 97.000 0.09043456 5.99288e-06
1761304470.670 97.047 0.09050905 5.87021e-06
1761304470.680 97.095 0.09054443 5.70666e-06
1761304470.729 97.142 0.09077442 4.20652e-06
1761304470.736 97.189 0.09082564 2.32265e-06
1761304470.742 97.236 0.09086288 1.88746e-06
1761304470.750 97.283 0.09086288 1.82761e-06
1761304470.760 97.330 0.09090757 1.29387e-06
1761304470.770 97.377 0.09095879 1.18983e-06
1761304470.780 97.424 0.09097648 1.04952e-06
1761304470.790 97.471 0.09103048 8.88188e-07
1761304470.800 97.517 0.09106959 8.77846e-07
1761304470.810 97.564 0.09112360 6.74998e-07
1761304470.820 97.611 0.09116084 7.02722e-07
1761304470.830 97.658 0.09117016 5.84050e-07
1761304470.840 97.705 0.09123347 4.74223e-07
1761304470.850 97.752 0.09126699 5.34508e-07
1761304470.860 97.798 0.09127444 3.66198e-07
1761304470.870 97.845 0.09132565 3.35238e-07
1761304470.880 97.892 0.09134614 2.66639e-07
1761304470.890 97.939 0.09137594 1.94368e-07
1761304470.900 97.985 0.09140015 2.09662e-07
1761304470.910 98.032 0.09143366 1.95246e-07
1761304470.920 98.078 0.09148394 1.74850e-07
1761304470.930 98.125 0.09150350 1.86008e-07
1761304470.940 98.172 0.09154633 1.38517e-07
1761304470.950 98.218 0.09157892 1.67870e-07
1761304470.960 98.265 0.09160965 7.71360e-08
1761304470.970 98.311 0.09165062 1.02997e-07
1761304470.980 98.358 0.09167948 5.89142e-08
1761304470.990 98.404 0.09173163 8.29785e-08
1761304471.000 98.451 0.09175677 1.06861e-07
1761304471.048 98.497 0.09196255 5.24802e-08
1761304471.055 98.544 0.09201469 -2.02830e-08
1761304471.114 98.590 0.09230986 1.93418e-08
1761304471.120 98.636 0.09235176 1.88848e-08
1761304471.130 98.683 0.09235176 3.03928e-09
1761304471.140 98.729 0.09241601 1.08357e-08
1761304471.150 98.775 0.09243463 1.16985e-08
1761304471.160 98.822 0.09248585 -1.19156e-09
1761304471.170 98.868 0.09253240 7.01380e-09
1761304471.180 98.914 0.09254823 -1.21866e-08
1761304471.190 98.960 0.09260596 1.97142e-09
1761304471.200 99.006 0.09262086 -4.72895e-09
1761304471.210 99.053 0.09264041 -1.94376e-08
1761304471.220 99.099 0.09268790 -7.54197e-09
1761304471.259 99.145 0.09272980 -5.36000e-11
1761304471.281 99.191 0.09278288 8.13700e-10
1761304471.290 99.237 0.09278288 -7.85773e-08
1761304471.300 99.283 0.09281081 5.44690e-09
1761304471.310 99.329 0.09282664 -5.63682e-08
1761304471.359 99.375 0.09296259 -5.68675e-08
1761304471.366 99.421 0.09301100 -2.88227e-08
1761304471.372 99.467 0.09302683 -7.12680e-08
1761304471.379 99.513 0.09302683 -2.97347e-08
1761304471.389 99.559 0.09305105 -3.18576e-08
1761304471.399 99.605 0.09307619 -7.48330e-09
1761304471.409 99.651 0.09311902 -7.72970e-08
1761304471.457 99.697 0.09327917 -2.61231e-08
1761304471.501 99.743 0.09342164 -3.58690e-10
1761304471.510 99.788 0.09342164 -1.66404e-08
1761304471.520 99.834 0.09346726 1.32303e-09
1761304471.530 99.880 0.09347192 -1.11346e-08
1761304471.540 99.926 0.09350916 1.04769e-08
1761304471.549 99.971 0.09352685 1.24409e-08
1761304471.560 100.017 0.09355106 7.41554e-09
1761304471.575 100.063 0.09359483 2.09052e-08
1761304471.582 100.109 0.09363766 5.01441e-08
1761304471.589 100.154 0.09363766 -1.29040e-08
1761304471.599 100.200 0.09365721 5.96298e-08
1761304471.665 100.246 0.09382203 6.35258e-08
1761304471.671 100.291 0.09382854 -1.67840e-09
1761304471.679 100.337 0.09382854 3.45848e-08
1761304471.689 100.382 0.09387975 4.60959e-08
1761304471.699 100.428 0.09390303 5.93305e-08
1761304471.747 100.473 0.09402688 8.42631e-08
1761304471.753 100.519 0.09407436 2.52645e-08
1761304471.759 100.564 0.09407436 2.04651e-08
1761304471.769 100.610 0.09410229 5.61076e-08
1761304471.779 100.655 0.09410509 3.12800e-08
1761304471.829 100.701 0.09426152 3.65191e-08
1761304471.835 100.746 0.09429411 4.72204e-08
1761304471.842 100.791 0.09430994 2.68906e-08
1761304471.849 100.837 0.09430994 8.16624e-08
1761304471.859 100.882 0.09432949 -5.20700e-10
1761304471.869 100.927 0.09437233 6.17739e-08
1761304471.879 100.973 0.09439002 3.24447e-08
1761304471.889 101.018 0.09441795 4.70745e-08
1761304471.899 101.063 0.09443098 5.45686e-08
1761304471.909 101.108 0.09445799 -2.20490e-09
1761304471.919 101.154 0.09449430 6.04861e-08
1761304471.929 101.199 0.09451013 3.50631e-08
1761304471.939 101.244 0.09455762 4.62575e-08
1761304471.949 101.289 0.09457438 5.64962e-08
1761304471.959 101.334 0.09461442 -6.03670e-09
1761304471.969 101.379 0.09463677 6.07888e-08
1761304472.016 101.424 0.09476433 4.95185e-08
1761304472.066 101.470 0.09494963 5.03120e-08
1761304472.117 101.515 0.09516751 5.57335e-08
1761304472.167 101.560 0.09532301 7.20006e-08
1761304472.220 101.605 0.09544126 1.02625e-07
1761304472.229 101.650 0.09544126 2.02565e-07
1761304472.239 101.695 0.09546175 2.04934e-07
1761304472.249 101.740 0.09547200 2.98249e-07
1761304472.259 101.784 0.09547479 2.68551e-07
1761304472.269 101.829 0.09546268 4.93437e-07
1761304472.279 101.874 0.09545244 3.60543e-07
1761304472.289 101.919 0.09546827 3.88133e-07
1761304472.299 101.964 0.09545802 6.68108e-07
1761304472.309 102.009 0.09546920 4.68797e-07
1761304472.319 102.054 0.09546268 8.91794e-07
1761304472.330 102.098 0.09549341 9.73540e-07
1761304472.380 102.143 0.09552600 9.87850e-07
1761304472.389 102.188 0.09552600 1.37593e-06
1761304472.399 102.233 0.09554183 1.22603e-06
1761304472.409 102.277 0.09556790 2.09280e-06
1761304472.419 102.322 0.09560794 2.25983e-06
1761304472.429 102.367 0.09562098 2.68918e-06
1761304472.439 102.411 0.09566939 3.54234e-06
1761304472.449 102.456 0.09568616 2.64251e-06
1761304472.459 102.501 0.09573644 3.54018e-06
1761304472.469 102.545 0.09576996 3.97721e-06
1761304472.479 102.590 0.09580814 5.87939e-06
1761304472.489 102.634 0.09586493 8.28893e-06
1761304472.499 102.679 0.09588262 1.05318e-05
1761304472.509 102.723 0.09591335 9.32142e-06
1761304472.519 102.768 0.09595339 1.38769e-05
1761304472.529 102.812 0.09598225 1.35254e-05
1761304472.539 102.857 0.09603347 1.64071e-05
1761304472.549 102.901 0.09605675 1.93184e-05
1761304472.559 102.946 0.09610423 2.55294e-05
1761304472.569 102.990 0.09614427 2.79192e-05
1761304472.579 103.035 0.09618245 3.30237e-05
1761304472.589 103.079 0.09621411 4.18296e-05
1761304472.599 103.123 0.09624670 4.86564e-05
1761304472.609 103.168 0.09630256 5.18215e-05
1761304472.619 103.212 0.09632677 5.93091e-05
1761304472.629 103.256 0.09637333 5.85235e-05
1761304472.639 103.300 0.09643851 7.35646e-05
1761304472.649 103.345 0.09643385 7.31516e-05
1761304472.659 103.389 0.09647948 7.19456e-05
1761304472.669 103.433 0.09651673 7.51487e-05
1761304472.679 103.477 0.09655397 8.41913e-05
1761304472.689 103.521 0.09661543 7.54616e-05
1761304472.699 103.566 0.09664988 6.69831e-05
1761304472.709 103.610 0.09669457 8.16997e-05
1761304472.719 103.654 0.09673275 5.84485e-05
1761304472.729 103.698 0.09675696 6.31689e-05
1761304472.739 103.742 0.09682400 5.98695e-05
1761304472.749 103.786 0.09683704 4.54383e-05
1761304472.759 103.830 0.09689011 4.92892e-05
1761304472.769 103.874 0.09692084 5.00365e-05
1761304472.779 103.918 0.09694970 3.33786e-05
1761304472.789 103.962 0.09701302 1.97532e-05
1761304472.799 104.006 0.09705772 1.70626e-05
1761304472.809 104.050 0.09710613 1.70023e-05
1761304472.819 104.094 0.09714338 1.04354e-05
1761304472.829 104.138 0.09718994 1.12932e-05
1761304472.839 104.182 0.09725046 8.61238e-06
1761304472.849 104.226 0.09727839 7.88509e-06
1761304472.859 104.270 0.09732309 9.50736e-06
1761304472.869 104.313 0.09735009 6.73007e-06
1761304472.879 104.357 0.09738082 6.72723e-06
1761304472.889 104.401 0.09743389 6.03698e-06
1761304472.935 104.445 0.09766667 3.30510e-06
1761304472.942 104.489 0.09769554 1.65470e-06
1761304472.949 104.532 0.09769554 2.80483e-06
1761304472.959 104.576 0.09774210 1.98866e-06
1761304472.969 104.620 0.09778680 1.56159e-06
1761304472.979 104.664 0.09781007 1.55524e-06
1761304472.989 104.707 0.09785383 1.14618e-06
1761304472.999 104.751 0.09788177 7.06554e-07
1761304473.009 104.794 0.09793205 5.33499e-07
1761304473.018 104.838 0.09796929 6.08692e-07
1761304473.028 104.882 0.09800468 3.09425e-07
1761304473.038 104.925 0.09805589 5.77997e-07
1761304473.049 104.969 0.09807079 2.62892e-07
1761304473.058 105.012 0.09810711 1.42674e-07
1761304473.068 105.056 0.09813690 1.62080e-07
1761304473.078 105.099 0.09816204 8.00272e-08
1761304473.088 105.143 0.09819742 1.19012e-07
1761304473.098 105.186 0.09822070 6.93817e-08
1761304473.108 105.230 0.09825143 2.66438e-08
1761304473.118 105.273 0.09827936 8.56158e-08
1761304473.166 105.317 0.09843765 6.63554e-08
1761304473.216 105.360 0.09861178 5.32931e-08
1761304473.267 105.404 0.09881290 5.24321e-08
1761304473.316 105.447 0.09898237 5.34547e-08
1761304473.367 105.490 0.09907548 5.42886e-08
1761304473.417 105.534 0.09908759 5.48815e-08
1761304473.511 105.577 0.09912204 5.34430e-08
1761304473.520 105.620 0.09911925 4.76043e-08
1761304473.529 105.663 0.09911925 2.99158e-08
1761304473.538 105.707 0.09914997 6.72809e-08
1761304473.549 105.750 0.09913694 5.30102e-08
1761304473.558 105.793 0.09915929 -3.90540e-09
1761304473.569 105.836 0.09917046 7.45207e-08
1761304473.617 105.880 0.09919932 5.32898e-08
1761304473.667 105.923 0.09926916 4.05617e-08
1761304473.717 105.966 0.09937345 2.95784e-08
1761304473.724 106.009 0.09939579 -1.00255e-08
1761304473.765 106.052 0.09949170 1.80274e-08
1761304473.771 106.095 0.09952429 1.32093e-08
1761304473.779 106.138 0.09952429 -4.51596e-09
1761304473.788 106.181 0.09954571 1.29991e-08
1761304473.798 106.224 0.09953825 -7.19986e-09
1761304473.808 106.268 0.09958109 5.81682e-09
1761304473.818 106.311 0.09958481 1.65680e-09
1761304473.828 106.354 0.09958947 -9.38915e-09
1761304473.838 106.397 0.09962858 3.02735e-09
1761304473.848 106.439 0.09964069 -1.30263e-08
1761304473.858 106.482 0.09966024 1.69120e-09
1761304473.868 106.525 0.09965465 -1.63288e-09
1761304473.878 106.568 0.09966676 -1.45457e-08
1761304473.888 106.611 0.09968165 -1.32780e-10
1761304473.898 106.654 0.09969003 -1.61592e-08
1761304473.908 106.697 0.09971797 6.25670e-10
1761304473.918 106.740 0.09972821 -5.62441e-09
1761304473.928 106.783 0.09972262 -1.61375e-08
1761304473.938 106.825 0.09975521 -9.76570e-10
1761304473.948 106.868 0.09976918 -1.82839e-08
1761304473.958 106.911 0.09981387 4.86629e-09
1761304473.968 106.954 0.09984087 -5.90457e-09
1761304473.978 106.996 0.09985857 -1.84891e-08
1761304473.988 107.039 0.09990606 -2.79855e-09
1761304473.998 107.082 0.09992840 -1.89338e-08
1761304474.008 107.125 0.09996938 7.84560e-10
1761304474.018 107.167 0.10001128 -4.97731e-09
1761304474.067 107.210 0.10021706 -9.64633e-09
1761304474.073 107.253 0.10026268 -3.78800e-10
1761304474.079 107.295 0.10031575 2.67582e-09
1761304474.088 107.338 0.10031575 1.59919e-08
1761304474.098 107.380 0.10033438 -2.96045e-09
1761304474.108 107.423 0.10040793 1.65096e-08
1761304474.118 107.465 0.10043401 9.85827e-09
1761304474.128 107.508 0.10047684 1.06486e-09
1761304474.138 107.551 0.10053643 1.77094e-08
1761304474.148 107.593 0.10057461 1.61870e-09
1761304474.161 107.636 0.10065190 6.59840e-09
1761304474.168 107.678 0.10065190 2.10656e-08
1761304474.178 107.720 0.10070311 -2.17333e-08
1761304474.188 107.763 0.10074687 2.25453e-08
1761304474.229 107.805 0.10088375 6.10510e-09
1761304474.244 107.848 0.10090982 -7.88220e-09
1761304474.250 107.890 0.10097593 3.44868e-08
1761304474.258 107.932 0.10097593 -2.52047e-08
1761304474.306 107.975 0.10108953 -2.24037e-08
1761304474.313 108.017 0.10109605 3.85307e-08
1761304474.320 108.059 0.10113516 1.86298e-08
1761304474.361 108.102 0.10125713 1.38748e-08
1761304474.376 108.144 0.10128785 1.91402e-08
1761304474.383 108.186 0.10132883 5.49323e-08
1761304474.389 108.229 0.10133814 -2.12243e-08
1761304474.437 108.271 0.10144336 2.79820e-08
1761304474.444 108.313 0.10145639 1.45267e-08
1761304474.451 108.355 0.10149270 5.12655e-08
1761304474.499 108.397 0.10158676 7.20114e-08
1761304474.508 108.440 0.10158676 -1.30250e-09
1761304474.518 108.482 0.10159234 8.25772e-08
1761304474.566 108.524 0.10167428 6.96692e-08
1761304474.597 108.566 0.10173573 9.56930e-09
1761304474.620 108.608 0.10181488 7.84839e-08
1761304474.628 108.650 0.10181488 5.84165e-08
1761304474.638 108.692 0.10184468 9.22566e-08
1761304474.648 108.734 0.10185120 8.48338e-08
1761304474.658 108.776 0.10188471 8.01535e-08
1761304474.668 108.818 0.10189961 1.30969e-07
1761304474.678 108.860 0.10190334 9.07699e-08
1761304474.688 108.902 0.10192382 1.11072e-07
1761304474.698 108.944 0.10193220 8.70131e-08
1761304474.708 108.986 0.10196387 1.16726e-07
1761304474.718 109.028 0.10197318 1.65593e-07
1761304474.728 109.070 0.10199739 1.11181e-07
1761304474.738 109.112 0.10201880 1.54863e-07
1761304474.748 109.154 0.10200949 1.28063e-07
1761304474.758 109.196 0.10204487 1.42604e-07
1761304474.768 109.238 0.10205791 1.93848e-07
1761304474.778 109.280 0.10208956 1.24018e-07
1761304474.788 109.321 0.10210912 1.56049e-07
1761304474.798 109.363 0.10213146 1.68483e-07
1761304474.807 109.405 0.10217336 1.69068e-07
1761304474.818 109.447 0.10216964 1.96118e-07
1761304474.828 109.489 0.10220875 1.36361e-07
1761304474.838 109.530 0.10224227 1.80994e-07
1761304474.851 109.572 0.10231304 1.96818e-07
1761304474.859 109.614 0.10234190 1.68960e-07
1761304474.867 109.655 0.10234190 2.07933e-07
1761304474.877 109.697 0.10238101 1.42886e-07
1761304474.887 109.739 0.10242571 1.68094e-07
1761304474.897 109.781 0.10246947 1.78801e-07
1761304474.907 109.822 0.10252906 1.89963e-07
1761304474.917 109.864 0.10254582 1.86740e-07
1761304474.927 109.905 0.10258772 1.26560e-07
1761304474.937 109.947 0.10265291 1.72818e-07
1761304474.947 109.989 0.10269108 1.33593e-07
1761304474.957 110.030 0.10273763 1.29496e-07
