1761206667.282 33.802 0.03267723 6.08884e-08
1761206667.291 33.937 0.03267723 3.78701e-08
1761206667.339 34.072 0.03265860 -2.49630e-09
1761206667.389 34.206 0.03265209 -9.35640e-09
1761206667.439 34.339 0.03269213 -4.09070e-09
1761206667.490 34.472 0.03280479 -8.25270e-09
1761206667.540 34.604 0.03295470 -3.67180e-09
1761206667.590 34.736 0.03312883 -8.30900e-09
1761206667.640 34.867 0.03326570 -1.97950e-09
1761206667.690 34.998 0.03339700 -7.92230e-09
1761206667.740 35.129 0.03347987 -1.76830e-09
1761206667.834 35.259 0.03365026 5.54788e-08
1761206667.885 35.388 0.03374058 6.79722e-07
1761206667.892 35.517 0.03375641 9.13055e-07
1761206667.901 35.646 0.03375641 1.25323e-06
1761206667.911 35.774 0.03379645 1.94222e-06
1761206667.921 35.901 0.03381042 2.95519e-06
1761206667.931 36.028 0.03381600 4.00557e-06
1761206667.941 36.155 0.03384487 5.50160e-06
1761206667.951 36.281 0.03384766 6.98822e-06
1761206667.961 36.407 0.03386163 8.21492e-06
1761206667.971 36.532 0.03388863 1.01102e-05
1761206667.981 36.657 0.03390260 1.05549e-05
1761206667.991 36.782 0.03393053 1.11412e-05
1761206668.001 36.906 0.03393798 1.16418e-05
1761206668.011 37.030 0.03397150 1.18560e-05
1761206668.021 37.153 0.03401247 1.16534e-05
1761206668.031 37.276 0.03402458 1.06832e-05
1761206668.041 37.398 0.03408510 9.53111e-06
1761206668.051 37.520 0.03410745 6.72457e-06
1761206668.061 37.642 0.03416983 4.06217e-06
1761206668.071 37.763 0.03421267 1.73366e-06
1761206668.081 37.884 0.03427785 5.25789e-07
1761206668.091 38.004 0.03437468 2.50578e-07
1761206668.101 38.125 0.03444079 9.79351e-08
1761206668.149 38.244 0.03497434 6.33091e-08
1761206668.156 38.364 0.03509352 -2.90860e-09
1761206668.203 38.483 0.03578442 5.63136e-08
1761206668.211 38.601 0.03578442 2.70836e-08
1761206668.221 38.719 0.03590919 5.74334e-08
1761206668.231 38.837 0.03604793 1.41746e-08
1761206668.241 38.955 0.03618853 6.37840e-08
1761206668.251 39.072 0.03630027 5.18872e-08
1761206668.299 39.189 0.03680867 6.64906e-08
1761206668.305 39.305 0.03690365 5.07460e-09
1761206668.395 39.422 0.03725561 1.33034e-08
1761206668.402 39.537 0.03730217 5.23128e-08
1761206668.451 39.653 0.03742508 4.72409e-08
1761206668.518 39.768 0.03754613 4.14887e-08
1761206668.568 39.883 0.03764855 4.20671e-08
1761206668.618 39.997 0.03778915 4.34205e-08
1761206668.668 40.111 0.03788227 4.86123e-08
1761206668.718 40.225 0.03799773 5.83470e-08
1761206668.786 40.339 0.03813740 5.54272e-08
1761206668.837 40.452 0.03823144 5.64494e-08
1761206668.887 40.565 0.03833294 5.06437e-08
1761206668.893 40.677 0.03832921 1.39681e-08
1761206668.923 40.790 0.03838694 5.07257e-08
1761206668.933 40.901 0.03840743 5.00668e-08
1761206668.941 41.013 0.03840743 -3.17260e-09
1761206668.989 41.124 0.03850333 -7.70210e-09
1761206669.057 41.235 0.03868584 -6.72620e-09
1761206669.107 41.346 0.03888510 -4.55480e-09
1761206669.157 41.457 0.03911788 -3.27760e-09
1761206669.208 41.567 0.03928456 4.52340e-09
1761206669.258 41.677 0.03940654 4.44010e-09
1761206669.308 41.786 0.03947730 6.65360e-09
1761206669.315 41.895 0.03948661 6.41024e-08
1761206669.321 42.004 0.03947078 3.46054e-08
1761206669.330 42.113 0.03947078 4.81000e-09
1761206669.340 42.222 0.03949127 5.69455e-08
1761206669.350 42.330 0.03949685 2.15774e-08
1761206669.360 42.438 0.03951827 -8.85720e-09
1761206669.370 42.545 0.03953689 6.35879e-08
1761206669.418 42.652 0.03962442 4.58668e-08
1761206669.488 42.760 0.03988141 3.24332e-08
1761206669.495 42.866 0.03992052 1.67298e-08
1761206669.501 42.973 0.03998849 5.96191e-08
1761206669.588 43.079 0.04052483 4.95966e-08
1761206669.637 43.185 0.04078834 5.51427e-08
1761206669.644 43.291 0.04082558 8.90360e-09
1761206669.650 43.396 0.04082558 4.54173e-08
1761206669.660 43.502 0.04086748 -6.95530e-09
1761206669.670 43.606 0.04088424 5.73286e-08
1761206669.718 43.711 0.04100995 4.88985e-08
1761206669.768 43.816 0.04107234 4.80908e-08
1761206669.818 43.920 0.04115614 4.91573e-08
1761206669.868 44.024 0.04132840 4.93034e-08
1761206669.918 44.128 0.04150531 5.54105e-08
1761206669.968 44.231 0.04169619 5.42950e-08
1761206670.046 44.334 0.04186287 3.45461e-08
1761206670.053 44.437 0.04187404 4.79600e-08
1761206670.060 44.540 0.04187404 1.78245e-08
1761206670.070 44.643 0.04189173 5.06584e-08
1761206670.118 44.745 0.04197274 4.57078e-08
1761206670.168 44.847 0.04202954 4.44967e-08
1761206670.218 44.949 0.04213941 4.45323e-08
1761206670.268 45.050 0.04231167 4.45426e-08
1761206670.318 45.152 0.04247276 4.66391e-08
1761206670.368 45.253 0.04263943 4.88062e-08
1761206670.418 45.354 0.04275396 5.14065e-08
1761206670.468 45.455 0.04284149 5.39168e-08
1761206670.518 45.555 0.04288805 5.64758e-08
1761206670.585 45.655 0.04301561 6.10378e-08
1761206670.635 45.755 0.04310686 6.47856e-08
1761206670.704 45.855 0.04322139 4.06348e-08
1761206670.711 45.955 0.04322419 9.95670e-09
1761206670.719 46.054 0.04322419 4.91925e-08
1761206670.767 46.153 0.04332475 5.03441e-08
1761206670.817 46.252 0.04340483 5.06582e-08
1761206670.867 46.351 0.04352215 5.08340e-08
1761206670.917 46.449 0.04365344 5.03878e-08
1761206670.968 46.548 0.04379963 4.82273e-08
1761206671.018 46.646 0.04394116 4.76131e-08
1761206671.068 46.744 0.04401658 5.17850e-08
1761206671.144 46.842 0.04414321 5.03400e-09
1761206671.150 46.939 0.04417580 4.95712e-08
1761206671.216 47.036 0.04425402 5.41583e-08
1761206671.223 47.133 0.04428195 -1.01991e-08
1761206671.229 47.230 0.04428754 3.84524e-08
1761206671.239 47.327 0.04428754 6.22428e-08
1761206671.288 47.424 0.04436203 4.02529e-08
1761206671.294 47.520 0.04438531 2.50250e-09
1761206671.301 47.616 0.04442907 5.12162e-08
1761206671.349 47.712 0.04452312 5.78661e-08
1761206671.359 47.808 0.04452312 -6.77710e-09
1761206671.369 47.903 0.04458364 5.96046e-08
1761206671.418 47.998 0.04475590 5.02848e-08
1761206671.468 48.094 0.04500358 5.37959e-08
1761206671.518 48.189 0.04526896 6.95908e-08
1761206671.568 48.283 0.04547753 6.03377e-08
1761206671.618 48.378 0.04562651 6.19240e-08
1761206671.681 48.472 0.04572242 7.01743e-08
1761206671.689 48.567 0.04572242 1.40610e-08
1761206671.737 48.661 0.04575035 4.85174e-08
1761206671.744 48.755 0.04573639 1.17700e-08
1761206671.751 48.848 0.04576060 4.92641e-08
1761206671.800 48.942 0.04581367 4.84291e-08
1761206671.809 49.035 0.04581367 -1.97130e-09
1761206671.819 49.128 0.04581926 6.20678e-08
1761206671.867 49.221 0.04592448 5.07070e-08
1761206671.917 49.314 0.04610698 4.86873e-08
1761206671.967 49.407 0.04630997 4.57731e-08
1761206672.018 49.499 0.04653251 4.33999e-08
1761206672.068 49.591 0.04671221 4.20664e-08
1761206672.118 49.683 0.04681371 4.21288e-08
1761206672.168 49.775 0.04686865 4.35532e-08
1761206672.240 49.867 0.04693662 -1.81830e-09
1761206672.290 49.959 0.04700366 -6.42220e-09
1761206672.299 50.050 0.04700366 6.79640e-08
1761206672.309 50.141 0.04702601 3.38100e-10
1761206672.319 50.232 0.04702973 6.06255e-08
1761206672.368 50.323 0.04712750 4.45386e-08
1761206672.418 50.414 0.04722154 5.01535e-08
1761206672.468 50.505 0.04734259 5.20932e-08
1761206672.518 50.595 0.04750088 5.51483e-08
1761206672.568 50.686 0.04767594 5.72119e-08
1761206672.618 50.776 0.04778954 1.55683e-07
1761206672.625 50.866 0.04782026 1.62110e-07
1761206672.634 50.955 0.04782864 3.26103e-07
1761206672.640 51.045 0.04784727 3.69941e-07
1761206672.648 51.135 0.04784727 5.14910e-07
1761206672.658 51.224 0.04786868 6.55759e-07
1761206672.668 51.313 0.04787334 1.08420e-06
1761206672.678 51.402 0.04787986 2.51783e-06
1761206672.688 51.491 0.04790686 3.29673e-06
1761206672.698 51.580 0.04789848 4.56422e-06
1761206672.708 51.668 0.04793107 6.32188e-06
1761206672.718 51.757 0.04793107 8.64427e-06
1761206672.728 51.845 0.04795062 5.86125e-06
1761206672.738 51.933 0.04796832 7.56693e-06
1761206672.769 52.021 0.04807726 8.18944e-06
1761206672.780 52.109 0.04810985 1.69666e-05
1761206672.788 52.196 0.04810985 1.84925e-05
1761206672.798 52.284 0.04814430 2.46209e-05
1761206672.808 52.371 0.04821786 2.49319e-05
1761206672.818 52.459 0.04825604 2.33683e-05
1761206672.828 52.546 0.04831749 2.08897e-05
1761206672.838 52.633 0.04839384 1.41983e-05
1761206672.848 52.719 0.04845157 9.85545e-06
1761206672.858 52.806 0.04854096 3.87212e-06
1761206672.868 52.893 0.04862477 1.66564e-06
1761206672.878 52.979 0.04872160 7.47129e-07
1761206672.888 53.065 0.04881006 3.87212e-07
1761206672.898 53.151 0.04889479 1.26449e-07
1761206672.908 53.237 0.04899908 7.47684e-08
1761206672.918 53.323 0.04906612 8.29163e-08
1761206672.966 53.409 0.04952703 5.68912e-08
1761206672.973 53.494 0.04963039 -1.60415e-08
1761206673.021 53.580 0.05003822 1.96529e-08
1761206673.071 53.665 0.05039951 2.72810e-08
1761206673.079 53.750 0.05046189 2.50408e-08
1761206673.088 53.835 0.05046189 7.20108e-08
1761206673.098 53.920 0.05051218 2.72756e-08
1761206673.108 54.005 0.05056618 4.64816e-08
1761206673.118 54.089 0.05059877 8.20778e-08
1761206673.166 54.174 0.05073192 7.81480e-08
1761206673.173 54.258 0.05075986 3.88610e-09
1761206673.221 54.342 0.05080920 6.20454e-08
1761206673.228 54.426 0.05080920 1.76058e-08
1761206673.238 54.510 0.05083621 7.35780e-08
1761206673.311 54.594 0.05105689 1.18029e-07
1761206673.320 54.678 0.05109879 2.54337e-07
1761206673.328 54.761 0.05109879 2.48383e-07
1761206673.338 54.845 0.05112486 4.56580e-07
1761206673.348 54.928 0.05116304 9.92742e-07
1761206673.358 55.011 0.05121332 1.44897e-06
1761206673.368 55.094 0.05124591 3.92402e-06
1761206673.378 55.177 0.05129991 5.66431e-06
1761206673.388 55.260 0.05132412 1.33391e-05
1761206673.398 55.342 0.05134833 2.53456e-05
1761206673.408 55.425 0.05140979 3.21113e-05
1761206673.418 55.507 0.05142375 4.35375e-05
1761206673.428 55.590 0.05146938 5.39943e-05
1761206673.438 55.672 0.05152152 6.73099e-05
1761206673.448 55.754 0.05154946 7.39145e-05
1761206673.458 55.836 0.05160067 9.06815e-05
1761206673.468 55.918 0.05163047 8.54541e-05
1761206673.478 55.999 0.05168354 6.63244e-05
1761206673.488 56.081 0.05171520 5.47710e-05
1761206673.498 56.162 0.05175803 4.09707e-05
1761206673.508 56.244 0.05182973 2.68873e-05
1761206673.518 56.325 0.05186977 1.77478e-05
1761206673.528 56.406 0.05192191 6.15144e-06
1761206673.538 56.487 0.05198988 3.90478e-06
1761206673.548 56.568 0.05202899 3.89168e-06
1761206673.558 56.649 0.05211000 4.59643e-06
1761206673.568 56.729 0.05217704 5.70537e-06
1761206673.578 56.810 0.05225525 5.81224e-06
1761206673.588 56.890 0.05234558 5.60718e-06
1761206673.598 56.971 0.05242565 3.57840e-06
1761206673.608 57.051 0.05251039 2.03521e-06
1761206673.618 57.131 0.05257557 4.69779e-07
1761206673.628 57.211 0.05268451 1.52954e-07
1761206673.638 57.291 0.05286236 1.44383e-07
1761206673.648 57.371 0.05286236 3.88300e-07
1761206673.658 57.450 0.05295454 5.26021e-07
1761206673.668 57.530 0.05304486 8.15167e-07
1761206673.678 57.609 0.05312866 8.60343e-07
1761206673.688 57.688 0.05320501 6.85967e-07
1761206673.698 57.768 0.05328602 3.44422e-07
1761206673.707 57.847 0.05339124 6.75320e-08
1761206673.765 57.926 0.05390802 9.81699e-08
1761206673.772 58.005 0.05398344 1.02005e-07
1761206673.779 58.083 0.05403093 1.84418e-07
1761206673.787 58.162 0.05403093 2.91496e-07
1761206673.797 58.241 0.05412963 4.79831e-07
1761206673.807 58.319 0.05420598 4.48676e-07
1761206673.866 58.397 0.05456447 7.57447e-08
1761206673.873 58.476 0.05462034 3.33676e-08
1761206673.879 58.554 0.05465106 9.92137e-08
1761206673.887 58.632 0.05465106 1.45890e-07
1761206673.897 58.710 0.05470693 1.43896e-07
1761206673.907 58.788 0.05475163 1.87888e-07
1761206673.917 58.865 0.05476746 2.74123e-07
1761206673.927 58.943 0.05483729 2.27600e-07
1761206673.937 59.020 0.05487174 2.71698e-07
1761206673.947 59.098 0.05489409 1.85175e-07
1761206673.957 59.175 0.05493599 1.87724e-07
1761206673.967 59.252 0.05497882 1.53661e-07
1761206673.977 59.329 0.05500024 8.55381e-08
1761206673.987 59.406 0.05502445 1.17579e-07
1761206673.997 59.483 0.05505890 5.84914e-08
1761206674.007 59.560 0.05508870 1.07746e-07
1761206674.017 59.637 0.05510080 1.28373e-07
1761206674.027 59.713 0.05515202 1.22489e-07
1761206674.037 59.790 0.05519205 3.33690e-07
1761206674.047 59.866 0.05524048 4.17157e-07
1761206674.057 59.943 0.05528610 1.01413e-06
1761206674.067 60.019 0.05532893 1.88827e-06
1761206674.077 60.095 0.05538759 4.04265e-06
1761206674.087 60.171 0.05542204 6.96311e-06
1761206674.097 60.247 0.05549095 3.46961e-05
1761206674.107 60.323 0.05558034 4.86827e-05
1761206674.117 60.399 0.05563341 7.52298e-05
1761206674.127 60.474 0.05572653 1.11919e-04
1761206674.137 60.550 0.05578426 1.46536e-04
1761206674.147 60.625 0.05585502 1.64040e-04
1761206674.157 60.701 0.05596303 1.52068e-04
1761206674.167 60.776 0.05601983 1.09400e-04
1761206674.177 60.851 0.05610829 6.30648e-05
1761206674.187 60.926 0.05619302 2.52243e-05
1761206674.197 61.001 0.05626379 3.88450e-06
1761206674.207 61.076 0.05636063 1.88592e-06
1761206674.217 61.151 0.05645095 4.48242e-07
1761206674.227 61.226 0.05656455 1.05017e-07
1761206674.237 61.300 0.05663717 8.69708e-08
1761206674.247 61.375 0.05671446 1.26258e-08
1761206674.257 61.449 0.05680850 7.52581e-08
1761206674.267 61.524 0.05686903 1.21765e-07
1761206674.277 61.598 0.05695935 1.79956e-07
1761206674.287 61.672 0.05705060 1.24518e-06
1761206674.297 61.746 0.05712044 4.33490e-06
1761206674.307 61.820 0.05719958 6.38669e-06
1761206674.317 61.894 0.05727407 9.34508e-06
1761206674.327 61.968 0.05736719 1.12572e-05
1761206674.337 62.042 0.05742771 1.07217e-05
1761206674.347 62.115 0.05747799 7.87488e-06
1761206674.357 62.189 0.05756738 4.64021e-06
1761206674.367 62.262 0.05763907 2.33998e-06
1761206674.418 62.336 0.05800129 6.48579e-07
1761206674.427 62.409 0.05800129 4.62380e-07
1761206674.437 62.482 0.05806553 3.25676e-07
1761206674.450 62.555 0.05819682 1.02477e-07
1761206674.458 62.628 0.05823500 6.94011e-08
1761206674.467 62.701 0.05823500 1.32571e-07
1761206674.477 62.774 0.05831043 1.01550e-07
1761206674.487 62.847 0.05836722 1.80763e-07
1761206674.497 62.920 0.05842496 1.58242e-07
1761206674.507 62.992 0.05848734 1.40929e-07
1761206674.517 63.065 0.05851806 1.73654e-07
1761206674.527 63.137 0.05860652 1.09404e-07
1761206674.537 63.210 0.05863819 1.18702e-07
1761206674.547 63.282 0.05867543 3.04633e-08
1761206674.557 63.354 0.05875085 7.23612e-08
1761206674.567 63.426 0.05878810 7.99988e-08
1761206674.577 63.498 0.05885420 4.94424e-08
1761206674.587 63.570 0.05889518 1.59279e-07
1761206674.597 63.642 0.05892311 4.09746e-07
1761206674.607 63.714 0.05898364 6.60998e-07
1761206674.617 63.786 0.05901343 1.05951e-06
1761206674.627 63.857 0.05907861 1.50964e-06
1761206674.637 63.929 0.05912237 2.07121e-06
1761206674.647 64.000 0.05915496 2.50307e-06
1761206674.657 64.072 0.05922852 2.62466e-06
1761206674.667 64.143 0.05926390 2.78885e-06
1761206674.677 64.214 0.05935050 2.17863e-06
1761206674.687 64.285 0.05939240 1.68583e-06
1761206674.697 64.356 0.05944920 1.09425e-06
1761206674.707 64.427 0.05953952 6.06856e-07
1761206674.717 64.498 0.05958422 2.46720e-07
1761206674.727 64.569 0.05965033 8.60717e-08
1761206674.737 64.640 0.05971830 1.46350e-07
1761206674.747 64.711 0.05978348 1.93067e-07
1761206674.757 64.781 0.05985890 3.65677e-07
1761206674.767 64.852 0.05992594 6.60027e-07
1761206674.777 64.922 0.06001440 6.83232e-07
1761206674.787 64.993 0.06008237 6.98088e-07
1761206674.797 65.063 0.06015872 5.40428e-07
1761206674.807 65.133 0.06025091 4.68702e-07
1761206674.817 65.203 0.06031423 2.86264e-07
1761206674.827 65.273 0.06039802 1.14596e-07
1761206674.837 65.343 0.06045948 1.45986e-07
1761206674.847 65.413 0.06052653 8.23685e-08
1761206674.857 65.483 0.06062430 1.49366e-07
1761206674.867 65.553 0.06075838 6.25294e-07
1761206674.877 65.623 0.06075838 9.17345e-07
1761206674.887 65.692 0.06083007 1.79568e-06
1761206674.897 65.762 0.06088315 8.37456e-06
1761206674.907 65.831 0.06097906 1.78295e-05
1761206674.917 65.901 0.06104330 4.35880e-05
1761206674.927 65.970 0.06112524 6.50476e-05
1761206674.974 66.039 0.06143624 9.52444e-05
1761206674.980 66.109 0.06149304 4.26306e-05
1761206674.987 66.178 0.06149304 2.88106e-05
1761206674.997 66.247 0.06155822 1.14119e-05
1761206675.007 66.316 0.06162620 2.78261e-06
1761206675.017 66.385 0.06166716 8.75275e-07
1761206675.027 66.454 0.06174352 3.51742e-07
1761206675.037 66.522 0.06179007 2.03685e-07
1761206675.047 66.591 0.06183849 1.19546e-07
1761206675.057 66.660 0.06191671 9.09638e-08
1761206675.067 66.728 0.06196233 6.75202e-08
1761206675.077 66.797 0.06201541 1.66075e-08
1761206675.087 66.865 0.06206290 7.49944e-08
1761206675.097 66.933 0.06211876 4.01654e-08
1761206675.107 67.002 0.06218488 9.70316e-08
1761206675.117 67.070 0.06221095 1.38435e-07
1761206675.127 67.138 0.06226402 1.73381e-07
1761206675.137 67.206 0.06230034 2.84550e-07
1761206675.147 67.274 0.06235434 3.70003e-07
1761206675.157 67.342 0.06241393 4.67371e-07
1761206675.167 67.410 0.06244000 4.83432e-07
1761206675.177 67.478 0.06249401 4.07444e-07
1761206675.187 67.545 0.06253777 4.55004e-07
1761206675.197 67.613 0.06257595 3.43347e-07
1761206675.207 67.681 0.06264765 2.63725e-07
1761206675.217 67.748 0.06269327 1.52424e-07
1761206675.227 67.816 0.06276125 5.20608e-08
1761206675.237 67.883 0.06281432 1.18523e-07
1761206675.247 67.950 0.06287298 9.59663e-08
1761206675.257 68.017 0.06295027 1.48469e-07
1761206675.267 68.085 0.06301638 1.58144e-07
1761206675.277 68.152 0.06306945 9.21554e-08
1761206675.287 68.219 0.06312718 1.45118e-07
1761206675.297 68.286 0.06318305 9.74640e-08
1761206675.307 68.353 0.06325288 1.27798e-07
1761206675.317 68.420 0.06332272 8.84189e-08
1761206675.327 68.486 0.06340652 3.28710e-08
1761206675.337 68.553 0.06348287 1.01938e-07
1761206675.347 68.620 0.06355271 8.68666e-08
1761206675.357 68.686 0.06362720 1.95435e-07
1761206675.367 68.753 0.06368493 3.88020e-07
1761206675.377 68.819 0.06375756 7.90619e-07
1761206675.387 68.886 0.06382740 2.85652e-06
1761206675.397 68.952 0.06389723 4.47200e-06
1761206675.407 69.018 0.06398196 6.90708e-06
1761206675.417 69.085 0.06403224 9.03640e-06
1761206675.427 69.151 0.06410953 9.31051e-06
1761206675.437 69.217 0.06416260 9.14978e-06
1761206675.447 69.283 0.06421754 7.92597e-06
1761206675.457 69.349 0.06429389 5.64132e-06
1761206675.467 69.415 0.06434324 2.48293e-06
1761206675.477 69.481 0.06442518 2.59133e-07
1761206675.528 69.546 0.06478646 1.28259e-07
1761206675.538 69.612 0.06483395 1.65516e-07
1761206675.547 69.678 0.06483395 2.29325e-07
1761206675.557 69.743 0.06492427 2.92519e-07
1761206675.567 69.809 0.06494662 3.32182e-07
1761206675.576 69.874 0.06501180 2.84432e-07
1761206675.586 69.940 0.06507698 3.84842e-07
1761206675.596 70.005 0.06514681 3.88376e-07
1761206675.606 70.070 0.06519616 4.27726e-07
1761206675.616 70.135 0.06523806 3.88410e-07
1761206675.626 70.201 0.06530604 2.40854e-07
1761206675.636 70.266 0.06535259 3.21500e-07
1761206675.646 70.331 0.06538984 2.58163e-07
1761206675.656 70.396 0.06543453 2.05744e-07
1761206675.666 70.461 0.06548109 1.35599e-07
1761206675.676 70.525 0.06552485 2.08575e-08
1761206675.686 70.590 0.06555092 7.04083e-08
1761206675.696 70.655 0.06558072 3.60845e-08
1761206675.706 70.720 0.06564124 6.40467e-08
1761206675.716 70.784 0.06567756 4.20110e-08
1761206675.726 70.849 0.06572412 3.98240e-09
1761206675.736 70.913 0.06575577 6.64205e-08
1761206675.746 70.978 0.06578836 2.15212e-08
1761206675.756 71.042 0.06583958 4.52934e-08
1761206675.797 71.107 0.06611147 7.73209e-09
1761206675.811 71.171 0.06614871 4.80370e-09
1761206675.816 71.235 0.06621017 3.99181e-08
1761206675.826 71.299 0.06621017 -6.67880e-09
1761206675.836 71.363 0.06627907 6.39269e-08
1761206675.846 71.427 0.06633494 2.66617e-08
1761206675.856 71.491 0.06639546 6.55961e-08
1761206675.866 71.555 0.06645040 5.76154e-08
1761206675.876 71.619 0.06652955 2.21942e-08
1761206675.886 71.683 0.06658542 7.77884e-08
1761206675.896 71.747 0.06664780 4.55958e-08
1761206675.906 71.810 0.06671298 9.50284e-08
1761206675.916 71.874 0.06676047 9.86849e-08
1761206675.926 71.938 0.06683682 1.04654e-07
1761206675.936 72.001 0.06688896 2.70493e-07
1761206675.946 72.065 0.06694949 2.11428e-07
1761206675.956 72.128 0.06700535 2.57456e-07
1761206675.966 72.191 0.06704633 2.32653e-07
1761206675.976 72.255 0.06711988 1.72933e-07
1761206675.986 72.318 0.06715155 2.01227e-07
1761206675.996 72.381 0.06719624 1.33399e-07
1761206676.006 72.444 0.06724932 1.32639e-07
1761206676.016 72.507 0.06727632 8.68347e-08
1761206676.026 72.570 0.06734056 5.03999e-08
1761206676.036 72.633 0.06738805 1.22832e-07
1761206676.082 72.696 0.06764039 8.70396e-08
1761206676.089 72.759 0.06770836 5.34506e-08
1761206676.097 72.822 0.06770836 6.52915e-08
1761206676.106 72.885 0.06776888 9.29430e-08
1761206676.116 72.947 0.06781079 1.78536e-07
1761206676.126 73.010 0.06785734 6.76942e-07
1761206676.136 73.073 0.06791414 1.55618e-06
1761206676.146 73.135 0.06797839 4.16864e-06
1761206676.156 73.198 0.06804543 7.88112e-06
1761206676.166 73.260 0.06808454 1.62632e-05
1761206676.176 73.322 0.06815531 2.93700e-05
1761206676.186 73.385 0.06820931 4.25255e-05
1761206676.196 73.447 0.06826518 6.25498e-05
1761206676.206 73.509 0.06830987 9.43494e-05
1761206676.216 73.571 0.06835736 1.17517e-04
1761206676.226 73.633 0.06842999 1.22059e-04
1761206676.236 73.696 0.06847655 1.13000e-04
1761206676.246 73.758 0.06851100 1.01244e-04
1761206676.256 73.820 0.06857153 9.56116e-05
1761206676.266 73.881 0.06861343 8.27501e-05
1761206676.276 73.943 0.06866184 6.28347e-05
1761206676.286 74.005 0.06870840 2.93380e-05
1761206676.296 74.067 0.06874471 7.58765e-06
1761206676.306 74.129 0.06880245 1.87513e-06
1761206676.316 74.190 0.06884062 2.97701e-07
1761206676.326 74.252 0.06891139 7.30311e-08
1761206676.336 74.313 0.06895794 9.51708e-08
1761206676.346 74.375 0.06899891 3.89924e-08
1761206676.356 74.436 0.06905385 7.49669e-08
1761206676.366 74.498 0.06910879 5.18427e-08
1761206676.376 74.559 0.06916745 1.17181e-08
1761206676.386 74.620 0.06920283 8.32543e-08
1761206676.396 74.682 0.06927825 5.64082e-08
1761206676.406 74.743 0.06934437 9.88986e-08
1761206676.416 74.804 0.06938161 6.94124e-08
1761206676.426 74.865 0.06945797 2.79975e-08
1761206676.436 74.926 0.06951662 9.81819e-08
1761206676.446 74.987 0.06956970 7.19646e-08
1761206676.456 75.048 0.06962650 9.27509e-08
1761206676.466 75.109 0.06968423 4.52743e-08
1761206676.476 75.170 0.06977175 3.89000e-10
1761206676.486 75.231 0.06981645 6.74683e-08
1761206676.496 75.291 0.06987697 3.59838e-08
1761206676.506 75.352 0.06994960 8.08568e-08
1761206676.516 75.413 0.07000361 4.60368e-08
1761206676.526 75.473 0.07007996 1.82608e-08
1761206676.536 75.534 0.07012559 9.21934e-08
1761206676.546 75.594 0.07017307 5.09951e-08
1761206676.556 75.655 0.07026060 9.90950e-08
1761206676.566 75.715 0.07030902 4.86873e-08
1761206676.576 75.775 0.07038072 1.34321e-08
1761206676.586 75.836 0.07042448 8.34809e-08
1761206676.631 75.896 0.07071127 7.66282e-08
1761206676.638 75.956 0.07077087 1.80173e-08
1761206676.646 76.016 0.07077087 1.85399e-08
1761206676.656 76.077 0.07083232 6.53486e-08
1761206676.724 76.137 0.07120849 6.28250e-08
1761206676.733 76.197 0.07125040 9.83223e-08
1761206676.739 76.257 0.07128299 5.29829e-08
1761206676.746 76.317 0.07128299 6.61715e-08
1761206676.756 76.376 0.07133979 1.22984e-07
1761206676.766 76.436 0.07136958 7.70568e-08
1761206676.776 76.496 0.07143476 5.61773e-08
1761206676.786 76.556 0.07145990 1.20405e-07
1761206676.796 76.616 0.07149063 7.93950e-08
1761206676.806 76.675 0.07153533 1.16408e-07
1761206676.816 76.735 0.07155302 6.06495e-08
1761206676.826 76.794 0.07160609 3.27519e-08
1761206676.836 76.854 0.07162378 1.02635e-07
1761206676.846 76.913 0.07163030 5.62681e-08
1761206676.856 76.973 0.07167034 1.03905e-07
1761206676.866 77.032 0.07167406 4.36234e-08
1761206676.876 77.091 0.07170386 2.22949e-08
1761206676.886 77.151 0.07172434 9.46356e-08
1761206676.896 77.210 0.07174669 6.25894e-08
1761206676.906 77.269 0.07178859 1.08021e-07
1761206676.916 77.328 0.07181373 7.02872e-08
1761206676.926 77.387 0.07186122 6.47342e-08
1761206676.936 77.446 0.07188636 1.48786e-07
1761206676.946 77.505 0.07193106 1.09774e-07
1761206676.956 77.564 0.07198320 1.65510e-07
1761206676.966 77.623 0.07201951 1.20650e-07
1761206676.976 77.682 0.07207538 9.49578e-08
1761206676.986 77.741 0.07212287 1.78460e-07
1761206676.996 77.800 0.07217408 1.44697e-07
1761206677.006 77.859 0.07223554 1.95920e-07
1761206677.016 77.917 0.07227371 1.51196e-07
1761206677.026 77.976 0.07235565 1.40395e-07
1761206677.036 78.035 0.07240780 2.71338e-07
1761206677.046 78.093 0.07246832 2.53139e-07
1761206677.056 78.152 0.07254561 2.87897e-07
1761206677.066 78.210 0.07260427 2.21551e-07
1761206677.076 78.269 0.07268900 1.75321e-07
1761206677.086 78.327 0.07273276 2.36825e-07
1761206677.096 78.385 0.07279422 1.89406e-07
1761206677.106 78.444 0.07285008 1.23181e-07
1761206677.116 78.502 0.07291061 9.91071e-08
1761206677.126 78.560 0.07299441 2.85544e-08
1761206677.136 78.618 0.07306425 9.77252e-08
1761206677.175 78.676 0.07331566 1.23423e-07
1761206677.184 78.734 0.07337152 3.49375e-07
1761206677.190 78.792 0.07342367 6.38640e-07
1761206677.196 78.850 0.07347674 1.00176e-06
1761206677.206 78.908 0.07347674 1.24992e-06
1761206677.216 78.966 0.07353447 1.62404e-06
1761206677.226 79.024 0.07360710 2.46874e-06
1761206677.236 79.082 0.07364621 3.16792e-06
1761206677.246 79.140 0.07370207 4.21206e-06
1761206677.256 79.198 0.07375236 5.54194e-06
1761206677.266 79.255 0.07378215 8.01189e-06
1761206677.275 79.313 0.07384920 9.91181e-06
1761206677.285 79.371 0.07388178 9.91040e-06
1761206677.296 79.428 0.07392275 9.14565e-06
1761206677.305 79.486 0.07397955 8.66547e-06
1761206677.315 79.543 0.07400749 8.31104e-06
1761206677.325 79.601 0.07405125 7.31693e-06
1761206677.335 79.658 0.07408477 6.64398e-06
1761206677.345 79.715 0.07412760 9.47646e-06
1761206677.355 79.773 0.07418627 4.24801e-06
1761206677.365 79.830 0.07420675 1.71189e-06
1761206677.375 79.887 0.07426820 1.01262e-06
1761206677.385 79.945 0.07429800 7.91885e-07
1761206677.395 80.002 0.07435201 4.57552e-07
1761206677.405 80.059 0.07438925 3.51155e-07
1761206677.415 80.116 0.07443208 1.87636e-07
1761206677.425 80.173 0.07448516 6.63834e-08
1761206677.435 80.230 0.07451496 9.94027e-08
1761206677.483 80.287 0.07479616 5.27011e-08
1761206677.533 80.344 0.07506433 5.67386e-08
1761206677.601 80.401 0.07544888 5.23412e-08
1761206677.644 80.458 0.07560810 1.16035e-08
1761206677.659 80.514 0.07562208 5.63190e-09
1761206677.666 80.571 0.07564535 2.90941e-08
1761206677.675 80.628 0.07564535 -2.42820e-08
1761206677.705 80.685 0.07568073 4.22025e-08
1761206677.765 80.741 0.07566956 8.94547e-09
1761206677.772 80.798 0.07570029 8.27281e-09
1761206677.779 80.854 0.07567515 -2.04410e-09
1761206677.785 80.911 0.07567515 1.78183e-08
1761206677.795 80.967 0.07569563 2.52150e-09
1761206677.805 81.024 0.07570960 1.61102e-08
1761206677.815 81.080 0.07570774 -3.63734e-09
1761206677.825 81.137 0.07572636 1.25420e-08
1761206677.835 81.193 0.07572636 8.99061e-09
1761206677.845 81.249 0.07574405 6.23547e-09
1761206677.855 81.305 0.07578037 1.84030e-08
1761206677.865 81.362 0.07578968 -1.95400e-09
1761206677.875 81.418 0.07583251 1.40250e-08
1761206677.885 81.474 0.07585393 1.15380e-08
1761206677.895 81.530 0.07587255 7.17050e-09
1761206677.909 81.586 0.07592655 4.15970e-09
1761206677.915 81.642 0.07592655 4.46129e-08
1761206677.925 81.698 0.07598149 -4.87200e-09
1761206677.935 81.754 0.07603270 6.74065e-08
1761206677.986 81.810 0.07628132 1.58100e-07
1761206677.995 81.866 0.07628132 1.15260e-07
1761206678.005 81.922 0.07635767 1.74271e-07
1761206678.015 81.977 0.07639957 1.26515e-07
1761206678.025 82.033 0.07646847 1.12998e-07
1761206678.035 82.089 0.07651224 1.78084e-07
1761206678.045 82.145 0.07657276 1.25872e-07
1761206678.055 82.200 0.07664073 1.75482e-07
1761206678.065 82.256 0.07667612 9.35219e-08
1761206678.075 82.311 0.07674688 3.24790e-08
1761206678.085 82.367 0.07677295 8.60076e-08
1761206678.095 82.422 0.07682789 3.63040e-08
1761206678.105 82.478 0.07689121 8.31627e-08
1761206678.115 82.533 0.07690797 3.44070e-08
1761206678.125 82.589 0.07696756 1.43040e-09
1761206678.135 82.644 0.07699643 7.09614e-08
1761206678.145 82.699 0.07703274 2.97637e-08
1761206678.155 82.755 0.07708209 8.05436e-08
1761206678.204 82.810 0.07727111 4.47042e-08
1761206678.210 82.865 0.07730650 7.40320e-09
1761206678.216 82.920 0.07736236 5.74889e-08
1761206678.225 82.975 0.07736236 -3.12940e-09
1761206678.255 83.030 0.07749272 7.41126e-08
1761206678.265 83.085 0.07754952 6.62196e-08
1761206678.275 83.140 0.07754952 2.32650e-09
1761206678.285 83.195 0.07757932 6.78558e-08
1761206678.333 83.250 0.07780465 5.96262e-08
1761206678.383 83.305 0.07799646 5.87883e-08
1761206678.436 83.360 0.07822832 1.45930e-06
1761206678.446 83.415 0.07824973 2.66654e-06
1761206678.455 83.470 0.07824973 3.53379e-06
1761206678.465 83.524 0.07825253 4.42906e-06
1761206678.475 83.579 0.07829164 6.79612e-06
1761206678.485 83.634 0.07831584 8.51177e-06
1761206678.495 83.689 0.07833633 1.04228e-05
1761206678.505 83.743 0.07834750 1.22203e-05
1761206678.515 83.798 0.07833819 1.35628e-05
1761206678.525 83.852 0.07837916 1.54437e-05
1761206678.535 83.907 0.07837916 1.75894e-05
1761206678.545 83.961 0.07839685 1.91708e-05
1761206678.555 84.016 0.07841268 2.23060e-05
1761206678.565 84.070 0.07841175 2.38648e-05
1761206678.575 84.124 0.07843503 2.82604e-05
1761206678.585 84.179 0.07842199 2.92538e-05
1761206678.595 84.233 0.07845551 3.17568e-05
1761206678.605 84.287 0.07848251 3.40044e-05
1761206678.615 84.342 0.07849276 3.60163e-05
1761206678.625 84.396 0.07852535 4.48372e-05
1761206678.635 84.450 0.07854397 4.95697e-05
1761206678.645 84.504 0.07859519 5.48571e-05
1761206678.655 84.558 0.07862591 6.34236e-05
1761206678.665 84.612 0.07864453 7.04656e-05
1761206678.675 84.666 0.07870879 8.10246e-05
1761206678.685 84.720 0.07874510 7.75095e-05
1761206678.695 84.774 0.07880562 7.38322e-05
1761206678.705 84.828 0.07884194 7.35712e-05
1761206678.715 84.882 0.07889966 7.30564e-05
1761206678.725 84.936 0.07896485 6.87260e-05
1761206678.735 84.990 0.07899371 6.74658e-05
1761206678.745 85.043 0.07906727 5.95853e-05
1761206678.755 85.097 0.07914456 5.28204e-05
1761206678.765 85.151 0.07919111 4.07985e-05
1761206678.817 85.204 0.07956356 3.72003e-06
1761206678.840 85.258 0.07968927 1.18941e-06
1761206678.847 85.312 0.07974886 8.19339e-07
1761206678.855 85.365 0.07974886 5.99570e-07
1761206678.865 85.419 0.07977121 3.14174e-07
1761206678.875 85.472 0.07983639 7.50982e-08
1761206678.885 85.526 0.07988760 1.09431e-07
1761206678.935 85.579 0.08014273 5.89828e-08
1761206678.983 85.633 0.08026843 5.06479e-08
1761206679.034 85.686 0.08035689 5.69599e-08
1761206679.085 85.739 0.08045466 6.17362e-08
1761206679.133 85.793 0.08053287 5.83289e-08
1761206679.139 85.846 0.08053939 -6.22100e-10
1761206679.186 85.899 0.08061295 4.99000e-08
1761206679.194 85.952 0.08061295 5.46840e-09
1761206679.204 86.006 0.08061388 5.91440e-08
1761206679.214 86.059 0.08061388 1.73629e-08
1761206679.224 86.112 0.08063530 3.80429e-08
1761206679.234 86.165 0.08064740 7.48027e-08
1761206679.300 86.218 0.08071631 5.55032e-08
1761206679.409 86.271 0.08101799 1.14410e-08
1761206679.419 86.324 0.08105338 6.61358e-08
1761206679.425 86.377 0.08105804 3.33418e-08
1761206679.434 86.430 0.08105804 8.05781e-08
1761206679.482 86.483 0.08114184 5.10571e-08
1761206679.548 86.535 0.08123215 1.21537e-08
1761206679.555 86.588 0.08122936 1.07368e-08
1761206679.564 86.641 0.08122936 -4.80573e-09
1761206679.574 86.694 0.08125451 1.37410e-08
1761206679.584 86.747 0.08124520 1.46709e-09
1761206679.594 86.799 0.08126475 -2.83840e-10
1761206679.604 86.852 0.08128896 1.17888e-08
1761206679.614 86.905 0.08128709 -3.12735e-09
1761206679.624 86.957 0.08131037 1.72427e-08
1761206679.634 87.010 0.08129641 6.14754e-09
1761206679.644 87.062 0.08131410 9.87190e-09
1761206679.654 87.115 0.08132713 1.67984e-08
1761206679.664 87.167 0.08134017 1.32823e-09
1761206679.674 87.220 0.08137742 2.07428e-08
1761206679.684 87.272 0.08138859 8.91421e-09
1761206679.694 87.324 0.08142397 6.54908e-09
1761206679.704 87.377 0.08146214 1.90690e-08
1761206679.714 87.429 0.08146587 4.50376e-09
1761206679.727 87.481 0.08151895 -1.43990e-09
1761206679.734 87.534 0.08151895 4.57818e-08
1761206679.744 87.586 0.08155433 2.85030e-09
1761206679.754 87.638 0.08160368 4.16591e-08
1761206679.802 87.690 0.08182436 6.03700e-08
1761206679.870 87.742 0.08218936 4.48554e-08
1761206679.876 87.794 0.08221730 1.21583e-08
1761206679.884 87.846 0.08221730 4.33943e-08
1761206679.947 87.898 0.08253481 5.99442e-08
1761206679.954 87.950 0.08253481 3.76033e-08
1761206680.002 88.002 0.08264189 5.62543e-08
1761206680.052 88.054 0.08269032 6.89672e-08
1761206680.058 88.106 0.08268473 3.84043e-08
1761206680.064 88.158 0.08268473 9.24362e-08
1761206680.074 88.210 0.08268473 7.09502e-08
1761206680.084 88.262 0.08269218 9.69388e-08
1761206680.094 88.314 0.08270428 4.79962e-08
1761206680.104 88.365 0.08269311 1.12313e-07
1761206680.114 88.417 0.08269032 6.06692e-08
1761206680.124 88.469 0.08271918 1.07202e-07
1761206680.134 88.520 0.08271825 1.37473e-07
1761206680.144 88.572 0.08273873 8.60521e-08
1761206680.154 88.624 0.08274990 1.29818e-07
1761206680.164 88.675 0.08275549 8.82231e-08
1761206680.174 88.727 0.08277784 1.42596e-07
1761206680.184 88.778 0.08278529 1.74773e-07
1761206680.194 88.830 0.08280205 1.39796e-07
1761206680.204 88.881 0.08283185 1.87796e-07
1761206680.214 88.933 0.08285233 1.51618e-07
1761206680.224 88.984 0.08289050 2.19052e-07
1761206680.234 89.035 0.08290448 2.89612e-07
1761206680.244 89.087 0.08295103 3.06699e-07
1761206680.254 89.138 0.08298269 3.89046e-07
1761206680.264 89.189 0.08302925 4.09254e-07
1761206680.274 89.240 0.08308046 5.09529e-07
1761206680.284 89.292 0.08311305 6.89678e-07
1761206680.294 89.343 0.08317357 6.84328e-07
1761206680.304 89.394 0.08323224 7.99775e-07
1761206680.314 89.445 0.08326482 8.78155e-07
1761206680.324 89.496 0.08332348 1.06147e-06
1761206680.334 89.547 0.08336725 1.36665e-06
1761206680.344 89.598 0.08343429 1.73253e-06
1761206680.354 89.649 0.08347061 1.98941e-06
1761206680.364 89.700 0.08352368 2.27900e-06
1761206680.374 89.751 0.08360841 2.17827e-06
1761206680.384 89.802 0.08364938 2.18430e-06
1761206680.394 89.853 0.08370525 2.17335e-06
1761206680.404 89.904 0.08375367 2.08255e-06
1761206680.414 89.955 0.08380488 1.90064e-06
1761206680.424 90.006 0.08387471 1.69695e-06
1761206680.434 90.056 0.08391755 1.56908e-06
1761206680.444 90.107 0.08396410 1.20154e-06
1761206680.454 90.158 0.08401253 8.74439e-07
1761206680.500 90.209 0.08427790 3.80613e-07
1761206680.507 90.259 0.08432446 2.19439e-07
1761206680.514 90.310 0.08432446 2.27180e-07
1761206680.524 90.361 0.08436822 1.22070e-07
1761206680.534 90.411 0.08441012 1.73586e-07
1761206680.544 90.462 0.08446692 9.10278e-08
1761206680.554 90.512 0.08450789 1.03489e-07
1761206680.564 90.563 0.08455445 4.51781e-08
1761206680.574 90.613 0.08461311 8.19950e-08
1761206680.584 90.664 0.08464383 8.78509e-08
1761206680.631 90.714 0.08481796 7.43384e-08
1761206680.638 90.764 0.08486265 2.13910e-09
1761206680.686 90.815 0.08503212 5.37590e-08
1761206680.694 90.865 0.08503212 1.04038e-08
1761206680.704 90.915 0.08504981 5.57842e-08
1761206680.714 90.966 0.08508984 8.91900e-09
1761206680.724 91.016 0.08513454 5.92367e-08
1761206680.734 91.066 0.08514851 6.92870e-08
1761206680.799 91.116 0.08534684 5.26931e-08
1761206680.806 91.167 0.08537570 3.97850e-09
1761206680.814 91.217 0.08537570 3.99200e-08
1761206680.823 91.267 0.08539898 2.96937e-08
1761206680.871 91.317 0.08552748 -4.49360e-09
1761206680.921 91.367 0.08563735 -5.22320e-09
1761206680.972 91.417 0.08575189 -6.54000e-09
1761206681.051 91.467 0.08589435 7.19579e-08
1761206681.100 91.517 0.08598094 4.90898e-08
1761206681.150 91.567 0.08599864 4.91180e-08
1761206681.200 91.617 0.08602843 4.99919e-08
1761206681.250 91.667 0.08607405 5.00092e-08
1761206681.300 91.716 0.08611875 5.01586e-08
1761206681.350 91.766 0.08615599 5.08880e-08
1761206681.400 91.816 0.08622769 4.70804e-08
1761206681.451 91.866 0.08628449 5.17457e-08
1761206681.500 91.916 0.08634409 5.23258e-08
1761206681.551 91.965 0.08638319 5.48611e-08
1761206681.623 92.015 0.08647165 1.34334e-08
1761206681.630 92.065 0.08646141 6.62540e-08
1761206681.636 92.114 0.08647351 6.85387e-08
1761206681.643 92.164 0.08647351 1.67641e-08
1761206681.653 92.214 0.08648934 6.12884e-08
1761206681.663 92.263 0.08649400 2.02550e-08
1761206681.673 92.313 0.08652193 5.88532e-08
1761206681.721 92.362 0.08653962 7.31310e-09
1761206681.727 92.412 0.08654521 2.28980e-08
1761206681.733 92.461 0.08656942 7.04803e-08
1761206681.743 92.511 0.08656942 1.23332e-08
1761206681.753 92.560 0.08658525 6.48558e-08
1761206681.763 92.609 0.08658711 2.12598e-08
1761206681.773 92.659 0.08663366 6.15408e-08
1761206681.783 92.708 0.08663833 6.20264e-08
1761206681.793 92.757 0.08668022 1.05238e-08
1761206681.803 92.807 0.08669792 6.89281e-08
1761206681.813 92.856 0.08669605 2.44091e-08
1761206681.823 92.905 0.08673609 6.69961e-08
1761206681.833 92.954 0.08674913 6.09965e-08
1761206681.843 93.004 0.08679568 2.04365e-08
1761206681.853 93.053 0.08682641 7.01574e-08
1761206681.863 93.102 0.08685621 2.48510e-08
1761206681.873 93.151 0.08688694 6.49339e-08
1761206681.883 93.200 0.08690370 6.30827e-08
1761206681.893 93.249 0.08695398 1.39212e-08
1761206681.903 93.298 0.08699588 6.75606e-08
1761206681.913 93.347 0.08703871 1.98880e-08
1761206681.923 93.396 0.08709272 6.24076e-08
1761206681.933 93.445 0.08711693 5.63043e-08
1761206681.943 93.494 0.08717093 1.70943e-08
1761206681.953 93.543 0.08721097 7.05513e-08
1761206681.963 93.592 0.08725753 2.11053e-08
1761206681.973 93.640 0.08733016 6.12655e-08
1761206681.983 93.689 0.08734319 5.83707e-08
1761206681.993 93.738 0.08739906 3.27200e-09
1761206682.003 93.787 0.08744282 5.40771e-08
1761206682.013 93.835 0.08748938 1.10950e-08
1761206682.023 93.884 0.08754432 5.48678e-08
1761206682.071 93.933 0.08777989 1.11800e-09
1761206682.121 93.982 0.08803409 4.69100e-09
1761206682.154 94.030 0.08819984 3.20231e-08
1761206682.163 94.079 0.08819984 7.37537e-08
1761206682.173 94.127 0.08825477 6.18458e-08
1761206682.183 94.176 0.08827060 6.23760e-08
1761206682.193 94.224 0.08829761 7.99910e-09
1761206682.203 94.273 0.08833578 5.75106e-08
1761206682.213 94.321 0.08836092 2.00618e-08
1761206682.223 94.370 0.08838792 5.43989e-08
1761206682.233 94.418 0.08839630 4.87668e-08
1761206682.282 94.467 0.08847079 5.04170e-08
1761206682.288 94.515 0.08848662 -4.67440e-09
1761206682.336 94.563 0.08857881 5.72242e-08
1761206682.343 94.612 0.08858905 8.19320e-09
1761206682.353 94.660 0.08858905 4.85529e-08
1761206682.363 94.708 0.08860395 1.20384e-08
1761206682.373 94.757 0.08863095 5.24260e-08
1761206682.383 94.805 0.08865423 4.53160e-08
1761206682.393 94.853 0.08869520 -3.14360e-09
1761206682.403 94.901 0.08869985 4.88125e-08
1761206682.413 94.949 0.08872592 1.94265e-08
1761206682.423 94.998 0.08878179 5.14284e-08
1761206682.433 95.046 0.08879017 4.15014e-08
1761206682.443 95.094 0.08882928 3.26700e-10
1761206682.453 95.142 0.08885442 4.99940e-08
1761206682.463 95.190 0.08887398 1.98648e-08
1761206682.473 95.238 0.08891681 5.35420e-08
1761206682.483 95.286 0.08893077 3.87549e-08
1761206682.530 95.334 0.08908814 7.47491e-08
1761206682.537 95.382 0.08913376 2.82725e-08
1761206682.543 95.430 0.08915704 1.83329e-08
1761206682.553 95.478 0.08915704 6.11881e-08
1761206682.562 95.526 0.08920825 4.74155e-08
1761206682.573 95.573 0.08926319 1.07181e-07
1761206682.582 95.621 0.08926878 1.31892e-07
1761206682.592 95.669 0.08932185 1.24407e-07
1761206682.602 95.717 0.08934979 3.21349e-07
1761206682.612 95.765 0.08939821 3.10392e-07
1761206682.622 95.812 0.08945780 3.82754e-07
1761206682.632 95.860 0.08947549 4.02836e-07
1761206682.642 95.908 0.08952857 4.47227e-07
1761206682.653 95.955 0.08956115 5.61085e-07
1761206682.663 96.003 0.08959281 6.35689e-07
1761206682.714 96.051 0.08984794 1.38659e-06
1761206682.723 96.098 0.08985632 2.20765e-06
1761206682.733 96.146 0.08985632 2.43103e-06
1761206682.743 96.193 0.08990567 2.53199e-06
1761206682.752 96.241 0.08994385 3.27354e-06
1761206682.762 96.288 0.08998761 3.42723e-06
1761206682.772 96.336 0.09002486 4.11499e-06
1761206682.782 96.383 0.09004441 5.23711e-06
1761206682.792 96.431 0.09011052 5.89474e-06
1761206682.802 96.478 0.09015056 6.90296e-06
1761206682.812 96.525 0.09018595 6.82872e-06
1761206682.822 96.573 0.09024088 1.03417e-05
1761206682.832 96.620 0.09025578 8.17957e-06
1761206682.842 96.667 0.09027906 8.86382e-06
1761206682.852 96.715 0.09032282 1.01027e-05
1761206682.862 96.762 0.09035820 9.23730e-06
1761206682.872 96.809 0.09038427 9.91456e-06
1761206682.882 96.856 0.09040663 8.51239e-06
1761206682.892 96.904 0.09045411 7.82570e-06
1761206682.902 96.951 0.09047925 6.47712e-06
1761206682.912 96.998 0.09051557 5.76407e-06
1761206682.922 97.045 0.09055747 5.10265e-06
1761206682.932 97.092 0.09058540 4.43780e-06
1761206682.942 97.139 0.09062079 3.52474e-06
1761206682.952 97.186 0.09063941 2.76234e-06
1761206682.962 97.233 0.09068131 2.14533e-06
1761206682.972 97.280 0.09073159 1.81869e-06
1761206682.982 97.327 0.09075859 1.77540e-06
1761206682.992 97.374 0.09081167 1.59480e-06
1761206683.002 97.421 0.09084240 1.36488e-06
1761206683.012 97.468 0.09088616 1.13266e-06
1761206683.022 97.515 0.09092340 1.01419e-06
1761206683.033 97.562 0.09095134 9.47896e-07
1761206683.043 97.609 0.09101838 8.16319e-07
1761206683.053 97.656 0.09106121 7.18249e-07
1761206683.063 97.702 0.09112639 5.50803e-07
1761206683.073 97.749 0.09118133 5.19865e-07
1761206683.083 97.796 0.09120647 5.06383e-07
1761206683.092 97.843 0.09127351 3.68611e-07
1761206683.103 97.889 0.09131262 3.34628e-07
1761206683.112 97.936 0.09136103 2.19296e-07
1761206683.123 97.983 0.09140573 1.72948e-07
1761206683.132 98.029 0.09144949 1.49200e-07
1761206683.143 98.076 0.09149512 7.67238e-08
1761206683.153 98.123 0.09154075 1.03057e-07
1761206683.163 98.169 0.09161524 4.19841e-08
1761206683.173 98.216 0.09167390 7.23297e-08
1761206683.265 98.262 0.09210781 4.39603e-08
1761206683.272 98.309 0.09210781 -1.99892e-08
1761206683.316 98.355 0.09228193 1.23590e-08
1761206683.323 98.402 0.09229869 3.34526e-09
1761206683.333 98.448 0.09229869 5.37310e-10
1761206683.343 98.495 0.09235176 2.54892e-09
1761206683.352 98.541 0.09236946 9.97283e-09
1761206683.363 98.587 0.09238622 -5.65085e-09
1761206683.372 98.634 0.09241043 1.07934e-08
1761206683.382 98.680 0.09240949 -4.44877e-09
1761206683.392 98.726 0.09245884 -2.10882e-09
1761206683.402 98.773 0.09247281 1.89074e-09
1761206683.412 98.819 0.09247933 -1.12621e-08
1761206683.422 98.865 0.09249981 4.02795e-09
1761206683.432 98.911 0.09249981 -1.64857e-08
1761206683.442 98.958 0.09251937 -3.69604e-09
1761206683.452 99.004 0.09252495 -2.92576e-09
1761206683.462 99.050 0.09252961 -1.56752e-08
1761206683.472 99.096 0.09254544 -4.89260e-10
1761206683.486 99.142 0.09259107 4.86970e-09
1761206683.492 99.188 0.09259107 -2.73706e-08
1761206683.533 99.235 0.09270932 -1.36566e-08
1761206683.548 99.281 0.09271770 1.06321e-08
1761206683.554 99.327 0.09276984 -6.44687e-08
1761206683.562 99.373 0.09276984 -4.36560e-08
1761206683.611 99.419 0.09299797 -5.94978e-08
1761206683.618 99.465 0.09304360 -7.87330e-09
1761206683.624 99.511 0.09308922 -5.59930e-08
1761206683.632 99.557 0.09308922 -1.93593e-08
1761206683.642 99.602 0.09312646 -7.86822e-08
1761206683.690 99.648 0.09335459 -2.89130e-08
1761206683.733 99.694 0.09351475 2.00588e-08
1761206683.742 99.740 0.09351475 1.85817e-08
1761206683.758 99.786 0.09355665 2.10934e-08
1761206683.767 99.832 0.09357993 8.00620e-08
1761206683.821 99.877 0.09370098 2.40730e-09
1761206683.869 99.923 0.09376336 4.81316e-08
1761206683.875 99.969 0.09376895 1.20734e-08
1761206683.882 100.015 0.09376895 5.76441e-08
1761206683.892 100.060 0.09379596 6.07760e-09
1761206683.902 100.106 0.09380527 6.67382e-08
1761206683.950 100.152 0.09386765 5.70717e-08
1761206684.000 100.197 0.09392166 5.45569e-08
1761206684.068 100.243 0.09409671 7.37363e-08
1761206684.118 100.289 0.09419448 6.22973e-08
1761206684.125 100.334 0.09421962 1.56104e-08
1761206684.133 100.380 0.09423451 5.54937e-08
1761206684.181 100.425 0.09426618 6.47306e-08
1761206684.188 100.471 0.09429225 -4.60460e-09
1761206684.236 100.516 0.09432390 4.21060e-08
1761206684.243 100.562 0.09431273 1.31612e-08
1761206684.252 100.607 0.09431273 4.99952e-08
1761206684.262 100.653 0.09434439 1.19022e-08
1761206684.272 100.698 0.09435370 5.57736e-08
1761206684.320 100.743 0.09440585 3.95143e-08
1761206684.350 100.789 0.09444868 5.38270e-09
1761206684.415 100.834 0.09461070 5.45244e-08
1761206684.422 100.879 0.09461070 -7.87070e-09
1761206684.432 100.925 0.09461256 3.55079e-08
1761206684.442 100.970 0.09464328 -2.31660e-09
1761206684.451 101.015 0.09466935 4.92577e-08
1761206684.500 101.061 0.09478761 4.78700e-08
1761206684.550 101.106 0.09484907 4.71996e-08
1761206684.600 101.151 0.09494590 4.81604e-08
1761206684.667 101.196 0.09505298 7.67345e-08
1761206684.717 101.241 0.09511723 9.02831e-08
1761206684.768 101.287 0.09518986 1.39378e-07
1761206684.774 101.332 0.09517217 7.05864e-08
1761206684.782 101.377 0.09517217 1.50948e-07
1761206684.791 101.422 0.09517869 6.35402e-08
1761206684.801 101.467 0.09517682 2.05193e-07
1761206684.811 101.512 0.09519824 2.51525e-07
1761206684.821 101.557 0.09520941 3.23841e-07
1761206684.831 101.602 0.09519917 3.13506e-07
1761206684.841 101.647 0.09522710 3.97730e-07
1761206684.851 101.692 0.09521034 4.23992e-07
1761206684.861 101.737 0.09522338 4.34771e-07
1761206684.871 101.782 0.09525225 5.69117e-07
1761206684.921 101.827 0.09530811 8.20435e-07
1761206684.927 101.872 0.09530904 1.01442e-06
1761206684.934 101.917 0.09533884 1.23773e-06
1761206684.941 101.961 0.09533884 1.34100e-06
1761206684.951 102.006 0.09534350 1.44197e-06
1761206684.961 102.051 0.09538074 1.65731e-06
1761206684.971 102.096 0.09542264 2.05874e-06
1761206684.981 102.141 0.09544406 2.17852e-06
1761206684.991 102.185 0.09549527 2.78899e-06
1761206685.001 102.230 0.09551203 2.90251e-06
1761206685.011 102.275 0.09554928 3.21792e-06
1761206685.021 102.319 0.09560235 3.95767e-06
1761206685.031 102.364 0.09562936 4.65632e-06
1761206685.041 102.409 0.09567405 5.19618e-06
1761206685.051 102.453 0.09570850 6.35492e-06
1761206685.061 102.498 0.09574388 7.54018e-06
1761206685.071 102.543 0.09579231 9.16448e-06
1761206685.081 102.587 0.09580814 1.06697e-05
1761206685.091 102.632 0.09586028 1.22224e-05
1761206685.101 102.676 0.09589286 1.39735e-05
1761206685.111 102.721 0.09592453 1.52152e-05
1761206685.121 102.765 0.09597760 1.75694e-05
1761206685.131 102.810 0.09601392 1.88130e-05
1761206685.141 102.854 0.09607164 2.30821e-05
1761206685.151 102.899 0.09608840 2.42183e-05
1761206685.161 102.943 0.09612658 2.76488e-05
1761206685.171 102.988 0.09616662 3.34009e-05
1761206685.181 103.032 0.09620480 3.87117e-05
1761206685.191 103.076 0.09624298 4.62468e-05
1761206685.201 103.121 0.09627277 5.18883e-05
1761206685.211 103.165 0.09633050 5.51815e-05
1761206685.221 103.209 0.09636868 5.72433e-05
1761206685.231 103.254 0.09637892 5.64527e-05
1761206685.241 103.298 0.09644876 5.70510e-05
1761206685.251 103.342 0.09648972 5.72802e-05
1761206685.261 103.386 0.09653349 5.55081e-05
1761206685.271 103.430 0.09658656 5.63640e-05
1761206685.281 103.475 0.09661263 5.29088e-05
1761206685.291 103.519 0.09666664 5.01233e-05
1761206685.301 103.563 0.09670295 4.72865e-05
1761206685.311 103.607 0.09674858 4.41446e-05
1761206685.321 103.651 0.09679141 3.85437e-05
1761206685.331 103.695 0.09681376 3.15892e-05
1761206685.341 103.739 0.09687614 2.41835e-05
1761206685.351 103.783 0.09690129 1.87008e-05
1761206685.361 103.828 0.09694505 1.61121e-05
1761206685.371 103.872 0.09699626 1.32667e-05
1761206685.381 103.916 0.09702513 1.08489e-05
1761206685.391 103.960 0.09708565 8.40149e-06
1761206685.401 104.004 0.09712662 7.41790e-06
1761206685.411 104.047 0.09716666 7.55513e-06
1761206685.421 104.091 0.09719459 6.63442e-06
1761206685.450 104.135 0.09731098 5.82817e-06
1761206685.475 104.179 0.09746090 3.50963e-06
1761206685.481 104.223 0.09750652 3.15899e-06
1761206685.491 104.267 0.09750652 2.65912e-06
1761206685.501 104.311 0.09751956 2.44417e-06
1761206685.511 104.355 0.09756519 2.11184e-06
1761206685.521 104.398 0.09762384 1.86982e-06
1761206685.531 104.442 0.09764992 1.51518e-06
1761206685.541 104.486 0.09770020 1.18061e-06
1761206685.551 104.530 0.09772813 9.82701e-07
1761206685.561 104.573 0.09776351 6.44573e-07
1761206685.571 104.617 0.09781473 6.09289e-07
1761206685.581 104.661 0.09784918 5.33340e-07
1761206685.591 104.705 0.09787432 3.77809e-07
1761206685.601 104.748 0.09791622 3.33798e-07
1761206685.611 104.792 0.09796278 2.88020e-07
1761206685.621 104.835 0.09798047 2.65832e-07
1761206685.631 104.879 0.09799351 1.48446e-07
1761206685.641 104.923 0.09803541 1.04387e-07
1761206685.651 104.966 0.09805124 1.46565e-07
1761206685.661 105.010 0.09809127 7.62180e-08
1761206685.671 105.053 0.09813318 9.09554e-08
1761206685.681 105.097 0.09815552 3.48825e-08
1761206685.691 105.140 0.09820301 1.38557e-08
1761206685.701 105.184 0.09821326 6.38127e-08
1761206685.749 105.227 0.09839762 5.06463e-08
1761206685.799 105.271 0.09859874 5.14173e-08
1761206685.849 105.314 0.09882128 5.39053e-08
1761206685.917 105.357 0.09901031 6.68434e-08
1761206685.969 105.401 0.09907548 5.52072e-08
1761206686.043 105.444 0.09908386 3.58940e-09
1761206686.051 105.488 0.09908386 4.02167e-08
1761206686.100 105.531 0.09908200 6.12181e-08
1761206686.151 105.574 0.09910901 5.76243e-08
1761206686.194 105.617 0.09915649 8.72553e-09
1761206686.209 105.661 0.09917698 -1.50296e-08
1761206686.215 105.704 0.09919932 3.11545e-08
1761206686.221 105.747 0.09920118 -2.77286e-08
1761206686.230 105.790 0.09920118 -2.84020e-09
1761206686.240 105.834 0.09922912 -1.88861e-08
1761206686.250 105.877 0.09923192 3.69189e-08
1761206686.260 105.920 0.09924030 -1.03462e-08
1761206686.270 105.963 0.09925892 4.27338e-08
1761206686.312 106.006 0.09931944 -1.93445e-08
1761206686.321 106.049 0.09931944 -5.37700e-10
1761206686.335 106.093 0.09936879 3.11760e-09
1761206686.342 106.136 0.09937065 -4.63816e-08
1761206686.390 106.179 0.09945446 -4.06804e-08
1761206686.458 106.222 0.09965838 -5.43783e-08
1761206686.508 106.265 0.09981108 -4.86494e-08
1761206686.576 106.308 0.09991351 -1.02278e-08
1761206686.583 106.351 0.09993026 3.58850e-09
1761206686.591 106.394 0.09993026 -9.58567e-09
1761206686.600 106.437 0.09993771 1.57051e-09
1761206686.610 106.480 0.09994237 -6.04798e-09
1761206686.620 106.523 0.09996006 5.97715e-09
1761206686.630 106.566 0.09994982 -9.67597e-09
1761206686.640 106.608 0.09995261 1.20261e-08
1761206686.650 106.651 0.09993492 5.24518e-09
1761206686.660 106.694 0.09993399 -1.51537e-09
1761206686.670 106.737 0.09995261 9.90986e-09
1761206686.680 106.780 0.09996006 -7.62429e-09
1761206686.690 106.823 0.09997123 1.14167e-08
1761206686.700 106.865 0.09996658 5.01982e-09
1761206686.710 106.908 0.09998334 -8.07780e-10
1761206686.720 106.951 0.10000383 1.04507e-08
1761206686.730 106.994 0.10000104 -5.07577e-09
1761206686.740 107.036 0.10003269 1.64448e-08
1761206686.750 107.079 0.10002897 9.51156e-09
1761206686.760 107.122 0.10005783 6.96490e-10
1761206686.770 107.165 0.10008763 1.22747e-08
1761206686.780 107.207 0.10009508 -3.73765e-09
1761206686.790 107.250 0.10012953 1.54376e-08
1761206686.800 107.292 0.10016770 7.91252e-09
1761206686.810 107.335 0.10023009 1.32547e-09
1761206686.820 107.378 0.10026361 1.31755e-08
1761206686.830 107.420 0.10028596 -8.30634e-09
1761206686.840 107.463 0.10033531 1.44505e-08
1761206686.850 107.505 0.10038093 9.09932e-09
1761206686.860 107.548 0.10043029 -8.19860e-10
1761206686.870 107.590 0.10046753 1.48461e-08
1761206686.880 107.633 0.10049453 -4.58130e-09
1761206686.890 107.675 0.10055692 1.45638e-08
1761206686.900 107.718 0.10059509 8.74428e-09
1761206686.910 107.760 0.10064631 2.62773e-09
1761206686.920 107.803 0.10069380 1.51274e-08
1761206686.930 107.845 0.10073570 -8.75960e-10
1761206686.944 107.887 0.10083346 9.10030e-09
1761206686.950 107.930 0.10083346 4.67034e-08
1761206686.960 107.972 0.10088189 -4.05070e-09
1761206686.970 108.014 0.10093589 3.05910e-08
1761206687.011 108.057 0.10115378 7.51795e-09
1761206687.026 108.099 0.10117985 -7.51680e-09
1761206687.033 108.141 0.10122175 5.03725e-08
1761206687.040 108.184 0.10122175 6.75200e-10
1761206687.050 108.226 0.10124502 5.63195e-08
1761206687.060 108.268 0.10127947 3.11600e-10
1761206687.070 108.310 0.10133535 4.45503e-08
1761206687.138 108.352 0.10156162 4.01490e-09
1761206687.144 108.395 0.10158676 3.11371e-08
1761206687.150 108.437 0.10158676 7.01011e-08
1761206687.200 108.479 0.10171990 8.72894e-08
1761206687.252 108.521 0.10186423 6.04350e-08
1761206687.262 108.563 0.10187168 1.02791e-07
1761206687.270 108.605 0.10187168 9.34810e-08
1761206687.280 108.647 0.10188192 6.21803e-08
1761206687.290 108.690 0.10191823 8.05582e-08
1761206687.300 108.732 0.10191451 1.28410e-07
1761206687.310 108.774 0.10192848 7.14363e-08
1761206687.320 108.816 0.10195456 1.15485e-07
1761206687.330 108.858 0.10196201 9.36794e-08
1761206687.340 108.900 0.10197690 1.23233e-07
1761206687.350 108.942 0.10199366 1.50216e-07
1761206687.360 108.984 0.10200484 1.00173e-07
1761206687.370 109.025 0.10200577 1.47499e-07
1761206687.380 109.067 0.10202439 1.08115e-07
1761206687.390 109.109 0.10205698 1.29697e-07
1761206687.400 109.151 0.10206163 1.59490e-07
1761206687.410 109.193 0.10208491 1.12045e-07
1761206687.420 109.235 0.10209515 1.48087e-07
1761206687.430 109.277 0.10209422 1.10656e-07
1761206687.440 109.319 0.10212402 1.32475e-07
1761206687.450 109.360 0.10214822 1.59524e-07
1761206687.460 109.402 0.10219386 1.15036e-07
1761206687.470 109.444 0.10222458 1.44783e-07
1761206687.480 109.486 0.10222831 1.11465e-07
1761206687.490 109.528 0.10227952 1.25110e-07
1761206687.500 109.569 0.10231862 1.55738e-07
1761206687.510 109.611 0.10235587 1.02115e-07
1761206687.520 109.653 0.10239311 1.38646e-07
1761206687.530 109.694 0.10243223 1.06304e-07
1761206687.540 109.736 0.10247226 1.22453e-07
1761206687.550 109.778 0.10249182 1.43950e-07
1761206687.560 109.819 0.10254582 9.01054e-08
1761206687.570 109.861 0.10260820 1.15448e-07
1761206687.580 109.903 0.10262777 7.73909e-08
1761206687.590 109.944 0.10267246 8.26281e-08
1761206687.600 109.986 0.10273577 1.04780e-07
1761206687.610 110.027 0.10279722 4.54398e-08
