1761312985.126 33.800 0.03265767 3.03971e-08
1761312985.133 33.935 0.03264929 2.17956e-08
1761312985.142 34.069 0.03264929 4.55784e-08
1761312985.190 34.203 0.03264743 4.34218e-08
1761312985.240 34.336 0.03262229 5.02449e-08
1761312985.290 34.469 0.03270423 4.78627e-08
1761312985.340 34.602 0.03285135 5.06103e-08
1761312985.390 34.733 0.03306924 5.04811e-08
1761312985.458 34.865 0.03332623 5.21230e-08
1761312985.508 34.996 0.03347893 4.67336e-08
1761312985.515 35.126 0.03348359 2.34857e-08
1761312985.521 35.256 0.03349383 5.77257e-08
1761312985.531 35.385 0.03349383 -1.39466e-08
1761312985.548 35.514 0.03352084 1.18431e-08
1761312985.554 35.643 0.03354970 6.45139e-08
1761312985.561 35.771 0.03354970 3.55488e-08
1761312985.609 35.898 0.03360743 5.53617e-08
1761312985.615 36.025 0.03359905 4.59742e-08
1761312985.622 36.152 0.03363071 9.92272e-08
1761312985.631 36.278 0.03363071 5.32369e-08
1761312985.677 36.404 0.03379831 6.68809e-07
1761312985.684 36.530 0.03383090 1.01074e-06
1761312985.691 36.654 0.03383090 1.52756e-06
1761312985.701 36.779 0.03388956 2.87515e-06
1761312985.711 36.903 0.03395381 4.37091e-06
1761312985.721 37.027 0.03402458 6.79352e-06
1761312985.731 37.150 0.03411024 7.07048e-06
1761312985.741 37.273 0.03414563 6.35731e-06
1761312985.751 37.395 0.03423595 2.89499e-06
1761312985.761 37.517 0.03434955 5.25293e-07
1761312985.771 37.639 0.03441286 2.04315e-07
1761312985.781 37.760 0.03452925 5.48729e-08
1761312985.791 37.881 0.03461026 8.64421e-08
1761312985.839 38.002 0.03507583 5.17601e-08
1761312985.889 38.122 0.03557212 5.29768e-08
1761312985.957 38.241 0.03624068 6.03326e-08
1761312986.010 38.361 0.03656471 9.16180e-09
1761312986.022 38.480 0.03662803 2.86457e-08
1761312986.072 38.598 0.03671928 4.84244e-08
1761312986.081 38.717 0.03671928 -1.07180e-08
1761312986.091 38.834 0.03670718 6.88934e-08
1761312986.139 38.952 0.03669414 5.14541e-08
1761312986.227 39.069 0.03678725 -6.77440e-09
1761312986.276 39.186 0.03696324 3.48021e-08
1761312986.283 39.302 0.03699583 1.63044e-08
1761312986.291 39.419 0.03699583 5.05523e-08
1761312986.341 39.534 0.03719416 6.11543e-08
1761312986.391 39.650 0.03735338 6.16162e-08
1761312986.441 39.765 0.03751633 5.79273e-08
1761312986.491 39.880 0.03765135 5.30473e-08
1761312986.541 39.994 0.03779009 5.21520e-08
1761312986.591 40.108 0.03790927 5.20161e-08
1761312986.641 40.222 0.03800332 4.97274e-08
1761312986.691 40.336 0.03809457 4.59135e-08
1761312986.765 40.449 0.03821655 2.91180e-08
1761312986.772 40.562 0.03823796 4.56862e-08
1761312986.838 40.674 0.03835994 4.94667e-08
1761312986.888 40.786 0.03846050 4.83739e-08
1761312986.894 40.898 0.03849123 -8.16850e-09
1761312986.942 41.010 0.03859179 4.04178e-08
1761312986.950 41.121 0.03859179 1.67117e-08
1761312986.961 41.232 0.03862717 6.46755e-08
1761312987.009 41.343 0.03875009 3.46493e-08
1761312987.016 41.453 0.03874264 1.70706e-08
1761312987.022 41.564 0.03878640 4.70484e-08
1761312987.070 41.673 0.03894376 7.12109e-08
1761312987.080 41.783 0.03894376 -1.07889e-08
1761312987.090 41.892 0.03898008 6.88665e-08
1761312987.138 42.001 0.03916444 4.65902e-08
1761312987.144 42.110 0.03921007 -9.26930e-09
1761312987.192 42.218 0.03946706 3.78291e-08
1761312987.200 42.326 0.03946706 1.78685e-08
1761312987.210 42.434 0.03953876 5.42187e-08
1761312987.220 42.542 0.03959462 2.74505e-08
1761312987.230 42.649 0.03966167 1.98323e-08
1761312987.240 42.756 0.03968588 7.30711e-08
1761312987.302 42.863 0.04004902 6.99555e-08
1761312987.310 42.970 0.04004902 3.80460e-08
1761312987.359 43.076 0.04029484 3.81620e-08
1761312987.366 43.182 0.04031346 2.58773e-08
1761312987.372 43.287 0.04036095 4.95087e-08
1761312987.421 43.393 0.04062632 4.95447e-08
1761312987.430 43.498 0.04062632 -1.47323e-08
1761312987.440 43.603 0.04066729 7.67011e-08
1761312987.488 43.708 0.04087866 4.88304e-08
1761312987.494 43.812 0.04091404 -1.17215e-08
1761312987.501 43.917 0.04095222 3.08561e-08
1761312987.510 44.020 0.04095222 6.24560e-08
1761312987.520 44.124 0.04097922 2.71219e-08
1761312987.530 44.228 0.04103602 2.20282e-08
1761312987.540 44.331 0.04107978 7.84711e-08
1761312987.588 44.434 0.04125763 4.89519e-08
1761312987.638 44.537 0.04147365 4.67262e-08
1761312987.688 44.639 0.04177999 4.68295e-08
1761312987.738 44.741 0.04209286 4.70717e-08
1761312987.788 44.844 0.04229957 4.79501e-08
1761312987.861 44.945 0.04247648 2.78240e-09
1761312987.870 45.047 0.04247648 5.11919e-08
1761312987.880 45.148 0.04248486 -7.74190e-09
1761312987.890 45.249 0.04247369 7.10530e-08
1761312987.941 45.350 0.04252583 3.80201e-08
1761312987.991 45.451 0.04258356 3.50119e-08
1761312988.000 45.552 0.04258356 2.49310e-08
1761312988.010 45.652 0.04260871 4.93973e-08
1761312988.058 45.752 0.04274651 3.60949e-08
1761312988.064 45.852 0.04277445 2.90067e-08
1761312988.070 45.951 0.04281262 6.36706e-08
1761312988.079 46.051 0.04281262 5.48300e-09
1761312988.089 46.150 0.04285546 7.34502e-08
1761312988.100 46.249 0.04289270 2.55600e-09
1761312988.109 46.347 0.04293739 4.20413e-08
1761312988.119 46.446 0.04296719 2.08100e-08
1761312988.129 46.544 0.04302585 3.45453e-08
1761312988.139 46.642 0.04306776 7.23924e-08
1761312988.149 46.740 0.04309103 2.45230e-09
1761312988.159 46.838 0.04314411 4.54626e-08
1761312988.169 46.935 0.04317111 2.71618e-08
1761312988.179 47.033 0.04322139 3.52739e-08
1761312988.189 47.130 0.04324839 7.08326e-08
1761312988.238 47.227 0.04354450 6.56444e-08
1761312988.244 47.323 0.04360968 -1.46768e-08
1761312988.292 47.420 0.04402310 3.66121e-08
1761312988.342 47.516 0.04447190 3.46156e-08
1761312988.350 47.612 0.04447190 2.22651e-08
1761312988.359 47.708 0.04455385 5.05573e-08
1761312988.390 47.804 0.04484622 3.01590e-08
1761312988.442 47.899 0.04509111 4.11894e-08
1761312988.450 47.995 0.04509111 1.10032e-08
1761312988.460 48.090 0.04512742 5.40068e-08
1761312988.508 48.185 0.04520005 3.80053e-08
1761312988.515 48.280 0.04521588 1.56069e-08
1761312988.521 48.374 0.04522519 4.61991e-08
1761312988.529 48.469 0.04522519 -5.17540e-09
1761312988.539 48.563 0.04522054 6.34607e-08
1761312988.587 48.657 0.04530900 6.31498e-08
1761312988.594 48.751 0.04533041 -7.95040e-09
1761312988.601 48.844 0.04536859 4.83735e-08
1761312988.609 48.938 0.04536859 4.64574e-08
1761312988.619 49.031 0.04537976 2.42216e-08
1761312988.629 49.124 0.04541980 3.34357e-08
1761312988.639 49.217 0.04543097 7.09754e-08
1761312988.687 49.310 0.04564514 6.46699e-08
1761312988.694 49.403 0.04571869 -6.99110e-09
1761312988.742 49.495 0.04602690 3.86640e-08
1761312988.749 49.588 0.04602690 2.51181e-08
1761312988.760 49.680 0.04611536 4.84426e-08
1761312988.770 49.772 0.04615353 3.92037e-08
1761312988.780 49.863 0.04624944 1.15890e-08
1761312988.790 49.955 0.04630065 6.74625e-08
1761312988.838 50.046 0.04662935 4.13978e-08
1761312988.843 50.138 0.04668801 -1.48509e-08
1761312988.891 50.229 0.04695804 3.47439e-08
1761312988.899 50.320 0.04695804 9.68940e-09
1761312988.991 50.410 0.04735563 5.08797e-08
1761312989.041 50.501 0.04751113 4.59206e-08
1761312989.091 50.591 0.04760703 4.47689e-08
1761312989.141 50.682 0.04767408 9.84495e-08
1761312989.149 50.772 0.04767408 1.10918e-07
1761312989.159 50.862 0.04768432 1.55854e-07
1761312989.169 50.952 0.04766663 1.87323e-07
1761312989.179 51.041 0.04771039 2.45044e-07
1761312989.189 51.131 0.04771225 3.30928e-07
1761312989.199 51.220 0.04771691 3.70779e-07
1761312989.209 51.309 0.04773833 4.70683e-07
1761312989.219 51.398 0.04774764 5.33754e-07
1761312989.229 51.487 0.04777184 6.06739e-07
1761312989.239 51.576 0.04778768 7.92541e-07
1761312989.249 51.664 0.04780444 8.55023e-07
1761312989.259 51.753 0.04781840 1.07336e-06
1761312989.269 51.841 0.04781933 1.33924e-06
1761312989.279 51.929 0.04785472 1.64389e-06
1761312989.289 52.017 0.04786775 2.40607e-06
1761312989.299 52.105 0.04790500 2.97640e-06
1761312989.309 52.192 0.04795900 4.36727e-06
1761312989.319 52.280 0.04799625 6.33184e-06
1761312989.329 52.367 0.04805677 9.68991e-06
1761312989.339 52.455 0.04809495 1.41921e-05
1761312989.349 52.542 0.04813592 2.04581e-05
1761312989.359 52.629 0.04821134 2.64474e-05
1761312989.369 52.715 0.04827280 2.75840e-05
1761312989.379 52.802 0.04837056 2.67208e-05
1761312989.389 52.888 0.04843202 2.31077e-05
1761312989.399 52.975 0.04852606 1.45175e-05
1761312989.409 53.061 0.04860801 6.12347e-06
1761312989.419 53.147 0.04868901 1.92713e-06
1761312989.429 53.233 0.04881006 7.15067e-07
1761312989.439 53.319 0.04889573 3.96157e-07
1761312989.449 53.405 0.04898511 9.74958e-08
1761312989.459 53.490 0.04911547 8.72823e-08
1761312989.469 53.575 0.04919834 3.30724e-08
1761312989.479 53.661 0.04932218 5.28326e-08
1761312989.489 53.746 0.04940506 7.57498e-08
1761312989.570 53.831 0.05029522 2.29060e-08
1761312989.619 53.916 0.05060343 9.98848e-08
1761312989.626 54.000 0.05068723 6.86959e-08
1761312989.631 54.085 0.05073658 5.04627e-08
1761312989.639 54.169 0.05073658 9.50549e-08
1761312989.649 54.254 0.05078313 6.09354e-08
1761312989.659 54.338 0.05083062 1.35759e-07
1761312989.669 54.422 0.05085669 1.87163e-07
1761312989.679 54.506 0.05090790 3.87359e-07
1761312989.689 54.590 0.05091722 6.34236e-07
1761312989.699 54.673 0.05094236 6.06797e-07
1761312989.709 54.757 0.05096377 6.15009e-07
1761312989.719 54.840 0.05097681 5.42079e-07
1761312989.729 54.924 0.05101405 5.43882e-07
1761312989.739 55.007 0.05101033 5.29496e-07
1761312989.749 55.090 0.05102616 3.85689e-07
1761312989.759 55.173 0.05103268 3.59749e-07
1761312989.769 55.256 0.05104012 3.31143e-07
1761312989.779 55.338 0.05105596 4.84664e-07
1761312989.789 55.421 0.05105968 7.47664e-07
1761312989.799 55.503 0.05109693 1.02601e-06
1761312989.809 55.585 0.05113045 1.47851e-06
1761312989.819 55.668 0.05114907 2.00308e-06
1761312989.828 55.750 0.05121890 3.31284e-06
1761312989.839 55.832 0.05123659 4.96523e-06
1761312989.849 55.913 0.05128967 7.83900e-06
1761312989.858 55.995 0.05137254 1.31409e-05
1761312989.868 56.077 0.05141444 2.75347e-05
1761312989.878 56.158 0.05150849 4.28098e-05
1761312989.888 56.240 0.05158577 7.05725e-05
1761312989.898 56.321 0.05167237 9.87095e-05
1761312989.908 56.402 0.05175710 1.01192e-04
1761312989.918 56.483 0.05183345 8.94693e-05
1761312989.928 56.564 0.05194798 6.58383e-05
1761312989.938 56.644 0.05202526 2.29458e-05
1761312989.948 56.725 0.05212024 4.30916e-06
1761312989.958 56.806 0.05222825 3.11068e-06
1761312989.968 56.886 0.05231299 4.13712e-06
1761312989.978 56.966 0.05243124 4.83514e-06
1761312989.988 57.047 0.05252529 4.89267e-06
1761312989.998 57.127 0.05262119 3.59905e-06
1761312990.008 57.207 0.05272362 1.49685e-06
1761312990.018 57.286 0.05280928 7.89695e-07
1761312990.028 57.366 0.05290985 2.71181e-07
1761312990.038 57.446 0.05300296 4.75932e-07
1761312990.048 57.525 0.05308210 8.96534e-07
1761312990.058 57.605 0.05319384 1.10545e-06
1761312990.068 57.684 0.05326368 9.95893e-07
1761312990.078 57.763 0.05336238 7.72921e-07
1761312990.125 57.842 0.05373855 1.96189e-07
1761312990.130 57.921 0.05380374 2.11221e-07
1761312990.138 58.000 0.05380374 3.15214e-07
1761312990.148 58.079 0.05387264 3.30873e-07
1761312990.158 58.158 0.05394992 4.64802e-07
1761312990.168 58.236 0.05399461 8.63123e-07
1761312990.178 58.315 0.05407562 1.83701e-06
1761312990.188 58.393 0.05413243 2.56075e-06
1761312990.198 58.471 0.05418271 2.44532e-06
1761312990.208 58.549 0.05422460 2.51362e-06
1761312990.218 58.627 0.05427489 2.37638e-06
1761312990.228 58.705 0.05436055 1.90607e-06
1761312990.238 58.783 0.05439966 1.39857e-06
1761312990.248 58.861 0.05444435 1.21073e-06
1761312990.258 58.938 0.05450302 1.21250e-06
1761312990.268 59.016 0.05454398 9.50015e-07
1761312990.278 59.093 0.05461941 6.17723e-07
1761312990.288 59.171 0.05465293 5.14812e-07
1761312990.298 59.248 0.05470228 4.94548e-07
1761312990.308 59.325 0.05476559 5.99433e-07
1761312990.318 59.402 0.05480843 5.80481e-07
1761312990.328 59.479 0.05487733 5.86133e-07
1761312990.338 59.556 0.05492389 4.99920e-07
1761312990.348 59.632 0.05498627 3.81585e-07
1761312990.358 59.709 0.05503656 4.07600e-07
1761312990.368 59.785 0.05509149 3.27955e-07
1761312990.378 59.862 0.05517250 3.51241e-07
1761312990.388 59.938 0.05521626 4.19070e-07
1761312990.398 60.014 0.05529820 3.57968e-07
1761312990.408 60.090 0.05537921 5.40833e-07
1761312990.418 60.166 0.05543880 1.52865e-06
1761312990.428 60.242 0.05554216 6.00579e-06
1761312990.438 60.318 0.05559431 1.12944e-05
1761312990.448 60.394 0.05567159 2.81148e-05
1761312990.458 60.470 0.05574794 5.64160e-05
1761312990.468 60.545 0.05581405 1.20057e-04
1761312990.478 60.621 0.05592020 1.87591e-04
1761312990.488 60.696 0.05599563 1.90522e-04
1761312990.498 60.771 0.05608780 1.70611e-04
1761312990.508 60.846 0.05616602 1.24086e-04
1761312990.518 60.922 0.05623213 3.79693e-05
1761312990.528 60.997 0.05632245 8.92130e-06
1761312990.538 61.071 0.05639415 4.52118e-06
1761312990.548 61.146 0.05647702 2.22632e-06
1761312990.558 61.221 0.05655058 1.12634e-06
1761312990.568 61.296 0.05663252 5.86194e-07
1761312990.578 61.370 0.05672191 3.42328e-07
1761312990.588 61.445 0.05677871 2.86026e-07
1761312990.598 61.519 0.05686623 2.73930e-07
1761312990.608 61.593 0.05693886 5.61912e-07
1761312990.618 61.667 0.05699753 8.83012e-07
1761312990.628 61.741 0.05708598 1.32871e-06
1761312990.681 61.815 0.05746309 9.69322e-06
1761312990.702 61.889 0.05763256 6.14369e-06
1761312990.708 61.963 0.05769308 4.53285e-06
1761312990.718 62.037 0.05769308 4.07586e-06
1761312990.728 62.110 0.05775547 3.48802e-06
1761312990.738 62.184 0.05780482 2.73545e-06
1761312990.748 62.257 0.05787559 2.43791e-06
1761312990.758 62.331 0.05792493 2.25780e-06
1761312990.768 62.404 0.05796311 2.28597e-06
1761312990.778 62.477 0.05804691 2.02660e-06
1761312990.788 62.550 0.05808229 1.22921e-06
1761312990.798 62.624 0.05814096 7.40886e-07
1761312990.808 62.696 0.05818472 6.57069e-07
1761312990.825 62.769 0.05827411 3.06525e-07
1761312990.830 62.842 0.05831043 2.72737e-07
1761312990.838 62.915 0.05831043 3.25766e-07
1761312990.848 62.987 0.05834301 2.82613e-07
1761312990.858 63.060 0.05839609 3.70695e-07
1761312990.868 63.132 0.05843520 4.32588e-07
1761312990.878 63.205 0.05847523 6.02035e-07
1761312990.888 63.277 0.05850317 7.99751e-07
1761312990.898 63.349 0.05854973 7.53707e-07
1761312990.908 63.421 0.05858697 7.80686e-07
1761312990.918 63.493 0.05864191 7.02190e-07
1761312990.928 63.565 0.05871081 7.00454e-07
1761312990.938 63.637 0.05874247 6.54514e-07
1761312990.948 63.709 0.05879648 5.34003e-07
1761312990.958 63.781 0.05886165 4.62658e-07
1761312990.968 63.852 0.05892311 4.55939e-07
1761312990.978 63.924 0.05899853 7.47946e-07
1761312990.988 63.995 0.05903857 1.47252e-06
1761312990.998 64.067 0.05910934 3.58392e-06
1761312991.008 64.138 0.05919500 4.91023e-06
1761312991.018 64.209 0.05925366 5.24410e-06
1761312991.028 64.280 0.05934212 5.22791e-06
1761312991.038 64.352 0.05941010 4.55417e-06
1761312991.048 64.423 0.05948551 3.80389e-06
1761312991.058 64.493 0.05955070 1.54648e-06
1761312991.068 64.564 0.05961587 4.35327e-07
1761312991.078 64.635 0.05972854 3.65265e-07
1761312991.088 64.706 0.05979279 5.19792e-07
1761312991.098 64.776 0.05988777 8.22201e-07
1761312991.108 64.847 0.05997716 1.31822e-06
1761312991.118 64.917 0.06002744 1.71307e-06
1761312991.128 64.988 0.06011776 1.72059e-06
1761312991.138 65.058 0.06018201 1.49525e-06
1761312991.148 65.128 0.06027232 1.13169e-06
1761312991.158 65.198 0.06033564 7.38838e-07
1761312991.168 65.268 0.06038964 4.73929e-07
1761312991.178 65.338 0.06049393 6.35850e-07
1761312991.188 65.408 0.06055632 7.56548e-07
1761312991.198 65.478 0.06063361 7.15127e-07
1761312991.248 65.548 0.06102002 1.15461e-05
1761312991.258 65.618 0.06102002 1.81972e-05
1761312991.268 65.687 0.06107403 4.00078e-05
1761312991.278 65.757 0.06114852 6.19540e-05
1761312991.288 65.826 0.06120067 9.32475e-05
1761312991.298 65.896 0.06126957 9.85213e-05
1761312991.308 65.965 0.06131426 9.54911e-05
1761312991.318 66.034 0.06135244 8.61570e-05
1761312991.328 66.104 0.06142786 7.11984e-05
1761312991.338 66.173 0.06146883 4.05600e-05
1761312991.348 66.242 0.06152005 1.34080e-05
1761312991.358 66.311 0.06157405 8.01458e-06
1761312991.368 66.380 0.06161409 4.64818e-06
1761312991.378 66.448 0.06168020 2.82437e-06
1761312991.388 66.517 0.06171558 1.80668e-06
1761312991.398 66.586 0.06176214 1.16602e-06
1761312991.408 66.655 0.06178169 8.98867e-07
1761312991.418 66.723 0.06182638 6.24729e-07
1761312991.428 66.792 0.06190088 5.20893e-07
1761312991.438 66.860 0.06191857 4.92349e-07
1761312991.448 66.928 0.06196606 3.91442e-07
1761312991.458 66.997 0.06201354 3.95433e-07
1761312991.468 67.065 0.06203775 3.35361e-07
1761312991.478 67.133 0.06209735 3.35762e-07
1761312991.488 67.201 0.06213459 3.74384e-07
1761312991.498 67.269 0.06221001 3.52290e-07
1761312991.508 67.337 0.06227520 4.80399e-07
1761312991.518 67.405 0.06230778 6.80390e-07
1761312991.528 67.472 0.06239066 9.02094e-07
1761312991.538 67.540 0.06242231 9.94414e-07
1761312991.548 67.608 0.06249401 9.23678e-07
1761312991.558 67.675 0.06255733 9.90202e-07
1761312991.568 67.743 0.06261505 9.24165e-07
1761312991.578 67.810 0.06269886 7.67345e-07
1761312991.587 67.878 0.06276776 5.03523e-07
1761312991.597 67.945 0.06284971 3.18012e-07
1761312991.607 68.012 0.06292047 3.32653e-07
1761312991.617 68.079 0.06299217 3.22854e-07
1761312991.627 68.147 0.06307318 4.27881e-07
1761312991.637 68.214 0.06311415 5.48317e-07
1761312991.647 68.281 0.06319422 6.60751e-07
1761312991.657 68.348 0.06327057 1.12399e-06
1761312991.667 68.414 0.06334786 1.58694e-06
1761312991.677 68.481 0.06343632 1.60562e-06
1761312991.687 68.548 0.06348008 1.49618e-06
1761312991.697 68.615 0.06356202 1.38377e-06
1761312991.707 68.681 0.06362441 1.19183e-06
1761312991.717 68.748 0.06368493 7.67980e-07
1761312991.727 68.814 0.06378177 7.40168e-07
1761312991.737 68.880 0.06382460 1.20230e-06
1761312991.747 68.947 0.06391306 1.88341e-06
1761312991.799 69.013 0.06429389 4.44521e-06
1761312991.807 69.079 0.06429389 3.91350e-06
1761312991.817 69.145 0.06431531 2.72755e-06
1761312991.828 69.212 0.06439911 1.16366e-06
1761312991.837 69.278 0.06445498 8.11448e-07
1761312991.847 69.343 0.06452202 5.32290e-07
1761312991.857 69.409 0.06456578 4.78902e-07
1761312991.867 69.475 0.06461234 3.89995e-07
1761312991.877 69.541 0.06469149 3.44270e-07
1761312991.888 69.607 0.06469987 3.56266e-07
1761312991.898 69.672 0.06476039 3.20544e-07
1761312991.908 69.738 0.06482185 3.85297e-07
1761312991.918 69.803 0.06486095 3.82260e-07
1761312991.927 69.869 0.06492241 3.98575e-07
1761312991.937 69.934 0.06494755 4.26525e-07
1761312991.947 70.000 0.06499317 3.69407e-07
1761312991.957 70.065 0.06502669 4.71212e-07
1761312991.967 70.130 0.06505463 5.40288e-07
1761312991.977 70.195 0.06511981 6.01042e-07
1761312991.987 70.260 0.06515054 6.44986e-07
1761312991.997 70.325 0.06520827 5.35075e-07
1761312992.007 70.390 0.06524552 6.11130e-07
1761312992.017 70.455 0.06527159 5.23410e-07
1761312992.027 70.520 0.06533956 5.28301e-07
1761312992.037 70.585 0.06537494 5.20200e-07
1761312992.047 70.650 0.06543360 4.43783e-07
1761312992.057 70.714 0.06548388 4.50408e-07
1761312992.067 70.779 0.06550530 4.31227e-07
1761312992.077 70.843 0.06558165 6.12260e-07
1761312992.087 70.908 0.06562914 7.60392e-07
1761312992.097 70.972 0.06569525 7.31281e-07
1761312992.107 71.037 0.06575205 7.96522e-07
1761312992.117 71.101 0.06579395 7.62845e-07
1761312992.127 71.165 0.06588986 6.89350e-07
1761312992.137 71.230 0.06592897 6.13250e-07
1761312992.147 71.294 0.06601183 3.41035e-07
1761312992.157 71.358 0.06609191 1.65560e-07
1761312992.167 71.422 0.06614313 8.08824e-08
1761312992.177 71.486 0.06622506 9.59263e-08
1761312992.187 71.550 0.06627535 1.07319e-07
1761312992.197 71.614 0.06634984 9.65353e-08
1761312992.207 71.677 0.06641688 1.71189e-07
1761312992.217 71.741 0.06648113 1.57974e-07
1761312992.227 71.805 0.06656772 1.78252e-07
1761312992.237 71.868 0.06662080 1.54087e-07
1761312992.247 71.932 0.06669995 1.01770e-07
1761312992.257 71.996 0.06677443 1.68110e-07
1761312992.267 72.059 0.06683589 1.78708e-07
1761312992.277 72.122 0.06691504 2.01899e-07
1761312992.287 72.186 0.06695508 3.07312e-07
1761312992.297 72.249 0.06702398 3.19274e-07
1761312992.307 72.312 0.06708357 3.94286e-07
1761312992.354 72.375 0.06738154 2.82611e-07
1761312992.363 72.439 0.06741319 1.57346e-07
1761312992.370 72.502 0.06749513 1.94496e-07
1761312992.377 72.565 0.06749513 1.13635e-07
1761312992.387 72.628 0.06753238 1.59977e-07
1761312992.397 72.691 0.06760128 1.34645e-07
1761312992.407 72.753 0.06765529 2.56617e-07
1761312992.417 72.816 0.06769812 2.98570e-07
1761312992.427 72.879 0.06777726 4.58805e-07
1761312992.437 72.942 0.06781731 8.00591e-07
1761312992.447 73.004 0.06787410 1.39759e-06
1761312992.457 73.067 0.06791508 3.04335e-06
1761312992.467 73.129 0.06794953 4.28770e-06
1761312992.477 73.192 0.06802029 6.58353e-06
1761312992.487 73.254 0.06804730 9.67389e-06
1761312992.497 73.317 0.06809106 1.47512e-05
1761312992.507 73.379 0.06813203 2.48217e-05
1761312992.517 73.441 0.06816834 3.25042e-05
1761312992.527 73.504 0.06823352 4.44199e-05
1761312992.537 73.566 0.06825773 6.16343e-05
1761312992.547 73.628 0.06831732 8.03099e-05
1761312992.557 73.690 0.06834339 9.00186e-05
1761312992.567 73.752 0.06838995 9.25265e-05
1761312992.577 73.814 0.06847841 9.17129e-05
1761312992.587 73.876 0.06849145 8.79078e-05
1761312992.597 73.938 0.06854079 8.10976e-05
1761312992.607 73.999 0.06859853 7.22497e-05
1761312992.617 74.061 0.06862925 5.94102e-05
1761312992.627 74.123 0.06870002 4.09243e-05
1761312992.637 74.185 0.06875309 2.37028e-05
1761312992.656 74.246 0.06887228 1.01727e-05
1761312992.662 74.308 0.06893001 5.91303e-06
1761312992.667 74.369 0.06898960 4.73342e-06
1761312992.677 74.431 0.06898960 3.66183e-06
1761312992.687 74.492 0.06903616 1.94266e-06
1761312992.697 74.553 0.06910879 7.79935e-07
1761312992.707 74.615 0.06918607 4.16455e-07
1761312992.717 74.676 0.06924008 1.47674e-07
1761312992.727 74.737 0.06931922 1.36845e-07
1761312992.737 74.798 0.06936951 1.08028e-07
1761312992.751 74.859 0.06950731 6.03781e-08
1761312992.757 74.920 0.06950731 9.84645e-08
1761312992.767 74.981 0.06956598 8.63974e-08
1761312992.777 75.042 0.06965350 1.01303e-07
1761312992.787 75.103 0.06969634 8.48262e-08
1761312992.797 75.164 0.06976897 4.04688e-08
1761312992.807 75.225 0.06983042 1.12434e-07
1761312992.817 75.285 0.06988349 8.24704e-08
1761312992.827 75.346 0.06994960 1.16382e-07
1761312992.837 75.407 0.07000268 1.03001e-07
1761312992.847 75.467 0.07007065 5.63173e-08
1761312992.857 75.528 0.07013769 1.25947e-07
1761312992.908 75.588 0.07044962 8.83082e-08
1761312992.917 75.649 0.07044962 6.07114e-08
1761312992.927 75.709 0.07052970 9.19465e-08
1761312992.937 75.770 0.07055577 1.04985e-07
1761312992.947 75.830 0.07060419 4.74770e-08
1761312992.957 75.890 0.07069172 9.53935e-08
1761312992.967 75.950 0.07072058 7.15418e-08
1761312992.977 76.011 0.07077366 9.19342e-08
1761312992.987 76.071 0.07082021 7.31947e-08
1761312992.997 76.131 0.07088446 2.46769e-08
1761312993.007 76.191 0.07092636 9.64490e-08
1761312993.017 76.251 0.07096174 5.98214e-08
1761312993.027 76.311 0.07101575 7.78254e-08
1761312993.037 76.371 0.07103251 7.31392e-08
1761312993.047 76.430 0.07110234 3.23060e-08
1761312993.057 76.490 0.07113773 1.01837e-07
1761312993.067 76.550 0.07115821 9.26843e-08
1761312993.077 76.610 0.07120011 1.32765e-07
1761312993.087 76.669 0.07121967 1.29519e-07
1761312993.097 76.729 0.07127833 1.05368e-07
1761312993.107 76.788 0.07132396 1.92332e-07
1761312993.117 76.848 0.07135282 1.62003e-07
1761312993.127 76.907 0.07141148 1.99020e-07
1761312993.137 76.967 0.07143476 1.66967e-07
1761312993.147 77.026 0.07148877 1.18660e-07
1761312993.157 77.086 0.07153533 1.83648e-07
1761312993.167 77.145 0.07156698 1.50229e-07
1761312993.177 77.204 0.07162378 1.62354e-07
1761312993.187 77.263 0.07166475 1.12471e-07
1761312993.197 77.322 0.07173552 5.06509e-08
1761312993.207 77.381 0.07179139 1.12596e-07
1761312993.217 77.441 0.07182770 7.67530e-08
1761312993.227 77.500 0.07189195 1.07483e-07
1761312993.237 77.558 0.07193850 9.38653e-08
1761312993.247 77.617 0.07200927 7.06249e-08
1761312993.257 77.676 0.07208004 1.57904e-07
1761312993.267 77.735 0.07213125 1.37531e-07
1761312993.277 77.794 0.07220947 1.60102e-07
1761312993.287 77.853 0.07224764 1.45212e-07
1761312993.297 77.911 0.07233051 1.17128e-07
1761312993.308 77.970 0.07243666 1.59340e-07
1761312993.317 78.029 0.07243666 1.76083e-07
1761312993.327 78.087 0.07251581 1.90200e-07
1761312993.337 78.146 0.07255957 2.47243e-07
1761312993.347 78.204 0.07262009 1.92921e-07
1761312993.357 78.263 0.07268248 2.51698e-07
1761312993.367 78.321 0.07275511 2.18413e-07
1761312993.377 78.379 0.07283798 1.61773e-07
1761312993.386 78.438 0.07287988 1.63074e-07
1761312993.396 78.496 0.07295810 8.54708e-08
1761312993.406 78.554 0.07301397 1.25385e-07
1761312993.438 78.612 0.07322254 7.43034e-08
1761312993.461 78.670 0.07332031 1.13086e-07
1761312993.472 78.728 0.07338269 2.57151e-07
1761312993.477 78.786 0.07341156 2.50523e-07
1761312993.486 78.844 0.07341156 3.87081e-07
1761312993.496 78.902 0.07348326 4.19163e-07
1761312993.506 78.960 0.07352144 7.42631e-07
1761312993.516 79.018 0.07356892 1.07475e-06
1761312993.526 79.076 0.07363224 1.60051e-06
1761312993.536 79.134 0.07367880 2.53026e-06
1761312993.546 79.192 0.07374118 2.91104e-06
1761312993.556 79.249 0.07378588 4.11397e-06
1761312993.566 79.307 0.07382312 5.08963e-06
1761312993.576 79.365 0.07387247 5.66932e-06
1761312993.586 79.422 0.07388830 5.77326e-06
1761312993.596 79.480 0.07394230 5.61963e-06
1761312993.606 79.537 0.07397397 5.44353e-06
1761312993.616 79.595 0.07401121 5.05382e-06
1761312993.626 79.652 0.07407266 4.63530e-06
1761312993.636 79.709 0.07409967 4.11431e-06
1761312993.646 79.767 0.07414529 3.35786e-06
1761312993.656 79.824 0.07417881 2.64318e-06
1761312993.666 79.881 0.07421606 1.61704e-06
1761312993.676 79.938 0.07426075 1.19946e-06
1761312993.686 79.996 0.07428682 8.21082e-07
1761312993.696 80.053 0.07435201 5.76015e-07
1761312993.706 80.110 0.07439018 5.43739e-07
1761312993.716 80.167 0.07443488 4.06925e-07
1761312993.726 80.224 0.07449633 3.59447e-07
1761312993.736 80.281 0.07453079 2.66141e-07
1761312993.746 80.338 0.07458944 1.41946e-07
1761312993.756 80.395 0.07465183 1.74300e-07
1761312993.766 80.451 0.07469466 1.09961e-07
1761312993.776 80.508 0.07477102 1.23439e-07
1761312993.786 80.565 0.07480919 7.90598e-08
1761312993.796 80.622 0.07487158 4.96413e-08
1761312993.806 80.678 0.07492186 1.24726e-07
1761312993.816 80.735 0.07498518 7.88011e-08
1761312993.826 80.792 0.07506898 1.14226e-07
1761312993.836 80.848 0.07511460 7.12673e-08
1761312993.846 80.905 0.07518072 3.64464e-08
1761312993.856 80.961 0.07523565 9.57402e-08
1761312993.866 81.018 0.07527941 4.47641e-08
1761312993.876 81.074 0.07536415 6.79246e-08
1761312993.924 81.130 0.07564628 3.31095e-08
1761312993.999 81.187 0.07606063 2.80458e-08
1761312994.006 81.243 0.07606063 5.32873e-08
1761312994.016 81.299 0.07608392 1.73878e-08
1761312994.026 81.355 0.07616306 6.62748e-08
1761312994.036 81.412 0.07619565 4.26817e-08
1761312994.046 81.468 0.07623569 2.81365e-08
1761312994.056 81.524 0.07626269 1.29461e-07
1761312994.066 81.580 0.07627386 1.12327e-07
1761312994.076 81.636 0.07633253 1.41237e-07
1761312994.086 81.692 0.07634836 1.44050e-07
1761312994.096 81.748 0.07637908 1.17775e-07
1761312994.106 81.804 0.07638281 1.93582e-07
1761312994.116 81.860 0.07637722 1.48355e-07
1761312994.126 81.915 0.07639864 1.83084e-07
1761312994.136 81.971 0.07640516 1.47417e-07
1761312994.146 82.027 0.07644426 1.18242e-07
1761312994.156 82.083 0.07644426 1.85565e-07
1761312994.166 82.138 0.07643495 1.43041e-07
1761312994.176 82.194 0.07645730 1.69623e-07
1761312994.186 82.250 0.07646847 1.33789e-07
1761312994.196 82.305 0.07650107 9.30940e-08
1761312994.206 82.361 0.07653738 1.59063e-07
1761312994.216 82.416 0.07654390 1.08916e-07
1761312994.226 82.472 0.07660069 1.36763e-07
1761312994.236 82.527 0.07662584 9.10666e-08
1761312994.246 82.582 0.07667612 4.17389e-08
1761312994.256 82.638 0.07671615 1.08120e-07
1761312994.266 82.693 0.07676364 6.19252e-08
1761312994.276 82.748 0.07681672 7.90224e-08
1761312994.286 82.803 0.07686979 5.33011e-08
1761312994.296 82.859 0.07693776 2.37855e-08
1761312994.306 82.914 0.07700015 8.89036e-08
1761312994.353 82.969 0.07729067 7.03309e-08
1761312994.359 83.024 0.07735026 7.05820e-09
1761312994.366 83.079 0.07735026 5.26994e-08
1761312994.376 83.134 0.07742940 8.00662e-08
1761312994.386 83.189 0.07747130 4.55938e-08
1761312994.396 83.244 0.07755418 1.61857e-08
1761312994.406 83.299 0.07761191 8.20951e-08
1761312994.454 83.354 0.07789125 6.19861e-08
1761312994.461 83.409 0.07793221 2.33478e-08
1761312994.467 83.463 0.07800112 1.01411e-07
1761312994.476 83.518 0.07800112 1.04440e-07
1761312994.486 83.573 0.07801788 1.49668e-07
1761312994.496 83.627 0.07808120 2.75750e-07
1761312994.506 83.682 0.07811751 3.81142e-07
1761312994.554 83.737 0.07828046 1.15846e-06
1761312994.563 83.791 0.07829257 2.92095e-06
1761312994.569 83.846 0.07835123 3.49121e-06
1761312994.576 83.900 0.07835123 4.09427e-06
1761312994.586 83.955 0.07835774 4.76332e-06
1761312994.596 84.009 0.07837543 6.07020e-06
1761312994.606 84.064 0.07842013 7.61576e-06
1761312994.616 84.118 0.07844620 9.95362e-06
1761312994.626 84.172 0.07847880 1.28034e-05
1761312994.636 84.227 0.07847320 1.64444e-05
1761312994.646 84.281 0.07854677 2.29464e-05
1761312994.656 84.335 0.07855794 2.61101e-05
1761312994.666 84.389 0.07857935 3.26717e-05
1761312994.676 84.443 0.07862033 3.98719e-05
1761312994.686 84.498 0.07863057 4.81299e-05
1761312994.696 84.552 0.07869761 5.82958e-05
1761312994.706 84.606 0.07872834 6.93227e-05
1761312994.716 84.660 0.07875162 7.89631e-05
1761312994.726 84.714 0.07880189 8.43082e-05
1761312994.736 84.768 0.07882052 8.82198e-05
1761312994.746 84.821 0.07888756 8.95050e-05
1761312994.756 84.875 0.07891642 8.91261e-05
1761312994.766 84.929 0.07895367 8.70904e-05
1761312994.776 84.983 0.07900023 8.29449e-05
1761312994.786 85.037 0.07903188 7.76311e-05
1761312994.796 85.091 0.07910545 6.96576e-05
1761312994.806 85.144 0.07919111 6.03727e-05
1761312994.816 85.198 0.07919111 4.61160e-05
1761312994.826 85.252 0.07926747 3.39665e-05
1761312994.836 85.305 0.07930750 2.19424e-05
1761312994.846 85.359 0.07937175 1.27591e-05
1761312994.856 85.412 0.07941179 9.28521e-06
1761312994.866 85.466 0.07947325 6.79637e-06
1761312994.876 85.519 0.07953470 4.99249e-06
1761312994.886 85.573 0.07956170 3.65004e-06
1761312994.896 85.626 0.07965668 2.50639e-06
1761312994.906 85.679 0.07970603 1.62034e-06
1761312994.916 85.733 0.07975445 1.05623e-06
1761312994.926 85.786 0.07982894 6.05447e-07
1761312994.936 85.839 0.07985873 2.79529e-07
1761312994.946 85.893 0.07993509 9.35060e-08
1761312994.956 85.946 0.07998351 8.23377e-08
1761312994.966 85.999 0.08002820 5.00510e-08
1761312994.976 86.052 0.08008314 7.46092e-08
1761312994.986 86.105 0.08013249 3.95843e-08
1761312994.996 86.158 0.08021629 1.54222e-08
1761312995.006 86.211 0.08023770 7.67986e-08
1761312995.053 86.264 0.08049284 5.24077e-08
1761312995.143 86.317 0.08092116 8.66180e-09
1761312995.150 86.370 0.08095933 6.28072e-08
1761312995.156 86.423 0.08098168 4.71988e-08
1761312995.165 86.476 0.08098168 4.50835e-08
1761312995.175 86.529 0.08102079 6.67788e-08
1761312995.187 86.582 0.08110552 6.66884e-08
1761312995.195 86.634 0.08110552 1.21872e-08
1761312995.205 86.687 0.08112973 9.75120e-08
1761312995.215 86.740 0.08113532 5.34168e-08
1761312995.225 86.793 0.08116884 8.69326e-08
1761312995.235 86.845 0.08116232 6.11265e-08
1761312995.245 86.898 0.08120608 4.18807e-08
1761312995.255 86.950 0.08120702 1.05531e-07
1761312995.265 87.003 0.08120702 6.14631e-08
1761312995.275 87.056 0.08123960 8.23918e-08
1761312995.285 87.108 0.08123775 5.68361e-08
1761312995.295 87.160 0.08126940 3.33369e-08
1761312995.305 87.213 0.08127033 9.70152e-08
1761312995.315 87.265 0.08125451 4.87484e-08
1761312995.325 87.318 0.08130199 8.25563e-08
1761312995.335 87.370 0.08131968 4.78374e-08
1761312995.345 87.422 0.08134017 3.17557e-08
1761312995.355 87.475 0.08135414 9.36976e-08
1761312995.365 87.527 0.08139697 5.32319e-08
1761312995.375 87.579 0.08144166 7.92044e-08
1761312995.385 87.631 0.08147612 5.20730e-08
1761312995.395 87.683 0.08151895 3.60880e-08
1761312995.405 87.736 0.08156085 9.56433e-08
1761312995.453 87.788 0.08182808 7.12399e-08
1761312995.460 87.840 0.08187743 1.42384e-08
1761312995.466 87.892 0.08195006 6.70873e-08
1761312995.475 87.944 0.08195006 4.95109e-08
1761312995.523 87.996 0.08224058 3.69156e-08
1761312995.530 88.048 0.08229365 2.29283e-08
1761312995.536 88.099 0.08235697 5.00308e-08
1761312995.545 88.151 0.08235697 -1.29538e-08
1761312995.555 88.203 0.08239701 7.02491e-08
1761312995.603 88.255 0.08259999 5.21663e-08
1761312995.609 88.307 0.08264655 -9.50050e-09
1761312995.615 88.359 0.08264655 3.77875e-08
1761312995.625 88.410 0.08269683 5.69904e-08
1761312995.635 88.462 0.08270801 3.29785e-08
1761312995.645 88.514 0.08273873 2.43166e-08
1761312995.740 88.565 0.08296313 1.05943e-07
1761312995.750 88.617 0.08297431 1.36049e-07
1761312995.757 88.668 0.08299479 1.16834e-07
1761312995.765 88.720 0.08299479 1.18602e-07
1761312995.775 88.771 0.08304135 1.56432e-07
1761312995.785 88.823 0.08304880 1.55179e-07
1761312995.795 88.874 0.08307115 1.74863e-07
1761312995.805 88.926 0.08310933 2.54354e-07
1761312995.815 88.977 0.08313353 2.54960e-07
1761312995.825 89.029 0.08317171 3.47693e-07
1761312995.835 89.080 0.08317637 3.80485e-07
1761312995.845 89.131 0.08320802 4.23841e-07
1761312995.855 89.182 0.08321920 5.79227e-07
1761312995.865 89.234 0.08324434 6.61222e-07
1761312995.875 89.285 0.08328717 7.93074e-07
1761312995.885 89.336 0.08330114 9.02763e-07
1761312995.895 89.387 0.08333466 1.00192e-06
1761312995.905 89.438 0.08334397 1.22724e-06
1761312995.915 89.489 0.08336446 1.34740e-06
1761312995.925 89.541 0.08343056 1.55587e-06
1761312995.935 89.592 0.08343894 1.69267e-06
1761312995.945 89.643 0.08348364 1.78805e-06
1761312995.955 89.694 0.08350971 1.94818e-06
1761312995.965 89.744 0.08353857 1.98680e-06
1761312995.975 89.795 0.08358607 2.05591e-06
1761312995.985 89.846 0.08360841 2.01517e-06
1761312995.995 89.897 0.08367079 1.94374e-06
1761312996.005 89.948 0.08370246 1.94597e-06
1761312996.015 89.999 0.08374249 1.82175e-06
1761312996.025 90.050 0.08381140 1.73826e-06
1761312996.035 90.100 0.08384399 1.54918e-06
1761312996.045 90.151 0.08389893 1.31829e-06
1761312996.055 90.202 0.08395107 1.12120e-06
1761312996.065 90.252 0.08400787 8.27384e-07
1761312996.075 90.303 0.08406374 6.11462e-07
1761312996.085 90.354 0.08409353 3.76704e-07
1761312996.095 90.404 0.08417361 2.27811e-07
1761312996.105 90.455 0.08420992 2.36473e-07
1761312996.115 90.505 0.08426486 1.40157e-07
1761312996.125 90.556 0.08433377 1.48719e-07
1761312996.135 90.606 0.08435984 1.10004e-07
1761312996.145 90.657 0.08443526 7.88955e-08
1761312996.155 90.707 0.08448647 1.17978e-07
1761312996.165 90.757 0.08454047 5.45420e-08
1761312996.175 90.808 0.08459448 7.36110e-08
1761312996.185 90.858 0.08462335 4.53574e-08
1761312996.195 90.908 0.08471087 3.39037e-08
1761312996.205 90.959 0.08474719 8.39228e-08
1761312996.291 91.009 0.08516247 3.44463e-08
1761312996.298 91.059 0.08521090 3.60899e-08
1761312996.305 91.109 0.08521090 5.45201e-08
1761312996.354 91.160 0.08541481 5.89648e-08
1761312996.405 91.210 0.08555542 6.88792e-08
1761312996.455 91.260 0.08565598 6.76635e-08
1761312996.505 91.310 0.08571557 6.63563e-08
1761312996.555 91.360 0.08574443 6.58841e-08
1761312996.606 91.410 0.08578354 5.70991e-08
1761312996.615 91.460 0.08578354 3.21234e-08
1761312996.625 91.510 0.08580496 5.56354e-08
1761312996.635 91.560 0.08581241 3.41032e-08
1761312996.645 91.610 0.08582265 -1.91990e-09
1761312996.655 91.660 0.08581799 7.50858e-08
1761312996.665 91.709 0.08583289 3.73338e-08
1761312996.675 91.759 0.08587200 7.19110e-08
1761312996.685 91.809 0.08586269 3.51134e-08
1761312996.695 91.859 0.08588411 1.53040e-09
1761312996.705 91.909 0.08588317 7.46569e-08
1761312996.753 91.958 0.08594649 5.37991e-08
1761312996.827 92.008 0.08618858 4.92580e-09
1761312996.835 92.058 0.08618858 8.18796e-08
1761312996.845 92.107 0.08624259 2.00169e-08
1761312996.855 92.157 0.08626494 7.50584e-08
1761312996.921 92.207 0.08650889 4.90302e-08
1761312996.971 92.256 0.08659828 4.77878e-08
1761312997.021 92.306 0.08666719 5.26628e-08
1761312997.071 92.355 0.08672212 6.39461e-08
1761312997.121 92.405 0.08674726 6.84033e-08
1761312997.171 92.454 0.08679475 7.18475e-08
1761312997.221 92.504 0.08686180 7.43224e-08
1761312997.271 92.553 0.08691115 7.90305e-08
1761312997.321 92.602 0.08696142 7.85012e-08
1761312997.328 92.652 0.08696142 4.51175e-08
1761312997.379 92.701 0.08699402 1.36045e-08
1761312997.386 92.750 0.08702567 6.67724e-08
1761312997.395 92.800 0.08702567 4.54900e-09
1761312997.404 92.849 0.08701823 9.03815e-08
1761312997.453 92.898 0.08707595 6.78237e-08
1761312997.459 92.947 0.08709737 1.09174e-08
1761312997.466 92.996 0.08711320 7.62081e-08
1761312997.474 93.046 0.08711320 7.02043e-08
1761312997.484 93.095 0.08710296 3.32820e-08
1761312997.494 93.144 0.08715417 5.11136e-08
1761312997.504 93.193 0.08715231 8.73997e-08
1761312997.552 93.242 0.08723797 7.59703e-08
1761312997.559 93.291 0.08726404 -1.83520e-09
1761312997.565 93.340 0.08730129 4.53248e-08
1761312997.574 93.389 0.08730129 6.84063e-08
1761312997.584 93.438 0.08732364 2.84467e-08
1761312997.594 93.487 0.08736647 4.28431e-08
1761312997.604 93.536 0.08738230 7.89321e-08
1761312997.652 93.584 0.08753687 7.03821e-08
1761312997.658 93.633 0.08756946 3.00640e-09
1761312997.664 93.682 0.08761229 4.24918e-08
1761312997.674 93.731 0.08761229 4.89377e-08
1761312997.684 93.780 0.08761508 3.15276e-08
1761312997.694 93.828 0.08767654 4.64204e-08
1761312997.704 93.877 0.08768957 8.33594e-08
1761312997.772 93.926 0.08794843 6.38120e-08
1761312997.781 93.974 0.08796519 6.18569e-08
1761312997.787 94.023 0.08801175 8.86871e-08
1761312997.837 94.072 0.08815979 1.03700e-07
1761312997.929 94.120 0.08837023 4.61225e-08
1761312997.935 94.169 0.08840376 8.52341e-08
1761312997.944 94.217 0.08840376 8.99940e-09
1761312997.954 94.266 0.08840934 8.48008e-08
1761312998.005 94.314 0.08846893 7.39025e-08
1761312998.053 94.363 0.08850897 5.70652e-08
1761312998.059 94.411 0.08851829 -4.24340e-09
1761312998.065 94.460 0.08853784 4.72912e-08
1761312998.074 94.508 0.08853784 6.99663e-08
1761312998.084 94.556 0.08853691 3.86843e-08
1761312998.094 94.605 0.08857694 4.23082e-08
1761312998.104 94.653 0.08856577 7.79908e-08
1761312998.151 94.701 0.08863281 7.45210e-08
1761312998.158 94.749 0.08864771 -7.96900e-10
1761312998.165 94.798 0.08868775 3.97142e-08
1761312998.174 94.846 0.08868775 6.35051e-08
1761312998.184 94.894 0.08869520 2.22696e-08
1761312998.194 94.942 0.08873523 4.35676e-08
1761312998.204 94.990 0.08875200 7.37403e-08
1761312998.252 95.038 0.08889167 7.80210e-08
1761312998.258 95.087 0.08891867 1.00449e-08
1761312998.264 95.135 0.08891867 4.95514e-08
1761312998.274 95.183 0.08894753 7.19277e-08
1761312998.284 95.231 0.08896430 3.24730e-08
1761312998.294 95.279 0.08902389 6.42560e-08
1761312998.304 95.327 0.08903599 9.81329e-08
1761312998.314 95.375 0.08906579 4.28749e-08
1761312998.324 95.422 0.08910955 9.91772e-08
1761312998.334 95.470 0.08914214 6.83625e-08
1761312998.344 95.518 0.08919615 9.95924e-08
1761312998.354 95.566 0.08921477 1.41361e-07
1761312998.364 95.614 0.08925760 9.15936e-08
1761312998.374 95.662 0.08930696 1.55620e-07
1761312998.384 95.709 0.08931999 1.27623e-07
1761312998.394 95.757 0.08936934 1.72249e-07
1761312998.404 95.805 0.08938517 2.02957e-07
1761312998.414 95.853 0.08942335 1.96373e-07
1761312998.424 95.900 0.08946990 2.36764e-07
1761312998.434 95.948 0.08949132 2.57077e-07
1761312998.480 95.996 0.08968965 3.91597e-07
1761312998.487 96.043 0.08974366 5.88306e-07
1761312998.494 96.091 0.08974366 6.53112e-07
1761312998.504 96.138 0.08976600 8.16798e-07
1761312998.514 96.186 0.08980418 9.58245e-07
1761312998.524 96.233 0.08985539 1.30586e-06
1761312998.534 96.281 0.08989915 1.62432e-06
1761312998.544 96.328 0.08995689 2.05392e-06
1761312998.554 96.376 0.08997551 2.88612e-06
1761312998.564 96.423 0.09001927 3.25083e-06
1761312998.574 96.471 0.09006490 3.95313e-06
1761312998.584 96.518 0.09009656 4.77723e-06
1761312998.594 96.565 0.09014870 5.66918e-06
1761312998.604 96.613 0.09017384 6.70610e-06
1761312998.614 96.660 0.09022319 7.54090e-06
1761312998.624 96.707 0.09027627 8.15879e-06
1761312998.634 96.755 0.09029768 8.40757e-06
1761312998.644 96.802 0.09035355 8.47177e-06
1761312998.654 96.849 0.09036286 8.29758e-06
1761312998.664 96.896 0.09039731 8.02385e-06
1761312998.674 96.943 0.09044387 7.72543e-06
1761312998.684 96.990 0.09046901 7.32358e-06
1761312998.694 97.038 0.09051836 6.98068e-06
1761312998.704 97.085 0.09054722 6.45636e-06
1761312998.714 97.132 0.09058447 5.67038e-06
1761312998.724 97.179 0.09063475 4.96435e-06
1761312998.734 97.226 0.09066641 4.06839e-06
1761312998.743 97.273 0.09070179 3.12435e-06
1761312998.753 97.320 0.09073718 2.25310e-06
1761312998.763 97.367 0.09078373 1.40316e-06
1761312998.773 97.414 0.09083029 1.00280e-06
1761312998.783 97.461 0.09086474 6.29149e-07
1761312998.793 97.508 0.09091875 4.98952e-07
1761312998.803 97.554 0.09095879 4.39411e-07
1761312998.813 97.601 0.09099231 2.90541e-07
1761312998.823 97.648 0.09103886 2.67860e-07
1761312998.835 97.695 0.09116736 1.96591e-07
1761312998.843 97.742 0.09118971 1.43638e-07
1761312998.853 97.788 0.09118971 1.70529e-07
1761312998.863 97.835 0.09124557 7.79723e-08
1761312998.873 97.882 0.09129772 1.09491e-07
1761312998.883 97.929 0.09133496 5.25055e-08
1761312998.893 97.975 0.09140480 6.52824e-08
1761312998.903 98.022 0.09142342 8.28304e-08
1761312998.951 98.068 0.09165248 6.82233e-08
1761312998.958 98.115 0.09170370 -1.03256e-08
1761312998.964 98.162 0.09175211 2.73984e-08
1761312998.973 98.208 0.09175211 3.73907e-08
1761312999.048 98.255 0.09210315 4.63236e-09
1761312999.063 98.301 0.09213574 4.25950e-09
1761312999.069 98.348 0.09215623 2.92701e-08
1761312999.075 98.394 0.09217857 -3.38454e-08
1761312999.116 98.441 0.09230707 2.20472e-09
1761312999.124 98.487 0.09230707 1.06769e-08
1761312999.133 98.533 0.09230614 -7.34908e-09
1761312999.143 98.580 0.09235735 8.18447e-09
1761312999.153 98.626 0.09235362 -5.07800e-09
1761312999.163 98.673 0.09236480 -9.86302e-09
1761312999.173 98.719 0.09239180 5.67008e-09
1761312999.183 98.765 0.09238901 -1.46482e-08
1761312999.193 98.811 0.09243650 1.10720e-09
1761312999.203 98.858 0.09242625 -1.37190e-08
1761312999.213 98.904 0.09245046 -1.79784e-08
1761312999.223 98.950 0.09246350 -6.61394e-09
1761312999.237 98.996 0.09251099 3.71400e-09
1761312999.243 99.042 0.09251099 -5.34456e-08
1761312999.253 99.089 0.09251751 2.41170e-09
1761312999.263 99.135 0.09252961 -6.30170e-08
1761312999.311 99.181 0.09265717 -4.33064e-08
1761312999.361 99.227 0.09283875 -4.98843e-08
1761312999.367 99.273 0.09287878 -2.18200e-10
1761312999.373 99.319 0.09287878 -4.39542e-08
1761312999.383 99.365 0.09290672 -6.28493e-08
1761312999.431 99.411 0.09314229 -5.21242e-08
1761312999.437 99.457 0.09318792 -2.30466e-08
1761312999.444 99.503 0.09320468 -5.83167e-08
1761312999.453 99.549 0.09320468 -2.04510e-09
1761312999.463 99.595 0.09323448 -7.83906e-08
1761312999.511 99.641 0.09338160 -2.65013e-08
1761312999.583 99.687 0.09348868 -5.43556e-09
1761312999.589 99.732 0.09350730 1.28369e-08
1761312999.596 99.778 0.09352779 -1.69919e-09
1761312999.603 99.824 0.09352779 1.47327e-08
1761312999.613 99.870 0.09355572 4.47710e-09
1761312999.626 99.916 0.09358738 6.52870e-09
1761312999.633 99.961 0.09358738 3.80621e-08
1761312999.643 100.007 0.09362556 2.55654e-08
1761312999.691 100.053 0.09370098 7.05170e-09
1761312999.741 100.098 0.09379967 7.54980e-09
1761312999.749 100.144 0.09380340 3.96989e-08
1761312999.755 100.190 0.09381551 5.48223e-08
1761312999.803 100.235 0.09395331 5.05869e-08
1761312999.854 100.281 0.09407715 5.11022e-08
1761312999.904 100.326 0.09418982 5.38480e-08
1761312999.971 100.372 0.09427828 6.12709e-08
1761313000.039 100.418 0.09433880 4.90037e-08
1761313000.046 100.463 0.09432670 2.78062e-08
1761313000.053 100.509 0.09432670 5.86041e-08
1761313000.123 100.554 0.09437512 4.49031e-08
1761313000.129 100.599 0.09437605 2.12329e-08
1761313000.135 100.645 0.09439467 5.29710e-08
1761313000.143 100.690 0.09439467 -3.66920e-09
1761313000.153 100.736 0.09438536 5.15519e-08
1761313000.163 100.781 0.09439560 3.89930e-09
1761313000.173 100.826 0.09440491 6.39224e-08
1761313000.183 100.872 0.09439281 2.76647e-08
1761313000.193 100.917 0.09443564 4.45283e-08
1761313000.203 100.962 0.09443936 7.46706e-08
1761313000.213 101.008 0.09446357 1.09410e-09
1761313000.223 101.053 0.09448499 5.87505e-08
1761313000.233 101.098 0.09448313 2.94777e-08
1761313000.243 101.143 0.09451386 4.40606e-08
1761313000.253 101.188 0.09452875 4.94037e-08
1761313000.263 101.234 0.09454831 -1.02760e-09
1761313000.273 101.279 0.09456134 6.19132e-08
1761313000.283 101.324 0.09457904 2.76734e-08
1761313000.293 101.369 0.09462746 4.26526e-08
1761313000.303 101.414 0.09463863 5.70312e-08
1761313000.313 101.459 0.09466935 -4.60560e-09
1761313000.323 101.504 0.09471033 5.52906e-08
1761313000.333 101.549 0.09474850 2.89603e-08
1761313000.343 101.594 0.09479972 4.47940e-08
1761313000.353 101.639 0.09480344 5.29860e-08
1761313000.363 101.684 0.09486117 4.19850e-09
1761313000.373 101.729 0.09490866 7.05165e-08
1761313000.383 101.774 0.09492914 4.72820e-08
1761313000.393 101.819 0.09500084 7.08247e-08
1761313000.403 101.864 0.09504088 9.60229e-08
1761313000.413 101.909 0.09509675 7.30296e-08
1761313000.423 101.954 0.09513399 1.71701e-07
1761313000.433 101.998 0.09516286 2.02181e-07
1761313000.443 102.043 0.09521686 2.46881e-07
1761313000.453 102.088 0.09525039 3.97600e-07
1761313000.463 102.133 0.09529322 4.45312e-07
1761313000.473 102.177 0.09535467 6.09437e-07
1761313000.482 102.222 0.09540030 7.29719e-07
1761313000.492 102.267 0.09546082 9.35448e-07
1761313000.503 102.312 0.09550272 1.17736e-06
1761313000.512 102.356 0.09555952 1.38728e-06
1761313000.522 102.401 0.09559956 1.78101e-06
1761313000.532 102.446 0.09563029 2.30989e-06
1761313000.542 102.490 0.09568336 2.58733e-06
1761313000.552 102.535 0.09571875 3.20698e-06
1761313000.562 102.579 0.09577182 3.94034e-06
1761313000.572 102.624 0.09581838 4.94578e-06
1761313000.582 102.668 0.09584910 6.31642e-06
1761313000.592 102.713 0.09590963 8.30963e-06
1761313000.602 102.757 0.09592453 1.07737e-05
1761313000.612 102.802 0.09597015 1.47161e-05
1761313000.622 102.846 0.09602602 1.99148e-05
1761313000.660 102.891 0.09617593 4.70016e-05
1761313000.667 102.935 0.09621597 5.29524e-05
1761313000.673 102.980 0.09625322 5.83685e-05
1761313000.682 103.024 0.09625322 6.28126e-05
1761313000.692 103.068 0.09629605 7.08366e-05
1761313000.702 103.113 0.09631746 8.09342e-05
1761313000.712 103.157 0.09637333 8.98882e-05
1761313000.722 103.201 0.09640965 1.00568e-04
1761313000.732 103.246 0.09643106 1.09872e-04
1761313000.742 103.290 0.09648972 1.16220e-04
1761313000.752 103.334 0.09651952 1.17777e-04
1761313000.762 103.378 0.09657818 1.16664e-04
1761313000.772 103.423 0.09660612 1.13095e-04
1761313000.782 103.467 0.09662846 1.08613e-04
1761313000.792 103.511 0.09668433 1.02677e-04
1761313000.802 103.555 0.09669364 9.61115e-05
1761313000.812 103.599 0.09674578 8.98367e-05
1761313000.822 103.643 0.09678396 8.26381e-05
1761313000.832 103.687 0.09680538 7.54362e-05
1761313000.842 103.732 0.09685193 6.69897e-05
1761313000.852 103.776 0.09687987 5.82308e-05
1761313000.862 103.820 0.09692736 4.89847e-05
1761313000.872 103.864 0.09695622 3.67620e-05
1761313000.882 103.908 0.09696926 2.59287e-05
1761313000.892 103.952 0.09703444 1.80636e-05
1761313000.902 103.996 0.09705865 1.03202e-05
1761313000.912 104.040 0.09710799 6.36601e-06
1761313000.922 104.083 0.09713035 3.81407e-06
1761313000.932 104.127 0.09716666 2.20710e-06
1761313000.942 104.171 0.09721135 1.21594e-06
1761313000.952 104.215 0.09724115 8.32142e-07
1761313000.962 104.259 0.09728119 4.43505e-07
1761313000.972 104.303 0.09734358 2.98021e-07
1761313000.982 104.347 0.09736406 1.86428e-07
1761313000.992 104.390 0.09744228 7.39918e-08
1761313001.002 104.434 0.09748511 1.13088e-07
1761313001.012 104.478 0.09752421 2.74303e-08
1761313001.022 104.522 0.09755121 7.85421e-08
1761313001.032 104.565 0.09758753 4.85553e-08
1761313001.042 104.609 0.09764805 5.95050e-08
1761313001.052 104.653 0.09767320 4.99756e-08
1761313001.062 104.697 0.09772348 8.14600e-10
1761313001.072 104.740 0.09777562 7.36770e-08
1761313001.082 104.784 0.09779238 4.14882e-08
1761313001.092 104.827 0.09785663 5.81160e-08
1761313001.102 104.871 0.09789388 4.98968e-08
1761313001.112 104.915 0.09795905 -3.47420e-09
1761313001.122 104.958 0.09801027 6.16782e-08
1761313001.196 105.002 0.09831941 2.31548e-08
1761313001.203 105.045 0.09836782 5.31081e-08
1761313001.251 105.089 0.09850749 7.47049e-08
1761313001.258 105.132 0.09855126 2.80100e-09
1761313001.264 105.176 0.09858385 4.15056e-08
1761313001.272 105.219 0.09858385 4.90552e-08
1761313001.320 105.263 0.09872445 4.46276e-08
1761313001.370 105.306 0.09878963 4.81941e-08
1761313001.420 105.349 0.09885480 5.01385e-08
1761313001.470 105.393 0.09891998 5.51394e-08
1761313001.520 105.436 0.09898237 5.84562e-08
1761313001.588 105.479 0.09904848 7.54701e-08
1761313001.595 105.523 0.09904103 3.95543e-08
1761313001.602 105.566 0.09904103 7.84859e-08
1761313001.612 105.609 0.09906245 1.73580e-09
1761313001.622 105.653 0.09907921 7.94265e-08
1761313001.632 105.696 0.09906896 4.24273e-08
1761313001.642 105.739 0.09909225 6.52208e-08
1761313001.652 105.782 0.09908666 4.44463e-08
1761313001.662 105.826 0.09911180 2.73340e-09
1761313001.672 105.869 0.09912670 8.50911e-08
1761313001.682 105.912 0.09912390 3.95783e-08
1761313001.692 105.955 0.09913787 6.05367e-08
1761313001.702 105.998 0.09913321 4.26997e-08
1761313001.750 106.041 0.09920118 3.35109e-08
1761313001.756 106.084 0.09924309 4.27639e-08
1761313001.762 106.128 0.09926357 3.23259e-08
1761313001.772 106.171 0.09926357 6.23541e-08
1761313001.822 106.214 0.09940790 2.92492e-08
1761313001.863 106.257 0.09959133 3.14265e-09
1761313001.872 106.300 0.09959133 1.78782e-08
1761313001.882 106.343 0.09962764 -6.81831e-09
1761313001.892 106.386 0.09966396 2.71247e-09
1761313001.902 106.429 0.09968817 -1.67166e-08
1761313001.917 106.472 0.09975801 1.40637e-08
1761313001.924 106.514 0.09978594 -4.35206e-08
1761313001.932 106.557 0.09978594 -2.82699e-08
1761313001.942 106.600 0.09981760 -2.16945e-08
1761313001.952 106.643 0.09982132 -1.56383e-08
1761313001.962 106.686 0.09985391 -6.97038e-08
1761313001.972 106.729 0.09989116 9.03010e-09
1761313001.982 106.772 0.09988650 -3.57246e-08
1761313001.992 106.814 0.09993399 -1.16022e-08
1761313002.002 106.857 0.09993492 -3.44238e-08
1761313002.012 106.900 0.09994237 -7.04206e-08
1761313002.060 106.943 0.10004573 -5.02692e-08
1761313002.103 106.986 0.10017701 -9.87531e-09
1761313002.118 107.028 0.10020216 1.81536e-08
1761313002.124 107.071 0.10023661 -5.31762e-08
1761313002.132 107.114 0.10023661 -1.78195e-08
1761313002.142 107.156 0.10028410 -6.40140e-09
1761313002.184 107.199 0.10043308 1.65071e-09
1761313002.192 107.242 0.10043308 -2.52960e-09
1761313002.202 107.284 0.10045822 -6.34223e-09
1761313002.212 107.327 0.10050757 -6.63803e-09
1761313002.222 107.369 0.10054016 2.84850e-09
1761313002.232 107.412 0.10057275 -1.06523e-08
1761313002.242 107.455 0.10059509 7.37880e-09
1761313002.252 107.497 0.10059509 -9.37621e-09
1761313002.300 107.540 0.10071614 2.23106e-09
1761313002.306 107.582 0.10075339 6.74932e-09
1761313002.313 107.625 0.10076270 -9.47291e-09
1761313002.321 107.667 0.10076270 6.28426e-09
1761313002.331 107.709 0.10077480 -8.03883e-09
1761313002.341 107.752 0.10081856 1.00463e-08
1761313002.351 107.794 0.10081205 -7.59647e-09
1761313002.361 107.837 0.10082881 2.08930e-10
1761313002.371 107.879 0.10086606 1.06961e-08
1761313002.381 107.921 0.10088841 -4.90001e-09
1761313002.391 107.964 0.10092565 1.27990e-08
1761313002.401 108.006 0.10094706 -5.68102e-09
1761313002.411 108.048 0.10096848 2.09207e-09
1761313002.421 108.091 0.10099269 9.05145e-09
1761313002.431 108.133 0.10101224 -4.13011e-09
1761313002.441 108.175 0.10105228 1.45780e-08
1761313002.451 108.218 0.10108674 -3.57727e-09
1761313002.461 108.260 0.10111746 4.01331e-09
1761313002.471 108.302 0.10114540 1.50529e-08
1761313002.481 108.344 0.10117705 9.92200e-11
1761313002.491 108.386 0.10121709 1.82006e-08
1761313002.501 108.429 0.10123292 -4.75000e-12
1761313002.511 108.471 0.10127109 8.49917e-09
1761313002.521 108.513 0.10129623 1.50407e-08
1761313002.531 108.555 0.10133907 2.94477e-09
1761313002.545 108.597 0.10142753 -6.59230e-09
1761313002.551 108.639 0.10142753 4.66317e-08
1761313002.561 108.681 0.10148898 -2.88691e-08
1761313002.571 108.723 0.10152344 5.44152e-08
1761313002.581 108.765 0.10154392 9.92050e-09
1761313002.591 108.807 0.10161003 5.78918e-08
1761313002.639 108.849 0.10183630 7.64504e-08
1761313002.646 108.891 0.10185306 5.35754e-08
1761313002.652 108.933 0.10190799 9.67670e-08
1761313002.661 108.975 0.10190799 4.91173e-08
1761313002.671 109.017 0.10195363 1.40822e-07
1761313002.681 109.059 0.10199552 1.04246e-07
1761313002.691 109.101 0.10204767 1.60347e-07
1761313002.701 109.143 0.10206908 1.34566e-07
1761313002.711 109.185 0.10211936 1.16004e-07
1761313002.721 109.227 0.10215195 2.19492e-07
1761313002.731 109.268 0.10217896 1.85605e-07
1761313002.741 109.310 0.10222365 1.68944e-07
1761313002.751 109.352 0.10225531 2.14901e-07
1761313002.761 109.394 0.10229441 1.68058e-07
1761313002.771 109.436 0.10232514 2.50389e-07
1761313002.781 109.477 0.10234283 2.26387e-07
1761313002.791 109.519 0.10238752 2.45053e-07
1761313002.801 109.561 0.10240428 2.29910e-07
1761313002.852 109.603 0.10256910 2.65033e-07
1761313002.862 109.644 0.10258120 1.84735e-07
1761313002.871 109.686 0.10258120 2.21592e-07
1761313002.881 109.728 0.10261379 1.65730e-07
1761313002.891 109.769 0.10266129 1.89313e-07
1761313002.901 109.811 0.10266222 1.50601e-07
1761313002.911 109.853 0.10271715 1.05483e-07
1761313002.921 109.894 0.10275812 1.62287e-07
1761313002.931 109.936 0.10277488 1.07563e-07
1761313002.941 109.977 0.10283074 1.33627e-07
1761313002.951 110.019 0.10285031 8.16036e-08
