1761226142.053 33.801 0.03262788 6.56178e-08
1761226142.059 33.936 0.03262694 3.07045e-08
1761226142.107 34.071 0.03264371 6.66568e-08
1761226142.157 34.205 0.03263440 6.67631e-08
1761226142.207 34.338 0.03266885 6.96076e-08
1761226142.275 34.471 0.03281876 4.48091e-08
1761226142.325 34.603 0.03301337 4.54278e-08
1761226142.335 34.735 0.03301337 1.32174e-08
1761226142.345 34.867 0.03307575 4.91842e-08
1761226142.394 34.997 0.03320146 6.86640e-09
1761226142.444 35.128 0.03332157 9.94650e-09
1761226142.511 35.258 0.03351339 -1.05958e-08
1761226142.605 35.387 0.03381321 6.39234e-07
1761226142.615 35.516 0.03381321 9.92153e-07
1761226142.625 35.645 0.03381787 2.09394e-06
1761226142.635 35.773 0.03388211 3.47315e-06
1761226142.645 35.900 0.03388211 4.30480e-06
1761226142.655 36.027 0.03390074 5.60936e-06
1761226142.664 36.154 0.03394636 6.95832e-06
1761226142.674 36.280 0.03394916 8.27153e-06
1761226142.684 36.406 0.03396871 9.62756e-06
1761226142.694 36.531 0.03399106 1.03152e-05
1761226142.704 36.656 0.03398826 1.04667e-05
1761226142.714 36.781 0.03400503 1.00709e-05
1761226142.724 36.905 0.03400782 9.59486e-06
1761226142.734 37.029 0.03404693 8.77675e-06
1761226142.744 37.152 0.03405810 8.09623e-06
1761226142.754 37.275 0.03406834 6.90425e-06
1761226142.764 37.397 0.03410372 5.69544e-06
1761226142.774 37.519 0.03413538 3.92221e-06
1761226142.784 37.641 0.03418567 1.97135e-06
1761226142.794 37.762 0.03423781 6.17278e-07
1761226142.804 37.883 0.03426574 2.32622e-07
1761226142.814 38.003 0.03435048 8.60370e-08
1761226142.824 38.124 0.03443521 9.26151e-08
1761226142.872 38.243 0.03492871 5.40909e-08
1761226142.923 38.363 0.03559075 5.57404e-08
1761226142.973 38.482 0.03627606 5.93117e-08
1761226143.023 38.600 0.03677143 5.44742e-08
1761226143.073 38.718 0.03699397 5.16224e-08
1761226143.143 38.836 0.03700048 3.43494e-08
1761226143.150 38.954 0.03696976 2.06445e-08
1761226143.156 39.071 0.03696976 4.35311e-08
1761226143.205 39.188 0.03688782 5.51272e-08
1761226143.215 39.304 0.03688782 -6.30160e-09
1761226143.224 39.421 0.03688130 4.68000e-08
1761226143.272 39.536 0.03690830 4.68812e-08
1761226143.322 39.652 0.03708335 4.78392e-08
1761226143.373 39.767 0.03733662 4.82256e-08
1761226143.423 39.882 0.03760386 4.80728e-08
1761226143.473 39.996 0.03781709 4.84874e-08
1761226143.523 40.110 0.03796887 4.69156e-08
1761226143.573 40.224 0.03804615 4.62949e-08
1761226143.623 40.338 0.03809084 4.54063e-08
1761226143.698 40.451 0.03821841 1.91767e-08
1761226143.705 40.564 0.03823331 5.33874e-08
1761226143.714 40.676 0.03823331 -1.26688e-08
1761226143.724 40.788 0.03823237 5.92153e-08
1761226143.772 40.900 0.03834318 4.73925e-08
1761226143.778 41.012 0.03837391 -5.35790e-09
1761226143.827 41.123 0.03849961 2.51612e-08
1761226143.834 41.234 0.03849961 1.25900e-08
1761226143.844 41.345 0.03854431 5.96089e-08
1761226143.854 41.456 0.03856106 2.03213e-08
1761226143.864 41.566 0.03860017 1.58133e-08
1761226143.874 41.676 0.03862438 6.46735e-08
1761226143.922 41.785 0.03883109 4.77029e-08
1761226143.929 41.894 0.03888882 -8.04960e-09
1761226143.935 42.003 0.03893538 2.73310e-08
1761226143.944 42.112 0.03893538 7.05460e-08
1761226143.954 42.220 0.03897356 1.83936e-08
1761226143.964 42.329 0.03904712 2.42236e-08
1761226143.974 42.436 0.03909461 6.65432e-08
1761226144.021 42.544 0.03937953 5.12846e-08
1761226144.027 42.651 0.03946520 -2.54830e-09
1761226144.034 42.758 0.03946520 6.76530e-09
1761226144.044 42.865 0.03954341 4.54501e-08
1761226144.054 42.972 0.03959276 1.48514e-08
1761226144.064 43.078 0.03967470 2.54494e-08
1761226144.074 43.184 0.03973802 6.77532e-08
1761226144.122 43.290 0.04011979 5.24867e-08
1761226144.128 43.395 0.04020638 -1.18038e-08
1761226144.135 43.500 0.04028367 2.49954e-08
1761226144.144 43.605 0.04028367 7.03173e-08
1761226144.154 43.710 0.04034605 1.21028e-08
1761226144.164 43.815 0.04043637 3.30771e-08
1761226144.174 43.919 0.04049037 6.82938e-08
1761226144.236 44.023 0.04100995 6.17081e-08
1761226144.244 44.126 0.04100995 5.07505e-08
1761226144.292 44.230 0.04133119 4.86061e-08
1761226144.299 44.333 0.04137588 8.95450e-09
1761226144.305 44.436 0.04146341 5.02089e-08
1761226144.355 44.539 0.04174182 5.46215e-08
1761226144.364 44.641 0.04174182 -1.10175e-08
1761226144.374 44.744 0.04176696 6.79193e-08
1761226144.423 44.846 0.04197367 5.17689e-08
1761226144.473 44.948 0.04212452 5.09537e-08
1761226144.523 45.049 0.04227536 5.09494e-08
1761226144.573 45.151 0.04243924 5.25769e-08
1761226144.623 45.252 0.04259008 5.35905e-08
1761226144.673 45.353 0.04269903 5.21006e-08
1761226144.723 45.453 0.04279586 5.27205e-08
1761226144.795 45.554 0.04291226 -8.40470e-09
1761226144.846 45.654 0.04299699 -2.26440e-09
1761226144.853 45.754 0.04299699 6.40224e-08
1761226144.863 45.854 0.04301934 4.79787e-08
1761226144.912 45.954 0.04310966 -6.15720e-09
1761226144.961 46.053 0.04321208 -5.97200e-09
1761226145.011 46.152 0.04331078 -5.87700e-09
1761226145.061 46.251 0.04347094 -6.11820e-09
1761226145.112 46.350 0.04361433 -4.85210e-09
1761226145.162 46.448 0.04374376 -4.83580e-09
1761226145.212 46.547 0.04383594 -5.04550e-09
1761226145.262 46.645 0.04390764 -5.18570e-09
1761226145.334 46.743 0.04403241 1.16398e-08
1761226145.343 46.840 0.04403241 5.18942e-08
1761226145.353 46.938 0.04404172 2.07720e-08
1761226145.363 47.035 0.04407338 2.57553e-08
1761226145.373 47.132 0.04407804 6.33880e-08
1761226145.422 47.229 0.04415905 5.15219e-08
1761226145.429 47.326 0.04419908 -6.58020e-09
1761226145.477 47.422 0.04430896 2.73691e-08
1761226145.556 47.519 0.04461344 4.83762e-08
1761226145.606 47.615 0.04482015 5.01075e-08
1761226145.656 47.711 0.04500451 5.06766e-08
1761226145.706 47.806 0.04510880 5.15920e-08
1761226145.757 47.902 0.04514698 4.90809e-08
1761226145.807 47.997 0.04517119 4.88992e-08
1761226145.871 48.092 0.04525592 6.56192e-08
1761226145.877 48.187 0.04527641 1.02556e-08
1761226145.883 48.282 0.04527454 1.42045e-08
1761226145.893 48.377 0.04527454 4.77056e-08
1761226145.903 48.471 0.04528851 1.12477e-08
1761226145.913 48.565 0.04531365 4.79259e-08
1761226145.923 48.659 0.04532576 4.20713e-08
1761226145.933 48.753 0.04534810 -7.54140e-09
1761226145.943 48.847 0.04536580 4.85935e-08
1761226145.953 48.940 0.04537790 2.84090e-09
1761226145.963 49.034 0.04540956 5.02826e-08
1761226145.973 49.127 0.04541607 3.81587e-08
1761226145.983 49.220 0.04545332 -9.12560e-09
1761226145.993 49.313 0.04547288 4.84709e-08
1761226146.041 49.405 0.04564979 5.49878e-08
1761226146.109 49.498 0.04610698 5.96331e-08
1761226146.159 49.590 0.04652413 5.03824e-08
1761226146.209 49.682 0.04687796 4.89441e-08
1761226146.259 49.774 0.04708188 5.03335e-08
1761226146.309 49.866 0.04711074 5.27144e-08
1761226146.316 49.957 0.04709957 7.40410e-09
1761226146.323 50.049 0.04709957 5.34673e-08
1761226146.371 50.140 0.04704184 6.91051e-08
1761226146.464 50.231 0.04713681 1.71327e-08
1761226146.473 50.322 0.04713681 6.83519e-08
1761226146.521 50.413 0.04728579 6.74806e-08
1761226146.527 50.504 0.04733514 6.78250e-09
1761226146.533 50.594 0.04737239 1.70101e-08
1761226146.542 50.684 0.04737239 4.70699e-08
1761226146.590 50.774 0.04752323 4.53350e-08
1761226146.640 50.864 0.04762938 4.71037e-08
1761226146.691 50.954 0.04778116 5.47296e-08
1761226146.743 51.044 0.04796180 3.51012e-07
1761226146.752 51.133 0.04796180 4.46472e-07
1761226146.763 51.223 0.04799159 8.89920e-07
1761226146.773 51.312 0.04800463 1.50041e-06
1761226146.782 51.401 0.04804932 2.63072e-06
1761226146.792 51.490 0.04807446 3.80770e-06
1761226146.802 51.578 0.04809960 5.25960e-06
1761226146.812 51.667 0.04813033 6.75750e-06
1761226146.822 51.755 0.04814523 8.47192e-06
1761226146.832 51.844 0.04818434 9.69579e-06
1761226146.842 51.932 0.04820482 1.02897e-05
1761226146.852 52.020 0.04820575 1.18229e-05
1761226146.862 52.107 0.04823462 1.16257e-05
1761226146.872 52.195 0.04824579 1.13396e-05
1761226146.882 52.283 0.04828769 1.18795e-05
1761226146.892 52.370 0.04830539 1.05460e-05
1761226146.902 52.457 0.04832215 7.89836e-06
1761226146.912 52.544 0.04836591 5.93877e-06
1761226146.922 52.631 0.04839105 3.68990e-06
1761226146.932 52.718 0.04844413 1.76471e-06
1761226146.942 52.805 0.04848882 1.06654e-06
1761226146.952 52.891 0.04854096 7.78852e-07
1761226146.962 52.978 0.04860149 5.61599e-07
1761226146.994 53.064 0.04888641 3.01515e-07
1761226147.019 53.150 0.04904098 6.52554e-08
1761226147.025 53.236 0.04914713 5.68814e-08
1761226147.073 53.322 0.04965739 4.65117e-08
1761226147.123 53.407 0.05011737 4.22505e-08
1761226147.190 53.493 0.05048424 5.73221e-08
1761226147.258 53.578 0.05060808 8.25455e-08
1761226147.265 53.663 0.05061460 4.31713e-08
1761226147.272 53.749 0.05061926 6.51266e-08
1761226147.282 53.834 0.05061926 1.63017e-08
1761226147.292 53.918 0.05058946 8.74361e-08
1761226147.302 54.003 0.05058946 5.84254e-08
1761226147.312 54.088 0.05059039 1.14275e-07
1761226147.322 54.172 0.05055314 5.93954e-08
1761226147.332 54.257 0.05056804 3.42243e-08
1761226147.342 54.341 0.05056245 9.71180e-08
1761226147.352 54.425 0.05054476 6.03710e-08
1761226147.362 54.509 0.05054197 1.10245e-07
1761226147.372 54.593 0.05052893 6.16875e-08
1761226147.382 54.676 0.05054663 3.60545e-08
1761226147.392 54.760 0.05055128 1.07256e-07
1761226147.402 54.843 0.05056339 5.68590e-08
1761226147.412 54.926 0.05059319 1.17166e-07
1761226147.422 55.010 0.05061274 5.38530e-08
1761226147.432 55.093 0.05065557 4.32806e-08
1761226147.442 55.176 0.05069281 9.14911e-08
1761226147.452 55.258 0.05074030 7.15161e-08
1761226147.462 55.341 0.05081200 1.03507e-07
1761226147.472 55.424 0.05085763 6.13937e-08
1761226147.482 55.506 0.05094050 4.47448e-08
1761226147.492 55.588 0.05101592 1.12813e-07
1761226147.502 55.671 0.05111089 5.03993e-08
1761226147.512 55.753 0.05119004 1.01635e-07
1761226147.542 55.835 0.05142934 6.74110e-08
1761226147.560 55.916 0.05164350 2.87158e-05
1761226147.567 55.998 0.05172544 3.96972e-05
1761226147.574 56.080 0.05185021 5.07923e-05
1761226147.582 56.161 0.05185021 4.70713e-05
1761226147.592 56.242 0.05194147 2.48667e-05
1761226147.602 56.324 0.05203644 1.62602e-05
1761226147.612 56.405 0.05214445 1.23741e-06
1761226147.622 56.486 0.05222267 1.00116e-06
1761226147.632 56.567 0.05234185 1.89245e-06
1761226147.642 56.647 0.05241634 2.09597e-06
1761226147.652 56.728 0.05250294 1.96206e-06
1761226147.662 56.809 0.05259512 1.25112e-06
1761226147.672 56.889 0.05266589 3.62371e-07
1761226147.682 56.969 0.05274410 1.36128e-07
1761226147.692 57.049 0.05280649 8.66828e-08
1761226147.742 57.130 0.05317336 2.17380e-07
1761226147.752 57.210 0.05317336 1.96769e-07
1761226147.762 57.289 0.05323853 1.41537e-07
1761226147.810 57.369 0.05349180 5.74792e-08
1761226147.816 57.449 0.05354115 1.26229e-08
1761226147.822 57.528 0.05360633 6.45301e-08
1761226147.832 57.608 0.05360633 4.93130e-09
1761226147.842 57.687 0.05364265 8.71912e-08
1761226147.852 57.766 0.05369014 5.44437e-08
1761226147.862 57.845 0.05375904 1.14670e-07
1761226147.872 57.924 0.05380374 9.56673e-08
1761226147.882 58.003 0.05386426 2.51408e-07
1761226147.892 58.082 0.05389684 3.97275e-07
1761226147.902 58.161 0.05393875 5.60364e-07
1761226147.912 58.239 0.05398903 6.60961e-07
1761226147.922 58.318 0.05402162 5.56862e-07
1761226147.932 58.396 0.05406911 4.34337e-07
1761226147.942 58.474 0.05410170 3.21591e-07
1761226147.952 58.552 0.05415384 5.69355e-07
1761226147.961 58.630 0.05418364 4.23662e-07
1761226147.971 58.708 0.05421716 1.59788e-07
1761226147.981 58.786 0.05427209 6.80065e-08
1761226147.991 58.864 0.05431120 9.97145e-08
1761226148.001 58.941 0.05435404 5.25423e-08
1761226148.011 59.019 0.05441642 8.82533e-08
1761226148.021 59.096 0.05445367 4.27181e-08
1761226148.031 59.174 0.05453560 3.97195e-08
1761226148.041 59.251 0.05457565 1.07412e-07
1761226148.051 59.328 0.05463989 9.14229e-08
1761226148.100 59.405 0.05500211 1.37490e-07
1761226148.106 59.482 0.05508404 1.18904e-07
1761226148.112 59.559 0.05515202 3.57919e-08
1761226148.121 59.635 0.05515202 8.12447e-08
1761226148.131 59.712 0.05524886 3.94408e-08
1761226148.141 59.788 0.05533358 9.30712e-08
1761226148.151 59.865 0.05542670 7.80855e-08
1761226148.161 59.941 0.05551609 6.17716e-07
1761226148.171 60.017 0.05559710 1.93719e-06
1761226148.181 60.094 0.05569859 1.12338e-05
1761226148.191 60.170 0.05576470 3.85448e-05
1761226148.201 60.245 0.05584012 7.53487e-05
1761226148.211 60.321 0.05593138 9.74779e-05
1761226148.221 60.397 0.05598538 1.02197e-04
1761226148.231 60.473 0.05605894 8.93100e-05
1761226148.241 60.548 0.05610456 6.58895e-05
1761226148.251 60.624 0.05617068 2.94030e-05
1761226148.261 60.699 0.05622096 4.20347e-06
1761226148.271 60.774 0.05627031 2.02721e-06
1761226148.281 60.850 0.05635504 8.50009e-07
1761226148.291 60.925 0.05638391 5.27724e-07
1761226148.301 61.000 0.05644350 2.10610e-07
1761226148.311 61.075 0.05649099 8.68639e-08
1761226148.321 61.149 0.05654127 4.41510e-08
1761226148.331 61.224 0.05661110 3.41055e-08
1761226148.341 61.299 0.05663624 8.88431e-08
1761226148.351 61.373 0.05669677 4.85484e-08
1761226148.361 61.448 0.05676474 8.49381e-08
1761226148.371 61.522 0.05680944 6.48047e-08
1761226148.381 61.596 0.05686996 1.18763e-07
1761226148.391 61.670 0.05692769 3.08487e-07
1761226148.401 61.745 0.05699753 7.45436e-07
1761226148.411 61.819 0.05706270 1.84166e-06
1761226148.421 61.892 0.05711206 3.54719e-06
1761226148.431 61.966 0.05720051 4.64542e-06
1761226148.441 62.040 0.05725545 5.53692e-06
1761226148.451 62.114 0.05733367 5.36838e-06
1761226148.461 62.187 0.05742771 4.83891e-06
1761226148.471 62.261 0.05748358 3.49066e-06
1761226148.481 62.334 0.05756831 1.34647e-06
1761226148.491 62.407 0.05762511 8.72564e-07
1761226148.501 62.481 0.05769774 1.34953e-06
1761226148.511 62.554 0.05777968 1.73887e-06
1761226148.521 62.627 0.05786628 1.45608e-06
1761226148.531 62.700 0.05796125 1.68577e-06
1761226148.541 62.773 0.05801153 1.31624e-06
1761226148.551 62.845 0.05809627 7.23338e-07
1761226148.561 62.918 0.05817448 2.34034e-07
1761226148.571 62.991 0.05824711 1.53265e-07
1761226148.581 63.063 0.05833370 1.46184e-07
1761226148.591 63.136 0.05840819 2.37930e-07
1761226148.601 63.208 0.05848734 2.50234e-07
1761226148.656 63.280 0.05891287 6.41240e-08
1761226148.662 63.353 0.05896222 7.66640e-09
1761226148.671 63.425 0.05896222 4.59685e-08
1761226148.681 63.497 0.05903485 1.27681e-07
1761226148.691 63.569 0.05908327 5.39077e-07
1761226148.701 63.640 0.05915682 7.95588e-07
1761226148.711 63.712 0.05922945 1.22683e-06
1761226148.721 63.784 0.05927042 1.41250e-06
1761226148.731 63.856 0.05935236 1.42194e-06
1761226148.741 63.927 0.05941010 1.26692e-06
1761226148.751 63.999 0.05946317 9.05110e-07
1761226148.761 64.070 0.05951903 5.25289e-07
1761226148.771 64.141 0.05956280 1.68336e-07
1761226148.781 64.213 0.05960749 9.34283e-08
1761226148.791 64.284 0.05963264 1.76309e-07
1761226148.801 64.355 0.05968850 2.00821e-07
1761226148.811 64.426 0.05973506 3.52579e-07
1761226148.821 64.497 0.05977417 6.51312e-07
1761226148.831 64.568 0.05982724 8.71363e-07
1761226148.841 64.638 0.05984028 1.50317e-06
1761226148.851 64.709 0.05988590 1.59803e-06
1761226148.861 64.780 0.05994177 1.48017e-06
1761226148.871 64.850 0.05999019 1.10350e-06
1761226148.881 64.921 0.06004606 1.19772e-06
1761226148.891 64.991 0.06007120 9.90818e-07
1761226148.901 65.061 0.06014662 5.58452e-07
1761226148.911 65.132 0.06021087 2.89840e-07
1761226148.921 65.202 0.06023787 1.69470e-07
1761226148.931 65.272 0.06033285 1.11772e-07
1761226148.941 65.342 0.06037102 1.59107e-07
1761226148.951 65.412 0.06043714 1.09412e-07
1761226148.961 65.482 0.06052001 1.46033e-07
1761226148.971 65.551 0.06057122 1.33542e-07
1761226148.981 65.621 0.06064664 2.69556e-07
1761226148.991 65.691 0.06071740 5.88604e-07
1761226149.001 65.760 0.06078259 1.45526e-06
1761226149.011 65.830 0.06084591 5.23993e-06
1761226149.021 65.899 0.06092412 1.52027e-05
1761226149.031 65.968 0.06102654 3.23519e-05
1761226149.041 66.038 0.06107869 4.61988e-05
1761226149.051 66.107 0.06115690 7.13631e-05
1761226149.061 66.176 0.06124350 8.60537e-05
1761226149.071 66.245 0.06130682 8.21628e-05
1761226149.081 66.314 0.06139154 6.85247e-05
1761226149.091 66.383 0.06146324 4.68612e-05
1761226149.101 66.452 0.06152284 2.00366e-05
1761226149.111 66.521 0.06158988 1.48809e-06
1761226149.121 66.589 0.06166903 8.38581e-07
1761226149.131 66.658 0.06175842 4.17321e-07
1761226149.141 66.726 0.06181894 2.37524e-07
1761226149.151 66.795 0.06187853 9.34016e-08
1761226149.161 66.863 0.06195861 1.09735e-07
1761226149.209 66.932 0.06228823 1.12617e-07
1761226149.218 67.000 0.06233572 4.36697e-07
1761226149.225 67.068 0.06239531 5.25632e-07
1761226149.231 67.136 0.06244466 7.05388e-07
1761226149.241 67.204 0.06244466 6.43629e-07
1761226149.251 67.272 0.06252101 7.66331e-07
1761226149.261 67.340 0.06257781 6.60670e-07
1761226149.271 67.408 0.06262623 6.80686e-07
1761226149.281 67.476 0.06268862 3.81862e-07
1761226149.291 67.544 0.06273983 2.53368e-07
1761226149.301 67.611 0.06279011 1.21658e-07
1761226149.311 67.679 0.06283946 1.65269e-07
1761226149.321 67.746 0.06288322 1.59259e-07
1761226149.331 67.814 0.06294468 2.09543e-07
1761226149.341 67.881 0.06298937 2.27516e-07
1761226149.351 67.949 0.06303872 1.53914e-07
1761226149.361 68.016 0.06308621 2.66147e-07
1761226149.371 68.083 0.06312718 2.43495e-07
1761226149.381 68.150 0.06317467 2.81699e-07
1761226149.391 68.217 0.06319702 2.53413e-07
1761226149.401 68.284 0.06326499 1.65788e-07
1761226149.411 68.351 0.06331527 2.40350e-07
1761226149.421 68.418 0.06334972 1.93796e-07
1761226149.431 68.485 0.06342794 2.17618e-07
1761226149.441 68.551 0.06347636 2.94806e-07
1761226149.451 68.618 0.06352850 2.01654e-07
1761226149.461 68.685 0.06357785 2.69990e-07
1761226149.471 68.751 0.06363651 4.15492e-07
1761226149.481 68.818 0.06369797 7.39576e-07
1761226149.491 68.884 0.06374359 1.45050e-06
1761226149.501 68.950 0.06380505 2.60787e-06
1761226149.511 69.017 0.06387488 3.58826e-06
1761226149.521 69.083 0.06392702 4.82147e-06
1761226149.531 69.149 0.06401176 4.99274e-06
1761226149.541 69.215 0.06406484 5.04656e-06
1761226149.551 69.281 0.06414585 4.94238e-06
1761226149.561 69.347 0.06421102 3.75796e-06
1761226149.571 69.413 0.06427341 2.36731e-06
1761226149.581 69.479 0.06436466 6.73852e-07
1761226149.591 69.545 0.06441215 2.84034e-07
1761226149.601 69.610 0.06449502 1.07562e-07
1761226149.611 69.676 0.06456765 1.39307e-07
1761226149.621 69.741 0.06462631 7.00336e-08
1761226149.631 69.807 0.06470731 1.42178e-07
1761226149.641 69.872 0.06475667 1.96581e-07
1761226149.651 69.938 0.06484885 1.86219e-07
1761226149.661 70.003 0.06491403 3.04289e-07
1761226149.671 70.068 0.06497269 3.13494e-07
1761226149.681 70.134 0.06505091 3.29710e-07
1761226149.691 70.199 0.06509281 4.97541e-07
1761226149.701 70.264 0.06516637 5.64753e-07
1761226149.711 70.329 0.06523527 5.48505e-07
1761226149.740 70.394 0.06540567 7.15943e-07
1761226149.769 70.459 0.06558072 1.07384e-07
1761226149.776 70.524 0.06565242 1.36857e-07
1761226149.781 70.588 0.06569152 1.22662e-07
1761226149.790 70.653 0.06569152 1.63990e-07
1761226149.800 70.718 0.06574367 8.14727e-08
1761226149.810 70.783 0.06580326 1.31579e-07
1761226149.820 70.847 0.06586379 6.39383e-08
1761226149.830 70.912 0.06592710 9.48946e-08
1761226149.840 70.976 0.06597273 9.30351e-08
1761226149.906 71.040 0.06633028 7.35027e-08
1761226149.913 71.105 0.06635635 1.28967e-08
1761226149.921 71.169 0.06635635 8.52534e-08
1761226149.930 71.233 0.06641595 4.14544e-08
1761226149.940 71.297 0.06644295 7.98868e-08
1761226149.950 71.361 0.06649044 4.40192e-08
1761226149.960 71.425 0.06652768 6.71705e-08
1761226149.970 71.489 0.06657424 1.45897e-08
1761226149.980 71.553 0.06664408 7.26374e-08
1761226149.990 71.617 0.06666083 9.39705e-08
1761226150.000 71.681 0.06671205 4.83649e-08
1761226150.010 71.745 0.06675116 1.20409e-07
1761226150.020 71.808 0.06675302 8.70263e-08
1761226150.030 71.872 0.06681075 1.48171e-07
1761226150.040 71.936 0.06684893 1.80048e-07
1761226150.050 71.999 0.06689362 1.18962e-07
1761226150.060 72.063 0.06691876 1.62777e-07
1761226150.070 72.126 0.06696066 1.01678e-07
1761226150.080 72.189 0.06701095 1.45960e-07
1761226150.091 72.253 0.06703050 1.50789e-07
1761226150.100 72.316 0.06707426 1.05890e-07
1761226150.111 72.379 0.06711243 1.30087e-07
1761226150.121 72.442 0.06715248 8.23653e-08
1761226150.131 72.505 0.06720927 5.10381e-08
1761226150.141 72.568 0.06724187 1.27699e-07
1761226150.151 72.631 0.06731822 9.63100e-08
1761226150.161 72.694 0.06736105 9.76610e-08
1761226150.171 72.757 0.06740667 9.37944e-08
1761226150.181 72.820 0.06748024 1.10582e-07
1761226150.191 72.883 0.06750072 1.96435e-07
1761226150.200 72.945 0.06758639 1.82842e-07
1761226150.210 73.008 0.06764877 3.75349e-07
1761226150.221 73.071 0.06769626 4.57849e-07
1761226150.231 73.133 0.06778471 8.55675e-07
1761226150.241 73.196 0.06784524 1.53184e-06
1761226150.251 73.258 0.06792439 2.79753e-06
1761226150.261 73.321 0.06797932 5.04402e-06
1761226150.291 73.383 0.06826146 8.51059e-06
1761226150.304 73.445 0.06832198 6.60520e-05
1761226150.311 73.507 0.06837506 8.30912e-05
1761226150.320 73.569 0.06837506 9.67012e-05
1761226150.330 73.632 0.06845047 1.01837e-04
1761226150.340 73.694 0.06850541 9.47046e-05
1761226150.350 73.756 0.06857339 8.29029e-05
1761226150.360 73.818 0.06863950 6.23718e-05
1761226150.370 73.880 0.06869909 4.01779e-05
1761226150.380 73.941 0.06875682 9.35211e-06
1761226150.390 74.003 0.06881269 4.61187e-06
1761226150.400 74.065 0.06890022 2.17425e-06
1761226150.410 74.127 0.06895329 8.38945e-07
1761226150.420 74.188 0.06898495 3.47219e-07
1761226150.430 74.250 0.06904920 2.80794e-07
1761226150.440 74.311 0.06908272 1.58952e-07
1761226150.450 74.373 0.06913765 5.99072e-08
1761226150.460 74.434 0.06917676 9.15431e-08
1761226150.470 74.496 0.06922611 4.29041e-08
1761226150.480 74.557 0.06926987 9.70269e-08
1761226150.490 74.618 0.06928570 1.01770e-07
1761226150.500 74.680 0.06935368 3.43267e-08
1761226150.510 74.741 0.06940303 8.28235e-08
1761226150.520 74.802 0.06943468 4.00465e-08
1761226150.530 74.863 0.06949707 8.18411e-08
1761226150.540 74.924 0.06952128 8.32543e-08
1761226150.550 74.985 0.06958181 2.47207e-08
1761226150.560 75.046 0.06962650 6.60192e-08
1761226150.570 75.107 0.06968330 2.12876e-08
1761226150.580 75.168 0.06975313 6.88641e-08
1761226150.590 75.229 0.06978386 7.03880e-08
1761226150.638 75.289 0.07004923 9.65104e-08
1761226150.645 75.350 0.07013490 2.76219e-08
1761226150.651 75.411 0.07019542 5.12653e-08
1761226150.660 75.471 0.07019542 7.72674e-08
1761226150.670 75.532 0.07023360 3.54288e-08
1761226150.680 75.592 0.07031088 7.76161e-08
1761226150.690 75.653 0.07036023 7.57453e-08
1761226150.700 75.713 0.07044776 1.99782e-08
1761226150.710 75.774 0.07050642 7.17678e-08
1761226150.720 75.834 0.07055670 3.18369e-08
1761226150.730 75.894 0.07062840 7.01530e-08
1761226150.740 75.954 0.07065447 6.98186e-08
1761226150.750 76.014 0.07071686 7.24320e-09
1761226150.760 76.075 0.07078949 5.54544e-08
1761226150.770 76.135 0.07083232 1.31040e-08
1761226150.780 76.195 0.07089750 5.39758e-08
1761226150.859 76.255 0.07121129 8.63200e-08
1761226150.869 76.315 0.07126716 7.48120e-08
1761226150.875 76.374 0.07132117 1.28470e-07
1761226150.881 76.434 0.07135469 7.98302e-08
1761226150.890 76.494 0.07135469 1.34598e-07
1761226150.900 76.554 0.07140217 6.46160e-08
1761226150.910 76.614 0.07142732 1.18655e-07
1761226150.920 76.673 0.07148877 8.02139e-08
1761226150.930 76.733 0.07156047 1.13295e-07
1761226150.940 76.792 0.07157443 1.03942e-07
1761226150.950 76.852 0.07160888 4.89923e-08
1761226150.960 76.911 0.07164706 8.72113e-08
1761226150.970 76.971 0.07167779 4.59146e-08
1761226150.980 77.030 0.07174203 8.06542e-08
1761226150.990 77.089 0.07174762 7.42273e-08
1761226151.000 77.149 0.07179046 2.82040e-08
1761226151.010 77.208 0.07181932 9.41589e-08
1761226151.020 77.267 0.07185470 7.50612e-08
1761226151.030 77.326 0.07189009 1.30690e-07
1761226151.040 77.385 0.07191243 1.41269e-07
1761226151.050 77.444 0.07196830 8.82128e-08
1761226151.060 77.503 0.07200462 1.51392e-07
1761226151.070 77.562 0.07203721 1.25876e-07
1761226151.080 77.621 0.07207445 1.46011e-07
1761226151.090 77.680 0.07210239 1.51577e-07
1761226151.100 77.739 0.07215639 1.02545e-07
1761226151.110 77.798 0.07218432 1.63922e-07
1761226151.120 77.857 0.07222623 1.65406e-07
1761226151.130 77.915 0.07229513 1.47472e-07
1761226151.140 77.974 0.07235659 2.51214e-07
1761226151.150 78.033 0.07242177 2.30127e-07
1761226151.160 78.091 0.07246367 2.97794e-07
1761226151.170 78.150 0.07252699 2.39269e-07
1761226151.180 78.208 0.07260799 2.92747e-07
1761226151.190 78.267 0.07264524 2.92342e-07
1761226151.202 78.325 0.07277560 2.33450e-07
1761226151.210 78.383 0.07277560 2.21992e-07
1761226151.220 78.442 0.07283146 1.19091e-07
1761226151.230 78.500 0.07290782 1.11388e-07
1761226151.240 78.558 0.07296834 6.44218e-08
1761226151.250 78.616 0.07302886 1.67176e-08
1761226151.260 78.674 0.07307449 7.59816e-08
1761226151.270 78.732 0.07314526 3.79197e-08
1761226151.280 78.790 0.07323837 7.85758e-08
1761226151.290 78.848 0.07328492 8.87023e-08
1761226151.300 78.906 0.07335290 1.11598e-07
1761226151.310 78.964 0.07340132 3.57954e-07
1761226151.320 79.022 0.07345067 4.61484e-07
1761226151.330 79.080 0.07353075 8.94248e-07
1761226151.340 79.138 0.07356799 1.69522e-06
1761226151.350 79.196 0.07363876 3.05982e-06
1761226151.360 79.253 0.07369742 4.22762e-06
1761226151.390 79.311 0.07390879 5.54874e-06
1761226151.400 79.369 0.07390879 9.16895e-06
1761226151.410 79.426 0.07396652 8.69211e-06
1761226151.420 79.484 0.07400749 7.96575e-06
1761226151.430 79.541 0.07404659 7.48289e-06
1761226151.440 79.599 0.07409036 6.19196e-06
1761226151.450 79.656 0.07416485 4.50194e-06
1761226151.460 79.713 0.07421141 2.56067e-06
1761226151.470 79.771 0.07425144 4.70964e-07
1761226151.480 79.828 0.07435759 1.11808e-07
1761226151.490 79.885 0.07435759 1.00840e-07
1761226151.499 79.943 0.07441439 1.55999e-08
1761226151.509 80.000 0.07444233 6.35677e-08
1761226151.519 80.057 0.07447771 1.97328e-08
1761226151.529 80.114 0.07453544 6.04184e-08
1761226151.539 80.171 0.07458479 4.10490e-08
1761226151.549 80.228 0.07464159 5.45660e-09
1761226151.559 80.285 0.07467790 5.96573e-08
1761226151.607 80.342 0.07489113 5.08729e-08
1761226151.657 80.399 0.07512950 4.58628e-08
1761226151.708 80.456 0.07536229 4.95349e-08
1761226151.715 80.512 0.07541071 4.79410e-09
1761226151.721 80.569 0.07547775 5.39167e-08
1761226151.729 80.626 0.07547775 1.12058e-08
1761226151.771 80.683 0.07564163 8.66351e-09
1761226151.780 80.739 0.07564163 1.63237e-08
1761226151.790 80.796 0.07564535 -1.33292e-09
1761226151.800 80.852 0.07567422 -2.91113e-09
1761226151.810 80.909 0.07569470 4.87630e-09
1761226151.820 80.965 0.07570587 -1.37311e-08
1761226151.830 81.022 0.07573381 5.58203e-09
1761226151.840 81.078 0.07572170 -1.16459e-08
1761226151.850 81.135 0.07574312 -9.83724e-09
1761226151.860 81.191 0.07576454 -2.60074e-09
1761226151.870 81.247 0.07577571 -2.00582e-08
1761226151.880 81.303 0.07579992 -2.54044e-09
1761226151.890 81.360 0.07579247 -1.70626e-08
1761226151.921 81.416 0.07588093 -1.72253e-08
1761226151.931 81.472 0.07589769 -1.17364e-08
1761226151.940 81.528 0.07589769 -1.87919e-09
1761226151.949 81.584 0.07593679 7.26000e-11
1761226151.959 81.640 0.07598149 1.34730e-08
1761226151.969 81.696 0.07601315 1.01084e-08
1761226151.983 81.752 0.07608578 1.85174e-08
1761226151.989 81.808 0.07608578 7.86944e-08
1761226151.999 81.864 0.07614537 3.85622e-08
1761226152.009 81.920 0.07618820 1.18769e-07
1761226152.019 81.975 0.07623197 9.35504e-08
1761226152.029 82.031 0.07630646 1.37504e-07
1761226152.039 82.087 0.07634184 1.18577e-07
1761226152.049 82.143 0.07641168 8.39227e-08
1761226152.059 82.198 0.07643961 1.45589e-07
1761226152.069 82.254 0.07649734 1.03325e-07
1761226152.079 82.309 0.07657928 1.44495e-07
1761226152.089 82.365 0.07660256 1.03667e-07
1761226152.099 82.420 0.07667053 4.40266e-08
1761226152.109 82.476 0.07671802 8.69247e-08
1761226152.157 82.531 0.07698432 5.48812e-08
1761226152.225 82.587 0.07735305 7.76522e-08
1761226152.293 82.642 0.07761843 5.19165e-08
1761226152.300 82.697 0.07766219 1.83597e-08
1761226152.309 82.752 0.07766219 5.48721e-08
1761226152.357 82.808 0.07772830 5.22864e-08
1761226152.425 82.863 0.07778789 8.12043e-08
1761226152.498 82.918 0.07783445 2.69535e-08
1761226152.505 82.973 0.07782886 7.06712e-08
1761226152.511 83.028 0.07782979 9.42950e-09
1761226152.519 83.083 0.07782979 2.12215e-08
1761226152.529 83.138 0.07786983 7.16339e-08
1761226152.580 83.193 0.07793687 1.20130e-09
1761226152.589 83.248 0.07793687 6.47796e-08
1761226152.599 83.303 0.07796946 2.57880e-09
1761226152.609 83.358 0.07797412 6.80661e-08
1761226152.619 83.413 0.07800205 3.18383e-08
1761226152.629 83.468 0.07801974 9.38044e-08
1761226152.639 83.522 0.07801788 1.50748e-07
1761226152.649 83.577 0.07804861 1.29227e-07
1761226152.659 83.632 0.07805327 3.75472e-07
1761226152.669 83.686 0.07808213 5.49647e-07
1761226152.679 83.741 0.07813427 9.68096e-07
1761226152.689 83.796 0.07815289 1.39183e-06
1761226152.699 83.850 0.07819107 2.62262e-06
1761226152.709 83.905 0.07819480 3.48757e-06
1761226152.719 83.959 0.07822832 4.99394e-06
1761226152.729 84.014 0.07827860 6.69623e-06
1761226152.739 84.068 0.07829722 9.14870e-06
1761226152.749 84.122 0.07834657 1.27548e-05
1761226152.759 84.177 0.07835123 1.76373e-05
1761226152.769 84.231 0.07838661 2.34802e-05
1761226152.779 84.285 0.07844155 2.55495e-05
1761226152.789 84.339 0.07847414 3.20562e-05
1761226152.799 84.394 0.07853652 3.90991e-05
1761226152.809 84.448 0.07855887 4.78224e-05
1761226152.819 84.502 0.07860450 5.86112e-05
1761226152.829 84.556 0.07866409 7.67454e-05
1761226152.839 84.610 0.07868550 9.16941e-05
1761226152.849 84.664 0.07874696 1.10915e-04
1761226152.859 84.718 0.07881400 1.15871e-04
1761226152.869 84.772 0.07886521 1.16014e-04
1761226152.879 84.826 0.07892295 1.15105e-04
1761226152.889 84.880 0.07897416 1.07491e-04
1761226152.899 84.934 0.07901885 9.93269e-05
1761226152.909 84.987 0.07905703 8.82788e-05
1761226152.919 85.041 0.07913059 6.47858e-05
1761226152.929 85.095 0.07919484 5.11803e-05
1761226152.939 85.149 0.07923580 4.08757e-05
1761226152.949 85.202 0.07930285 1.94190e-05
1761226152.959 85.256 0.07933823 2.78617e-06
1761226152.969 85.309 0.07941458 6.10903e-07
1761226152.979 85.363 0.07946952 2.70981e-07
1761226152.989 85.417 0.07950677 9.74329e-08
1761226152.999 85.470 0.07956543 1.26180e-09
1761226153.110 85.524 0.08016880 5.22433e-08
1761226153.119 85.577 0.08016880 1.47288e-08
1761226153.129 85.630 0.08022374 6.14831e-08
1761226153.178 85.684 0.08041090 1.61374e-08
1761226153.184 85.737 0.08042952 1.37541e-08
1761226153.191 85.790 0.08046211 5.96644e-08
1761226153.238 85.844 0.08048911 6.38651e-08
1761226153.246 85.897 0.08051798 -2.68550e-09
1761226153.252 85.950 0.08052636 3.00135e-08
1761226153.259 86.003 0.08052636 6.25168e-08
1761226153.307 86.056 0.08056081 5.12736e-08
1761226153.357 86.110 0.08065299 5.29019e-08
1761226153.408 86.163 0.08075355 5.87918e-08
1761226153.457 86.216 0.08087181 6.19874e-08
1761226153.525 86.269 0.08104686 7.96941e-08
1761226153.532 86.322 0.08104314 4.04400e-08
1761226153.538 86.375 0.08104314 7.37503e-08
1761226153.548 86.428 0.08108318 2.68167e-08
1761226153.558 86.480 0.08108876 7.91647e-08
1761226153.606 86.533 0.08113067 6.14532e-08
1761226153.706 86.586 0.08123215 1.91642e-08
1761226153.713 86.639 0.08126009 1.11429e-08
1761226153.719 86.692 0.08128616 1.71410e-09
1761226153.728 86.744 0.08128616 2.04605e-08
1761226153.738 86.797 0.08129082 5.20470e-10
1761226153.748 86.850 0.08133086 1.85609e-08
1761226153.758 86.902 0.08133737 1.83017e-08
1761226153.768 86.955 0.08137183 1.32935e-08
1761226153.782 87.007 0.08139883 1.18097e-08
1761226153.788 87.060 0.08139883 5.26830e-08
1761226153.798 87.112 0.08143235 1.00141e-08
1761226153.808 87.165 0.08144818 5.75819e-08
1761226153.855 87.217 0.08153757 4.31445e-08
1761226153.860 87.270 0.08156736 7.09780e-09
1761226153.908 87.322 0.08169400 6.93026e-08
1761226153.958 87.374 0.08188395 6.97622e-08
1761226154.026 87.427 0.08208601 4.26683e-08
1761226154.076 87.479 0.08221730 4.42274e-08
1761226154.127 87.531 0.08226572 4.48132e-08
1761226154.177 87.584 0.08227782 4.48976e-08
1761226154.245 87.636 0.08230762 1.53850e-09
1761226154.313 87.688 0.08236162 -1.06969e-08
1761226154.362 87.740 0.08243425 -9.93290e-09
1761226154.413 87.792 0.08248081 -9.00140e-09
1761226154.463 87.844 0.08254040 -9.56140e-09
1761226154.513 87.896 0.08257113 -9.84430e-09
1761226154.563 87.948 0.08262979 -9.68430e-09
1761226154.613 88.000 0.08267076 -8.23110e-09
1761226154.663 88.052 0.08271080 -2.70400e-09
1761226154.713 88.104 0.08277133 1.93877e-08
1761226154.720 88.156 0.08279740 7.94523e-08
1761226154.728 88.208 0.08279740 8.70104e-08
1761226154.738 88.259 0.08280112 5.28523e-08
1761226154.748 88.311 0.08281509 8.48518e-08
1761226154.797 88.363 0.08286630 1.40761e-07
1761226154.802 88.415 0.08285699 1.94173e-07
1761226154.808 88.466 0.08288864 2.04249e-07
1761226154.818 88.518 0.08288864 1.54327e-07
1761226154.828 88.570 0.08289703 2.30104e-07
1761226154.838 88.621 0.08290634 2.19218e-07
1761226154.848 88.673 0.08291844 2.47852e-07
1761226154.858 88.724 0.08291658 3.25073e-07
1761226154.868 88.776 0.08295569 3.14933e-07
1761226154.878 88.827 0.08297058 3.75111e-07
1761226154.888 88.879 0.08297710 3.64529e-07
1761226154.898 88.930 0.08303018 3.98130e-07
1761226154.908 88.982 0.08303949 4.89637e-07
1761226154.918 89.033 0.08305997 5.02091e-07
1761226154.928 89.084 0.08309536 5.99652e-07
1761226154.938 89.136 0.08310746 6.22176e-07
1761226154.948 89.187 0.08315216 6.79561e-07
1761226154.958 89.238 0.08317264 8.27164e-07
1761226154.968 89.289 0.08322106 8.60060e-07
1761226154.978 89.341 0.08326855 1.06337e-06
1761226154.988 89.392 0.08330486 1.20200e-06
1761226154.998 89.443 0.08335235 1.31307e-06
1761226155.008 89.494 0.08337563 1.61794e-06
1761226155.018 89.545 0.08342684 1.74673e-06
1761226155.027 89.596 0.08347433 1.83256e-06
1761226155.037 89.647 0.08351623 2.04571e-06
1761226155.047 89.698 0.08359538 1.97616e-06
1761226155.057 89.749 0.08362052 2.02512e-06
1761226155.067 89.800 0.08367639 1.90126e-06
1761226155.077 89.851 0.08372015 1.85302e-06
1761226155.087 89.902 0.08376391 1.62540e-06
1761226155.097 89.953 0.08382350 1.48179e-06
1761226155.107 90.003 0.08386727 1.38600e-06
1761226155.117 90.054 0.08393524 1.09122e-06
1761226155.127 90.105 0.08398459 8.36466e-07
1761226155.137 90.156 0.08402556 5.55875e-07
1761226155.147 90.206 0.08408236 3.36002e-07
1761226155.157 90.257 0.08412147 2.66236e-07
1761226155.167 90.308 0.08418478 1.17256e-07
1761226155.177 90.358 0.08423879 1.07368e-07
1761226155.187 90.409 0.08427603 4.21680e-08
1761226155.197 90.459 0.08432353 5.62686e-08
1761226155.207 90.510 0.08437008 6.90247e-08
1761226155.256 90.560 0.08461031 5.82107e-08
1761226155.262 90.611 0.08466804 -1.12019e-08
1761226155.348 90.661 0.08503119 2.99815e-08
1761226155.358 90.712 0.08503119 7.16146e-08
1761226155.424 90.762 0.08526397 5.61445e-08
1761226155.492 90.812 0.08535522 5.99691e-08
1761226155.499 90.863 0.08535894 2.46320e-08
1761226155.508 90.913 0.08535894 5.66729e-08
1761226155.556 90.963 0.08534219 5.35069e-08
1761226155.607 91.014 0.08539153 5.48567e-08
1761226155.657 91.064 0.08544182 5.30718e-08
1761226155.707 91.114 0.08550699 5.42711e-08
1761226155.756 91.164 0.08560011 5.39091e-08
1761226155.807 91.214 0.08568391 5.16879e-08
1761226155.884 91.264 0.08577330 1.98443e-08
1761226155.890 91.314 0.08578261 5.19082e-08
1761226155.938 91.365 0.08582079 6.68336e-08
1761226155.947 91.415 0.08582079 5.60000e-09
1761226155.957 91.465 0.08581334 6.47586e-08
1761226156.024 91.515 0.08587200 5.22108e-08
1761226156.074 91.564 0.08593811 5.46454e-08
1761226156.124 91.614 0.08603029 5.09928e-08
1761226156.175 91.664 0.08610106 5.54124e-08
1761226156.224 91.714 0.08618858 5.15537e-08
1761226156.274 91.764 0.08622862 5.46994e-08
1761226156.324 91.814 0.08626494 5.84779e-08
1761226156.374 91.864 0.08630963 5.90499e-08
1761226156.443 91.913 0.08634874 5.52467e-08
1761226156.450 91.963 0.08635619 1.69485e-08
1761226156.457 92.013 0.08635619 5.03435e-08
1761226156.506 92.062 0.08642696 5.17655e-08
1761226156.556 92.112 0.08648469 5.25023e-08
1761226156.606 92.162 0.08651355 5.39107e-08
1761226156.657 92.211 0.08661411 5.59120e-08
1761226156.724 92.261 0.08670816 6.87895e-08
1761226156.774 92.310 0.08677334 7.29012e-08
1761226156.824 92.360 0.08681151 7.29689e-08
1761226156.874 92.409 0.08684317 7.24611e-08
1761226156.924 92.459 0.08688694 7.04568e-08
1761226157.002 92.508 0.08696887 3.75125e-08
1761226157.009 92.558 0.08696887 6.36608e-08
1761226157.017 92.607 0.08696887 2.92732e-08
1761226157.027 92.656 0.08696142 5.72406e-08
1761226157.036 92.706 0.08697167 2.32254e-08
1761226157.046 92.755 0.08699960 6.53603e-08
1761226157.056 92.804 0.08700147 6.15859e-08
1761226157.104 92.854 0.08704709 7.44657e-08
1761226157.111 92.903 0.08707502 1.68089e-08
1761226157.117 92.952 0.08709086 2.44759e-08
1761226157.126 93.001 0.08709086 5.11451e-08
1761226157.136 93.050 0.08707688 1.53288e-08
1761226157.146 93.099 0.08709830 6.07711e-08
1761226157.156 93.148 0.08711506 5.45598e-08
1761226157.204 93.198 0.08721842 6.82865e-08
1761226157.211 93.247 0.08725939 -9.24200e-10
1761226157.277 93.296 0.08746610 7.70810e-09
1761226157.287 93.345 0.08746610 1.72972e-08
1761226157.297 93.394 0.08752663 4.86256e-08
1761226157.307 93.443 0.08754711 6.87411e-08
1761226157.355 93.491 0.08769516 6.96843e-08
1761226157.362 93.540 0.08772682 -1.38180e-09
1761226157.410 93.589 0.08784228 5.91918e-08
1761226157.417 93.638 0.08785346 1.75430e-08
1761226157.427 93.687 0.08785346 6.67738e-08
1761226157.437 93.736 0.08788604 2.28763e-08
1761226157.446 93.784 0.08791118 7.32357e-08
1761226157.456 93.833 0.08789442 7.11453e-08
1761226157.466 93.882 0.08792143 1.18416e-08
1761226157.476 93.930 0.08793446 7.65699e-08
1761226157.486 93.979 0.08794470 4.60045e-08
1761226157.496 94.028 0.08796892 6.85388e-08
1761226157.506 94.076 0.08796519 5.23956e-08
1761226157.552 94.125 0.08805271 3.73937e-08
1761226157.560 94.174 0.08808810 6.85893e-08
1761226157.582 94.222 0.08813000 5.46645e-08
1761226157.589 94.271 0.08814676 7.50204e-08
1761226157.596 94.319 0.08814676 9.24600e-09
1761226157.606 94.367 0.08817562 5.04299e-08
1761226157.616 94.416 0.08823149 4.60820e-09
1761226157.626 94.464 0.08825012 6.62524e-08
1761226157.636 94.513 0.08826967 3.24585e-08
1761226157.646 94.561 0.08831250 6.17350e-08
1761226157.656 94.609 0.08835999 4.41531e-08
1761226157.666 94.658 0.08840562 -2.38460e-09
1761226157.676 94.706 0.08843541 5.79543e-08
1761226157.686 94.754 0.08848569 2.59307e-08
1761226157.696 94.803 0.08851642 5.02996e-08
1761226157.706 94.851 0.08853970 3.27400e-08
1761226157.716 94.899 0.08859463 -5.03370e-09
1761226157.726 94.947 0.08861884 5.68205e-08
1761226157.774 94.995 0.08879390 5.16691e-08
1761226157.824 95.043 0.08902109 5.44371e-08
1761226157.874 95.091 0.08920732 6.31825e-08
1761226157.924 95.139 0.08937306 7.68404e-08
1761226157.931 95.188 0.08940472 4.82619e-08
1761226157.937 95.236 0.08942614 1.06498e-07
1761226157.946 95.284 0.08942614 8.45085e-08
1761226157.956 95.331 0.08944662 1.08153e-07
1761226157.966 95.379 0.08948294 1.21550e-07
1761226157.976 95.427 0.08946245 2.87648e-07
1761226157.986 95.475 0.08945407 3.34475e-07
1761226157.996 95.523 0.08949877 4.15384e-07
1761226158.006 95.571 0.08950343 5.30649e-07
1761226158.016 95.619 0.08951181 5.62281e-07
1761226158.026 95.667 0.08951274 7.18692e-07
1761226158.036 95.714 0.08949783 7.51899e-07
1761226158.046 95.762 0.08951832 8.54417e-07
1761226158.056 95.810 0.08951832 9.71253e-07
1761226158.107 95.858 0.08961051 1.23078e-06
1761226158.116 95.905 0.08961051 1.40179e-06
1761226158.126 95.953 0.08964309 1.57627e-06
1761226158.136 96.001 0.08968034 1.72101e-06
1761226158.146 96.048 0.08969896 2.06485e-06
1761226158.156 96.096 0.08973807 2.42172e-06
1761226158.166 96.143 0.08978742 2.58410e-06
1761226158.176 96.191 0.08982001 2.97615e-06
1761226158.186 96.238 0.08985726 3.28715e-06
1761226158.196 96.286 0.08990567 3.90239e-06
1761226158.206 96.333 0.08994478 4.44414e-06
1761226158.216 96.381 0.08999692 4.97999e-06
1761226158.226 96.428 0.09004348 6.02280e-06
1761226158.236 96.476 0.09008073 6.12950e-06
1761226158.246 96.523 0.09013380 6.57637e-06
1761226158.256 96.570 0.09017197 7.57384e-06
1761226158.266 96.618 0.09021481 7.68108e-06
1761226158.276 96.665 0.09024740 7.67830e-06
1761226158.286 96.712 0.09028744 7.97393e-06
1761226158.296 96.759 0.09034424 7.63479e-06
1761226158.306 96.807 0.09038149 7.54379e-06
1761226158.316 96.854 0.09042618 7.13216e-06
1761226158.326 96.901 0.09044666 6.91396e-06
1761226158.336 96.948 0.09049042 6.73814e-06
1761226158.346 96.995 0.09054350 6.03042e-06
1761226158.356 97.043 0.09055095 5.62692e-06
1761226158.366 97.090 0.09061613 4.69976e-06
1761226158.376 97.137 0.09065524 3.90314e-06
1761226158.386 97.184 0.09067944 3.26856e-06
1761226158.396 97.231 0.09072134 2.60198e-06
1761226158.406 97.278 0.09074276 1.82577e-06
1761226158.416 97.325 0.09080235 1.20279e-06
1761226158.426 97.372 0.09085822 1.05116e-06
1761226158.436 97.419 0.09090292 7.91167e-07
1761226158.446 97.466 0.09094668 6.16059e-07
1761226158.456 97.512 0.09096344 4.49184e-07
1761226158.466 97.559 0.09102117 3.57858e-07
1761226158.476 97.606 0.09105003 3.24550e-07
1761226158.501 97.653 0.09118598 1.07153e-07
1761226158.508 97.700 0.09125488 1.32316e-07
1761226158.516 97.747 0.09125488 7.08222e-08
1761226158.526 97.793 0.09130982 7.95556e-08
1761226158.536 97.840 0.09135545 2.83476e-08
1761226158.546 97.887 0.09139083 6.30938e-08
1761226158.587 97.934 0.09161896 1.63688e-08
1761226158.602 97.980 0.09166552 3.42260e-09
1761226158.609 98.027 0.09172139 3.62685e-08
1761226158.660 98.073 0.09191599 3.45371e-08
1761226158.719 98.120 0.09210129 -5.12210e-10
1761226158.726 98.167 0.09210129 1.64743e-08
1761226158.736 98.213 0.09212829 -4.48270e-09
1761226158.746 98.260 0.09217019 1.60032e-08
1761226158.756 98.306 0.09218230 1.35503e-09
1761226158.765 98.353 0.09222047 -7.91550e-10
1761226158.775 98.399 0.09221023 3.01367e-09
1761226158.785 98.446 0.09222885 -7.73384e-09
1761226158.795 98.492 0.09225307 6.90950e-09
1761226158.805 98.539 0.09225958 -1.71129e-08
1761226158.815 98.585 0.09228100 -6.00322e-09
1761226158.825 98.631 0.09228472 -4.07743e-09
1761226158.835 98.678 0.09230428 -1.48735e-08
1761226158.845 98.724 0.09230800 -1.43950e-10
1761226158.855 98.770 0.09231172 -1.97548e-08
1761226158.865 98.816 0.09233686 -1.18003e-08
1761226158.875 98.863 0.09233873 -1.05510e-08
1761226158.885 98.909 0.09234990 -2.05507e-08
1761226158.895 98.955 0.09237784 -5.27710e-09
1761226158.909 99.001 0.09244115 -9.01800e-10
1761226158.915 99.048 0.09244115 -2.83372e-08
1761226158.956 99.094 0.09257616 -1.55455e-08
1761226158.970 99.140 0.09261155 4.62010e-09
1761226158.976 99.186 0.09266276 -1.79488e-08
1761226158.985 99.232 0.09266276 -4.08569e-08
1761226159.033 99.278 0.09289275 -8.32949e-08
1761226159.039 99.324 0.09295421 -3.86186e-08
1761226159.045 99.370 0.09295421 -9.37830e-08
1761226159.055 99.416 0.09298959 -7.27684e-08
1761226159.065 99.462 0.09305384 -1.07889e-07
1761226159.075 99.508 0.09308177 -4.71796e-08
1761226159.085 99.554 0.09313298 -8.39028e-08
1761226159.095 99.600 0.09317675 -4.11823e-08
1761226159.105 99.646 0.09319258 -7.52194e-08
1761226159.115 99.692 0.09326707 -9.01342e-08
1761226159.163 99.737 0.09341419 -6.08896e-08
1761226159.211 99.783 0.09355293 2.05049e-08
1761226159.259 99.829 0.09367677 6.18671e-08
1761226159.266 99.875 0.09368142 2.30878e-08
1761226159.276 99.921 0.09368142 6.47630e-08
1761226159.326 99.966 0.09379874 5.70626e-08
1761226159.336 100.012 0.09379874 2.06034e-08
1761226159.346 100.058 0.09383879 6.01934e-08
1761226159.356 100.104 0.09384065 5.32961e-08
1761226159.366 100.149 0.09385461 -6.88500e-10
1761226159.376 100.195 0.09387417 5.97224e-08
1761226159.386 100.240 0.09388720 2.65231e-08
1761226159.396 100.286 0.09391048 5.50994e-08
1761226159.444 100.332 0.09395425 2.71256e-08
1761226159.494 100.377 0.09407715 9.90300e-09
1761226159.544 100.423 0.09419913 1.18936e-08
1761226159.594 100.468 0.09432856 3.15040e-09
1761226159.644 100.514 0.09443378 7.10000e-09
1761226159.694 100.559 0.09449710 -3.50000e-11
1761226159.784 100.605 0.09452875 1.25247e-08
1761226159.790 100.650 0.09453527 4.73143e-08
1761226159.841 100.695 0.09457345 7.11059e-08
1761226159.909 100.741 0.09464980 4.93762e-08
1761226159.916 100.786 0.09464235 8.78370e-09
1761226159.925 100.832 0.09464235 5.26647e-08
1761226159.974 100.877 0.09468798 5.93382e-08
1761226160.024 100.922 0.09475595 6.11156e-08
1761226160.074 100.967 0.09481089 6.12537e-08
1761226160.124 101.013 0.09486676 6.47534e-08
1761226160.174 101.058 0.09495801 6.67521e-08
1761226160.242 101.103 0.09502226 5.81280e-08
1761226160.249 101.148 0.09502878 2.92145e-08
1761226160.255 101.194 0.09505019 5.70809e-08
1761226160.265 101.239 0.09505019 -2.02970e-09
1761226160.275 101.284 0.09503436 6.98685e-08
1761226160.343 101.329 0.09510513 6.01025e-08
1761226160.349 101.374 0.09510326 1.56564e-08
1761226160.355 101.419 0.09513493 5.75439e-08
1761226160.365 101.464 0.09513493 3.71940e-09
1761226160.374 101.509 0.09513772 8.05143e-08
1761226160.384 101.554 0.09515355 3.69802e-08
1761226160.394 101.599 0.09515541 9.43603e-08
1761226160.404 101.644 0.09514889 6.12121e-08
1761226160.414 101.689 0.09519079 5.67336e-08
1761226160.424 101.734 0.09519917 1.34877e-07
1761226160.434 101.779 0.09520941 7.77001e-08
1761226160.444 101.824 0.09523083 1.55307e-07
1761226160.454 101.869 0.09523828 1.32004e-07
1761226160.464 101.914 0.09527087 2.43373e-07
1761226160.474 101.959 0.09529322 3.60923e-07
1761226160.484 102.004 0.09533046 4.06560e-07
1761226160.494 102.048 0.09534909 3.61135e-07
1761226160.504 102.093 0.09535094 4.34325e-07
1761226160.514 102.138 0.09540868 7.72553e-07
1761226160.524 102.183 0.09542637 9.44917e-07
1761226160.534 102.227 0.09547386 1.51659e-06
1761226160.544 102.272 0.09550924 2.14137e-06
1761226160.554 102.317 0.09552507 2.51925e-06
1761226160.564 102.362 0.09556790 3.81954e-06
1761226160.574 102.406 0.09560142 4.34853e-06
1761226160.584 102.451 0.09564425 5.53320e-06
1761226160.594 102.495 0.09569081 6.82517e-06
1761226160.604 102.540 0.09570478 8.65675e-06
1761226160.614 102.585 0.09576344 1.08847e-05
1761226160.624 102.629 0.09581000 1.41730e-05
1761226160.634 102.674 0.09585190 1.66262e-05
1761226160.644 102.718 0.09589752 1.94965e-05
1761226160.654 102.763 0.09594222 2.39699e-05
1761226160.664 102.807 0.09600461 2.81015e-05
1761226160.674 102.852 0.09605209 3.28645e-05
1761226160.684 102.896 0.09609027 3.76931e-05
1761226160.694 102.940 0.09614241 3.95188e-05
1761226160.704 102.985 0.09618152 5.00825e-05
1761226160.714 103.029 0.09624204 5.51202e-05
1761226160.724 103.074 0.09625229 6.11803e-05
1761226160.734 103.118 0.09629325 7.91094e-05
1761226160.744 103.162 0.09635564 8.07315e-05
1761226160.754 103.207 0.09638171 8.80069e-05
1761226160.764 103.251 0.09644689 8.83104e-05
1761226160.774 103.295 0.09648879 8.95994e-05
1761226160.784 103.339 0.09654466 8.84788e-05
1761226160.794 103.384 0.09658005 8.90204e-05
1761226160.804 103.428 0.09660798 8.30950e-05
1761226160.814 103.472 0.09666944 7.96813e-05
1761226160.824 103.516 0.09668713 7.38598e-05
1761226160.834 103.560 0.09673089 7.31037e-05
1761226160.844 103.604 0.09678303 6.39276e-05
1761226160.895 103.649 0.09701116 3.18267e-05
1761226160.904 103.693 0.09701116 1.24420e-05
1761226160.915 103.737 0.09705399 9.89795e-06
1761226160.925 103.781 0.09709030 7.46318e-06
1761226160.935 103.825 0.09713221 5.34299e-06
1761226160.945 103.869 0.09716480 5.30135e-06
1761226160.955 103.913 0.09719273 4.33504e-06
1761226160.965 103.957 0.09724860 3.47670e-06
1761226160.975 104.001 0.09727374 2.62431e-06
1761226160.984 104.045 0.09732029 1.94963e-06
1761226160.994 104.089 0.09735847 1.36242e-06
1761226161.005 104.133 0.09738082 1.02557e-06
1761226161.015 104.177 0.09741620 6.22041e-07
1761226161.025 104.220 0.09746183 4.89145e-07
1761226161.034 104.264 0.09749814 3.36542e-07
1761226161.044 104.308 0.09753259 3.00520e-07
1761226161.054 104.352 0.09755121 1.82827e-07
1761226161.064 104.396 0.09757543 7.75669e-08
1761226161.074 104.440 0.09759312 8.73005e-08
1761226161.122 104.483 0.09773186 5.38864e-08
1761226161.172 104.527 0.09790877 5.25766e-08
1761226161.222 104.571 0.09807917 5.25047e-08
1761226161.273 104.614 0.09824491 5.27170e-08
1761226161.323 104.658 0.09836596 5.31652e-08
1761226161.373 104.702 0.09839110 5.45266e-08
1761226161.447 104.745 0.09840507 2.82744e-08
1761226161.454 104.789 0.09840507 6.43044e-08
1761226161.464 104.833 0.09842369 1.05602e-08
1761226161.474 104.876 0.09841345 5.49039e-08
1761226161.526 104.920 0.09847956 5.15447e-08
1761226161.576 104.963 0.09850935 5.36346e-08
1761226161.584 105.007 0.09850935 1.18060e-09
1761226161.594 105.051 0.09851960 6.41846e-08
1761226161.604 105.094 0.09852146 2.17289e-08
1761226161.614 105.138 0.09854380 3.04302e-08
1761226161.624 105.181 0.09856243 6.99010e-08
1761226161.672 105.225 0.09865927 5.90714e-08
1761226161.722 105.268 0.09876169 5.96249e-08
1761226161.772 105.311 0.09886039 5.72343e-08
1761226161.779 105.355 0.09889391 -2.19550e-09
1761226161.785 105.398 0.09892185 4.44659e-08
1761226161.794 105.442 0.09892185 6.71144e-08
1761226161.804 105.485 0.09892185 2.32266e-08
1761226161.814 105.528 0.09895444 3.40289e-08
1761226161.824 105.572 0.09896188 6.91476e-08
1761226161.872 105.615 0.09904289 5.60893e-08
1761226161.878 105.658 0.09905407 -4.59820e-09
1761226161.884 105.701 0.09905500 3.10555e-08
1761226161.894 105.745 0.09905500 7.41504e-08
1761226161.904 105.788 0.09906803 1.88382e-08
1761226161.914 105.831 0.09908759 2.29515e-08
1761226161.924 105.874 0.09908107 6.30523e-08
1761226161.985 105.917 0.09922912 2.96844e-08
1761226161.994 105.961 0.09922912 3.46455e-08
1761226162.035 106.004 0.09937624 -4.83310e-09
1761226162.044 106.047 0.09937624 7.99768e-09
1761226162.054 106.090 0.09939486 -1.66445e-08
1761226162.064 106.133 0.09943490 -1.95358e-08
1761226162.080 106.176 0.09950939 -6.80830e-08
1761226162.086 106.219 0.09951870 -1.42508e-08
1761226162.094 106.262 0.09951870 -4.05842e-08
1761226162.104 106.305 0.09952988 -6.77818e-08
1761226162.114 106.348 0.09959133 -6.84117e-08
1761226162.123 106.391 0.09959319 -1.99121e-08
1761226162.133 106.434 0.09962764 -7.01278e-08
1761226162.143 106.477 0.09965465 -3.40563e-08
1761226162.153 106.520 0.09967886 -6.49183e-08
1761226162.163 106.563 0.09970865 -5.63893e-08
1761226162.173 106.606 0.09970586 -1.88588e-08
1761226162.183 106.649 0.09973286 -6.85378e-08
1761226162.193 106.691 0.09975428 -2.79364e-08
1761226162.203 106.734 0.09976639 -6.46635e-08
1761226162.213 106.777 0.09980922 -3.82612e-08
1761226162.223 106.820 0.09981853 -2.85050e-09
1761226162.233 106.863 0.09983343 -5.13127e-08
1761226162.274 106.905 0.09999079 -1.34014e-08
1761226162.289 106.948 0.10002338 3.39790e-09
1761226162.296 106.991 0.10005411 -4.38010e-08
1761226162.303 107.034 0.10005411 2.27791e-08
1761226162.345 107.076 0.10025803 -3.67555e-09
1761226162.354 107.119 0.10025803 -1.02400e-08
1761226162.364 107.162 0.10031203 5.11367e-09
1761226162.374 107.204 0.10033996 8.16400e-11
1761226162.384 107.247 0.10039303 -8.64882e-09
1761226162.394 107.290 0.10044705 6.83902e-09
1761226162.404 107.332 0.10046939 -1.46471e-08
1761226162.414 107.375 0.10050478 -5.41917e-09
1761226162.424 107.417 0.10053923 8.78250e-10
1761226162.434 107.460 0.10059695 -7.72400e-09
1761226162.444 107.503 0.10062209 6.30929e-09
1761226162.454 107.545 0.10062768 -9.20621e-09
1761226162.464 107.588 0.10067797 -1.24548e-09
1761226162.474 107.630 0.10069566 3.70978e-09
1761226162.484 107.672 0.10072639 -5.65444e-09
1761226162.514 107.715 0.10082694 8.62524e-09
1761226162.524 107.757 0.10086792 1.07834e-08
1761226162.534 107.800 0.10086792 -4.03136e-09
1761226162.544 107.842 0.10089772 1.16494e-08
1761226162.554 107.885 0.10089306 -4.07404e-09
1761226162.564 107.927 0.10092658 7.24562e-09
1761226162.573 107.969 0.10093682 6.74314e-09
1761226162.583 108.012 0.10097034 -1.11596e-09
1761226162.593 108.054 0.10100479 1.09908e-08
1761226162.603 108.096 0.10103552 -4.76259e-09
1761226162.613 108.139 0.10107557 1.61849e-08
1761226162.623 108.181 0.10108395 8.64810e-09
1761226162.633 108.223 0.10112026 4.00187e-09
1761226162.643 108.265 0.10116309 1.62114e-08
1761226162.653 108.308 0.10119195 4.41348e-09
1761226162.667 108.350 0.10125899 1.96060e-09
1761226162.673 108.392 0.10125899 3.21033e-08
1761226162.683 108.434 0.10130461 -4.43450e-09
1761226162.693 108.476 0.10135770 3.31595e-08
1761226162.741 108.518 0.10154299 5.80274e-08
1761226162.748 108.560 0.10155417 3.00681e-08
1761226162.755 108.603 0.10161003 6.70389e-08
1761226162.763 108.645 0.10161003 -5.89000e-10
1761226162.773 108.687 0.10164076 8.27662e-08
1761226162.824 108.729 0.10191730 1.17976e-07
1761226162.833 108.771 0.10191730 7.16923e-08
1761226162.844 108.813 0.10195549 1.11388e-07
1761226162.854 108.855 0.10197318 9.33530e-08
1761226162.864 108.897 0.10202066 8.57478e-08
1761226162.874 108.939 0.10203463 1.68516e-07
1761226162.884 108.981 0.10207653 1.34021e-07
1761226162.894 109.023 0.10211750 1.91586e-07
1761226162.903 109.065 0.10211750 1.45478e-07
1761226162.913 109.107 0.10217150 1.74290e-07
1761226162.923 109.148 0.10217896 2.05445e-07
1761226162.933 109.190 0.10220596 1.47402e-07
1761226162.943 109.232 0.10221713 1.96382e-07
1761226162.953 109.274 0.10221900 1.57921e-07
1761226162.963 109.316 0.10225996 1.90892e-07
1761226162.973 109.358 0.10226741 1.91541e-07
1761226162.983 109.399 0.10229255 1.51694e-07
1761226162.993 109.441 0.10232793 1.93895e-07
1761226163.003 109.483 0.10231769 1.44088e-07
1761226163.013 109.525 0.10236425 1.73954e-07
1761226163.023 109.566 0.10238101 2.02660e-07
1761226163.072 109.608 0.10251882 1.53258e-07
1761226163.079 109.650 0.10256165 1.05642e-07
1761226163.085 109.692 0.10259796 1.66071e-07
1761226163.093 109.733 0.10259796 1.58998e-07
1761226163.103 109.775 0.10262496 9.78309e-08
1761226163.113 109.817 0.10267618 1.32478e-07
1761226163.123 109.858 0.10270412 1.39850e-07
1761226163.133 109.900 0.10276091 6.35722e-08
1761226163.143 109.941 0.10279629 9.69895e-08
1761226163.153 109.983 0.10282516 4.85992e-08
1761226163.163 110.025 0.10287731 8.00023e-08
