1761311859.064 33.800 0.03263440 5.01351e-08
1761311859.070 33.935 0.03265581 3.99404e-08
1761311859.118 34.069 0.03265302 4.57158e-08
1761311859.168 34.203 0.03264091 4.98174e-08
1761311859.218 34.336 0.03268840 4.61088e-08
1761311859.268 34.469 0.03279828 4.21666e-08
1761311859.318 34.602 0.03297612 4.60946e-08
1761311859.368 34.733 0.03313535 5.23101e-08
1761311859.418 34.865 0.03329457 4.56317e-08
1761311859.426 34.996 0.03329457 2.77470e-09
1761311859.436 35.126 0.03330761 7.39852e-08
1761311859.484 35.256 0.03341096 4.62628e-08
1761311859.535 35.385 0.03351152 4.62305e-08
1761311859.617 35.514 0.03377597 2.96431e-07
1761311859.626 35.643 0.03377597 3.89369e-07
1761311859.636 35.771 0.03379645 6.49563e-07
1761311859.646 35.898 0.03383276 9.79142e-07
1761311859.656 36.025 0.03387560 1.66152e-06
1761311859.666 36.152 0.03388677 2.99280e-06
1761311859.675 36.278 0.03395009 4.23660e-06
1761311859.685 36.404 0.03398361 5.79290e-06
1761311859.695 36.530 0.03400595 6.21723e-06
1761311859.705 36.654 0.03403761 6.27350e-06
1761311859.716 36.779 0.03405717 5.87113e-06
1761311859.725 36.903 0.03410372 5.15124e-06
1761311859.735 37.027 0.03413538 4.09254e-06
1761311859.745 37.150 0.03416239 2.44589e-06
1761311859.755 37.273 0.03419777 8.86619e-07
1761311859.765 37.395 0.03421546 4.19811e-07
1761311859.775 37.517 0.03428437 2.44467e-07
1761311859.785 37.639 0.03429461 1.48013e-07
1761311859.795 37.760 0.03434955 6.20042e-08
1761311859.805 37.881 0.03440541 7.42949e-08
1761311859.815 38.002 0.03445011 2.36060e-08
1761311859.825 38.122 0.03453391 5.20358e-08
1761311859.835 38.241 0.03459443 7.97902e-08
1761311859.883 38.361 0.03508980 7.22674e-08
1761311859.890 38.480 0.03521271 -3.38290e-09
1761311859.938 38.598 0.03588033 4.10513e-08
1761311859.946 38.717 0.03588033 1.95869e-08
1761311859.956 38.834 0.03601255 4.96603e-08
1761311859.965 38.952 0.03612336 3.09827e-08
1761311859.975 39.069 0.03626582 3.55540e-08
1761311859.985 39.186 0.03637569 7.49459e-08
1761311860.033 39.302 0.03687758 6.65854e-08
1761311860.040 39.419 0.03696324 -1.08483e-08
1761311860.088 39.534 0.03724351 3.24940e-08
1761311860.095 39.650 0.03724351 1.55000e-08
1761311860.105 39.765 0.03727796 4.61954e-08
1761311860.116 39.880 0.03729472 1.21272e-08
1761311860.147 39.994 0.03744557 2.61298e-08
1761311860.156 40.108 0.03745953 -7.30000e-12
1761311860.205 40.222 0.03756382 3.94399e-08
1761311860.257 40.336 0.03775191 -1.17781e-08
1761311860.265 40.449 0.03775191 4.35165e-08
1761311860.275 40.562 0.03781616 3.83518e-08
1761311860.285 40.674 0.03785806 6.51519e-08
1761311860.333 40.786 0.03812622 7.28580e-08
1761311860.339 40.898 0.03816720 1.40762e-08
1761311860.345 41.010 0.03816720 1.54480e-08
1761311860.355 41.121 0.03822679 4.64736e-08
1761311860.365 41.232 0.03825565 2.18204e-08
1761311860.375 41.343 0.03832270 4.03672e-08
1761311860.385 41.453 0.03835994 5.72306e-08
1761311860.432 41.564 0.03859552 6.95805e-08
1761311860.439 41.673 0.03865232 3.17919e-08
1761311860.445 41.783 0.03865232 1.59170e-08
1761311860.455 41.892 0.03869608 4.86667e-08
1761311860.465 42.001 0.03872588 2.32263e-08
1761311860.475 42.110 0.03880037 3.71675e-08
1761311860.485 42.218 0.03883761 5.27487e-08
1761311860.551 42.326 0.03929387 5.63072e-08
1761311860.557 42.434 0.03934135 -9.91010e-09
1761311860.605 42.542 0.03974826 2.98301e-08
1761311860.615 42.649 0.03974826 1.92735e-08
1761311860.625 42.756 0.03984603 3.51236e-08
1761311860.635 42.863 0.03989538 7.24561e-08
1761311860.711 42.970 0.04039540 2.00791e-08
1761311860.718 43.076 0.04044754 4.58191e-08
1761311860.784 43.182 0.04065891 5.06768e-08
1761311860.852 43.287 0.04083117 4.29898e-08
1761311860.903 43.393 0.04090101 4.86467e-08
1761311860.952 43.498 0.04098853 5.04161e-08
1761311861.002 43.603 0.04107140 5.30489e-08
1761311861.053 43.708 0.04115334 5.24126e-08
1761311861.103 43.812 0.04124739 5.40049e-08
1761311861.109 43.917 0.04125204 1.38530e-09
1761311861.115 44.020 0.04128650 7.32191e-08
1761311861.125 44.124 0.04128650 3.27641e-08
1761311861.135 44.228 0.04128091 4.29798e-08
1761311861.183 44.331 0.04138985 6.83014e-08
1761311861.189 44.434 0.04141499 1.71693e-08
1761311861.195 44.537 0.04144665 2.59502e-08
1761311861.205 44.639 0.04144665 4.70465e-08
1761311861.276 44.741 0.04169899 2.37464e-08
1761311861.285 44.844 0.04169899 6.93964e-08
1761311861.333 44.945 0.04194853 6.45275e-08
1761311861.340 45.047 0.04202023 7.62100e-09
1761311861.346 45.148 0.04207889 2.71608e-08
1761311861.355 45.249 0.04207889 4.49435e-08
1761311861.365 45.350 0.04213383 3.01954e-08
1761311861.375 45.451 0.04220552 3.81331e-08
1761311861.385 45.552 0.04223718 3.58092e-08
1761311861.395 45.652 0.04230795 -9.76280e-09
1761311861.405 45.752 0.04235916 5.50594e-08
1761311861.452 45.852 0.04261522 4.44573e-08
1761311861.503 45.951 0.04282659 5.43065e-08
1761311861.553 46.051 0.04310779 5.26539e-08
1761311861.603 46.150 0.04338993 5.26052e-08
1761311861.653 46.249 0.04360036 5.35450e-08
1761311861.703 46.347 0.04373072 6.00958e-08
1761311861.752 46.446 0.04377914 5.40384e-08
1761311861.814 46.544 0.04379870 2.91226e-08
1761311861.821 46.642 0.04383594 5.09027e-08
1761311861.869 46.740 0.04388995 5.00817e-08
1761311861.918 46.838 0.04399237 4.59606e-08
1761311861.986 46.935 0.04413670 6.30621e-08
1761311862.037 47.033 0.04425681 6.30447e-08
1761311862.086 47.130 0.04438252 6.21639e-08
1761311862.136 47.227 0.04446911 5.89921e-08
1761311862.187 47.323 0.04454081 5.51896e-08
1761311862.237 47.420 0.04461344 4.96287e-08
1761311862.287 47.516 0.04470562 4.84546e-08
1761311862.352 47.612 0.04479687 4.78357e-08
1761311862.402 47.708 0.04488533 4.81427e-08
1761311862.454 47.804 0.04497937 4.20725e-08
1761311862.504 47.899 0.04505852 3.92747e-08
1761311862.554 47.995 0.04515722 3.65665e-08
1761311862.564 48.090 0.04515722 3.58013e-08
1761311862.574 48.185 0.04518515 5.68770e-08
1761311862.622 48.280 0.04526989 3.37985e-08
1761311862.628 48.374 0.04526709 1.95780e-08
1761311862.634 48.469 0.04529782 4.98607e-08
1761311862.644 48.563 0.04529782 -1.19949e-08
1761311862.654 48.657 0.04530061 7.20139e-08
1761311862.702 48.751 0.04542818 4.95977e-08
1761311862.769 48.844 0.04566096 5.00382e-08
1761311862.819 48.938 0.04590306 5.31544e-08
1761311862.889 49.031 0.04621313 3.26776e-08
1761311862.896 49.124 0.04624292 1.81671e-08
1761311862.904 49.217 0.04624292 4.36071e-08
1761311862.952 49.310 0.04637049 4.75736e-08
1761311863.002 49.403 0.04641425 4.46987e-08
1761311863.052 49.495 0.04646547 4.17666e-08
1761311863.059 49.588 0.04647571 4.53560e-09
1761311863.065 49.680 0.04649712 7.55778e-08
1761311863.074 49.772 0.04649712 3.17237e-08
1761311863.122 49.863 0.04659210 3.23106e-08
1761311863.128 49.955 0.04660141 1.10929e-08
1761311863.134 50.046 0.04663028 4.32851e-08
1761311863.144 50.138 0.04663028 -1.25088e-08
1761311863.154 50.229 0.04666286 6.88176e-08
1761311863.202 50.320 0.04680719 4.75118e-08
1761311863.269 50.410 0.04712936 4.71741e-08
1761311863.319 50.501 0.04737891 4.93832e-08
1761311863.369 50.591 0.04761635 4.93805e-08
1761311863.452 50.682 0.04780630 4.44744e-07
1761311863.458 50.772 0.04782026 4.76395e-07
1761311863.463 50.862 0.04782026 6.04956e-07
1761311863.473 50.952 0.04784913 7.39673e-07
1761311863.483 51.041 0.04783702 8.87464e-07
1761311863.493 51.131 0.04785658 1.04670e-06
1761311863.503 51.220 0.04783796 1.34226e-06
1761311863.513 51.309 0.04785099 1.60805e-06
1761311863.523 51.398 0.04786310 1.90938e-06
1761311863.533 51.487 0.04785192 2.05052e-06
1761311863.543 51.576 0.04788079 2.54202e-06
1761311863.553 51.664 0.04788824 2.94510e-06
1761311863.563 51.753 0.04788358 3.13693e-06
1761311863.573 51.841 0.04788451 3.64961e-06
1761311863.583 51.929 0.04788451 4.34752e-06
1761311863.593 52.017 0.04792083 4.90485e-06
1761311863.603 52.105 0.04793945 6.03024e-06
1761311863.613 52.192 0.04795714 7.35665e-06
1761311863.623 52.280 0.04799625 8.78873e-06
1761311863.633 52.367 0.04802139 1.05370e-05
1761311863.643 52.455 0.04808843 1.24366e-05
1761311863.653 52.542 0.04814989 1.52540e-05
1761311863.663 52.629 0.04820482 1.66322e-05
1761311863.673 52.715 0.04827466 1.66791e-05
1761311863.683 52.802 0.04833611 1.51447e-05
1761311863.693 52.888 0.04844413 1.23798e-05
1761311863.703 52.975 0.04850837 8.28255e-06
1761311863.713 53.061 0.04858752 3.30349e-06
1761311863.723 53.147 0.04870298 1.25078e-06
1761311863.733 53.233 0.04877375 6.65327e-07
1761311863.743 53.319 0.04887896 2.05635e-07
1761311863.753 53.405 0.04900374 1.04012e-07
1761311863.763 53.490 0.04910244 5.23009e-08
1761311863.773 53.575 0.04920859 6.29068e-08
1761311863.783 53.661 0.04929797 3.56118e-08
1761311863.793 53.746 0.04943951 3.59905e-08
1761311863.803 53.831 0.04952052 8.51769e-08
1761311863.851 53.916 0.05005406 4.63571e-08
1761311863.901 54.000 0.05050100 5.72197e-08
1761311863.908 54.085 0.05057735 -5.97000e-11
1761311863.914 54.169 0.05064998 4.54887e-08
1761311863.923 54.254 0.05064998 6.54510e-08
1761311863.933 54.338 0.05069840 4.95489e-08
1761311863.943 54.422 0.05076730 5.47700e-08
1761311863.953 54.506 0.05081573 1.43266e-07
1761311864.006 54.590 0.05106434 3.38848e-07
1761311864.013 54.673 0.05106434 3.31326e-07
1761311864.023 54.757 0.05109320 3.26249e-07
1761311864.033 54.840 0.05110065 2.66500e-07
1761311864.043 54.924 0.05114720 3.72880e-07
1761311864.053 55.007 0.05116211 7.54610e-07
1761311864.063 55.090 0.05116583 1.15127e-06
1761311864.073 55.173 0.05119656 1.75540e-06
1761311864.083 55.256 0.05120866 2.80826e-06
1761311864.093 55.338 0.05124964 3.87932e-06
1761311864.103 55.421 0.05127571 5.97995e-06
1761311864.113 55.503 0.05129712 8.23784e-06
1761311864.123 55.585 0.05133436 1.20229e-05
1761311864.133 55.668 0.05135764 1.85441e-05
1761311864.143 55.750 0.05141351 2.88358e-05
1761311864.153 55.832 0.05144145 3.72035e-05
1761311864.163 55.913 0.05150197 5.14047e-05
1761311864.173 55.995 0.05155132 6.64173e-05
1761311864.183 56.077 0.05158391 7.31649e-05
1761311864.193 56.158 0.05165374 7.48910e-05
1761311864.203 56.240 0.05170775 6.88683e-05
1761311864.213 56.321 0.05177386 6.24348e-05
1761311864.223 56.402 0.05182787 4.90269e-05
1761311864.233 56.483 0.05188373 2.63263e-05
1761311864.243 56.564 0.05198150 7.72020e-06
1761311864.253 56.644 0.05205972 3.93262e-06
1761311864.263 56.725 0.05213514 2.87574e-06
1761311864.273 56.806 0.05223943 3.49916e-06
1761311864.283 56.886 0.05229902 4.03389e-06
1761311864.293 56.966 0.05239400 4.21043e-06
1761311864.303 57.047 0.05246848 3.87391e-06
1761311864.313 57.127 0.05255881 2.38682e-06
1761311864.323 57.207 0.05266216 1.10561e-06
1761311864.333 57.286 0.05274876 6.67866e-07
1761311864.343 57.366 0.05286515 2.69276e-07
1761311864.353 57.446 0.05294709 4.17307e-07
1761311864.363 57.525 0.05303369 7.11435e-07
1761311864.373 57.605 0.05313611 8.97383e-07
1761311864.383 57.684 0.05321619 8.16389e-07
1761311864.393 57.763 0.05333816 6.63146e-07
1761311864.403 57.842 0.05339124 4.01105e-07
1761311864.413 57.921 0.05346667 1.89004e-07
1761311864.423 58.000 0.05356444 1.92541e-07
1761311864.433 58.079 0.05363334 1.31304e-07
1761311864.443 58.158 0.05372645 1.42609e-07
1761311864.453 58.236 0.05378232 2.39814e-07
1761311864.463 58.315 0.05386984 2.44655e-07
1761311864.473 58.393 0.05396110 4.55119e-07
1761311864.483 58.471 0.05401231 8.57251e-07
1761311864.493 58.549 0.05409238 1.46827e-06
1761311864.503 58.627 0.05413801 2.03267e-06
1761311864.513 58.705 0.05421716 1.77430e-06
1761311864.560 58.783 0.05455050 1.16581e-06
1761311864.566 58.861 0.05461568 8.21106e-07
1761311864.573 58.938 0.05461568 5.32854e-07
1761311864.583 59.016 0.05466038 4.55254e-07
1761311864.593 59.093 0.05474325 4.11783e-07
1761311864.603 59.171 0.05480470 5.06839e-07
1761311864.613 59.248 0.05489223 4.48906e-07
1761311864.623 59.325 0.05496579 4.33471e-07
1761311864.633 59.402 0.05500955 3.62586e-07
1761311864.643 59.479 0.05508684 3.26106e-07
1761311864.653 59.556 0.05512874 3.39761e-07
1761311864.663 59.632 0.05520136 3.04673e-07
1761311864.673 59.709 0.05526282 3.46716e-07
1761311864.683 59.785 0.05530100 3.38328e-07
1761311864.693 59.862 0.05536990 5.69752e-07
1761311864.703 59.938 0.05540994 1.92034e-06
1761311864.713 60.014 0.05548257 5.61595e-06
1761311864.723 60.090 0.05554216 9.87312e-06
1761311864.733 60.166 0.05558872 1.85304e-05
1761311864.743 60.242 0.05565017 4.15160e-05
1761311864.753 60.318 0.05568742 6.46707e-05
1761311864.763 60.394 0.05575632 1.12012e-04
1761311864.773 60.470 0.05581964 1.64475e-04
1761311864.783 60.545 0.05586899 1.76408e-04
1761311864.793 60.621 0.05595838 1.68860e-04
1761311864.803 60.696 0.05599563 1.49846e-04
1761311864.813 60.771 0.05605987 1.16516e-04
1761311864.823 60.846 0.05614088 5.88488e-05
1761311864.833 60.922 0.05618092 1.87395e-05
1761311864.843 60.997 0.05627217 7.78358e-06
1761311864.853 61.071 0.05630569 4.37823e-06
1761311864.863 61.146 0.05639415 2.19721e-06
1761311864.873 61.221 0.05647330 1.19683e-06
1761311864.883 61.296 0.05654034 7.16737e-07
1761311864.893 61.370 0.05664555 3.45019e-07
1761311864.903 61.445 0.05670142 2.97599e-07
1761311864.913 61.519 0.05677219 2.78666e-07
1761311864.923 61.593 0.05686716 4.56377e-07
1761311864.933 61.667 0.05693235 6.72650e-07
1761311864.943 61.741 0.05702825 1.05047e-06
1761311864.953 61.815 0.05708784 1.68685e-06
1761311864.963 61.889 0.05716792 3.53429e-06
1761311864.973 61.963 0.05726290 5.61305e-06
1761311864.983 62.037 0.05731131 8.37445e-06
1761311864.993 62.110 0.05740070 9.05306e-06
1761311865.003 62.184 0.05746775 9.25162e-06
1761311865.013 62.257 0.05755621 8.51837e-06
1761311865.023 62.331 0.05763069 5.54710e-06
1761311865.033 62.404 0.05768377 3.46949e-06
1761311865.043 62.477 0.05775174 2.95272e-06
1761311865.053 62.550 0.05782065 2.36722e-06
1761311865.063 62.624 0.05790352 2.18983e-06
1761311865.113 62.696 0.05832253 4.76217e-07
1761311865.122 62.769 0.05832253 4.00546e-07
1761311865.132 62.842 0.05838771 2.50522e-07
1761311865.142 62.915 0.05846685 2.81477e-07
1761311865.152 62.987 0.05850410 4.15102e-07
1761311865.162 63.060 0.05857114 5.26540e-07
1761311865.172 63.132 0.05864750 6.78511e-07
1761311865.182 63.205 0.05867822 6.63278e-07
1761311865.192 63.277 0.05876109 6.21577e-07
1761311865.202 63.349 0.05881230 5.78172e-07
1761311865.212 63.421 0.05887842 4.64294e-07
1761311865.222 63.493 0.05893708 4.75976e-07
1761311865.232 63.565 0.05896222 5.58797e-07
1761311865.242 63.637 0.05902554 1.00589e-06
1761311865.252 63.709 0.05907116 1.67911e-06
1761311865.262 63.781 0.05911586 3.42479e-06
1761311865.272 63.852 0.05916707 4.42353e-06
1761311865.282 63.924 0.05918849 4.77108e-06
1761311865.292 63.995 0.05925459 4.68209e-06
1761311865.302 64.067 0.05929464 4.47434e-06
1761311865.312 64.138 0.05934305 3.79843e-06
1761311865.322 64.209 0.05938123 3.22012e-06
1761311865.332 64.280 0.05942965 2.21214e-06
1761311865.342 64.352 0.05948458 9.22249e-07
1761311865.352 64.423 0.05952649 6.16404e-07
1761311865.362 64.493 0.05958328 3.91680e-07
1761311865.372 64.564 0.05964195 4.47453e-07
1761311865.382 64.635 0.05968850 5.47232e-07
1761311865.392 64.706 0.05976672 8.29597e-07
1761311865.402 64.776 0.05981234 1.12389e-06
1761311865.412 64.847 0.05988870 1.36301e-06
1761311865.422 64.917 0.05996598 1.65853e-06
1761311865.432 64.988 0.06001440 1.63234e-06
1761311865.442 65.058 0.06010845 1.47833e-06
1761311865.452 65.128 0.06015128 1.17306e-06
1761311865.462 65.198 0.06022856 8.76189e-07
1761311865.472 65.268 0.06031888 5.54100e-07
1761311865.482 65.338 0.06038220 4.73707e-07
1761311865.492 65.408 0.06047531 6.06895e-07
1761311865.502 65.478 0.06052653 7.25068e-07
1761311865.512 65.548 0.06060846 5.94825e-07
1761311865.522 65.618 0.06068482 6.89853e-07
1761311865.532 65.687 0.06075838 1.20874e-06
1761311865.542 65.757 0.06083753 3.57428e-06
1761311865.552 65.826 0.06088967 6.31501e-06
1761311865.562 65.896 0.06097626 1.21297e-05
1761311865.572 65.965 0.06105914 3.04856e-05
1761311865.582 66.034 0.06111128 4.90755e-05
1761311865.592 66.104 0.06120905 8.53725e-05
1761311865.602 66.173 0.06125095 1.00668e-04
1761311865.612 66.242 0.06133009 9.78273e-05
1761311865.643 66.311 0.06160384 8.82068e-05
1761311865.668 66.380 0.06172955 3.03797e-06
1761311865.674 66.448 0.06180218 1.99447e-06
1761311865.683 66.517 0.06187015 1.38638e-06
1761311865.692 66.586 0.06187015 9.61398e-07
1761311865.702 66.655 0.06189902 7.12741e-07
1761311865.712 66.723 0.06196513 4.51504e-07
1761311865.722 66.792 0.06205824 4.31135e-07
1761311865.732 66.860 0.06210107 3.63272e-07
1761311865.742 66.928 0.06216532 3.40396e-07
1761311865.752 66.997 0.06220908 3.91706e-07
1761311865.762 67.065 0.06226309 3.94284e-07
1761311865.772 67.133 0.06230965 5.49835e-07
1761311865.782 67.201 0.06234968 6.99692e-07
1761311865.792 67.269 0.06241393 8.78697e-07
1761311865.802 67.337 0.06244280 9.76376e-07
1761311865.812 67.405 0.06250053 9.26697e-07
1761311865.822 67.472 0.06254615 9.28767e-07
1761311865.832 67.540 0.06257036 8.78667e-07
1761311865.842 67.608 0.06264765 7.89114e-07
1761311865.852 67.675 0.06268955 6.18018e-07
1761311865.862 67.743 0.06274076 3.74695e-07
1761311865.872 67.810 0.06279477 3.64290e-07
1761311865.882 67.878 0.06281711 3.09954e-07
1761311865.892 67.945 0.06288043 3.44628e-07
1761311865.902 68.012 0.06292419 4.20798e-07
1761311865.912 68.079 0.06300148 4.49414e-07
1761311865.922 68.147 0.06305921 5.93462e-07
1761311865.932 68.214 0.06309925 6.46566e-07
1761311865.942 68.281 0.06317188 8.64032e-07
1761311865.952 68.348 0.06322123 1.25271e-06
1761311865.962 68.414 0.06329944 1.56483e-06
1761311865.972 68.481 0.06335624 1.66598e-06
1761311865.982 68.548 0.06341397 1.42702e-06
1761311865.992 68.615 0.06348660 1.36657e-06
1761311866.002 68.681 0.06353874 1.26808e-06
1761311866.012 68.748 0.06361603 9.24101e-07
1761311866.022 68.814 0.06367189 7.35796e-07
1761311866.032 68.880 0.06373801 8.97781e-07
1761311866.042 68.947 0.06383391 1.49980e-06
1761311866.052 69.013 0.06389444 2.85325e-06
1761311866.062 69.079 0.06397638 4.12253e-06
1761311866.072 69.145 0.06403970 5.51562e-06
1761311866.082 69.212 0.06410673 5.50745e-06
1761311866.092 69.278 0.06419985 5.31070e-06
1761311866.102 69.343 0.06423616 4.72545e-06
1761311866.112 69.409 0.06430414 3.59573e-06
1761311866.122 69.475 0.06437677 1.91014e-06
1761311866.132 69.541 0.06444194 8.53069e-07
1761311866.142 69.607 0.06452854 6.40055e-07
1761311866.152 69.672 0.06456113 5.07885e-07
1761311866.162 69.738 0.06464214 3.52200e-07
1761311866.192 69.803 0.06490006 3.48645e-07
1761311866.202 69.869 0.06490006 4.24736e-07
1761311866.212 69.934 0.06495872 3.83083e-07
1761311866.222 70.000 0.06501366 4.49080e-07
1761311866.232 70.065 0.06506767 4.75207e-07
1761311866.242 70.130 0.06515054 5.64949e-07
1761311866.252 70.195 0.06517754 6.72536e-07
1761311866.262 70.260 0.06524458 6.05149e-07
1761311866.272 70.325 0.06531069 6.28788e-07
1761311866.282 70.390 0.06535166 5.59089e-07
1761311866.292 70.455 0.06541312 5.37643e-07
1761311866.302 70.520 0.06546712 5.64166e-07
1761311866.312 70.585 0.06553696 4.72467e-07
1761311866.322 70.650 0.06557979 5.46750e-07
1761311866.332 70.714 0.06561331 6.79079e-07
1761311866.342 70.779 0.06568314 8.61219e-07
1761311866.352 70.843 0.06572691 8.55765e-07
1761311866.362 70.908 0.06578464 7.54204e-07
1761311866.372 70.972 0.06582468 7.96848e-07
1761311866.382 71.037 0.06586658 6.37359e-07
1761311866.392 71.101 0.06594107 5.79445e-07
1761311866.402 71.165 0.06598111 4.25113e-07
1761311866.412 71.230 0.06602767 1.82531e-07
1761311866.422 71.294 0.06607608 1.32847e-07
1761311866.432 71.358 0.06611519 9.39677e-08
1761311866.442 71.422 0.06617944 1.12699e-07
1761311866.452 71.486 0.06621855 1.25887e-07
1761311866.462 71.550 0.06628466 8.24146e-08
1761311866.472 71.614 0.06635263 1.61590e-07
1761311866.482 71.677 0.06639733 1.43503e-07
1761311866.492 71.741 0.06646716 1.67986e-07
1761311866.502 71.805 0.06650254 1.53433e-07
1761311866.512 71.868 0.06659473 1.00360e-07
1761311866.522 71.932 0.06665618 1.64314e-07
1761311866.532 71.996 0.06670274 1.42922e-07
1761311866.542 72.059 0.06678188 1.84012e-07
1761311866.552 72.122 0.06681913 2.47676e-07
1761311866.562 72.186 0.06691411 2.18462e-07
1761311866.572 72.249 0.06697277 3.34016e-07
1761311866.582 72.312 0.06701466 3.71888e-07
1761311866.592 72.375 0.06711709 3.72049e-07
1761311866.602 72.439 0.06716831 3.48407e-07
1761311866.612 72.502 0.06724652 2.64312e-07
1761311866.622 72.565 0.06729028 2.59065e-07
1761311866.632 72.628 0.06734522 2.24332e-07
1761311866.642 72.691 0.06743088 1.78586e-07
1761311866.652 72.753 0.06747930 1.90554e-07
1761311866.662 72.816 0.06754821 1.09839e-07
1761311866.672 72.879 0.06760780 2.02410e-07
1761311866.682 72.942 0.06765715 1.90205e-07
1761311866.692 73.004 0.06773630 2.60012e-07
1761311866.702 73.067 0.06776888 5.41323e-07
1761311866.755 73.129 0.06814041 1.15239e-05
1761311866.779 73.192 0.06825308 4.24001e-05
1761311866.785 73.254 0.06831639 5.32023e-05
1761311866.791 73.317 0.06831639 6.87587e-05
1761311866.801 73.379 0.06837226 8.35940e-05
1761311866.812 73.441 0.06842347 9.63141e-05
1761311866.821 73.504 0.06847748 9.70744e-05
1761311866.831 73.566 0.06851845 9.39259e-05
1761311866.841 73.628 0.06857804 8.61593e-05
1761311866.851 73.690 0.06862646 7.56815e-05
1761311866.861 73.752 0.06867861 6.17830e-05
1761311866.871 73.814 0.06872144 4.28459e-05
1761311866.881 73.876 0.06875123 2.53588e-05
1761311866.891 73.938 0.06879500 1.37616e-05
1761311866.901 73.999 0.06881083 9.98489e-06
1761311866.911 74.061 0.06886762 7.46751e-06
1761311866.921 74.123 0.06891046 5.69277e-06
1761311866.931 74.185 0.06892070 4.10793e-06
1761311866.941 74.246 0.06897191 2.74505e-06
1761311866.951 74.308 0.06900171 1.59192e-06
1761311866.961 74.369 0.06904640 1.01871e-06
1761311866.971 74.431 0.06907806 6.83585e-07
1761311866.981 74.492 0.06909482 3.65995e-07
1761311866.991 74.553 0.06914976 2.22183e-07
1761311867.001 74.615 0.06917955 1.76777e-07
1761311867.011 74.676 0.06925125 8.09794e-08
1761311867.021 74.737 0.06928943 1.45752e-07
1761311867.031 74.798 0.06933226 9.51449e-08
1761311867.041 74.859 0.06938906 1.21360e-07
1761311867.051 74.920 0.06941234 8.15329e-08
1761311867.061 74.981 0.06948869 4.43023e-08
1761311867.071 75.042 0.06955667 1.15984e-07
1761311867.081 75.103 0.06960508 7.95278e-08
1761311867.091 75.164 0.06967958 1.12982e-07
1761311867.101 75.225 0.06972892 8.71436e-08
1761311867.111 75.285 0.06979597 5.23622e-08
1761311867.121 75.346 0.06986394 1.29005e-07
1761311867.131 75.407 0.06991422 9.20173e-08
1761311867.141 75.467 0.06999802 1.26568e-07
1761311867.151 75.528 0.07006599 9.19866e-08
1761311867.161 75.588 0.07014514 4.74251e-08
1761311867.171 75.649 0.07019635 1.23472e-07
1761311867.181 75.709 0.07026619 6.99656e-08
1761311867.191 75.770 0.07033882 1.03591e-07
1761311867.201 75.830 0.07037420 7.14062e-08
1761311867.211 75.890 0.07044590 4.24938e-08
1761311867.221 75.950 0.07052877 1.23822e-07
1761311867.231 76.011 0.07057346 7.73941e-08
1761311867.241 76.071 0.07063864 1.09041e-07
1761311867.251 76.131 0.07069637 6.73721e-08
1761311867.261 76.191 0.07076062 3.09801e-08
1761311867.271 76.251 0.07082021 1.12322e-07
1761311867.301 76.311 0.07098037 5.89480e-08
1761311867.325 76.371 0.07114797 3.47230e-08
1761311867.331 76.430 0.07114797 9.20909e-08
1761311867.342 76.490 0.07121502 1.13066e-07
1761311867.352 76.550 0.07126064 1.29966e-07
1761311867.362 76.610 0.07131557 1.11598e-07
1761311867.371 76.669 0.07135748 1.78666e-07
1761311867.382 76.729 0.07141428 1.76579e-07
1761311867.391 76.788 0.07148411 1.32954e-07
1761311867.401 76.848 0.07152508 1.85746e-07
1761311867.412 76.907 0.07157630 1.26798e-07
1761311867.422 76.967 0.07160981 1.78146e-07
1761311867.432 77.026 0.07165824 1.28735e-07
1761311867.442 77.086 0.07170758 1.31368e-07
1761311867.451 77.145 0.07173552 1.14448e-07
1761311867.461 77.204 0.07179977 5.29597e-08
1761311867.472 77.263 0.07182118 1.29407e-07
1761311867.482 77.322 0.07185098 9.34103e-08
1761311867.492 77.381 0.07193292 1.24453e-07
1761311867.502 77.441 0.07195899 1.29932e-07
1761311867.512 77.500 0.07200462 9.09597e-08
1761311867.522 77.558 0.07204745 1.60730e-07
1761311867.532 77.617 0.07207724 1.40585e-07
1761311867.542 77.676 0.07213404 1.54022e-07
1761311867.552 77.735 0.07216105 1.62715e-07
1761311867.561 77.794 0.07221505 1.24862e-07
1761311867.571 77.853 0.07226720 2.17359e-07
1761311867.582 77.911 0.07229699 1.62819e-07
1761311867.591 77.970 0.07235193 1.57778e-07
1761311867.601 78.029 0.07239662 2.53097e-07
1761311867.611 78.087 0.07246460 2.00319e-07
1761311867.621 78.146 0.07252046 2.68255e-07
1761311867.631 78.204 0.07257354 2.41178e-07
1761311867.641 78.263 0.07263220 2.84266e-07
1761311867.651 78.321 0.07268248 2.16280e-07
1761311867.661 78.379 0.07276349 1.69554e-07
1761311867.671 78.438 0.07281563 2.26326e-07
1761311867.681 78.496 0.07285288 1.42112e-07
1761311867.691 78.554 0.07293575 1.50284e-07
1761311867.701 78.612 0.07296741 8.49571e-08
1761311867.711 78.670 0.07305866 4.91609e-08
1761311867.721 78.728 0.07311732 1.17757e-07
1761311867.731 78.786 0.07316946 7.23671e-08
1761311867.741 78.844 0.07323371 1.25715e-07
1761311867.751 78.902 0.07327934 1.28634e-07
1761311867.761 78.960 0.07336314 1.68022e-07
1761311867.771 79.018 0.07341622 3.51260e-07
1761311867.781 79.076 0.07345439 4.59272e-07
1761311867.791 79.134 0.07353168 7.21694e-07
1761311867.801 79.192 0.07358382 1.08642e-06
1761311867.811 79.249 0.07366669 1.66357e-06
1761311867.821 79.307 0.07370394 2.62366e-06
1761311867.872 79.365 0.07401959 5.94829e-06
1761311867.881 79.422 0.07401959 5.58868e-06
1761311867.891 79.480 0.07409501 5.22312e-06
1761311867.901 79.537 0.07412295 4.57955e-06
1761311867.911 79.595 0.07420116 3.62845e-06
1761311867.921 79.652 0.07423468 2.54309e-06
1761311867.931 79.709 0.07427286 1.35995e-06
1761311867.941 79.767 0.07434456 9.51050e-07
1761311867.951 79.824 0.07437063 6.89260e-07
1761311867.961 79.881 0.07444419 4.99684e-07
1761311867.971 79.938 0.07447864 4.76858e-07
1761311867.981 79.996 0.07451774 3.31931e-07
1761311867.991 80.053 0.07456896 2.93499e-07
1761311868.003 80.110 0.07462018 1.97977e-07
1761311868.011 80.167 0.07466580 1.31032e-07
1761311868.021 80.224 0.07466580 1.67022e-07
1761311868.031 80.281 0.07470118 9.76308e-08
1761311868.041 80.338 0.07474495 1.21388e-07
1761311868.051 80.395 0.07475984 1.00111e-07
1761311868.061 80.451 0.07481385 7.93992e-08
1761311868.071 80.508 0.07484085 1.37862e-07
1761311868.081 80.565 0.07487065 9.14576e-08
1761311868.091 80.622 0.07493396 1.26495e-07
1761311868.101 80.678 0.07494234 9.11457e-08
1761311868.111 80.735 0.07501404 6.21996e-08
1761311868.121 80.792 0.07504384 1.22361e-07
1761311868.131 80.848 0.07507922 6.62878e-08
1761311868.141 80.905 0.07515092 9.28463e-08
1761311868.151 80.961 0.07518444 5.71533e-08
1761311868.161 81.018 0.07523751 3.45186e-08
1761311868.171 81.074 0.07527848 8.36667e-08
1761311868.219 81.130 0.07555782 4.46625e-08
1761311868.262 81.187 0.07584834 1.72936e-08
1761311868.277 81.243 0.07590327 2.31880e-09
1761311868.284 81.299 0.07599825 5.19165e-08
1761311868.291 81.355 0.07599825 -7.37880e-09
1761311868.339 81.412 0.07624686 7.87690e-08
1761311868.345 81.468 0.07627573 7.46497e-08
1761311868.353 81.524 0.07631484 1.24185e-07
1761311868.361 81.580 0.07631484 1.06359e-07
1761311868.371 81.636 0.07634929 1.94248e-07
1761311868.404 81.692 0.07643775 1.51112e-07
1761311868.425 81.748 0.07647033 1.29083e-07
1761311868.432 81.804 0.07649454 1.77450e-07
1761311868.441 81.860 0.07649454 1.67771e-07
1761311868.451 81.915 0.07649734 1.54248e-07
1761311868.461 81.971 0.07652621 1.38036e-07
1761311868.471 82.027 0.07653179 1.94029e-07
1761311868.481 82.083 0.07654948 1.23701e-07
1761311868.491 82.138 0.07657462 1.46986e-07
1761311868.501 82.194 0.07657742 1.14298e-07
1761311868.511 82.250 0.07663049 9.25292e-08
1761311868.520 82.305 0.07662770 1.40728e-07
1761311868.531 82.361 0.07663329 7.17112e-08
1761311868.540 82.416 0.07668357 9.08786e-08
1761311868.550 82.472 0.07672081 6.36269e-08
1761311868.560 82.527 0.07677668 5.50151e-08
1761311868.570 82.582 0.07678227 1.12656e-07
1761311868.618 82.638 0.07698432 8.13374e-08
1761311868.624 82.693 0.07704019 1.98198e-08
1761311868.631 82.748 0.07704019 5.58669e-08
1761311868.641 82.803 0.07709233 8.17653e-08
1761311868.651 82.859 0.07712585 5.13339e-08
1761311868.661 82.914 0.07719383 4.10258e-08
1761311868.671 82.969 0.07725435 9.83340e-08
1761311868.719 83.024 0.07750110 6.08976e-08
1761311868.724 83.079 0.07754766 -6.06700e-10
1761311868.730 83.134 0.07754766 3.96590e-08
1761311868.740 83.189 0.07760539 5.50590e-08
1761311868.750 83.244 0.07763612 3.24695e-08
1761311868.760 83.299 0.07770129 3.84244e-08
1761311868.770 83.354 0.07774413 9.07679e-08
1761311868.788 83.409 0.07783817 5.58987e-08
1761311868.794 83.463 0.07787169 4.95437e-08
1761311868.800 83.518 0.07787169 1.06433e-07
1761311868.810 83.573 0.07792197 7.36077e-08
1761311868.820 83.627 0.07794991 1.82639e-07
1761311868.830 83.682 0.07797877 1.89938e-07
1761311868.840 83.737 0.07802719 3.55177e-07
1761311868.850 83.791 0.07805047 4.54256e-07
1761311868.860 83.846 0.07809703 6.29116e-07
1761311868.870 83.900 0.07810634 9.16641e-07
1761311868.880 83.955 0.07813800 1.21418e-06
1761311868.890 84.009 0.07820132 1.62238e-06
1761311868.900 84.064 0.07821342 2.31423e-06
1761311868.910 84.118 0.07825066 2.66585e-06
1761311868.920 84.172 0.07828512 3.47062e-06
1761311868.950 84.227 0.07839313 4.48251e-06
1761311868.959 84.281 0.07845365 1.12647e-05
1761311868.965 84.335 0.07847320 1.33045e-05
1761311868.970 84.389 0.07847320 1.57253e-05
1761311868.980 84.443 0.07851511 1.89554e-05
1761311868.990 84.498 0.07858588 2.86024e-05
1761311869.000 84.552 0.07862126 3.41900e-05
1761311869.010 84.606 0.07868643 4.56211e-05
1761311869.020 84.660 0.07873299 6.07153e-05
1761311869.030 84.714 0.07878979 7.58364e-05
1761311869.040 84.768 0.07885777 8.70852e-05
1761311869.050 84.821 0.07889594 9.27464e-05
1761311869.060 84.875 0.07897136 9.38950e-05
1761311869.070 84.929 0.07900488 9.11743e-05
1761311869.080 84.983 0.07906541 8.60872e-05
1761311869.090 85.037 0.07912034 7.86651e-05
1761311869.100 85.091 0.07914641 6.92214e-05
1761311869.110 85.144 0.07923115 5.55814e-05
1761311869.120 85.198 0.07927491 4.00047e-05
1761311869.130 85.252 0.07932426 2.55596e-05
1761311869.140 85.305 0.07938665 1.44869e-05
1761311869.150 85.359 0.07942203 1.02673e-05
1761311869.160 85.412 0.07947697 7.50209e-06
1761311869.170 85.466 0.07953377 5.62219e-06
1761311869.180 85.519 0.07958405 4.08970e-06
1761311869.190 85.573 0.07962968 2.90053e-06
1761311869.200 85.626 0.07967251 2.08560e-06
1761311869.210 85.679 0.07973117 1.21877e-06
1761311869.220 85.733 0.07978610 8.23829e-07
1761311869.230 85.786 0.07984942 3.69915e-07
1761311869.240 85.839 0.07989225 1.61876e-07
1761311869.250 85.893 0.07993416 8.35158e-08
1761311869.260 85.946 0.07999095 6.52304e-08
1761311869.270 85.999 0.08003100 9.94248e-08
1761311869.318 86.052 0.08026471 7.54845e-08
1761311869.325 86.105 0.08031592 -4.04610e-09
1761311869.331 86.158 0.08037645 3.98198e-08
1761311869.340 86.211 0.08037645 6.23562e-08
1761311869.350 86.264 0.08041741 2.76195e-08
1761311869.360 86.317 0.08048725 3.69568e-08
1761311869.370 86.370 0.08050774 8.84388e-08
1761311869.418 86.423 0.08076193 7.43211e-08
1761311869.425 86.476 0.08080384 -3.52660e-09
1761311869.431 86.529 0.08084853 3.55078e-08
1761311869.440 86.582 0.08084853 6.21928e-08
1761311869.450 86.634 0.08086901 2.34700e-08
1761311869.460 86.687 0.08091837 4.35730e-08
1761311869.508 86.740 0.08109714 7.69909e-08
1761311869.515 86.793 0.08112042 5.76525e-08
1761311869.521 86.845 0.08116232 8.68731e-08
1761311869.530 86.898 0.08116232 5.56523e-08
1761311869.540 86.950 0.08119677 8.60662e-08
1761311869.550 87.003 0.08120515 5.44027e-08
1761311869.560 87.056 0.08125357 7.61661e-08
1761311869.570 87.108 0.08128709 1.09404e-07
1761311869.580 87.160 0.08131596 3.32206e-08
1761311869.590 87.213 0.08135414 7.98442e-08
1761311869.600 87.265 0.08136810 4.14610e-08
1761311869.610 87.318 0.08139976 6.67387e-08
1761311869.620 87.370 0.08141838 9.54351e-08
1761311869.630 87.422 0.08145563 2.88334e-08
1761311869.640 87.475 0.08149381 8.31896e-08
1761311869.650 87.527 0.08149567 5.05504e-08
1761311869.660 87.579 0.08155153 7.54803e-08
1761311869.670 87.631 0.08157109 1.10104e-07
1761311869.680 87.683 0.08161020 3.11807e-08
1761311869.690 87.736 0.08165117 8.13762e-08
1761311869.700 87.788 0.08168283 4.91530e-08
1761311869.710 87.840 0.08176383 6.99274e-08
1761311869.720 87.892 0.08178712 9.73570e-08
1761311869.730 87.944 0.08182529 2.75024e-08
1761311869.740 87.996 0.08185695 7.48077e-08
1761311869.750 88.048 0.08187650 3.37249e-08
1761311869.760 88.099 0.08195379 5.60285e-08
1761311869.770 88.151 0.08199382 8.86530e-08
1761311869.818 88.203 0.08224710 6.58590e-08
1761311869.824 88.255 0.08229737 -4.71860e-09
1761311869.830 88.307 0.08229737 2.73484e-08
1761311869.840 88.359 0.08237373 4.89872e-08
1761311869.850 88.410 0.08242028 9.49380e-09
1761311869.860 88.462 0.08249384 3.86303e-08
1761311869.870 88.514 0.08251433 6.80769e-08
1761311869.918 88.565 0.08279926 7.33287e-08
1761311869.924 88.617 0.08286164 4.29170e-09
1761311869.931 88.668 0.08289517 3.85126e-08
1761311869.940 88.720 0.08289517 7.58726e-08
1761311869.950 88.771 0.08292030 4.66527e-08
1761311869.960 88.823 0.08298083 6.35488e-08
1761311869.970 88.874 0.08299665 1.13802e-07
1761311869.980 88.926 0.08302273 5.43393e-08
1761311869.990 88.977 0.08306277 1.24056e-07
1761311870.000 89.029 0.08307766 1.05624e-07
1761311870.010 89.080 0.08311957 1.58927e-07
1761311870.060 89.131 0.08329648 5.46370e-07
1761311870.070 89.182 0.08329648 6.58337e-07
1761311870.080 89.234 0.08332162 7.41138e-07
1761311870.090 89.285 0.08334956 8.92005e-07
1761311870.100 89.336 0.08336725 1.04512e-06
1761311870.110 89.387 0.08343522 1.20749e-06
1761311870.120 89.438 0.08346316 1.46069e-06
1761311870.130 89.489 0.08348364 1.59693e-06
1761311870.140 89.541 0.08353206 1.72117e-06
1761311870.150 89.592 0.08356093 1.79463e-06
1761311870.160 89.643 0.08360841 1.77756e-06
1761311870.170 89.694 0.08362517 1.85681e-06
1761311870.180 89.744 0.08367359 1.75567e-06
1761311870.190 89.795 0.08372853 1.75340e-06
1761311870.200 89.846 0.08373318 1.63937e-06
1761311870.210 89.897 0.08377229 1.59622e-06
1761311870.220 89.948 0.08378812 1.52014e-06
1761311870.230 89.999 0.08384213 1.31922e-06
1761311870.240 90.050 0.08387099 1.22152e-06
1761311870.250 90.100 0.08390731 9.98682e-07
1761311870.260 90.151 0.08396504 8.39001e-07
1761311870.270 90.202 0.08398646 6.85175e-07
1761311870.280 90.252 0.08401253 4.38552e-07
1761311870.289 90.303 0.08407863 3.57947e-07
1761311870.299 90.354 0.08411588 2.23990e-07
1761311870.309 90.404 0.08416616 2.08119e-07
1761311870.319 90.455 0.08420527 1.79364e-07
1761311870.329 90.505 0.08425928 1.10331e-07
1761311870.339 90.556 0.08430397 1.41277e-07
1761311870.349 90.606 0.08434494 7.96380e-08
1761311870.359 90.657 0.08442222 9.48645e-08
1761311870.369 90.707 0.08444923 1.03497e-07
1761311870.379 90.757 0.08449206 2.81236e-08
1761311870.389 90.808 0.08454792 7.57890e-08
1761311870.399 90.858 0.08459914 3.21600e-08
1761311870.409 90.908 0.08464476 4.97909e-08
1761311870.419 90.959 0.08468667 6.78876e-08
1761311870.429 91.009 0.08476675 4.41750e-09
1761311870.439 91.059 0.08481237 5.59641e-08
1761311870.449 91.109 0.08485985 1.95860e-08
1761311870.459 91.160 0.08493342 4.42697e-08
1761311870.469 91.210 0.08496321 6.92970e-08
1761311870.517 91.260 0.08520903 8.41211e-08
1761311870.524 91.310 0.08525093 1.71304e-08
1761311870.530 91.360 0.08531798 4.14618e-08
1761311870.539 91.410 0.08531798 6.08263e-08
1761311870.549 91.460 0.08535988 3.12198e-08
1761311870.559 91.510 0.08540736 5.04722e-08
1761311870.591 91.560 0.08556193 6.81224e-08
1761311870.600 91.610 0.08562525 8.41940e-08
1761311870.610 91.660 0.08562525 4.73959e-08
1761311870.620 91.709 0.08565505 8.26593e-08
1761311870.668 91.759 0.08582637 7.64907e-08
1761311870.676 91.809 0.08587479 -4.16480e-09
1761311870.682 91.859 0.08589993 6.59088e-08
1761311870.689 91.909 0.08589993 6.28765e-08
1761311870.699 91.958 0.08591576 2.60532e-08
1761311870.709 92.008 0.08597443 4.75825e-08
1761311870.719 92.058 0.08599212 6.20115e-08
1761311870.729 92.107 0.08602191 9.23900e-10
1761311870.739 92.157 0.08604147 5.62711e-08
1761311870.749 92.207 0.08606288 2.66616e-08
1761311870.759 92.256 0.08611037 4.86918e-08
1761311870.769 92.306 0.08610292 6.44605e-08
1761311870.779 92.355 0.08613272 2.02300e-10
1761311870.789 92.405 0.08618113 5.64557e-08
1761311870.799 92.454 0.08620535 2.82122e-08
1761311870.809 92.504 0.08625190 4.74037e-08
1761311870.819 92.553 0.08626494 5.50850e-08
1761311870.867 92.602 0.08640740 8.59764e-08
1761311870.874 92.652 0.08647258 1.98018e-08
1761311870.880 92.701 0.08652752 3.31976e-08
1761311870.889 92.750 0.08652752 4.65717e-08
1761311870.899 92.800 0.08655545 2.84917e-08
1761311870.909 92.849 0.08661132 4.41483e-08
1761311870.919 92.898 0.08662435 4.92190e-08
1761311870.929 92.947 0.08667464 -7.85690e-09
1761311870.939 92.996 0.08672957 5.60927e-08
1761311870.949 93.046 0.08676217 2.79555e-08
1761311870.959 93.095 0.08681989 4.98491e-08
1761311870.969 93.144 0.08683665 6.27854e-08
1761311870.979 93.193 0.08688507 -1.29730e-09
1761311870.989 93.242 0.08695956 6.39264e-08
1761311870.999 93.291 0.08698191 3.99728e-08
1761311871.009 93.340 0.08703126 5.70963e-08
1761311871.019 93.389 0.08706571 5.99787e-08
1761311871.029 93.438 0.08711134 5.61190e-09
1761311871.039 93.487 0.08715138 6.86343e-08
1761311871.049 93.536 0.08717745 4.12180e-08
1761311871.059 93.584 0.08724542 5.87655e-08
1761311871.069 93.633 0.08727056 6.65041e-08
1761311871.079 93.682 0.08731898 1.41380e-09
1761311871.089 93.731 0.08735064 6.61533e-08
1761311871.099 93.780 0.08736833 3.42807e-08
1761311871.190 93.828 0.08782738 5.81267e-08
1761311871.199 93.877 0.08782738 4.98901e-08
1761311871.209 93.926 0.08789256 6.52183e-08
1761311871.219 93.974 0.08790467 6.52924e-08
1761311871.229 94.023 0.08795215 2.19065e-08
1761311871.239 94.072 0.08801175 9.05493e-08
1761311871.249 94.120 0.08804806 7.54586e-08
1761311871.259 94.169 0.08809927 9.41874e-08
1761311871.269 94.217 0.08811696 8.87436e-08
1761311871.279 94.266 0.08815607 3.51638e-08
1761311871.289 94.314 0.08819797 1.00513e-07
1761311871.299 94.363 0.08820915 8.11635e-08
1761311871.309 94.411 0.08825477 9.50945e-08
1761311871.319 94.460 0.08824360 7.81551e-08
1761311871.329 94.508 0.08829481 3.36098e-08
1761311871.339 94.556 0.08829668 1.01224e-07
1761311871.349 94.605 0.08830040 7.31954e-08
1761311871.359 94.653 0.08833578 8.62225e-08
1761311871.369 94.701 0.08834602 7.51501e-08
1761311871.379 94.749 0.08836278 1.93938e-08
1761311871.389 94.798 0.08838234 8.79869e-08
1761311871.399 94.846 0.08838885 5.56468e-08
1761311871.409 94.894 0.08843448 6.61332e-08
1761311871.419 94.942 0.08845776 5.09302e-08
1761311871.429 94.990 0.08850711 3.78580e-09
1761311871.439 95.038 0.08854342 6.53968e-08
1761311871.449 95.087 0.08856205 4.52543e-08
1761311871.459 95.135 0.08860301 5.62346e-08
1761311871.469 95.183 0.08862350 5.02221e-08
1761311871.479 95.231 0.08867658 -8.67100e-10
1761311871.489 95.279 0.08872127 6.56766e-08
1761311871.499 95.327 0.08875200 3.08629e-08
1761311871.509 95.375 0.08882369 5.35676e-08
1761311871.519 95.422 0.08887025 4.16818e-08
1761311871.555 95.470 0.08909373 6.15688e-08
1761311871.561 95.518 0.08912631 6.50843e-08
1761311871.569 95.566 0.08912631 1.10256e-07
1761311871.579 95.614 0.08918498 3.25719e-08
1761311871.589 95.662 0.08924270 1.22710e-07
1761311871.599 95.709 0.08928833 1.08174e-07
1761311871.609 95.757 0.08936561 1.44629e-07
1761311871.619 95.805 0.08939355 1.48300e-07
1761311871.629 95.853 0.08945035 1.31106e-07
1761311871.639 95.900 0.08951087 2.43339e-07
1761311871.649 95.948 0.08954719 2.47902e-07
1761311871.659 95.996 0.08961236 2.82756e-07
1761311871.669 96.043 0.08963658 3.41990e-07
1761311871.679 96.091 0.08968686 3.52092e-07
1761311871.689 96.138 0.08972131 4.96713e-07
1761311871.699 96.186 0.08974738 5.98366e-07
1761311871.746 96.233 0.08994292 1.26220e-06
1761311871.755 96.281 0.08998948 2.61657e-06
1761311871.761 96.328 0.08998948 2.93151e-06
1761311871.769 96.376 0.08998948 3.37324e-06
1761311871.779 96.423 0.09003882 3.76137e-06
1761311871.789 96.471 0.09009004 4.53442e-06
1761311871.799 96.518 0.09012356 5.28181e-06
1761311871.809 96.565 0.09015708 6.22375e-06
1761311871.819 96.613 0.09016173 7.18800e-06
1761311871.829 96.660 0.09021947 8.05661e-06
1761311871.839 96.707 0.09025298 8.63721e-06
1761311871.849 96.755 0.09028651 8.98770e-06
1761311871.859 96.802 0.09034610 9.06377e-06
1761311871.869 96.849 0.09036007 8.91333e-06
1761311871.879 96.896 0.09038242 8.60391e-06
1761311871.889 96.943 0.09041594 8.40853e-06
1761311871.899 96.990 0.09045877 8.08874e-06
1761311871.909 97.038 0.09053047 7.76694e-06
1761311871.919 97.085 0.09054443 7.30749e-06
1761311871.929 97.132 0.09057423 6.61901e-06
1761311871.939 97.179 0.09060588 5.96740e-06
1761311871.949 97.226 0.09064034 5.22410e-06
1761311871.959 97.273 0.09069527 4.26149e-06
1761311871.969 97.320 0.09072042 3.30656e-06
1761311871.979 97.367 0.09076697 2.37571e-06
1761311871.989 97.414 0.09080422 1.54291e-06
1761311871.999 97.461 0.09081818 1.07082e-06
1761311872.009 97.508 0.09090199 7.41532e-07
1761311872.019 97.554 0.09091968 5.72562e-07
1761311872.029 97.601 0.09097182 3.76843e-07
1761311872.039 97.648 0.09100534 3.38597e-07
1761311872.049 97.695 0.09105190 2.73489e-07
1761311872.059 97.742 0.09111987 2.29237e-07
1761311872.069 97.788 0.09114129 2.15357e-07
1761311872.079 97.835 0.09126140 1.18241e-07
1761311872.089 97.882 0.09126140 1.32745e-07
1761311872.099 97.929 0.09129772 8.01538e-08
1761311872.109 97.975 0.09136103 7.84302e-08
1761311872.119 98.022 0.09139083 1.00548e-07
1761311872.128 98.068 0.09143460 1.09511e-08
1761311872.138 98.115 0.09146439 7.86585e-08
1761311872.187 98.162 0.09172046 4.09711e-08
1761311872.193 98.208 0.09175677 -9.14450e-09
1761311872.243 98.255 0.09199607 -1.52771e-08
1761311872.250 98.301 0.09205194 5.84528e-08
1761311872.335 98.348 0.09229776 9.51324e-09
1761311872.342 98.394 0.09231731 9.73140e-10
1761311872.349 98.441 0.09231731 -7.25555e-09
1761311872.358 98.487 0.09236200 1.02733e-08
1761311872.368 98.533 0.09233873 -6.09078e-09
1761311872.378 98.580 0.09237131 -2.52962e-09
1761311872.388 98.626 0.09238529 8.11990e-10
1761311872.398 98.673 0.09238529 -1.43268e-08
1761311872.408 98.719 0.09241601 1.91166e-09
1761311872.418 98.765 0.09242067 -1.86992e-08
1761311872.428 98.811 0.09243184 -1.20734e-08
1761311872.438 98.858 0.09244115 -8.98086e-09
1761311872.452 98.904 0.09244581 -4.35700e-10
1761311872.458 98.950 0.09244581 -5.98246e-08
1761311872.468 98.996 0.09242998 -1.79647e-08
1761311872.478 99.042 0.09246908 -5.86746e-08
1761311872.527 99.089 0.09256127 -6.15343e-08
1761311872.533 99.135 0.09257616 4.94180e-09
1761311872.581 99.181 0.09276332 -5.27425e-08
1761311872.588 99.227 0.09276332 -2.15203e-08
1761311872.599 99.273 0.09281547 -5.91016e-08
1761311872.609 99.319 0.09288344 -4.70695e-08
1761311872.698 99.365 0.09323913 -4.56154e-08
1761311872.748 99.411 0.09334342 -2.83694e-08
1761311872.825 99.457 0.09344026 -1.05899e-08
1761311872.832 99.503 0.09343281 -8.83367e-09
1761311872.839 99.549 0.09340767 9.03729e-09
1761311872.848 99.595 0.09340767 -5.58290e-09
1761311872.858 99.641 0.09344119 1.25340e-08
1761311872.868 99.687 0.09342536 -1.25502e-09
1761311872.878 99.732 0.09343560 1.06139e-08
1761311872.888 99.778 0.09343095 1.31413e-08
1761311872.898 99.824 0.09345143 2.34030e-09
1761311872.908 99.870 0.09346074 2.00082e-08
1761311872.918 99.916 0.09344864 3.33599e-09
1761311872.928 99.961 0.09344864 1.68939e-08
1761311872.938 100.007 0.09346820 1.95305e-08
1761311872.948 100.053 0.09347192 8.76323e-09
1761311872.962 100.098 0.09349334 9.38360e-09
1761311872.968 100.144 0.09349334 6.45615e-08
1761311872.978 100.190 0.09352127 -9.07160e-09
1761311872.988 100.235 0.09352592 6.19012e-08
1761311873.036 100.281 0.09367397 4.85922e-08
1761311873.086 100.326 0.09387230 5.26505e-08
1761311873.136 100.372 0.09410974 5.40737e-08
1761311873.186 100.418 0.09427083 5.65618e-08
1761311873.236 100.463 0.09438815 5.77065e-08
1761311873.287 100.509 0.09441143 5.59865e-08
1761311873.362 100.554 0.09441050 4.41657e-08
1761311873.369 100.599 0.09443843 6.36507e-08
1761311873.378 100.645 0.09443843 -2.95250e-09
1761311873.388 100.690 0.09443098 6.19805e-08
1761311873.439 100.736 0.09445147 5.45528e-08
1761311873.448 100.781 0.09445147 2.20446e-08
1761311873.458 100.826 0.09449710 6.18833e-08
1761311873.468 100.872 0.09449430 4.12773e-08
1761311873.478 100.917 0.09449710 -5.34790e-09
1761311873.488 100.962 0.09449430 7.56668e-08
1761311873.537 101.008 0.09460325 5.23694e-08
1761311873.587 101.053 0.09469915 4.95488e-08
1761311873.637 101.098 0.09482672 5.50924e-08
1761311873.687 101.143 0.09495708 9.04262e-08
1761311873.693 101.188 0.09498315 4.76851e-08
1761311873.700 101.234 0.09501853 1.30512e-07
1761311873.708 101.279 0.09501853 9.20448e-08
1761311873.718 101.324 0.09501294 1.11786e-07
1761311873.728 101.369 0.09503716 1.18125e-07
1761311873.738 101.414 0.09504181 1.94134e-07
1761311873.748 101.459 0.09505857 1.48592e-07
1761311873.758 101.504 0.09508278 2.02808e-07
1761311873.768 101.549 0.09507906 2.84870e-07
1761311873.780 101.594 0.09509209 2.57158e-07
1761311873.788 101.639 0.09509209 2.87724e-07
1761311873.798 101.684 0.09509954 2.96161e-07
1761311873.808 101.729 0.09512748 3.41524e-07
1761311873.818 101.774 0.09511071 3.45460e-07
1761311873.828 101.819 0.09512561 3.61936e-07
1761311873.838 101.864 0.09513306 4.49406e-07
1761311873.848 101.909 0.09514331 4.39100e-07
1761311873.857 101.954 0.09516658 4.86794e-07
1761311873.868 101.998 0.09516938 5.49867e-07
1761311873.914 102.043 0.09533232 7.21786e-07
1761311873.920 102.088 0.09539937 1.05519e-06
1761311873.928 102.133 0.09539937 1.12901e-06
1761311873.937 102.177 0.09542078 1.27135e-06
1761311873.947 102.222 0.09545802 1.47188e-06
1761311873.957 102.267 0.09551576 1.71934e-06
1761311873.967 102.312 0.09554928 1.99977e-06
1761311873.977 102.356 0.09560422 2.48315e-06
1761311873.987 102.401 0.09564612 2.97553e-06
1761311873.997 102.446 0.09567498 3.47763e-06
1761311874.007 102.490 0.09573644 4.24765e-06
1761311874.017 102.535 0.09576344 5.28530e-06
1761311874.027 102.579 0.09582583 6.73957e-06
1761311874.037 102.624 0.09584724 8.54921e-06
1761311874.047 102.668 0.09589100 1.09230e-05
1761311874.057 102.713 0.09594036 1.50109e-05
1761311874.067 102.757 0.09598132 1.90128e-05
1761311874.077 102.802 0.09603812 2.59870e-05
1761311874.087 102.846 0.09605675 3.04392e-05
1761311874.097 102.891 0.09609585 3.68004e-05
1761311874.107 102.935 0.09613496 4.44161e-05
1761311874.117 102.980 0.09614427 5.07200e-05
1761311874.127 103.024 0.09618524 5.83207e-05
1761311874.137 103.068 0.09622528 6.62893e-05
1761311874.147 103.113 0.09625880 7.39254e-05
1761311874.157 103.157 0.09631746 8.35597e-05
1761311874.167 103.201 0.09633981 9.36048e-05
1761311874.177 103.246 0.09636868 1.02056e-04
1761311874.187 103.290 0.09639382 1.11031e-04
1761311874.197 103.334 0.09644783 1.19145e-04
1761311874.207 103.378 0.09648600 1.21860e-04
1761311874.217 103.423 0.09649438 1.22754e-04
1761311874.227 103.467 0.09654652 1.22276e-04
1761311874.237 103.511 0.09658377 1.17875e-04
1761311874.247 103.555 0.09662846 1.13338e-04
1761311874.257 103.599 0.09667130 1.07133e-04
1761311874.267 103.643 0.09668154 9.98891e-05
1761311874.277 103.687 0.09675882 9.26480e-05
1761311874.287 103.732 0.09679421 8.45866e-05
1761311874.297 103.776 0.09682586 7.45945e-05
1761311874.307 103.820 0.09689384 6.52460e-05
1761311874.317 103.864 0.09690036 5.42159e-05
1761311874.327 103.908 0.09697019 4.23614e-05
1761311874.337 103.952 0.09701675 2.92421e-05
1761311874.347 103.996 0.09705306 1.77624e-05
1761311874.357 104.040 0.09711079 9.09140e-06
1761311874.367 104.083 0.09713407 5.24279e-06
1761311874.377 104.127 0.09718342 2.74294e-06
1761311874.387 104.171 0.09722905 1.39381e-06
1761311874.397 104.215 0.09728491 8.58418e-07
1761311874.407 104.259 0.09733613 5.17979e-07
1761311874.417 104.303 0.09736220 2.87837e-07
1761311874.467 104.347 0.09756053 9.57382e-08
1761311874.474 104.390 0.09763036 4.42285e-08
1761311874.481 104.434 0.09764619 3.88867e-08
1761311874.487 104.478 0.09764619 6.07505e-08
1761311874.553 104.522 0.09793019 6.01856e-08
1761311874.603 104.565 0.09810804 5.27744e-08
1761311874.653 104.609 0.09822350 5.30212e-08
1761311874.703 104.653 0.09827564 5.41463e-08
1761311874.753 104.697 0.09831381 5.44393e-08
1761311874.803 104.740 0.09834082 5.48918e-08
1761311874.853 104.784 0.09835199 5.48756e-08
1761311874.903 104.827 0.09839762 5.41989e-08
1761311874.971 104.871 0.09847770 6.30169e-08
1761311875.021 104.915 0.09854753 5.48470e-08
1761311875.070 104.958 0.09858664 5.53913e-08
1761311875.120 105.002 0.09863319 5.56680e-08
1761311875.170 105.045 0.09865368 5.51634e-08
1761311875.220 105.089 0.09868627 5.63091e-08
1761311875.287 105.132 0.09875703 6.08441e-08
1761311875.338 105.176 0.09881104 6.13286e-08
1761311875.388 105.219 0.09884922 6.39713e-08
1761311875.397 105.263 0.09884922 3.78105e-08
1761311875.407 105.306 0.09887156 5.84067e-08
1761311875.417 105.349 0.09885108 2.30586e-08
1761311875.427 105.393 0.09888088 5.19364e-08
1761311875.437 105.436 0.09887343 6.87169e-08
1761311875.485 105.479 0.09890509 9.10171e-08
1761311875.492 105.523 0.09893395 7.18820e-09
1761311875.498 105.566 0.09894978 4.53831e-08
1761311875.528 105.609 0.09895071 6.25236e-08
1761311875.551 105.653 0.09899820 8.80937e-08
1761311875.558 105.696 0.09901682 1.57872e-08
1761311875.567 105.739 0.09901682 4.82095e-08
1761311875.577 105.782 0.09905500 4.40021e-08
1761311875.587 105.826 0.09905779 8.88126e-08
1761311875.597 105.869 0.09908572 4.08175e-08
1761311875.607 105.912 0.09912204 5.93820e-08
1761311875.617 105.955 0.09913228 4.40422e-08
1761311875.627 105.998 0.09917139 5.11862e-08
1761311875.637 106.041 0.09917791 8.98910e-08
1761311875.686 106.084 0.09930640 5.75223e-08
1761311875.754 106.128 0.09952522 1.68716e-08
1761311875.760 106.171 0.09953640 -9.86580e-09
1761311875.802 106.214 0.09966210 -8.30292e-09
1761311875.808 106.257 0.09968352 -1.93936e-08
1761311875.823 106.300 0.09972821 -1.96458e-08
1761311875.829 106.343 0.09971331 -4.25456e-08
1761311875.836 106.386 0.09971331 5.13300e-09
1761311875.846 106.429 0.09975521 -6.84145e-08
1761311875.894 106.472 0.09984739 -4.37715e-08
1761311875.900 106.514 0.09986043 1.01640e-08
1761311875.948 106.557 0.09989954 -3.45007e-08
1761311875.957 106.600 0.09989954 -2.05663e-08
1761311875.967 106.643 0.09989023 -2.78178e-08
1761311876.015 106.686 0.09999545 -3.11474e-08
1761311876.088 106.729 0.10016491 1.37370e-08
1761311876.097 106.772 0.10016491 -2.30467e-08
1761311876.107 106.814 0.10019937 3.59150e-09
1761311876.149 106.857 0.10029806 -1.60011e-08
1761311876.157 106.900 0.10029806 2.32963e-09
1761311876.167 106.943 0.10029341 -1.31609e-08
1761311876.177 106.986 0.10032879 3.01438e-09
1761311876.187 107.028 0.10033345 -2.82256e-09
1761311876.197 107.071 0.10034834 -1.29453e-08
1761311876.207 107.114 0.10035114 2.46074e-09
1761311876.217 107.156 0.10037069 -1.47080e-08
1761311876.227 107.199 0.10039490 2.72007e-09
1761311876.237 107.242 0.10037814 -5.86644e-09
1761311876.247 107.284 0.10039583 -1.17966e-08
1761311876.257 107.327 0.10040236 3.50586e-09
1761311876.267 107.369 0.10040514 -1.10470e-08
1761311876.277 107.412 0.10044705 5.55566e-09
1761311876.287 107.455 0.10044332 -4.58382e-09
1761311876.297 107.497 0.10045450 -1.10757e-08
1761311876.307 107.540 0.10048336 3.86420e-09
1761311876.317 107.582 0.10047871 -1.34894e-08
1761311876.327 107.625 0.10051409 4.38530e-09
1761311876.337 107.667 0.10052992 -4.65003e-09
1761311876.347 107.709 0.10056716 -1.01005e-08
1761311876.357 107.752 0.10060254 4.32522e-09
1761311876.367 107.794 0.10062209 -9.72989e-09
1761311876.376 107.837 0.10067424 7.05452e-09
1761311876.387 107.879 0.10069100 1.13412e-09
1761311876.397 107.921 0.10074501 -8.76609e-09
1761311876.407 107.964 0.10078784 5.55610e-09
1761311876.416 108.006 0.10081763 -1.10567e-08
1761311876.427 108.048 0.10087537 7.54277e-09
1761311876.437 108.091 0.10091727 -1.98894e-09
1761311876.447 108.133 0.10094893 -6.86230e-09
1761311876.457 108.175 0.10099548 7.95464e-09
1761311876.466 108.218 0.10102993 -3.50212e-09
1761311876.476 108.260 0.10109977 1.26789e-08
1761311876.486 108.302 0.10112864 1.64729e-09
1761311876.496 108.344 0.10117892 -3.13494e-09
1761311876.506 108.386 0.10122547 1.35128e-08
1761311876.516 108.429 0.10125899 -3.64225e-09
1761311876.559 108.471 0.10147036 6.67210e-09
1761311876.566 108.513 0.10147036 1.28289e-08
1761311876.580 108.555 0.10155975 1.52584e-08
1761311876.586 108.597 0.10161283 3.41265e-08
1761311876.617 108.639 0.10174133 -1.20158e-08
1761311876.671 108.681 0.10190799 1.40806e-07
1761311876.681 108.723 0.10191730 1.09993e-07
1761311876.688 108.765 0.10195920 1.24297e-07
1761311876.696 108.807 0.10195920 1.13307e-07
1761311876.706 108.849 0.10198994 1.51217e-07
1761311876.716 108.891 0.10198714 1.38095e-07
1761311876.726 108.933 0.10204860 1.56987e-07
1761311876.736 108.975 0.10206443 1.78822e-07
1761311876.746 109.017 0.10208118 1.36553e-07
1761311876.756 109.059 0.10209888 2.36462e-07
1761311876.766 109.101 0.10210446 2.02279e-07
1761311876.776 109.143 0.10212960 1.60647e-07
1761311876.786 109.185 0.10212308 2.21554e-07
1761311876.796 109.227 0.10215381 1.82991e-07
1761311876.806 109.268 0.10216872 2.34282e-07
1761311876.816 109.310 0.10218267 2.32114e-07
1761311876.833 109.352 0.10220875 2.87529e-07
1761311876.838 109.394 0.10224600 2.33782e-07
1761311876.846 109.436 0.10224600 2.51223e-07
1761311876.856 109.477 0.10225065 2.57614e-07
1761311876.866 109.519 0.10226648 2.59783e-07
1761311876.876 109.561 0.10232421 2.48482e-07
1761311876.886 109.603 0.10234842 2.51711e-07
1761311876.896 109.644 0.10237914 1.99495e-07
1761311876.906 109.686 0.10240242 2.57730e-07
1761311876.916 109.728 0.10243223 2.37756e-07
1761311876.935 109.769 0.10250485 2.29274e-07
1761311876.941 109.811 0.10254582 1.52411e-07
1761311876.947 109.853 0.10260634 2.14039e-07
1761311876.956 109.894 0.10260634 2.15876e-07
1761311876.966 109.936 0.10262777 1.81138e-07
1761311876.976 109.977 0.10268177 1.92233e-07
1761311876.986 110.019 0.10270970 1.59087e-07
