1761313505.667 33.802 0.03261763 4.58354e-08
1761313505.717 33.937 0.03259343 4.23166e-08
1761313505.768 34.072 0.03258598 5.20487e-08
1761313505.817 34.206 0.03260367 4.68770e-08
1761313505.867 34.339 0.03267164 5.60596e-08
1761313505.918 34.472 0.03278617 5.17833e-08
1761313505.968 34.604 0.03291374 5.97079e-08
1761313506.018 34.736 0.03306085 5.88372e-08
1761313506.086 34.867 0.03325453 3.82067e-08
1761313506.093 34.998 0.03326012 1.88693e-08
1761313506.099 35.129 0.03329643 4.77828e-08
1761313506.108 35.259 0.03329643 -8.19110e-09
1761313506.118 35.388 0.03330481 7.29662e-08
1761313506.165 35.517 0.03340817 5.75994e-08
1761313506.197 35.646 0.03348638 -1.33992e-08
1761313506.220 35.774 0.03354039 3.03186e-08
1761313506.228 35.901 0.03354039 2.27921e-08
1761313506.237 36.028 0.03359346 5.70201e-08
1761313506.247 36.155 0.03361022 3.01399e-08
1761313506.257 36.281 0.03366795 3.00083e-08
1761313506.267 36.407 0.03369868 8.07907e-08
1761313506.321 36.532 0.03400968 3.33110e-06
1761313506.328 36.657 0.03408976 5.17459e-06
1761313506.338 36.782 0.03408976 7.06989e-06
1761313506.347 36.906 0.03413632 7.56299e-06
1761313506.357 37.030 0.03421267 6.86674e-06
1761313506.367 37.153 0.03428344 4.48371e-06
1761313506.377 37.276 0.03434023 7.37207e-07
1761313506.387 37.398 0.03441472 2.89417e-07
1761313506.397 37.520 0.03447990 1.22675e-07
1761313506.407 37.642 0.03459629 4.43365e-08
1761313506.417 37.763 0.03465682 8.12383e-08
1761313506.465 37.884 0.03503393 5.63398e-08
1761313506.472 38.004 0.03510935 -1.30561e-08
1761313506.478 38.125 0.03520433 3.57033e-08
1761313506.487 38.244 0.03520433 6.34740e-08
1761313506.497 38.364 0.03525740 2.77465e-08
1761313506.507 38.483 0.03534307 2.74999e-08
1761313506.517 38.601 0.03542594 7.42371e-08
1761313506.569 38.719 0.03595203 5.05961e-08
1761313506.578 38.837 0.03595203 2.82494e-08
1761313506.587 38.955 0.03605445 6.81043e-08
1761313506.597 39.072 0.03613546 2.99698e-08
1761313506.607 39.189 0.03622392 2.91026e-08
1761313506.617 39.305 0.03630213 7.57612e-08
1761313506.668 39.422 0.03676584 6.46202e-08
1761313506.718 39.537 0.03711129 5.97890e-08
1761313506.771 39.653 0.03738970 4.46919e-08
1761313506.819 39.768 0.03762248 3.78045e-08
1761313506.870 39.883 0.03775750 4.24260e-08
1761313506.877 39.997 0.03775750 1.64749e-08
1761313506.887 40.111 0.03778450 4.36017e-08
1761313506.897 40.225 0.03779660 2.35696e-08
1761313506.907 40.339 0.03783012 2.87263e-08
1761313506.917 40.452 0.03782081 6.92519e-08
1761313506.969 40.565 0.03789344 4.12635e-08
1761313506.977 40.677 0.03789344 1.88043e-08
1761313506.987 40.790 0.03790182 5.70625e-08
1761313506.997 40.901 0.03791486 2.11247e-08
1761313507.007 41.013 0.03794931 2.87467e-08
1761313507.017 41.124 0.03796328 7.04597e-08
1761313507.027 41.235 0.03800052 1.09047e-08
1761313507.037 41.346 0.03802939 4.37522e-08
1761313507.047 41.457 0.03804894 2.52567e-08
1761313507.057 41.567 0.03812343 3.02095e-08
1761313507.067 41.677 0.03813926 7.64341e-08
1761313507.115 41.786 0.03846236 5.55169e-08
1761313507.121 41.895 0.03853499 -8.79110e-09
1761313507.169 42.004 0.03896331 4.33079e-08
1761313507.177 42.113 0.03896331 1.63343e-08
1761313507.187 42.222 0.03905363 3.98267e-08
1761313507.197 42.330 0.03912719 1.90748e-08
1761313507.207 42.438 0.03924731 2.99653e-08
1761313507.217 42.545 0.03934508 7.28449e-08
1761313507.264 42.652 0.03979761 6.36710e-08
1761313507.270 42.760 0.03986838 1.66533e-08
1761313507.300 42.866 0.04005367 2.19333e-08
1761313507.384 42.973 0.04043730 5.60134e-08
1761313507.436 43.079 0.04061515 3.84114e-08
1761313507.486 43.185 0.04073526 3.49858e-08
1761313507.493 43.291 0.04073526 1.70863e-08
1761313507.499 43.396 0.04075482 4.82852e-08
1761313507.507 43.502 0.04075482 -1.39530e-08
1761313507.517 43.606 0.04076972 7.21190e-08
1761313507.527 43.711 0.04079299 -2.70700e-10
1761313507.537 43.816 0.04080696 4.63674e-08
1761313507.547 43.920 0.04079951 1.67975e-08
1761313507.557 44.024 0.04085352 3.38801e-08
1761313507.567 44.128 0.04083676 7.81733e-08
1761313507.615 44.231 0.04091963 6.51643e-08
1761313507.621 44.334 0.04096153 -1.10578e-08
1761313507.670 44.437 0.04117569 3.61073e-08
1761313507.677 44.540 0.04117569 1.81998e-08
1761313507.687 44.643 0.04125391 5.91046e-08
1761313507.736 44.745 0.04160029 3.66334e-08
1761313507.742 44.847 0.04165243 1.00434e-08
1761313507.755 44.949 0.04175206 4.27055e-08
1761313507.761 45.050 0.04182562 5.05063e-08
1761313507.767 45.152 0.04189825 6.63963e-08
1761313507.815 45.253 0.04218504 5.69334e-08
1761313507.821 45.354 0.04224556 -1.17722e-08
1761313507.874 45.455 0.04250163 5.07276e-08
1761313507.881 45.555 0.04254911 6.68404e-08
1761313507.887 45.655 0.04258170 -4.61100e-09
1761313507.897 45.755 0.04258170 2.25769e-08
1761313507.906 45.855 0.04264130 3.68071e-08
1761313507.917 45.955 0.04268133 6.95535e-08
1761313507.965 46.054 0.04287966 6.70365e-08
1761313507.971 46.153 0.04291226 -9.06640e-09
1761313508.019 46.252 0.04308917 3.14322e-08
1761313508.027 46.351 0.04308917 2.06853e-08
1761313508.036 46.449 0.04314597 4.70946e-08
1761313508.046 46.548 0.04319253 2.47306e-08
1761313508.057 46.646 0.04324281 3.32611e-08
1761313508.066 46.744 0.04328378 7.76906e-08
1761313508.115 46.842 0.04353798 5.10557e-08
1761313508.121 46.939 0.04357895 -1.38849e-08
1761313508.169 47.036 0.04384246 4.19797e-08
1761313508.176 47.133 0.04384246 1.74768e-08
1761313508.187 47.230 0.04389833 4.48350e-08
1761313508.197 47.327 0.04394302 3.11232e-08
1761313508.207 47.424 0.04403334 -8.10640e-09
1761313508.216 47.520 0.04407152 7.04886e-08
1761313508.264 47.616 0.04433782 5.95116e-08
1761313508.271 47.712 0.04439183 -8.44780e-09
1761313508.319 47.808 0.04460599 3.84505e-08
1761313508.327 47.903 0.04460599 1.42609e-08
1761313508.336 47.998 0.04468607 5.30898e-08
1761313508.346 48.094 0.04470190 2.04720e-08
1761313508.356 48.189 0.04475497 3.71702e-08
1761313508.366 48.283 0.04479128 7.44739e-08
1761313508.448 48.378 0.04518888 4.91493e-08
1761313508.456 48.472 0.04518888 -1.15631e-08
1761313508.467 48.567 0.04524661 7.44627e-08
1761313508.515 48.661 0.04546729 4.99644e-08
1761313508.583 48.755 0.04576804 4.54601e-08
1761313508.633 48.848 0.04591796 4.62989e-08
1761313508.684 48.942 0.04605670 6.42665e-08
1761313508.734 49.035 0.04613398 6.16333e-08
1761313508.784 49.128 0.04618519 6.21548e-08
1761313508.834 49.221 0.04623734 6.06391e-08
1761313508.902 49.314 0.04637142 3.21523e-08
1761313508.910 49.407 0.04637328 2.82757e-08
1761313508.916 49.499 0.04637328 4.25916e-08
1761313508.986 49.591 0.04651668 1.40194e-08
1761313508.996 49.683 0.04651668 2.38426e-08
1761313509.006 49.775 0.04655299 1.86736e-08
1761313509.017 49.867 0.04655671 6.12570e-08
1761313509.065 49.959 0.04667870 4.60682e-08
1761313509.071 50.050 0.04669266 -1.18873e-08
1761313509.119 50.141 0.04685095 3.08154e-08
1761313509.126 50.232 0.04685095 1.51311e-08
1761313509.136 50.323 0.04688261 4.09947e-08
1761313509.146 50.414 0.04691241 2.69916e-08
1761313509.156 50.505 0.04694872 1.06522e-08
1761313509.166 50.595 0.04697759 7.71487e-08
1761313509.215 50.686 0.04717313 4.66167e-08
1761313509.265 50.776 0.04736960 5.29132e-08
1761313509.318 50.866 0.04767501 3.94881e-08
1761313509.326 50.955 0.04767501 2.38974e-08
1761313509.336 51.045 0.04773181 4.72191e-08
1761313509.346 51.135 0.04775602 3.80056e-08
1761313509.356 51.224 0.04783516 9.29097e-08
1761313509.366 51.313 0.04785844 3.00045e-07
1761313509.376 51.402 0.04789755 4.29297e-07
1761313509.386 51.491 0.04793572 8.54837e-07
1761313509.396 51.580 0.04796366 1.16066e-06
1761313509.406 51.668 0.04800929 2.07982e-06
1761313509.416 51.757 0.04803163 4.06362e-06
1761313509.426 51.845 0.04806981 5.96197e-06
1761313509.436 51.933 0.04810054 9.51116e-06
1761313509.446 52.021 0.04809960 1.38506e-05
1761313509.456 52.109 0.04815640 1.89347e-05
1761313509.466 52.196 0.04815454 2.54266e-05
1761313509.476 52.284 0.04819551 2.88492e-05
1761313509.486 52.371 0.04823183 3.22483e-05
1761313509.515 52.459 0.04832121 3.34590e-05
1761313509.525 52.546 0.04837243 2.32986e-05
1761313509.531 52.633 0.04843854 1.97196e-05
1761313509.538 52.719 0.04848230 1.51158e-05
1761313509.546 52.806 0.04848230 1.06550e-05
1761313509.556 52.893 0.04855214 5.25218e-06
1761313509.566 52.979 0.04860801 2.13802e-06
1761313509.576 53.065 0.04867225 1.03239e-06
1761313509.586 53.151 0.04876443 6.55113e-07
1761313509.596 53.237 0.04884544 2.36840e-07
1761313509.606 53.323 0.04895066 8.18914e-08
1761313509.616 53.409 0.04901863 1.05397e-07
1761313509.626 53.494 0.04910244 1.80984e-08
1761313509.636 53.580 0.04920672 5.96879e-08
1761313509.646 53.665 0.04930356 2.74158e-08
1761313509.656 53.750 0.04942554 5.00172e-08
1761313509.666 53.835 0.04949072 9.09932e-08
1761313509.716 53.920 0.05006058 6.54860e-08
1761313509.725 54.005 0.05006058 1.09641e-08
1761313509.736 54.089 0.05014997 3.78660e-08
1761313509.746 54.174 0.05021235 2.24062e-08
1761313509.756 54.258 0.05032222 2.73153e-08
1761313509.766 54.342 0.05038554 8.67277e-08
1761313509.817 54.426 0.05082876 1.56883e-07
1761313509.827 54.510 0.05090139 2.02036e-07
1761313509.837 54.594 0.05095167 2.93301e-07
1761313509.845 54.678 0.05095167 4.41462e-07
1761313509.855 54.761 0.05100847 6.22721e-07
1761313509.865 54.845 0.05104478 6.63384e-07
1761313509.875 54.928 0.05108017 5.27312e-07
1761313509.885 55.011 0.05114814 4.07189e-07
1761313509.895 55.094 0.05116583 3.09440e-07
1761313509.905 55.177 0.05121239 3.14459e-07
1761313509.915 55.260 0.05122077 7.82589e-07
1761313509.925 55.342 0.05126826 1.46389e-06
1761313509.935 55.425 0.05130643 3.20056e-06
1761313509.945 55.507 0.05131388 4.77299e-06
1761313509.955 55.590 0.05136696 8.04559e-06
1761313509.965 55.672 0.05139210 1.31245e-05
1761313509.975 55.754 0.05143772 2.73756e-05
1761313509.985 55.836 0.05146472 3.52223e-05
1761313509.995 55.918 0.05149732 5.54593e-05
1761313510.005 55.999 0.05155784 7.73945e-05
1761313510.015 56.081 0.05158764 9.86938e-05
1761313510.025 56.162 0.05162954 1.08078e-04
1761313510.071 56.244 0.05196754 7.67804e-05
1761313510.100 56.325 0.05220125 4.10319e-06
1761313510.106 56.406 0.05226923 4.00321e-06
1761313510.115 56.487 0.05226923 4.86461e-06
1761313510.125 56.568 0.05236979 5.12647e-06
1761313510.135 56.649 0.05246104 5.00827e-06
1761313510.145 56.729 0.05254205 4.20734e-06
1761313510.155 56.810 0.05264075 2.21787e-06
1761313510.165 56.890 0.05270779 9.98099e-07
1761313510.175 56.971 0.05279811 4.99675e-07
1761313510.185 57.051 0.05288750 3.37916e-07
1761313510.195 57.131 0.05295268 4.81826e-07
1761313510.205 57.211 0.05304021 9.17096e-07
1761313510.215 57.291 0.05308955 1.21318e-06
1761313510.225 57.371 0.05316684 1.16796e-06
1761313510.235 57.450 0.05322643 1.04885e-06
1761313510.245 57.530 0.05325902 7.50055e-07
1761313510.255 57.609 0.05333072 4.26421e-07
1761313510.265 57.688 0.05336890 3.28678e-07
1761313510.277 57.768 0.05347784 2.27648e-07
1761313510.285 57.847 0.05347784 2.40405e-07
1761313510.295 57.926 0.05352160 1.77874e-07
1761313510.305 58.005 0.05356722 1.95275e-07
1761313510.315 58.083 0.05361285 2.73967e-07
1761313510.325 58.162 0.05366779 2.34632e-07
1761313510.335 58.241 0.05371807 3.84906e-07
1761313510.345 58.319 0.05376183 4.25137e-07
1761313510.355 58.397 0.05384005 5.54068e-07
1761313510.365 58.476 0.05387636 9.23829e-07
1761313510.375 58.554 0.05394154 1.12066e-06
1761313510.385 58.632 0.05401603 1.91541e-06
1761313510.395 58.710 0.05406352 2.87778e-06
1761313510.405 58.788 0.05415012 2.65035e-06
1761313510.415 58.865 0.05420598 2.76485e-06
1761313510.425 58.943 0.05427861 2.18828e-06
1761313510.435 59.020 0.05435497 1.82728e-06
1761313510.445 59.098 0.05441642 1.49147e-06
1761313510.455 59.175 0.05450953 1.19832e-06
1761313510.465 59.252 0.05458030 1.11579e-06
1761313510.475 59.329 0.05465106 5.98774e-07
1761313510.485 59.406 0.05474697 5.72690e-07
1761313510.495 59.483 0.05482240 4.79269e-07
1761313510.505 59.560 0.05493041 5.88302e-07
1761313510.515 59.637 0.05499372 5.34461e-07
1761313510.525 59.713 0.05508590 4.15907e-07
1761313510.535 59.790 0.05516785 4.35471e-07
1761313510.545 59.866 0.05524699 3.15864e-07
1761313510.555 59.943 0.05533825 4.16002e-07
1761313510.565 60.019 0.05539877 4.41772e-07
1761313510.575 60.095 0.05548443 6.48326e-07
1761313510.628 60.171 0.05596210 1.75795e-04
1761313510.635 60.247 0.05596210 1.85726e-04
1761313510.645 60.323 0.05601704 1.84217e-04
1761313510.655 60.399 0.05609432 1.59589e-04
1761313510.665 60.474 0.05615485 1.11012e-04
1761313510.675 60.550 0.05622375 3.74716e-05
1761313510.685 60.625 0.05630755 9.57854e-06
1761313510.695 60.701 0.05636622 4.98413e-06
1761313510.705 60.776 0.05643885 2.55060e-06
1761313510.715 60.851 0.05647609 1.37328e-06
1761313510.725 60.926 0.05652916 8.50897e-07
1761313510.735 61.001 0.05660086 4.95049e-07
1761313510.745 61.076 0.05664369 3.02682e-07
1761313510.755 61.151 0.05670142 2.81027e-07
1761313510.765 61.226 0.05672284 3.28916e-07
1761313510.775 61.300 0.05677592 3.13259e-07
1761313510.785 61.375 0.05682992 5.29312e-07
1761313510.795 61.449 0.05685227 6.30954e-07
1761313510.805 61.524 0.05691559 9.86171e-07
1761313510.815 61.598 0.05693979 1.21753e-06
1761313510.825 61.672 0.05698822 1.57154e-06
1761313510.835 61.746 0.05703477 2.55800e-06
1761313510.845 61.820 0.05708505 3.51327e-06
1761313510.855 61.894 0.05715023 5.65196e-06
1761313510.865 61.968 0.05719213 7.93172e-06
1761313510.875 62.042 0.05724148 8.79575e-06
1761313510.885 62.115 0.05730760 9.18017e-06
1761313510.895 62.189 0.05734856 9.68596e-06
1761313510.905 62.262 0.05742399 9.41117e-06
1761313510.915 62.336 0.05747892 8.13274e-06
1761313510.925 62.409 0.05753665 5.23032e-06
1761313510.935 62.482 0.05761952 4.26686e-06
1761313510.945 62.555 0.05767632 2.94835e-06
1761313510.955 62.628 0.05776851 2.82181e-06
1761313510.965 62.701 0.05783368 2.17369e-06
1761313510.975 62.774 0.05791469 2.00334e-06
1761313510.985 62.847 0.05800315 2.18727e-06
1761313510.995 62.920 0.05807112 1.68995e-06
1761313511.005 62.992 0.05815399 1.04751e-06
1761313511.015 63.065 0.05822104 5.70460e-07
1761313511.025 63.137 0.05830670 4.13519e-07
1761313511.035 63.210 0.05838957 3.42013e-07
1761313511.045 63.282 0.05846965 3.44566e-07
1761313511.055 63.354 0.05854786 4.91999e-07
1761313511.065 63.426 0.05861397 6.65909e-07
1761313511.075 63.498 0.05871826 7.04259e-07
1761313511.085 63.570 0.05879275 6.49263e-07
1761313511.095 63.642 0.05886165 5.64348e-07
1761313511.105 63.714 0.05894173 5.06139e-07
1761313511.115 63.786 0.05900784 5.79297e-07
1761313511.125 63.857 0.05909072 8.27780e-07
1761313511.135 63.929 0.05917824 1.71583e-06
1761313511.184 64.000 0.05948551 3.72515e-06
1761313511.191 64.072 0.05955908 2.44082e-06
1761313511.207 64.143 0.05966802 4.39775e-07
1761313511.215 64.214 0.05966802 4.19607e-07
1761313511.225 64.285 0.05973040 4.28846e-07
1761313511.235 64.356 0.05979000 5.95497e-07
1761313511.245 64.427 0.05985425 7.80453e-07
1761313511.255 64.498 0.05993339 1.14094e-06
1761313511.265 64.569 0.05995574 1.53122e-06
1761313511.275 64.640 0.06002092 1.46309e-06
1761313511.285 64.711 0.06008237 1.41433e-06
1761313511.295 64.781 0.06011962 1.36062e-06
1761313511.305 64.852 0.06018293 1.01019e-06
1761313511.315 64.922 0.06021646 8.84463e-07
1761313511.325 64.993 0.06028163 5.47065e-07
1761313511.335 65.063 0.06032168 5.53123e-07
1761313511.345 65.133 0.06036264 5.73551e-07
1761313511.355 65.203 0.06040640 6.76683e-07
1761313511.365 65.273 0.06042969 6.87889e-07
1761313511.375 65.343 0.06047810 6.98401e-07
1761313511.385 65.413 0.06052373 6.82480e-07
1761313511.395 65.483 0.06056470 5.94845e-07
1761313511.405 65.553 0.06062430 7.25254e-07
1761313511.415 65.623 0.06065502 1.17606e-06
1761313511.425 65.692 0.06072858 2.09451e-06
1761313511.435 65.762 0.06077886 4.28967e-06
1761313511.444 65.831 0.06083380 6.24074e-06
1761313511.454 65.901 0.06089805 1.00309e-05
1761313511.464 65.970 0.06095112 1.66937e-05
1761313511.474 66.039 0.06102002 3.42881e-05
1761313511.484 66.109 0.06108055 4.91868e-05
1761313511.494 66.178 0.06113362 7.88381e-05
1761313511.504 66.247 0.06120160 9.37735e-05
1761313511.514 66.316 0.06125560 9.29117e-05
1761313511.524 66.385 0.06134220 8.86526e-05
1761313511.534 66.454 0.06142693 7.57932e-05
1761313511.544 66.522 0.06149490 5.20496e-05
1761313511.554 66.591 0.06158429 1.95981e-05
1761313511.564 66.660 0.06164109 5.53538e-06
1761313511.574 66.728 0.06172862 2.93752e-06
1761313511.584 66.797 0.06179380 1.39940e-06
1761313511.594 66.865 0.06184687 8.67169e-07
1761313511.604 66.933 0.06193719 6.02035e-07
1761313511.614 67.002 0.06200982 4.59009e-07
1761313511.624 67.070 0.06208524 3.32929e-07
1761313511.634 67.138 0.06215508 3.23466e-07
1761313511.644 67.206 0.06220815 2.75344e-07
1761313511.654 67.274 0.06231710 3.58877e-07
1761313511.664 67.342 0.06238600 5.42074e-07
1761313511.674 67.410 0.06245863 6.27019e-07
1761313511.684 67.478 0.06251915 7.91658e-07
1761313511.714 67.545 0.06269420 7.80113e-07
1761313511.737 67.613 0.06288322 2.77682e-07
1761313511.745 67.681 0.06288322 3.58257e-07
1761313511.755 67.748 0.06296610 2.86780e-07
1761313511.765 67.816 0.06298937 4.65911e-07
1761313511.852 67.883 0.06350150 1.11319e-06
1761313511.858 67.950 0.06352757 1.13494e-06
1761313511.864 68.017 0.06352757 8.75693e-07
1761313511.874 68.085 0.06358344 6.51579e-07
1761313511.884 68.152 0.06364117 7.09054e-07
1761313511.894 68.219 0.06367562 6.27011e-07
1761313511.904 68.286 0.06374080 8.88209e-07
1761313511.914 68.353 0.06376128 1.29478e-06
1761313511.924 68.420 0.06378922 1.68107e-06
1761313511.934 68.486 0.06383578 2.57419e-06
1761313511.944 68.553 0.06383857 3.17253e-06
1761313511.954 68.620 0.06387395 4.26204e-06
1761313511.964 68.686 0.06389071 4.93808e-06
1761313511.974 68.753 0.06392516 5.25396e-06
1761313511.984 68.819 0.06394565 5.27233e-06
1761313511.994 68.886 0.06394937 5.22115e-06
1761313512.004 68.952 0.06398848 5.19352e-06
1761313512.014 69.018 0.06400058 5.16983e-06
1761313512.024 69.085 0.06402014 4.95438e-06
1761313512.034 69.151 0.06405832 4.63900e-06
1761313512.044 69.217 0.06407415 4.21289e-06
1761313512.054 69.283 0.06414585 3.72352e-06
1761313512.064 69.349 0.06418402 3.06692e-06
1761313512.074 69.415 0.06422033 2.12024e-06
1761313512.084 69.481 0.06424547 1.29171e-06
1761313512.094 69.546 0.06429389 8.79231e-07
1761313512.104 69.612 0.06438142 6.66781e-07
1761313512.114 69.678 0.06442053 5.70245e-07
1761313512.124 69.743 0.06449781 4.34626e-07
1761313512.134 69.809 0.06456113 3.83753e-07
1761313512.144 69.874 0.06460489 3.42151e-07
1761313512.154 69.940 0.06468590 3.20122e-07
1761313512.164 70.005 0.06473246 3.23183e-07
1761313512.174 70.070 0.06483302 2.96304e-07
1761313512.184 70.135 0.06490751 3.76958e-07
1761313512.194 70.201 0.06495872 3.64944e-07
1761313512.204 70.266 0.06504625 4.11627e-07
1761313512.214 70.331 0.06511981 4.80674e-07
1761313512.224 70.396 0.06520734 4.55596e-07
1761313512.234 70.461 0.06528183 5.39455e-07
1761313512.286 70.525 0.06568780 4.95519e-07
1761313512.294 70.590 0.06568780 5.54059e-07
1761313512.304 70.655 0.06577998 6.04183e-07
1761313512.314 70.720 0.06584609 7.06464e-07
1761313512.324 70.784 0.06591034 5.10809e-07
1761313512.334 70.849 0.06596714 4.57406e-07
1761313512.344 70.913 0.06600997 3.36750e-07
1761313512.354 70.978 0.06608819 2.06301e-07
1761313512.364 71.042 0.06613102 1.42915e-07
1761313512.374 71.107 0.06619434 5.80851e-08
1761313512.384 71.171 0.06623717 1.14045e-07
1761313512.394 71.235 0.06627349 1.25864e-07
1761313512.404 71.299 0.06633680 1.46957e-07
1761313512.414 71.363 0.06635728 1.62869e-07
1761313512.424 71.427 0.06641874 1.18990e-07
1761313512.434 71.491 0.06645785 1.67634e-07
1761313512.444 71.555 0.06646716 1.52555e-07
1761313512.454 71.619 0.06652024 1.53609e-07
1761313512.464 71.683 0.06654631 1.54966e-07
1761313512.474 71.747 0.06658542 1.06838e-07
1761313512.484 71.810 0.06662452 1.66830e-07
1761313512.494 71.874 0.06664873 1.56221e-07
1761313512.504 71.938 0.06670181 1.88771e-07
1761313512.514 72.001 0.06672509 2.20048e-07
1761313512.524 72.065 0.06678654 1.93105e-07
1761313512.534 72.128 0.06683217 2.79027e-07
1761313512.544 72.191 0.06685172 2.91012e-07
1761313512.554 72.255 0.06692807 3.37422e-07
1761313512.564 72.318 0.06696718 3.87907e-07
1761313512.574 72.381 0.06703515 2.97964e-07
1761313512.584 72.444 0.06708916 3.36322e-07
1761313512.594 72.507 0.06712826 3.19985e-07
1761313512.604 72.570 0.06720927 2.82795e-07
1761313512.614 72.633 0.06724559 2.61660e-07
1761313512.624 72.696 0.06731635 1.86311e-07
1761313512.634 72.759 0.06739271 1.63264e-07
1761313512.644 72.822 0.06745695 1.68046e-07
1761313512.654 72.885 0.06755659 1.73904e-07
1761313512.664 72.947 0.06759756 1.81078e-07
1761313512.674 73.010 0.06765156 1.36693e-07
1761313512.684 73.073 0.06772978 2.99511e-07
1761313512.694 73.135 0.06778378 3.67074e-07
1761313512.704 73.198 0.06786665 7.21043e-07
1761313512.714 73.260 0.06792904 1.62744e-06
1761313512.724 73.322 0.06802309 3.84119e-06
1761313512.734 73.385 0.06809851 5.94236e-06
1761313512.744 73.447 0.06813389 9.81329e-06
1761313512.754 73.509 0.06820745 1.69712e-05
1761313512.764 73.571 0.06826797 3.27777e-05
1761313512.774 73.633 0.06835457 4.60984e-05
1761313512.784 73.696 0.06841323 7.03683e-05
1761313512.794 73.758 0.06844769 8.72964e-05
1761313512.838 73.820 0.06873633 7.88787e-05
1761313512.844 73.881 0.06880896 3.90931e-05
1761313512.854 73.943 0.06880896 2.55105e-05
1761313512.864 74.005 0.06885273 1.21621e-05
1761313512.874 74.067 0.06892722 7.87927e-06
1761313512.884 74.129 0.06897657 5.20024e-06
1761313512.894 74.190 0.06902778 3.04946e-06
1761313512.904 74.252 0.06908085 1.46639e-06
1761313512.914 74.313 0.06910879 7.23881e-07
1761313512.924 74.375 0.06917583 3.41763e-07
1761313512.934 74.436 0.06922984 1.86368e-07
1761313512.944 74.498 0.06925963 1.08656e-07
1761313512.954 74.559 0.06931736 1.24661e-07
1761313512.964 74.620 0.06935088 1.06033e-07
1761313512.974 74.682 0.06940396 6.22541e-08
1761313512.984 74.743 0.06945331 1.15896e-07
1761313512.994 74.804 0.06950638 8.38708e-08
1761313513.004 74.865 0.06956039 1.00448e-07
1761313513.014 74.926 0.06956877 8.56477e-08
1761313513.024 74.987 0.06961253 4.36916e-08
1761313513.034 75.048 0.06967026 9.74871e-08
1761313513.044 75.109 0.06970658 5.97507e-08
1761313513.054 75.170 0.06976617 8.68150e-08
1761313513.064 75.231 0.06978945 9.59704e-08
1761313513.074 75.291 0.06983321 4.79415e-08
1761313513.084 75.352 0.06988721 1.17175e-07
1761313513.094 75.413 0.06993657 8.97570e-08
1761313513.104 75.473 0.07000268 1.12864e-07
1761313513.114 75.534 0.07003806 9.59950e-08
1761313513.124 75.594 0.07010324 4.30662e-08
1761313513.134 75.655 0.07016376 1.01191e-07
1761313513.144 75.715 0.07021312 7.89565e-08
1761313513.154 75.775 0.07028295 9.64988e-08
1761313513.164 75.836 0.07032205 7.76247e-08
1761313513.174 75.896 0.07037792 3.77301e-08
1761313513.184 75.956 0.07043193 1.05911e-07
1761313513.194 76.016 0.07049711 7.83490e-08
1761313513.204 76.077 0.07058650 1.02418e-07
1761313513.213 76.137 0.07063585 8.26532e-08
1761313513.224 76.197 0.07070568 2.85323e-08
1761313513.233 76.257 0.07077366 9.50625e-08
1761313513.243 76.317 0.07081835 7.04240e-08
1761313513.253 76.376 0.07089005 8.70024e-08
1761313513.263 76.436 0.07093940 7.05000e-08
1761313513.273 76.496 0.07101575 2.87544e-08
1761313513.283 76.556 0.07108465 9.49760e-08
1761313513.293 76.616 0.07113028 7.19107e-08
1761313513.303 76.675 0.07120942 9.74835e-08
1761313513.313 76.735 0.07126064 9.94446e-08
1761313513.323 76.794 0.07132023 7.14553e-08
1761313513.333 76.854 0.07138076 1.55913e-07
1761313513.343 76.913 0.07143103 1.42188e-07
1761313513.391 76.973 0.07172341 9.49986e-08
1761313513.397 77.032 0.07178859 1.12031e-07
1761313513.403 77.091 0.07178859 5.29346e-08
1761313513.413 77.151 0.07180628 9.77857e-08
1761313513.423 77.210 0.07186587 3.24425e-08
1761313513.433 77.269 0.07194223 1.05999e-07
1761313513.443 77.328 0.07198134 8.68861e-08
1761313513.453 77.387 0.07204279 1.15053e-07
1761313513.463 77.446 0.07207072 1.14302e-07
1761313513.473 77.505 0.07211822 7.72575e-08
1761313513.483 77.564 0.07217687 1.42770e-07
1761313513.493 77.623 0.07221412 1.20997e-07
1761313513.503 77.682 0.07227371 1.59042e-07
1761313513.513 77.741 0.07230816 1.54946e-07
1761313513.523 77.800 0.07236403 1.21293e-07
1761313513.533 77.859 0.07240500 2.14062e-07
1761313513.546 77.917 0.07248229 2.52590e-07
1761313513.553 77.976 0.07248229 1.88043e-07
1761313513.563 78.035 0.07251301 2.64655e-07
1761313513.573 78.093 0.07256050 1.92100e-07
1761313513.583 78.152 0.07260520 2.38475e-07
1761313513.593 78.210 0.07264710 2.32589e-07
1761313513.603 78.269 0.07269645 2.04777e-07
1761313513.615 78.327 0.07277653 1.82351e-07
1761313513.623 78.385 0.07282401 1.42947e-07
1761313513.633 78.444 0.07282401 1.72804e-07
1761313513.643 78.502 0.07285939 1.20870e-07
1761313513.653 78.560 0.07291806 1.12268e-07
1761313513.663 78.618 0.07294972 8.06454e-08
1761313513.673 78.676 0.07301955 3.45772e-08
1761313513.683 78.734 0.07307635 1.00211e-07
1761313513.693 78.792 0.07311825 6.52657e-08
1761313513.703 78.850 0.07319740 9.66362e-08
1761313513.713 78.908 0.07323092 9.66105e-08
1761313513.723 78.966 0.07331379 9.08085e-08
1761313513.733 79.024 0.07337338 2.66271e-07
1761313513.743 79.082 0.07340598 3.06590e-07
1761313513.753 79.140 0.07347674 4.37029e-07
1761313513.763 79.198 0.07353261 6.62967e-07
1761313513.773 79.255 0.07361641 9.80654e-07
1761313513.783 79.313 0.07367414 1.58997e-06
1761313513.793 79.371 0.07371232 2.45618e-06
1761313513.803 79.428 0.07378774 3.35028e-06
1761313513.813 79.486 0.07384267 4.63174e-06
1761313513.823 79.543 0.07392182 5.58312e-06
1761313513.833 79.601 0.07396744 5.75207e-06
1761313513.843 79.658 0.07402052 5.71217e-06
1761313513.853 79.715 0.07409036 5.21626e-06
1761313513.863 79.773 0.07413971 4.87992e-06
1761313513.873 79.830 0.07420396 4.07875e-06
1761313513.883 79.887 0.07425144 3.07727e-06
1761313513.893 79.945 0.07428776 1.54181e-06
1761313513.922 80.002 0.07447957 9.68311e-07
1761313513.947 80.059 0.07463973 2.30186e-07
1761313513.958 80.116 0.07466673 1.60358e-07
1761313513.964 80.173 0.07474308 1.49866e-07
1761313513.973 80.230 0.07474308 7.80813e-08
1761313513.983 80.287 0.07477940 1.14619e-07
1761313513.993 80.344 0.07482409 7.27043e-08
1761313514.003 80.401 0.07489765 9.47036e-08
1761313514.013 80.458 0.07494048 7.13946e-08
1761313514.024 80.514 0.07498983 2.79129e-08
1761313514.033 80.571 0.07502242 8.42681e-08
1761313514.043 80.628 0.07507084 4.93559e-08
1761313514.053 80.685 0.07511833 6.72642e-08
1761313514.063 80.741 0.07514068 7.36438e-08
1761313514.073 80.798 0.07519841 1.70598e-08
1761313514.083 80.854 0.07524496 6.03939e-08
1761313514.093 80.911 0.07528500 2.43469e-08
1761313514.103 80.967 0.07532877 3.55123e-08
1761313514.113 81.024 0.07535297 7.35785e-08
1761313514.123 81.080 0.07540791 -6.19370e-09
1761313514.133 81.137 0.07544143 4.74196e-08
1761313514.143 81.193 0.07548519 1.94136e-08
1761313514.153 81.249 0.07553362 3.67199e-08
1761313514.163 81.305 0.07555038 6.40205e-08
1761313514.173 81.362 0.07560345 4.77310e-09
1761313514.183 81.418 0.07562208 3.88941e-08
1761313514.225 81.474 0.07587627 8.75613e-09
1761313514.240 81.530 0.07591631 6.10240e-09
1761313514.246 81.586 0.07598987 3.30138e-08
1761313514.253 81.642 0.07598987 -2.59956e-08
1761313514.302 81.698 0.07627666 5.88313e-08
1761313514.309 81.754 0.07630646 9.07470e-08
1761313514.315 81.810 0.07637908 1.34297e-07
1761313514.323 81.866 0.07637908 1.12646e-07
1761313514.333 81.922 0.07643030 1.66462e-07
1761313514.343 81.977 0.07646289 1.31421e-07
1761313514.353 82.033 0.07652155 1.53285e-07
1761313514.363 82.089 0.07655786 1.41231e-07
1761313514.373 82.145 0.07661093 9.63416e-08
1761313514.383 82.200 0.07665656 1.42039e-07
1761313514.393 82.256 0.07668915 9.86086e-08
1761313514.403 82.311 0.07674502 1.12437e-07
1761313514.413 82.367 0.07676364 1.18206e-07
1761313514.423 82.422 0.07678413 3.73364e-08
1761313514.433 82.478 0.07683254 8.12031e-08
1761313514.443 82.533 0.07685676 5.37919e-08
1761313514.495 82.589 0.07705415 4.20742e-08
1761313514.503 82.644 0.07705415 4.66043e-08
1761313514.513 82.699 0.07706813 7.47972e-08
1761313514.562 82.755 0.07726180 9.32377e-08
1761313514.570 82.810 0.07731674 7.15280e-09
1761313514.576 82.865 0.07736888 4.79543e-08
1761313514.583 82.920 0.07736888 6.30467e-08
1761313514.593 82.975 0.07741544 3.71447e-08
1761313514.603 83.030 0.07747782 7.06953e-08
1761313514.651 83.085 0.07767615 4.35071e-08
1761313514.657 83.140 0.07769198 1.77521e-08
1761313514.663 83.195 0.07772644 6.06520e-08
1761313514.712 83.250 0.07785959 1.06587e-07
1761313514.718 83.305 0.07789404 5.73336e-08
1761313514.725 83.360 0.07791639 9.49945e-08
1761313514.733 83.415 0.07791639 1.36116e-07
1761313514.743 83.470 0.07794339 1.45930e-07
1761313514.753 83.524 0.07798809 1.86307e-07
1761313514.763 83.579 0.07799460 2.63717e-07
1761313514.773 83.634 0.07803836 2.94103e-07
1761313514.783 83.689 0.07805885 4.73988e-07
1761313514.793 83.743 0.07806910 5.98984e-07
1761313514.803 83.798 0.07811006 8.14801e-07
1761313514.813 83.852 0.07812124 1.07890e-06
1761313514.823 83.907 0.07817431 1.30936e-06
1761313514.833 83.961 0.07819666 1.71865e-06
1761313514.843 84.016 0.07821156 2.07204e-06
1761313514.853 84.070 0.07824601 2.72577e-06
1761313514.863 84.124 0.07827860 3.36601e-06
1761313514.873 84.179 0.07831771 4.17315e-06
1761313514.908 84.233 0.07845365 1.07956e-05
1761313514.915 84.287 0.07849462 1.28123e-05
1761313514.923 84.342 0.07849462 1.51502e-05
1761313514.933 84.396 0.07854583 1.97866e-05
1761313514.943 84.450 0.07858680 2.79679e-05
1761313514.953 84.504 0.07865757 3.45803e-05
1761313514.963 84.558 0.07868085 4.47972e-05
1761313514.973 84.612 0.07875162 5.73187e-05
1761313514.983 84.666 0.07879351 7.41690e-05
1761313514.993 84.720 0.07884287 8.64106e-05
1761313515.024 84.774 0.07905889 8.73774e-05
1761313515.047 84.828 0.07917435 6.68558e-05
1761313515.054 84.882 0.07920508 6.35128e-05
1761313515.063 84.936 0.07920508 5.35860e-05
1761313515.073 84.990 0.07925629 4.05173e-05
1761313515.083 85.043 0.07929167 2.43425e-05
1761313515.093 85.097 0.07934475 1.42727e-05
1761313515.103 85.151 0.07940527 9.66001e-06
1761313515.113 85.204 0.07944252 6.80761e-06
1761313515.123 85.258 0.07949094 4.87157e-06
1761313515.133 85.312 0.07952353 3.88331e-06
1761313515.143 85.365 0.07957287 2.89079e-06
1761313515.153 85.419 0.07962874 2.25332e-06
1761313515.163 85.472 0.07964178 1.53322e-06
1761313515.173 85.526 0.07970975 9.92776e-07
1761313515.183 85.579 0.07975072 7.32340e-07
1761313515.193 85.633 0.07977400 4.23937e-07
1761313515.203 85.686 0.07979821 2.51366e-07
1761313515.213 85.739 0.07986432 1.62409e-07
1761313515.223 85.793 0.07986432 7.23324e-08
1761313515.233 85.846 0.07989598 8.81593e-08
1761313515.243 85.899 0.07992671 5.05949e-08
1761313515.253 85.952 0.07997513 5.48656e-08
1761313515.263 86.006 0.08000120 8.30644e-08
1761313515.272 86.059 0.08004310 1.83540e-09
1761313515.282 86.112 0.08007476 7.36955e-08
1761313515.348 86.165 0.08042766 5.31413e-08
1761313515.398 86.218 0.08069396 5.40774e-08
1761313515.448 86.271 0.08093606 5.54237e-08
1761313515.518 86.324 0.08114184 1.84080e-08
1761313515.583 86.377 0.08113998 7.00730e-08
1761313515.592 86.430 0.08113998 6.18322e-08
1761313515.602 86.483 0.08115394 8.99975e-08
1761313515.612 86.535 0.08113718 5.46128e-08
1761313515.622 86.588 0.08114463 2.89976e-08
1761313515.632 86.641 0.08115581 9.71991e-08
1761313515.642 86.694 0.08113439 5.08696e-08
1761313515.652 86.747 0.08113532 8.29897e-08
1761313515.662 86.799 0.08113532 6.67626e-08
1761313515.672 86.852 0.08114556 3.08095e-08
1761313515.682 86.905 0.08115022 9.48383e-08
1761313515.692 86.957 0.08113346 4.72560e-08
1761313515.702 87.010 0.08116046 8.30599e-08
1761313515.712 87.062 0.08116419 4.92327e-08
1761313515.722 87.115 0.08118839 2.43918e-08
1761313515.732 87.167 0.08121353 8.94711e-08
1761313515.780 87.220 0.08134017 6.56276e-08
1761313515.786 87.272 0.08138300 1.01726e-08
1761313515.792 87.324 0.08143607 6.45202e-08
1761313515.802 87.377 0.08143607 6.74641e-08
1761313515.812 87.429 0.08145563 4.64971e-08
1761313515.822 87.481 0.08151336 2.01760e-08
1761313515.832 87.534 0.08156364 8.52481e-08
1761313515.879 87.586 0.08184484 5.89300e-08
1761313515.885 87.638 0.08188860 3.50280e-09
1761313515.892 87.690 0.08188860 3.63761e-08
1761313515.902 87.742 0.08192865 6.75340e-08
1761313515.950 87.794 0.08216236 3.60771e-08
1761313515.957 87.846 0.08218564 1.95136e-08
1761313515.963 87.898 0.08223965 5.23465e-08
1761313515.972 87.950 0.08223965 -4.50450e-09
1761313515.982 88.002 0.08225920 6.94415e-08
1761313516.030 88.054 0.08241935 4.42975e-08
1761313516.122 88.106 0.08263444 3.22787e-08
1761313516.129 88.158 0.08265493 7.43030e-08
1761313516.135 88.210 0.08266518 7.11280e-09
1761313516.243 88.262 0.08288399 9.41660e-08
1761313516.252 88.314 0.08288399 8.83715e-08
1761313516.262 88.365 0.08287561 8.78956e-08
1761313516.272 88.417 0.08287840 6.30986e-08
1761313516.282 88.469 0.08289517 1.23953e-07
1761313516.292 88.520 0.08290727 1.09571e-07
1761313516.302 88.572 0.08292775 1.48112e-07
1761313516.312 88.624 0.08291192 1.39724e-07
1761313516.322 88.675 0.08294172 9.82544e-08
1761313516.332 88.727 0.08294731 1.86190e-07
1761313516.342 88.778 0.08295848 1.56079e-07
1761313516.352 88.830 0.08297058 1.44753e-07
1761313516.365 88.881 0.08299014 2.45862e-07
1761313516.372 88.933 0.08299014 2.14418e-07
1761313516.382 88.984 0.08300876 2.30659e-07
1761313516.392 89.035 0.08301807 2.46149e-07
1761313516.402 89.087 0.08304135 3.21399e-07
1761313516.412 89.138 0.08304973 3.21689e-07
1761313516.422 89.189 0.08310001 3.46797e-07
1761313516.432 89.240 0.08311118 4.74369e-07
1761313516.442 89.292 0.08314378 4.79330e-07
1761313516.452 89.343 0.08317357 5.91181e-07
1761313516.462 89.394 0.08318940 6.84782e-07
1761313516.472 89.445 0.08324993 7.81684e-07
1761313516.482 89.496 0.08329741 1.00112e-06
1761313516.492 89.547 0.08333466 1.17196e-06
1761313516.502 89.598 0.08339704 1.48076e-06
1761313516.512 89.649 0.08342405 1.68539e-06
1761313516.522 89.700 0.08348643 1.86989e-06
1761313516.532 89.751 0.08352554 2.14466e-06
1761313516.542 89.802 0.08357489 2.29928e-06
1761313516.552 89.853 0.08364659 2.25469e-06
1761313516.562 89.904 0.08368384 2.22174e-06
1761313516.572 89.955 0.08375739 2.11391e-06
1761313516.582 90.006 0.08381419 2.05499e-06
1761313516.592 90.056 0.08384492 1.87046e-06
1761313516.602 90.107 0.08391569 1.60716e-06
1761313516.612 90.158 0.08394828 1.39032e-06
1761313516.622 90.209 0.08401811 1.01888e-06
1761313516.652 90.259 0.08420061 6.80430e-07
1761313516.661 90.310 0.08421738 2.15870e-07
1761313516.667 90.361 0.08430024 1.27348e-07
1761313516.676 90.411 0.08434029 1.63242e-07
1761313516.682 90.462 0.08440639 1.33979e-07
1761313516.692 90.512 0.08440639 1.02062e-07
1761313516.702 90.563 0.08446133 1.11247e-07
1761313516.712 90.613 0.08448275 7.15282e-08
1761313516.722 90.664 0.08453303 3.65258e-08
1761313516.732 90.714 0.08458983 8.84736e-08
1761313516.742 90.764 0.08462893 3.07848e-08
1761313516.751 90.815 0.08469598 6.25113e-08
1761313516.762 90.865 0.08471646 3.89561e-08
1761313516.771 90.915 0.08475184 2.65804e-08
1761313516.781 90.966 0.08480585 7.73404e-08
1761313516.829 91.016 0.08499860 5.55307e-08
1761313516.836 91.066 0.08502746 -2.20300e-09
1761313516.842 91.116 0.08508053 4.91598e-08
1761313516.851 91.167 0.08508053 5.15189e-08
1761313516.899 91.217 0.08529283 4.88374e-08
1761313516.949 91.267 0.08546975 4.80178e-08
1761313516.956 91.317 0.08550141 2.41626e-08
1761313516.962 91.367 0.08556286 6.32610e-08
1761313516.971 91.417 0.08556286 1.95920e-09
1761313516.981 91.467 0.08558707 7.37590e-08
1761313517.029 91.517 0.08574164 5.26626e-08
1761313517.080 91.567 0.08583382 5.29132e-08
1761313517.130 91.617 0.08592135 5.37346e-08
1761313517.194 91.667 0.08604612 7.96485e-08
1761313517.201 91.716 0.08604612 2.20110e-08
1761313517.211 91.766 0.08604426 3.65703e-08
1761313517.221 91.816 0.08606009 1.99600e-08
1761313517.231 91.866 0.08606474 7.71867e-08
1761313517.297 91.916 0.08617462 4.94944e-08
1761313517.366 91.965 0.08627332 5.09186e-08
1761313517.373 92.015 0.08628821 1.51118e-08
1761313517.382 92.065 0.08628821 5.40861e-08
1761313517.430 92.114 0.08637667 5.49799e-08
1761313517.497 92.164 0.08649213 6.23156e-08
1761313517.565 92.214 0.08660387 5.67615e-08
1761313517.572 92.263 0.08658897 3.74366e-08
1761313517.581 92.313 0.08658897 7.31166e-08
1761313517.648 92.362 0.08670723 8.36649e-08
1761313517.723 92.412 0.08674726 8.31067e-08
1761313517.734 92.461 0.08676496 5.50636e-08
1761313517.741 92.511 0.08676496 4.30809e-08
1761313517.751 92.560 0.08679382 8.08039e-08
1761313517.761 92.609 0.08680220 5.55463e-08
1761313517.771 92.659 0.08682176 5.37336e-08
1761313517.781 92.708 0.08681431 9.68792e-08
1761313517.829 92.757 0.08688880 7.35543e-08
1761313517.835 92.807 0.08691580 9.46540e-09
1761313517.841 92.856 0.08691580 5.20811e-08
1761313517.851 92.905 0.08693163 6.73191e-08
1761313517.861 92.954 0.08693256 5.46169e-08
1761313517.871 93.004 0.08696236 4.84653e-08
1761313517.881 93.053 0.08697446 9.66083e-08
1761313517.929 93.102 0.08707688 7.05141e-08
1761313517.936 93.151 0.08710762 1.26143e-08
1761313517.942 93.200 0.08712996 6.31093e-08
1761313517.951 93.249 0.08712996 5.72469e-08
1761313517.961 93.298 0.08715045 4.99928e-08
1761313517.971 93.347 0.08721097 4.53979e-08
1761313517.981 93.396 0.08723052 8.91521e-08
1761313518.029 93.445 0.08739906 5.80740e-08
1761313518.035 93.494 0.08743910 -3.42180e-09
1761313518.042 93.543 0.08747355 3.86004e-08
1761313518.051 93.592 0.08747355 5.82059e-08
1761313518.061 93.640 0.08750148 3.65327e-08
1761313518.071 93.689 0.08755084 3.76118e-08
1761313518.081 93.738 0.08757318 7.97481e-08
1761313518.129 93.787 0.08772868 6.01885e-08
1761313518.179 93.835 0.08789722 7.08238e-08
1761313518.186 93.884 0.08793167 1.11196e-08
1761313518.192 93.933 0.08797543 5.98340e-08
1761313518.201 93.982 0.08797543 7.49718e-08
1761313518.211 94.030 0.08798568 5.21364e-08
1761313518.221 94.079 0.08802199 5.98736e-08
1761313518.231 94.127 0.08803502 9.91952e-08
1761313518.282 94.176 0.08820542 9.16642e-08
1761313518.291 94.224 0.08820542 5.02817e-08
1761313518.301 94.273 0.08824267 7.63227e-08
1761313518.311 94.321 0.08822963 4.96126e-08
1761313518.321 94.370 0.08826594 4.06430e-08
1761313518.331 94.418 0.08829388 9.09586e-08
1761313518.341 94.467 0.08830878 4.36408e-08
1761313518.351 94.515 0.08833113 7.85883e-08
1761313518.361 94.563 0.08833485 4.73944e-08
1761313518.371 94.612 0.08839258 3.42482e-08
1761313518.381 94.660 0.08839910 8.32278e-08
1761313518.430 94.708 0.08852853 4.99621e-08
1761313518.481 94.757 0.08869706 4.97117e-08
1761313518.531 94.805 0.08887491 5.42533e-08
1761313518.598 94.853 0.08910024 9.11285e-08
1761313518.606 94.901 0.08911235 5.05495e-08
1761313518.612 94.949 0.08914121 8.53963e-08
1761313518.620 94.998 0.08914121 2.84466e-08
1761313518.630 95.046 0.08914680 1.18260e-07
1761313518.640 95.094 0.08914214 4.95423e-08
1761313518.650 95.142 0.08917287 9.74271e-08
1761313518.660 95.190 0.08918405 7.14181e-08
1761313518.670 95.238 0.08919243 9.53457e-08
1761313518.680 95.286 0.08917660 1.39977e-07
1761313518.690 95.334 0.08919149 8.05703e-08
1761313518.700 95.382 0.08920639 1.21315e-07
1761313518.710 95.430 0.08919149 1.04138e-07
1761313518.720 95.478 0.08923060 1.22425e-07
1761313518.730 95.526 0.08920360 1.66897e-07
1761313518.740 95.573 0.08922408 1.07427e-07
1761313518.750 95.621 0.08925108 1.54324e-07
1761313518.760 95.669 0.08924084 1.38821e-07
1761313518.770 95.717 0.08928833 1.62862e-07
1761313518.780 95.765 0.08930602 2.04087e-07
1761313518.813 95.812 0.08939728 1.49844e-07
1761313518.839 95.860 0.08948294 2.54100e-07
1761313518.846 95.908 0.08953415 3.12278e-07
1761313518.852 95.955 0.08956022 2.91995e-07
1761313518.860 96.003 0.08956022 3.78961e-07
1761313518.870 96.051 0.08962168 3.87274e-07
1761313518.880 96.098 0.08966637 5.15895e-07
1761313518.890 96.146 0.08972038 5.43073e-07
1761313518.900 96.193 0.08978183 7.19471e-07
1761313518.910 96.241 0.08980976 9.33547e-07
1761313518.920 96.288 0.08987588 1.20603e-06
1761313518.930 96.336 0.08990567 1.65897e-06
1761313518.940 96.383 0.08996992 2.09470e-06
1761313518.950 96.431 0.09002951 2.88028e-06
1761313518.960 96.478 0.09005558 3.33919e-06
1761313518.971 96.525 0.09012170 4.20171e-06
1761313518.980 96.573 0.09013473 5.11913e-06
1761313518.990 96.620 0.09017291 5.97757e-06
1761313519.000 96.667 0.09024181 6.95116e-06
1761313519.010 96.715 0.09026603 8.05351e-06
1761313519.020 96.762 0.09031910 8.09169e-06
1761313519.030 96.809 0.09034331 8.33641e-06
1761313519.040 96.856 0.09036193 8.14618e-06
1761313519.050 96.904 0.09040476 7.65628e-06
1761313519.060 96.951 0.09044387 7.50026e-06
1761313519.070 96.998 0.09050346 7.16269e-06
1761313519.080 97.045 0.09053233 6.71159e-06
1761313519.090 97.092 0.09055933 6.39774e-06
1761313519.100 97.139 0.09061799 5.67713e-06
1761313519.110 97.186 0.09063475 5.16827e-06
1761313519.120 97.233 0.09067944 4.07109e-06
1761313519.130 97.280 0.09072134 3.17603e-06
1761313519.140 97.327 0.09077442 2.05125e-06
1761313519.150 97.374 0.09082842 1.33206e-06
1761313519.160 97.421 0.09084891 8.46081e-07
1761313519.170 97.468 0.09089826 5.92498e-07
1761313519.180 97.515 0.09093830 4.99032e-07
1761313519.190 97.562 0.09098113 3.27289e-07
1761313519.200 97.609 0.09102117 3.04920e-07
1761313519.210 97.656 0.09104352 2.16156e-07
1761313519.220 97.702 0.09109939 1.82685e-07
1761313519.230 97.749 0.09114780 1.62731e-07
1761313519.240 97.796 0.09120554 9.52984e-08
1761313519.250 97.843 0.09126513 1.16787e-07
1761313519.260 97.889 0.09129772 6.66459e-08
1761313519.270 97.936 0.09135638 8.00133e-08
1761313519.280 97.983 0.09137873 9.42325e-08
1761313519.327 98.029 0.09162455 5.93125e-08
1761313519.333 98.076 0.09165714 1.58560e-08
1761313519.384 98.123 0.09190575 3.86528e-08
1761313519.426 98.169 0.09203518 1.10510e-08
1761313519.440 98.216 0.09213388 6.23620e-09
1761313519.450 98.262 0.09213388 1.86796e-08
1761313519.460 98.309 0.09212456 3.37280e-09
1761313519.470 98.355 0.09218416 1.73647e-08
1761313519.511 98.402 0.09230521 7.68151e-09
1761313519.520 98.448 0.09230521 2.66826e-09
1761313519.530 98.495 0.09229683 4.27016e-09
1761313519.540 98.541 0.09229869 -8.07451e-09
1761313519.550 98.587 0.09231172 6.53860e-09
1761313519.560 98.634 0.09231359 -1.24332e-08
1761313519.570 98.680 0.09234338 6.75818e-09
1761313519.580 98.726 0.09234804 -5.45481e-09
1761313519.590 98.773 0.09237131 -1.34872e-08
1761313519.600 98.819 0.09237784 -6.28950e-10
1761313519.610 98.865 0.09236480 -1.84727e-08
1761313519.620 98.911 0.09239646 -2.24124e-09
1761313519.630 98.958 0.09239646 -1.38255e-08
1761313519.640 99.004 0.09242160 -1.98407e-08
1761313519.650 99.050 0.09245046 -7.04853e-09
1761313519.664 99.096 0.09250633 1.29510e-08
1761313519.670 99.142 0.09250633 -3.08960e-08
1761313519.680 99.188 0.09253054 1.43317e-08
1761313519.690 99.235 0.09254358 -5.23318e-08
1761313519.738 99.281 0.09273074 -4.44665e-08
1761313519.789 99.327 0.09295979 -5.20412e-08
1761313519.839 99.373 0.09318420 -4.81125e-08
1761313519.915 99.419 0.09343933 -3.14112e-08
1761313519.938 99.465 0.09347098 -1.49910e-08
1761313519.945 99.511 0.09346354 2.89034e-08
1761313519.988 99.557 0.09350544 -6.22840e-10
1761313519.995 99.602 0.09350078 1.30992e-08
1761313520.001 99.648 0.09347285 9.73720e-09
1761313520.010 99.694 0.09347285 4.71790e-10
1761313520.020 99.740 0.09348123 1.90352e-08
1761313520.030 99.786 0.09347378 9.21512e-09
1761313520.040 99.832 0.09348589 6.12460e-09
1761313520.054 99.877 0.09348309 6.17300e-09
1761313520.061 99.923 0.09349613 5.52343e-08
1761313520.070 99.969 0.09349613 -1.90973e-08
1761313520.080 100.015 0.09349985 5.83613e-08
1761313520.090 100.060 0.09349613 6.68640e-09
1761313520.100 100.106 0.09349240 3.52960e-08
1761313520.167 100.152 0.09365814 2.55176e-08
1761313520.174 100.197 0.09367677 3.25628e-08
1761313520.180 100.243 0.09371308 4.83550e-08
1761313520.228 100.289 0.09390117 5.88381e-08
1761313520.235 100.334 0.09392445 -5.29640e-09
1761313520.283 100.380 0.09414792 3.10638e-08
1761313520.290 100.425 0.09417679 3.06947e-08
1761313520.300 100.471 0.09417679 5.02038e-08
1761313520.310 100.516 0.09420379 2.77572e-08
1761313520.320 100.562 0.09425873 7.51020e-09
1761313520.330 100.607 0.09426059 7.56693e-08
1761313520.378 100.653 0.09434718 6.83815e-08
1761313520.385 100.698 0.09436208 -3.99280e-09
1761313520.391 100.743 0.09437698 3.76476e-08
1761313520.399 100.789 0.09437698 6.16224e-08
1761313520.409 100.834 0.09439095 2.77672e-08
1761313520.419 100.879 0.09440864 4.46260e-08
1761313520.429 100.925 0.09440398 5.96598e-08
1761313520.499 100.970 0.09453900 4.74570e-08
1761313520.506 101.015 0.09456134 2.56658e-08
1761313520.512 101.061 0.09459207 5.58103e-08
1761313520.519 101.106 0.09459207 -6.23280e-09
1761313520.529 101.151 0.09460511 5.61297e-08
1761313520.577 101.196 0.09473360 6.91003e-08
1761313520.584 101.241 0.09478388 1.03582e-08
1761313520.589 101.287 0.09483603 3.27659e-08
1761313520.599 101.332 0.09483603 5.45748e-08
1761313520.609 101.377 0.09483696 2.98736e-08
1761313520.619 101.422 0.09487141 4.74517e-08
1761313520.629 101.467 0.09490772 5.93791e-08
1761313520.639 101.512 0.09497011 9.46560e-09
1761313520.649 101.557 0.09498129 7.38590e-08
1761313520.659 101.602 0.09497663 5.60481e-08
1761313520.669 101.647 0.09502412 9.35840e-08
1761313520.679 101.692 0.09505764 1.14818e-07
1761313520.689 101.737 0.09508743 7.94636e-08
1761313520.699 101.782 0.09509488 1.64709e-07
1761313520.709 101.827 0.09510513 1.72105e-07
1761313520.719 101.872 0.09513586 1.83165e-07
1761313520.729 101.917 0.09514796 2.89707e-07
1761313520.739 101.961 0.09519917 2.75521e-07
1761313520.749 102.006 0.09523641 3.92853e-07
1761313520.759 102.051 0.09523641 4.22776e-07
1761313520.769 102.096 0.09528297 5.44340e-07
1761313520.779 102.141 0.09530346 6.27014e-07
1761313520.789 102.185 0.09534722 6.55618e-07
1761313520.799 102.230 0.09537981 8.30604e-07
1761313520.809 102.275 0.09540588 9.35826e-07
1761313520.819 102.319 0.09545802 1.14166e-06
1761313520.829 102.364 0.09548038 1.36302e-06
1761313520.839 102.409 0.09553065 1.51655e-06
1761313520.849 102.453 0.09557442 1.87484e-06
1761313520.859 102.498 0.09561166 2.35679e-06
1761313520.869 102.543 0.09566754 2.62915e-06
1761313520.879 102.587 0.09571037 3.10198e-06
1761313520.889 102.632 0.09574668 3.75354e-06
1761313520.899 102.676 0.09580534 4.68353e-06
1761313520.909 102.721 0.09583048 6.02940e-06
1761313520.919 102.765 0.09588542 7.67454e-06
1761313520.929 102.810 0.09593570 1.06079e-05
1761313520.939 102.854 0.09598319 1.44509e-05
1761313520.949 102.899 0.09602975 1.91378e-05
1761313520.959 102.943 0.09608002 2.65248e-05
1761313520.969 102.988 0.09616103 3.19129e-05
1761313520.979 103.032 0.09616941 4.06523e-05
1761313520.989 103.076 0.09622062 4.86282e-05
1761313520.999 103.121 0.09628953 5.61178e-05
1761313521.029 103.165 0.09638637 6.72342e-05
1761313521.039 103.209 0.09644689 1.06468e-04
1761313521.045 103.254 0.09649810 1.07823e-04
1761313521.051 103.298 0.09653535 1.13010e-04
1761313521.059 103.342 0.09653535 1.12281e-04
1761313521.069 103.386 0.09657632 1.15609e-04
1761313521.079 103.430 0.09660612 1.10657e-04
1761313521.089 103.475 0.09665174 1.05128e-04
1761313521.099 103.519 0.09668619 9.93334e-05
1761313521.109 103.563 0.09672437 9.59922e-05
1761313521.119 103.607 0.09678676 8.56750e-05
1761313521.129 103.651 0.09678955 8.03893e-05
1761313521.139 103.695 0.09684262 6.98807e-05
1761313521.149 103.739 0.09688267 6.08812e-05
1761313521.159 103.783 0.09691246 5.34969e-05
1761313521.169 103.828 0.09695901 4.26581e-05
1761313521.179 103.872 0.09698509 3.26914e-05
1761313521.189 103.916 0.09702420 2.21443e-05
1761313521.199 103.960 0.09705958 1.27008e-05
1761313521.209 104.004 0.09709217 8.24812e-06
1761313521.219 104.047 0.09713873 4.94806e-06
1761313521.229 104.091 0.09715269 2.79284e-06
1761313521.239 104.135 0.09720576 1.86588e-06
1761313521.249 104.179 0.09724581 1.09019e-06
1761313521.259 104.223 0.09727467 7.18267e-07
1761313521.269 104.267 0.09731843 4.11292e-07
1761313521.279 104.311 0.09731843 2.71642e-07
1761313521.289 104.355 0.09738082 1.51173e-07
1761313521.299 104.398 0.09743297 1.41076e-07
1761313521.309 104.442 0.09746649 8.34406e-08
1761313521.319 104.486 0.09752049 7.32481e-08
1761313521.329 104.530 0.09754283 6.03624e-08
1761313521.339 104.573 0.09759498 3.74100e-09
1761313521.349 104.617 0.09763874 6.86759e-08
1761313521.359 104.661 0.09768065 3.99892e-08
1761313521.369 104.705 0.09774210 5.41173e-08
1761313521.379 104.748 0.09776258 5.62880e-08
1761313521.389 104.792 0.09782776 -2.81210e-09
1761313521.399 104.835 0.09786966 6.18245e-08
1761313521.446 104.879 0.09807172 4.92980e-08
1761313521.515 104.923 0.09837434 5.51020e-08
1761313521.591 104.966 0.09863599 3.03821e-08
1761313521.599 105.010 0.09863599 5.71053e-08
1761313521.609 105.053 0.09862574 2.36667e-08
1761313521.619 105.097 0.09865834 4.26865e-08
1761313521.629 105.140 0.09865648 4.04919e-08
1761313521.696 105.184 0.09870769 5.46473e-08
1761313521.746 105.227 0.09870769 5.44781e-08
1761313521.813 105.271 0.09880732 4.87580e-08
1761313521.863 105.314 0.09887343 6.87999e-08
1761313521.913 105.357 0.09896561 5.70866e-08
1761313521.963 105.401 0.09903545 6.68597e-08
1761313522.014 105.444 0.09904010 6.44187e-08
1761313522.082 105.488 0.09908386 7.88784e-08
1761313522.089 105.531 0.09908386 3.93604e-08
1761313522.121 105.574 0.09909876 6.16524e-08
1761313522.129 105.617 0.09910621 6.12659e-08
1761313522.139 105.661 0.09910621 9.31740e-09
1761313522.149 105.704 0.09910994 6.01122e-08
1761313522.159 105.747 0.09911366 2.51141e-08
1761313522.169 105.790 0.09915184 5.66185e-08
1761313522.179 105.834 0.09914159 6.00873e-08
1761313522.227 105.877 0.09919840 7.75864e-08
1761313522.234 105.920 0.09920212 1.70151e-08
1761313522.240 105.963 0.09921981 3.67406e-08
1761313522.248 106.006 0.09921981 5.80236e-08
1761313522.296 106.049 0.09931758 4.56242e-08
1761313522.346 106.093 0.09947401 3.11210e-08
1761313522.353 106.136 0.09948704 -1.57910e-08
1761313522.395 106.179 0.09960809 4.75787e-09
1761313522.402 106.222 0.09962485 -8.21474e-09
1761313522.408 106.265 0.09962485 -1.37052e-08
1761313522.418 106.308 0.09966676 2.15570e-10
1761313522.432 106.351 0.09970214 -1.30425e-08
1761313522.438 106.394 0.09970214 -2.67257e-08
1761313522.448 106.437 0.09971983 1.11377e-08
1761313522.458 106.480 0.09973286 -3.05859e-08
1761313522.506 106.523 0.09979991 -4.64042e-08
1761313522.556 106.566 0.09988371 -4.66156e-08
1761313522.624 106.608 0.10004666 -3.08027e-08
1761313522.690 106.651 0.10018446 -2.08454e-08
1761313522.699 106.694 0.10018446 -3.36195e-09
1761313522.709 106.737 0.10019751 -1.79019e-08
1761313522.719 106.780 0.10022823 -5.29770e-10
1761313522.729 106.823 0.10021892 -1.48145e-08
1761313522.739 106.865 0.10024872 -1.16387e-08
1761313522.748 106.908 0.10025151 -5.58020e-10
1761313522.759 106.951 0.10025710 -1.31459e-08
1761313522.769 106.994 0.10028875 5.74774e-09
1761313522.779 107.036 0.10026454 -9.77936e-09
1761313522.789 107.079 0.10027386 -8.75864e-09
1761313522.799 107.122 0.10028410 2.01286e-09
1761313522.809 107.165 0.10028875 -1.11067e-08
1761313522.819 107.207 0.10030272 4.89442e-09
1761313522.828 107.250 0.10030458 -9.67625e-09
1761313522.839 107.292 0.10031855 -7.14114e-09
1761313522.849 107.335 0.10030737 3.65216e-09
1761313522.859 107.378 0.10033251 -9.46163e-09
1761313522.868 107.420 0.10036883 9.65762e-09
1761313522.878 107.463 0.10035393 -7.03203e-09
1761313522.888 107.505 0.10039210 -7.19500e-10
1761313522.898 107.548 0.10041817 3.30169e-09
1761313522.908 107.590 0.10043215 -8.75830e-09
1761313522.918 107.633 0.10047591 8.02497e-09
1761313522.928 107.675 0.10047498 -9.40696e-09
1761313522.938 107.718 0.10053643 1.37055e-09
1761313522.948 107.760 0.10059137 4.23332e-09
1761313522.958 107.803 0.10061744 -8.50379e-09
1761313522.968 107.845 0.10065655 1.02935e-08
1761313522.978 107.887 0.10069380 -6.34614e-09
1761313522.988 107.930 0.10075525 1.42116e-09
1761313522.998 107.972 0.10080367 5.19443e-09
1761313523.008 108.014 0.10083905 -6.88988e-09
1761313523.018 108.057 0.10089585 1.01094e-08
1761313523.028 108.099 0.10094055 -7.05492e-09
1761313523.038 108.141 0.10099548 3.33307e-09
1761313523.048 108.184 0.10103179 7.42294e-09
1761313523.083 108.226 0.10121244 1.42605e-08
1761313523.089 108.268 0.10126365 -3.06959e-09
1761313523.098 108.310 0.10126365 1.29583e-08
1761313523.108 108.352 0.10129437 -2.82640e-10
1761313523.118 108.395 0.10134652 1.73755e-08
1761313523.128 108.437 0.10137259 1.10479e-09
1761313523.138 108.479 0.10144056 9.91472e-09
1761313523.148 108.521 0.10147036 1.72368e-08
1761313523.158 108.563 0.10150388 6.07228e-09
1761313523.171 108.605 0.10159513 5.14100e-09
1761313523.178 108.647 0.10159513 5.72468e-08
1761313523.188 108.690 0.10162121 6.62300e-10
1761313523.198 108.732 0.10164448 6.92704e-08
1761313523.244 108.774 0.10181023 4.76372e-08
1761313523.251 108.816 0.10183630 4.62129e-08
1761313523.258 108.858 0.10183630 7.73457e-08
1761313523.268 108.900 0.10188471 1.14228e-07
1761313523.278 108.942 0.10188565 8.95810e-08
1761313523.288 108.984 0.10192475 6.09311e-08
1761313523.298 109.025 0.10194989 1.52149e-07
1761313523.308 109.067 0.10198714 1.14594e-07
1761313523.318 109.109 0.10202997 1.57963e-07
1761313523.328 109.151 0.10205232 1.42784e-07
1761313523.338 109.193 0.10208584 1.35626e-07
1761313523.348 109.235 0.10211098 2.07837e-07
1761313523.358 109.277 0.10212774 1.66620e-07
1761313523.368 109.319 0.10214264 1.89165e-07
1761313523.380 109.360 0.10222086 2.41717e-07
1761313523.388 109.402 0.10225717 2.03752e-07
1761313523.398 109.444 0.10225717 2.56744e-07
1761313523.408 109.486 0.10227393 2.32092e-07
1761313523.418 109.528 0.10231304 2.70210e-07
1761313523.429 109.569 0.10238752 2.48431e-07
1761313523.438 109.611 0.10238752 2.08571e-07
1761313523.448 109.653 0.10240988 2.51043e-07
1761313523.460 109.694 0.10248344 2.73107e-07
1761313523.468 109.736 0.10248344 2.03728e-07
1761313523.480 109.778 0.10255979 2.37150e-07
1761313523.489 109.819 0.10258679 1.72371e-07
1761313523.498 109.861 0.10262032 1.84548e-07
1761313523.508 109.903 0.10262032 1.78240e-07
1761313523.518 109.944 0.10267246 1.96809e-07
1761313523.528 109.986 0.10269853 1.56721e-07
1761313523.538 110.027 0.10275346 1.24984e-07
