1789270877.252 31.726 0.03446780 5.04015e-08
1789270877.258 31.871 0.03446780 4.44584e-08
1789270877.268 32.016 0.03446594 2.80441e-08
1789270877.278 32.160 0.03444452 4.92695e-08
1789270877.288 32.304 0.03444266 3.68172e-08
1789270877.298 32.447 0.03443428 4.64394e-08
1789270877.308 32.589 0.03443335 5.29485e-08
1789270877.318 32.731 0.03443335 3.59682e-08
1789270877.328 32.872 0.03442031 5.74766e-08
1789270877.338 33.013 0.03442590 4.64394e-08
1789270877.348 33.152 0.03441472 5.35145e-08
1789270877.358 33.292 0.03439424 5.86086e-08
1789270877.368 33.430 0.03441286 4.58734e-08
1789270877.378 33.569 0.03442776 6.25707e-08
1789270877.388 33.706 0.03444825 4.95525e-08
1789270877.398 33.843 0.03444825 5.60616e-08
1789270877.408 33.980 0.03448270 5.57786e-08
1789270877.418 34.116 0.03451342 3.96473e-08
1789270877.428 34.251 0.03454974 5.40805e-08
1789270877.438 34.386 0.03461492 3.56852e-08
1789270877.448 34.520 0.03468010 3.59682e-08
1789270877.458 34.654 0.03475459 3.25722e-08
1789270877.468 34.787 0.03484677 1.30449e-08
1789270877.478 34.920 0.03491940 2.71951e-08
1789270877.488 35.053 0.03504883 1.02148e-08
1789270877.498 35.184 0.03519408 1.10638e-08
1789270877.508 35.316 0.03530675 1.61579e-08
1789270877.518 35.446 0.03542873 7.10175e-09
1789270877.528 35.577 0.03556747 3.03081e-08
1789270877.538 35.707 0.03574997 1.64409e-08
1789270877.548 35.836 0.03588126 2.21010e-08
1789270877.558 35.965 0.03603583 2.37990e-08
1789270877.568 36.093 0.03619505 1.13468e-08
1789270877.578 36.221 0.03637476 2.71951e-08
1789270877.588 36.349 0.03653585 1.13468e-08
1789270877.598 36.476 0.03668297 1.55919e-08
1789270877.608 36.603 0.03683754 1.67239e-08
1789270877.618 36.729 0.03700142 3.42269e-09
1789270877.628 36.855 0.03715505 2.12520e-08
1789270877.638 36.980 0.03732266 6.25274e-09
1789270877.648 37.105 0.03746512 1.19128e-08
1789270877.658 37.230 0.03761876 1.50259e-08
1789270877.668 37.354 0.03774818 1.15865e-09
1789270877.678 37.477 0.03786458 1.92710e-08
1789270877.688 37.601 0.03800797 4.55471e-09
1789270877.698 37.724 0.03812622 1.16298e-08
1789270877.708 37.846 0.03823517 1.47429e-08
1789270877.718 37.968 0.03835621 1.15865e-09
1789270877.728 38.090 0.03845957 2.01200e-08
1789270877.738 38.211 0.03856293 5.40372e-09
1789270877.748 38.332 0.03864859 1.19128e-08
1789270877.758 38.453 0.03875567 1.53089e-08
1789270877.768 38.573 0.03885810 1.44166e-09
1789270877.778 38.693 0.03894004 2.04030e-08
1789270877.788 38.812 0.03903781 3.13968e-09
1789270877.798 38.931 0.03911788 1.13468e-08
1789270877.808 39.050 0.03921472 1.58749e-08
1789270877.818 39.168 0.03931063 1.15865e-09
1789270877.828 39.286 0.03941119 1.92710e-08
1789270877.838 39.404 0.03949499 1.15865e-09
1789270877.848 39.521 0.03958345 1.16298e-08
1789270877.858 39.638 0.03967470 1.53089e-08
1789270877.868 39.755 0.03974826 1.44166e-09
1789270877.878 39.871 0.03986279 1.87049e-08
1789270877.888 39.987 0.03997360 1.44166e-09
1789270877.898 40.102 0.04004809 1.13468e-08
1789270877.908 40.218 0.04015424 1.55919e-08
1789270877.918 40.333 0.04026783 8.75647e-10
1789270877.928 40.447 0.04036002 1.92710e-08
1789270877.938 40.561 0.04048386 1.44166e-09
1789270877.948 40.675 0.04060118 1.21958e-08
1789270877.958 40.789 0.04067940 1.53089e-08
1789270877.968 40.902 0.04079951 1.15865e-09
1789270877.978 41.015 0.04090287 1.87049e-08
1789270877.988 41.128 0.04101740 2.00767e-09
1789270877.998 41.240 0.04113938 1.07808e-08
1789270878.008 41.353 0.04125856 1.44599e-08
1789270878.018 41.464 0.04137030 8.75647e-10
1789270878.028 41.576 0.04147738 1.72899e-08
1789270878.038 41.687 0.04160401 1.44166e-09
1789270878.048 41.798 0.04172599 1.10638e-08
1789270878.058 41.908 0.04181631 1.30449e-08
1789270878.068 42.019 0.04193643 -1.10539e-09
1789270878.078 42.129 0.04202023 1.61579e-08
1789270878.088 42.238 0.04212917 8.75647e-10
1789270878.097 42.348 0.04225487 1.07808e-08
1789270878.107 42.457 0.04236102 1.19128e-08
1789270878.117 42.566 0.04248207 -1.67140e-09
1789270878.127 42.674 0.04257891 1.55919e-08
1789270878.137 42.783 0.04265712 2.66330e-11
1789270878.147 42.891 0.04277724 1.16298e-08
1789270878.157 42.999 0.04288618 1.27619e-08
1789270878.167 43.106 0.04300071 2.66330e-11
1789270878.177 43.213 0.04307427 1.70069e-08
1789270878.187 43.320 0.04319066 8.75647e-10
1789270878.197 43.427 0.04328657 1.13468e-08
1789270878.207 43.534 0.04338527 1.27619e-08
1789270878.217 43.640 0.04348863 2.66330e-11
1789270878.227 43.746 0.04358360 1.67239e-08
1789270878.237 43.851 0.04368323 5.92643e-10
1789270878.247 43.957 0.04374748 1.04978e-08
1789270878.257 44.062 0.04386853 1.16298e-08
1789270878.267 44.167 0.04396816 -3.08642e-09
1789270878.277 44.271 0.04405103 1.58749e-08
1789270878.287 44.376 0.04414787 1.72466e-09
1789270878.297 44.480 0.04423726 1.07808e-08
1789270878.307 44.584 0.04433317 1.16298e-08
1789270878.317 44.688 0.04443373 -1.67140e-09
1789270878.327 44.791 0.04453243 1.70069e-08
1789270878.337 44.894 0.04463206 2.57368e-09
1789270878.347 44.997 0.04472890 1.19128e-08
1789270878.357 45.100 0.04480432 1.13468e-08
1789270878.367 45.203 0.04491419 -1.67140e-09
1789270878.377 45.305 0.04501103 1.67239e-08
1789270878.387 45.407 0.04511625 1.15865e-09
1789270878.397 45.509 0.04521309 1.21958e-08
1789270878.407 45.610 0.04530061 1.21958e-08
1789270878.417 45.712 0.04540583 3.09638e-10
1789270878.427 45.813 0.04548870 1.70069e-08
1789270878.437 45.914 0.04557437 2.57368e-09
1789270878.447 46.014 0.04568238 1.30449e-08
1789270878.457 46.115 0.04577736 1.21958e-08
1789270878.467 46.215 0.04589282 -2.56372e-10
1789270878.477 46.315 0.04599431 1.75729e-08
1789270878.487 46.415 0.04609767 2.57368e-09
1789270878.497 46.515 0.04617029 1.21958e-08
1789270878.507 46.614 0.04626341 1.27619e-08
1789270878.517 46.713 0.04636490 2.29067e-09
1789270878.527 46.812 0.04644032 1.98370e-08
1789270878.537 46.911 0.04652692 3.13968e-09
1789270878.547 47.010 0.04662282 1.30449e-08
1789270878.557 47.108 0.04672711 1.19128e-08
1789270878.567 47.206 0.04683699 -1.95440e-09
1789270878.577 47.304 0.04692731 1.84219e-08
1789270878.587 47.402 0.04701949 -1.67140e-09
1789270878.597 47.499 0.04710422 8.23377e-09
1789270878.607 47.597 0.04720478 9.08279e-09
1789270878.617 47.694 0.04730069 -2.80341e-09
1789270878.627 47.791 0.04737611 1.75729e-08
1789270878.637 47.887 0.04749344 2.57368e-09
1789270878.647 47.984 0.04755396 1.24788e-08
1789270878.657 48.080 0.04766476 1.21958e-08
1789270878.667 48.177 0.04777091 3.70570e-09
1789270878.677 48.273 0.04783330 2.06860e-08
1789270878.687 48.368 0.04794876 5.12072e-09
1789270878.697 48.464 0.04801115 2.74781e-08
1789270878.707 48.559 0.04810240 6.31367e-08
1789270878.717 48.655 0.04820110 1.72659e-07
1789270878.727 48.750 0.04827093 4.72079e-07
1789270878.737 48.844 0.04838639 1.28374e-06
1789270878.747 48.939 0.04847858 3.20930e-06
1789270878.757 49.034 0.04856052 5.89926e-06
1789270878.767 49.128 0.04864059 6.33509e-06
1789270878.777 49.222 0.04872160 5.97199e-06
1789270878.787 49.316 0.04881937 4.13359e-06
1789270878.797 49.410 0.04890224 2.83121e-06
1789270878.807 49.503 0.04898511 1.57778e-06
1789270878.817 49.597 0.04909033 5.54150e-07
1789270878.827 49.690 0.04918345 1.67848e-07
1789270878.837 49.783 0.04926911 7.07778e-08
1789270878.847 49.876 0.04935571 5.52126e-08
1789270878.857 49.969 0.04942647 4.02133e-08
1789270878.867 50.061 0.04951772 2.46480e-08
1789270878.877 50.153 0.04959594 3.59682e-08
1789270878.887 50.246 0.04968719 1.24788e-08
1789270878.897 50.338 0.04977937 1.75729e-08
1789270878.907 50.430 0.04988087 1.33279e-08
1789270878.917 50.521 0.04997025 4.27170e-09
1789270878.927 50.613 0.05004475 1.50259e-08
1789270878.937 50.704 0.05012948 -4.21844e-09
1789270878.947 50.795 0.05020862 4.83771e-09
1789270878.957 50.886 0.05031757 5.40372e-09
1789270878.967 50.977 0.05040323 3.09638e-10
1789270878.977 51.068 0.05048890 1.70069e-08
1789270878.987 51.159 0.05058573 2.57368e-09
1789270878.997 51.249 0.05067698 1.27619e-08
1789270879.007 51.339 0.05076358 1.38939e-08
1789270879.017 51.429 0.05082690 8.23377e-09
1789270879.027 51.519 0.05091535 2.29500e-08
1789270879.037 51.609 0.05100009 4.55471e-09
1789270879.047 51.699 0.05107924 2.06860e-08
1789270879.057 51.788 0.05117794 6.11557e-08
1789270879.067 51.877 0.05126639 1.32190e-07
1789270879.077 51.966 0.05133530 3.42179e-07
1789270879.087 52.055 0.05142003 6.81785e-07
1789270879.097 52.144 0.05148894 1.36864e-06
1789270879.107 52.233 0.05159042 3.33920e-06
1789270879.117 52.321 0.05168447 9.03807e-06
1789270879.127 52.410 0.05176362 2.13032e-05
1789270879.137 52.498 0.05185673 3.73309e-05
1789270879.147 52.586 0.05193309 4.76662e-05
1789270879.157 52.674 0.05202993 4.07315e-05
1789270879.167 52.762 0.05210627 2.50479e-05
1789270879.177 52.850 0.05217425 9.62219e-06
1789270879.187 52.937 0.05225340 2.92007e-06
1789270879.197 53.024 0.05234371 1.55627e-06
1789270879.207 53.112 0.05244428 1.46910e-06
1789270879.217 53.199 0.05252063 1.30270e-06
1789270879.227 53.286 0.05258861 1.02167e-06
1789270879.237 53.372 0.05266961 5.53867e-07
1789270879.247 53.459 0.05273665 2.25864e-07
1789270879.257 53.546 0.05283722 1.11530e-07
1789270879.267 53.632 0.05292754 9.11542e-08
1789270879.277 53.718 0.05299365 1.32473e-07
1789270879.287 53.804 0.05309421 1.90489e-07
1789270879.297 53.890 0.05318453 2.88126e-07
1789270879.307 53.976 0.05327206 2.90673e-07
1789270879.317 54.062 0.05334468 2.35770e-07
1789270879.327 54.147 0.05341824 1.57660e-07
1789270879.337 54.233 0.05350763 5.60616e-08
1789270879.347 54.318 0.05357840 3.31382e-08
1789270879.357 54.403 0.05367430 1.64409e-08
1789270879.367 54.488 0.05375066 2.85668e-09
1789270879.377 54.573 0.05381118 8.79978e-09
1789270879.387 54.658 0.05389498 -1.04445e-08
1789270879.397 54.742 0.05395178 -2.52041e-09
1789270879.407 54.827 0.05404583 -7.04849e-09
1789270879.417 54.911 0.05415012 -7.04849e-09
1789270879.427 54.995 0.05421343 1.21958e-08
1789270879.437 55.079 0.05430655 7.66776e-09
1789270879.447 55.163 0.05438011 2.12520e-08
1789270879.457 55.247 0.05445925 1.47429e-08
1789270879.467 55.331 0.05453654 5.96973e-09
1789270879.477 55.415 0.05463058 2.21010e-08
1789270879.487 55.498 0.05470880 1.30449e-08
1789270879.497 55.581 0.05479167 3.82323e-08
1789270879.507 55.665 0.05486709 6.14387e-08
1789270879.517 55.748 0.05495275 9.51162e-08
1789270879.527 55.831 0.05502166 1.55113e-07
1789270879.537 55.913 0.05511104 1.75207e-07
1789270879.547 55.996 0.05518367 3.76989e-07
1789270879.557 56.079 0.05525630 6.27731e-07
1789270879.567 56.161 0.05533825 9.16962e-07
1789270879.577 56.244 0.05541459 1.89559e-06
1789270879.587 56.326 0.05548164 3.34741e-06
1789270879.597 56.408 0.05554961 5.39353e-06
1789270879.607 56.490 0.05564831 8.60564e-06
1789270879.617 56.572 0.05572839 1.78593e-05
1789270879.627 56.654 0.05580567 3.81253e-05
1789270879.637 56.735 0.05588202 7.88955e-05
1789270879.647 56.817 0.05594814 1.25521e-04
1789270879.657 56.898 0.05603101 1.55719e-04
1789270879.667 56.979 0.05611202 1.51184e-04
1789270879.677 57.061 0.05618464 1.22783e-04
1789270879.687 57.142 0.05626007 7.60850e-05
1789270879.697 57.223 0.05634201 2.75689e-05
1789270879.707 57.303 0.05642487 1.15684e-05
1789270879.717 57.384 0.05651985 5.67710e-06
1789270879.727 57.465 0.05657572 3.38363e-06
1789270879.737 57.545 0.05665115 2.47604e-06
1789270879.747 57.626 0.05670980 1.74022e-06
1789270879.757 57.706 0.05680757 1.30213e-06
1789270879.767 57.786 0.05688300 1.01799e-06
1789270879.777 57.866 0.05696028 6.99614e-07
1789270879.787 57.946 0.05703663 6.37070e-07
1789270879.797 58.026 0.05710740 6.48957e-07
1789270879.807 58.106 0.05719120 7.96685e-07
1789270879.817 58.185 0.05726569 1.27525e-06
1789270879.827 58.265 0.05733460 2.09511e-06
1789270879.837 58.344 0.05742584 2.77432e-06
1789270879.847 58.423 0.05748544 2.87847e-06
1789270879.856 58.502 0.05757017 2.63367e-06
1789270879.866 58.581 0.05764652 1.87380e-06
1789270879.877 58.660 0.05771357 9.13566e-07
1789270879.886 58.739 0.05779365 4.46325e-07
1789270879.896 58.818 0.05785417 2.83880e-07
1789270879.906 58.897 0.05794356 2.29543e-07
1789270879.916 58.975 0.05802363 2.11714e-07
1789270879.926 59.054 0.05809160 1.85395e-07
1789270879.936 59.132 0.05817355 1.14361e-07
1789270879.946 59.210 0.05822383 8.86071e-08
1789270879.956 59.288 0.05828994 6.82308e-08
1789270879.966 59.366 0.05837653 6.42687e-08
1789270879.976 59.444 0.05845941 1.00776e-07
1789270879.986 59.522 0.05855066 9.62482e-08
1789270879.996 59.600 0.05861956 1.08417e-07
1789270880.006 59.677 0.05870429 9.87953e-08
1789270880.016 59.755 0.05875643 7.92680e-08
1789270880.026 59.832 0.05881324 6.93628e-08
1789270880.036 59.910 0.05890076 4.24774e-08
1789270880.046 59.987 0.05897712 6.70988e-08
1789270880.056 60.064 0.05904323 9.03052e-08
1789270880.066 60.141 0.05912889 1.59924e-07
1789270880.076 60.218 0.05919687 3.48688e-07
1789270880.086 60.295 0.05926577 6.27731e-07
1789270880.096 60.371 0.05931605 9.94788e-07
1789270880.106 60.448 0.05939892 1.17874e-06
1789270880.116 60.524 0.05949296 1.18016e-06
1789270880.126 60.601 0.05955442 1.03780e-06
1789270880.136 60.677 0.05963077 7.12350e-07
1789270880.146 60.753 0.05969223 3.94252e-07
1789270880.156 60.830 0.05976579 1.78886e-07
1789270880.166 60.906 0.05985610 1.29360e-07
1789270880.176 60.982 0.05991942 1.87093e-07
1789270880.186 61.057 0.06000043 2.17657e-07
1789270880.196 61.133 0.06007493 2.55580e-07
1789270880.206 61.209 0.06016431 4.02459e-07
1789270880.216 61.284 0.06022204 3.92271e-07
1789270880.226 61.360 0.06029001 3.80102e-07
1789270880.236 61.435 0.06034216 3.52934e-07
1789270880.246 61.511 0.06041200 4.37835e-07
1789270880.256 61.586 0.06050045 6.84898e-07
1789270880.266 61.661 0.06057494 9.20075e-07
1789270880.276 61.736 0.06065409 1.46203e-06
1789270880.286 61.811 0.06073510 2.26605e-06
1789270880.296 61.886 0.06077048 3.35505e-06
1789270880.306 61.960 0.06083566 4.57989e-06
1789270880.316 62.035 0.06092319 8.01189e-06
1789270880.326 62.110 0.06099488 1.34079e-05
1789270880.336 62.184 0.06106938 2.77919e-05
1789270880.346 62.258 0.06112431 4.65987e-05
1789270880.356 62.333 0.06119508 7.74961e-05
1789270880.366 62.407 0.06129285 1.12681e-04
1789270880.376 62.481 0.06137479 1.30078e-04
1789270880.386 62.555 0.06142972 1.36863e-04
1789270880.396 62.629 0.06148745 1.15727e-04
1789270880.406 62.703 0.06156008 8.96520e-05
1789270880.416 62.777 0.06164016 5.11118e-05
1789270880.426 62.850 0.06171092 2.27392e-05
1789270880.436 62.924 0.06176400 9.82595e-06
1789270880.446 62.997 0.06183011 5.65701e-06
1789270880.456 63.071 0.06189715 3.60098e-06
1789270880.466 63.144 0.06198375 2.73612e-06
1789270880.476 63.218 0.06205172 2.09681e-06
1789270880.486 63.291 0.06212156 1.70739e-06
1789270880.496 63.364 0.06219139 1.36411e-06
1789270880.506 63.437 0.06225657 1.13856e-06
1789270880.516 63.510 0.06231523 9.11302e-07
1789270880.526 63.583 0.06238693 9.01114e-07
1789270880.536 63.655 0.06247539 8.74511e-07
1789270880.546 63.728 0.06253126 9.68469e-07
1789270880.556 63.801 0.06260296 8.98001e-07
1789270880.566 63.873 0.06267744 9.28565e-07
1789270880.576 63.945 0.06274914 7.31877e-07
1789270880.586 64.018 0.06281991 5.63206e-07
1789270880.596 64.090 0.06288416 3.93969e-07
1789270880.606 64.162 0.06296051 2.50203e-07
1789270880.616 64.234 0.06302662 1.87659e-07
1789270880.626 64.306 0.06309180 1.68981e-07
1789270880.636 64.378 0.06315604 1.31058e-07
1789270880.646 64.450 0.06322309 1.45491e-07
1789270880.656 64.522 0.06330875 1.21153e-07
1789270880.666 64.594 0.06335996 7.98340e-08
1789270880.676 64.665 0.06342887 1.13794e-07
1789270880.686 64.737 0.06351453 9.03052e-08
1789270880.696 64.808 0.06356481 1.29360e-07
1789270880.706 64.880 0.06363186 1.43227e-07
1789270880.716 64.951 0.06369424 1.76339e-07
1789270880.726 65.022 0.06377804 2.66617e-07
1789270880.736 65.093 0.06384788 3.69065e-07
1789270880.746 65.164 0.06390654 7.01312e-07
1789270880.756 65.235 0.06398569 1.23647e-06
1789270880.766 65.306 0.06405739 1.81748e-06
1789270880.776 65.377 0.06410580 2.73782e-06
1789270880.786 65.448 0.06417657 3.00724e-06
1789270880.796 65.518 0.06424361 2.92941e-06
1789270880.806 65.589 0.06432369 2.75395e-06
1789270880.816 65.660 0.06438608 2.02974e-06
1789270880.826 65.730 0.06444380 1.34996e-06
1789270880.836 65.800 0.06449316 6.73012e-07
1789270880.846 65.871 0.06456485 3.68216e-07
1789270880.856 65.941 0.06465890 2.48788e-07
1789270880.866 66.011 0.06469987 2.28412e-07
1789270880.876 66.081 0.06477436 2.50769e-07
1789270880.886 66.151 0.06484885 2.67466e-07
1789270880.896 66.221 0.06491030 3.31425e-07
1789270880.906 66.291 0.06496431 4.14063e-07
1789270880.916 66.361 0.06501645 5.15095e-07
1789270880.926 66.430 0.06510491 6.33957e-07
1789270880.936 66.500 0.06517754 7.23670e-07
1789270880.946 66.570 0.06522875 8.94605e-07
1789270880.956 66.639 0.06528741 9.04510e-07
1789270880.966 66.709 0.06536376 1.03413e-06
1789270880.976 66.778 0.06543639 9.15830e-07
1789270880.986 66.847 0.06549878 7.03859e-07
1789270880.996 66.916 0.06556396 6.73861e-07
1789270881.006 66.986 0.06563286 4.46042e-07
1789270881.016 67.055 0.06569711 2.78503e-07
1789270881.026 67.124 0.06575298 1.86810e-07
1789270881.036 67.193 0.06583771 1.54264e-07
1789270881.046 67.261 0.06590103 1.42095e-07
1789270881.056 67.330 0.06595876 1.25681e-07
1789270881.066 67.399 0.06602767 1.13229e-07
1789270881.076 67.467 0.06609657 1.19738e-07
1789270881.086 67.536 0.06616175 8.23810e-08
1789270881.096 67.605 0.06620924 9.48332e-08
1789270881.106 67.673 0.06627814 6.11557e-08
1789270881.116 67.741 0.06635728 7.04948e-08
1789270881.126 67.810 0.06640757 7.47399e-08
1789270881.136 67.878 0.06647927 5.94576e-08
1789270881.146 67.946 0.06654444 7.44569e-08
1789270881.156 68.014 0.06660962 7.13438e-08
1789270881.166 68.082 0.06666456 6.87968e-08
1789270881.176 68.150 0.06674836 1.35020e-07
1789270881.186 68.218 0.06682286 1.66716e-07
1789270881.196 68.286 0.06688431 2.24166e-07
1789270881.206 68.353 0.06696066 2.53599e-07
1789270881.216 68.421 0.06700629 3.20954e-07
1789270881.226 68.489 0.06707612 3.17841e-07
1789270881.236 68.556 0.06714689 3.74442e-07
1789270881.246 68.624 0.06719903 3.46425e-07
1789270881.256 68.691 0.06725863 3.16709e-07
1789270881.266 68.759 0.06733125 2.83880e-07
1789270881.276 68.826 0.06738340 2.88126e-07
1789270881.286 68.893 0.06745417 3.60858e-07
1789270881.296 68.960 0.06751003 4.52268e-07
1789270881.306 69.027 0.06759104 6.34806e-07
1789270881.316 69.094 0.06765715 7.75460e-07
1789270881.326 69.161 0.06770836 9.66771e-07
1789270881.336 69.228 0.06777354 1.46543e-06
1789270881.346 69.295 0.06783220 1.86163e-06
1789270881.356 69.362 0.06790204 2.27539e-06
1789270881.366 69.428 0.06796349 3.17676e-06
1789270881.376 69.495 0.06801098 4.41518e-06
1789270881.386 69.562 0.06807337 6.48904e-06
1789270881.396 69.628 0.06812738 8.96788e-06
1789270881.406 69.695 0.06821024 1.51841e-05
1789270881.416 69.761 0.06826425 2.70816e-05
1789270881.426 69.827 0.06833967 4.75431e-05
1789270881.436 69.894 0.06841975 7.65208e-05
1789270881.446 69.960 0.06845047 1.03532e-04
1789270881.456 70.026 0.06851752 1.36258e-04
1789270881.466 70.092 0.06860132 1.50770e-04
1789270881.476 70.158 0.06866464 1.54024e-04
1789270881.486 70.224 0.06874378 1.41552e-04
1789270881.496 70.290 0.06877358 1.22038e-04
1789270881.506 70.356 0.06885552 8.97926e-05
1789270881.516 70.421 0.06890953 5.71404e-05
1789270881.526 70.487 0.06897191 2.96960e-05
1789270881.536 70.553 0.06903895 1.67881e-05
1789270881.546 70.618 0.06908365 9.55087e-06
1789270881.556 70.684 0.06916559 6.82865e-06
1789270881.566 70.749 0.06922518 5.27099e-06
1789270881.576 70.815 0.06927174 4.47292e-06
1789270881.586 70.880 0.06934251 3.89417e-06
1789270881.596 70.945 0.06940954 3.16742e-06
1789270881.606 71.010 0.06947566 2.82073e-06
1789270881.615 71.076 0.06953338 2.53122e-06
1789270881.626 71.141 0.06958460 2.24369e-06
1789270881.635 71.206 0.06966095 1.96153e-06
1789270881.645 71.271 0.06971868 1.75720e-06
1789270881.655 71.336 0.06978014 1.42411e-06
1789270881.665 71.400 0.06981738 1.37515e-06
1789270881.675 71.465 0.06987232 1.17138e-06
1789270881.685 71.530 0.06994867 1.04629e-06
1789270881.695 71.595 0.07000268 8.98567e-07
1789270881.705 71.659 0.07007903 9.35923e-07
1789270881.715 71.724 0.07012931 9.89977e-07
1789270881.725 71.788 0.07018983 8.63191e-07
1789270881.735 71.853 0.07026712 8.83567e-07
1789270881.745 71.917 0.07031367 8.22438e-07
1789270881.755 71.981 0.07039841 7.22538e-07
1789270881.765 72.046 0.07044497 6.04808e-07
1789270881.775 72.110 0.07050921 5.79903e-07
1789270881.785 72.174 0.07058650 3.92554e-07
1789270881.795 72.238 0.07063585 3.36519e-07
1789270881.805 72.302 0.07068799 2.52184e-07
1789270881.815 72.366 0.07074851 2.05488e-07
1789270881.825 72.430 0.07081370 1.88225e-07
1789270881.835 72.494 0.07086677 1.40680e-07
1789270881.845 72.558 0.07093009 1.66716e-07
1789270881.855 72.622 0.07099713 1.71528e-07
1789270881.865 72.685 0.07105393 2.17940e-07
1789270881.875 72.749 0.07111166 2.40298e-07
1789270881.885 72.813 0.07119173 1.95583e-07
1789270881.895 72.876 0.07124388 2.49354e-07
1789270881.905 72.940 0.07129323 2.34638e-07
1789270881.915 73.003 0.07134910 2.30676e-07
1789270881.925 73.066 0.07140869 2.31242e-07
1789270881.935 73.130 0.07147015 2.23317e-07
1789270881.945 73.193 0.07155302 2.79069e-07
1789270881.955 73.256 0.07160702 2.74824e-07
1789270881.965 73.319 0.07167127 3.03974e-07
1789270881.975 73.382 0.07172807 2.92937e-07
1789270881.985 73.445 0.07178394 3.22652e-07
1789270881.995 73.508 0.07182863 3.63122e-07
1789270882.005 73.571 0.07189754 3.86045e-07
1789270882.015 73.634 0.07196458 4.89059e-07
1789270882.025 73.697 0.07202324 5.76224e-07
1789270882.035 73.760 0.07207072 6.55749e-07
1789270882.045 73.823 0.07212566 7.92157e-07
1789270882.055 73.885 0.07219923 8.83567e-07
1789270882.065 73.948 0.07225602 8.36023e-07
1789270882.075 74.010 0.07229699 8.78756e-07
1789270882.085 74.073 0.07235845 6.44145e-07
1789270882.095 74.135 0.07243387 5.76790e-07
1789270882.105 74.198 0.07250277 5.40566e-07
1789270882.115 74.260 0.07255864 4.50853e-07
1789270882.125 74.322 0.07261730 4.39533e-07
1789270882.135 74.385 0.07268528 4.23968e-07
1789270882.145 74.447 0.07273649 4.76607e-07
1789270882.155 74.509 0.07279701 5.19057e-07
1789270882.165 74.571 0.07283984 5.40283e-07
1789270882.175 74.633 0.07290595 5.31793e-07
1789270882.185 74.695 0.07297579 5.43679e-07
1789270882.195 74.757 0.07301769 5.19623e-07
1789270882.205 74.819 0.07305773 4.48589e-07
1789270882.215 74.881 0.07313781 3.65952e-07
1789270882.225 74.943 0.07322068 2.87560e-07
1789270882.235 75.004 0.07328306 2.55863e-07
1789270882.245 75.066 0.07331379 2.21336e-07
1789270882.255 75.128 0.07338549 1.94451e-07
1789270882.265 75.189 0.07345253 1.90206e-07
1789270882.275 75.251 0.07351771 2.62089e-07
1789270882.285 75.312 0.07356520 2.69447e-07
1789270882.295 75.374 0.07361641 3.50669e-07
1789270882.305 75.435 0.07368624 4.37552e-07
1789270882.315 75.496 0.07374212 6.47825e-07
1789270882.325 75.558 0.07379053 9.08189e-07
1789270882.335 75.619 0.07385105 1.29760e-06
1789270882.345 75.680 0.07388830 1.84522e-06
1789270882.355 75.741 0.07396186 2.65405e-06
1789270882.365 75.802 0.07402797 3.33524e-06
1789270882.375 75.863 0.07408663 3.86021e-06
1789270882.385 75.924 0.07415647 3.88285e-06
1789270882.395 75.985 0.07419465 3.73031e-06
1789270882.405 76.046 0.07425144 3.50900e-06
1789270882.415 76.107 0.07431383 3.07685e-06
1789270882.425 76.168 0.07436039 2.46585e-06
1789270882.435 76.228 0.07443022 1.67711e-06
1789270882.445 76.289 0.07447491 1.06271e-06
1789270882.455 76.350 0.07453172 5.99997e-07
1789270882.465 76.410 0.07459038 4.26232e-07
1789270882.475 76.471 0.07465369 3.51802e-07
1789270882.485 76.531 0.07471235 3.03125e-07
1789270882.495 76.592 0.07477009 3.02559e-07
1789270882.505 76.652 0.07483992 2.94918e-07
1789270882.515 76.713 0.07488368 3.74725e-07
1789270882.525 76.773 0.07494234 3.22086e-07
1789270882.535 76.833 0.07499635 3.43594e-07
1789270882.545 76.893 0.07504570 3.02276e-07
1789270882.555 76.954 0.07510436 2.67749e-07
1789270882.565 77.014 0.07516675 2.86993e-07
1789270882.575 77.074 0.07523193 2.57561e-07
1789270882.585 77.134 0.07528034 2.38034e-07
1789270882.595 77.194 0.07532690 2.11714e-07
1789270882.605 77.254 0.07537532 1.70962e-07
1789270882.615 77.314 0.07545912 1.74641e-07
1789270882.625 77.374 0.07550755 1.53698e-07
1789270882.635 77.433 0.07557645 1.53132e-07
1789270882.645 77.493 0.07562673 1.58792e-07
1789270882.655 77.553 0.07567608 1.58509e-07
1789270882.665 77.612 0.07574498 1.50302e-07
1789270882.675 77.672 0.07580923 1.40397e-07
1789270882.685 77.732 0.07585393 1.38699e-07
1789270882.695 77.791 0.07590700 1.57943e-07
1789270882.705 77.851 0.07597404 1.98979e-07
1789270882.715 77.910 0.07601501 2.26713e-07
1789270882.725 77.969 0.07606809 3.33123e-07
1789270882.735 78.029 0.07613885 2.83031e-07
1789270882.745 78.088 0.07618727 4.37835e-07
1789270882.755 78.147 0.07625059 2.68315e-07
1789270882.765 78.207 0.07629994 3.79253e-07
1789270882.775 78.266 0.07636419 4.08969e-07
1789270882.785 78.325 0.07642378 4.28779e-07
1789270882.795 78.384 0.07648337 3.91139e-07
1789270882.805 78.443 0.07653272 3.86894e-07
1789270882.815 78.502 0.07658114 3.92837e-07
1789270882.825 78.561 0.07664353 4.14912e-07
1789270882.835 78.620 0.07672174 3.98214e-07
1789270882.845 78.679 0.07676830 4.03025e-07
1789270882.855 78.737 0.07682789 3.74442e-07
1789270882.865 78.796 0.07684745 3.68216e-07
1789270882.875 78.855 0.07690704 3.50387e-07
1789270882.885 78.913 0.07697967 2.45958e-07
1789270882.895 78.972 0.07703646 2.07752e-07
1789270882.905 79.031 0.07709140 1.91338e-07
1789270882.915 79.089 0.07714634 1.59924e-07
1789270882.925 79.148 0.07720314 1.65301e-07
1789270882.935 79.206 0.07725621 1.64169e-07
1789270882.945 79.265 0.07729532 1.81716e-07
1789270882.955 79.323 0.07736329 1.48038e-07
1789270882.965 79.381 0.07740799 1.25115e-07
1789270882.975 79.440 0.07747037 1.25115e-07
1789270882.985 79.498 0.07752717 1.20021e-07
1789270882.995 79.556 0.07758211 1.36435e-07
1789270883.005 79.614 0.07764077 1.20587e-07
1789270883.015 79.672 0.07769198 1.34737e-07
1789270883.025 79.730 0.07776834 1.59358e-07
1789270883.035 79.788 0.07781862 1.61905e-07
1789270883.045 79.846 0.07785493 2.53316e-07
1789270883.055 79.904 0.07791825 2.78220e-07
1789270883.065 79.962 0.07797971 2.96050e-07
1789270883.075 80.020 0.07805327 3.74442e-07
1789270883.085 80.078 0.07808585 4.57928e-07
1789270883.095 80.136 0.07815011 5.78205e-07
1789270883.105 80.193 0.07821156 7.16595e-07
1789270883.115 80.251 0.07824415 8.61210e-07
1789270883.125 80.309 0.07829629 1.17138e-06
1789270883.135 80.366 0.07838475 1.64570e-06
1789270883.145 80.424 0.07842572 2.22558e-06
1789270883.155 80.481 0.07846762 2.92092e-06
1789270883.165 80.539 0.07853001 4.00907e-06
1789270883.175 80.596 0.07857935 5.23222e-06
1789270883.185 80.654 0.07863895 7.36155e-06
1789270883.195 80.711 0.07868364 1.03444e-05
1789270883.205 80.769 0.07874417 1.45787e-05
1789270883.215 80.826 0.07877489 1.94337e-05
1789270883.225 80.883 0.07883263 2.86701e-05
1789270883.235 80.940 0.07890060 4.01267e-05
1789270883.245 80.997 0.07895088 5.53357e-05
1789270883.255 81.055 0.07899557 7.90172e-05
1789270883.265 81.112 0.07904399 9.38359e-05
1789270883.275 81.169 0.07911848 1.21322e-04
1789270883.285 81.226 0.07917063 1.33380e-04
1789270883.295 81.283 0.07922556 1.41645e-04
1789270883.305 81.340 0.07927491 1.44814e-04
1789270883.315 81.396 0.07932892 1.35507e-04
1789270883.325 81.453 0.07939875 1.27273e-04
1789270883.335 81.510 0.07946952 1.11363e-04
1789270883.345 81.567 0.07950211 9.02406e-05
1789270883.355 81.624 0.07956636 6.79229e-05
1789270883.365 81.680 0.07961105 4.28407e-05
1789270883.375 81.737 0.07967344 2.84596e-05
1789270883.384 81.794 0.07972186 2.04066e-05
1789270883.394 81.850 0.07977214 1.41231e-05
1789270883.404 81.907 0.07985035 1.09186e-05
1789270883.414 81.963 0.07987736 8.85808e-06
1789270883.424 82.020 0.07992392 7.49229e-06
1789270883.434 82.076 0.07999933 6.51395e-06
1789270883.444 82.132 0.08003751 5.92077e-06
1789270883.454 82.189 0.08009897 5.20250e-06
1789270883.464 82.245 0.08015018 4.65715e-06
1789270883.474 82.301 0.08018277 4.36226e-06
1789270883.484 82.357 0.08026192 3.95955e-06
1789270883.494 82.414 0.08029916 3.67003e-06
1789270883.504 82.470 0.08035131 3.43089e-06
1789270883.514 82.526 0.08040903 3.01771e-06
1789270883.524 82.582 0.08047701 2.71461e-06
1789270883.534 82.638 0.08052449 2.61867e-06
1789270883.544 82.694 0.08056360 2.39594e-06
1789270883.554 82.750 0.08062320 2.06738e-06
1789270883.564 82.806 0.08066975 2.02521e-06
1789270883.574 82.862 0.08072003 1.96917e-06
1789270883.584 82.918 0.08078335 1.85569e-06
1789270883.594 82.973 0.08083736 1.57636e-06
1789270883.604 83.029 0.08088298 1.55910e-06
1789270883.614 83.085 0.08094351 1.43656e-06
1789270883.624 83.140 0.08099099 1.35902e-06
1789270883.634 83.196 0.08105152 1.27553e-06
1789270883.644 83.252 0.08108131 1.25204e-06
1789270883.654 83.307 0.08116884 1.14874e-06
1789270883.664 83.363 0.08121633 1.02932e-06
1789270883.674 83.418 0.08126475 1.00073e-06
1789270883.684 83.474 0.08130851 1.02649e-06
1789270883.694 83.529 0.08134948 9.18943e-07
1789270883.704 83.585 0.08142863 7.36971e-07
1789270883.714 83.640 0.08146308 7.41499e-07
1789270883.724 83.695 0.08152733 7.02444e-07
1789270883.734 83.751 0.08158785 6.33391e-07
1789270883.744 83.806 0.08162789 6.28297e-07
1789270883.754 83.861 0.08168190 5.03775e-07
1789270883.764 83.916 0.08174335 4.50570e-07
1789270883.774 83.971 0.08178152 4.35288e-07
1789270883.784 84.026 0.08182901 3.74442e-07
1789270883.794 84.082 0.08189140 4.36703e-07
1789270883.804 84.137 0.08195006 3.88026e-07
1789270883.814 84.192 0.08199662 3.44443e-07
1789270883.824 84.247 0.08204969 3.35387e-07
1789270883.834 84.301 0.08211673 3.23218e-07
1789270883.844 84.356 0.08215864 2.77371e-07
1789270883.854 84.411 0.08220705 3.06521e-07
1789270883.864 84.466 0.08225827 2.33223e-07
1789270883.874 84.521 0.08230855 2.29826e-07
1789270883.884 84.576 0.08234952 2.06620e-07
1789270883.894 84.630 0.08240539 1.92753e-07
1789270883.904 84.685 0.08246126 1.60773e-07
1789270883.914 84.740 0.08251154 1.42661e-07
1789270883.924 84.794 0.08257299 1.44359e-07
1789270883.934 84.849 0.08261768 1.10398e-07
1789270883.944 84.903 0.08266238 1.27379e-07
1789270883.954 84.958 0.08273315 1.13512e-07
1789270883.964 85.012 0.08277784 1.06719e-07
1789270883.974 85.067 0.08281043 1.10681e-07
1789270883.984 85.121 0.08288026 8.83241e-08
1789270883.994 85.175 0.08292589 1.08701e-07
1789270884.004 85.230 0.08299293 9.42672e-08
1789270884.014 85.284 0.08304973 9.08712e-08
1789270884.024 85.338 0.08309349 8.77581e-08
1789270884.034 85.392 0.08315495 7.24759e-08
1789270884.044 85.447 0.08319499 9.51162e-08
1789270884.054 85.501 0.08325086 8.91731e-08
1789270884.064 85.555 0.08330672 1.05870e-07
1789270884.074 85.609 0.08333932 1.19738e-07
1789270884.084 85.663 0.08339518 1.26247e-07
1789270884.094 85.717 0.08344267 1.74358e-07
1789270884.104 85.771 0.08349295 1.92753e-07
1789270884.114 85.825 0.08354416 2.72560e-07
1789270884.124 85.879 0.08360748 3.58028e-07
1789270884.134 85.933 0.08364845 4.83682e-07
1789270884.144 85.987 0.08370897 6.01129e-07
1789270884.154 86.040 0.08376298 7.70932e-07
1789270884.164 86.094 0.08380674 9.29980e-07
1789270884.174 86.148 0.08383561 1.21978e-06
1789270884.184 86.202 0.08392314 1.38279e-06
1789270884.194 86.255 0.08396038 1.54127e-06
1789270884.204 86.309 0.08403580 1.64315e-06
1789270884.214 86.363 0.08407305 1.66608e-06
1789270884.224 86.416 0.08411309 1.66438e-06
1789270884.234 86.470 0.08416989 1.54438e-06
1789270884.244 86.523 0.08420527 1.49175e-06
1789270884.254 86.577 0.08425648 1.35590e-06
1789270884.264 86.630 0.08431421 1.13233e-06
1789270884.274 86.684 0.08436542 8.70266e-07
1789270884.284 86.737 0.08442595 7.38386e-07
1789270884.294 86.790 0.08446599 5.51320e-07
1789270884.304 86.844 0.08450509 3.91422e-07
1789270884.314 86.897 0.08454792 3.13596e-07
1789270884.324 86.950 0.08462614 2.29260e-07
1789270884.334 87.003 0.08467456 1.74075e-07
1789270884.344 87.056 0.08471087 1.67282e-07
1789270884.354 87.110 0.08477233 1.33039e-07
1789270884.364 87.163 0.08480864 1.32473e-07
1789270884.374 87.216 0.08485892 1.19455e-07
1789270884.384 87.269 0.08491293 1.00493e-07
1789270884.394 87.322 0.08496228 1.17757e-07
1789270884.404 87.375 0.08502281 9.28522e-08
1789270884.414 87.428 0.08506657 9.79463e-08
1789270884.424 87.481 0.08510661 9.25692e-08
1789270884.434 87.534 0.08516899 7.84189e-08
1789270884.444 87.587 0.08521369 8.86071e-08
1789270884.454 87.639 0.08526304 6.45517e-08
1789270884.464 87.692 0.08531611 6.99288e-08
1789270884.474 87.745 0.08537477 6.28537e-08
1789270884.484 87.798 0.08542413 5.26655e-08
1789270884.494 87.850 0.08547534 6.68158e-08
1789270884.504 87.903 0.08551817 4.41754e-08
1789270884.514 87.956 0.08556286 5.06845e-08
1789270884.524 88.008 0.08562059 4.78544e-08
1789270884.534 88.061 0.08566622 3.93643e-08
1789270884.544 88.113 0.08571371 5.66276e-08
1789270884.554 88.166 0.08577889 3.79493e-08
1789270884.564 88.218 0.08581148 4.64394e-08
1789270884.574 88.271 0.08587386 4.13453e-08
1789270884.584 88.323 0.08593532 3.59682e-08
1789270884.594 88.376 0.08595487 5.04015e-08
1789270884.604 88.428 0.08601446 3.11572e-08
1789270884.614 88.480 0.08607592 4.13453e-08
1789270884.624 88.533 0.08612248 3.87983e-08
1789270884.634 88.585 0.08617462 3.34212e-08
1789270884.644 88.637 0.08621000 4.95525e-08
1789270884.654 88.689 0.08627983 2.88931e-08
1789270884.664 88.741 0.08631150 3.73833e-08
1789270884.674 88.794 0.08636364 3.59682e-08
1789270884.684 88.846 0.08643068 2.88931e-08
1789270884.694 88.898 0.08646606 4.27603e-08
1789270884.704 88.950 0.08651355 2.40820e-08
1789270884.714 89.002 0.08655173 3.37042e-08
1789270884.724 89.054 0.08660759 3.54022e-08
1789270884.734 89.106 0.08667743 2.86101e-08
1789270884.744 89.158 0.08670816 4.61564e-08
1789270884.754 89.210 0.08676775 2.54971e-08
1789270884.764 89.261 0.08679941 3.51192e-08
1789270884.774 89.313 0.08686552 4.30434e-08
1789270884.784 89.365 0.08691021 3.59682e-08
1789270884.794 89.417 0.08694932 5.57786e-08
1789270884.804 89.469 0.08700892 3.56852e-08
1789270884.814 89.520 0.08706292 5.43635e-08
1789270884.824 89.572 0.08709830 5.37975e-08
1789270884.834 89.624 0.08715045 5.15335e-08
1789270884.844 89.675 0.08721563 5.88916e-08
1789270884.854 89.727 0.08726870 4.50244e-08
1789270884.864 89.779 0.08730595 5.29485e-08
1789270884.874 89.830 0.08734785 4.87035e-08
1789270884.884 89.882 0.08740651 4.47414e-08
1789270884.894 89.933 0.08744841 5.37975e-08
1789270884.904 89.984 0.08750428 3.37042e-08
1789270884.914 90.036 0.08755735 4.33264e-08
1789270884.924 90.087 0.08760111 3.96473e-08
1789270884.934 90.139 0.08763278 2.83271e-08
1789270884.944 90.190 0.08769702 3.85153e-08
1789270884.954 90.241 0.08776686 1.95540e-08
1789270884.964 90.293 0.08780131 3.08741e-08
1789270884.974 90.344 0.08783948 2.86101e-08
1789270884.984 90.395 0.08788977 2.04030e-08
1789270884.994 90.446 0.08792701 3.42702e-08
1789270885.004 90.497 0.08799219 1.92710e-08
1789270885.014 90.549 0.08803316 3.31382e-08
1789270885.024 90.600 0.08806947 3.22892e-08
1789270885.034 90.651 0.08812534 3.03081e-08
1789270885.044 90.702 0.08816724 4.53074e-08
1789270885.054 90.753 0.08822870 3.42702e-08
1789270885.064 90.804 0.08826315 5.60616e-08
1789270885.074 90.855 0.08831902 5.77596e-08
1789270885.084 90.906 0.08838234 5.77596e-08
1789270885.094 90.957 0.08842983 7.04948e-08
1789270885.104 91.007 0.08848569 5.49296e-08
1789270885.114 91.058 0.08853039 7.53059e-08
1789270885.124 91.109 0.08856856 6.93628e-08
1789270885.133 91.160 0.08861884 6.03066e-08
1789270885.144 91.211 0.08865702 7.10608e-08
1789270885.153 91.261 0.08871568 5.20995e-08
1789270885.163 91.312 0.08877528 6.48347e-08
1789270885.173 91.363 0.08881624 5.12505e-08
1789270885.183 91.413 0.08886094 3.96473e-08
1789270885.193 91.464 0.08889632 4.78544e-08
1789270885.203 91.515 0.08896337 3.08741e-08
1789270885.213 91.565 0.08899875 3.82323e-08
1789270885.223 91.616 0.08904065 3.39872e-08
1789270885.233 91.666 0.08909279 2.18180e-08
1789270885.243 91.717 0.08912724 3.51192e-08
1789270885.253 91.767 0.08919801 1.89880e-08
1789270885.263 91.817 0.08923991 3.08741e-08
1789270885.273 91.868 0.08930323 2.71951e-08
1789270885.283 91.918 0.08934047 1.78559e-08
1789270885.293 91.969 0.08937492 3.59682e-08
1789270885.303 92.019 0.08941962 2.18180e-08
1789270885.313 92.069 0.08947363 3.48362e-08
1789270885.323 92.119 0.08952298 3.20062e-08
1789270885.333 92.170 0.08957978 2.80441e-08
1789270885.343 92.220 0.08962447 4.98355e-08
1789270885.353 92.270 0.08965799 4.07793e-08
1789270885.363 92.320 0.08969617 5.63446e-08
1789270885.373 92.370 0.08976414 5.52126e-08
1789270885.383 92.420 0.08981908 6.05897e-08
1789270885.393 92.470 0.08984515 8.46451e-08
1789270885.403 92.521 0.08990195 8.57771e-08
1789270885.413 92.571 0.08994851 1.12662e-07
1789270885.423 92.621 0.09002206 1.41246e-07
1789270885.433 92.670 0.09006397 1.75490e-07
1789270885.443 92.720 0.09009842 2.38034e-07
1789270885.453 92.770 0.09014684 2.88974e-07
1789270885.463 92.820 0.09019433 4.07270e-07
1789270885.473 92.870 0.09024833 4.90191e-07
1789270885.483 92.920 0.09029954 6.86030e-07
1789270885.493 92.970 0.09033586 9.30829e-07
1789270885.503 93.019 0.09037776 1.11761e-06
1789270885.513 93.069 0.09042618 1.43967e-06
1789270885.523 93.119 0.09048856 1.77758e-06
1789270885.533 93.169 0.09052302 2.06058e-06
1789270885.543 93.218 0.09055560 2.21029e-06
1789270885.553 93.268 0.09061613 2.46839e-06
1789270885.563 93.317 0.09066175 2.83432e-06
1789270885.573 93.367 0.09070365 2.97950e-06
1789270885.583 93.417 0.09075394 3.12921e-06
1789270885.593 93.466 0.09079211 3.16176e-06
1789270885.603 93.516 0.09084612 3.15298e-06
1789270885.613 93.565 0.09089361 3.06242e-06
1789270885.623 93.615 0.09094855 2.91696e-06
1789270885.633 93.664 0.09098579 2.68065e-06
1789270885.643 93.713 0.09102583 2.40330e-06
1789270885.653 93.763 0.09108449 2.18397e-06
1789270885.663 93.812 0.09113104 1.96068e-06
1789270885.673 93.861 0.09117947 1.70796e-06
1789270885.683 93.911 0.09123719 1.45722e-06
1789270885.693 93.960 0.09128096 1.21610e-06
1789270885.703 94.009 0.09132100 9.88562e-07
1789270885.713 94.059 0.09136290 8.26117e-07
1789270885.723 94.108 0.09140387 6.96501e-07
1789270885.733 94.157 0.09146067 5.56697e-07
1789270885.743 94.206 0.09151654 4.52834e-07
1789270885.753 94.255 0.09154075 3.70480e-07
1789270885.763 94.304 0.09159289 3.24350e-07
1789270885.773 94.353 0.09164689 2.54165e-07
1789270885.783 94.402 0.09169252 2.05771e-07
1789270885.793 94.451 0.09174187 2.00394e-07
1789270885.803 94.500 0.09178936 1.58792e-07
1789270885.813 94.549 0.09185454 1.50302e-07
1789270885.823 94.598 0.09189364 1.26530e-07
1789270885.833 94.647 0.09193182 1.05587e-07
1789270885.843 94.696 0.09196814 1.10398e-07
1789270885.853 94.745 0.09202028 8.18150e-08
1789270885.863 94.794 0.09205660 8.23810e-08
1789270885.873 94.843 0.09212270 6.85138e-08
1789270885.883 94.891 0.09217299 5.15335e-08
1789270885.893 94.940 0.09219626 6.42687e-08
1789270885.903 94.989 0.09225585 3.85153e-08
1789270885.913 95.038 0.09229403 4.50244e-08
1789270885.923 95.086 0.09235083 3.20062e-08
1789270885.933 95.135 0.09238249 2.35160e-08
1789270885.943 95.184 0.09242346 3.59682e-08
1789270885.953 95.232 0.09248585 1.27619e-08
1789270885.963 95.281 0.09251844 2.21010e-08
1789270885.973 95.329 0.09256965 1.30449e-08
1789270885.983 95.378 0.09263204 5.12072e-09
1789270885.993 95.426 0.09267207 1.70069e-08
1789270886.003 95.475 0.09272515 -6.76548e-09
1789270886.013 95.523 0.09275681 4.27170e-09
1789270886.023 95.572 0.09281081 -3.93543e-09
1789270886.033 95.620 0.09286109 -1.12936e-08
1789270886.043 95.669 0.09287972 -8.22381e-10
1789270886.053 95.717 0.09293093 -2.34628e-08
1789270886.063 95.765 0.09297097 -1.61046e-08
1789270886.073 95.814 0.09302590 -2.57268e-08
1789270886.083 95.862 0.09307898 -3.53489e-08
1789270886.093 95.910 0.09311995 -2.54438e-08
1789270886.103 95.958 0.09316744 -5.00651e-08
1789270886.113 96.007 0.09320654 -4.24240e-08
1789270886.123 96.055 0.09325124 -5.85553e-08
1789270886.133 96.103 0.09330897 -6.50644e-08
1789270886.143 96.151 0.09332387 -5.99703e-08
1789270886.153 96.199 0.09337974 -8.57237e-08
1789270886.163 96.247 0.09343560 -7.66675e-08
1789270886.173 96.295 0.09348682 -9.22327e-08
1789270886.183 96.344 0.09353523 -1.01006e-07
1789270886.193 96.392 0.09357993 -9.22327e-08
1789270886.203 96.440 0.09362742 -1.16571e-07
1789270886.213 96.488 0.09366745 -1.04685e-07
1789270886.223 96.535 0.09370563 -1.13175e-07
1789270886.233 96.583 0.09374846 -1.15722e-07
1789270886.243 96.631 0.09378571 -9.93079e-08
1789270886.253 96.679 0.09384065 -1.12892e-07
1789270886.263 96.727 0.09390769 -9.27988e-08
1789270886.273 96.775 0.09396263 -9.19498e-08
1789270886.283 96.823 0.09399708 -8.51577e-08
1789270886.293 96.871 0.09402781 -6.11023e-08
1789270886.303 96.918 0.09408926 -6.67624e-08
1789270886.313 96.966 0.09412464 -4.52541e-08
1789270886.323 97.014 0.09416096 -3.90280e-08
1789270886.333 97.061 0.09420100 -3.33679e-08
1789270886.343 97.109 0.09424289 -5.63346e-09
1789270886.353 97.157 0.09429970 -1.27086e-08
1789270886.363 97.204 0.09435091 1.19128e-08
1789270886.373 97.252 0.09438722 5.12072e-09
1789270886.383 97.300 0.09444495 9.36579e-09
1789270886.393 97.347 0.09449151 2.57801e-08
1789270886.403 97.395 0.09453713 1.10638e-08
1789270886.413 97.442 0.09457904 2.69121e-08
1789270886.423 97.490 0.09460511 2.18180e-08
1789270886.433 97.537 0.09467494 1.78559e-08
1789270886.443 97.585 0.09471312 3.03081e-08
1789270886.453 97.632 0.09474478 1.24788e-08
1789270886.463 97.679 0.09480530 3.39872e-08
1789270886.473 97.727 0.09486210 2.32330e-08
1789270886.483 97.774 0.09488538 2.01200e-08
1789270886.493 97.821 0.09492914 3.59682e-08
1789270886.503 97.869 0.09498501 2.01200e-08
1789270886.513 97.916 0.09501853 4.16283e-08
1789270886.523 97.963 0.09507812 4.27603e-08
1789270886.533 98.011 0.09512468 4.27603e-08
1789270886.543 98.058 0.09515541 6.59667e-08
1789270886.553 98.105 0.09520848 6.22877e-08
1789270886.563 98.152 0.09524387 8.23810e-08
1789270886.573 98.199 0.09530625 9.85123e-08
1789270886.583 98.246 0.09535094 1.10398e-07
1789270886.593 98.293 0.09538633 1.52849e-07
1789270886.603 98.341 0.09543475 1.77754e-07
1789270886.613 98.388 0.09547293 2.26713e-07
1789270886.623 98.435 0.09552786 2.48788e-07
1789270886.633 98.482 0.09555393 3.13030e-07
1789270886.643 98.529 0.09560422 3.80385e-07
1789270886.653 98.576 0.09565170 4.57362e-07
1789270886.663 98.623 0.09567963 5.22736e-07
1789270886.673 98.669 0.09574947 6.29712e-07
1789270886.683 98.716 0.09579603 7.03010e-07
1789270886.693 98.763 0.09584910 9.30829e-07
1789270886.703 98.810 0.09590404 1.10091e-06
1789270886.713 98.857 0.09592639 1.26874e-06
1789270886.723 98.904 0.09597294 1.60778e-06
1789270886.733 98.950 0.09602323 1.84437e-06
1789270886.743 98.997 0.09605675 2.47660e-06
1789270886.753 99.044 0.09609120 3.10544e-06
1789270886.763 99.091 0.09613962 3.92728e-06
1789270886.773 99.137 0.09617779 5.00044e-06
1789270886.783 99.184 0.09623366 6.15255e-06
1789270886.793 99.231 0.09627463 8.67214e-06
1789270886.803 99.277 0.09633050 1.28538e-05
1789270886.813 99.324 0.09637333 1.56556e-05
1789270886.823 99.371 0.09641989 2.00693e-05
1789270886.833 99.417 0.09646086 2.61120e-05
1789270886.843 99.464 0.09649717 3.44627e-05
1789270886.853 99.510 0.09654466 4.60047e-05
1789270886.863 99.557 0.09658749 5.29366e-05
1789270886.873 99.603 0.09663591 5.84020e-05
1789270886.883 99.650 0.09667037 6.73039e-05
1789270886.893 99.696 0.09672158 7.53056e-05
1789270886.903 99.742 0.09677558 8.23230e-05
1789270886.913 99.789 0.09679793 8.88389e-05
1789270886.922 99.835 0.09683983 9.77275e-05
1789270886.933 99.882 0.09689011 1.02339e-04
1789270886.942 99.928 0.09693201 1.07072e-04
1789270886.952 99.974 0.09697671 1.13197e-04
1789270886.962 100.021 0.09701116 1.13689e-04
1789270886.972 100.067 0.09708565 1.10989e-04
1789270886.982 100.113 0.09712290 1.08673e-04
1789270886.992 100.159 0.09716759 1.10096e-04
1789270887.002 100.205 0.09722252 1.02416e-04
1789270887.012 100.252 0.09723556 9.40456e-05
1789270887.022 100.298 0.09729329 9.38801e-05
1789270887.032 100.344 0.09733985 8.67676e-05
1789270887.042 100.390 0.09735568 7.34916e-05
1789270887.052 100.436 0.09742737 6.86131e-05
1789270887.062 100.482 0.09748138 5.82812e-05
1789270887.072 100.528 0.09751956 5.31376e-05
1789270887.082 100.574 0.09756705 4.82277e-05
1789270887.092 100.620 0.09759219 3.85048e-05
1789270887.102 100.666 0.09763316 3.25982e-05
1789270887.112 100.712 0.09766109 2.75607e-05
1789270887.122 100.758 0.09772348 2.29478e-05
1789270887.132 100.804 0.09777282 1.89826e-05
1789270887.142 100.850 0.09780449 1.60696e-05
1789270887.152 100.896 0.09783894 1.37102e-05
1789270887.162 100.942 0.09789667 1.05719e-05
1789270887.172 100.988 0.09794416 8.87364e-06
1789270887.182 101.033 0.09798978 7.95642e-06
1789270887.192 101.079 0.09800841 5.94850e-06
1789270887.202 101.125 0.09807451 6.32009e-06
1789270887.212 101.171 0.09810618 4.81620e-06
1789270887.222 101.217 0.09815739 4.17859e-06
1789270887.232 101.262 0.09821419 3.47900e-06
1789270887.242 101.308 0.09825609 3.25458e-06
1789270887.252 101.354 0.09830078 2.87337e-06
1789270887.262 101.399 0.09832872 2.23520e-06
1789270887.272 101.445 0.09837806 2.40585e-06
1789270887.282 101.490 0.09842276 2.02125e-06
1789270887.292 101.536 0.09846559 1.82399e-06
1789270887.302 101.582 0.09851960 1.48693e-06
1789270887.312 101.627 0.09853635 1.42892e-06
1789270887.322 101.673 0.09859595 1.18836e-06
1789270887.332 101.718 0.09864902 1.23308e-06
1789270887.342 101.764 0.09867230 1.08309e-06
1789270887.352 101.809 0.09871513 9.00265e-07
1789270887.362 101.855 0.09875703 8.99133e-07
1789270887.372 101.900 0.09882222 8.09703e-07
1789270887.382 101.946 0.09886039 7.27349e-07
1789270887.392 101.991 0.09888274 7.40367e-07
1789270887.402 102.036 0.09893395 5.45660e-07
1789270887.412 102.082 0.09896375 5.45943e-07
1789270887.422 102.127 0.09901962 5.48773e-07
1789270887.432 102.172 0.09908479 4.86512e-07
1789270887.442 102.218 0.09912856 4.88493e-07
1789270887.452 102.263 0.09916580 4.08120e-07
1789270887.462 102.308 0.09918536 3.64820e-07
1789270887.472 102.353 0.09922912 3.52651e-07
1789270887.482 102.399 0.09928126 3.01993e-07
1789270887.492 102.444 0.09933900 2.83031e-07
1789270887.502 102.489 0.09938928 2.41713e-07
1789270887.512 102.534 0.09940324 2.23883e-07
1789270887.522 102.579 0.09944980 2.19355e-07
1789270887.532 102.624 0.09949915 2.36053e-07
1789270887.542 102.669 0.09954105 2.25864e-07
1789270887.552 102.714 0.09959506 1.82848e-07
1789270887.562 102.759 0.09961833 1.71245e-07
1789270887.572 102.805 0.09965744 1.42661e-07
1789270887.582 102.850 0.09970959 1.23983e-07
1789270887.592 102.895 0.09974497 1.46057e-07
1789270887.602 102.939 0.09981294 1.03040e-07
1789270887.612 102.984 0.09985763 8.80411e-08
1789270887.622 103.029 0.09988930 5.97406e-08
1789270887.632 103.074 0.09992561 5.63446e-08
1789270887.642 103.119 0.09997216 5.01185e-08
1789270887.652 103.164 0.10001314 6.25274e-09
1789270887.662 103.209 0.10004573 1.21958e-08
1789270887.672 103.254 0.10009601 -1.58216e-08
1789270887.682 103.299 0.10014163 -2.26137e-08
1789270887.692 103.343 0.10017422 -2.40288e-08
1789270887.702 103.388 0.10022265 -6.70454e-08
1789270887.712 103.433 0.10028596 -5.96873e-08
1789270887.722 103.478 0.10032693 -8.62897e-08
1789270887.732 103.522 0.10035765 -8.60067e-08
1789270887.742 103.567 0.10039210 -8.37426e-08
1789270887.752 103.612 0.10044705 -1.07232e-07
1789270887.762 103.656 0.10047498 -8.68557e-08
1789270887.772 103.701 0.10051781 -1.00157e-07
1789270887.782 103.746 0.10055319 -9.70438e-08
1789270887.792 103.790 0.10059602 -8.68557e-08
1789270887.802 103.835 0.10064631 -9.84588e-08
1789270887.812 103.879 0.10068169 -7.27055e-08
1789270887.822 103.924 0.10072825 -7.80825e-08
1789270887.832 103.968 0.10077946 -6.87434e-08
1789270887.842 104.013 0.10081205 -5.94043e-08
1789270887.852 104.057 0.10085489 -6.78944e-08
1789270887.862 104.102 0.10090889 -3.98770e-08
1789270887.872 104.146 0.10094055 -5.23292e-08
1789270887.882 104.191 0.10099176 -5.23292e-08
1789270887.892 104.235 0.10100759 -3.25189e-08
1789270887.902 104.280 0.10106345 -4.75181e-08
1789270887.912 104.324 0.10108395 -2.03497e-08
1789270887.922 104.368 0.10112864 -3.70469e-08
1789270887.932 104.413 0.10118637 -3.08209e-08
1789270887.942 104.457 0.10123851 -2.37458e-08
1789270887.952 104.501 0.10128506 -3.50659e-08
1789270887.962 104.546 0.10129997 -1.55386e-08
1789270887.972 104.590 0.10136142 -2.96889e-08
1789270887.982 104.634 0.10139866 -3.08209e-08
1789270887.992 104.678 0.10143498 -1.89347e-08
1789270888.002 104.723 0.10150015 -3.61979e-08
1789270888.012 104.767 0.10151784 -1.75197e-08
1789270888.022 104.811 0.10156068 -3.25189e-08
1789270888.032 104.855 0.10161562 -3.19529e-08
1789270888.042 104.899 0.10165566 -2.28967e-08
1789270888.052 104.943 0.10169569 -3.78960e-08
1789270888.062 104.987 0.10172457 -1.80857e-08
1789270888.072 105.031 0.10178788 -3.13869e-08
1789270888.082 105.076 0.10183350 -2.99718e-08
1789270888.092 105.120 0.10185771 -2.14817e-08
1789270888.102 105.164 0.10190334 -3.39339e-08
1789270888.112 105.208 0.10193592 -1.15766e-08
1789270888.122 105.252 0.10197597 -2.20477e-08
1789270888.132 105.296 0.10200856 -1.41236e-08
1789270888.142 105.339 0.10205325 2.00767e-09
1789270888.152 105.383 0.10212215 -5.63346e-09
1789270888.162 105.427 0.10214357 2.52141e-08
1789270888.172 105.471 0.10219198 1.92710e-08
1789270888.182 105.515 0.10222551 4.19113e-08
1789270888.192 105.559 0.10226462 6.03066e-08
1789270888.202 105.603 0.10231304 5.54956e-08
1789270888.212 105.647 0.10235773 9.17202e-08
1789270888.222 105.690 0.10241640 8.40791e-08
1789270888.232 105.734 0.10246575 9.56822e-08
1789270888.242 105.778 0.10249089 1.21153e-07
1789270888.252 105.822 0.10253837 1.16342e-07
1789270888.262 105.865 0.10257934 1.48321e-07
1789270888.272 105.909 0.10261565 1.42944e-07
1789270888.282 105.953 0.10266687 1.55113e-07
1789270888.292 105.996 0.10268829 1.79735e-07
1789270888.302 106.040 0.10273484 1.68131e-07
1789270888.312 106.084 0.10277209 1.91055e-07
1789270888.322 106.127 0.10282050 1.82565e-07
1789270888.332 106.171 0.10285496 1.85961e-07
1789270888.342 106.215 0.10289127 1.93602e-07
1789270888.352 106.258 0.10293783 1.73226e-07
1789270888.362 106.302 0.10297880 1.82565e-07
1789270888.372 106.345 0.10303466 1.72093e-07
1789270888.382 106.389 0.10307471 1.67848e-07
1789270888.392 106.432 0.10311568 1.71528e-07
1789270888.402 106.476 0.10315665 1.52849e-07
1789270888.412 106.519 0.10318830 1.66433e-07
1789270888.422 106.563 0.10323113 1.47472e-07
1789270888.432 106.606 0.10327024 1.46340e-07
1789270888.442 106.649 0.10331308 1.44925e-07
1789270888.452 106.693 0.10335498 1.14361e-07
1789270888.462 106.736 0.10338943 1.25398e-07
1789270888.472 106.780 0.10343226 1.08134e-07
1789270888.482 106.823 0.10348440 1.01342e-07
1789270888.492 106.866 0.10351607 1.03323e-07
1789270888.502 106.910 0.10357007 7.89850e-08
1789270888.512 106.953 0.10360359 8.46451e-08
1789270888.522 106.996 0.10363432 6.68158e-08
1789270888.532 107.039 0.10367063 6.31367e-08
1789270888.542 107.083 0.10372556 6.82308e-08
1789270888.552 107.126 0.10375723 4.47414e-08
1789270888.562 107.169 0.10377120 5.40805e-08
1789270888.572 107.212 0.10382892 3.62512e-08
1789270888.582 107.255 0.10385965 3.65343e-08
1789270888.592 107.298 0.10389410 4.07793e-08
1789270888.602 107.342 0.10395836 1.87049e-08
1789270888.612 107.385 0.10399839 3.14402e-08
1789270888.622 107.428 0.10404122 2.29500e-08
1789270888.632 107.471 0.10408499 2.18180e-08
1789270888.642 107.514 0.10413620 2.83271e-08
1789270888.652 107.557 0.10417997 1.61579e-08
1789270888.662 107.600 0.10422000 3.20062e-08
1789270888.672 107.643 0.10425818 1.89880e-08
1789270888.682 107.686 0.10428984 1.78559e-08
1789270888.692 107.729 0.10434291 2.69121e-08
1789270888.702 107.772 0.10436713 8.51678e-09
1789270888.711 107.815 0.10440344 2.88931e-08
1789270888.722 107.858 0.10446675 1.21958e-08
1789270888.732 107.901 0.10450493 1.89880e-08
1789270888.741 107.944 0.10453472 2.63461e-08
1789270888.751 107.986 0.10458128 6.25274e-09
1789270888.761 108.029 0.10460269 2.40820e-08
1789270888.771 108.072 0.10463995 1.24788e-08
1789270888.781 108.115 0.10468278 1.78559e-08
1789270888.791 108.158 0.10472561 2.37990e-08
1789270888.801 108.201 0.10477589 5.96973e-09
1789270888.811 108.243 0.10482152 2.37990e-08
1789270888.821 108.286 0.10485690 1.02148e-08
1789270888.831 108.329 0.10490159 1.75729e-08
1789270888.841 108.371 0.10493697 2.04030e-08
1789270888.851 108.414 0.10497329 3.98870e-09
1789270888.861 108.457 0.10501332 2.32330e-08
1789270888.871 108.500 0.10506361 9.36579e-09
1789270888.881 108.542 0.10510644 1.50259e-08
1789270888.891 108.585 0.10514462 1.92710e-08
1789270888.901 108.627 0.10517441 1.72466e-09
1789270888.911 108.670 0.10521445 2.15350e-08
1789270888.921 108.713 0.10527126 9.08279e-09
1789270888.931 108.755 0.10529453 1.41769e-08
1789270888.941 108.798 0.10533736 1.89880e-08
1789270888.951 108.840 0.10538764 3.13968e-09
1789270888.961 108.883 0.10544351 2.26670e-08
1789270888.971 108.925 0.10547796 1.04978e-08
1789270888.981 108.968 0.10550497 1.55919e-08
1789270888.991 109.010 0.10553011 2.01200e-08
1789270889.001 109.053 0.10558411 3.98870e-09
1789270889.011 109.095 0.10561949 2.23840e-08
1789270889.021 109.138 0.10567629 1.16298e-08
1789270889.031 109.180 0.10572472 1.58749e-08
1789270889.041 109.222 0.10575638 1.95540e-08
1789270889.051 109.265 0.10579827 4.55471e-09
1789270889.061 109.307 0.10582155 2.46480e-08
1789270889.071 109.349 0.10587183 1.21958e-08
1789270889.081 109.392 0.10590349 1.78559e-08
1789270889.091 109.434 0.10594819 1.92710e-08
1789270889.101 109.476 0.10599009 7.38476e-09
1789270889.111 109.519 0.10602640 2.46480e-08
1789270889.121 109.561 0.10607109 1.24788e-08
1789270889.131 109.603 0.10609810 1.55919e-08
1789270889.141 109.645 0.10614465 1.92710e-08
1789270889.151 109.687 0.10618190 4.83771e-09
1789270889.161 109.730 0.10621729 2.35160e-08
1789270889.171 109.772 0.10628153 1.04978e-08
1789270889.181 109.814 0.10630946 1.38939e-08
1789270889.191 109.856 0.10633647 1.78559e-08
1789270889.201 109.898 0.10638955 4.83771e-09
1789270889.211 109.940 0.10643796 2.40820e-08
1789270889.221 109.982 0.10647614 1.07808e-08
1789270889.231 110.025 0.10651711 1.53089e-08
