1789276655.125 31.725 0.03448735 7.21931e-08
1789276655.131 31.870 0.03448735 6.08729e-08
1789276655.141 32.015 0.03446687 5.54958e-08
1789276655.151 32.159 0.03445756 7.04951e-08
1789276655.161 32.303 0.03447525 7.92683e-08
1789276655.171 32.446 0.03447804 6.08729e-08
1789276655.181 32.588 0.03445476 8.23813e-08
1789276655.191 32.730 0.03444545 7.04951e-08
1789276655.201 32.871 0.03444731 8.32303e-08
1789276655.211 33.012 0.03445197 8.60604e-08
1789276655.221 33.152 0.03444825 7.61552e-08
1789276655.231 33.291 0.03444825 9.59656e-08
1789276655.241 33.430 0.03444825 8.15323e-08
1789276655.251 33.568 0.03444825 9.14375e-08
1789276655.261 33.705 0.03447525 9.05885e-08
1789276655.271 33.842 0.03447525 7.67212e-08
1789276655.281 33.979 0.03448828 9.14375e-08
1789276655.291 34.115 0.03454601 7.13441e-08
1789276655.301 34.250 0.03460654 7.19101e-08
1789276655.311 34.385 0.03466613 6.42690e-08
1789276655.321 34.519 0.03470524 4.95527e-08
1789276655.331 34.653 0.03477693 5.54958e-08
1789276655.341 34.787 0.03487657 2.69122e-08
1789276655.351 34.919 0.03496037 2.83273e-08
1789276655.361 35.052 0.03508142 2.23841e-08
1789276655.371 35.183 0.03521457 1.02149e-08
1789276655.381 35.315 0.03535145 2.80442e-08
1789276655.391 35.446 0.03547342 1.44600e-08
1789276655.401 35.576 0.03560937 2.71952e-08
1789276655.411 35.706 0.03578535 2.66292e-08
1789276655.421 35.835 0.03592037 1.87051e-08
1789276655.431 35.964 0.03609076 3.28553e-08
1789276655.441 36.092 0.03625464 1.33280e-08
1789276655.451 36.220 0.03640270 2.21011e-08
1789276655.461 36.348 0.03656006 1.92711e-08
1789276655.471 36.475 0.03671090 1.13469e-08
1789276655.481 36.602 0.03688409 2.29501e-08
1789276655.491 36.728 0.03703866 2.85675e-09
1789276655.501 36.854 0.03719230 1.38940e-08
1789276655.511 36.979 0.03735525 1.19129e-08
1789276655.521 37.104 0.03748747 5.68681e-09
1789276655.531 37.229 0.03761038 1.92711e-08
1789276655.541 37.353 0.03775750 2.85675e-09
1789276655.551 37.476 0.03788599 1.30449e-08
1789276655.561 37.600 0.03802473 1.27619e-08
1789276655.571 37.723 0.03816626 3.98878e-09
1789276655.581 37.845 0.03826310 2.09691e-08
1789276655.591 37.967 0.03836087 2.85675e-09
1789276655.601 38.089 0.03846982 1.24789e-08
1789276655.611 38.210 0.03857317 1.21959e-08
1789276655.621 38.331 0.03867094 5.68681e-09
1789276655.631 38.452 0.03877336 1.87051e-08
1789276655.641 38.572 0.03887765 -2.56309e-10
1789276655.651 38.692 0.03897263 1.16299e-08
1789276655.661 38.811 0.03907598 1.24789e-08
1789276655.671 38.930 0.03918772 3.42276e-09
1789276655.681 39.049 0.03925011 1.53090e-08
1789276655.691 39.167 0.03934042 2.66971e-11
1789276655.701 39.285 0.03941585 1.19129e-08
1789276655.711 39.403 0.03950896 1.13469e-08
1789276655.721 39.520 0.03962442 1.72473e-09
1789276655.731 39.637 0.03973336 1.47430e-08
1789276655.741 39.754 0.03980227 -2.56309e-10
1789276655.751 39.870 0.03991307 1.24789e-08
1789276655.761 39.986 0.04001550 1.02149e-08
1789276655.771 40.101 0.04008999 2.00774e-09
1789276655.781 40.217 0.04020824 1.33280e-08
1789276655.791 40.332 0.04030880 -2.56309e-10
1789276655.801 40.446 0.04041216 1.21959e-08
1789276655.811 40.560 0.04052297 1.10639e-08
1789276655.821 40.674 0.04062818 2.00774e-09
1789276655.831 40.788 0.04075016 1.50260e-08
1789276655.841 40.901 0.04084979 -8.22320e-10
1789276655.851 41.014 0.04095967 1.24789e-08
1789276655.861 41.127 0.04106209 1.07809e-08
1789276655.871 41.239 0.04118221 1.44173e-09
1789276655.881 41.351 0.04130977 1.50260e-08
1789276655.891 41.463 0.04141779 8.75714e-10
1789276655.901 41.575 0.04151462 1.24789e-08
1789276655.910 41.686 0.04163102 9.36588e-09
1789276655.920 41.797 0.04173810 5.92708e-10
1789276655.930 41.907 0.04184331 1.53090e-08
1789276655.940 42.018 0.04195226 2.66971e-11
1789276655.950 42.128 0.04205375 1.19129e-08
1789276655.960 42.237 0.04216921 9.36588e-09
1789276655.970 42.347 0.04227443 8.75714e-10
1789276655.980 42.456 0.04238710 1.47430e-08
1789276655.990 42.565 0.04250628 1.15872e-09
1789276656.000 42.673 0.04262826 1.38940e-08
1789276656.010 42.782 0.04272137 9.64889e-09
1789276656.020 42.890 0.04281821 1.72473e-09
1789276656.030 42.998 0.04290481 1.55920e-08
1789276656.040 43.105 0.04301096 1.44173e-09
1789276656.050 43.212 0.04313573 1.30449e-08
1789276656.060 43.319 0.04322512 9.64889e-09
1789276656.070 43.426 0.04331171 1.44173e-09
1789276656.080 43.532 0.04338713 1.55920e-08
1789276656.090 43.639 0.04348677 1.44173e-09
1789276656.100 43.745 0.04359291 1.19129e-08
1789276656.110 43.850 0.04371024 8.51686e-09
1789276656.120 43.956 0.04379683 1.15872e-09
1789276656.130 44.061 0.04390112 1.84221e-08
1789276656.140 44.166 0.04398958 2.57375e-09
1789276656.150 44.270 0.04406686 1.30449e-08
1789276656.160 44.375 0.04417115 9.36588e-09
1789276656.170 44.479 0.04428195 2.00774e-09
1789276656.180 44.583 0.04437600 2.12521e-08
1789276656.190 44.687 0.04444770 4.83779e-09
1789276656.200 44.790 0.04454174 1.36110e-08
1789276656.210 44.893 0.04463858 9.36588e-09
1789276656.220 44.996 0.04475031 2.29074e-09
1789276656.230 45.099 0.04485739 2.01201e-08
1789276656.240 45.201 0.04493934 4.27178e-09
1789276656.250 45.304 0.04503990 1.44600e-08
1789276656.260 45.406 0.04512742 8.79987e-09
1789276656.270 45.508 0.04524661 1.15872e-09
1789276656.280 45.609 0.04534438 1.87051e-08
1789276656.290 45.711 0.04544960 5.12080e-09
1789276656.300 45.812 0.04554271 1.41770e-08
1789276656.310 45.913 0.04561906 1.04979e-08
1789276656.320 46.013 0.04572987 3.42276e-09
1789276656.330 46.114 0.04582578 2.29501e-08
1789276656.340 46.214 0.04588816 5.68681e-09
1789276656.350 46.314 0.04598965 1.61580e-08
1789276656.360 46.414 0.04609674 1.16299e-08
1789276656.370 46.513 0.04621592 4.27178e-09
1789276656.380 46.613 0.04632393 2.40822e-08
1789276656.390 46.712 0.04639190 3.98878e-09
1789276656.400 46.811 0.04646174 1.55920e-08
1789276656.410 46.910 0.04657255 9.93189e-09
1789276656.420 47.008 0.04667124 2.57375e-09
1789276656.430 47.107 0.04677088 2.06861e-08
1789276656.440 47.205 0.04685468 2.00774e-09
1789276656.450 47.303 0.04693662 1.33280e-08
1789276656.460 47.401 0.04702508 5.96981e-09
1789276656.470 47.498 0.04713030 3.09703e-10
1789276656.480 47.595 0.04719361 1.89881e-08
1789276656.490 47.693 0.04731000 2.00774e-09
1789276656.500 47.789 0.04740032 1.41770e-08
1789276656.510 47.886 0.04750740 9.08288e-09
1789276656.520 47.983 0.04760890 2.85675e-09
1789276656.530 48.079 0.04769456 2.12521e-08
1789276656.540 48.175 0.04776998 2.85675e-09
1789276656.550 48.271 0.04787893 1.41770e-08
1789276656.560 48.367 0.04795435 9.36588e-09
1789276656.570 48.463 0.04805305 1.50260e-08
1789276656.580 48.558 0.04814244 7.87023e-08
1789276656.590 48.653 0.04825510 3.75575e-07
1789276656.600 48.748 0.04833146 1.53250e-06
1789276656.610 48.843 0.04840502 3.29223e-06
1789276656.620 48.938 0.04849534 7.89730e-06
1789276656.630 49.032 0.04858193 1.32747e-05
1789276656.640 49.127 0.04867132 1.23195e-05
1789276656.650 49.221 0.04874767 1.23626e-05
1789276656.660 49.315 0.04882775 6.91697e-06
1789276656.670 49.408 0.04892738 3.59958e-06
1789276656.680 49.502 0.04902795 1.83051e-06
1789276656.690 49.595 0.04912199 5.56133e-07
1789276656.700 49.689 0.04920765 1.22002e-07
1789276656.710 49.782 0.04930635 6.37030e-08
1789276656.720 49.875 0.04939388 4.47416e-08
1789276656.730 49.967 0.04948979 4.89867e-08
1789276656.740 50.060 0.04958849 2.21011e-08
1789276656.750 50.152 0.04965180 3.00253e-08
1789276656.760 50.244 0.04972816 1.75730e-08
1789276656.770 50.336 0.04983058 9.08288e-09
1789276656.780 50.428 0.04991811 1.95541e-08
1789276656.790 50.520 0.04999260 -2.52035e-09
1789276656.800 50.611 0.05008851 7.38484e-09
1789276656.810 50.703 0.05019000 -3.36937e-09
1789276656.820 50.794 0.05026263 -9.59549e-09
1789276656.830 50.885 0.05034736 7.66785e-09
1789276656.840 50.976 0.05045165 -8.74648e-09
1789276656.850 51.067 0.05051962 1.16299e-08
1789276656.860 51.157 0.05060250 9.93189e-09
1789276656.870 51.248 0.05068629 7.38484e-09
1789276656.880 51.338 0.05078220 2.43652e-08
1789276656.890 51.428 0.05087811 4.83779e-09
1789276656.900 51.518 0.05094795 1.78561e-08
1789276656.910 51.608 0.05105037 1.16299e-08
1789276656.920 51.697 0.05112020 1.27619e-08
1789276656.930 51.787 0.05121052 3.87985e-08
1789276656.940 51.876 0.05128967 5.71938e-08
1789276656.950 51.965 0.05139675 1.96433e-07
1789276656.960 52.054 0.05146845 5.10852e-07
1789276656.970 52.143 0.05152897 2.09823e-06
1789276656.980 52.232 0.05163233 6.03003e-06
1789276656.990 52.320 0.05173289 1.48391e-05
1789276657.000 52.408 0.05180645 3.35492e-05
1789276657.010 52.497 0.05188187 6.48196e-05
1789276657.020 52.585 0.05196381 8.02225e-05
1789276657.030 52.673 0.05203272 7.22372e-05
1789276657.040 52.761 0.05212490 4.90070e-05
1789276657.050 52.848 0.05221615 1.78772e-05
1789276657.060 52.936 0.05229716 3.85400e-06
1789276657.070 53.023 0.05236048 1.81862e-06
1789276657.080 53.110 0.05245824 1.75155e-06
1789276657.090 53.197 0.05255787 1.51552e-06
1789276657.100 53.284 0.05263982 1.33638e-06
1789276657.110 53.371 0.05272921 6.78108e-07
1789276657.120 53.458 0.05279997 2.51902e-07
1789276657.130 53.544 0.05288750 1.23983e-07
1789276657.140 53.631 0.05296571 9.99277e-08
1789276657.150 53.717 0.05304672 1.68698e-07
1789276657.160 53.803 0.05312773 3.10767e-07
1789276657.170 53.889 0.05318081 4.31327e-07
1789276657.180 53.975 0.05327485 4.55949e-07
1789276657.190 54.060 0.05338472 3.84631e-07
1789276657.200 54.146 0.05347411 2.22186e-07
1789276657.210 54.231 0.05355419 1.01343e-07
1789276657.220 54.317 0.05361471 5.09677e-08
1789276657.230 54.402 0.05370317 7.19101e-08
1789276657.240 54.487 0.05379442 5.88919e-08
1789276657.250 54.572 0.05387171 6.93631e-08
1789276657.260 54.656 0.05394061 5.43638e-08
1789276657.270 54.741 0.05401510 3.25723e-08
1789276657.280 54.825 0.05409425 4.19115e-08
1789276657.290 54.910 0.05419946 9.00225e-08
1789276657.300 54.994 0.05425720 1.71528e-07
1789276657.310 55.078 0.05432889 1.24832e-07
1789276657.320 55.162 0.05442852 1.55114e-07
1789276657.330 55.246 0.05449743 9.70976e-08
1789276657.340 55.330 0.05460265 3.54024e-08
1789276657.350 55.413 0.05466969 4.89867e-08
1789276657.360 55.497 0.05472742 4.33265e-08
1789276657.370 55.580 0.05481308 5.40808e-08
1789276657.380 55.663 0.05490061 1.03890e-07
1789276657.390 55.746 0.05497882 1.48322e-07
1789276657.400 55.829 0.05505425 2.27846e-07
1789276657.410 55.912 0.05514084 2.28695e-07
1789276657.420 55.995 0.05522837 2.45959e-07
1789276657.430 56.077 0.05527586 3.41331e-07
1789276657.440 56.160 0.05536897 6.70184e-07
1789276657.450 56.242 0.05545557 1.37657e-06
1789276657.460 56.324 0.05553099 1.77532e-06
1789276657.470 56.407 0.05562224 3.98871e-06
1789276657.480 56.489 0.05569487 9.38902e-06
1789276657.490 56.570 0.05574794 1.89648e-05
1789276657.500 56.652 0.05582895 3.02151e-05
1789276657.510 56.734 0.05588295 7.23283e-05
1789276657.520 56.815 0.05599003 1.63102e-04
1789276657.530 56.897 0.05606825 2.05964e-04
1789276657.540 56.978 0.05612692 2.02775e-04
1789276657.550 57.059 0.05622189 1.63919e-04
1789276657.560 57.140 0.05629452 8.86031e-05
1789276657.570 57.221 0.05636435 3.53961e-05
1789276657.580 57.302 0.05645281 1.09232e-05
1789276657.590 57.383 0.05655058 6.52189e-06
1789276657.600 57.463 0.05662041 4.65886e-06
1789276657.610 57.544 0.05669491 2.16615e-06
1789276657.620 57.624 0.05676567 1.72183e-06
1789276657.630 57.704 0.05684109 1.76061e-06
1789276657.640 57.785 0.05691093 1.19261e-06
1789276657.650 57.865 0.05700125 7.37539e-07
1789276657.660 57.945 0.05707946 5.77924e-07
1789276657.670 58.024 0.05715209 5.67736e-07
1789276657.679 58.104 0.05722472 8.11121e-07
1789276657.689 58.184 0.05728804 1.38987e-06
1789276657.699 58.263 0.05736439 2.55047e-06
1789276657.709 58.343 0.05743888 3.27468e-06
1789276657.719 58.422 0.05751616 3.50137e-06
1789276657.729 58.501 0.05756552 3.28572e-06
1789276657.739 58.580 0.05765398 2.00456e-06
1789276657.749 58.659 0.05774057 1.38506e-06
1789276657.759 58.738 0.05781972 7.85084e-07
1789276657.769 58.817 0.05790073 6.88862e-07
1789276657.779 58.895 0.05796776 7.16314e-07
1789276657.789 58.974 0.05803481 7.03013e-07
1789276657.799 59.052 0.05810558 6.43581e-07
1789276657.809 59.130 0.05820055 5.03211e-07
1789276657.819 59.209 0.05827690 2.88975e-07
1789276657.829 59.287 0.05833743 1.63038e-07
1789276657.839 59.365 0.05840633 1.10682e-07
1789276657.849 59.443 0.05848455 1.30775e-07
1789276657.859 59.521 0.05858976 1.20304e-07
1789276657.869 59.598 0.05864563 1.29077e-07
1789276657.879 59.676 0.05870429 1.60208e-07
1789276657.889 59.753 0.05878810 1.55680e-07
1789276657.899 59.831 0.05887562 1.57095e-07
1789276657.909 59.908 0.05894825 1.55680e-07
1789276657.919 59.985 0.05902926 1.45492e-07
1789276657.929 60.062 0.05907395 1.78886e-07
1789276657.939 60.139 0.05916427 2.34921e-07
1789276657.949 60.216 0.05922107 4.61609e-07
1789276657.959 60.293 0.05929929 8.92909e-07
1789276657.969 60.370 0.05938030 1.51948e-06
1789276657.979 60.446 0.05947062 1.76344e-06
1789276657.989 60.523 0.05953207 1.83051e-06
1789276657.999 60.599 0.05958422 1.67825e-06
1789276658.009 60.676 0.05966709 1.21865e-06
1789276658.019 60.752 0.05975089 5.70283e-07
1789276658.029 60.828 0.05980303 3.15578e-07
1789276658.039 60.904 0.05987473 1.89924e-07
1789276658.049 60.980 0.05994270 2.54166e-07
1789276658.059 61.056 0.06001068 2.71995e-07
1789276658.069 61.132 0.06008424 7.44048e-07
1789276658.079 61.207 0.06015966 9.81773e-07
1789276658.089 61.283 0.06024439 9.15267e-07
1789276658.099 61.358 0.06031795 7.62161e-07
1789276658.109 61.434 0.06037289 6.20375e-07
1789276658.119 61.509 0.06044179 4.67835e-07
1789276658.129 61.584 0.06051069 5.19059e-07
1789276658.139 61.659 0.06061032 6.26035e-07
1789276658.149 61.734 0.06066619 8.67156e-07
1789276658.159 61.809 0.06072672 1.17224e-06
1789276658.169 61.884 0.06081704 1.62080e-06
1789276658.179 61.959 0.06088780 3.03951e-06
1789276658.189 62.033 0.06097533 5.16686e-06
1789276658.199 62.108 0.06103585 1.05298e-05
1789276658.209 62.182 0.06110941 1.98741e-05
1789276658.219 62.257 0.06118018 3.92801e-05
1789276658.229 62.331 0.06124722 7.75079e-05
1789276658.239 62.405 0.06130682 1.11475e-04
1789276658.249 62.480 0.06138223 1.07198e-04
1789276658.259 62.554 0.06146045 1.39539e-04
1789276658.269 62.627 0.06153122 1.33001e-04
1789276658.279 62.701 0.06159081 1.01689e-04
1789276658.289 62.775 0.06166251 5.79299e-05
1789276658.299 62.849 0.06172490 2.68021e-05
1789276658.309 62.922 0.06178449 1.06991e-05
1789276658.319 62.996 0.06185805 6.04418e-06
1789276658.329 63.069 0.06194371 4.61868e-06
1789276658.339 63.143 0.06201913 3.73315e-06
1789276658.349 63.216 0.06208152 2.81961e-06
1789276658.359 63.289 0.06214670 2.40642e-06
1789276658.369 63.362 0.06223329 2.04842e-06
1789276658.379 63.435 0.06230220 1.43486e-06
1789276658.389 63.508 0.06236831 1.43458e-06
1789276658.399 63.581 0.06241487 1.35449e-06
1789276658.409 63.654 0.06248563 1.47986e-06
1789276658.419 63.726 0.06255919 1.50816e-06
1789276658.429 63.799 0.06262530 8.75080e-07
1789276658.439 63.871 0.06269886 1.50420e-06
1789276658.449 63.944 0.06278732 1.71561e-06
1789276658.459 64.016 0.06285250 1.46203e-06
1789276658.469 64.088 0.06292605 1.00866e-06
1789276658.479 64.161 0.06298751 7.16597e-07
1789276658.489 64.233 0.06306200 5.85282e-07
1789276658.499 64.305 0.06311787 5.01230e-07
1789276658.509 64.377 0.06321098 3.47558e-07
1789276658.519 64.448 0.06327430 3.19823e-07
1789276658.529 64.520 0.06332551 3.42746e-07
1789276658.539 64.592 0.06339721 4.27648e-07
1789276658.549 64.664 0.06348287 4.76325e-07
1789276658.559 64.735 0.06354712 4.24535e-07
1789276658.569 64.807 0.06361324 5.25568e-07
1789276658.579 64.878 0.06368214 5.32360e-07
1789276658.589 64.949 0.06373894 5.04343e-07
1789276658.599 65.020 0.06378549 4.14630e-07
1789276658.609 65.092 0.06384323 5.31228e-07
1789276658.619 65.163 0.06395124 6.79523e-07
1789276658.629 65.234 0.06399965 1.12384e-06
1789276658.639 65.305 0.06406856 2.00767e-06
1789276658.649 65.375 0.06416540 2.73952e-06
1789276658.659 65.446 0.06422964 2.94866e-06
1789276658.669 65.517 0.06429855 2.80433e-06
1789276658.679 65.587 0.06436279 2.98319e-06
1789276658.689 65.658 0.06441215 2.48765e-06
1789276658.699 65.728 0.06446243 1.56222e-06
1789276658.709 65.799 0.06452481 8.34044e-07
1789276658.719 65.869 0.06461793 5.03494e-07
1789276658.729 65.939 0.06467007 3.57463e-07
1789276658.739 66.009 0.06473711 2.79919e-07
1789276658.749 66.080 0.06478553 4.25667e-07
1789276658.759 66.150 0.06488051 8.22724e-07
1789276658.769 66.219 0.06495221 8.21309e-07
1789276658.779 66.289 0.06500993 8.37157e-07
1789276658.789 66.359 0.06506394 7.54237e-07
1789276658.799 66.429 0.06512446 7.52256e-07
1789276658.809 66.498 0.06522037 7.45747e-07
1789276658.819 66.568 0.06528276 8.01216e-07
1789276658.829 66.637 0.06532000 9.12437e-07
1789276658.839 66.707 0.06540101 9.42435e-07
1789276658.849 66.776 0.06546991 1.04969e-06
1789276658.859 66.846 0.06551740 8.15932e-07
1789276658.869 66.915 0.06558724 9.86301e-07
1789276658.879 66.984 0.06566266 7.62161e-07
1789276658.889 67.053 0.06574088 7.12635e-07
1789276658.899 67.122 0.06580513 4.74061e-07
1789276658.909 67.191 0.06585913 4.74910e-07
1789276658.919 67.260 0.06593083 4.39817e-07
1789276658.929 67.328 0.06599507 3.40482e-07
1789276658.939 67.397 0.06604908 3.31709e-07
1789276658.949 67.466 0.06611519 2.06621e-07
1789276658.959 67.534 0.06618037 3.95103e-07
1789276658.969 67.603 0.06626790 4.08121e-07
1789276658.979 67.671 0.06633121 3.73311e-07
1789276658.989 67.740 0.06640012 2.55581e-07
1789276658.999 67.808 0.06645412 2.72278e-07
1789276659.009 67.876 0.06651651 2.31525e-07
1789276659.019 67.944 0.06659100 1.90206e-07
1789276659.029 68.012 0.06663756 1.74358e-07
1789276659.039 68.080 0.06671019 1.70113e-07
1789276659.049 68.148 0.06677164 1.59076e-07
1789276659.059 68.216 0.06681634 2.88692e-07
1789276659.069 68.284 0.06688803 4.09536e-07
1789276659.079 68.352 0.06695135 4.51987e-07
1789276659.089 68.419 0.06701933 5.37171e-07
1789276659.099 68.487 0.06709474 5.94621e-07
1789276659.109 68.555 0.06716458 6.50374e-07
1789276659.119 68.622 0.06721579 5.90376e-07
1789276659.129 68.689 0.06728656 4.20573e-07
1789276659.139 68.757 0.06735733 3.67085e-07
1789276659.149 68.824 0.06741692 3.49822e-07
1789276659.159 68.891 0.06748955 2.37468e-07
1789276659.169 68.958 0.06755845 1.93886e-07
1789276659.179 69.026 0.06761525 2.10300e-07
1789276659.189 69.093 0.06766925 3.93122e-07
1789276659.199 69.160 0.06773630 5.64623e-07
1789276659.209 69.226 0.06779124 6.53204e-07
1789276659.219 69.293 0.06787690 8.24988e-07
1789276659.229 69.360 0.06790763 1.12158e-06
1789276659.239 69.427 0.06796722 1.54948e-06
1789276659.249 69.493 0.06804357 2.47944e-06
1789276659.259 69.560 0.06813389 4.31105e-06
1789276659.269 69.626 0.06818603 7.81806e-06
1789276659.279 69.693 0.06826425 1.35000e-05
1789276659.289 69.759 0.06833594 2.30579e-05
1789276659.299 69.825 0.06838344 3.72492e-05
1789276659.309 69.892 0.06842068 5.88850e-05
1789276659.319 69.958 0.06847841 1.03865e-04
1789276659.329 70.024 0.06854731 1.46803e-04
1789276659.339 70.090 0.06861343 1.63102e-04
1789276659.349 70.156 0.06867581 1.68745e-04
1789276659.359 70.222 0.06873633 1.61155e-04
1789276659.369 70.288 0.06879965 1.43692e-04
1789276659.379 70.354 0.06888066 1.08112e-04
1789276659.389 70.420 0.06892908 6.29741e-05
1789276659.399 70.485 0.06898308 3.29314e-05
1789276659.409 70.551 0.06906875 1.72416e-05
1789276659.419 70.616 0.06912741 9.27242e-06
1789276659.429 70.682 0.06917676 7.81947e-06
1789276659.438 70.747 0.06925312 6.79895e-06
1789276659.448 70.813 0.06930246 5.56873e-06
1789276659.458 70.878 0.06935554 5.27129e-06
1789276659.468 70.943 0.06940396 4.75480e-06
1789276659.478 71.009 0.06948869 3.46090e-06
1789276659.488 71.074 0.06955387 3.51863e-06
1789276659.498 71.139 0.06960974 3.17563e-06
1789276659.508 71.204 0.06966933 2.84735e-06
1789276659.518 71.269 0.06974289 2.56462e-06
1789276659.528 71.334 0.06979410 2.32548e-06
1789276659.538 71.399 0.06985556 1.77447e-06
1789276659.548 71.463 0.06991050 1.23478e-06
1789276659.558 71.528 0.06997847 1.58627e-06
1789276659.568 71.593 0.07003806 1.43486e-06
1789276659.578 71.657 0.07008462 1.26817e-06
1789276659.588 71.722 0.07015259 1.15922e-06
1789276659.598 71.786 0.07022522 1.14620e-06
1789276659.608 71.851 0.07028295 1.03073e-06
1789276659.618 71.915 0.07034813 8.83570e-07
1789276659.628 71.980 0.07041703 7.59048e-07
1789276659.638 72.044 0.07047849 6.33393e-07
1789276659.648 72.108 0.07052225 5.93489e-07
1789276659.658 72.172 0.07062467 4.83683e-07
1789276659.668 72.236 0.07066378 4.17743e-07
1789276659.678 72.300 0.07072524 3.40199e-07
1789276659.688 72.364 0.07079135 2.91523e-07
1789276659.698 72.428 0.07084349 2.58411e-07
1789276659.708 72.492 0.07087608 1.81999e-07
1789276659.718 72.556 0.07096454 1.72943e-07
1789276659.728 72.620 0.07103437 2.30393e-07
1789276659.738 72.683 0.07108652 1.50586e-07
1789276659.748 72.747 0.07115356 1.35020e-07
1789276659.758 72.811 0.07122247 1.91339e-07
1789276659.768 72.874 0.07125133 2.65203e-07
1789276659.778 72.938 0.07131837 2.45393e-07
1789276659.788 73.001 0.07139193 1.92188e-07
1789276659.798 73.064 0.07144407 2.07187e-07
1789276659.808 73.128 0.07151763 2.18224e-07
1789276659.818 73.191 0.07157816 2.59543e-07
1789276659.828 73.254 0.07163588 2.67750e-07
1789276659.838 73.317 0.07168803 2.62373e-07
1789276659.848 73.380 0.07173924 2.91523e-07
1789276659.858 73.444 0.07180908 2.44827e-07
1789276659.868 73.507 0.07186960 2.62090e-07
1789276659.878 73.569 0.07192826 2.63505e-07
1789276659.888 73.632 0.07199438 1.83697e-07
1789276659.898 73.695 0.07203721 2.17092e-07
1789276659.908 73.758 0.07211915 1.46058e-07
1789276659.918 73.821 0.07217315 2.30110e-07
1789276659.928 73.883 0.07224299 4.69250e-07
1789276659.938 73.946 0.07229327 4.25101e-07
1789276659.948 74.009 0.07234169 4.13781e-07
1789276659.958 74.071 0.07240314 3.83499e-07
1789276659.968 74.133 0.07246832 3.51520e-07
1789276659.978 74.196 0.07255399 3.30011e-07
1789276659.988 74.258 0.07258564 3.13031e-07
1789276659.998 74.321 0.07263220 3.58312e-07
1789276660.008 74.383 0.07270204 3.92838e-07
1789276660.018 74.445 0.07277839 4.29063e-07
1789276660.028 74.507 0.07284077 4.75193e-07
1789276660.038 74.569 0.07288919 4.32459e-07
1789276660.048 74.631 0.07292551 4.64722e-07
1789276660.058 74.693 0.07300466 4.03593e-07
1789276660.068 74.755 0.07306611 3.94254e-07
1789276660.078 74.817 0.07312198 3.22087e-07
1789276660.088 74.879 0.07318343 2.08036e-07
1789276660.098 74.941 0.07325420 1.55114e-07
1789276660.108 75.002 0.07330541 1.25398e-07
1789276660.118 75.064 0.07336128 1.04739e-07
1789276660.128 75.126 0.07341994 1.08135e-07
1789276660.138 75.187 0.07347860 7.55892e-08
1789276660.148 75.249 0.07351771 1.57095e-07
1789276660.158 75.310 0.07359313 1.84829e-07
1789276660.168 75.372 0.07365086 2.66618e-07
1789276660.178 75.433 0.07369928 3.90291e-07
1789276660.188 75.494 0.07375981 5.60095e-07
1789276660.198 75.556 0.07380636 8.04895e-07
1789276660.208 75.617 0.07387247 1.03668e-06
1789276660.218 75.678 0.07394603 1.47024e-06
1789276660.228 75.739 0.07400562 2.19898e-06
1789276660.238 75.800 0.07405125 3.03441e-06
1789276660.248 75.861 0.07410153 3.72155e-06
1789276660.258 75.922 0.07417229 3.92645e-06
1789276660.268 75.983 0.07424958 3.75947e-06
1789276660.278 76.044 0.07430918 3.62222e-06
1789276660.288 76.105 0.07435852 3.37260e-06
1789276660.298 76.166 0.07441067 2.85131e-06
1789276660.308 76.227 0.07447212 2.20407e-06
1789276660.318 76.287 0.07453172 1.31600e-06
1789276660.328 76.348 0.07458479 6.82636e-07
1789276660.338 76.408 0.07464531 3.92838e-07
1789276660.348 76.469 0.07469652 3.14446e-07
1789276660.358 76.530 0.07473564 2.47657e-07
1789276660.368 76.590 0.07479802 2.64354e-07
1789276660.378 76.650 0.07485389 2.56147e-07
1789276660.388 76.711 0.07492186 2.20771e-07
1789276660.398 76.771 0.07496656 2.22469e-07
1789276660.408 76.831 0.07503918 2.07187e-07
1789276660.418 76.892 0.07509226 2.17092e-07
1789276660.428 76.952 0.07513509 2.19639e-07
1789276660.438 77.012 0.07522634 1.95301e-07
1789276660.448 77.072 0.07526358 1.93886e-07
1789276660.458 77.132 0.07530828 1.61057e-07
1789276660.468 77.192 0.07537625 1.56246e-07
1789276660.478 77.252 0.07543957 1.36718e-07
1789276660.488 77.312 0.07550102 9.93617e-08
1789276660.498 77.372 0.07554479 8.46454e-08
1789276660.508 77.431 0.07560345 4.50246e-08
1789276660.518 77.491 0.07565932 6.54010e-08
1789276660.528 77.551 0.07570122 6.73820e-08
1789276660.538 77.610 0.07577850 4.44586e-08
1789276660.548 77.670 0.07584275 5.77598e-08
1789276660.558 77.730 0.07592097 3.62514e-08
1789276660.568 77.789 0.07595077 4.30436e-08
1789276660.578 77.849 0.07599918 3.56854e-08
1789276660.588 77.908 0.07604854 2.52142e-08
1789276660.598 77.967 0.07609509 4.98357e-08
1789276660.608 78.027 0.07615840 2.37992e-08
1789276660.618 78.086 0.07623103 4.87037e-08
1789276660.628 78.145 0.07627666 5.63448e-08
1789276660.638 78.205 0.07634184 3.31384e-08
1789276660.648 78.264 0.07639492 6.42690e-08
1789276660.658 78.323 0.07645451 5.20997e-08
1789276660.668 78.382 0.07649920 8.49284e-08
1789276660.678 78.441 0.07654483 1.34737e-07
1789276660.688 78.500 0.07659138 1.57661e-07
1789276660.698 78.559 0.07664632 1.46058e-07
1789276660.708 78.618 0.07672547 1.84263e-07
1789276660.718 78.677 0.07679809 2.34638e-07
1789276660.728 78.735 0.07683254 2.35204e-07
1789276660.738 78.794 0.07689307 2.02093e-07
1789276660.748 78.853 0.07695639 1.95584e-07
1789276660.758 78.911 0.07702902 1.31341e-07
1789276660.768 78.970 0.07708209 9.90787e-08
1789276660.778 79.029 0.07712120 6.14389e-08
1789276660.788 79.087 0.07718452 4.30436e-08
1789276660.798 79.146 0.07724969 6.05899e-08
1789276660.808 79.204 0.07728787 3.68174e-08
1789276660.818 79.263 0.07732605 4.92697e-08
1789276660.828 79.321 0.07737447 4.78546e-08
1789276660.838 79.379 0.07744058 3.17233e-08
1789276660.848 79.438 0.07749179 4.89867e-08
1789276660.858 79.496 0.07755697 2.80442e-08
1789276660.868 79.554 0.07763519 3.76664e-08
1789276660.878 79.612 0.07768919 3.68174e-08
1789276660.888 79.670 0.07774227 4.44586e-08
1789276660.898 79.728 0.07781489 7.81362e-08
1789276660.908 79.786 0.07785959 7.64382e-08
1789276660.918 79.844 0.07790056 9.82296e-08
1789276660.928 79.902 0.07796667 1.32190e-07
1789276660.938 79.960 0.07802998 1.61340e-07
1789276660.948 80.018 0.07807096 2.06338e-07
1789276660.958 80.076 0.07812682 2.46525e-07
1789276660.968 80.134 0.07819945 3.21238e-07
1789276660.978 80.191 0.07823577 4.08687e-07
1789276660.988 80.249 0.07826650 5.44247e-07
1789276660.998 80.307 0.07833726 7.71500e-07
1789276661.008 80.364 0.07839313 1.03017e-06
1789276661.018 80.422 0.07844248 1.34374e-06
1789276661.028 80.479 0.07850859 1.99720e-06
1789276661.038 80.537 0.07856166 3.22856e-06
1789276661.048 80.594 0.07859984 5.38449e-06
1789276661.058 80.652 0.07867899 7.64740e-06
1789276661.068 80.709 0.07872648 1.12370e-05
1789276661.078 80.766 0.07876744 1.70978e-05
1789276661.088 80.824 0.07882331 2.26133e-05
1789276661.098 80.881 0.07887639 3.12736e-05
1789276661.108 80.938 0.07895367 4.07976e-05
1789276661.118 80.995 0.07898905 5.12866e-05
1789276661.128 81.052 0.07904027 7.07421e-05
1789276661.138 81.110 0.07910265 9.95945e-05
1789276661.148 81.167 0.07916318 1.27500e-04
1789276661.158 81.224 0.07921718 1.46175e-04
1789276661.168 81.281 0.07929540 1.59274e-04
1789276661.178 81.337 0.07931868 1.60992e-04
1789276661.188 81.394 0.07935313 1.54497e-04
1789276661.197 81.451 0.07940713 1.48257e-04
1789276661.207 81.508 0.07947510 1.37434e-04
1789276661.217 81.565 0.07953656 1.12535e-04
1789276661.227 81.621 0.07958405 8.83997e-05
1789276661.237 81.678 0.07965388 5.96186e-05
1789276661.247 81.735 0.07971162 3.47984e-05
1789276661.257 81.791 0.07974514 2.11046e-05
1789276661.267 81.848 0.07981683 1.40464e-05
1789276661.277 81.905 0.07986804 1.16845e-05
1789276661.287 81.961 0.07991181 9.80702e-06
1789276661.297 82.017 0.07996488 7.78410e-06
1789276661.307 82.074 0.08004031 6.70103e-06
1789276661.317 82.130 0.08006731 5.82853e-06
1789276661.327 82.187 0.08012131 5.21412e-06
1789276661.337 82.243 0.08018556 4.54736e-06
1789276661.347 82.299 0.08023119 3.97852e-06
1789276661.357 82.355 0.08028706 3.47675e-06
1789276661.367 82.412 0.08034199 3.11762e-06
1789276661.377 82.468 0.08039414 3.02592e-06
1789276661.387 82.524 0.08043231 2.57142e-06
1789276661.397 82.580 0.08046584 2.44350e-06
1789276661.407 82.636 0.08054405 2.35180e-06
1789276661.417 82.692 0.08059992 2.17493e-06
1789276661.427 82.748 0.08064647 1.99748e-06
1789276661.437 82.804 0.08070700 1.62052e-06
1789276661.447 82.860 0.08074983 1.45920e-06
1789276661.457 82.915 0.08081594 1.32789e-06
1789276661.467 82.971 0.08087181 1.24016e-06
1789276661.477 83.027 0.08093047 1.14875e-06
1789276661.487 83.083 0.08100868 1.06639e-06
1789276661.497 83.138 0.08105804 1.04177e-06
1789276661.507 83.194 0.08108597 9.14135e-07
1789276661.517 83.250 0.08113532 8.47063e-07
1789276661.527 83.305 0.08119864 7.71783e-07
1789276661.537 83.361 0.08124520 7.41784e-07
1789276661.547 83.416 0.08129734 6.71882e-07
1789276661.557 83.472 0.08135786 6.09055e-07
1789276661.567 83.527 0.08138952 5.60944e-07
1789276661.577 83.583 0.08144911 5.15097e-07
1789276661.587 83.638 0.08148450 4.67552e-07
1789276661.597 83.693 0.08154036 4.46609e-07
1789276661.607 83.748 0.08161392 3.86895e-07
1789276661.617 83.804 0.08165210 3.79820e-07
1789276661.627 83.859 0.08171821 3.99914e-07
1789276661.637 83.914 0.08176570 4.19724e-07
1789276661.647 83.969 0.08182436 3.49539e-07
1789276661.657 84.024 0.08188488 2.45109e-07
1789276661.667 84.079 0.08192399 2.02942e-07
1789276661.677 84.134 0.08197055 1.87093e-07
1789276661.687 84.189 0.08203387 1.86244e-07
1789276661.697 84.244 0.08207111 1.41247e-07
1789276661.707 84.299 0.08211953 1.13795e-07
1789276661.717 84.354 0.08216795 1.01060e-07
1789276661.727 84.409 0.08221730 1.23417e-07
1789276661.737 84.464 0.08227037 8.12493e-08
1789276661.747 84.519 0.08233182 1.08135e-07
1789276661.757 84.573 0.08241004 7.98343e-08
1789276661.767 84.628 0.08245288 8.63434e-08
1789276661.777 84.683 0.08249198 8.37964e-08
1789276661.787 84.737 0.08253016 6.05899e-08
1789276661.797 84.792 0.08260186 6.85140e-08
1789276661.807 84.847 0.08266518 4.41756e-08
1789276661.817 84.901 0.08273128 4.27605e-08
1789276661.827 84.956 0.08275549 2.74782e-08
1789276661.837 85.010 0.08283185 1.87051e-08
1789276661.847 85.064 0.08286257 3.11573e-08
1789276661.857 85.119 0.08289982 1.30449e-08
1789276661.867 85.173 0.08296779 4.64396e-08
1789276661.877 85.228 0.08303390 3.68174e-08
1789276661.887 85.282 0.08309163 1.84221e-08
1789276661.897 85.336 0.08312702 3.20063e-08
1789276661.907 85.390 0.08317171 1.98371e-08
1789276661.917 85.444 0.08324806 4.13455e-08
1789276661.927 85.499 0.08328251 5.49298e-08
1789276661.937 85.553 0.08332814 6.48350e-08
1789276661.947 85.607 0.08338773 1.06720e-07
1789276661.957 85.661 0.08342498 1.25115e-07
1789276661.967 85.715 0.08348178 1.86244e-07
1789276661.977 85.769 0.08355255 2.50204e-07
1789276661.987 85.823 0.08361493 2.86145e-07
1789276661.997 85.877 0.08364193 4.20290e-07
1789276662.007 85.931 0.08367918 5.16795e-07
1789276662.017 85.984 0.08372853 6.19526e-07
1789276662.027 86.038 0.08380209 7.36407e-07
1789276662.037 86.092 0.08383654 8.99701e-07
1789276662.047 86.146 0.08388216 1.12243e-06
1789276662.057 86.199 0.08392407 1.40317e-06
1789276662.067 86.253 0.08398924 1.71476e-06
1789276662.077 86.307 0.08405536 1.89843e-06
1789276662.087 86.360 0.08408981 2.00767e-06
1789276662.097 86.414 0.08412799 2.01786e-06
1789276662.107 86.467 0.08418385 1.97484e-06
1789276662.117 86.521 0.08421458 1.89333e-06
1789276662.127 86.574 0.08428535 1.78551e-06
1789276662.137 86.628 0.08434308 1.59618e-06
1789276662.147 86.681 0.08438312 1.41166e-06
1789276662.157 86.735 0.08443061 1.07347e-06
1789276662.167 86.788 0.08448926 7.46595e-07
1789276662.177 86.841 0.08452278 5.02362e-07
1789276662.187 86.895 0.08458610 3.76990e-07
1789276662.197 86.948 0.08464942 2.86711e-07
1789276662.207 87.001 0.08468667 2.00961e-07
1789276662.217 87.054 0.08474626 1.77188e-07
1789276662.227 87.107 0.08479468 1.48605e-07
1789276662.237 87.161 0.08485427 1.20021e-07
1789276662.247 87.214 0.08492410 1.15776e-07
1789276662.257 87.267 0.08495018 9.45506e-08
1789276662.267 87.320 0.08498276 9.45506e-08
1789276662.277 87.373 0.08506657 8.20983e-08
1789276662.287 87.426 0.08511033 6.90801e-08
1789276662.297 87.479 0.08513361 7.41742e-08
1789276662.307 87.531 0.08518575 5.66278e-08
1789276662.317 87.584 0.08525466 6.17219e-08
1789276662.327 87.637 0.08530587 5.37978e-08
1789276662.337 87.690 0.08537012 4.61566e-08
1789276662.347 87.743 0.08543064 5.94579e-08
1789276662.357 87.795 0.08546789 4.04965e-08
1789276662.367 87.848 0.08549210 5.01187e-08
1789276662.377 87.901 0.08555914 4.19115e-08
1789276662.387 87.953 0.08561314 3.62514e-08
1789276662.397 88.006 0.08564759 4.78546e-08
1789276662.407 88.059 0.08570905 3.37044e-08
1789276662.417 88.111 0.08575282 4.44586e-08
1789276662.427 88.164 0.08580589 4.02135e-08
1789276662.437 88.216 0.08585804 3.05913e-08
1789276662.447 88.269 0.08590459 4.33265e-08
1789276662.457 88.321 0.08596046 2.86103e-08
1789276662.467 88.373 0.08601260 3.73834e-08
1789276662.477 88.426 0.08604891 3.05913e-08
1789276662.487 88.478 0.08609268 2.12521e-08
1789276662.497 88.530 0.08613644 4.36096e-08
1789276662.507 88.583 0.08619789 2.37992e-08
1789276662.517 88.635 0.08627425 3.25723e-08
1789276662.527 88.687 0.08630497 2.52142e-08
1789276662.537 88.739 0.08635433 1.75730e-08
1789276662.547 88.791 0.08641392 3.54024e-08
1789276662.557 88.843 0.08645768 1.81391e-08
1789276662.567 88.896 0.08649586 2.91763e-08
1789276662.577 88.948 0.08652286 2.35162e-08
1789276662.587 89.000 0.08660294 1.58750e-08
1789276662.597 89.052 0.08666067 3.48364e-08
1789276662.607 89.104 0.08669047 1.78561e-08
1789276662.617 89.155 0.08672212 2.77612e-08
1789276662.627 89.207 0.08678824 2.29501e-08
1789276662.637 89.259 0.08684503 1.47430e-08
1789276662.647 89.311 0.08688414 3.45534e-08
1789276662.657 89.363 0.08693535 1.30449e-08
1789276662.667 89.415 0.08698191 2.86103e-08
1789276662.677 89.466 0.08704057 2.91763e-08
1789276662.687 89.518 0.08709179 2.37992e-08
1789276662.697 89.570 0.08713927 4.38926e-08
1789276662.707 89.621 0.08720539 2.69122e-08
1789276662.717 89.673 0.08723890 4.04965e-08
1789276662.727 89.725 0.08730316 3.42704e-08
1789276662.737 89.776 0.08734878 2.91763e-08
1789276662.747 89.828 0.08739720 4.81376e-08
1789276662.757 89.879 0.08744655 3.20063e-08
1789276662.767 89.931 0.08749683 4.47416e-08
1789276662.777 89.982 0.08754059 3.65344e-08
1789276662.787 90.034 0.08758715 3.11573e-08
1789276662.797 90.085 0.08761974 4.64396e-08
1789276662.807 90.136 0.08767747 2.37992e-08
1789276662.817 90.188 0.08773613 3.34214e-08
1789276662.827 90.239 0.08778362 2.97423e-08
1789276662.837 90.290 0.08783110 2.21011e-08
1789276662.847 90.342 0.08788325 3.96475e-08
1789276662.857 90.393 0.08792794 1.87051e-08
1789276662.867 90.444 0.08797450 3.03083e-08
1789276662.877 90.495 0.08803316 2.35162e-08
1789276662.887 90.546 0.08808345 1.67240e-08
1789276662.897 90.597 0.08810858 3.82324e-08
1789276662.907 90.648 0.08816445 2.12521e-08
1789276662.917 90.699 0.08823056 3.51194e-08
1789276662.927 90.750 0.08827619 3.42704e-08
1789276662.937 90.801 0.08831437 3.42704e-08
1789276662.946 90.852 0.08836744 5.37978e-08
1789276662.956 90.903 0.08841586 4.07795e-08
1789276662.966 90.954 0.08846148 6.03069e-08
1789276662.976 91.005 0.08849873 5.86089e-08
1789276662.986 91.056 0.08856484 5.66278e-08
1789276662.996 91.107 0.08860022 7.41742e-08
1789276663.006 91.157 0.08864864 5.66278e-08
1789276663.016 91.208 0.08870078 6.76650e-08
1789276663.026 91.259 0.08873710 6.14389e-08
1789276663.036 91.310 0.08877435 5.83259e-08
1789276663.046 91.360 0.08883766 6.82310e-08
1789276663.056 91.411 0.08887584 4.55906e-08
1789276663.066 91.462 0.08893264 4.84207e-08
1789276663.076 91.512 0.08897733 4.36096e-08
1789276663.086 91.563 0.08901085 3.85155e-08
1789276663.096 91.613 0.08907790 5.46468e-08
1789276663.106 91.664 0.08913097 3.37044e-08
1789276663.116 91.714 0.08915145 4.38926e-08
1789276663.126 91.765 0.08922129 3.71004e-08
1789276663.136 91.815 0.08929020 3.20063e-08
1789276663.146 91.866 0.08933396 4.70056e-08
1789276663.156 91.916 0.08937492 2.69122e-08
1789276663.166 91.966 0.08941031 3.96475e-08
1789276663.176 92.017 0.08946152 3.45534e-08
1789276663.186 92.067 0.08952484 3.08743e-08
1789276663.196 92.117 0.08953788 4.81376e-08
1789276663.206 92.167 0.08960864 2.63462e-08
1789276663.216 92.218 0.08964775 4.36096e-08
1789276663.226 92.268 0.08968872 5.06847e-08
1789276663.236 92.318 0.08974831 5.01187e-08
1789276663.246 92.368 0.08979487 7.38912e-08
1789276663.256 92.418 0.08985074 6.34199e-08
1789276663.266 92.468 0.08989171 9.08715e-08
1789276663.276 92.518 0.08993361 1.08418e-07
1789276663.286 92.568 0.08998016 1.20870e-07
1789276663.296 92.618 0.09001368 1.76622e-07
1789276663.306 92.668 0.09006211 2.14828e-07
1789276663.316 92.718 0.09014777 3.07088e-07
1789276663.326 92.768 0.09019433 4.26516e-07
1789276663.336 92.818 0.09021295 5.00947e-07
1789276663.346 92.868 0.09026416 5.85565e-07
1789276663.356 92.917 0.09031630 7.14616e-07
1789276663.366 92.967 0.09034889 8.50175e-07
1789276663.376 93.017 0.09040476 1.00753e-06
1789276663.386 93.067 0.09046715 1.04064e-06
1789276663.396 93.117 0.09052488 1.30553e-06
1789276663.406 93.166 0.09055654 1.63382e-06
1789276663.416 93.216 0.09058168 1.88626e-06
1789276663.426 93.266 0.09063289 2.14295e-06
1789276663.436 93.315 0.09070272 2.49444e-06
1789276663.446 93.365 0.09073625 2.89206e-06
1789276663.456 93.414 0.09077721 3.28006e-06
1789276663.466 93.464 0.09083960 3.38477e-06
1789276663.476 93.513 0.09088057 3.58401e-06
1789276663.486 93.563 0.09093271 3.60693e-06
1789276663.496 93.612 0.09096810 3.52090e-06
1789276663.506 93.662 0.09102024 3.27468e-06
1789276663.516 93.711 0.09107704 3.06894e-06
1789276663.526 93.760 0.09112639 2.84735e-06
1789276663.536 93.810 0.09115805 2.56575e-06
1789276663.546 93.859 0.09121671 2.17577e-06
1789276663.556 93.908 0.09125488 1.78183e-06
1789276663.566 93.958 0.09130982 1.37487e-06
1789276663.576 94.007 0.09137035 1.03922e-06
1789276663.586 94.056 0.09142063 7.41218e-07
1789276663.596 94.105 0.09147091 5.83867e-07
1789276663.606 94.154 0.09151933 5.06607e-07
1789276663.616 94.204 0.09155564 4.42931e-07
1789276663.626 94.253 0.09158544 3.29728e-07
1789276663.636 94.302 0.09163479 2.99447e-07
1789276663.646 94.351 0.09166086 2.74542e-07
1789276663.656 94.400 0.09172046 2.06055e-07
1789276663.666 94.449 0.09178005 2.10300e-07
1789276663.676 94.498 0.09182474 1.63321e-07
1789276663.686 94.547 0.09187037 1.39548e-07
1789276663.696 94.596 0.09192438 1.34171e-07
1789276663.706 94.645 0.09195976 9.45506e-08
1789276663.716 94.694 0.09199886 1.06720e-07
1789276663.726 94.743 0.09206404 7.36081e-08
1789276663.736 94.791 0.09209477 5.01187e-08
1789276663.746 94.840 0.09212643 6.28539e-08
1789276663.756 94.889 0.09217392 3.31384e-08
1789276663.766 94.938 0.09221489 4.36096e-08
1789276663.776 94.986 0.09227169 2.86103e-08
1789276663.786 95.035 0.09232942 1.33280e-08
1789276663.796 95.084 0.09238063 2.88933e-08
1789276663.806 95.133 0.09241694 3.13976e-09
1789276663.816 95.181 0.09246164 1.81391e-08
1789276663.826 95.230 0.09253054 1.24789e-08
1789276663.836 95.278 0.09256499 3.98878e-09
1789276663.846 95.327 0.09260596 1.10639e-08
1789276663.856 95.375 0.09268138 -1.10105e-08
1789276663.866 95.424 0.09270838 3.70577e-09
1789276663.876 95.472 0.09274191 -1.01615e-08
1789276663.886 95.521 0.09279777 -1.61046e-08
1789276663.896 95.569 0.09283782 -3.93538e-09
1789276663.906 95.618 0.09287785 -2.57268e-08
1789276663.916 95.666 0.09293745 -1.21425e-08
1789276663.926 95.715 0.09296445 -2.82739e-08
1789276663.936 95.763 0.09300914 -3.08209e-08
1789276663.946 95.811 0.09305663 -2.31798e-08
1789276663.956 95.859 0.09310505 -4.63862e-08
1789276663.966 95.908 0.09315626 -3.42169e-08
1789276663.976 95.956 0.09318513 -5.14803e-08
1789276663.986 96.004 0.09324006 -5.74234e-08
1789276663.996 96.052 0.09330897 -4.97822e-08
1789276664.006 96.101 0.09335832 -7.69507e-08
1789276664.016 96.149 0.09339557 -6.56305e-08
1789276664.026 96.197 0.09341884 -8.48748e-08
1789276664.036 96.245 0.09345981 -9.16670e-08
1789276664.046 96.293 0.09351009 -8.60068e-08
1789276664.056 96.341 0.09358273 -1.12326e-07
1789276664.066 96.389 0.09362276 -1.04685e-07
1789276664.076 96.437 0.09365814 -1.19684e-07
1789276664.086 96.485 0.09371495 -1.29307e-07
1789276664.096 96.533 0.09373543 -1.21100e-07
1789276664.106 96.581 0.09381458 -1.40910e-07
1789276664.116 96.629 0.09384810 -1.23647e-07
1789276664.126 96.677 0.09387324 -1.30722e-07
1789276664.136 96.725 0.09393097 -1.21100e-07
1789276664.146 96.772 0.09397287 -1.03270e-07
1789276664.156 96.820 0.09401757 -1.13741e-07
1789276664.166 96.868 0.09407064 -8.09128e-08
1789276664.176 96.916 0.09413023 -7.72337e-08
1789276664.186 96.964 0.09416189 -6.16684e-08
1789276664.196 97.011 0.09419913 -3.33679e-08
1789276664.206 97.059 0.09426245 -4.07261e-08
1789276664.216 97.107 0.09431459 -9.02948e-09
1789276664.226 97.154 0.09433042 -1.18595e-08
1789276664.236 97.202 0.09439188 -5.63341e-09
1789276664.246 97.250 0.09445240 8.23386e-09
1789276664.256 97.297 0.09448313 -3.65238e-09
1789276664.266 97.345 0.09451758 1.84221e-08
1789276664.276 97.392 0.09456414 1.02149e-08
1789276664.286 97.440 0.09461349 1.33280e-08
1789276664.296 97.487 0.09464422 2.77612e-08
1789276664.306 97.535 0.09470009 9.64889e-09
1789276664.316 97.582 0.09474757 2.86103e-08
1789276664.326 97.630 0.09479041 1.72900e-08
1789276664.336 97.677 0.09485000 1.64410e-08
1789276664.346 97.724 0.09488910 2.74782e-08
1789276664.356 97.772 0.09492635 9.64889e-09
1789276664.366 97.819 0.09496453 2.80442e-08
1789276664.376 97.866 0.09500177 1.81391e-08
1789276664.386 97.914 0.09504274 2.06861e-08
1789276664.396 97.961 0.09510326 3.90815e-08
1789276664.406 98.008 0.09516193 2.01201e-08
1789276664.416 98.055 0.09521034 4.04965e-08
1789276664.426 98.102 0.09524387 3.31384e-08
1789276664.436 98.150 0.09526435 4.38926e-08
1789276664.446 98.197 0.09531370 6.31369e-08
1789276664.456 98.244 0.09538074 5.57788e-08
1789276664.466 98.291 0.09540681 9.42676e-08
1789276664.476 98.338 0.09545802 1.07569e-07
1789276664.486 98.385 0.09550458 1.30209e-07
1789276664.496 98.432 0.09555207 1.59359e-07
1789276664.506 98.479 0.09559491 1.77471e-07
1789276664.516 98.526 0.09563494 2.29827e-07
1789276664.526 98.573 0.09567592 2.56713e-07
1789276664.536 98.620 0.09573550 3.17559e-07
1789276664.546 98.667 0.09577647 3.77839e-07
1789276664.556 98.714 0.09582117 4.51138e-07
1789276664.566 98.761 0.09586959 6.19526e-07
1789276664.576 98.808 0.09591615 6.12734e-07
1789276664.586 98.854 0.09595618 7.40369e-07
1789276664.596 98.901 0.09599622 9.64227e-07
1789276664.606 98.948 0.09604650 1.24384e-06
1789276664.616 98.995 0.09608375 1.72070e-06
1789276664.626 99.041 0.09614055 2.28445e-06
1789276664.636 99.088 0.09616662 3.02677e-06
1789276664.646 99.135 0.09620200 4.35690e-06
1789276664.656 99.182 0.09626067 5.88060e-06
1789276664.666 99.228 0.09629046 8.25785e-06
1789276664.676 99.275 0.09637147 1.03229e-05
1789276664.686 99.321 0.09641523 1.45049e-05
1789276664.696 99.368 0.09645248 1.85912e-05
1789276664.706 99.415 0.09651207 2.14298e-05
1789276664.716 99.461 0.09655584 2.88208e-05
1789276664.725 99.508 0.09659401 3.67882e-05
1789276664.736 99.554 0.09660332 4.17159e-05
1789276664.745 99.601 0.09664336 5.41447e-05
1789276664.755 99.647 0.09669644 5.65106e-05
1789276664.765 99.694 0.09676254 5.26297e-05
1789276664.775 99.740 0.09678955 6.77988e-05
1789276664.785 99.786 0.09682773 7.72116e-05
1789276664.795 99.833 0.09689570 8.49928e-05
1789276664.805 99.879 0.09694319 9.39706e-05
1789276664.815 99.925 0.09696274 1.02273e-04
1789276664.825 99.972 0.09701861 1.11606e-04
1789276664.835 100.018 0.09707354 1.20311e-04
1789276664.845 100.064 0.09711917 1.27298e-04
1789276664.855 100.110 0.09717876 1.29187e-04
1789276664.865 100.157 0.09721135 1.30303e-04
1789276664.875 100.203 0.09724581 1.29061e-04
1789276664.885 100.249 0.09728957 1.23748e-04
1789276664.895 100.295 0.09732960 1.18157e-04
1789276664.905 100.341 0.09739572 1.09563e-04
1789276664.915 100.387 0.09741061 9.89914e-05
1789276664.925 100.434 0.09743855 8.95306e-05
1789276664.935 100.480 0.09748045 7.84042e-05
1789276664.945 100.526 0.09752049 6.58529e-05
1789276664.955 100.572 0.09756984 4.88510e-05
1789276664.965 100.618 0.09760429 4.06654e-05
1789276664.975 100.664 0.09767134 3.26923e-05
1789276664.985 100.710 0.09772720 2.63057e-05
1789276664.995 100.756 0.09775513 1.74442e-05
1789276665.005 100.802 0.09780356 1.55566e-05
1789276665.015 100.847 0.09782683 1.15979e-05
1789276665.025 100.893 0.09786966 8.80207e-06
1789276665.035 100.939 0.09791808 5.79513e-06
1789276665.045 100.985 0.09795254 5.53420e-06
1789276665.055 101.031 0.09801120 4.75056e-06
1789276665.065 101.077 0.09806520 3.47533e-06
1789276665.075 101.122 0.09812387 3.46486e-06
1789276665.085 101.168 0.09815552 2.84282e-06
1789276665.095 101.214 0.09818811 2.15002e-06
1789276665.105 101.260 0.09823002 1.84268e-06
1789276665.115 101.305 0.09828495 1.82258e-06
1789276665.125 101.351 0.09831941 1.49967e-06
1789276665.135 101.397 0.09836782 1.35704e-06
1789276665.145 101.442 0.09844325 1.07007e-06
1789276665.155 101.488 0.09845349 8.18196e-07
1789276665.165 101.533 0.09849818 1.41817e-06
1789276665.175 101.579 0.09854846 1.17620e-06
1789276665.185 101.625 0.09860061 8.17630e-07
1789276665.195 101.670 0.09863133 5.56699e-07
1789276665.205 101.716 0.09867324 4.48591e-07
1789276665.215 101.761 0.09872165 4.00763e-07
1789276665.225 101.807 0.09875052 3.45859e-07
1789276665.235 101.852 0.09881477 3.20389e-07
1789276665.245 101.898 0.09886691 2.83881e-07
1789276665.255 101.943 0.09887436 2.42846e-07
1789276665.265 101.988 0.09891905 2.20488e-07
1789276665.275 102.034 0.09898703 2.30110e-07
1789276665.285 102.079 0.09900844 2.12564e-07
1789276665.295 102.124 0.09904941 1.81433e-07
1789276665.305 102.170 0.09910528 1.51435e-07
1789276665.315 102.215 0.09914904 1.54265e-07
1789276665.325 102.260 0.09917791 1.21436e-07
1789276665.335 102.305 0.09920771 1.19738e-07
1789276665.345 102.351 0.09925612 1.14361e-07
1789276665.355 102.396 0.09931944 1.00494e-07
1789276665.365 102.441 0.09936786 1.03607e-07
1789276665.375 102.486 0.09941441 8.71924e-08
1789276665.385 102.531 0.09944515 8.04003e-08
1789276665.395 102.577 0.09948332 8.15323e-08
1789276665.405 102.622 0.09951498 6.25709e-08
1789276665.415 102.667 0.09954012 7.47402e-08
1789276665.425 102.712 0.09959878 6.00239e-08
1789276665.435 102.757 0.09965000 5.77598e-08
1789276665.445 102.802 0.09969934 6.22879e-08
1789276665.455 102.847 0.09974777 3.79495e-08
1789276665.465 102.892 0.09979525 4.84207e-08
1789276665.475 102.937 0.09983901 3.71004e-08
1789276665.485 102.982 0.09985019 3.20063e-08
1789276665.495 103.027 0.09990140 3.31384e-08
1789276665.505 103.072 0.09993213 5.40380e-09
1789276665.515 103.117 0.09998055 1.07809e-08
1789276665.525 103.161 0.10003269 -1.32746e-08
1789276665.535 103.206 0.10007925 -1.75197e-08
1789276665.545 103.251 0.10011835 -2.20477e-08
1789276665.555 103.296 0.10015187 -5.48763e-08
1789276665.565 103.341 0.10020123 -5.99704e-08
1789276665.575 103.385 0.10026082 -8.60068e-08
1789276665.585 103.430 0.10028130 -9.76100e-08
1789276665.595 103.475 0.10033158 -1.04968e-07
1789276665.605 103.520 0.10038652 -1.35533e-07
1789276665.615 103.564 0.10040421 -1.29873e-07
1789276665.625 103.609 0.10046381 -1.44306e-07
1789276665.635 103.654 0.10051409 -1.41759e-07
1789276665.645 103.698 0.10054947 -1.36948e-07
1789276665.655 103.743 0.10059323 -1.53079e-07
1789276665.665 103.788 0.10063328 -1.32703e-07
1789276665.675 103.832 0.10068449 -1.25061e-07
1789276665.685 103.877 0.10073290 -8.91199e-08
1789276665.695 103.921 0.10075153 -9.50630e-08
1789276665.705 103.966 0.10077946 -1.07798e-07
1789276665.715 104.010 0.10081018 -8.48748e-08
1789276665.725 104.055 0.10088096 -9.11009e-08
1789276665.735 104.099 0.10092099 -7.80827e-08
1789276665.745 104.144 0.10094241 -6.28004e-08
1789276665.755 104.188 0.10101317 -7.72337e-08
1789276665.765 104.233 0.10105135 -5.34613e-08
1789276665.775 104.277 0.10108860 -5.99704e-08
1789276665.785 104.321 0.10115192 -5.00652e-08
1789276665.795 104.366 0.10118916 -4.07261e-08
1789276665.805 104.410 0.10123571 -5.62913e-08
1789276665.815 104.454 0.10126085 -3.45000e-08
1789276665.825 104.499 0.10130090 -4.49711e-08
1789276665.835 104.543 0.10135211 -3.70470e-08
1789276665.845 104.587 0.10139028 -3.13869e-08
1789276665.855 104.631 0.10144987 -5.09142e-08
1789276665.865 104.676 0.10147222 -2.85569e-08
1789276665.875 104.720 0.10152622 -4.46881e-08
1789276665.885 104.764 0.10155324 -3.87450e-08
1789276665.895 104.808 0.10159979 -3.45000e-08
1789276665.905 104.852 0.10164541 -5.43103e-08
1789276665.915 104.896 0.10168080 -3.39340e-08
1789276665.925 104.941 0.10172457 -4.69522e-08
1789276665.935 104.985 0.10176833 -4.01600e-08
1789276665.945 105.029 0.10180557 -3.30849e-08
1789276665.955 105.073 0.10185213 -4.92162e-08
1789276665.965 105.117 0.10190241 -2.74248e-08
1789276665.975 105.161 0.10195268 -3.73300e-08
1789276665.985 105.205 0.10197970 -2.71418e-08
1789276665.995 105.249 0.10201508 -1.72366e-08
1789276666.005 105.293 0.10205977 -3.22359e-08
1789276666.015 105.337 0.10209888 -6.19943e-09
1789276666.025 105.381 0.10213239 -1.35576e-08
1789276666.035 105.425 0.10220689 -2.23735e-09
1789276666.045 105.469 0.10224320 6.81883e-09
1789276666.055 105.512 0.10226276 4.27178e-09
1789276666.065 105.556 0.10230373 3.76664e-08
1789276666.075 105.600 0.10234190 3.34214e-08
1789276666.085 105.644 0.10236983 5.01187e-08
1789276666.095 105.688 0.10242292 6.99291e-08
1789276666.105 105.731 0.10249554 6.25709e-08
1789276666.115 105.775 0.10252254 8.71924e-08
1789276666.125 105.819 0.10256444 8.71924e-08
1789276666.135 105.863 0.10258772 1.01909e-07
1789276666.145 105.906 0.10264359 1.19455e-07
1789276666.155 105.950 0.10267898 1.13229e-07
1789276666.165 105.994 0.10270412 1.49454e-07
1789276666.175 106.037 0.10275533 1.33322e-07
1789276666.185 106.081 0.10280467 1.75490e-07
1789276666.195 106.125 0.10283912 1.85395e-07
1789276666.205 106.168 0.10290431 1.70113e-07
1789276666.215 106.212 0.10292293 1.92188e-07
1789276666.225 106.255 0.10295552 1.86244e-07
1789276666.235 106.299 0.10300487 1.95584e-07
1789276666.245 106.343 0.10306261 2.02659e-07
1789276666.255 106.386 0.10309147 1.89357e-07
1789276666.265 106.430 0.10312033 2.09168e-07
1789276666.275 106.473 0.10316875 1.96433e-07
1789276666.285 106.516 0.10321624 1.96433e-07
1789276666.295 106.560 0.10324603 1.96433e-07
1789276666.305 106.603 0.10328887 1.74075e-07
1789276666.315 106.647 0.10334474 1.93603e-07
1789276666.325 106.690 0.10336615 1.66434e-07
1789276666.335 106.733 0.10341922 1.58510e-07
1789276666.345 106.777 0.10346857 1.50586e-07
1789276666.355 106.820 0.10351793 1.10682e-07
1789276666.365 106.864 0.10358124 1.25398e-07
1789276666.375 106.907 0.10359428 1.06437e-07
1789276666.385 106.950 0.10361569 1.04173e-07
1789276666.395 106.993 0.10366597 9.70976e-08
1789276666.405 107.037 0.10373954 7.36081e-08
1789276666.415 107.080 0.10375630 7.98343e-08
1789276666.425 107.123 0.10378796 5.57788e-08
1789276666.435 107.166 0.10384289 4.98357e-08
1789276666.445 107.209 0.10389689 4.50246e-08
1789276666.455 107.253 0.10392203 2.77612e-08
1789276666.465 107.296 0.10395648 4.07795e-08
1789276666.475 107.339 0.10402633 1.47430e-08
1789276666.485 107.382 0.10404774 2.40822e-08
1789276666.495 107.425 0.10406916 2.83273e-08
1789276666.505 107.468 0.10411757 1.16299e-08
1789276666.515 107.511 0.10417345 2.66292e-08
1789276666.525 107.554 0.10422280 8.79987e-09
1789276666.534 107.597 0.10424701 1.61580e-08
1789276666.544 107.640 0.10428052 1.92711e-08
1789276666.554 107.683 0.10431684 5.40380e-09
1789276666.564 107.726 0.10436898 2.35162e-08
1789276666.574 107.769 0.10442020 7.95085e-09
1789276666.584 107.812 0.10444813 1.70070e-08
1789276666.594 107.855 0.10449841 1.92711e-08
1789276666.604 107.898 0.10454217 5.96981e-09
1789276666.614 107.941 0.10458874 2.66292e-08
1789276666.624 107.984 0.10460922 1.10639e-08
1789276666.634 108.027 0.10462691 1.75730e-08
1789276666.644 108.069 0.10468557 2.18181e-08
1789276666.654 108.112 0.10473119 6.81883e-09
1789276666.664 108.155 0.10476285 2.57802e-08
1789276666.674 108.198 0.10482804 7.66785e-09
1789276666.684 108.241 0.10487180 1.72900e-08
1789276666.694 108.283 0.10489135 2.18181e-08
1789276666.704 108.326 0.10491835 6.81883e-09
1789276666.714 108.369 0.10496491 2.40822e-08
1789276666.724 108.411 0.10502077 6.25282e-09
1789276666.734 108.454 0.10503753 1.70070e-08
1789276666.744 108.497 0.10508875 2.12521e-08
1789276666.754 108.539 0.10514369 6.81883e-09
1789276666.764 108.582 0.10515672 2.54972e-08
1789276666.774 108.625 0.10519676 7.10184e-09
1789276666.784 108.667 0.10523959 1.72900e-08
1789276666.794 108.710 0.10529546 2.12521e-08
1789276666.804 108.752 0.10531316 6.25282e-09
1789276666.814 108.795 0.10536530 2.37992e-08
1789276666.824 108.837 0.10540626 7.66785e-09
1789276666.834 108.880 0.10545747 1.75730e-08
1789276666.844 108.922 0.10550030 2.18181e-08
1789276666.854 108.965 0.10553663 8.51686e-09
1789276666.864 109.007 0.10556922 2.54972e-08
1789276666.874 109.050 0.10561018 1.04979e-08
1789276666.884 109.092 0.10566046 1.95541e-08
1789276666.894 109.135 0.10569772 2.40822e-08
1789276666.904 109.177 0.10573962 8.23386e-09
1789276666.914 109.220 0.10575451 2.83273e-08
1789276666.924 109.262 0.10581876 1.24789e-08
1789276666.934 109.304 0.10585228 2.15351e-08
1789276666.944 109.347 0.10589511 2.60632e-08
1789276666.954 109.389 0.10593609 1.30449e-08
1789276666.964 109.431 0.10598916 2.91763e-08
1789276666.974 109.473 0.10601337 1.44600e-08
1789276666.984 109.516 0.10604968 2.52142e-08
1789276666.994 109.558 0.10610275 2.46482e-08
1789276667.004 109.600 0.10614280 1.30449e-08
1789276667.014 109.642 0.10616513 3.17233e-08
1789276667.024 109.685 0.10621077 1.44600e-08
1789276667.034 109.727 0.10625453 2.43652e-08
1789276667.044 109.769 0.10630108 2.54972e-08
1789276667.054 109.811 0.10635417 1.13469e-08
1789276667.064 109.853 0.10638862 2.88933e-08
1789276667.074 109.895 0.10642493 1.44600e-08
1789276667.084 109.938 0.10645938 2.49312e-08
1789276667.094 109.980 0.10648731 2.49312e-08
1789276667.104 110.022 0.10653387 1.24789e-08
