1790022646.716 31.726 0.03461305 2.35164e-08
1790022646.722 31.871 0.03461305 1.21961e-08
1790022646.732 32.016 0.03461305 8.51703e-09
1790022646.742 32.160 0.03460654 1.53092e-08
1790022646.752 32.304 0.03460374 1.92713e-08
1790022646.762 32.447 0.03458233 4.83794e-09
1790022646.772 32.589 0.03459443 2.60635e-08
1790022646.782 32.731 0.03459257 5.68696e-09
1790022646.792 32.872 0.03457674 1.53092e-08
1790022646.802 33.013 0.03458326 1.98373e-08
1790022646.812 33.152 0.03457116 8.80004e-09
1790022646.822 33.292 0.03459164 2.49314e-08
1790022646.832 33.430 0.03460002 6.25297e-09
1790022646.842 33.569 0.03455626 1.84223e-08
1790022646.852 33.706 0.03458885 2.46484e-08
1790022646.862 33.843 0.03463447 7.66801e-09
1790022646.872 33.980 0.03464099 3.05916e-08
1790022646.882 34.116 0.03466706 5.12094e-09
1790022646.892 34.251 0.03472666 1.53092e-08
1790022646.902 34.386 0.03478811 1.78563e-08
1790022646.912 34.520 0.03484305 4.27192e-09
1790022646.922 34.654 0.03493243 2.12523e-08
1790022646.932 34.787 0.03501810 3.98891e-09
1790022646.942 34.920 0.03512239 1.64412e-08
1790022646.952 35.053 0.03521550 1.53092e-08
1790022646.962 35.184 0.03533562 3.70591e-09
1790022646.972 35.316 0.03543152 2.40824e-08
1790022646.982 35.446 0.03560099 6.53598e-09
1790022646.992 35.577 0.03577511 1.81393e-08
1790022647.002 35.707 0.03589709 1.87053e-08
1790022647.012 35.836 0.03606190 8.80004e-09
1790022647.022 35.965 0.03622857 2.69125e-08
1790022647.032 36.093 0.03637569 8.80004e-09
1790022647.042 36.221 0.03653771 1.72903e-08
1790022647.052 36.349 0.03668483 1.78563e-08
1790022647.062 36.476 0.03686920 3.98891e-09
1790022647.072 36.603 0.03701911 2.01203e-08
1790022647.082 36.729 0.03717461 3.13989e-09
1790022647.092 36.855 0.03733011 1.27621e-08
1790022647.102 36.980 0.03749678 1.41772e-08
1790022647.112 37.105 0.03765693 8.75835e-10
1790022647.122 37.230 0.03775843 1.89883e-08
1790022647.132 37.354 0.03789810 3.13989e-09
1790022647.142 37.477 0.03802473 1.33282e-08
1790022647.152 37.601 0.03816906 1.24791e-08
1790022647.162 37.724 0.03826031 3.70591e-09
1790022647.172 37.846 0.03838508 2.01203e-08
1790022647.182 37.968 0.03853593 3.70591e-09
1790022647.192 38.090 0.03861414 1.41772e-08
1790022647.202 38.211 0.03871656 1.19131e-08
1790022647.212 38.332 0.03884320 2.29087e-09
1790022647.222 38.453 0.03890465 2.06863e-08
1790022647.232 38.573 0.03902104 3.13989e-09
1790022647.242 38.693 0.03912906 1.36112e-08
1790022647.252 38.812 0.03920727 1.21961e-08
1790022647.262 38.931 0.03929946 5.40395e-09
1790022647.272 39.050 0.03936370 2.06863e-08
1790022647.282 39.168 0.03944471 3.42290e-09
1790022647.292 39.286 0.03957042 1.38942e-08
1790022647.302 39.404 0.03966725 1.36112e-08
1790022647.312 39.521 0.03975571 3.70591e-09
1790022647.322 39.638 0.03986279 2.12523e-08
1790022647.332 39.755 0.03995311 2.85689e-09
1790022647.342 39.871 0.04004436 1.19131e-08
1790022647.352 39.987 0.04013189 1.27621e-08
1790022647.362 40.102 0.04023059 4.55493e-09
1790022647.372 40.218 0.04031439 2.06863e-08
1790022647.382 40.333 0.04041682 2.85689e-09
1790022647.392 40.447 0.04053041 1.19131e-08
1790022647.402 40.561 0.04062539 1.27621e-08
1790022647.412 40.675 0.04076506 5.12094e-09
1790022647.422 40.789 0.04089356 1.98373e-08
1790022647.432 40.902 0.04098946 3.42290e-09
1790022647.442 41.015 0.04107699 1.24791e-08
1790022647.452 41.128 0.04119152 1.24791e-08
1790022647.462 41.240 0.04130046 4.27192e-09
1790022647.472 41.353 0.04143641 1.84223e-08
1790022647.482 41.464 0.04153231 2.57388e-09
1790022647.492 41.576 0.04165895 1.21961e-08
1790022647.502 41.687 0.04180700 1.24791e-08
1790022647.512 41.798 0.04189453 5.40395e-09
1790022647.522 41.908 0.04197367 2.04033e-08
1790022647.532 42.019 0.04209006 2.00786e-09
1790022647.542 42.129 0.04223625 1.21961e-08
1790022647.552 42.238 0.04234147 1.38942e-08
1790022647.562 42.348 0.04242807 5.68696e-09
1790022647.572 42.457 0.04252304 1.72903e-08
1790022647.582 42.566 0.04262174 3.09821e-10
1790022647.592 42.674 0.04274372 1.21961e-08
1790022647.602 42.783 0.04286197 1.16301e-08
1790022647.612 42.891 0.04295881 4.55493e-09
1790022647.622 42.999 0.04303144 1.84223e-08
1790022647.632 43.106 0.04315715 -2.56193e-10
1790022647.642 43.213 0.04325584 1.19131e-08
1790022647.652 43.320 0.04335641 1.30451e-08
1790022647.662 43.427 0.04344300 5.12094e-09
1790022647.672 43.534 0.04354450 1.64412e-08
1790022647.682 43.640 0.04365251 1.15884e-09
1790022647.692 43.746 0.04373631 1.21961e-08
1790022647.702 43.851 0.04384060 1.19131e-08
1790022647.712 43.957 0.04394023 4.55493e-09
1790022647.722 44.062 0.04401751 1.53092e-08
1790022647.732 44.167 0.04413204 8.75835e-10
1790022647.742 44.271 0.04423447 1.16301e-08
1790022647.752 44.376 0.04432944 1.13471e-08
1790022647.762 44.480 0.04442255 3.13989e-09
1790022647.772 44.584 0.04446725 1.53092e-08
1790022647.782 44.688 0.04455757 1.72486e-09
1790022647.792 44.791 0.04466186 1.30451e-08
1790022647.802 44.894 0.04477546 1.19131e-08
1790022647.812 44.997 0.04489092 4.83794e-09
1790022647.822 45.100 0.04499334 1.44602e-08
1790022647.832 45.203 0.04510042 2.29087e-09
1790022647.842 45.305 0.04518795 1.21961e-08
1790022647.852 45.407 0.04527268 1.19131e-08
1790022647.862 45.509 0.04536300 3.42290e-09
1790022647.872 45.610 0.04547195 1.47432e-08
1790022647.882 45.712 0.04557344 4.27192e-09
1790022647.892 45.813 0.04566003 1.33282e-08
1790022647.902 45.914 0.04574942 1.19131e-08
1790022647.912 46.014 0.04584998 2.57388e-09
1790022647.922 46.115 0.04596452 1.61582e-08
1790022647.932 46.215 0.04606042 4.55493e-09
1790022647.942 46.315 0.04615912 1.41772e-08
1790022647.951 46.415 0.04623082 1.21961e-08
1790022647.961 46.515 0.04633324 4.27192e-09
1790022647.971 46.614 0.04644032 1.72903e-08
1790022647.981 46.713 0.04655299 4.83794e-09
1790022647.991 46.812 0.04661351 1.50262e-08
1790022648.001 46.911 0.04673643 1.19131e-08
1790022648.011 47.010 0.04684630 2.85689e-09
1790022648.021 47.108 0.04691148 1.89883e-08
1790022648.031 47.206 0.04698876 6.25297e-09
1790022648.041 47.304 0.04707629 1.38942e-08
1790022648.051 47.402 0.04718337 8.51703e-09
1790022648.061 47.499 0.04728021 2.68141e-11
1790022648.071 47.597 0.04737891 1.89883e-08
1790022648.081 47.694 0.04746085 5.12094e-09
1790022648.091 47.791 0.04753441 1.44602e-08
1790022648.101 47.887 0.04763683 9.93206e-09
1790022648.111 47.984 0.04773739 1.15884e-09
1790022648.121 48.080 0.04783051 2.09693e-08
1790022648.131 48.177 0.04792176 5.12094e-09
1790022648.141 48.273 0.04799811 1.67242e-08
1790022648.151 48.368 0.04810333 2.77615e-08
1790022648.161 48.464 0.04821041 2.76525e-07
1790022648.171 48.559 0.04829794 9.67062e-07
1790022648.181 48.655 0.04837708 1.96212e-06
1790022648.191 48.750 0.04846833 3.24018e-06
1790022648.201 48.844 0.04854469 4.79785e-06
1790022648.211 48.939 0.04862849 6.75541e-06
1790022648.221 49.034 0.04870577 8.37817e-06
1790022648.231 49.128 0.04878399 1.03898e-05
1790022648.241 49.222 0.04889386 8.48883e-06
1790022648.251 49.316 0.04896463 5.37886e-06
1790022648.261 49.410 0.04905495 3.68393e-06
1790022648.271 49.503 0.04914154 2.83264e-06
1790022648.281 49.597 0.04924118 2.20324e-06
1790022648.291 49.690 0.04935198 1.57921e-06
1790022648.301 49.783 0.04941623 1.30328e-06
1790022648.311 49.876 0.04951586 9.20083e-07
1790022648.321 49.969 0.04962294 5.40853e-07
1790022648.331 50.061 0.04969184 2.41149e-07
1790022648.341 50.153 0.04977658 8.77590e-08
1790022648.351 50.246 0.04986503 3.14406e-08
1790022648.361 50.338 0.04996280 1.36112e-08
1790022648.371 50.430 0.05004940 2.74785e-08
1790022648.381 50.521 0.05012575 7.95101e-09
1790022648.391 50.613 0.05021235 1.41772e-08
1790022648.401 50.704 0.05033619 5.68696e-09
1790022648.411 50.795 0.05040137 -2.80326e-09
1790022648.421 50.886 0.05049076 1.10641e-08
1790022648.431 50.977 0.05058946 -7.33137e-09
1790022648.441 51.068 0.05066488 1.21961e-08
1790022648.451 51.159 0.05074030 1.13471e-08
1790022648.461 51.249 0.05082876 8.80004e-09
1790022648.471 51.339 0.05091070 2.57805e-08
1790022648.481 51.429 0.05098519 7.95101e-09
1790022648.491 51.519 0.05109227 1.89883e-08
1790022648.501 51.609 0.05117049 1.67242e-08
1790022648.511 51.699 0.05126360 1.92713e-08
1790022648.521 51.788 0.05134088 4.92701e-08
1790022648.531 51.877 0.05145169 2.29263e-07
1790022648.541 51.966 0.05153549 2.38408e-06
1790022648.551 52.055 0.05161091 7.32086e-06
1790022648.561 52.144 0.05167423 1.25381e-05
1790022648.571 52.233 0.05176920 1.84258e-05
1790022648.581 52.321 0.05186232 2.66426e-05
1790022648.591 52.410 0.05194426 3.72593e-05
1790022648.601 52.498 0.05202806 5.77833e-05
1790022648.611 52.586 0.05212583 6.86751e-05
1790022648.621 52.674 0.05219101 7.20103e-05
1790022648.631 52.762 0.05229809 5.90979e-05
1790022648.641 52.850 0.05236234 3.14172e-05
1790022648.651 52.937 0.05244707 1.93526e-05
1790022648.661 53.024 0.05252808 1.38552e-05
1790022648.671 53.112 0.05261281 1.10016e-05
1790022648.681 53.199 0.05270127 8.69316e-06
1790022648.691 53.286 0.05278507 6.43504e-06
1790022648.701 53.372 0.05286049 4.94784e-06
1790022648.711 53.459 0.05292847 3.10094e-06
1790022648.721 53.546 0.05303183 1.64458e-06
1790022648.731 53.632 0.05310538 9.53195e-07
1790022648.741 53.718 0.05316684 3.89162e-07
1790022648.751 53.804 0.05324506 2.45960e-07
1790022648.761 53.890 0.05333723 2.48790e-07
1790022648.771 53.976 0.05343780 2.60676e-07
1790022648.781 54.062 0.05348901 2.30678e-07
1790022648.791 54.147 0.05357840 2.03226e-07
1790022648.801 54.233 0.05366220 1.36436e-07
1790022648.811 54.318 0.05376090 1.14079e-07
1790022648.821 54.403 0.05384191 1.28512e-07
1790022648.831 54.488 0.05389871 1.39549e-07
1790022648.841 54.573 0.05398530 1.70963e-07
1790022648.851 54.658 0.05405049 1.43228e-07
1790022648.861 54.742 0.05412218 1.33606e-07
1790022648.871 54.827 0.05423578 1.78604e-07
1790022648.881 54.911 0.05431306 1.55964e-07
1790022648.891 54.995 0.05441363 1.81434e-07
1790022648.901 55.079 0.05448719 2.76242e-07
1790022648.911 55.163 0.05455981 2.40866e-07
1790022648.921 55.247 0.05462779 1.66718e-07
1790022648.931 55.331 0.05471718 1.07286e-07
1790022648.941 55.415 0.05480098 1.23418e-07
1790022648.951 55.498 0.05486616 1.29927e-07
1790022648.961 55.581 0.05495555 1.28229e-07
1790022648.971 55.665 0.05503935 1.49738e-07
1790022648.981 55.748 0.05511384 2.13414e-07
1790022648.991 55.831 0.05518926 2.86147e-07
1790022649.001 55.913 0.05526748 3.04543e-07
1790022649.011 55.996 0.05535780 2.82751e-07
1790022649.021 56.079 0.05540156 3.36239e-07
1790022649.031 56.161 0.05547885 3.88879e-07
1790022649.041 56.244 0.05558872 1.24554e-06
1790022649.051 56.326 0.05564924 6.61475e-06
1790022649.061 56.408 0.05573584 1.89839e-05
1790022649.071 56.490 0.05581312 3.55316e-05
1790022649.081 56.572 0.05590344 5.67532e-05
1790022649.091 56.654 0.05597328 8.39685e-05
1790022649.101 56.735 0.05607104 1.35570e-04
1790022649.111 56.817 0.05615205 2.05568e-04
1790022649.121 56.898 0.05621817 2.37166e-04
1790022649.131 56.979 0.05630197 2.36905e-04
1790022649.141 57.061 0.05636715 2.05468e-04
1790022649.151 57.142 0.05643885 1.32468e-04
1790022649.161 57.223 0.05653568 5.82904e-05
1790022649.171 57.303 0.05660552 3.14860e-05
1790022649.181 57.384 0.05668187 2.10277e-05
1790022649.191 57.465 0.05675450 1.51276e-05
1790022649.201 57.545 0.05682526 1.14703e-05
1790022649.211 57.626 0.05690441 8.77693e-06
1790022649.221 57.706 0.05700404 7.03530e-06
1790022649.231 57.786 0.05708598 5.39754e-06
1790022649.241 57.866 0.05713347 3.54922e-06
1790022649.251 57.946 0.05722379 2.52162e-06
1790022649.261 58.026 0.05727873 1.83901e-06
1790022649.271 58.106 0.05736998 1.89816e-06
1790022649.281 58.185 0.05744168 2.47153e-06
1790022649.291 58.265 0.05752175 3.22631e-06
1790022649.301 58.344 0.05756831 4.27032e-06
1790022649.311 58.423 0.05766143 4.21881e-06
1790022649.321 58.502 0.05774709 3.82374e-06
1790022649.331 58.581 0.05782903 3.00896e-06
1790022649.341 58.660 0.05791655 2.14409e-06
1790022649.351 58.739 0.05798452 1.33950e-06
1790022649.361 58.818 0.05806181 1.14960e-06
1790022649.371 58.897 0.05812047 1.48949e-06
1790022649.381 58.975 0.05819124 1.37657e-06
1790022649.391 59.054 0.05824059 1.01998e-06
1790022649.401 59.132 0.05833929 9.06782e-07
1790022649.411 59.210 0.05845475 5.80475e-07
1790022649.421 59.288 0.05852273 3.58314e-07
1790022649.431 59.366 0.05858883 2.07754e-07
1790022649.441 59.444 0.05865495 2.52186e-07
1790022649.451 59.522 0.05872850 2.47941e-07
1790022649.461 59.600 0.05878996 2.49073e-07
1790022649.471 59.677 0.05883465 2.57846e-07
1790022649.481 59.755 0.05890356 3.01995e-07
1790022649.491 59.832 0.05900133 3.40201e-07
1790022649.501 59.910 0.05910189 3.14448e-07
1790022649.511 59.987 0.05917451 2.57846e-07
1790022649.521 60.064 0.05923225 4.35858e-07
1790022649.531 60.141 0.05932071 6.97073e-07
1790022649.541 60.218 0.05939892 9.55459e-07
1790022649.551 60.295 0.05946038 1.24101e-06
1790022649.561 60.371 0.05949203 1.72326e-06
1790022649.571 60.448 0.05958794 1.78580e-06
1790022649.581 60.524 0.05969781 1.71788e-06
1790022649.591 60.601 0.05975834 1.49430e-06
1790022649.601 60.677 0.05982817 1.03640e-06
1790022649.611 60.753 0.05988404 5.94059e-07
1790022649.621 60.830 0.05996598 4.33877e-07
1790022649.631 60.906 0.06003675 5.04062e-07
1790022649.641 60.982 0.06012334 6.00285e-07
1790022649.651 61.057 0.06017921 6.13869e-07
1790022649.661 61.133 0.06024067 1.10460e-06
1790022649.671 61.209 0.06031423 1.25516e-06
1790022649.681 61.284 0.06038313 1.18441e-06
1790022649.691 61.360 0.06047252 1.02281e-06
1790022649.701 61.435 0.06054515 1.09413e-06
1790022649.711 61.511 0.06059915 6.62264e-07
1790022649.721 61.586 0.06064943 4.56517e-07
1790022649.731 61.661 0.06072951 6.27737e-07
1790022649.741 61.736 0.06082448 6.23209e-07
1790022649.750 61.811 0.06088036 6.92545e-07
1790022649.760 61.886 0.06096137 2.11409e-06
1790022649.770 61.960 0.06102934 7.23992e-06
1790022649.780 62.035 0.06112059 1.58657e-05
1790022649.790 62.110 0.06120439 2.76948e-05
1790022649.800 62.184 0.06125560 5.13715e-05
1790022649.810 62.258 0.06133196 7.76843e-05
1790022649.820 62.333 0.06138596 1.04145e-04
1790022649.830 62.407 0.06147535 1.41165e-04
1790022649.840 62.481 0.06153215 1.73421e-04
1790022649.850 62.555 0.06159733 1.80637e-04
1790022649.860 62.629 0.06167368 1.60832e-04
1790022649.870 62.703 0.06173514 1.30955e-04
1790022649.880 62.777 0.06179380 8.70097e-05
1790022649.890 62.850 0.06187853 4.34696e-05
1790022649.900 62.924 0.06194836 1.81136e-05
1790022649.910 62.997 0.06203217 8.45656e-06
1790022649.920 63.071 0.06209921 6.65749e-06
1790022649.930 63.144 0.06215601 5.54414e-06
1790022649.940 63.218 0.06221653 4.56776e-06
1790022649.950 63.291 0.06231244 3.94175e-06
1790022649.960 63.364 0.06236086 3.28999e-06
1790022649.970 63.437 0.06243069 2.83689e-06
1790022649.980 63.510 0.06250332 2.51964e-06
1790022649.990 63.583 0.06258619 2.30399e-06
1790022650.000 63.655 0.06264206 2.15994e-06
1790022650.010 63.728 0.06274076 2.19843e-06
1790022650.020 63.801 0.06279942 2.06456e-06
1790022650.030 63.873 0.06285529 2.09739e-06
1790022650.040 63.945 0.06293630 1.50308e-06
1790022650.050 64.018 0.06300893 1.11819e-06
1790022650.060 64.090 0.06306294 1.06017e-06
1790022650.070 64.162 0.06314580 5.82738e-07
1790022650.080 64.234 0.06321378 2.94920e-07
1790022650.090 64.306 0.06326219 4.10670e-07
1790022650.100 64.378 0.06334041 3.91709e-07
1790022650.110 64.450 0.06338790 4.72649e-07
1790022650.120 64.522 0.06346611 5.55570e-07
1790022650.130 64.594 0.06354340 8.01503e-07
1790022650.140 64.665 0.06359554 7.86221e-07
1790022650.150 64.737 0.06367189 8.68859e-07
1790022650.160 64.808 0.06375290 9.53761e-07
1790022650.170 64.880 0.06382553 8.87820e-07
1790022650.180 64.951 0.06389071 8.90650e-07
1790022650.190 65.022 0.06396055 8.08861e-07
1790022650.200 65.093 0.06401362 7.65561e-07
1790022650.210 65.164 0.06407880 1.00017e-06
1790022650.220 65.235 0.06412908 1.48497e-06
1790022650.230 65.306 0.06422126 1.99919e-06
1790022650.240 65.377 0.06427620 2.77265e-06
1790022650.250 65.448 0.06434417 3.54186e-06
1790022650.260 65.518 0.06442518 3.82260e-06
1790022650.270 65.589 0.06446801 3.64488e-06
1790022650.280 65.660 0.06454251 3.28574e-06
1790022650.290 65.730 0.06461700 2.51596e-06
1790022650.300 65.800 0.06467007 1.58090e-06
1790022650.310 65.871 0.06473339 8.98574e-07
1790022650.320 65.941 0.06480508 6.58584e-07
1790022650.330 66.011 0.06487958 6.65377e-07
1790022650.340 66.081 0.06492614 7.25091e-07
1790022650.350 66.151 0.06498852 9.39894e-07
1790022650.360 66.221 0.06507512 8.47633e-07
1790022650.370 66.291 0.06516730 7.64146e-07
1790022650.380 66.361 0.06524085 9.74420e-07
1790022650.390 66.430 0.06530976 8.61784e-07
1790022650.400 66.500 0.06537587 8.06597e-07
1790022650.410 66.570 0.06540846 8.83292e-07
1790022650.420 66.639 0.06545874 1.10036e-06
1790022650.430 66.709 0.06555744 9.92533e-07
1790022650.440 66.778 0.06561517 8.47067e-07
1790022650.450 66.847 0.06567383 1.07064e-06
1790022650.460 66.916 0.06575298 8.19899e-07
1790022650.470 66.986 0.06582189 7.25940e-07
1790022650.480 67.055 0.06587589 7.27921e-07
1790022650.490 67.124 0.06596249 6.16699e-07
1790022650.500 67.193 0.06602952 5.88399e-07
1790022650.510 67.261 0.06607888 5.42835e-07
1790022650.520 67.330 0.06615058 8.06314e-07
1790022650.530 67.399 0.06623158 6.31699e-07
1790022650.540 67.467 0.06625207 5.07459e-07
1790022650.550 67.536 0.06636288 5.01515e-07
1790022650.560 67.605 0.06641129 2.71714e-07
1790022650.570 67.673 0.06646996 9.79473e-08
1790022650.580 67.741 0.06654910 6.39864e-08
1790022650.590 67.810 0.06662080 9.90793e-08
1790022650.600 67.878 0.06664780 6.39864e-08
1790022650.610 67.946 0.06671205 8.29479e-08
1790022650.620 68.014 0.06678561 1.24550e-07
1790022650.630 68.082 0.06687779 1.08418e-07
1790022650.640 68.150 0.06694483 1.32474e-07
1790022650.650 68.218 0.06699791 1.68416e-07
1790022650.660 68.286 0.06705657 2.12565e-07
1790022650.670 68.353 0.06712919 2.44545e-07
1790022650.680 68.421 0.06718134 3.18410e-07
1790022650.690 68.489 0.06725118 3.76709e-07
1790022650.700 68.556 0.06732566 4.24820e-07
1790022650.710 68.624 0.06740481 5.95757e-07
1790022650.720 68.691 0.06744206 6.61697e-07
1790022650.730 68.759 0.06748210 4.49725e-07
1790022650.740 68.826 0.06755100 5.03497e-07
1790022650.750 68.893 0.06763201 5.02365e-07
1790022650.760 68.960 0.06767763 3.91143e-07
1790022650.770 69.027 0.06778192 3.09354e-07
1790022650.780 69.094 0.06783220 2.38036e-07
1790022650.790 69.161 0.06786945 2.16244e-07
1790022650.800 69.228 0.06794953 3.07939e-07
1790022650.810 69.295 0.06801098 7.87636e-07
1790022650.820 69.362 0.06805009 1.81184e-06
1790022650.830 69.428 0.06811713 3.51724e-06
1790022650.840 69.495 0.06819162 6.05213e-06
1790022650.850 69.562 0.06828008 1.05163e-05
1790022650.860 69.628 0.06832756 1.55102e-05
1790022650.870 69.695 0.06837412 2.18881e-05
1790022650.880 69.761 0.06847562 3.19411e-05
1790022650.890 69.827 0.06853428 4.27768e-05
1790022650.900 69.894 0.06858549 5.52651e-05
1790022650.910 69.960 0.06866370 7.92856e-05
1790022650.920 70.026 0.06872795 1.23897e-04
1790022650.930 70.092 0.06876799 1.66671e-04
1790022650.940 70.158 0.06883503 1.88149e-04
1790022650.950 70.224 0.06888904 1.90309e-04
1790022650.960 70.290 0.06893839 1.76285e-04
1790022650.970 70.356 0.06899984 1.57770e-04
1790022650.980 70.421 0.06906968 1.30692e-04
1790022650.990 70.487 0.06913952 8.00540e-05
1790022651.000 70.553 0.06919818 3.59929e-05
1790022651.010 70.618 0.06925405 1.66007e-05
1790022651.020 70.684 0.06931084 1.00253e-05
1790022651.030 70.749 0.06939278 7.30869e-06
1790022651.040 70.815 0.06944772 6.09204e-06
1790022651.050 70.880 0.06952221 5.29226e-06
1790022651.060 70.945 0.06956784 4.55588e-06
1790022651.070 71.010 0.06961533 4.05580e-06
1790022651.080 71.076 0.06969168 3.65648e-06
1790022651.090 71.141 0.06975686 3.18471e-06
1790022651.100 71.206 0.06983600 2.78368e-06
1790022651.110 71.271 0.06988629 2.33257e-06
1790022651.120 71.336 0.06996171 2.07305e-06
1790022651.130 71.400 0.07002596 1.66043e-06
1790022651.140 71.465 0.07009672 1.41252e-06
1790022651.150 71.530 0.07015166 1.19432e-06
1790022651.160 71.595 0.07021125 1.02083e-06
1790022651.170 71.659 0.07026619 8.11974e-07
1790022651.180 71.724 0.07033323 7.82259e-07
1790022651.190 71.788 0.07038910 6.67075e-07
1790022651.200 71.853 0.07045893 5.01515e-07
1790022651.210 71.917 0.07051759 4.85950e-07
1790022651.220 71.981 0.07057160 4.61328e-07
1790022651.230 72.046 0.07062002 3.69917e-07
1790022651.240 72.110 0.07069730 3.26617e-07
1790022651.250 72.174 0.07077366 3.03693e-07
1790022651.260 72.238 0.07082859 2.98599e-07
1790022651.270 72.302 0.07087329 2.88977e-07
1790022651.280 72.366 0.07093847 2.78789e-07
1790022651.290 72.430 0.07101110 2.80204e-07
1790022651.300 72.494 0.07106045 2.66903e-07
1790022651.310 72.558 0.07110887 2.32659e-07
1790022651.320 72.622 0.07116846 2.39734e-07
1790022651.330 72.685 0.07122619 2.52186e-07
1790022651.340 72.749 0.07129695 2.10867e-07
1790022651.350 72.813 0.07135562 1.84265e-07
1790022651.360 72.876 0.07140962 1.91340e-07
1790022651.370 72.940 0.07148784 2.05773e-07
1790022651.380 73.003 0.07155767 1.75774e-07
1790022651.390 73.066 0.07162192 2.17093e-07
1790022651.400 73.130 0.07170200 2.27565e-07
1790022651.410 73.193 0.07174390 2.23603e-07
1790022651.420 73.256 0.07176904 2.93505e-07
1790022651.430 73.319 0.07183422 4.03878e-07
1790022651.440 73.382 0.07188543 3.51805e-07
1790022651.450 73.445 0.07195806 3.12750e-07
1790022651.460 73.508 0.07203534 3.16712e-07
1790022651.470 73.571 0.07207910 2.66054e-07
1790022651.480 73.634 0.07213963 2.64638e-07
1790022651.490 73.697 0.07219363 2.62374e-07
1790022651.500 73.760 0.07225323 1.90774e-07
1790022651.509 73.823 0.07232400 1.74359e-07
1790022651.519 73.885 0.07237521 2.53884e-07
1790022651.529 73.948 0.07243387 2.51054e-07
1790022651.539 74.010 0.07250836 2.62657e-07
1790022651.549 74.073 0.07255026 3.67370e-07
1790022651.559 74.135 0.07261358 3.30013e-07
1790022651.569 74.198 0.07265641 3.30862e-07
1790022651.579 74.260 0.07270483 4.10387e-07
1790022651.589 74.322 0.07277280 4.08123e-07
1790022651.599 74.385 0.07284822 3.68502e-07
1790022651.609 74.447 0.07293296 4.39820e-07
1790022651.619 74.509 0.07298417 5.11421e-07
1790022651.629 74.571 0.07302141 4.73498e-07
1790022651.639 74.633 0.07307635 4.94440e-07
1790022651.649 74.695 0.07315736 4.78309e-07
1790022651.659 74.757 0.07322906 4.49159e-07
1790022651.669 74.819 0.07327654 4.31613e-07
1790022651.679 74.881 0.07333241 3.75860e-07
1790022651.689 74.943 0.07338735 2.92939e-07
1790022651.699 75.004 0.07344043 1.90774e-07
1790022651.709 75.066 0.07349722 1.96434e-07
1790022651.719 75.128 0.07355496 1.74925e-07
1790022651.729 75.189 0.07365086 1.60209e-07
1790022651.739 75.251 0.07370673 2.15961e-07
1790022651.749 75.312 0.07374398 2.47092e-07
1790022651.759 75.374 0.07380729 3.28881e-07
1790022651.769 75.435 0.07385013 4.55668e-07
1790022651.779 75.496 0.07392741 5.60381e-07
1790022651.789 75.558 0.07397955 7.75749e-07
1790022651.799 75.619 0.07403728 1.01234e-06
1790022651.809 75.680 0.07410805 1.30271e-06
1790022651.819 75.741 0.07417509 1.69920e-06
1790022651.829 75.802 0.07419744 2.21371e-06
1790022651.839 75.863 0.07423934 2.98773e-06
1790022651.849 75.924 0.07429986 3.73034e-06
1790022651.859 75.985 0.07436783 4.11637e-06
1790022651.869 76.046 0.07442091 4.05382e-06
1790022651.879 76.107 0.07448423 3.89222e-06
1790022651.889 76.168 0.07453451 3.66808e-06
1790022651.899 76.228 0.07461831 3.16207e-06
1790022651.909 76.289 0.07468628 2.64473e-06
1790022651.919 76.350 0.07470863 1.90325e-06
1790022651.929 76.410 0.07478219 1.05536e-06
1790022651.939 76.471 0.07485110 6.97073e-07
1790022651.949 76.531 0.07491534 4.90478e-07
1790022651.959 76.592 0.07495352 3.63125e-07
1790022651.969 76.652 0.07499635 3.19542e-07
1790022651.979 76.713 0.07506526 2.70582e-07
1790022651.989 76.773 0.07510809 2.42564e-07
1790022651.999 76.833 0.07519096 2.13697e-07
1790022652.009 76.893 0.07523658 2.31810e-07
1790022652.019 76.954 0.07530176 2.15961e-07
1790022652.029 77.014 0.07537160 2.03792e-07
1790022652.039 77.074 0.07541909 2.16527e-07
1790022652.049 77.134 0.07544516 1.78321e-07
1790022652.059 77.194 0.07550382 1.57379e-07
1790022652.069 77.254 0.07560903 1.87378e-07
1790022652.079 77.314 0.07565001 1.25399e-07
1790022652.089 77.374 0.07568539 1.18041e-07
1790022652.099 77.433 0.07576640 1.01626e-07
1790022652.109 77.493 0.07580644 7.50237e-08
1790022652.119 77.553 0.07586044 5.91753e-08
1790022652.129 77.612 0.07592655 5.77603e-08
1790022652.139 77.672 0.07598335 6.17224e-08
1790022652.149 77.732 0.07604667 3.20066e-08
1790022652.159 77.791 0.07610254 5.49302e-08
1790022652.169 77.851 0.07614909 4.78550e-08
1790022652.179 77.910 0.07620776 3.05916e-08
1790022652.189 77.969 0.07627946 5.06851e-08
1790022652.199 78.029 0.07631204 3.73838e-08
1790022652.209 78.088 0.07636884 4.64400e-08
1790022652.219 78.147 0.07641819 5.29492e-08
1790022652.229 78.207 0.07651131 5.57792e-08
1790022652.239 78.266 0.07657928 7.87028e-08
1790022652.249 78.325 0.07661093 7.67217e-08
1790022652.259 78.384 0.07664167 1.03041e-07
1790022652.269 78.443 0.07670777 1.32474e-07
1790022652.279 78.502 0.07676830 1.40398e-07
1790022652.289 78.561 0.07682416 2.08886e-07
1790022652.299 78.620 0.07687166 2.13980e-07
1790022652.309 78.679 0.07693776 1.95585e-07
1790022652.319 78.737 0.07697967 2.36904e-07
1790022652.329 78.796 0.07703367 2.02943e-07
1790022652.339 78.855 0.07708768 2.07188e-07
1790022652.349 78.913 0.07714541 1.77472e-07
1790022652.359 78.972 0.07722735 1.29361e-07
1790022652.369 79.031 0.07726273 1.33323e-07
1790022652.379 79.089 0.07730184 9.96453e-08
1790022652.389 79.148 0.07737260 9.08721e-08
1790022652.399 79.206 0.07742475 7.47407e-08
1790022652.409 79.265 0.07747875 7.21936e-08
1790022652.419 79.323 0.07754114 6.45524e-08
1790022652.429 79.381 0.07760074 5.94583e-08
1790022652.439 79.440 0.07766684 7.27596e-08
1790022652.449 79.498 0.07772178 4.95531e-08
1790022652.459 79.556 0.07777858 4.89871e-08
1790022652.469 79.614 0.07781210 5.57792e-08
1790022652.479 79.672 0.07786424 4.30439e-08
1790022652.489 79.730 0.07792197 5.32322e-08
1790022652.499 79.788 0.07796108 3.54027e-08
1790022652.509 79.846 0.07802998 4.10629e-08
1790022652.519 79.904 0.07809610 3.90818e-08
1790022652.529 79.962 0.07816500 3.17236e-08
1790022652.539 80.020 0.07819759 4.72890e-08
1790022652.549 80.078 0.07826091 4.84210e-08
1790022652.559 80.136 0.07833167 9.14381e-08
1790022652.569 80.193 0.07837171 1.73510e-07
1790022652.579 80.251 0.07842479 3.12184e-07
1790022652.589 80.309 0.07850207 5.36891e-07
1790022652.599 80.366 0.07854118 8.92914e-07
1790022652.609 80.424 0.07857842 1.68448e-06
1790022652.619 80.481 0.07862498 2.48200e-06
1790022652.629 80.539 0.07868550 3.93354e-06
1790022652.639 80.596 0.07877210 5.56678e-06
1790022652.649 80.654 0.07881121 7.62792e-06
1790022652.659 80.711 0.07884845 1.02087e-05
1790022652.669 80.769 0.07891922 1.34106e-05
1790022652.679 80.826 0.07897043 1.76580e-05
1790022652.689 80.883 0.07905144 2.52290e-05
1790022652.699 80.940 0.07909520 3.35194e-05
1790022652.709 80.997 0.07911755 4.25601e-05
1790022652.719 81.055 0.07917435 5.31431e-05
1790022652.729 81.112 0.07924698 6.80324e-05
1790022652.739 81.169 0.07929633 8.78882e-05
1790022652.749 81.226 0.07936524 1.12724e-04
1790022652.759 81.283 0.07942669 1.39422e-04
1790022652.769 81.340 0.07949559 1.61888e-04
1790022652.779 81.396 0.07955239 1.74469e-04
1790022652.789 81.453 0.07955891 1.67040e-04
1790022652.799 81.510 0.07961664 1.62689e-04
1790022652.809 81.567 0.07969858 1.50040e-04
1790022652.819 81.624 0.07975631 1.30293e-04
1790022652.829 81.680 0.07984291 1.08481e-04
1790022652.839 81.737 0.07990529 7.96105e-05
1790022652.849 81.794 0.07994533 5.15956e-05
1790022652.859 81.850 0.07999375 3.03118e-05
1790022652.869 81.907 0.08004776 1.87178e-05
1790022652.879 81.963 0.08010735 1.39056e-05
1790022652.889 82.020 0.08016973 1.06227e-05
1790022652.899 82.076 0.08021350 8.19054e-06
1790022652.909 82.132 0.08029637 6.47693e-06
1790022652.919 82.189 0.08035316 5.57980e-06
1790022652.929 82.245 0.08037552 4.32834e-06
1790022652.939 82.301 0.08044628 3.66271e-06
1790022652.949 82.357 0.08050867 3.18131e-06
1790022652.959 82.414 0.08053567 2.41040e-06
1790022652.969 82.470 0.08057570 2.05834e-06
1790022652.979 82.526 0.08062692 1.70826e-06
1790022652.989 82.582 0.08067814 1.38252e-06
1790022652.999 82.638 0.08069583 1.22149e-06
1790022653.009 82.694 0.08080384 1.01432e-06
1790022653.019 82.750 0.08084853 8.78198e-07
1790022653.029 82.806 0.08088764 7.71787e-07
1790022653.039 82.862 0.08096027 7.12639e-07
1790022653.049 82.918 0.08102824 6.51792e-07
1790022653.059 82.973 0.08104500 5.77078e-07
1790022653.069 83.029 0.08110459 5.44250e-07
1790022653.079 83.085 0.08114091 4.76611e-07
1790022653.089 83.140 0.08117908 4.47744e-07
1790022653.099 83.196 0.08125544 4.16330e-07
1790022653.109 83.252 0.08129827 3.91709e-07
1790022653.119 83.307 0.08135321 3.55767e-07
1790022653.129 83.363 0.08140814 3.30013e-07
1790022653.139 83.418 0.08147518 3.32843e-07
1790022653.149 83.474 0.08151243 2.98882e-07
1790022653.159 83.529 0.08155433 2.89260e-07
1790022653.169 83.585 0.08161951 2.74544e-07
1790022653.179 83.640 0.08166048 2.49356e-07
1790022653.189 83.695 0.08171169 2.65204e-07
1790022653.199 83.751 0.08179922 2.43696e-07
1790022653.209 83.806 0.08185509 2.39734e-07
1790022653.219 83.861 0.08188674 2.32376e-07
1790022653.229 83.916 0.08194913 2.18225e-07
1790022653.239 83.971 0.08198917 2.34923e-07
1790022653.249 84.026 0.08204318 1.99830e-07
1790022653.259 84.082 0.08211301 1.95019e-07
1790022653.268 84.137 0.08213908 1.81717e-07
1790022653.278 84.192 0.08216609 1.68416e-07
1790022653.288 84.247 0.08223872 1.77755e-07
1790022653.298 84.301 0.08229179 1.59077e-07
1790022653.308 84.356 0.08236162 1.59360e-07
1790022653.318 84.411 0.08241935 1.42945e-07
1790022653.328 84.466 0.08246498 1.34738e-07
1790022653.338 84.521 0.08253947 1.45493e-07
1790022653.348 84.576 0.08260558 1.17475e-07
1790022653.358 84.630 0.08262979 1.18324e-07
1790022653.368 84.685 0.08266238 1.05871e-07
1790022653.378 84.740 0.08274618 8.97401e-08
1790022653.388 84.794 0.08280112 9.93623e-08
1790022653.398 84.849 0.08285233 7.78538e-08
1790022653.408 84.903 0.08287095 8.20989e-08
1790022653.418 84.958 0.08291565 7.27596e-08
1790022653.428 85.012 0.08300411 6.42694e-08
1790022653.438 85.067 0.08304228 8.04008e-08
1790022653.448 85.121 0.08306649 5.88923e-08
1790022653.458 85.175 0.08311398 6.68165e-08
1790022653.468 85.230 0.08318288 6.17224e-08
1790022653.478 85.284 0.08322479 5.49302e-08
1790022653.488 85.338 0.08326296 7.41747e-08
1790022653.498 85.392 0.08333466 5.69112e-08
1790022653.508 85.447 0.08341380 7.04956e-08
1790022653.518 85.501 0.08344640 7.07786e-08
1790022653.528 85.555 0.08350040 6.99296e-08
1790022653.538 85.609 0.08356186 9.51172e-08
1790022653.548 85.663 0.08359258 8.71930e-08
1790022653.558 85.717 0.08364938 1.17192e-07
1790022653.568 85.771 0.08368384 1.38700e-07
1790022653.578 85.825 0.08374529 1.72661e-07
1790022653.588 85.879 0.08379930 2.35772e-07
1790022653.598 85.933 0.08385144 2.81619e-07
1790022653.608 85.987 0.08389800 3.40484e-07
1790022653.618 86.040 0.08397062 3.97086e-07
1790022653.628 86.094 0.08403394 4.88780e-07
1790022653.638 86.148 0.08406187 6.06511e-07
1790022653.648 86.202 0.08411402 7.08677e-07
1790022653.658 86.255 0.08413078 8.56972e-07
1790022653.668 86.309 0.08420620 1.00498e-06
1790022653.678 86.363 0.08427417 1.10772e-06
1790022653.688 86.416 0.08430769 1.15668e-06
1790022653.698 86.470 0.08435239 1.18951e-06
1790022653.708 86.523 0.08441850 1.15130e-06
1790022653.718 86.577 0.08446319 1.08281e-06
1790022653.728 86.630 0.08451999 1.04517e-06
1790022653.738 86.684 0.08457121 9.52063e-07
1790022653.748 86.737 0.08463452 7.86221e-07
1790022653.758 86.790 0.08467736 6.56603e-07
1790022653.768 86.844 0.08471087 5.12553e-07
1790022653.778 86.897 0.08475371 3.60012e-07
1790022653.788 86.950 0.08481796 2.77374e-07
1790022653.798 87.003 0.08489617 2.11716e-07
1790022653.808 87.056 0.08492504 1.78604e-07
1790022653.818 87.110 0.08496973 1.44360e-07
1790022653.828 87.163 0.08502374 1.17192e-07
1790022653.838 87.216 0.08505912 1.12947e-07
1790022653.848 87.269 0.08511220 7.92688e-08
1790022653.858 87.322 0.08517085 8.63440e-08
1790022653.868 87.375 0.08520437 7.21936e-08
1790022653.878 87.428 0.08524348 6.11564e-08
1790022653.888 87.481 0.08530867 6.82315e-08
1790022653.898 87.534 0.08539619 4.47419e-08
1790022653.908 87.587 0.08544182 5.91753e-08
1790022653.918 87.639 0.08545765 4.70060e-08
1790022653.928 87.692 0.08550048 3.87988e-08
1790022653.938 87.745 0.08557124 5.40812e-08
1790022653.948 87.798 0.08565132 3.28556e-08
1790022653.958 87.850 0.08567646 4.81380e-08
1790022653.968 87.903 0.08571277 3.93648e-08
1790022653.978 87.956 0.08577609 3.39877e-08
1790022653.988 88.008 0.08581241 4.53080e-08
1790022653.998 88.061 0.08585710 3.14406e-08
1790022654.008 88.113 0.08591483 5.09681e-08
1790022654.018 88.166 0.08597443 3.76668e-08
1790022654.028 88.218 0.08604612 3.22896e-08
1790022654.038 88.271 0.08609268 5.09681e-08
1790022654.048 88.323 0.08614296 3.48367e-08
1790022654.058 88.376 0.08618113 5.26661e-08
1790022654.068 88.428 0.08621187 3.73838e-08
1790022654.078 88.480 0.08625656 3.25726e-08
1790022654.088 88.533 0.08632639 4.27609e-08
1790022654.098 88.585 0.08637481 2.37994e-08
1790022654.108 88.637 0.08642043 4.10629e-08
1790022654.118 88.689 0.08648934 2.35164e-08
1790022654.128 88.741 0.08652845 2.01203e-08
1790022654.138 88.794 0.08658245 3.31386e-08
1790022654.148 88.846 0.08664764 1.38942e-08
1790022654.158 88.898 0.08666998 3.59687e-08
1790022654.168 88.950 0.08671747 2.21014e-08
1790022654.178 89.002 0.08678172 1.72903e-08
1790022654.188 89.054 0.08681710 3.31386e-08
1790022654.198 89.106 0.08687763 1.53092e-08
1790022654.208 89.158 0.08692139 3.62517e-08
1790022654.218 89.210 0.08697260 2.12523e-08
1790022654.228 89.261 0.08703126 1.92713e-08
1790022654.238 89.313 0.08704523 3.31386e-08
1790022654.248 89.365 0.08709458 1.33282e-08
1790022654.258 89.417 0.08716255 3.37047e-08
1790022654.268 89.469 0.08723797 2.01203e-08
1790022654.278 89.520 0.08726125 1.75733e-08
1790022654.288 89.572 0.08727429 3.25726e-08
1790022654.298 89.624 0.08731712 1.36112e-08
1790022654.308 89.675 0.08738044 3.31386e-08
1790022654.318 89.727 0.08746051 2.01203e-08
1790022654.328 89.779 0.08749403 1.89883e-08
1790022654.338 89.830 0.08758435 3.42707e-08
1790022654.348 89.882 0.08764767 1.70072e-08
1790022654.358 89.933 0.08767840 3.68177e-08
1790022654.368 89.984 0.08771099 2.52145e-08
1790022654.378 90.036 0.08776500 2.18184e-08
1790022654.388 90.087 0.08779572 3.59687e-08
1790022654.398 90.139 0.08782831 1.70072e-08
1790022654.408 90.190 0.08788046 3.42707e-08
1790022654.418 90.241 0.08792049 2.09693e-08
1790022654.428 90.293 0.08798754 2.06863e-08
1790022654.438 90.344 0.08802757 3.25726e-08
1790022654.448 90.395 0.08808065 1.38942e-08
1790022654.458 90.446 0.08815048 3.00256e-08
1790022654.468 90.497 0.08819239 1.87053e-08
1790022654.478 90.549 0.08824453 1.81393e-08
1790022654.488 90.600 0.08829015 3.25726e-08
1790022654.498 90.651 0.08834509 1.38942e-08
1790022654.508 90.702 0.08837954 3.45537e-08
1790022654.518 90.753 0.08842145 2.40824e-08
1790022654.528 90.804 0.08846800 2.60635e-08
1790022654.538 90.855 0.08850897 4.07798e-08
1790022654.548 90.906 0.08860022 2.06863e-08
1790022654.558 90.957 0.08861977 4.55910e-08
1790022654.568 91.007 0.08867099 4.04968e-08
1790022654.578 91.058 0.08872313 4.41759e-08
1790022654.588 91.109 0.08875665 6.03073e-08
1790022654.598 91.160 0.08879576 4.58740e-08
1790022654.608 91.211 0.08887398 6.45524e-08
1790022654.618 91.261 0.08890563 5.35152e-08
1790022654.628 91.312 0.08893264 5.21001e-08
1790022654.638 91.363 0.08897826 6.00243e-08
1790022654.648 91.413 0.08902668 4.81380e-08
1790022654.658 91.464 0.08910583 6.20054e-08
1790022654.668 91.515 0.08916821 4.41759e-08
1790022654.678 91.565 0.08920267 4.47419e-08
1790022654.688 91.616 0.08926505 5.52132e-08
1790022654.698 91.666 0.08931068 3.31386e-08
1790022654.708 91.717 0.08935723 4.30439e-08
1790022654.718 91.767 0.08941497 3.82328e-08
1790022654.728 91.817 0.08944104 3.25726e-08
1790022654.738 91.868 0.08950063 4.13459e-08
1790022654.748 91.918 0.08955743 2.69125e-08
1790022654.758 91.969 0.08959840 4.92701e-08
1790022654.768 92.019 0.08961702 4.13459e-08
1790022654.778 92.069 0.08966917 3.59687e-08
1790022654.788 92.119 0.08974086 5.35152e-08
1790022654.798 92.170 0.08977904 3.42707e-08
1790022654.808 92.220 0.08981814 5.52132e-08
1790022654.818 92.270 0.08987681 5.21001e-08
1790022654.828 92.320 0.08991778 5.91753e-08
1790022654.838 92.370 0.08996620 7.04956e-08
1790022654.848 92.420 0.09001927 6.45524e-08
1790022654.858 92.470 0.09006304 1.00211e-07
1790022654.868 92.521 0.09010587 9.93623e-08
1790022654.878 92.571 0.09015428 1.13230e-07
1790022654.888 92.621 0.09022505 1.40398e-07
1790022654.898 92.670 0.09026695 1.55398e-07
1790022654.908 92.720 0.09030606 2.08037e-07
1790022654.918 92.770 0.09034610 2.56148e-07
1790022654.928 92.820 0.09040383 3.40484e-07
1790022654.938 92.870 0.09041594 4.40669e-07
1790022654.948 92.920 0.09046715 5.00950e-07
1790022654.958 92.970 0.09052209 6.92545e-07
1790022654.968 93.019 0.09056026 8.24427e-07
1790022654.978 93.069 0.09062823 1.06272e-06
1790022654.988 93.119 0.09066641 1.33893e-06
1790022654.998 93.169 0.09072134 1.61005e-06
1790022655.008 93.218 0.09077442 1.80137e-06
1790022655.018 93.268 0.09084240 2.09371e-06
1790022655.027 93.317 0.09088150 2.43389e-06
1790022655.037 93.367 0.09090478 2.80010e-06
1790022655.047 93.417 0.09092992 3.09103e-06
1790022655.057 93.466 0.09095413 3.40092e-06
1790022655.067 93.516 0.09102769 3.66950e-06
1790022655.077 93.565 0.09108915 3.74082e-06
1790022655.087 93.615 0.09114129 3.63412e-06
1790022655.097 93.664 0.09119157 3.63554e-06
1790022655.107 93.713 0.09123906 3.62761e-06
1790022655.117 93.763 0.09128003 3.14197e-06
1790022655.127 93.812 0.09131727 3.02000e-06
1790022655.137 93.861 0.09137221 2.77718e-06
1790022655.147 93.911 0.09140946 2.57228e-06
1790022655.157 93.960 0.09144204 2.04419e-06
1790022655.167 94.009 0.09150536 1.66722e-06
1790022655.177 94.059 0.09154540 1.41591e-06
1790022655.187 94.108 0.09159662 1.22347e-06
1790022655.197 94.157 0.09165341 9.59138e-07
1790022655.207 94.206 0.09171859 8.19899e-07
1790022655.217 94.255 0.09178656 7.19997e-07
1790022655.227 94.304 0.09180891 5.78776e-07
1790022655.237 94.353 0.09185919 4.97270e-07
1790022655.247 94.402 0.09190482 4.26519e-07
1790022655.257 94.451 0.09193369 3.54635e-07
1790022655.267 94.500 0.09198303 2.95486e-07
1790022655.277 94.549 0.09202866 2.46526e-07
1790022655.287 94.598 0.09206497 2.22187e-07
1790022655.297 94.647 0.09214039 1.84548e-07
1790022655.307 94.696 0.09219347 1.83132e-07
1790022655.317 94.745 0.09224189 1.49738e-07
1790022655.327 94.794 0.09226703 1.25116e-07
1790022655.337 94.843 0.09227541 1.33040e-07
1790022655.347 94.891 0.09233686 1.01909e-07
1790022655.357 94.940 0.09240670 1.00494e-07
1790022655.367 94.989 0.09244581 8.60610e-08
1790022655.377 95.038 0.09247746 7.87028e-08
1790022655.387 95.086 0.09250913 7.21936e-08
1790022655.397 95.135 0.09260131 5.29492e-08
1790022655.407 95.184 0.09264414 6.31374e-08
1790022655.417 95.232 0.09266462 4.53080e-08
1790022655.427 95.281 0.09271584 4.27609e-08
1790022655.437 95.329 0.09279219 4.33269e-08
1790022655.447 95.378 0.09284154 2.97426e-08
1790022655.457 95.426 0.09284154 4.19119e-08
1790022655.467 95.475 0.09289554 2.54975e-08
1790022655.477 95.523 0.09292721 2.09693e-08
1790022655.487 95.572 0.09298028 2.63465e-08
1790022655.497 95.620 0.09303056 1.16301e-08
1790022655.507 95.669 0.09308363 1.95543e-08
1790022655.517 95.717 0.09315347 5.12094e-09
1790022655.527 95.765 0.09319165 7.66801e-09
1790022655.537 95.814 0.09321958 1.24791e-08
1790022655.547 95.862 0.09326986 -7.04836e-09
1790022655.557 95.910 0.09331362 -2.56193e-10
1790022655.567 95.958 0.09334994 -1.49726e-08
1790022655.577 96.007 0.09338439 -1.44066e-08
1790022655.587 96.055 0.09340860 -1.44066e-08
1790022655.597 96.103 0.09349240 -3.81791e-08
1790022655.607 96.151 0.09356596 -2.91229e-08
1790022655.617 96.199 0.09362649 -4.21412e-08
1790022655.627 96.247 0.09362649 -4.49713e-08
1790022655.637 96.295 0.09369166 -4.35562e-08
1790022655.647 96.344 0.09374008 -6.70458e-08
1790022655.657 96.392 0.09377454 -5.85556e-08
1790022655.667 96.440 0.09380713 -7.58190e-08
1790022655.677 96.488 0.09386392 -8.03471e-08
1790022655.687 96.535 0.09389279 -7.01588e-08
1790022655.697 96.583 0.09395890 -9.33654e-08
1790022655.707 96.631 0.09399708 -8.31771e-08
1790022655.717 96.679 0.09402222 -9.93085e-08
1790022655.727 96.727 0.09407343 -8.60072e-08
1790022655.737 96.775 0.09413396 -8.51582e-08
1790022655.747 96.823 0.09419448 -1.07799e-07
1790022655.757 96.871 0.09420100 -7.35549e-08
1790022655.767 96.918 0.09425221 -7.35549e-08
1790022655.777 96.966 0.09431459 -6.28007e-08
1790022655.787 97.014 0.09435650 -4.10092e-08
1790022655.797 97.061 0.09439281 -4.63863e-08
1790022655.807 97.109 0.09444961 -1.97837e-08
1790022655.817 97.157 0.09449617 -2.26137e-08
1790022655.827 97.204 0.09453434 -5.91634e-09
1790022655.837 97.252 0.09458835 1.21961e-08
1790022655.847 97.300 0.09466842 -2.80326e-09
1790022655.857 97.347 0.09469077 2.01203e-08
1790022655.867 97.395 0.09471591 1.30451e-08
1790022655.877 97.442 0.09476154 1.72903e-08
1790022655.887 97.490 0.09481927 2.71955e-08
1790022655.897 97.537 0.09487514 7.38500e-09
1790022655.907 97.585 0.09490772 2.43654e-08
1790022655.917 97.632 0.09494590 1.33282e-08
1790022655.927 97.679 0.09499060 1.81393e-08
1790022655.937 97.727 0.09503809 2.57805e-08
1790022655.947 97.774 0.09507906 4.55493e-09
1790022655.957 97.821 0.09512095 2.54975e-08
1790022655.967 97.869 0.09517031 1.38942e-08
1790022655.977 97.916 0.09522803 1.72903e-08
1790022655.987 97.963 0.09526901 2.40824e-08
1790022655.997 98.011 0.09530439 7.10199e-09
1790022656.007 98.058 0.09535094 2.54975e-08
1790022656.017 98.105 0.09539750 1.41772e-08
1790022656.027 98.152 0.09545524 1.78563e-08
1790022656.037 98.199 0.09549248 2.40824e-08
1790022656.047 98.246 0.09553997 6.25297e-09
1790022656.057 98.293 0.09558001 2.63465e-08
1790022656.067 98.341 0.09561446 1.72903e-08
1790022656.077 98.388 0.09567870 2.80445e-08
1790022656.087 98.435 0.09570664 4.70060e-08
1790022656.097 98.482 0.09575971 5.54962e-08
1790022656.107 98.529 0.09577461 1.12098e-07
1790022656.117 98.576 0.09580441 1.42096e-07
1790022656.127 98.623 0.09587052 2.35489e-07
1790022656.137 98.669 0.09594222 3.34541e-07
1790022656.147 98.716 0.09597294 4.41518e-07
1790022656.157 98.763 0.09602043 6.11322e-07
1790022656.167 98.810 0.09605116 8.18767e-07
1790022656.177 98.857 0.09609771 9.91967e-07
1790022656.187 98.904 0.09615359 1.19205e-06
1790022656.197 98.950 0.09618710 1.48044e-06
1790022656.207 98.997 0.09624763 1.80137e-06
1790022656.217 99.044 0.09629605 2.04390e-06
1790022656.227 99.091 0.09634074 2.45087e-06
1790022656.237 99.137 0.09636682 2.96170e-06
1790022656.247 99.184 0.09641989 3.79430e-06
1790022656.257 99.231 0.09644969 4.13335e-06
1790022656.267 99.277 0.09649159 5.67262e-06
1790022656.277 99.324 0.09654280 7.98621e-06
1790022656.287 99.371 0.09657632 1.09878e-05
1790022656.297 99.417 0.09662567 1.47178e-05
1790022656.307 99.464 0.09665919 2.12052e-05
1790022656.317 99.510 0.09672437 2.85181e-05
1790022656.327 99.557 0.09676999 3.42136e-05
1790022656.337 99.603 0.09682866 4.51241e-05
1790022656.347 99.650 0.09686311 5.36022e-05
1790022656.357 99.696 0.09690129 5.92057e-05
1790022656.367 99.742 0.09693015 7.15049e-05
1790022656.377 99.789 0.09695901 7.62184e-05
1790022656.387 99.835 0.09702140 8.62954e-05
1790022656.397 99.882 0.09706516 1.01918e-04
1790022656.407 99.928 0.09708751 1.08852e-04
1790022656.417 99.974 0.09716759 1.13052e-04
1790022656.427 100.021 0.09724581 1.26556e-04
1790022656.437 100.067 0.09727188 1.31322e-04
1790022656.447 100.113 0.09730819 1.21738e-04
1790022656.457 100.159 0.09735289 1.24085e-04
1790022656.467 100.205 0.09737523 1.33099e-04
1790022656.477 100.252 0.09741061 1.22767e-04
1790022656.487 100.298 0.09748231 1.12486e-04
1790022656.497 100.344 0.09751304 1.10745e-04
1790022656.507 100.390 0.09756146 1.12125e-04
1790022656.517 100.436 0.09758381 9.65100e-05
1790022656.527 100.482 0.09763036 8.84842e-05
1790022656.537 100.528 0.09767878 8.34240e-05
1790022656.547 100.574 0.09771789 7.39642e-05
1790022656.557 100.620 0.09776165 5.98623e-05
1790022656.567 100.666 0.09779797 5.46512e-05
1790022656.577 100.712 0.09786687 5.00665e-05
1790022656.587 100.758 0.09792274 5.40830e-05
1790022656.597 100.804 0.09795626 4.11258e-05
1790022656.607 100.850 0.09802330 3.49523e-05
1790022656.617 100.896 0.09804844 2.70533e-05
1790022656.627 100.942 0.09806800 2.51064e-05
1790022656.637 100.988 0.09812014 2.17460e-05
1790022656.647 101.033 0.09816949 1.68854e-05
1790022656.657 101.079 0.09822070 1.40728e-05
1790022656.667 101.125 0.09826074 1.24235e-05
1790022656.677 101.171 0.09832499 1.10359e-05
1790022656.687 101.217 0.09834175 8.52816e-06
1790022656.697 101.262 0.09838924 6.47919e-06
1790022656.707 101.308 0.09842089 5.91799e-06
1790022656.717 101.354 0.09847956 4.74153e-06
1790022656.727 101.399 0.09855777 3.81610e-06
1790022656.737 101.445 0.09856709 3.45215e-06
1790022656.747 101.490 0.09858571 3.27810e-06
1790022656.757 101.536 0.09864995 2.62973e-06
1790022656.767 101.582 0.09869558 2.17833e-06
1790022656.777 101.627 0.09872817 1.94485e-06
1790022656.787 101.673 0.09877845 1.92476e-06
1790022656.796 101.718 0.09883153 1.63807e-06
1790022656.806 101.764 0.09887809 1.48412e-06
1790022656.816 101.809 0.09891440 1.39525e-06
1790022656.826 101.855 0.09898424 1.29790e-06
1790022656.836 101.900 0.09902520 1.23026e-06
1790022656.846 101.946 0.09904289 1.12753e-06
1790022656.856 101.991 0.09907828 1.08281e-06
1790022656.866 102.036 0.09913321 1.02055e-06
1790022656.876 102.082 0.09916673 9.67628e-07
1790022656.886 102.127 0.09922167 9.11027e-07
1790022656.896 102.172 0.09925240 8.17634e-07
1790022656.906 102.218 0.09928964 8.11125e-07
1790022656.916 102.263 0.09932037 7.54807e-07
1790022656.926 102.308 0.09935017 6.92262e-07
1790022656.936 102.353 0.09942932 6.65943e-07
1790022656.946 102.399 0.09944608 6.22077e-07
1790022656.956 102.444 0.09946935 6.11888e-07
1790022656.966 102.489 0.09952708 5.43400e-07
1790022656.976 102.534 0.09959040 5.34344e-07
1790022656.986 102.579 0.09964813 5.08874e-07
1790022656.996 102.624 0.09970307 4.27368e-07
1790022657.006 102.669 0.09973286 4.52272e-07
1790022657.016 102.714 0.09976266 4.21990e-07
1790022657.026 102.759 0.09984087 4.08972e-07
1790022657.036 102.805 0.09986229 3.77275e-07
1790022657.046 102.850 0.09988464 3.50673e-07
1790022657.056 102.895 0.09993678 3.65389e-07
1790022657.066 102.939 0.09997869 3.34541e-07
1790022657.076 102.984 0.10002804 3.27749e-07
1790022657.086 103.029 0.10008576 3.02844e-07
1790022657.096 103.074 0.10012301 2.79921e-07
1790022657.106 103.119 0.10012208 2.93222e-07
1790022657.116 103.164 0.10016305 2.57563e-07
1790022657.126 103.209 0.10021799 2.49356e-07
1790022657.136 103.254 0.10026548 2.38319e-07
1790022657.146 103.299 0.10030458 2.13980e-07
1790022657.156 103.343 0.10033438 2.09169e-07
1790022657.166 103.388 0.10040421 1.79453e-07
1790022657.176 103.433 0.10043215 1.78887e-07
1790022657.186 103.478 0.10049174 1.61907e-07
1790022657.196 103.522 0.10053550 1.24267e-07
1790022657.206 103.567 0.10054109 1.51153e-07
1790022657.216 103.612 0.10058857 1.19173e-07
1790022657.226 103.656 0.10066121 1.26248e-07
1790022657.236 103.701 0.10070963 1.02192e-07
1790022657.246 103.746 0.10074035 9.93623e-08
1790022657.256 103.790 0.10078411 1.12098e-07
1790022657.266 103.835 0.10083253 8.35139e-08
1790022657.276 103.879 0.10084743 8.77590e-08
1790022657.286 103.924 0.10089772 9.73813e-08
1790022657.296 103.968 0.10094613 8.57780e-08
1790022657.306 104.013 0.10098152 9.31362e-08
1790022657.316 104.057 0.10102248 8.37969e-08
1790022657.326 104.102 0.10106066 9.34192e-08
1790022657.336 104.146 0.10109791 8.88911e-08
1790022657.346 104.191 0.10116309 7.24766e-08
1790022657.356 104.235 0.10122826 9.96453e-08
1790022657.366 104.280 0.10126085 7.70048e-08
1790022657.376 104.324 0.10129158 7.95518e-08
1790022657.386 104.368 0.10132231 8.60610e-08
1790022657.396 104.413 0.10138749 7.30427e-08
1790022657.406 104.457 0.10141356 8.54950e-08
1790022657.416 104.501 0.10146105 5.74773e-08
1790022657.426 104.546 0.10149270 7.47407e-08
1790022657.436 104.590 0.10155789 7.21936e-08
1790022657.446 104.634 0.10157372 6.08734e-08
1790022657.456 104.678 0.10161096 7.58727e-08
1790022657.466 104.723 0.10166124 5.12511e-08
1790022657.476 104.767 0.10169942 6.17224e-08
1790022657.486 104.811 0.10175064 5.21001e-08
1790022657.496 104.855 0.10176833 4.87040e-08
1790022657.506 104.899 0.10182419 6.11564e-08
1790022657.516 104.943 0.10188471 3.73838e-08
1790022657.526 104.987 0.10190334 4.27609e-08
1790022657.536 105.031 0.10193592 5.26661e-08
1790022657.546 105.076 0.10200204 4.21949e-08
1790022657.556 105.120 0.10203184 4.78550e-08
1790022657.566 105.164 0.10208305 4.02138e-08
1790022657.576 105.208 0.10208025 5.12511e-08
1790022657.586 105.252 0.10212308 5.23831e-08
1790022657.596 105.296 0.10219665 4.81380e-08
1790022657.606 105.339 0.10225252 6.56845e-08
1790022657.616 105.383 0.10229907 5.57792e-08
1790022657.626 105.427 0.10235494 7.41747e-08
1790022657.636 105.471 0.10236704 8.23819e-08
1790022657.646 105.515 0.10239218 8.54950e-08
1790022657.656 105.559 0.10244340 1.08135e-07
1790022657.666 105.603 0.10248437 9.25702e-08
1790022657.676 105.647 0.10254582 1.14928e-07
1790022657.686 105.690 0.10258027 1.29644e-07
1790022657.696 105.734 0.10260448 1.32757e-07
1790022657.706 105.778 0.10264546 1.50304e-07
1790022657.716 105.822 0.10270318 1.50870e-07
1790022657.726 105.865 0.10276650 1.82566e-07
1790022657.736 105.909 0.10280095 1.82849e-07
1790022657.746 105.953 0.10282981 1.82566e-07
1790022657.756 105.996 0.10285124 2.10584e-07
1790022657.766 106.040 0.10289779 2.36055e-07
1790022657.776 106.084 0.10295086 2.28131e-07
1790022657.786 106.127 0.10299742 2.43696e-07
1790022657.796 106.171 0.10303559 2.89826e-07
1790022657.806 106.215 0.10306726 2.79355e-07
1790022657.816 106.258 0.10310730 2.41715e-07
1790022657.826 106.302 0.10314454 2.68318e-07
1790022657.836 106.345 0.10318365 2.94354e-07
1790022657.846 106.389 0.10322927 2.46526e-07
1790022657.856 106.432 0.10328515 2.56997e-07
1790022657.866 106.476 0.10332332 2.69733e-07
1790022657.876 106.519 0.10334660 2.58695e-07
1790022657.886 106.563 0.10341457 2.24734e-07
1790022657.896 106.606 0.10343598 2.24734e-07
1790022657.906 106.649 0.10347695 2.32376e-07
1790022657.916 106.693 0.10353190 1.89076e-07
1790022657.926 106.736 0.10355145 1.82283e-07
1790022657.936 106.780 0.10360825 1.73227e-07
1790022657.946 106.823 0.10366411 1.67850e-07
1790022657.956 106.866 0.10368180 1.66152e-07
1790022657.966 106.910 0.10371999 1.35021e-07
1790022657.976 106.953 0.10376933 1.51436e-07
1790022657.986 106.996 0.10380751 1.43228e-07
1790022657.996 107.039 0.10384289 1.20871e-07
1790022658.006 107.083 0.10387362 1.29927e-07
1790022658.016 107.126 0.10392855 1.10966e-07
1790022658.026 107.169 0.10397977 1.23135e-07
1790022658.036 107.212 0.10401702 1.07570e-07
1790022658.046 107.255 0.10405612 8.77590e-08
1790022658.056 107.298 0.10411571 1.01060e-07
1790022658.066 107.342 0.10415295 8.29479e-08
1790022658.076 107.385 0.10418276 8.49290e-08
1790022658.086 107.428 0.10424794 6.82315e-08
1790022658.096 107.471 0.10427401 5.77603e-08
1790022658.106 107.514 0.10429170 6.59675e-08
1790022658.116 107.557 0.10433732 4.44589e-08
1790022658.126 107.600 0.10438015 4.50249e-08
1790022658.136 107.643 0.10443510 3.42707e-08
1790022658.146 107.686 0.10446024 2.52145e-08
1790022658.156 107.729 0.10450586 3.68177e-08
1790022658.166 107.772 0.10454403 1.92713e-08
1790022658.176 107.815 0.10455707 2.66295e-08
1790022658.186 107.858 0.10461293 1.92713e-08
1790022658.196 107.901 0.10467067 1.21961e-08
1790022658.206 107.944 0.10471536 3.00256e-08
1790022658.216 107.986 0.10477589 1.36112e-08
1790022658.226 108.029 0.10479451 2.18184e-08
1790022658.236 108.072 0.10483268 1.58752e-08
1790022658.246 108.115 0.10488670 8.23402e-09
1790022658.256 108.158 0.10490718 2.86105e-08
1790022658.266 108.201 0.10495746 1.16301e-08
1790022658.276 108.243 0.10501053 2.09693e-08
1790022658.286 108.286 0.10502263 1.47432e-08
1790022658.296 108.329 0.10509341 7.10199e-09
1790022658.306 108.371 0.10512041 2.83275e-08
1790022658.316 108.414 0.10516976 1.04981e-08
1790022658.326 108.457 0.10519769 2.01203e-08
1790022658.336 108.500 0.10522097 1.44602e-08
1790022658.346 108.542 0.10526567 8.51703e-09
1790022658.356 108.585 0.10530291 2.80445e-08
1790022658.366 108.627 0.10535599 1.04981e-08
1790022658.376 108.670 0.10538113 1.87053e-08
1790022658.386 108.713 0.10542768 1.53092e-08
1790022658.396 108.755 0.10549099 8.23402e-09
1790022658.406 108.798 0.10552545 2.80445e-08
1790022658.416 108.840 0.10554780 1.13471e-08
1790022658.426 108.883 0.10562415 2.06863e-08
1790022658.436 108.925 0.10564557 1.67242e-08
1790022658.446 108.968 0.10567722 1.16301e-08
1790022658.456 109.010 0.10568841 2.91765e-08
1790022658.466 109.053 0.10573589 1.24791e-08
1790022658.476 109.095 0.10577872 2.15354e-08
1790022658.486 109.138 0.10584948 1.50262e-08
1790022658.496 109.180 0.10589231 1.33282e-08
1790022658.506 109.222 0.10592397 3.25726e-08
1790022658.516 109.265 0.10597612 1.19131e-08
1790022658.526 109.307 0.10601802 2.01203e-08
1790022658.536 109.349 0.10603758 1.72903e-08
1790022658.546 109.392 0.10605992 1.38942e-08
1790022658.555 109.434 0.10610741 3.20066e-08
1790022658.566 109.476 0.10619215 1.78563e-08
1790022658.575 109.519 0.10621542 2.29504e-08
1790022658.585 109.561 0.10622939 2.21014e-08
1790022658.595 109.603 0.10626384 1.87053e-08
1790022658.605 109.645 0.10631040 2.94596e-08
1790022658.615 109.687 0.10636441 1.78563e-08
1790022658.625 109.730 0.10642586 2.37994e-08
1790022658.635 109.772 0.10646124 2.04033e-08
1790022658.645 109.814 0.10648917 2.54975e-08
1790022658.655 109.856 0.10653107 3.65347e-08
1790022658.665 109.898 0.10655435 1.27621e-08
1790022658.675 109.940 0.10660930 2.52145e-08
1790022658.685 109.982 0.10663630 2.18184e-08
1790022658.695 110.025 0.10665492 2.23844e-08
