1790021958.706 31.728 0.03461119 9.36602e-09
1790021958.711 31.874 0.03461119 1.89883e-08
1790021958.721 32.019 0.03460747 1.30451e-08
1790021958.731 32.163 0.03458047 1.72902e-08
1790021958.741 32.306 0.03455532 4.27190e-09
1790021958.751 32.449 0.03455905 2.37994e-08
1790021958.761 32.592 0.03457860 3.70589e-09
1790021958.771 32.733 0.03457395 1.33281e-08
1790021958.781 32.875 0.03457116 1.95543e-08
1790021958.791 33.015 0.03455067 5.96994e-09
1790021958.801 33.155 0.03454508 2.37994e-08
1790021958.811 33.294 0.03454974 8.23400e-09
1790021958.821 33.433 0.03453670 1.70072e-08
1790021958.831 33.571 0.03454601 2.43654e-08
1790021958.841 33.709 0.03458140 1.10641e-08
1790021958.851 33.846 0.03459443 2.69125e-08
1790021958.861 33.982 0.03462889 7.38498e-09
1790021958.871 34.118 0.03465496 1.44601e-08
1790021958.881 34.254 0.03467172 1.55922e-08
1790021958.891 34.389 0.03475552 4.83791e-09
1790021958.901 34.523 0.03482442 2.09693e-08
1790021958.911 34.657 0.03490823 5.12092e-09
1790021958.921 34.790 0.03500600 1.41771e-08
1790021958.931 34.923 0.03508793 1.47432e-08
1790021958.941 35.055 0.03521550 4.27190e-09
1790021958.951 35.187 0.03534586 2.23843e-08
1790021958.961 35.318 0.03546318 6.81896e-09
1790021958.971 35.449 0.03558702 1.55922e-08
1790021958.981 35.579 0.03574159 1.75732e-08
1790021958.991 35.709 0.03589616 7.95099e-09
1790021959.001 35.839 0.03605352 2.52144e-08
1790021959.011 35.968 0.03620809 1.04981e-08
1790021959.021 36.096 0.03638966 1.72902e-08
1790021959.031 36.224 0.03652933 1.87053e-08
1790021959.041 36.352 0.03668576 6.25295e-09
1790021959.051 36.479 0.03684685 2.15353e-08
1790021959.061 36.606 0.03700793 5.40393e-09
1790021959.071 36.732 0.03717368 1.30451e-08
1790021959.081 36.858 0.03734314 1.33281e-08
1790021959.091 36.983 0.03750330 2.57386e-09
1790021959.101 37.108 0.03763086 1.95543e-08
1790021959.111 37.232 0.03778357 2.57386e-09
1790021959.121 37.357 0.03789810 1.33281e-08
1790021959.131 37.480 0.03801635 1.13471e-08
1790021959.141 37.604 0.03814578 1.72484e-09
1790021959.151 37.726 0.03826403 1.89883e-08
1790021959.161 37.849 0.03840277 2.29085e-09
1790021959.171 37.971 0.03849961 1.30451e-08
1790021959.181 38.093 0.03859272 1.16301e-08
1790021959.191 38.214 0.03870074 1.44183e-09
1790021959.201 38.335 0.03880316 1.89883e-08
1790021959.211 38.456 0.03889720 2.29085e-09
1790021959.221 38.576 0.03900987 1.27621e-08
1790021959.231 38.696 0.03910112 1.19131e-08
1790021959.241 38.815 0.03922496 8.75817e-10
1790021959.251 38.934 0.03928362 1.84222e-08
1790021959.261 39.053 0.03937301 2.29085e-09
1790021959.271 39.171 0.03947730 1.27621e-08
1790021959.281 39.289 0.03956203 1.10641e-08
1790021959.291 39.407 0.03966167 2.00784e-09
1790021959.301 39.524 0.03973709 1.75732e-08
1790021959.311 39.641 0.03983393 1.15882e-09
1790021959.321 39.758 0.03994194 1.21961e-08
1790021959.331 39.874 0.04003226 1.07811e-08
1790021959.341 39.990 0.04013654 2.57386e-09
1790021959.351 40.106 0.04023711 1.72902e-08
1790021959.361 40.221 0.04033301 1.15882e-09
1790021959.371 40.336 0.04043171 1.07811e-08
1790021959.381 40.450 0.04054717 9.64903e-09
1790021959.391 40.565 0.04062818 2.29085e-09
1790021959.401 40.679 0.04072502 1.70072e-08
1790021959.411 40.792 0.04085631 1.72484e-09
1790021959.421 40.905 0.04095874 1.04981e-08
1790021959.431 41.019 0.04107606 1.07811e-08
1790021959.441 41.131 0.04118966 2.85686e-09
1790021959.451 41.244 0.04129301 1.81392e-08
1790021959.461 41.356 0.04139544 1.72484e-09
1790021959.471 41.467 0.04151928 1.16301e-08
1790021959.481 41.579 0.04163660 1.02150e-08
1790021959.491 41.690 0.04173530 2.00784e-09
1790021959.501 41.801 0.04187311 1.70072e-08
1790021959.511 41.912 0.04198019 2.00784e-09
1790021959.521 42.022 0.04209379 1.04981e-08
1790021959.531 42.132 0.04218504 1.02150e-08
1790021959.541 42.242 0.04229585 3.42288e-09
1790021959.551 42.351 0.04240572 1.67242e-08
1790021959.561 42.460 0.04251932 2.85686e-09
1790021959.571 42.569 0.04263943 1.13471e-08
1790021959.581 42.678 0.04273534 9.93204e-09
1790021959.591 42.786 0.04280704 2.85686e-09
1790021959.601 42.894 0.04291691 1.61582e-08
1790021959.611 43.002 0.04306403 1.15882e-09
1790021959.621 43.109 0.04314969 1.21961e-08
1790021959.631 43.217 0.04323722 1.10641e-08
1790021959.641 43.324 0.04331637 2.00784e-09
1790021959.651 43.430 0.04341693 1.64412e-08
1790021959.661 43.537 0.04352960 2.00784e-09
1790021959.671 43.643 0.04363575 1.13471e-08
1790021959.681 43.749 0.04372514 1.13471e-08
1790021959.691 43.855 0.04382104 3.42288e-09
1790021959.701 43.960 0.04393557 1.67242e-08
1790021959.711 44.065 0.04399144 2.29085e-09
1790021959.721 44.170 0.04409759 1.36111e-08
1790021959.731 44.275 0.04423074 1.02150e-08
1790021959.741 44.379 0.04429406 1.44183e-09
1790021959.751 44.483 0.04440486 1.61582e-08
1790021959.761 44.587 0.04450915 1.72484e-09
1790021959.771 44.691 0.04461064 1.38941e-08
1790021959.781 44.795 0.04469445 9.36602e-09
1790021959.791 44.898 0.04476056 1.44183e-09
1790021959.801 45.001 0.04489185 1.75732e-08
1790021959.811 45.104 0.04499707 3.70589e-09
1790021959.821 45.206 0.04506131 1.33281e-08
1790021959.831 45.308 0.04516933 9.93204e-09
1790021959.841 45.410 0.04528013 2.00784e-09
1790021959.851 45.512 0.04536486 1.84222e-08
1790021959.861 45.614 0.04549057 3.70589e-09
1790021959.871 45.715 0.04556506 1.33281e-08
1790021959.881 45.816 0.04566469 1.02150e-08
1790021959.891 45.917 0.04578015 2.00784e-09
1790021959.901 46.018 0.04587140 1.78562e-08
1790021959.911 46.118 0.04595613 4.55491e-09
1790021959.921 46.219 0.04605018 1.38941e-08
1790021959.931 46.319 0.04614702 1.10641e-08
1790021959.941 46.419 0.04622896 2.85686e-09
1790021959.951 46.518 0.04630531 2.04033e-08
1790021959.961 46.618 0.04644963 3.98889e-09
1790021959.971 46.717 0.04654368 1.47432e-08
1790021959.981 46.816 0.04661445 9.93204e-09
1790021959.991 46.915 0.04668242 2.85686e-09
1790021960.001 47.013 0.04679136 1.89883e-08
1790021960.011 47.111 0.04690682 3.70589e-09
1790021960.021 47.210 0.04700831 1.36111e-08
1790021960.031 47.308 0.04707815 7.95099e-09
1790021960.041 47.405 0.04717219 -5.39218e-10
1790021960.051 47.503 0.04729604 1.53092e-08
1790021960.061 47.600 0.04735377 1.44183e-09
1790021960.071 47.697 0.04743757 1.24791e-08
1790021960.081 47.794 0.04753720 9.64903e-09
1790021960.091 47.891 0.04761821 1.44183e-09
1790021960.101 47.988 0.04771877 1.61582e-08
1790021960.111 48.084 0.04781375 3.98889e-09
1790021960.120 48.180 0.04791245 1.36111e-08
1790021960.130 48.276 0.04800742 1.07811e-08
1790021960.140 48.372 0.04809867 1.21961e-08
1790021960.150 48.468 0.04817223 2.28413e-07
1790021960.160 48.563 0.04826162 7.93012e-07
1790021960.170 48.658 0.04834356 1.72665e-06
1790021960.180 48.753 0.04844878 2.66793e-06
1790021960.190 48.848 0.04856052 3.83817e-06
1790021960.200 48.943 0.04862197 5.84157e-06
1790021960.210 49.037 0.04870391 8.67334e-06
1790021960.220 49.132 0.04879889 5.20679e-06
1790021960.230 49.226 0.04888735 5.52432e-06
1790021960.240 49.320 0.04898418 4.86095e-06
1790021960.250 49.413 0.04910430 3.51752e-06
1790021960.260 49.507 0.04916762 2.60793e-06
1790021960.270 49.600 0.04926632 1.87382e-06
1790021960.280 49.694 0.04934081 1.35393e-06
1790021960.290 49.787 0.04943485 1.00612e-06
1790021960.300 49.880 0.04948979 6.99337e-07
1790021960.310 49.972 0.04960153 3.76143e-07
1790021960.320 50.065 0.04971233 1.55115e-07
1790021960.330 50.157 0.04979986 5.43641e-08
1790021960.340 50.250 0.04987435 1.95543e-08
1790021960.350 50.342 0.04995070 2.54974e-08
1790021960.360 50.433 0.05003636 6.53596e-09
1790021960.370 50.525 0.05011923 1.53092e-08
1790021960.380 50.617 0.05020304 6.25295e-09
1790021960.390 50.708 0.05030174 -1.38824e-09
1790021960.400 50.799 0.05040509 1.21961e-08
1790021960.410 50.890 0.05048704 -1.07275e-08
1790021960.420 50.981 0.05056990 6.25295e-09
1790021960.430 51.072 0.05065929 3.13987e-09
1790021960.440 51.162 0.05075799 4.55491e-09
1790021960.450 51.253 0.05084831 2.09693e-08
1790021960.460 51.343 0.05090511 3.42288e-09
1790021960.470 51.433 0.05101964 1.72902e-08
1790021960.480 51.523 0.05109599 1.04981e-08
1790021960.490 51.613 0.05115931 8.80001e-09
1790021960.500 51.702 0.05126919 2.63464e-08
1790021960.510 51.792 0.05134740 1.33281e-08
1790021960.520 51.881 0.05143493 1.23418e-07
1790021960.530 51.970 0.05151035 1.70062e-06
1790021960.540 52.059 0.05158577 5.27867e-06
1790021960.550 52.148 0.05165747 9.81923e-06
1790021960.560 52.237 0.05177386 1.55946e-05
1790021960.570 52.325 0.05186884 2.12957e-05
1790021960.580 52.414 0.05191818 2.89958e-05
1790021960.590 52.502 0.05198616 4.45730e-05
1790021960.600 52.590 0.05207182 5.91827e-05
1790021960.610 52.678 0.05217425 6.64815e-05
1790021960.620 52.766 0.05224687 5.73344e-05
1790021960.630 52.854 0.05234930 3.85931e-05
1790021960.640 52.941 0.05242938 2.23330e-05
1790021960.650 53.028 0.05250201 1.23773e-05
1790021960.660 53.116 0.05259792 8.52306e-06
1790021960.670 53.203 0.05266309 7.00756e-06
1790021960.680 53.290 0.05274410 5.30980e-06
1790021960.690 53.376 0.05284094 3.66836e-06
1790021960.700 53.463 0.05292381 2.28418e-06
1790021960.710 53.550 0.05301785 7.90182e-07
1790021960.720 53.636 0.05309514 4.93025e-07
1790021960.730 53.722 0.05316870 2.70298e-07
1790021960.740 53.808 0.05324971 1.78321e-07
1790021960.750 53.894 0.05334283 1.93604e-07
1790021960.760 53.980 0.05342849 1.74359e-07
1790021960.770 54.066 0.05351322 1.81434e-07
1790021960.780 54.151 0.05359144 1.51435e-07
1790021960.790 54.237 0.05366220 1.04173e-07
1790021960.800 54.322 0.05373576 9.34191e-08
1790021960.810 54.407 0.05383353 6.11563e-08
1790021960.820 54.492 0.05390709 7.04955e-08
1790021960.830 54.577 0.05398251 5.40811e-08
1790021960.840 54.662 0.05405700 4.04968e-08
1790021960.850 54.747 0.05414081 4.75720e-08
1790021960.860 54.831 0.05422740 3.76667e-08
1790021960.870 54.915 0.05432796 6.31373e-08
1790021960.880 55.000 0.05439500 7.72877e-08
1790021960.890 55.084 0.05447322 9.48341e-08
1790021960.900 55.168 0.05455702 1.07569e-07
1790021960.910 55.252 0.05462965 2.94595e-08
1790021960.920 55.335 0.05470414 6.11563e-08
1790021960.930 55.419 0.05476746 5.60622e-08
1790021960.940 55.502 0.05484474 6.34203e-08
1790021960.950 55.586 0.05494344 9.25700e-08
1790021960.960 55.669 0.05504866 1.01909e-07
1790021960.970 55.752 0.05511198 1.64454e-07
1790021960.980 55.835 0.05518461 2.14829e-07
1790021960.990 55.918 0.05525537 2.28413e-07
1790021961.000 56.000 0.05533638 2.87279e-07
1790021961.010 56.083 0.05541832 2.68034e-07
1790021961.020 56.166 0.05552447 3.54351e-07
1790021961.030 56.248 0.05557941 9.25459e-07
1790021961.040 56.330 0.05564086 5.23367e-06
1790021961.050 56.412 0.05573956 1.44637e-05
1790021961.060 56.494 0.05582430 2.74002e-05
1790021961.070 56.576 0.05589599 4.41797e-05
1790021961.080 56.658 0.05596676 6.82902e-05
1790021961.090 56.740 0.05604032 1.09107e-04
1790021961.100 56.821 0.05612040 1.55234e-04
1790021961.110 56.902 0.05620326 2.04563e-04
1790021961.120 56.984 0.05628800 2.22395e-04
1790021961.130 57.065 0.05636715 1.99753e-04
1790021961.140 57.146 0.05644163 1.40099e-04
1790021961.150 57.227 0.05649471 8.69083e-05
1790021961.160 57.308 0.05660365 3.66336e-05
1790021961.170 57.389 0.05667442 1.88016e-05
1790021961.180 57.469 0.05673681 1.19407e-05
1790021961.190 57.550 0.05682154 9.08002e-06
1790021961.200 57.630 0.05688579 6.59975e-06
1790021961.210 57.710 0.05698169 4.80492e-06
1790021961.220 57.790 0.05704408 3.94062e-06
1790021961.230 57.870 0.05711112 2.45172e-06
1790021961.240 57.950 0.05719772 1.68590e-06
1790021961.250 58.030 0.05727407 1.22092e-06
1790021961.260 58.110 0.05735787 1.35393e-06
1790021961.270 58.190 0.05742399 2.05041e-06
1790021961.280 58.269 0.05750965 2.73812e-06
1790021961.290 58.348 0.05758507 3.24017e-06
1790021961.300 58.428 0.05763721 3.53761e-06
1790021961.310 58.507 0.05771636 3.24555e-06
1790021961.320 58.586 0.05781040 2.58954e-06
1790021961.330 58.665 0.05790724 1.93891e-06
1790021961.340 58.744 0.05796218 1.22884e-06
1790021961.350 58.823 0.05804691 8.87536e-07
1790021961.360 58.901 0.05813351 8.19049e-07
1790021961.370 58.980 0.05818472 8.42255e-07
1790021961.380 59.058 0.05825456 8.43387e-07
1790021961.390 59.136 0.05831043 6.33396e-07
1790021961.400 59.215 0.05837560 4.38121e-07
1790021961.410 59.293 0.05845754 2.59261e-07
1790021961.420 59.371 0.05858138 1.65303e-07
1790021961.430 59.449 0.05864936 1.29927e-07
1790021961.440 59.527 0.05871267 1.18041e-07
1790021961.450 59.604 0.05875643 1.21154e-07
1790021961.460 59.682 0.05884024 1.14362e-07
1790021961.470 59.759 0.05890449 1.14079e-07
1790021961.480 59.837 0.05897804 1.00494e-07
1790021961.490 59.914 0.05906557 8.20988e-08
1790021961.500 59.991 0.05914379 1.36153e-07
1790021961.510 60.068 0.05922666 1.73227e-07
1790021961.520 60.145 0.05928904 2.68317e-07
1790021961.530 60.222 0.05936540 4.58781e-07
1790021961.540 60.299 0.05943710 6.63395e-07
1790021961.550 60.376 0.05948179 8.82442e-07
1790021961.560 60.453 0.05956373 1.04036e-06
1790021961.570 60.529 0.05964660 1.09300e-06
1790021961.580 60.606 0.05972668 9.47817e-07
1790021961.590 60.682 0.05976765 7.11506e-07
1790021961.600 60.758 0.05985797 5.28684e-07
1790021961.610 60.834 0.05994829 3.52653e-07
1790021961.620 60.910 0.05999112 3.36522e-07
1790021961.630 60.986 0.06006933 5.02364e-07
1790021961.640 61.062 0.06014196 4.28216e-07
1790021961.650 61.138 0.06021739 7.13204e-07
1790021961.660 61.214 0.06031702 7.85654e-07
1790021961.670 61.289 0.06036637 8.88102e-07
1790021961.680 61.365 0.06044552 1.00781e-06
1790021961.690 61.440 0.06053304 6.92262e-07
1790021961.700 61.515 0.06058239 5.34627e-07
1790021961.710 61.590 0.06064664 3.41333e-07
1790021961.720 61.666 0.06072672 2.80204e-07
1790021961.730 61.741 0.06081983 2.84732e-07
1790021961.740 61.816 0.06085801 6.34245e-07
1790021961.750 61.890 0.06093901 2.31276e-06
1790021961.760 61.965 0.06101071 6.16731e-06
1790021961.770 62.040 0.06107776 1.30107e-05
1790021961.780 62.114 0.06114573 2.40197e-05
1790021961.790 62.189 0.06122674 4.17506e-05
1790021961.800 62.263 0.06129099 6.87308e-05
1790021961.810 62.338 0.06136734 9.15338e-05
1790021961.820 62.412 0.06144835 1.19393e-04
1790021961.830 62.486 0.06153215 1.47655e-04
1790021961.840 62.560 0.06161129 1.63045e-04
1790021961.850 62.634 0.06165506 1.56982e-04
1790021961.860 62.708 0.06171558 1.25948e-04
1790021961.870 62.782 0.06177797 9.41476e-05
1790021961.880 62.855 0.06187853 5.71105e-05
1790021961.889 62.929 0.06192043 1.86941e-05
1790021961.899 63.002 0.06201168 1.01951e-05
1790021961.909 63.076 0.06209362 5.45216e-06
1790021961.919 63.149 0.06215880 3.74279e-06
1790021961.929 63.222 0.06224447 3.19206e-06
1790021961.939 63.296 0.06230499 2.64501e-06
1790021961.949 63.369 0.06235806 2.18258e-06
1790021961.959 63.442 0.06243535 1.89363e-06
1790021961.969 63.515 0.06248656 1.58883e-06
1790021961.979 63.587 0.06257688 1.52826e-06
1790021961.989 63.660 0.06262903 1.40997e-06
1790021961.999 63.733 0.06269979 1.32931e-06
1790021962.009 63.805 0.06278359 1.35676e-06
1790021962.019 63.878 0.06284319 1.36157e-06
1790021962.029 63.950 0.06293164 1.24045e-06
1790021962.039 64.023 0.06299310 9.51496e-07
1790021962.049 64.095 0.06305269 7.00469e-07
1790021962.059 64.167 0.06310856 4.90761e-07
1790021962.069 64.239 0.06318119 2.99448e-07
1790021962.079 64.311 0.06325195 1.72944e-07
1790021962.089 64.383 0.06331806 1.70963e-07
1790021962.099 64.455 0.06338511 2.17659e-07
1790021962.109 64.527 0.06346704 1.78038e-07
1790021962.119 64.599 0.06353502 2.39451e-07
1790021962.129 64.670 0.06360113 2.83600e-07
1790021962.139 64.742 0.06364862 3.14165e-07
1790021962.149 64.813 0.06371752 3.87746e-07
1790021962.159 64.885 0.06379667 4.28499e-07
1790021962.169 64.956 0.06388606 4.13217e-07
1790021962.179 65.027 0.06395775 4.80007e-07
1790021962.189 65.098 0.06403224 5.73682e-07
1790021962.199 65.169 0.06407880 7.78013e-07
1790021962.209 65.240 0.06413187 1.11706e-06
1790021962.219 65.311 0.06417657 1.68024e-06
1790021962.229 65.382 0.06425758 2.26663e-06
1790021962.239 65.453 0.06434417 2.86717e-06
1790021962.249 65.523 0.06441587 3.24300e-06
1790021962.259 65.594 0.06449130 3.22659e-06
1790021962.269 65.665 0.06454623 2.90000e-06
1790021962.279 65.735 0.06459092 2.25927e-06
1790021962.289 65.805 0.06463376 1.48327e-06
1790021962.299 65.876 0.06471849 8.63481e-07
1790021962.309 65.946 0.06481719 4.18594e-07
1790021962.319 66.016 0.06491030 2.08603e-07
1790021962.329 66.086 0.06495221 3.41333e-07
1790021962.339 66.156 0.06499411 4.19443e-07
1790021962.349 66.226 0.06506767 4.83403e-07
1790021962.359 66.296 0.06513750 6.09341e-07
1790021962.369 66.366 0.06518220 6.54056e-07
1790021962.379 66.436 0.06525203 6.73017e-07
1790021962.389 66.505 0.06530883 6.95658e-07
1790021962.399 66.575 0.06539915 7.94427e-07
1790021962.409 66.644 0.06545874 8.45085e-07
1790021962.419 66.714 0.06553882 9.81212e-07
1790021962.429 66.783 0.06560866 1.05564e-06
1790021962.439 66.852 0.06566359 8.86970e-07
1790021962.449 66.922 0.06574832 8.28388e-07
1790021962.459 66.991 0.06580326 7.11789e-07
1790021962.469 67.060 0.06587589 4.40952e-07
1790021962.479 67.129 0.06595411 2.66053e-07
1790021962.489 67.198 0.06599414 3.65389e-07
1790021962.499 67.267 0.06603977 3.37371e-07
1790021962.509 67.335 0.06610774 3.16428e-07
1790021962.519 67.404 0.06618410 3.37088e-07
1790021962.529 67.473 0.06626045 3.07089e-07
1790021962.539 67.541 0.06632376 2.03226e-07
1790021962.549 67.610 0.06639081 1.33889e-07
1790021962.559 67.678 0.06644760 6.65334e-08
1790021962.569 67.747 0.06650999 4.67229e-08
1790021962.579 67.815 0.06659193 2.35164e-08
1790021962.589 67.883 0.06666456 3.90817e-08
1790021962.599 67.951 0.06672322 4.87040e-08
1790021962.609 68.019 0.06679772 4.07798e-08
1790021962.619 68.087 0.06684893 8.15328e-08
1790021962.629 68.155 0.06690945 7.87027e-08
1790021962.639 68.223 0.06697370 9.99282e-08
1790021962.649 68.291 0.06703422 1.34455e-07
1790021962.659 68.359 0.06708823 1.49454e-07
1790021962.669 68.426 0.06715248 1.82000e-07
1790021962.679 68.494 0.06723721 1.94452e-07
1790021962.689 68.562 0.06731170 2.25300e-07
1790021962.699 68.629 0.06735360 3.18127e-07
1790021962.709 68.696 0.06742716 3.05957e-07
1790021962.719 68.764 0.06751655 1.94170e-07
1790021962.729 68.831 0.06755565 3.95387e-07
1790021962.739 68.898 0.06761152 4.23688e-07
1790021962.749 68.965 0.06767949 3.32560e-07
1790021962.759 69.033 0.06775026 2.02094e-07
1790021962.769 69.100 0.06782848 1.57662e-07
1790021962.779 69.167 0.06787969 1.57945e-07
1790021962.789 69.233 0.06794673 4.35008e-07
1790021962.799 69.300 0.06800353 1.12809e-06
1790021962.809 69.367 0.06807895 2.10758e-06
1790021962.819 69.434 0.06814320 3.65987e-06
1790021962.829 69.500 0.06818696 6.01222e-06
1790021962.839 69.567 0.06825960 9.16039e-06
1790021962.849 69.633 0.06832291 1.40505e-05
1790021962.859 69.700 0.06837133 2.03641e-05
1790021962.869 69.766 0.06842906 2.80689e-05
1790021962.879 69.833 0.06850169 3.71048e-05
1790021962.889 69.899 0.06856222 5.04231e-05
1790021962.899 69.965 0.06862832 7.22279e-05
1790021962.909 70.031 0.06871306 1.12222e-04
1790021962.919 70.097 0.06876054 1.49785e-04
1790021962.929 70.163 0.06881548 1.74588e-04
1790021962.939 70.229 0.06891325 1.78287e-04
1790021962.949 70.295 0.06895794 1.71924e-04
1790021962.959 70.361 0.06903244 1.58359e-04
1790021962.969 70.427 0.06905571 1.28340e-04
1790021962.979 70.492 0.06911996 8.75842e-05
1790021962.989 70.558 0.06918235 4.63478e-05
1790021962.999 70.624 0.06923449 1.97927e-05
1790021963.009 70.689 0.06929781 9.19124e-06
1790021963.019 70.755 0.06934716 6.25844e-06
1790021963.029 70.820 0.06942072 5.09613e-06
1790021963.039 70.885 0.06949055 4.14608e-06
1790021963.049 70.951 0.06956412 3.61742e-06
1790021963.059 71.016 0.06961253 3.05537e-06
1790021963.069 71.081 0.06967306 2.63369e-06
1790021963.079 71.146 0.06973451 2.26097e-06
1790021963.089 71.211 0.06981645 1.93042e-06
1790021963.099 71.276 0.06986859 1.61005e-06
1790021963.109 71.341 0.06992446 1.33299e-06
1790021963.119 71.406 0.06999151 1.05762e-06
1790021963.129 71.471 0.07004644 1.04828e-06
1790021963.139 71.535 0.07011255 9.11026e-07
1790021963.149 71.600 0.07019449 6.92828e-07
1790021963.159 71.665 0.07022056 5.43966e-07
1790021963.169 71.729 0.07027829 4.62743e-07
1790021963.179 71.794 0.07034999 3.65106e-07
1790021963.189 71.858 0.07044590 3.03693e-07
1790021963.199 71.923 0.07050176 2.79921e-07
1790021963.209 71.987 0.07055297 2.43130e-07
1790021963.219 72.051 0.07060419 1.58794e-07
1790021963.229 72.115 0.07066937 1.90773e-07
1790021963.239 72.180 0.07073734 1.89924e-07
1790021963.249 72.244 0.07081742 1.75208e-07
1790021963.259 72.308 0.07086957 1.59077e-07
1790021963.269 72.372 0.07094126 1.65020e-07
1790021963.279 72.436 0.07097106 1.55964e-07
1790021963.289 72.500 0.07103344 1.47190e-07
1790021963.299 72.563 0.07111073 1.42096e-07
1790021963.309 72.627 0.07115356 1.24833e-07
1790021963.319 72.691 0.07122526 1.43794e-07
1790021963.329 72.754 0.07128019 1.17758e-07
1790021963.339 72.818 0.07133886 1.11249e-07
1790021963.349 72.882 0.07139007 1.08985e-07
1790021963.359 72.945 0.07144221 1.00494e-07
1790021963.369 73.009 0.07149063 1.05022e-07
1790021963.379 73.072 0.07155488 8.49289e-08
1790021963.389 73.135 0.07160981 9.90792e-08
1790021963.399 73.198 0.07168338 1.14362e-07
1790021963.409 73.262 0.07172900 1.15494e-07
1790021963.419 73.325 0.07182398 1.46058e-07
1790021963.429 73.388 0.07187891 1.53416e-07
1790021963.439 73.451 0.07192640 1.56813e-07
1790021963.449 73.514 0.07199996 1.65020e-07
1790021963.459 73.577 0.07207072 2.70581e-07
1790021963.469 73.640 0.07212380 2.31526e-07
1790021963.479 73.703 0.07218246 1.58794e-07
1790021963.489 73.765 0.07223368 1.58228e-07
1790021963.499 73.828 0.07229699 1.63322e-07
1790021963.509 73.891 0.07233983 1.91057e-07
1790021963.519 73.953 0.07241059 2.62940e-07
1790021963.529 74.016 0.07246832 3.05674e-07
1790021963.539 74.079 0.07253630 3.43031e-07
1790021963.549 74.141 0.07259589 3.75294e-07
1790021963.559 74.203 0.07263127 4.06991e-07
1790021963.569 74.266 0.07268714 3.74445e-07
1790021963.579 74.328 0.07278211 3.76992e-07
1790021963.589 74.390 0.07284822 3.86897e-07
1790021963.599 74.453 0.07289199 4.07274e-07
1790021963.609 74.515 0.07297858 4.17179e-07
1790021963.619 74.577 0.07303631 3.54917e-07
1790021963.629 74.639 0.07309032 5.27552e-07
1790021963.638 74.701 0.07313874 4.37839e-07
1790021963.648 74.763 0.07318902 4.12934e-07
1790021963.658 74.825 0.07326165 3.62276e-07
1790021963.668 74.887 0.07331566 3.30296e-07
1790021963.678 74.948 0.07335662 2.42564e-07
1790021963.688 75.010 0.07343112 1.92188e-07
1790021963.698 75.072 0.07348791 1.24550e-07
1790021963.708 75.133 0.07352516 1.24550e-07
1790021963.718 75.195 0.07356892 1.46907e-07
1790021963.728 75.256 0.07366949 1.47190e-07
1790021963.738 75.318 0.07374677 2.00113e-07
1790021963.748 75.379 0.07377284 2.69449e-07
1790021963.758 75.441 0.07382684 3.81803e-07
1790021963.768 75.502 0.07390972 5.64626e-07
1790021963.778 75.563 0.07395535 7.46882e-07
1790021963.788 75.625 0.07402890 9.44421e-07
1790021963.798 75.686 0.07407266 1.21441e-06
1790021963.808 75.747 0.07412295 1.53534e-06
1790021963.818 75.808 0.07419185 1.97287e-06
1790021963.828 75.869 0.07424865 2.60963e-06
1790021963.838 75.930 0.07431011 3.17452e-06
1790021963.848 75.991 0.07436039 4.26636e-06
1790021963.858 76.052 0.07442743 3.89081e-06
1790021963.868 76.113 0.07451123 3.58855e-06
1790021963.878 76.174 0.07455686 3.34828e-06
1790021963.888 76.234 0.07458386 2.93226e-06
1790021963.898 76.295 0.07464531 2.48681e-06
1790021963.908 76.356 0.07473564 1.83985e-06
1790021963.918 76.416 0.07477381 1.19941e-06
1790021963.928 76.477 0.07483061 7.31034e-07
1790021963.938 76.537 0.07487437 4.77176e-07
1790021963.948 76.598 0.07492838 3.59729e-07
1790021963.958 76.658 0.07500287 2.88128e-07
1790021963.968 76.719 0.07506153 2.55016e-07
1790021963.978 76.779 0.07511181 2.10584e-07
1790021963.988 76.839 0.07514812 1.87943e-07
1790021963.998 76.899 0.07520213 1.63322e-07
1790021964.008 76.960 0.07528500 1.29361e-07
1790021964.018 77.020 0.07534832 1.33889e-07
1790021964.028 77.080 0.07540885 1.07286e-07
1790021964.038 77.140 0.07543678 1.04456e-07
1790021964.048 77.200 0.07549917 8.49289e-08
1790021964.058 77.260 0.07555689 6.90805e-08
1790021964.068 77.320 0.07562301 7.41746e-08
1790021964.078 77.379 0.07569004 4.87040e-08
1790021964.088 77.439 0.07575430 5.43641e-08
1790021964.098 77.499 0.07582133 4.89870e-08
1790021964.108 77.559 0.07587348 3.71007e-08
1790021964.118 77.618 0.07591817 2.40824e-08
1790021964.128 77.678 0.07595542 4.24778e-08
1790021964.138 77.738 0.07601874 4.98360e-08
1790021964.148 77.797 0.07605505 4.44589e-08
1790021964.158 77.857 0.07610254 2.77615e-08
1790021964.168 77.916 0.07617703 4.10628e-08
1790021964.178 77.975 0.07622359 1.95543e-08
1790021964.188 78.035 0.07629528 3.37046e-08
1790021964.198 78.094 0.07636791 3.51197e-08
1790021964.208 78.153 0.07640888 3.14406e-08
1790021964.218 78.212 0.07647033 5.83262e-08
1790021964.228 78.272 0.07652062 6.73824e-08
1790021964.238 78.331 0.07658393 7.27596e-08
1790021964.248 78.390 0.07664725 1.03324e-07
1790021964.258 78.449 0.07670870 1.11531e-07
1790021964.268 78.508 0.07676085 1.49454e-07
1790021964.278 78.567 0.07683907 1.67001e-07
1790021964.288 78.626 0.07686048 2.02094e-07
1790021964.298 78.685 0.07692100 2.15395e-07
1790021964.308 78.743 0.07699177 2.17376e-07
1790021964.318 78.802 0.07703274 2.33225e-07
1790021964.328 78.861 0.07705882 1.97000e-07
1790021964.338 78.920 0.07714075 1.85113e-07
1790021964.348 78.978 0.07719290 1.87377e-07
1790021964.358 79.037 0.07724504 1.31059e-07
1790021964.368 79.095 0.07730743 1.18041e-07
1790021964.378 79.154 0.07737353 8.06838e-08
1790021964.388 79.212 0.07741730 7.58726e-08
1790021964.398 79.271 0.07747596 6.08733e-08
1790021964.408 79.329 0.07754673 4.78550e-08
1790021964.418 79.387 0.07758956 7.67217e-08
1790021964.428 79.446 0.07763705 4.72889e-08
1790021964.438 79.504 0.07770316 5.86092e-08
1790021964.448 79.562 0.07777765 4.10628e-08
1790021964.458 79.620 0.07783166 3.59687e-08
1790021964.468 79.678 0.07788194 5.37981e-08
1790021964.478 79.736 0.07793501 3.25726e-08
1790021964.488 79.795 0.07797505 4.04968e-08
1790021964.498 79.852 0.07804116 3.22896e-08
1790021964.508 79.910 0.07809144 2.29504e-08
1790021964.518 79.968 0.07813706 4.07798e-08
1790021964.528 80.026 0.07818176 2.83275e-08
1790021964.538 80.084 0.07824601 5.63452e-08
1790021964.548 80.142 0.07830095 9.00230e-08
1790021964.558 80.200 0.07836519 1.74642e-07
1790021964.568 80.257 0.07840896 3.26617e-07
1790021964.578 80.315 0.07846203 5.26137e-07
1790021964.588 80.373 0.07852721 8.39425e-07
1790021964.598 80.430 0.07860170 1.44789e-06
1790021964.608 80.488 0.07865385 2.29295e-06
1790021964.618 80.545 0.07868457 4.25871e-06
1790021964.628 80.603 0.07874137 4.87482e-06
1790021964.638 80.660 0.07876744 6.97558e-06
1790021964.648 80.717 0.07883914 1.01388e-05
1790021964.658 80.775 0.07888942 1.43080e-05
1790021964.668 80.832 0.07896857 2.00627e-05
1790021964.678 80.889 0.07903561 2.85897e-05
1790021964.688 80.946 0.07907006 3.48772e-05
1790021964.698 81.004 0.07913059 4.58169e-05
1790021964.708 81.061 0.07917901 5.56400e-05
1790021964.718 81.118 0.07923394 6.74083e-05
1790021964.728 81.175 0.07931402 8.67914e-05
1790021964.738 81.232 0.07936617 1.08266e-04
1790021964.748 81.289 0.07940807 1.33041e-04
1790021964.758 81.346 0.07941365 1.49830e-04
1790021964.768 81.403 0.07947045 1.62625e-04
1790021964.778 81.460 0.07953004 1.64661e-04
1790021964.788 81.516 0.07959616 1.56225e-04
1790021964.798 81.573 0.07965109 1.48472e-04
1790021964.808 81.630 0.07972651 1.38053e-04
1790021964.818 81.686 0.07977959 1.16266e-04
1790021964.828 81.743 0.07984104 9.21256e-05
1790021964.838 81.800 0.07989970 6.83623e-05
1790021964.848 81.856 0.07992950 4.28011e-05
1790021964.858 81.913 0.07997699 2.57805e-05
1790021964.868 81.969 0.08004962 1.66386e-05
1790021964.878 82.026 0.08008965 1.17581e-05
1790021964.888 82.082 0.08014553 9.44651e-06
1790021964.898 82.139 0.08021629 8.00290e-06
1790021964.908 82.195 0.08026005 6.59154e-06
1790021964.918 82.251 0.08031685 5.50451e-06
1790021964.928 82.307 0.08037924 4.66653e-06
1790021964.938 82.364 0.08041369 3.95844e-06
1790021964.948 82.420 0.08045093 3.32989e-06
1790021964.958 82.476 0.08050401 2.80434e-06
1790021964.968 82.532 0.08057105 2.29606e-06
1790021964.978 82.588 0.08061482 1.86646e-06
1790021964.988 82.644 0.08068372 1.67373e-06
1790021964.998 82.700 0.08074424 1.40431e-06
1790021965.008 82.756 0.08080477 1.05932e-06
1790021965.018 82.812 0.08084294 9.66212e-07
1790021965.028 82.868 0.08089415 7.73485e-07
1790021965.038 82.924 0.08093047 5.55003e-07
1790021965.048 82.980 0.08099565 6.32264e-07
1790021965.058 83.035 0.08105617 5.09722e-07
1790021965.068 83.091 0.08110459 4.67271e-07
1790021965.078 83.147 0.08117256 4.12368e-07
1790021965.088 83.202 0.08119305 4.03029e-07
1790021965.098 83.258 0.08123495 3.48125e-07
1790021965.108 83.314 0.08131782 3.15296e-07
1790021965.118 83.369 0.08138114 3.08221e-07
1790021965.128 83.425 0.08143421 2.79072e-07
1790021965.138 83.480 0.08149381 2.71713e-07
1790021965.148 83.536 0.08155153 2.49922e-07
1790021965.158 83.591 0.08159065 2.33790e-07
1790021965.168 83.646 0.08163720 2.31526e-07
1790021965.178 83.702 0.08168469 2.10301e-07
1790021965.188 83.757 0.08173776 2.21904e-07
1790021965.198 83.812 0.08178712 2.05773e-07
1790021965.208 83.867 0.08181784 1.96717e-07
1790021965.218 83.923 0.08188581 2.05773e-07
1790021965.228 83.978 0.08196496 1.81434e-07
1790021965.238 84.033 0.08200686 1.92188e-07
1790021965.248 84.088 0.08202642 1.70397e-07
1790021965.258 84.143 0.08209345 1.57096e-07
1790021965.268 84.198 0.08216609 1.64171e-07
1790021965.278 84.253 0.08221730 1.45492e-07
1790021965.288 84.308 0.08226385 1.61624e-07
1790021965.298 84.363 0.08229644 1.47190e-07
1790021965.308 84.418 0.08236442 1.39266e-07
1790021965.318 84.472 0.08242215 1.43511e-07
1790021965.328 84.527 0.08245288 1.18324e-07
1790021965.338 84.582 0.08248826 1.29078e-07
1790021965.348 84.637 0.08257579 1.11249e-07
1790021965.358 84.691 0.08262700 9.82302e-08
1790021965.368 84.746 0.08267169 1.01343e-07
1790021965.378 84.801 0.08271080 7.30426e-08
1790021965.388 84.855 0.08280298 8.35138e-08
1790021965.397 84.910 0.08285512 6.73824e-08
1790021965.407 84.964 0.08289050 6.14393e-08
1790021965.417 85.019 0.08293241 6.82315e-08
1790021965.427 85.073 0.08300131 5.06850e-08
1790021965.437 85.128 0.08304787 6.48354e-08
1790021965.447 85.182 0.08310840 5.23831e-08
1790021965.457 85.236 0.08315681 5.54961e-08
1790021965.467 85.290 0.08318661 6.39864e-08
1790021965.477 85.345 0.08324900 4.38929e-08
1790021965.487 85.399 0.08330672 6.20053e-08
1790021965.497 85.453 0.08336073 5.21001e-08
1790021965.507 85.507 0.08340822 5.49301e-08
1790021965.517 85.561 0.08343243 7.04955e-08
1790021965.527 85.616 0.08347340 5.88922e-08
1790021965.537 85.670 0.08353857 8.46459e-08
1790021965.547 85.724 0.08360748 9.05890e-08
1790021965.557 85.778 0.08366894 1.15777e-07
1790021965.567 85.832 0.08373784 1.61058e-07
1790021965.577 85.885 0.08376018 1.80585e-07
1790021965.587 85.939 0.08378998 2.36055e-07
1790021965.597 85.993 0.08384864 2.76807e-07
1790021965.607 86.047 0.08392593 3.38503e-07
1790021965.617 86.101 0.08396597 4.03312e-07
1790021965.627 86.154 0.08400508 4.50574e-07
1790021965.637 86.208 0.08406839 5.58682e-07
1790021965.647 86.262 0.08413171 6.58301e-07
1790021965.657 86.316 0.08416430 7.74617e-07
1790021965.667 86.369 0.08420434 9.04800e-07
1790021965.677 86.423 0.08424717 9.61401e-07
1790021965.687 86.476 0.08429279 1.05564e-06
1790021965.697 86.530 0.08434308 1.05140e-06
1790021965.707 86.583 0.08440546 1.00017e-06
1790021965.717 86.637 0.08450044 9.58005e-07
1790021965.727 86.690 0.08453303 8.83291e-07
1790021965.737 86.744 0.08454234 8.02634e-07
1790021965.747 86.797 0.08462800 6.83206e-07
1790021965.757 86.850 0.08469691 5.66041e-07
1790021965.767 86.903 0.08472670 4.49725e-07
1790021965.777 86.957 0.08478630 3.26051e-07
1790021965.787 87.010 0.08484123 2.45111e-07
1790021965.797 87.063 0.08488500 1.76906e-07
1790021965.807 87.116 0.08494552 1.37851e-07
1790021965.817 87.169 0.08499022 1.20588e-07
1790021965.827 87.222 0.08504515 8.49289e-08
1790021965.837 87.276 0.08507122 9.05890e-08
1790021965.847 87.329 0.08511778 7.21936e-08
1790021965.857 87.382 0.08519413 6.51184e-08
1790021965.867 87.435 0.08524814 6.62504e-08
1790021965.877 87.487 0.08527328 4.50249e-08
1790021965.887 87.540 0.08533381 5.97412e-08
1790021965.897 87.593 0.08540271 4.61569e-08
1790021965.907 87.646 0.08542971 4.21948e-08
1790021965.917 87.699 0.08544833 4.84210e-08
1790021965.927 87.752 0.08551072 2.71955e-08
1790021965.937 87.804 0.08558149 4.38929e-08
1790021965.947 87.857 0.08559359 3.17236e-08
1790021965.957 87.910 0.08568205 2.97425e-08
1790021965.967 87.962 0.08573233 3.65347e-08
1790021965.977 88.015 0.08577889 1.98373e-08
1790021965.987 88.068 0.08580775 3.65347e-08
1790021965.997 88.120 0.08585617 2.52144e-08
1790021966.007 88.173 0.08591204 2.66294e-08
1790021966.017 88.225 0.08597443 3.34216e-08
1790021966.027 88.278 0.08604705 4.24778e-08
1790021966.037 88.330 0.08609082 3.62517e-08
1790021966.047 88.382 0.08612992 2.29504e-08
1790021966.057 88.435 0.08616810 2.26673e-08
1790021966.067 88.487 0.08622118 3.14406e-08
1790021966.077 88.539 0.08629101 1.41771e-08
1790021966.087 88.592 0.08634502 3.08745e-08
1790021966.097 88.644 0.08638692 1.87053e-08
1790021966.107 88.696 0.08644465 1.98373e-08
1790021966.117 88.748 0.08647817 2.83275e-08
1790021966.127 88.800 0.08651634 1.30451e-08
1790021966.137 88.852 0.08658059 2.74785e-08
1790021966.147 88.905 0.08661691 1.61582e-08
1790021966.157 88.957 0.08665881 1.95543e-08
1790021966.167 89.009 0.08670350 2.77615e-08
1790021966.177 89.061 0.08677241 1.16301e-08
1790021966.187 89.113 0.08684503 2.71955e-08
1790021966.197 89.165 0.08689904 1.58752e-08
1790021966.207 89.216 0.08691673 1.98373e-08
1790021966.217 89.268 0.08695211 2.86105e-08
1790021966.227 89.320 0.08703219 1.07811e-08
1790021966.237 89.372 0.08707502 2.77615e-08
1790021966.247 89.424 0.08711506 1.53092e-08
1790021966.257 89.475 0.08718303 1.89883e-08
1790021966.267 89.527 0.08722215 2.91765e-08
1790021966.277 89.579 0.08725660 1.21961e-08
1790021966.287 89.631 0.08730222 2.74785e-08
1790021966.297 89.682 0.08736554 1.72902e-08
1790021966.307 89.734 0.08740092 2.09693e-08
1790021966.317 89.785 0.08745400 2.86105e-08
1790021966.327 89.837 0.08748938 1.27621e-08
1790021966.337 89.888 0.08753873 2.83275e-08
1790021966.347 89.940 0.08759273 1.81392e-08
1790021966.357 89.991 0.08766164 2.29504e-08
1790021966.367 90.043 0.08771751 3.25726e-08
1790021966.377 90.094 0.08775475 1.30451e-08
1790021966.387 90.146 0.08777058 3.05915e-08
1790021966.397 90.197 0.08783669 1.92713e-08
1790021966.407 90.248 0.08788511 2.35164e-08
1790021966.417 90.299 0.08793632 3.08745e-08
1790021966.427 90.351 0.08799778 1.30451e-08
1790021966.437 90.402 0.08803037 2.88935e-08
1790021966.447 90.453 0.08807227 1.55922e-08
1790021966.457 90.504 0.08813279 2.06863e-08
1790021966.467 90.555 0.08820729 2.86105e-08
1790021966.477 90.607 0.08826781 1.19131e-08
1790021966.487 90.658 0.08827712 2.97425e-08
1790021966.497 90.709 0.08835347 1.87053e-08
1790021966.507 90.760 0.08838327 2.57804e-08
1790021966.517 90.811 0.08841865 3.48366e-08
1790021966.527 90.862 0.08847359 1.95543e-08
1790021966.537 90.913 0.08854156 4.10628e-08
1790021966.547 90.963 0.08857601 3.22896e-08
1790021966.557 91.014 0.08860674 4.04968e-08
1790021966.567 91.065 0.08867006 5.21001e-08
1790021966.577 91.116 0.08874455 3.90817e-08
1790021966.587 91.167 0.08879204 5.80432e-08
1790021966.597 91.218 0.08883021 4.75720e-08
1790021966.607 91.268 0.08887118 5.69112e-08
1790021966.617 91.319 0.08891867 6.17223e-08
1790021966.627 91.370 0.08894753 4.44589e-08
1790021966.637 91.420 0.08901644 6.00243e-08
1790021966.647 91.471 0.08907045 4.61569e-08
1790021966.657 91.522 0.08910117 4.92700e-08
1790021966.667 91.572 0.08914400 5.01190e-08
1790021966.677 91.623 0.08919615 3.05915e-08
1790021966.687 91.673 0.08923991 4.33268e-08
1790021966.697 91.724 0.08932558 2.66294e-08
1790021966.707 91.774 0.08935723 3.00255e-08
1790021966.717 91.825 0.08938703 3.37046e-08
1790021966.727 91.875 0.08944290 1.36111e-08
1790021966.737 91.925 0.08947456 3.17236e-08
1790021966.747 91.976 0.08953229 1.72902e-08
1790021966.757 92.026 0.08957791 2.35164e-08
1790021966.767 92.076 0.08963378 3.00255e-08
1790021966.777 92.126 0.08969896 1.38941e-08
1790021966.787 92.177 0.08974459 3.51197e-08
1790021966.797 92.227 0.08979207 2.49314e-08
1790021966.807 92.277 0.08981721 3.42706e-08
1790021966.817 92.327 0.08984794 4.30439e-08
1790021966.827 92.377 0.08992988 3.39876e-08
1790021966.837 92.427 0.08996992 6.00243e-08
1790021966.847 92.478 0.09001555 5.40811e-08
1790021966.857 92.528 0.09005466 7.44576e-08
1790021966.867 92.578 0.09010866 9.08720e-08
1790021966.877 92.628 0.09014497 9.48341e-08
1790021966.887 92.678 0.09021388 1.42945e-07
1790021966.897 92.727 0.09024088 1.69548e-07
1790021966.907 92.777 0.09028558 2.30111e-07
1790021966.917 92.827 0.09032096 3.10485e-07
1790021966.927 92.877 0.09040011 3.91991e-07
1790021966.937 92.927 0.09045318 5.01798e-07
1790021966.947 92.977 0.09048297 6.00284e-07
1790021966.957 93.027 0.09053605 7.58485e-07
1790021966.967 93.076 0.09058354 9.50930e-07
1790021966.977 93.126 0.09062265 1.14083e-06
1790021966.987 93.176 0.09065617 1.40685e-06
1790021966.997 93.225 0.09072321 1.58826e-06
1790021967.007 93.275 0.09076697 1.87636e-06
1790021967.017 93.325 0.09081446 2.19333e-06
1790021967.027 93.374 0.09088616 2.47039e-06
1790021967.037 93.424 0.09090757 2.75114e-06
1790021967.047 93.473 0.09093457 2.99877e-06
1790021967.057 93.523 0.09099138 3.22121e-06
1790021967.067 93.572 0.09106401 3.38705e-06
1790021967.077 93.622 0.09111149 3.50931e-06
1790021967.087 93.671 0.09116922 3.50026e-06
1790021967.097 93.721 0.09118598 3.41083e-06
1790021967.107 93.770 0.09123254 3.25602e-06
1790021967.117 93.819 0.09129306 3.08622e-06
1790021967.127 93.869 0.09133962 2.82444e-06
1790021967.137 93.918 0.09138152 2.57964e-06
1790021967.147 93.967 0.09141970 2.28163e-06
1790021967.157 94.016 0.09150071 1.97202e-06
1790021967.166 94.066 0.09155750 1.66863e-06
1790021967.176 94.115 0.09156775 1.39497e-06
1790021967.186 94.164 0.09161896 1.13941e-06
1790021967.196 94.213 0.09168972 9.39893e-07
1790021967.206 94.262 0.09170928 7.48014e-07
1790021967.216 94.311 0.09175863 6.15567e-07
1790021967.226 94.361 0.09180891 5.05194e-07
1790021967.236 94.410 0.09183871 4.45197e-07
1790021967.246 94.459 0.09190109 3.46993e-07
1790021967.256 94.508 0.09194393 2.89826e-07
1790021967.266 94.557 0.09197559 2.53318e-07
1790021967.276 94.605 0.09202866 2.07754e-07
1790021967.286 94.654 0.09204822 1.92188e-07
1790021967.296 94.703 0.09210129 1.52285e-07
1790021967.306 94.752 0.09216833 1.41813e-07
1790021967.316 94.801 0.09222513 1.33040e-07
1790021967.326 94.850 0.09224282 1.07569e-07
1790021967.336 94.899 0.09231079 1.11814e-07
1790021967.346 94.947 0.09235455 8.12498e-08
1790021967.356 94.996 0.09239460 7.92687e-08
1790021967.366 95.045 0.09243277 7.24766e-08
1790021967.376 95.094 0.09250726 5.46471e-08
1790021967.386 95.142 0.09254916 6.22883e-08
1790021967.396 95.191 0.09259758 3.68177e-08
1790021967.406 95.239 0.09262086 4.33268e-08
1790021967.416 95.288 0.09267673 3.82327e-08
1790021967.426 95.337 0.09274098 2.15353e-08
1790021967.436 95.385 0.09277915 3.73837e-08
1790021967.446 95.434 0.09279312 1.81392e-08
1790021967.456 95.482 0.09282944 2.35164e-08
1790021967.466 95.531 0.09288065 2.18183e-08
1790021967.476 95.579 0.09295700 8.23400e-09
1790021967.486 95.628 0.09299518 2.32334e-08
1790021967.496 95.676 0.09306129 4.55491e-09
1790021967.506 95.724 0.09311343 8.80001e-09
1790021967.516 95.773 0.09315068 8.80001e-09
1790021967.526 95.821 0.09317954 -7.04838e-09
1790021967.536 95.869 0.09323541 5.96994e-09
1790021967.546 95.918 0.09328848 -1.44066e-08
1790021967.556 95.966 0.09333690 -1.01615e-08
1790021967.566 96.014 0.09339929 -1.55386e-08
1790021967.576 96.062 0.09342350 -3.02549e-08
1790021967.586 96.110 0.09344678 -1.80857e-08
1790021967.596 96.159 0.09347192 -4.12922e-08
1790021967.606 96.207 0.09354641 -3.81791e-08
1790021967.616 96.255 0.09357435 -4.41222e-08
1790021967.626 96.303 0.09361438 -6.08196e-08
1790021967.636 96.351 0.09367025 -4.92163e-08
1790021967.646 96.399 0.09373450 -7.49699e-08
1790021967.656 96.447 0.09378012 -6.98758e-08
1790021967.666 96.495 0.09382296 -7.61019e-08
1790021967.676 96.543 0.09386858 -9.42143e-08
1790021967.686 96.591 0.09390303 -7.92150e-08
1790021967.696 96.639 0.09394214 -1.00158e-07
1790021967.706 96.687 0.09400359 -9.25163e-08
1790021967.716 96.734 0.09404550 -9.16673e-08
1790021967.726 96.782 0.09410695 -1.06384e-07
1790021967.736 96.830 0.09413396 -8.17621e-08
1790021967.746 96.878 0.09417679 -9.56294e-08
1790021967.756 96.926 0.09424755 -7.44039e-08
1790021967.766 96.973 0.09430063 -6.70457e-08
1790021967.776 97.021 0.09432297 -6.33667e-08
1790021967.786 97.069 0.09435929 -3.76131e-08
1790021967.796 97.117 0.09441516 -4.44052e-08
1790021967.806 97.164 0.09445240 -2.17647e-08
1790021967.816 97.212 0.09449710 -1.41236e-08
1790021967.826 97.259 0.09457531 -1.44066e-08
1790021967.836 97.307 0.09460325 1.30451e-08
1790021967.846 97.355 0.09464608 8.75817e-10
1790021967.856 97.402 0.09470474 1.58752e-08
1790021967.866 97.450 0.09473267 1.84222e-08
1790021967.876 97.497 0.09475968 1.10641e-08
1790021967.886 97.545 0.09480903 2.74785e-08
1790021967.896 97.592 0.09486210 1.21961e-08
1790021967.906 97.639 0.09492449 2.06863e-08
1790021967.916 97.687 0.09496546 1.84222e-08
1790021967.926 97.734 0.09501947 1.02150e-08
1790021967.936 97.782 0.09506416 2.63464e-08
1790021967.946 97.829 0.09508837 8.80001e-09
1790021967.956 97.876 0.09514424 1.81392e-08
1790021967.966 97.924 0.09519545 1.72902e-08
1790021967.976 97.971 0.09521779 9.93204e-09
1790021967.986 98.018 0.09526715 2.54974e-08
1790021967.996 98.065 0.09530998 9.93204e-09
1790021968.006 98.112 0.09537516 1.84222e-08
1790021968.016 98.160 0.09540681 1.72902e-08
1790021968.026 98.207 0.09545989 9.36602e-09
1790021968.036 98.254 0.09550179 2.54974e-08
1790021968.046 98.301 0.09555579 1.04981e-08
1790021968.056 98.348 0.09561073 2.32334e-08
1790021968.066 98.395 0.09563122 3.28556e-08
1790021968.076 98.442 0.09567870 3.93648e-08
1790021968.086 98.489 0.09571316 8.20988e-08
1790021968.096 98.536 0.09576251 9.82302e-08
1790021968.106 98.583 0.09581000 1.50870e-07
1790021968.116 98.630 0.09588169 2.30677e-07
1790021968.126 98.677 0.09589752 3.25485e-07
1790021968.136 98.724 0.09593570 4.47461e-07
1790021968.146 98.771 0.09598877 5.68305e-07
1790021968.156 98.818 0.09603719 7.43203e-07
1790021968.166 98.864 0.09609027 9.35082e-07
1790021968.176 98.911 0.09611354 1.15300e-06
1790021968.186 98.958 0.09615172 1.47393e-06
1790021968.196 99.005 0.09618152 1.70571e-06
1790021968.206 99.052 0.09622528 2.07786e-06
1790021968.216 99.098 0.09630536 2.48454e-06
1790021968.226 99.145 0.09635937 3.05565e-06
1790021968.236 99.192 0.09640685 3.86590e-06
1790021968.246 99.238 0.09641523 5.22405e-06
1790021968.256 99.285 0.09647390 6.23127e-06
1790021968.266 99.332 0.09652697 8.27656e-06
1790021968.276 99.378 0.09656887 1.21739e-05
1790021968.286 99.425 0.09660332 1.55510e-05
1790021968.296 99.471 0.09664708 2.01082e-05
1790021968.306 99.518 0.09670109 2.02659e-05
1790021968.316 99.564 0.09675696 3.57161e-05
1790021968.326 99.611 0.09677279 4.30069e-05
1790021968.336 99.657 0.09680724 5.00427e-05
1790021968.346 99.704 0.09686683 6.28426e-05
1790021968.356 99.750 0.09693388 6.87469e-05
1790021968.366 99.797 0.09696553 7.81617e-05
1790021968.376 99.843 0.09701489 8.83559e-05
1790021968.386 99.889 0.09705958 9.60911e-05
1790021968.396 99.936 0.09709961 1.04465e-04
1790021968.406 99.982 0.09714245 1.11761e-04
1790021968.416 100.028 0.09717969 1.18546e-04
1790021968.426 100.074 0.09720111 1.28732e-04
1790021968.436 100.121 0.09723836 1.26240e-04
1790021968.446 100.167 0.09729515 1.26443e-04
1790021968.456 100.213 0.09736034 1.26268e-04
1790021968.466 100.259 0.09739385 1.23864e-04
1790021968.476 100.305 0.09741341 1.19989e-04
1790021968.486 100.352 0.09746649 1.26412e-04
1790021968.496 100.398 0.09753445 1.08847e-04
1790021968.506 100.444 0.09757077 1.11070e-04
1790021968.516 100.490 0.09759126 9.63933e-05
1790021968.526 100.536 0.09766947 8.88967e-05
1790021968.536 100.582 0.09772534 8.10252e-05
1790021968.546 100.628 0.09774582 7.15416e-05
1790021968.556 100.674 0.09777935 6.44653e-05
1790021968.566 100.720 0.09781566 5.70941e-05
1790021968.576 100.766 0.09787897 4.98899e-05
1790021968.586 100.812 0.09792088 4.41194e-05
1790021968.596 100.858 0.09796557 3.83712e-05
1790021968.606 100.904 0.09802051 3.14025e-05
1790021968.616 100.949 0.09805496 2.81321e-05
1790021968.626 100.995 0.09810711 2.40044e-05
1790021968.636 101.041 0.09815273 1.85650e-05
1790021968.646 101.087 0.09818625 1.65590e-05
1790021968.656 101.133 0.09821884 1.45709e-05
1790021968.666 101.178 0.09825050 1.23677e-05
1790021968.676 101.224 0.09830916 9.00531e-06
1790021968.686 101.270 0.09835386 7.48839e-06
1790021968.696 101.316 0.09840786 7.22632e-06
1790021968.706 101.361 0.09845628 5.29537e-06
1790021968.716 101.407 0.09849818 4.47635e-06
1790021968.726 101.453 0.09854008 4.12882e-06
1790021968.736 101.498 0.09856057 3.28093e-06
1790021968.746 101.544 0.09863412 3.01235e-06
1790021968.756 101.589 0.09868348 2.64671e-06
1790021968.766 101.635 0.09870210 2.39228e-06
1790021968.776 101.681 0.09873189 2.04051e-06
1790021968.786 101.726 0.09879335 1.87183e-06
1790021968.796 101.772 0.09883339 1.75778e-06
1790021968.806 101.817 0.09886132 1.62335e-06
1790021968.816 101.862 0.09892930 1.46487e-06
1790021968.826 101.908 0.09896002 1.34006e-06
1790021968.836 101.953 0.09899820 1.28488e-06
1790021968.846 101.999 0.09904103 1.22432e-06
1790021968.856 102.044 0.09905965 1.11168e-06
1790021968.866 102.089 0.09910528 1.05225e-06
1790021968.876 102.135 0.09915370 9.82910e-07
1790021968.886 102.180 0.09919932 9.00838e-07
1790021968.896 102.225 0.09924123 8.44236e-07
1790021968.906 102.271 0.09928126 7.90182e-07
1790021968.916 102.316 0.09932037 7.44618e-07
1790021968.926 102.361 0.09938741 6.86601e-07
1790021968.935 102.406 0.09943490 6.61414e-07
1790021968.945 102.452 0.09947960 6.21510e-07
1790021968.955 102.497 0.09952988 6.43301e-07
1790021968.965 102.542 0.09957643 5.59248e-07
1790021968.975 102.587 0.09959413 5.21042e-07
1790021968.985 102.632 0.09963230 5.23307e-07
1790021968.995 102.677 0.09967793 4.71516e-07
1790021969.005 102.722 0.09971331 4.53970e-07
1790021969.015 102.767 0.09974777 4.69818e-07
1790021969.025 102.812 0.09979618 4.08689e-07
1790021969.035 102.857 0.09985019 4.12651e-07
1790021969.045 102.902 0.09990233 3.97085e-07
1790021969.055 102.947 0.09994144 3.81520e-07
1790021969.065 102.992 0.09997216 3.51238e-07
1790021969.075 103.037 0.10000197 3.33126e-07
1790021969.085 103.082 0.10005690 3.51238e-07
1790021969.095 103.127 0.10010718 2.98882e-07
1790021969.105 103.172 0.10017887 2.98316e-07
1790021969.115 103.217 0.10022265 2.74544e-07
1790021969.125 103.262 0.10025430 2.56148e-07
1790021969.135 103.306 0.10027851 2.55582e-07
1790021969.145 103.351 0.10031669 2.19074e-07
1790021969.155 103.396 0.10037441 2.23602e-07
1790021969.165 103.441 0.10041167 1.97849e-07
1790021969.175 103.486 0.10045822 1.80302e-07
1790021969.185 103.530 0.10050943 1.82849e-07
1790021969.195 103.575 0.10055785 1.49171e-07
1790021969.205 103.620 0.10057647 1.58511e-07
1790021969.215 103.664 0.10061744 1.45775e-07
1790021969.225 103.709 0.10066121 1.30210e-07
1790021969.235 103.754 0.10071894 1.37568e-07
1790021969.245 103.798 0.10076084 1.05588e-07
1790021969.255 103.843 0.10079529 1.21720e-07
1790021969.265 103.887 0.10081763 1.12098e-07
1790021969.275 103.932 0.10085489 1.13513e-07
1790021969.285 103.976 0.10091168 1.14645e-07
1790021969.295 104.021 0.10096010 9.48341e-08
1790021969.305 104.065 0.10102435 1.14645e-07
1790021969.315 104.110 0.10107276 1.02475e-07
1790021969.325 104.154 0.10109046 9.93622e-08
1790021969.335 104.199 0.10111933 1.18041e-07
1790021969.345 104.243 0.10115005 9.20040e-08
1790021969.355 104.288 0.10119847 1.10966e-07
1790021969.365 104.332 0.10126178 9.48341e-08
1790021969.375 104.376 0.10131487 8.74759e-08
1790021969.385 104.421 0.10130928 1.10966e-07
1790021969.395 104.465 0.10134280 7.75707e-08
1790021969.405 104.509 0.10141449 9.59661e-08
1790021969.415 104.554 0.10147222 8.23818e-08
1790021969.425 104.598 0.10151972 6.42694e-08
1790021969.435 104.642 0.10154020 8.63439e-08
1790021969.445 104.686 0.10157279 6.20053e-08
1790021969.455 104.731 0.10162586 8.04008e-08
1790021969.465 104.775 0.10163983 6.51184e-08
1790021969.475 104.819 0.10171618 6.08733e-08
1790021969.485 104.863 0.10178323 3.98889e-09
1790021969.495 104.907 0.10184002 2.91765e-08
1790021969.505 104.951 0.10184282 6.54014e-08
1790021969.515 104.995 0.10187168 5.52131e-08
1790021969.525 105.039 0.10191172 4.64399e-08
1790021969.535 105.084 0.10199273 6.28543e-08
1790021969.545 105.128 0.10202904 4.30439e-08
1790021969.555 105.172 0.10206722 6.20053e-08
1790021969.565 105.216 0.10209515 4.72889e-08
1790021969.575 105.260 0.10211470 4.98360e-08
1790021969.585 105.304 0.10216126 7.07785e-08
1790021969.595 105.348 0.10222924 4.10628e-08
1790021969.605 105.391 0.10227114 7.55896e-08
1790021969.615 105.435 0.10230931 6.87975e-08
1790021969.625 105.479 0.10235028 8.01177e-08
1790021969.635 105.523 0.10240521 1.02192e-07
1790021969.645 105.567 0.10245737 8.74759e-08
1790021969.655 105.611 0.10248995 1.15211e-07
1790021969.665 105.655 0.10253651 1.12381e-07
1790021969.675 105.698 0.10256723 1.24550e-07
1790021969.685 105.742 0.10258958 1.46341e-07
1790021969.695 105.786 0.10265477 1.45492e-07
1790021969.705 105.830 0.10268642 1.72378e-07
1790021969.715 105.874 0.10271529 1.78604e-07
1790021969.725 105.917 0.10275626 1.91623e-07
1790021969.735 105.961 0.10281585 2.13131e-07
1790021969.745 106.005 0.10286707 2.10301e-07
1790021969.755 106.048 0.10289593 2.28696e-07
1790021969.765 106.092 0.10296297 2.34923e-07
1790021969.775 106.136 0.10297787 2.42281e-07
1790021969.785 106.179 0.10298625 2.60676e-07
1790021969.795 106.223 0.10302256 2.46809e-07
1790021969.805 106.266 0.10306726 2.68317e-07
1790021969.815 106.310 0.10310637 2.60393e-07
1790021969.825 106.353 0.10316968 2.57846e-07
1790021969.835 106.397 0.10322182 2.57846e-07
1790021969.845 106.440 0.10323672 2.37187e-07
1790021969.855 106.484 0.10329165 2.49922e-07
1790021969.865 106.527 0.10336988 2.32942e-07
1790021969.875 106.571 0.10341084 2.27847e-07
1790021969.885 106.614 0.10342574 2.26998e-07
1790021969.895 106.658 0.10347695 2.02094e-07
1790021969.905 106.701 0.10351421 2.07754e-07
1790021969.915 106.744 0.10357007 1.84830e-07
1790021969.925 106.788 0.10359335 1.83415e-07
1790021969.935 106.831 0.10362594 1.77755e-07
1790021969.945 106.874 0.10367622 1.47473e-07
1790021969.955 106.918 0.10370973 1.63605e-07
1790021969.965 106.961 0.10374513 1.46341e-07
1790021969.975 107.004 0.10379168 1.44643e-07
1790021969.985 107.048 0.10381775 1.44643e-07
1790021969.995 107.091 0.10387455 1.21154e-07
1790021970.005 107.134 0.10391272 1.30776e-07
1790021970.015 107.177 0.10395743 1.13230e-07
1790021970.025 107.220 0.10399560 1.08135e-07
1790021970.035 107.264 0.10403936 1.10682e-07
1790021970.045 107.307 0.10405705 8.57779e-08
1790021970.055 107.350 0.10413247 9.96452e-08
1790021970.065 107.393 0.10418928 7.95517e-08
1790021970.075 107.436 0.10421535 7.64387e-08
1790021970.085 107.479 0.10424142 7.58726e-08
1790021970.095 107.522 0.10428611 5.29491e-08
1790021970.105 107.565 0.10431870 6.05903e-08
1790021970.115 107.608 0.10435036 5.15340e-08
1790021970.125 107.651 0.10439227 3.90817e-08
1790021970.135 107.694 0.10444161 4.58739e-08
1790021970.145 107.737 0.10447420 2.40824e-08
1790021970.155 107.780 0.10450586 3.96478e-08
1790021970.165 107.823 0.10454590 2.37994e-08
1790021970.175 107.866 0.10458966 2.29504e-08
1790021970.185 107.909 0.10464181 3.14406e-08
1790021970.195 107.952 0.10468929 1.02150e-08
1790021970.205 107.995 0.10471630 2.69125e-08
1790021970.215 108.038 0.10477123 1.50262e-08
1790021970.225 108.080 0.10481406 1.61582e-08
1790021970.235 108.123 0.10484666 2.43654e-08
1790021970.245 108.166 0.10487180 7.10197e-09
1790021970.255 108.209 0.10494442 2.40824e-08
1790021970.265 108.252 0.10499191 1.30451e-08
1790021970.275 108.294 0.10502543 1.33281e-08
1790021970.285 108.337 0.10506546 2.32334e-08
1790021970.295 108.380 0.10510179 6.25295e-09
1790021970.305 108.422 0.10513903 2.29504e-08
1790021970.315 108.465 0.10518838 1.36111e-08
1790021970.325 108.508 0.10521631 1.30451e-08
1790021970.335 108.550 0.10524890 1.95543e-08
1790021970.345 108.593 0.10529733 4.55491e-09
1790021970.355 108.636 0.10534854 2.06863e-08
1790021970.365 108.678 0.10536716 1.21961e-08
1790021970.375 108.721 0.10540720 1.27621e-08
1790021970.385 108.763 0.10545189 1.98373e-08
1790021970.395 108.806 0.10548820 5.40393e-09
1790021970.405 108.849 0.10553104 2.23843e-08
1790021970.415 108.891 0.10556922 1.24791e-08
1790021970.425 108.934 0.10560367 1.33281e-08
1790021970.435 108.976 0.10566046 2.04033e-08
1790021970.445 109.019 0.10570889 5.40393e-09
1790021970.455 109.061 0.10572658 2.18183e-08
1790021970.465 109.103 0.10578151 1.33281e-08
1790021970.475 109.146 0.10583366 1.24791e-08
1790021970.485 109.188 0.10586066 2.01203e-08
1790021970.495 109.231 0.10592119 5.68693e-09
1790021970.505 109.273 0.10595005 2.15353e-08
1790021970.515 109.315 0.10595936 1.27621e-08
1790021970.525 109.358 0.10600778 1.36111e-08
1790021970.535 109.400 0.10605154 2.09693e-08
1790021970.545 109.442 0.10608506 6.81896e-09
1790021970.555 109.485 0.10614094 2.29504e-08
1790021970.565 109.527 0.10617166 1.33281e-08
1790021970.575 109.569 0.10622194 1.41771e-08
1790021970.585 109.611 0.10627036 2.32334e-08
1790021970.595 109.654 0.10631133 5.40393e-09
1790021970.605 109.696 0.10635043 2.43654e-08
1790021970.615 109.738 0.10638769 1.33281e-08
1790021970.625 109.780 0.10643983 1.36111e-08
1790021970.635 109.822 0.10644821 2.15353e-08
1790021970.645 109.865 0.10649383 5.40393e-09
1790021970.655 109.907 0.10654318 2.29504e-08
1790021970.665 109.949 0.10659159 1.33281e-08
1790021970.675 109.991 0.10663350 1.33281e-08
1790021970.685 110.033 0.10664095 2.21013e-08
