1760485661.661 33.800 0.03270795 4.97763e-08
1760485661.710 33.935 0.03271354 4.98325e-08
1760485661.760 34.070 0.03269771 4.95394e-08
1760485661.811 34.204 0.03272285 4.99516e-08
1760485661.862 34.337 0.03279269 1.28084e-08
1760485661.929 34.470 0.03294819 1.03163e-08
1760485661.978 34.602 0.03309717 4.58510e-09
1760485661.984 34.734 0.03313535 1.25187e-08
1760485661.992 34.866 0.03313535 5.10708e-08
1760485662.040 34.997 0.03324615 5.08583e-08
1760485662.045 35.127 0.03324894 -3.64870e-09
1760485662.093 35.257 0.03337185 5.39933e-08
1760485662.146 35.386 0.03356180 1.82719e-07
1760485662.153 35.515 0.03358229 3.33216e-07
1760485662.163 35.644 0.03358229 4.71560e-07
1760485662.215 35.772 0.03381880 1.19922e-05
1760485662.222 35.899 0.03381880 1.53317e-05
1760485662.232 36.026 0.03384953 1.73111e-05
1760485662.242 36.153 0.03391191 1.98928e-05
1760485662.252 36.279 0.03396592 1.82446e-05
1760485662.262 36.405 0.03398640 1.50253e-05
1760485662.272 36.530 0.03402458 1.01841e-05
1760485662.282 36.655 0.03410093 4.86535e-06
1760485662.292 36.780 0.03414190 1.74850e-06
1760485662.302 36.904 0.03419218 5.69336e-07
1760485662.312 37.028 0.03420987 3.25438e-07
1760485662.322 37.151 0.03425271 1.42979e-07
1760485662.332 37.274 0.03430764 7.89748e-08
1760485662.342 37.396 0.03435327 8.24864e-08
1760485662.390 37.518 0.03464471 5.75332e-08
1760485662.397 37.640 0.03471082 -9.00360e-09
1760485662.445 37.761 0.03513449 3.29354e-08
1760485662.452 37.882 0.03513449 1.22394e-08
1760485662.462 38.002 0.03525647 5.62299e-08
1760485662.511 38.123 0.03576580 7.05363e-08
1760485662.517 38.242 0.03587660 2.12587e-08
1760485662.523 38.362 0.03595575 7.80651e-08
1760485662.532 38.481 0.03595575 2.78159e-08
1760485662.542 38.599 0.03604887 7.99484e-08
1760485662.608 38.718 0.03651257 4.90798e-08
1760485662.614 38.835 0.03654702 -6.22340e-09
1760485662.662 38.953 0.03674163 3.12402e-08
1760485662.713 39.070 0.03689806 1.78509e-08
1760485662.800 39.187 0.03713084 1.25301e-08
1760485662.807 39.303 0.03719230 5.70646e-08
1760485662.813 39.420 0.03723606 -7.06200e-09
1760485662.864 39.535 0.03734500 -8.15590e-09
1760485662.914 39.651 0.03744836 -8.22080e-09
1760485662.964 39.766 0.03753216 -8.46700e-09
1760485663.014 39.881 0.03767463 -8.44100e-09
1760485663.064 39.995 0.03782268 -8.63020e-09
1760485663.114 40.109 0.03796700 -8.96800e-09
1760485663.164 40.223 0.03807967 -9.80610e-09
1760485663.214 40.337 0.03817185 -1.03345e-08
1760485663.264 40.450 0.03825752 -1.11742e-08
1760485663.338 40.563 0.03838322 4.97485e-08
1760485663.345 40.675 0.03842046 5.23665e-08
1760485663.393 40.787 0.03853034 5.94931e-08
1760485663.443 40.899 0.03859086 6.05155e-08
1760485663.493 41.011 0.03871750 6.26309e-08
1760485663.543 41.122 0.03885065 6.17102e-08
1760485663.594 41.233 0.03895307 6.24623e-08
1760485663.645 41.344 0.03907133 5.94944e-08
1760485663.694 41.454 0.03920820 5.86936e-08
1760485663.744 41.565 0.03927059 5.88783e-08
1760485663.795 41.674 0.03937767 5.89934e-08
1760485663.874 41.784 0.03952293 6.62434e-08
1760485663.881 41.893 0.03952293 -6.87900e-09
1760485663.930 42.002 0.03964491 3.56610e-08
1760485663.980 42.111 0.03970822 3.33519e-08
1760485663.987 42.219 0.03974640 9.05910e-09
1760485663.993 42.327 0.03975106 4.47292e-08
1760485664.041 42.435 0.03986558 6.10106e-08
1760485664.051 42.543 0.03986558 -6.92550e-09
1760485664.061 42.650 0.03991028 6.55710e-08
1760485664.109 42.757 0.04002295 5.01709e-08
1760485664.114 42.864 0.04003878 -1.42619e-08
1760485664.162 42.971 0.04023059 5.32250e-08
1760485664.212 43.077 0.04042799 5.47587e-08
1760485664.262 43.183 0.04070733 5.48131e-08
1760485664.313 43.289 0.04089262 5.48284e-08
1760485664.363 43.394 0.04104533 5.52607e-08
1760485664.434 43.499 0.04116917 9.86500e-10
1760485664.441 43.604 0.04116917 6.82815e-08
1760485664.451 43.709 0.04115707 2.02084e-08
1760485664.461 43.813 0.04118873 7.42975e-08
1760485664.509 43.918 0.04122597 5.18492e-08
1760485664.516 44.022 0.04120735 -1.07057e-08
1760485664.564 44.125 0.04129674 2.62217e-08
1760485664.614 44.229 0.04146900 1.83082e-08
1760485664.682 44.332 0.04176137 -1.29636e-08
1760485664.732 44.435 0.04197088 -1.29644e-08
1760485664.782 44.538 0.04209937 -1.33614e-08
1760485664.833 44.640 0.04217107 -1.30937e-08
1760485664.883 44.743 0.04223067 -1.26683e-08
1760485664.933 44.845 0.04228188 -1.27440e-08
1760485665.005 44.947 0.04236661 1.25183e-08
1760485665.011 45.048 0.04239082 5.26992e-08
1760485665.058 45.149 0.04248021 6.83995e-08
1760485665.065 45.251 0.04249325 3.24860e-09
1760485665.112 45.352 0.04259008 4.92738e-08
1760485665.163 45.452 0.04272510 4.91747e-08
1760485665.213 45.553 0.04287408 4.90772e-08
1760485665.262 45.653 0.04298209 4.88768e-08
1760485665.330 45.753 0.04316553 5.47229e-08
1760485665.381 45.853 0.04331264 4.21262e-08
1760485665.430 45.952 0.04334244 5.30560e-08
1760485665.481 46.052 0.04342345 5.19916e-08
1760485665.545 46.151 0.04351656 6.07834e-08
1760485665.595 46.250 0.04357709 5.66106e-08
1760485665.646 46.349 0.04367299 6.18719e-08
1760485665.713 46.447 0.04379311 5.27287e-08
1760485665.763 46.545 0.04388808 5.23069e-08
1760485665.813 46.644 0.04399144 5.18239e-08
1760485665.864 46.741 0.04405290 5.11829e-08
1760485665.914 46.839 0.04413297 5.16196e-08
1760485665.964 46.937 0.04422422 5.21372e-08
1760485666.014 47.034 0.04428661 5.17009e-08
1760485666.083 47.131 0.04442442 -6.04590e-09
1760485666.133 47.228 0.04453150 -6.41680e-09
1760485666.185 47.325 0.04461251 1.81050e-09
1760485666.191 47.421 0.04461437 6.89110e-08
1760485666.200 47.517 0.04461437 5.61047e-08
1760485666.247 47.614 0.04472890 5.49501e-08
1760485666.298 47.709 0.04477918 5.49917e-08
1760485666.348 47.805 0.04492071 5.53835e-08
1760485666.354 47.901 0.04491326 1.31142e-08
1760485666.361 47.996 0.04494958 5.02339e-08
1760485666.370 48.091 0.04494958 -1.25092e-08
1760485666.380 48.186 0.04497658 7.55884e-08
1760485666.427 48.281 0.04512835 4.95701e-08
1760485666.434 48.376 0.04516188 -1.36001e-08
1760485666.440 48.470 0.04516188 1.55419e-08
1760485666.450 48.564 0.04521868 5.65406e-08
1760485666.515 48.658 0.04545146 4.18770e-08
1760485666.566 48.752 0.04568703 2.96488e-08
1760485666.644 48.846 0.04607252 6.47059e-08
1760485666.650 48.939 0.04610977 -1.19090e-09
1760485666.699 49.033 0.04622896 3.23724e-08
1760485666.749 49.126 0.04630717 3.05788e-08
1760485666.756 49.219 0.04634814 1.13585e-08
1760485666.762 49.311 0.04633883 4.39825e-08
1760485666.811 49.404 0.04635280 5.20498e-08
1760485666.820 49.497 0.04635280 -1.43782e-08
1760485666.830 49.589 0.04639284 6.88037e-08
1760485666.879 49.681 0.04643381 4.66986e-08
1760485666.929 49.773 0.04655020 4.83040e-08
1760485666.979 49.865 0.04673829 4.73291e-08
1760485667.029 49.956 0.04693941 4.73637e-08
1760485667.079 50.048 0.04716009 4.68725e-08
1760485667.129 50.139 0.04726345 4.68434e-08
1760485667.203 50.230 0.04737611 7.68400e-09
1760485667.209 50.321 0.04737611 6.83833e-08
1760485667.219 50.412 0.04736680 5.17542e-08
1760485667.267 50.502 0.04739474 -2.22670e-09
1760485667.317 50.593 0.04746923 -3.21220e-09
1760485667.367 50.683 0.04758655 4.77130e-09
1760485667.374 50.773 0.04760703 3.22579e-08
1760485667.379 50.863 0.04760703 9.29054e-08
1760485667.389 50.953 0.04761821 4.92452e-08
1760485667.399 51.042 0.04763962 1.54575e-07
1760485667.409 51.132 0.04769456 2.91472e-07
1760485667.419 51.221 0.04771411 2.83054e-07
1760485667.429 51.310 0.04774577 6.37110e-07
1760485667.439 51.399 0.04775602 7.91004e-07
1760485667.449 51.488 0.04778302 1.12129e-06
1760485667.459 51.577 0.04780909 1.47407e-06
1760485667.469 51.666 0.04783051 2.88627e-06
1760485667.480 51.754 0.04792176 4.73339e-06
1760485667.489 51.842 0.04792176 5.35986e-06
1760485667.499 51.930 0.04794876 8.18010e-06
1760485667.509 52.018 0.04798973 1.17366e-05
1760485667.519 52.106 0.04803349 1.39291e-05
1760485667.529 52.194 0.04806050 1.70655e-05
1760485667.539 52.281 0.04812009 1.89001e-05
1760485667.549 52.369 0.04814989 1.86430e-05
1760485667.559 52.456 0.04820948 1.73795e-05
1760485667.569 52.543 0.04826348 1.35843e-05
1760485667.579 52.630 0.04831470 9.13073e-06
1760485667.589 52.717 0.04837988 5.75838e-06
1760485667.599 52.803 0.04845623 2.90758e-06
1760485667.609 52.890 0.04854096 1.90631e-06
1760485667.619 52.976 0.04862290 9.40397e-07
1760485667.629 53.062 0.04873091 5.53091e-07
1760485667.639 53.148 0.04880820 1.81844e-07
1760485667.649 53.234 0.04891993 8.87844e-08
1760485667.659 53.320 0.04902329 2.96558e-08
1760485667.669 53.406 0.04910337 5.87117e-08
1760485667.742 53.491 0.04990228 4.42151e-08
1760485667.749 53.577 0.04990228 5.38153e-08
1760485667.797 53.662 0.05036040 6.06258e-08
1760485667.847 53.747 0.05063043 6.03590e-08
1760485667.915 53.832 0.05080082 5.68382e-08
1760485667.965 53.917 0.05084180 7.29613e-08
1760485668.015 54.002 0.05080548 7.95961e-08
1760485668.021 54.086 0.05082131 5.19579e-08
1760485668.029 54.171 0.05082131 1.06527e-07
1760485668.039 54.255 0.05079803 3.32410e-08
1760485668.049 54.339 0.05080362 1.04382e-07
1760485668.059 54.423 0.05080175 7.34398e-08
1760485668.069 54.507 0.05081666 9.87518e-08
1760485668.079 54.591 0.05079617 7.73938e-08
1760485668.089 54.675 0.05083342 9.89608e-08
1760485668.099 54.758 0.05084552 1.81275e-07
1760485668.109 54.842 0.05085576 1.88006e-07
1760485668.119 54.925 0.05091535 2.33562e-07
1760485668.129 55.008 0.05091256 3.32132e-07
1760485668.139 55.091 0.05092373 4.23960e-07
1760485668.149 55.174 0.05095819 6.45835e-07
1760485668.159 55.257 0.05099729 8.25182e-07
1760485668.169 55.340 0.05102895 1.56333e-06
1760485668.179 55.422 0.05106341 1.90648e-06
1760485668.189 55.505 0.05112020 4.00453e-06
1760485668.199 55.587 0.05116863 5.96478e-06
1760485668.209 55.669 0.05122170 1.21795e-05
1760485668.219 55.751 0.05127105 2.00257e-05
1760485668.229 55.833 0.05136323 4.13816e-05
1760485668.239 55.915 0.05140886 5.08159e-05
1760485668.249 55.997 0.05146938 6.71406e-05
1760485668.297 56.078 0.05187908 5.22420e-05
1760485668.305 56.160 0.05198057 4.51672e-06
1760485668.311 56.241 0.05205972 4.97118e-06
1760485668.319 56.322 0.05205972 6.13379e-06
1760485668.329 56.403 0.05214445 8.02689e-06
1760485668.339 56.484 0.05226271 8.38314e-06
1760485668.349 56.565 0.05236513 7.17364e-06
1760485668.359 56.646 0.05246662 4.70815e-06
1760485668.369 56.727 0.05255787 6.71708e-07
1760485668.379 56.807 0.05262399 4.10140e-07
1760485668.389 56.888 0.05269103 2.03266e-07
1760485668.399 56.968 0.05280742 2.97286e-07
1760485668.409 57.048 0.05287446 5.13382e-07
1760485668.419 57.128 0.05293406 9.44324e-07
1760485668.429 57.208 0.05297968 6.32802e-07
1760485668.439 57.288 0.05307093 8.65942e-07
1760485668.449 57.368 0.05313704 8.68400e-07
1760485668.459 57.447 0.05319198 4.43160e-07
1760485668.469 57.527 0.05326740 1.23672e-07
1760485668.479 57.606 0.05330744 7.36338e-08
1760485668.489 57.686 0.05335865 3.73286e-08
1760485668.499 57.765 0.05341266 8.59896e-08
1760485668.547 57.844 0.05368455 6.70270e-08
1760485668.553 57.923 0.05374693 3.94721e-08
1760485668.560 58.002 0.05380746 1.31263e-07
1760485668.569 58.080 0.05380746 1.55046e-07
1760485668.579 58.159 0.05385401 1.60064e-07
1760485668.589 58.238 0.05392106 1.67293e-07
1760485668.598 58.316 0.05397879 3.53955e-07
1760485668.608 58.394 0.05403652 3.59811e-07
1760485668.618 58.473 0.05411194 2.94911e-07
1760485668.630 58.551 0.05422460 1.52019e-07
1760485668.639 58.629 0.05431772 5.75032e-08
1760485668.648 58.707 0.05431772 1.00516e-07
1760485668.658 58.785 0.05436893 4.76800e-08
1760485668.668 58.862 0.05443039 8.50053e-08
1760485668.678 58.940 0.05448719 4.08493e-08
1760485668.688 59.017 0.05455981 7.04940e-08
1760485668.698 59.095 0.05463244 1.80928e-07
1760485668.708 59.172 0.05471345 1.82119e-07
1760485668.718 59.249 0.05474883 2.34098e-07
1760485668.731 59.326 0.05489409 2.09649e-07
1760485668.739 59.403 0.05494158 1.65625e-07
1760485668.748 59.480 0.05494158 1.64169e-07
1760485668.758 59.557 0.05500489 1.01649e-07
1760485668.768 59.634 0.05505890 1.15362e-07
1760485668.778 59.710 0.05515295 6.63927e-08
1760485668.788 59.787 0.05520974 9.02203e-08
1760485668.798 59.863 0.05525165 2.04056e-07
1760485668.857 59.940 0.05568463 1.19700e-04
1760485668.863 60.016 0.05575167 1.77439e-04
1760485668.869 60.092 0.05581685 2.09698e-04
1760485668.878 60.168 0.05581685 1.99278e-04
1760485668.888 60.244 0.05590624 1.84270e-04
1760485668.898 60.320 0.05599376 1.38844e-04
1760485668.908 60.396 0.05605801 5.99687e-05
1760485668.918 60.471 0.05614088 1.39870e-05
1760485668.928 60.547 0.05621537 4.45946e-06
1760485668.938 60.622 0.05626379 2.46865e-06
1760485668.948 60.698 0.05631314 1.11267e-06
1760485668.958 60.773 0.05639508 4.09008e-07
1760485668.968 60.848 0.05644816 1.23385e-07
1760485668.978 60.923 0.05650588 6.10948e-08
1760485668.988 60.998 0.05657665 7.15647e-08
1760485668.998 61.073 0.05661855 9.60578e-08
1760485669.008 61.148 0.05664835 4.88018e-08
1760485669.018 61.222 0.05670701 1.46890e-07
1760485669.028 61.297 0.05675915 3.47033e-07
1760485669.038 61.372 0.05680944 6.08706e-07
1760485669.048 61.446 0.05683737 1.13695e-06
1760485669.058 61.520 0.05688765 5.35874e-06
1760485669.068 61.595 0.05694352 7.92382e-06
1760485669.078 61.669 0.05700777 1.33723e-05
1760485669.088 61.743 0.05706457 1.68579e-05
1760485669.098 61.817 0.05709715 2.09130e-05
1760485669.108 61.891 0.05714930 1.78504e-05
1760485669.118 61.965 0.05722286 2.30040e-05
1760485669.128 62.038 0.05727686 2.18922e-05
1760485669.138 62.112 0.05732063 1.41637e-05
1760485669.148 62.186 0.05737091 7.82920e-06
1760485669.158 62.259 0.05746589 2.84501e-06
1760485669.168 62.332 0.05753292 1.22949e-06
1760485669.178 62.406 0.05761207 9.87480e-07
1760485669.188 62.479 0.05768005 1.07613e-06
1760485669.198 62.552 0.05774615 9.06540e-07
1760485669.208 62.625 0.05780947 7.34850e-07
1760485669.218 62.698 0.05789141 8.56389e-07
1760485669.228 62.771 0.05797987 4.18143e-07
1760485669.238 62.844 0.05806088 1.41469e-07
1760485669.248 62.916 0.05814468 1.40029e-07
1760485669.258 62.989 0.05821731 1.16526e-07
1760485669.268 63.062 0.05829925 1.53951e-07
1760485669.278 63.134 0.05835698 3.03151e-07
1760485669.288 63.206 0.05844823 2.99713e-07
1760485669.298 63.279 0.05854600 2.80735e-07
1760485669.308 63.351 0.05861770 1.18435e-07
1760485669.318 63.423 0.05868940 1.08944e-07
1760485669.328 63.495 0.05876482 4.16267e-08
1760485669.338 63.567 0.05885793 9.26944e-08
1760485669.348 63.639 0.05888773 3.46332e-07
1760485669.358 63.711 0.05894359 5.10629e-07
1760485669.388 63.782 0.05924528 1.66887e-06
1760485669.414 63.854 0.05938402 2.39855e-06
1760485669.420 63.926 0.05944268 2.00121e-06
1760485669.428 63.997 0.05944268 1.45791e-06
1760485669.438 64.068 0.05952556 8.36982e-07
1760485669.448 64.140 0.05958608 3.50258e-07
1760485669.458 64.211 0.05963264 2.22936e-07
1760485669.468 64.282 0.05970992 3.69352e-07
1760485669.478 64.353 0.05973971 5.48430e-07
1760485669.488 64.424 0.05980210 8.42359e-07
1760485669.498 64.495 0.05988404 1.14291e-06
1760485669.508 64.566 0.05994084 9.11655e-07
1760485669.518 64.637 0.05998460 1.20417e-06
1760485669.528 64.707 0.06001719 1.08613e-06
1760485669.538 64.778 0.06008517 7.09158e-07
1760485669.548 64.849 0.06013824 4.56813e-07
1760485669.558 64.919 0.06017362 2.25497e-07
1760485669.568 64.989 0.06021180 1.45338e-07
1760485669.578 65.060 0.06026860 1.35458e-07
1760485669.588 65.130 0.06030585 1.64338e-07
1760485669.598 65.200 0.06036357 1.55292e-07
1760485669.608 65.270 0.06043248 7.59762e-08
1760485669.618 65.340 0.06047717 2.74923e-07
1760485669.628 65.410 0.06052001 4.46233e-07
1760485669.638 65.480 0.06057122 1.09943e-06
1760485669.648 65.550 0.06065502 2.09649e-06
1760485669.658 65.619 0.06070623 6.08238e-06
1760485669.668 65.689 0.06076489 1.00723e-05
1760485669.678 65.759 0.06083193 2.64320e-05
1760485669.688 65.828 0.06086825 4.50420e-05
1760485669.698 65.897 0.06095484 6.85821e-05
1760485669.708 65.967 0.06103027 1.09769e-04
1760485669.718 66.036 0.06107962 1.45744e-04
1760485669.728 66.105 0.06114573 1.46748e-04
1760485669.738 66.174 0.06121277 1.36278e-04
1760485669.748 66.243 0.06125467 1.09631e-04
1760485669.758 66.312 0.06132916 7.38743e-05
1760485669.768 66.381 0.06142972 3.26979e-05
1760485669.778 66.450 0.06150329 9.88368e-06
1760485669.788 66.519 0.06157684 4.30701e-06
1760485669.798 66.588 0.06163644 2.04210e-06
1760485669.808 66.656 0.06172024 6.66421e-07
1760485669.818 66.725 0.06176214 3.93988e-07
1760485669.828 66.793 0.06185153 1.32447e-07
1760485669.838 66.862 0.06193719 1.54065e-07
1760485669.848 66.930 0.06198096 1.28977e-07
1760485669.858 66.998 0.06207035 9.26151e-08
1760485669.868 67.066 0.06215135 2.39322e-07
1760485669.878 67.135 0.06219419 3.44468e-07
1760485669.888 67.203 0.06227892 6.93856e-07
1760485669.898 67.271 0.06233479 9.32493e-07
1760485669.908 67.339 0.06239997 9.78380e-07
1760485669.938 67.406 0.06263741 1.17224e-06
1760485669.948 67.474 0.06263741 3.12089e-07
1760485669.958 67.542 0.06272586 2.08381e-07
1760485669.968 67.610 0.06279383 1.80568e-07
1760485669.978 67.677 0.06284133 1.47799e-07
1760485669.988 67.745 0.06291674 1.61772e-07
1760485669.998 67.812 0.06298472 1.23106e-07
1760485670.008 67.879 0.06303220 6.62192e-08
1760485670.018 67.947 0.06308528 2.34592e-07
1760485670.028 68.014 0.06315698 2.59587e-07
1760485670.038 68.081 0.06320074 2.90549e-07
1760485670.048 68.148 0.06325847 2.89322e-07
1760485670.058 68.215 0.06330503 2.27193e-07
1760485670.068 68.282 0.06335903 3.26457e-07
1760485670.078 68.349 0.06340932 3.19443e-07
1760485670.088 68.416 0.06346704 5.09040e-07
1760485670.098 68.483 0.06352012 8.07243e-07
1760485670.108 68.550 0.06357878 1.47023e-06
1760485670.118 68.616 0.06364396 3.83075e-06
1760485670.128 68.683 0.06367655 5.59992e-06
1760485670.138 68.749 0.06372311 8.71173e-06
1760485670.148 68.816 0.06377339 1.27992e-05
1760485670.158 68.882 0.06384509 1.71120e-05
1760485670.168 68.949 0.06389630 1.94986e-05
1760485670.178 69.015 0.06395403 2.03246e-05
1760485670.188 69.081 0.06399965 1.82315e-05
1760485670.198 69.147 0.06403317 1.60268e-05
1760485670.208 69.213 0.06408253 1.24243e-05
1760485670.218 69.279 0.06415050 7.63513e-06
1760485670.228 69.345 0.06422778 4.53465e-06
1760485670.238 69.411 0.06429948 2.29746e-06
1760485670.248 69.477 0.06434790 1.13058e-06
1760485670.258 69.543 0.06440470 6.81658e-07
1760485670.268 69.608 0.06447360 4.77972e-07
1760485670.278 69.674 0.06453040 2.70692e-07
1760485670.288 69.740 0.06460955 2.37515e-07
1760485670.298 69.805 0.06468311 2.42926e-07
1760485670.308 69.871 0.06472408 2.65350e-07
1760485670.318 69.936 0.06479670 3.69922e-07
1760485670.328 70.001 0.06487026 4.75195e-07
1760485670.338 70.067 0.06493265 5.91615e-07
1760485670.348 70.132 0.06500342 7.04166e-07
1760485670.358 70.197 0.06508629 7.93041e-07
1760485670.368 70.262 0.06514495 7.79013e-07
1760485670.378 70.327 0.06520361 2.25165e-07
1760485670.388 70.392 0.06527252 6.38770e-07
1760485670.398 70.457 0.06534421 5.59218e-07
1760485670.407 70.522 0.06539636 3.71717e-07
1760485670.417 70.587 0.06545408 2.87337e-07
1760485670.429 70.651 0.06558444 2.56675e-07
1760485670.437 70.716 0.06558444 2.26474e-07
1760485670.447 70.781 0.06567011 2.01393e-07
1760485670.499 70.845 0.06602581 7.45562e-08
1760485670.508 70.910 0.06602581 3.29233e-08
1760485670.517 70.974 0.06607795 1.11949e-07
1760485670.528 71.039 0.06612078 7.52351e-08
1760485670.538 71.103 0.06619061 1.21470e-07
1760485670.548 71.167 0.06624928 1.03930e-07
1760485670.558 71.231 0.06629863 7.14533e-08
1760485670.567 71.296 0.06637219 1.32356e-07
1760485670.577 71.360 0.06641502 6.68685e-08
1760485670.587 71.424 0.06644760 9.79666e-08
1760485670.597 71.488 0.06651930 5.95790e-08
1760485670.607 71.552 0.06657704 6.09759e-08
1760485670.617 71.615 0.06661707 1.34628e-07
1760485670.627 71.679 0.06666735 9.19054e-08
1760485670.637 71.743 0.06670553 1.58856e-07
1760485670.647 71.807 0.06672043 1.25589e-07
1760485670.657 71.870 0.06677257 1.43733e-07
1760485670.667 71.934 0.06681448 2.04805e-07
1760485670.677 71.997 0.06684893 1.55710e-07
1760485670.687 72.061 0.06689548 1.86197e-07
1760485670.697 72.124 0.06692994 1.57289e-07
1760485670.707 72.188 0.06698301 1.37968e-07
1760485670.717 72.251 0.06701839 1.87872e-07
1760485670.727 72.314 0.06705657 1.17610e-07
1760485670.737 72.377 0.06709474 1.41436e-07
1760485670.747 72.440 0.06715527 8.32308e-08
1760485670.757 72.504 0.06721486 1.01684e-07
1760485670.767 72.567 0.06726049 1.61202e-07
1760485670.777 72.630 0.06731449 1.00721e-07
1760485670.787 72.692 0.06735267 1.47635e-07
1760485670.797 72.755 0.06742623 1.02502e-07
1760485670.807 72.818 0.06749793 1.12771e-07
1760485670.817 72.881 0.06755379 3.14924e-07
1760485670.827 72.944 0.06759663 4.49246e-07
1760485670.837 73.006 0.06764784 1.07235e-06
1760485670.847 73.069 0.06773257 2.05518e-06
1760485670.857 73.131 0.06780334 3.85991e-06
1760485670.867 73.194 0.06786852 5.63282e-06
1760485670.877 73.256 0.06794580 9.18803e-06
1760485670.887 73.319 0.06802402 1.67853e-05
1760485670.897 73.381 0.06806871 3.83911e-05
1760485670.907 73.443 0.06815158 6.23749e-05
1760485670.917 73.505 0.06819814 1.04333e-04
1760485670.927 73.568 0.06827635 1.32354e-04
1760485670.937 73.630 0.06832663 1.44345e-04
1760485670.947 73.692 0.06840857 1.44600e-04
1760485670.957 73.754 0.06848307 1.33134e-04
1760485670.967 73.816 0.06852031 1.07024e-04
1760485670.977 73.878 0.06858270 7.26821e-05
1760485670.987 73.940 0.06865439 4.11010e-05
1760485670.997 74.001 0.06871119 2.10016e-05
1760485671.029 74.063 0.06895701 1.21673e-05
1760485671.055 74.125 0.06908737 3.66295e-07
1760485671.061 74.186 0.06912834 1.88277e-07
1760485671.071 74.248 0.06916186 5.23633e-08
1760485671.077 74.310 0.06916186 5.37152e-08
1760485671.087 74.371 0.06921400 9.71784e-08
1760485671.097 74.432 0.06928570 5.24074e-08
1760485671.107 74.494 0.06935182 5.86719e-08
1760485671.117 74.555 0.06937975 9.25004e-08
1760485671.127 74.617 0.06943375 2.58736e-08
1760485671.137 74.678 0.06947659 6.66575e-08
1760485671.147 74.739 0.06953990 3.77691e-08
1760485671.157 74.800 0.06959670 6.16788e-08
1760485671.167 74.861 0.06963302 8.53077e-08
1760485671.215 74.922 0.06984997 7.22698e-08
1760485671.221 74.983 0.06988163 5.88900e-09
1760485671.227 75.044 0.06988163 3.01999e-08
1760485671.237 75.105 0.06993377 5.91521e-08
1760485671.247 75.166 0.06998405 3.15687e-08
1760485671.257 75.227 0.07000082 5.84416e-08
1760485671.267 75.287 0.07002596 8.08681e-08
1760485671.314 75.348 0.07024570 1.03993e-07
1760485671.320 75.409 0.07031274 3.77896e-08
1760485671.327 75.469 0.07031274 3.74815e-08
1760485671.337 75.530 0.07035744 6.84496e-08
1760485671.347 75.590 0.07040306 2.27040e-08
1760485671.357 75.651 0.07046545 4.21591e-08
1760485671.398 75.711 0.07068706 2.07219e-08
1760485671.407 75.772 0.07068706 1.88059e-08
1760485671.417 75.832 0.07071499 1.87880e-08
1760485671.431 75.892 0.07079973 6.88294e-08
1760485671.437 75.952 0.07079973 4.89112e-08
1760485671.447 76.013 0.07082673 2.44065e-08
1760485671.457 76.073 0.07089005 7.70933e-08
1760485671.467 76.133 0.07094592 9.32647e-08
1760485671.477 76.193 0.07097385 3.68961e-08
1760485671.487 76.253 0.07100551 9.77094e-08
1760485671.497 76.313 0.07104089 7.12276e-08
1760485671.507 76.373 0.07106510 1.15504e-07
1760485671.517 76.432 0.07110607 1.44165e-07
1760485671.527 76.492 0.07114332 8.59519e-08
1760485671.537 76.552 0.07116846 1.31342e-07
1760485671.547 76.612 0.07120849 9.21090e-08
1760485671.577 76.671 0.07135189 1.30445e-07
1760485671.585 76.731 0.07138076 1.32432e-07
1760485671.591 76.790 0.07144128 9.82511e-08
1760485671.597 76.850 0.07144128 1.53949e-07
1760485671.607 76.909 0.07146828 1.25058e-07
1760485671.617 76.969 0.07147387 1.29179e-07
1760485671.627 77.028 0.07151484 6.08945e-08
1760485671.637 77.087 0.07159305 1.08699e-07
1760485671.647 77.147 0.07167034 8.23971e-08
1760485671.657 77.206 0.07169641 1.78328e-07
1760485671.668 77.265 0.07183236 2.42453e-07
1760485671.679 77.324 0.07189754 2.79473e-07
1760485671.687 77.383 0.07189754 2.61329e-07
1760485671.697 77.442 0.07192175 2.25283e-07
1760485671.707 77.501 0.07198227 2.63930e-07
1760485671.717 77.560 0.07211635 2.45397e-07
1760485671.727 77.619 0.07215639 2.59980e-07
1760485671.737 77.678 0.07215639 2.99573e-07
1760485671.747 77.737 0.07220109 2.61510e-07
1760485671.757 77.796 0.07224112 3.30834e-07
1760485671.767 77.855 0.07231469 3.70968e-07
1760485671.777 77.913 0.07238917 3.08293e-07
1760485671.787 77.972 0.07244784 3.39489e-07
1760485671.797 78.031 0.07248694 2.98594e-07
1760485671.807 78.089 0.07255585 3.26544e-07
1760485671.817 78.148 0.07260147 3.21493e-07
1760485671.827 78.206 0.07266293 1.85710e-07
1760485671.837 78.265 0.07274022 1.81740e-07
1760485671.847 78.323 0.07279049 9.62181e-08
1760485671.857 78.381 0.07285195 1.09736e-07
1760485671.867 78.440 0.07290782 9.12735e-08
1760485671.877 78.498 0.07296089 3.94213e-08
1760485671.887 78.556 0.07300745 1.26083e-07
1760485671.897 78.614 0.07305866 1.53096e-07
1760485671.907 78.672 0.07315084 3.24963e-07
1760485671.917 78.730 0.07317319 4.21492e-07
1760485671.927 78.788 0.07321789 7.33751e-07
1760485671.937 78.846 0.07328958 1.06510e-06
1760485671.947 78.904 0.07335569 1.30747e-06
1760485671.957 78.962 0.07340598 1.85577e-06
1760485671.967 79.020 0.07344881 3.60477e-06
1760485671.977 79.078 0.07349909 6.72698e-06
1760485671.987 79.136 0.07356706 1.04335e-05
1760485671.997 79.194 0.07362944 1.48960e-05
1760485672.007 79.251 0.07368159 1.85272e-05
1760485672.017 79.309 0.07370859 2.12448e-05
1760485672.027 79.367 0.07375794 2.25576e-05
1760485672.037 79.424 0.07384547 2.39333e-05
1760485672.047 79.482 0.07388272 2.14631e-05
1760485672.057 79.539 0.07394789 1.95810e-05
1760485672.067 79.597 0.07399352 1.45891e-05
1760485672.077 79.654 0.07406242 1.03824e-05
1760485672.107 79.711 0.07419092 6.67858e-06
1760485672.118 79.769 0.07432593 1.41707e-06
1760485672.127 79.826 0.07432593 1.12034e-06
1760485672.137 79.883 0.07435852 8.16959e-07
1760485672.147 79.940 0.07441253 4.77030e-07
1760485672.157 79.998 0.07446840 2.85977e-07
1760485672.167 80.055 0.07453823 1.79107e-07
1760485672.177 80.112 0.07456524 7.57233e-08
1760485672.187 80.169 0.07463042 7.78926e-08
1760485672.197 80.226 0.07467325 2.73725e-08
1760485672.206 80.283 0.07473564 7.15146e-08
1760485672.216 80.340 0.07478871 5.50963e-08
1760485672.226 80.397 0.07482968 -5.32750e-09
1760485672.236 80.454 0.07488555 6.20470e-08
1760485672.284 80.510 0.07510064 4.17469e-08
1760485672.328 80.567 0.07532690 1.16577e-08
1760485672.342 80.624 0.07538742 1.69630e-09
1760485672.349 80.680 0.07543864 4.88600e-08
1760485672.356 80.737 0.07543864 -2.12541e-08
1760485672.398 80.794 0.07561835 7.96072e-09
1760485672.407 80.850 0.07561835 2.03275e-08
1760485672.417 80.907 0.07565280 -2.70300e-10
1760485672.427 80.963 0.07569284 2.77605e-09
1760485672.436 81.020 0.07570587 1.36753e-08
1760485672.446 81.076 0.07574685 1.96051e-09
1760485672.461 81.132 0.07580178 -8.17240e-09
1760485672.467 81.189 0.07582320 3.62752e-08
1760485672.476 81.245 0.07582320 -1.78439e-08
1760485672.486 81.301 0.07585951 6.79495e-08
1760485672.496 81.358 0.07587907 4.26673e-08
1760485672.506 81.414 0.07590979 1.06115e-07
1760485672.516 81.470 0.07591817 8.72202e-08
1760485672.526 81.526 0.07594890 8.60791e-08
1760485672.536 81.582 0.07596939 1.83815e-07
1760485672.546 81.638 0.07599080 1.65730e-07
1760485672.556 81.694 0.07602246 1.73367e-07
1760485672.566 81.750 0.07605598 2.47195e-07
1760485672.576 81.806 0.07606716 2.25470e-07
1760485672.586 81.862 0.07609695 2.99542e-07
1760485672.596 81.918 0.07614258 2.98388e-07
1760485672.606 81.973 0.07616120 3.00814e-07
1760485672.616 82.029 0.07619751 2.20538e-07
1760485672.664 82.085 0.07646289 2.73456e-07
1760485672.670 82.140 0.07653272 1.82317e-07
1760485672.679 82.196 0.07657183 1.40265e-07
1760485672.686 82.252 0.07657183 1.45212e-07
1760485672.696 82.307 0.07662491 8.88041e-08
1760485672.706 82.363 0.07668450 1.02126e-07
1760485672.716 82.418 0.07674502 4.19008e-08
1760485672.726 82.474 0.07681392 2.15699e-08
1760485672.736 82.529 0.07687724 8.93176e-08
1760485672.746 82.584 0.07692473 3.80295e-08
1760485672.756 82.640 0.07697781 8.01520e-08
1760485672.766 82.695 0.07705137 2.29086e-08
1760485672.776 82.750 0.07711003 8.34370e-09
1760485672.786 82.806 0.07713144 8.01371e-08
1760485672.834 82.861 0.07739495 5.40133e-08
1760485672.884 82.916 0.07756628 5.31256e-08
1760485672.934 82.971 0.07776368 7.66025e-08
1760485672.939 83.026 0.07780465 2.82472e-08
1760485672.946 83.081 0.07780465 6.71082e-08
1760485672.956 83.136 0.07785307 1.34052e-07
1760485672.966 83.191 0.07788473 1.41297e-07
1760485672.976 83.246 0.07788287 2.38690e-07
1760485672.986 83.301 0.07791545 2.86166e-07
1760485672.996 83.356 0.07795922 3.61015e-07
1760485673.006 83.411 0.07795922 8.96362e-07
1760485673.016 83.465 0.07799553 1.35838e-06
1760485673.026 83.520 0.07803278 1.76092e-06
1760485673.036 83.575 0.07801881 2.40976e-06
1760485673.046 83.630 0.07802719 2.77145e-06
1760485673.056 83.684 0.07804116 3.72000e-06
1760485673.066 83.739 0.07806816 4.23660e-06
1760485673.076 83.793 0.07809703 4.44359e-06
1760485673.086 83.848 0.07810448 5.36734e-06
1760485673.096 83.902 0.07812962 5.64501e-06
1760485673.106 83.957 0.07815011 7.04511e-06
1760485673.116 84.011 0.07818269 7.76249e-06
1760485673.126 84.066 0.07822459 9.03560e-06
1760485673.136 84.120 0.07824135 1.27568e-05
1760485673.146 84.174 0.07826743 1.62002e-05
1760485673.156 84.229 0.07828791 2.53116e-05
1760485673.166 84.283 0.07834564 2.98102e-05
1760485673.214 84.337 0.07861381 8.16828e-05
1760485673.221 84.391 0.07865385 1.23901e-04
1760485673.227 84.446 0.07869761 1.32080e-04
1760485673.236 84.500 0.07869761 1.39764e-04
1760485673.246 84.554 0.07876186 1.44886e-04
1760485673.256 84.608 0.07881587 1.53430e-04
1760485673.266 84.662 0.07887732 1.49774e-04
1760485673.276 84.716 0.07894064 1.36173e-04
1760485673.286 84.770 0.07900861 1.16339e-04
1760485673.296 84.824 0.07905796 9.05343e-05
1760485673.306 84.878 0.07911383 5.89974e-05
1760485673.316 84.931 0.07918459 4.28815e-05
1760485673.326 84.985 0.07923953 2.81592e-05
1760485673.336 85.039 0.07927398 1.25042e-05
1760485673.346 85.093 0.07932612 7.69506e-06
1760485673.356 85.146 0.07935871 5.27385e-06
1760485673.366 85.200 0.07940713 3.52818e-06
1760485673.376 85.254 0.07944810 2.14519e-06
1760485673.386 85.307 0.07949280 1.21850e-06
1760485673.396 85.361 0.07955611 7.03030e-07
1760485673.406 85.414 0.07958871 3.81265e-07
1760485673.416 85.468 0.07960640 1.66879e-07
1760485673.426 85.521 0.07965481 4.51993e-08
1760485673.436 85.575 0.07968647 9.88507e-08
1760485673.501 85.628 0.07998630 4.84940e-08
1760485673.551 85.682 0.08021629 5.27989e-08
1760485673.557 85.735 0.08024888 -1.52510e-09
1760485673.605 85.788 0.08043883 5.25503e-08
1760485673.611 85.842 0.08046677 1.52600e-08
1760485673.618 85.895 0.08051146 4.89985e-08
1760485673.626 85.948 0.08051146 -3.33260e-09
1760485673.674 86.001 0.08059992 -5.34170e-09
1760485673.765 86.054 0.08072562 6.79149e-08
1760485673.771 86.107 0.08075169 6.10057e-08
1760485673.777 86.160 0.08075076 2.25854e-08
1760485673.786 86.214 0.08075076 7.94810e-08
1760485673.833 86.267 0.08082805 8.62854e-08
1760485673.841 86.319 0.08084760 1.35053e-08
1760485673.846 86.372 0.08088112 3.75702e-08
1760485673.856 86.425 0.08088112 7.45946e-08
1760485673.866 86.478 0.08091837 3.78216e-08
1760485673.876 86.531 0.08092954 7.47968e-08
1760485673.886 86.584 0.08093140 8.77017e-08
1760485673.896 86.637 0.08092768 1.47071e-08
1760485673.906 86.689 0.08095189 6.67363e-08
1760485673.916 86.742 0.08094909 3.40933e-08
1760485673.926 86.795 0.08097516 7.11655e-08
1760485673.936 86.847 0.08099658 7.65619e-08
1760485673.983 86.900 0.08113998 7.70103e-08
1760485673.989 86.953 0.08116419 3.59947e-08
1760485673.996 87.005 0.08116419 1.23960e-08
1760485674.005 87.058 0.08119305 5.08809e-08
1760485674.053 87.110 0.08140628 6.67047e-08
1760485674.121 87.163 0.08168655 5.36280e-08
1760485674.171 87.215 0.08190258 4.04418e-08
1760485674.232 87.268 0.08201524 1.89106e-08
1760485674.247 87.320 0.08199848 4.13300e-10
1760485674.256 87.372 0.08199848 5.98384e-08
1760485674.266 87.425 0.08204504 2.52420e-09
1760485674.358 87.477 0.08206087 -1.24240e-08
1760485674.425 87.529 0.08212139 -1.07975e-08
1760485674.476 87.581 0.08224337 -1.36850e-08
1760485674.526 87.633 0.08233089 -1.28415e-08
1760485674.576 87.686 0.08239980 -9.55530e-09
1760485674.627 87.738 0.08244449 6.37530e-09
1760485674.637 87.790 0.08244822 4.89990e-08
1760485674.685 87.842 0.08245660 3.99943e-08
1760485674.728 87.894 0.08249943 1.32026e-08
1760485674.743 87.946 0.08250781 -2.58440e-09
1760485674.748 87.998 0.08250502 4.87222e-08
1760485674.759 88.050 0.08249850 -6.26940e-09
1760485674.825 88.102 0.08264469 -1.48070e-08
1760485674.835 88.154 0.08264469 5.57233e-08
1760485674.845 88.205 0.08264003 8.05160e-09
1760485674.855 88.257 0.08266238 7.72833e-08
1760485674.887 88.309 0.08271266 6.13043e-08
1760485674.910 88.361 0.08278902 1.26767e-07
1760485674.919 88.412 0.08278995 2.34623e-07
1760485674.928 88.464 0.08280671 1.83867e-07
1760485674.935 88.516 0.08284116 2.54367e-07
1760485674.945 88.567 0.08284116 2.29276e-07
1760485674.955 88.619 0.08288585 4.08081e-07
1760485674.965 88.671 0.08291751 4.11589e-07
1760485674.975 88.722 0.08291844 6.91443e-07
1760485674.985 88.774 0.08292682 8.76555e-07
1760485674.995 88.825 0.08295289 1.06172e-06
1760485675.005 88.877 0.08297803 1.28463e-06
1760485675.015 88.928 0.08299293 1.55167e-06
1760485675.025 88.979 0.08305346 1.84795e-06
1760485675.035 89.031 0.08305997 2.13002e-06
1760485675.045 89.082 0.08309256 2.24239e-06
1760485675.055 89.133 0.08313726 2.67026e-06
1760485675.065 89.185 0.08316054 3.23293e-06
1760485675.075 89.236 0.08317637 3.64491e-06
1760485675.085 89.287 0.08319778 4.01292e-06
1760485675.095 89.338 0.08324434 4.13715e-06
1760485675.105 89.390 0.08326203 4.56631e-06
1760485675.115 89.441 0.08330021 4.80337e-06
1760485675.125 89.492 0.08336259 5.01975e-06
1760485675.135 89.543 0.08339332 5.83914e-06
1760485675.145 89.594 0.08344081 6.18407e-06
1760485675.155 89.645 0.08349574 6.16901e-06
1760485675.165 89.696 0.08354324 6.10221e-06
1760485675.175 89.747 0.08359817 5.61592e-06
1760485675.185 89.798 0.08363728 5.07229e-06
1760485675.195 89.849 0.08369501 4.52800e-06
1760485675.205 89.899 0.08372573 3.89241e-06
1760485675.215 89.950 0.08378998 3.33947e-06
1760485675.225 90.001 0.08385051 2.65421e-06
1760485675.235 90.052 0.08389334 2.11217e-06
1760485675.245 90.103 0.08394455 1.48741e-06
1760485675.255 90.153 0.08400321 9.84804e-07
1760485675.265 90.204 0.08406187 4.41623e-07
1760485675.275 90.255 0.08412147 2.66503e-07
1760485675.285 90.305 0.08416337 1.84229e-07
1760485675.295 90.356 0.08422296 7.52975e-08
1760485675.305 90.407 0.08426672 1.02576e-07
1760485675.315 90.457 0.08430769 3.16531e-08
1760485675.325 90.508 0.08438218 7.52086e-08
1760485675.374 90.558 0.08460286 3.48271e-08
1760485675.445 90.609 0.08497345 2.66872e-08
1760485675.455 90.659 0.08497345 8.32579e-08
1760485675.503 90.709 0.08512709 5.13171e-08
1760485675.553 90.760 0.08526397 5.69488e-08
1760485675.559 90.810 0.08528538 5.14270e-09
1760485675.565 90.860 0.08527328 3.02954e-08
1760485675.575 90.911 0.08527328 6.57051e-08
1760485675.594 90.961 0.08527049 8.13220e-08
1760485675.600 91.011 0.08529842 8.29254e-08
1760485675.606 91.062 0.08530587 6.17065e-08
1760485675.615 91.112 0.08530587 3.22439e-08
1760485675.625 91.162 0.08531611 5.58873e-08
1760485675.635 91.212 0.08531798 2.29323e-08
1760485675.645 91.262 0.08533474 3.49162e-08
1760485675.655 91.312 0.08534125 9.48080e-08
1760485675.702 91.362 0.08535894 7.26055e-08
1760485675.710 91.412 0.08537757 8.05870e-09
1760485675.716 91.462 0.08539246 7.59571e-08
1760485675.724 91.512 0.08539246 7.13485e-08
1760485675.734 91.562 0.08543995 2.72177e-08
1760485675.744 91.612 0.08547906 5.88518e-08
1760485675.754 91.662 0.08550979 1.02454e-07
1760485675.802 91.712 0.08569695 8.36171e-08
1760485675.810 91.762 0.08573885 8.13090e-09
1760485675.816 91.811 0.08577516 5.99564e-08
1760485675.824 91.861 0.08577516 7.76774e-08
1760485675.834 91.911 0.08584127 3.24003e-08
1760485675.844 91.961 0.08589621 6.60404e-08
1760485675.854 92.010 0.08592973 1.00846e-07
1760485675.902 92.060 0.08614855 7.69750e-08
1760485675.908 92.110 0.08617462 -3.17550e-09
1760485675.982 92.159 0.08640181 2.98263e-08
1760485675.989 92.209 0.08640833 6.33440e-08
1760485676.057 92.258 0.08659363 8.61710e-08
1760485676.067 92.308 0.08662342 1.03849e-07
1760485676.074 92.358 0.08662342 8.28488e-08
1760485676.085 92.407 0.08664577 4.66288e-08
1760485676.095 92.456 0.08667371 3.78286e-08
1760485676.104 92.506 0.08668674 1.18670e-07
1760485676.114 92.555 0.08670071 3.67126e-08
1760485676.124 92.605 0.08670816 9.31381e-08
1760485676.134 92.654 0.08672399 5.89177e-08
1760485676.144 92.703 0.08674168 1.08405e-07
1760485676.154 92.753 0.08673330 1.21581e-07
1760485676.164 92.802 0.08672399 4.38491e-08
1760485676.174 92.851 0.08673795 9.34738e-08
1760485676.184 92.900 0.08676589 6.18357e-08
1760485676.194 92.950 0.08679010 1.14459e-07
1760485676.204 92.999 0.08679475 1.19952e-07
1760485676.214 93.048 0.08679848 4.79255e-08
1760485676.224 93.097 0.08680220 9.90394e-08
1760485676.234 93.146 0.08682362 6.27568e-08
1760485676.244 93.195 0.08687483 1.07332e-07
1760485676.254 93.244 0.08689904 1.20409e-07
1760485676.264 93.293 0.08692139 3.69455e-08
1760485676.274 93.342 0.08697540 8.96365e-08
1760485676.284 93.391 0.08698657 5.08326e-08
1760485676.294 93.440 0.08705547 9.67940e-08
1760485676.304 93.489 0.08708434 8.96070e-08
1760485676.314 93.538 0.08715138 2.28006e-08
1760485676.324 93.587 0.08720539 7.41493e-08
1760485676.334 93.636 0.08724263 3.46683e-08
1760485676.344 93.684 0.08727242 7.76154e-08
1760485676.354 93.733 0.08734412 7.06453e-08
1760485676.364 93.782 0.08738882 -2.16710e-09
1760485676.374 93.831 0.08744096 5.29893e-08
1760485676.384 93.879 0.08749962 1.51108e-08
1760485676.394 93.928 0.08755270 6.72880e-08
1760485676.404 93.977 0.08759925 6.29751e-08
1760485676.414 94.025 0.08766350 6.90240e-09
1760485676.424 94.074 0.08771751 6.98830e-08
1760485676.434 94.123 0.08776593 3.68342e-08
1760485676.444 94.171 0.08784135 8.48242e-08
1760485676.454 94.220 0.08788046 8.62066e-08
1760485676.464 94.268 0.08792981 2.15673e-08
1760485676.474 94.317 0.08800150 8.81827e-08
1760485676.484 94.365 0.08804899 5.39948e-08
1760485676.532 94.414 0.08827153 4.79812e-08
1760485676.543 94.462 0.08833019 7.64071e-08
1760485676.563 94.510 0.08842238 3.23803e-08
1760485676.570 94.559 0.08846335 7.17335e-08
1760485676.576 94.607 0.08850431 -1.89040e-09
1760485676.584 94.655 0.08850431 2.86888e-08
1760485676.594 94.704 0.08855087 6.21548e-08
1760485676.642 94.752 0.08872127 1.73086e-08
1760485676.711 94.800 0.08889539 2.21630e-09
1760485676.718 94.848 0.08892612 7.92733e-08
1760485676.725 94.896 0.08896151 3.52070e-08
1760485676.734 94.945 0.08896151 2.10362e-08
1760485676.744 94.993 0.08899875 5.69360e-08
1760485676.801 95.041 0.08909186 6.04435e-08
1760485676.808 95.089 0.08914307 6.43337e-08
1760485676.814 95.137 0.08914307 1.29150e-08
1760485676.824 95.185 0.08913283 6.53595e-08
1760485676.872 95.233 0.08921198 5.47546e-08
1760485676.924 95.281 0.08932837 6.72700e-08
1760485676.931 95.329 0.08932371 3.34215e-08
1760485676.937 95.377 0.08935817 7.68301e-08
1760485676.944 95.425 0.08935817 2.17179e-08
1760485676.954 95.473 0.08936468 7.39313e-08
1760485676.964 95.521 0.08937772 1.70217e-07
1760485676.974 95.569 0.08943731 1.97271e-07
1760485676.984 95.616 0.08945500 2.62638e-07
1760485676.994 95.664 0.08946804 7.79796e-07
1760485677.004 95.712 0.08948387 1.32843e-06
1760485677.014 95.760 0.08952391 1.92744e-06
1760485677.024 95.807 0.08955184 2.99378e-06
1760485677.034 95.855 0.08957140 3.50950e-06
1760485677.064 95.903 0.08962261 4.32794e-06
1760485677.087 95.950 0.08971106 9.41892e-06
1760485677.094 95.998 0.08971106 1.12655e-05
1760485677.104 96.046 0.08974366 1.15515e-05
1760485677.114 96.093 0.08976600 1.13918e-05
1760485677.124 96.141 0.08980232 1.26173e-05
1760485677.134 96.188 0.08983025 1.40541e-05
1760485677.144 96.236 0.08983677 1.43543e-05
1760485677.154 96.283 0.08987122 1.72664e-05
1760485677.164 96.331 0.08992150 1.91601e-05
1760485677.174 96.378 0.08994571 2.11489e-05
1760485677.184 96.426 0.08999041 2.20990e-05
1760485677.194 96.473 0.09002951 2.31514e-05
1760485677.204 96.520 0.09006955 2.38635e-05
1760485677.214 96.568 0.09011797 2.45429e-05
1760485677.224 96.615 0.09017570 2.48995e-05
1760485677.234 96.662 0.09020829 2.47810e-05
1760485677.244 96.710 0.09023995 2.47420e-05
1760485677.254 96.757 0.09026881 2.36238e-05
1760485677.264 96.804 0.09030792 2.25931e-05
1760485677.274 96.851 0.09036286 2.14140e-05
1760485677.284 96.899 0.09038614 2.01306e-05
1760485677.294 96.946 0.09043549 1.88042e-05
1760485677.304 96.993 0.09048391 1.55445e-05
1760485677.314 97.040 0.09051557 1.51070e-05
1760485677.324 97.087 0.09053512 1.37339e-05
1760485677.334 97.134 0.09057236 1.20057e-05
1760485677.344 97.181 0.09062265 9.94500e-06
1760485677.354 97.228 0.09069062 8.30366e-06
1760485677.364 97.275 0.09075859 6.38843e-06
1760485677.374 97.322 0.09075580 3.98515e-06
1760485677.384 97.369 0.09081167 2.11927e-06
1760485677.394 97.416 0.09087033 7.59458e-07
1760485677.404 97.463 0.09092526 4.14600e-07
1760485677.414 97.510 0.09097648 2.63055e-07
1760485677.424 97.557 0.09102396 1.61589e-07
1760485677.434 97.604 0.09105842 5.21825e-08
1760485677.444 97.651 0.09109380 8.38454e-08
1760485677.454 97.697 0.09114222 3.18763e-08
1760485677.463 97.744 0.09120461 3.64162e-08
1760485677.474 97.791 0.09124930 6.53208e-08
1760485677.515 97.838 0.09146067 1.09656e-08
1760485677.529 97.884 0.09151002 -7.21050e-09
1760485677.536 97.931 0.09155378 5.55030e-08
1760485677.544 97.978 0.09155378 3.81470e-09
1760485677.586 98.024 0.09180705 5.22774e-09
1760485677.637 98.071 0.09197279 2.56516e-09
1760485677.644 98.118 0.09198769 3.65630e-10
1760485677.654 98.164 0.09198769 -8.05259e-09
1760485677.664 98.211 0.09202121 1.89179e-09
1760485677.673 98.257 0.09204728 2.00333e-09
1760485677.684 98.304 0.09207987 -9.14740e-09
1760485677.693 98.350 0.09208080 5.67150e-09
1760485677.704 98.397 0.09212736 -1.76698e-08
1760485677.714 98.443 0.09213853 -1.09472e-08
1760485677.724 98.490 0.09214877 -4.62241e-09
1760485677.734 98.536 0.09216647 -1.56126e-08
1760485677.744 98.582 0.09220557 5.78940e-10
1760485677.758 98.629 0.09223351 1.08133e-08
1760485677.765 98.675 0.09224282 -3.49613e-08
1760485677.774 98.721 0.09224282 -1.45410e-09
1760485677.784 98.768 0.09226051 -3.20517e-08
1760485677.825 98.814 0.09238249 -7.90387e-09
1760485677.840 98.860 0.09241043 4.74630e-09
1760485677.847 98.906 0.09241322 -4.35857e-08
1760485677.853 98.953 0.09241322 1.86758e-08
1760485677.901 98.999 0.09260690 -1.58543e-08
1760485677.908 99.045 0.09265345 -1.57993e-08
1760485677.914 99.091 0.09267207 -5.00468e-08
1760485677.963 99.137 0.09287506 -3.65538e-08
1760485678.006 99.183 0.09303987 -4.32290e-09
1760485678.013 99.229 0.09303987 -1.72470e-08
1760485678.023 99.276 0.09305291 -6.74109e-09
1760485678.033 99.322 0.09307619 -7.08847e-09
1760485678.043 99.368 0.09311809 1.06759e-08
1760485678.053 99.414 0.09312460 -1.14220e-09
1760485678.067 99.460 0.09318606 7.60270e-09
1760485678.073 99.505 0.09318606 4.12016e-08
1760485678.121 99.551 0.09324286 6.29594e-08
1760485678.127 99.597 0.09327824 6.54680e-09
1760485678.213 99.643 0.09344771 5.48950e-08
1760485678.223 99.689 0.09344771 8.33850e-08
1760485678.233 99.735 0.09348496 4.07201e-08
1760485678.244 99.781 0.09349147 8.76417e-08
1760485678.253 99.827 0.09349799 5.05372e-08
1760485678.264 99.872 0.09355013 3.00457e-08
1760485678.273 99.918 0.09354827 1.07715e-07
1760485678.283 99.964 0.09356968 5.47108e-08
1760485678.293 100.010 0.09360507 9.94880e-08
1760485678.303 100.055 0.09362742 4.68272e-08
1760485678.313 100.101 0.09365163 5.35779e-08
1760485678.323 100.147 0.09369539 9.91809e-08
1760485678.333 100.192 0.09369539 5.24188e-08
1760485678.343 100.238 0.09371122 9.37011e-08
1760485678.353 100.283 0.09375498 5.02910e-08
1760485678.363 100.329 0.09376150 4.86814e-08
1760485678.373 100.375 0.09378105 9.59339e-08
1760485678.383 100.420 0.09378198 4.04680e-08
1760485678.393 100.466 0.09381458 8.04654e-08
1760485678.403 100.511 0.09384437 3.01894e-08
1760485678.413 100.557 0.09385275 6.90320e-09
1760485678.423 100.602 0.09389372 8.99226e-08
1760485678.472 100.647 0.09403805 5.64121e-08
1760485678.522 100.693 0.09424569 5.47017e-08
1760485678.528 100.738 0.09429318 -1.50390e-09
1760485678.577 100.784 0.09452782 2.78967e-08
1760485678.627 100.829 0.09470102 2.43368e-08
1760485678.677 100.874 0.09480065 2.35530e-08
1760485678.752 100.920 0.09484627 5.48195e-08
1760485678.759 100.965 0.09483417 7.26681e-08
1760485678.765 101.010 0.09482765 2.06242e-08
1760485678.773 101.055 0.09482765 8.14587e-08
1760485678.783 101.101 0.09483417 -1.04720e-09
1760485678.793 101.146 0.09482672 5.94959e-08
1760485678.803 101.191 0.09483510 1.98118e-08
1760485678.813 101.236 0.09482951 6.77527e-08
1760485678.823 101.281 0.09482579 5.94618e-08
1760485678.873 101.326 0.09488817 5.82715e-08
1760485678.924 101.372 0.09500363 6.53313e-08
1760485678.991 101.417 0.09517682 7.70891e-08
1760485679.041 101.462 0.09534816 8.33431e-08
1760485679.093 101.507 0.09540868 4.26064e-07
1760485679.103 101.552 0.09540868 7.25141e-07
1760485679.113 101.597 0.09542357 3.50959e-07
1760485679.123 101.642 0.09543289 7.58949e-07
1760485679.133 101.687 0.09543289 7.43453e-07
1760485679.143 101.732 0.09544871 1.03832e-06
1760485679.153 101.777 0.09542544 3.16367e-06
1760485679.163 101.822 0.09542451 1.73970e-06
1760485679.173 101.866 0.09544220 2.61529e-06
1760485679.183 101.911 0.09544313 3.34231e-06
1760485679.193 101.956 0.09543195 1.78313e-06
1760485679.203 102.001 0.09543195 5.51344e-06
1760485679.213 102.046 0.09544592 4.55257e-06
1760485679.223 102.091 0.09543475 9.43426e-06
1760485679.232 102.135 0.09544406 8.89822e-06
1760485679.242 102.180 0.09547386 5.42450e-06
1760485679.252 102.225 0.09547851 2.00081e-06
1760485679.283 102.270 0.09554555 6.88190e-06
1760485679.298 102.314 0.09561260 2.42815e-05
1760485679.305 102.359 0.09565543 2.57792e-05
1760485679.313 102.404 0.09565543 2.37294e-05
1760485679.323 102.448 0.09569081 2.82061e-05
1760485679.332 102.493 0.09570943 2.99191e-05
1760485679.342 102.537 0.09572806 2.96888e-05
1760485679.352 102.582 0.09577461 4.02913e-05
1760485679.362 102.627 0.09583700 4.91197e-05
1760485679.372 102.671 0.09587145 6.68810e-05
1760485679.382 102.716 0.09591894 6.54207e-05
1760485679.392 102.760 0.09598412 7.46574e-05
1760485679.402 102.805 0.09606047 7.36835e-05
1760485679.412 102.849 0.09607537 8.03682e-05
1760485679.422 102.893 0.09613496 7.85062e-05
1760485679.432 102.938 0.09617221 9.90560e-05
1760485679.442 102.982 0.09620573 1.06802e-04
1760485679.452 103.027 0.09625322 1.06954e-04
1760485679.462 103.071 0.09627277 1.08308e-04
1760485679.472 103.115 0.09633050 1.08633e-04
1760485679.482 103.160 0.09637799 1.09518e-04
1760485679.492 103.204 0.09641058 1.09229e-04
1760485679.502 103.248 0.09643758 1.12544e-04
1760485679.512 103.293 0.09648600 1.10660e-04
1760485679.522 103.337 0.09651207 1.09301e-04
1760485679.532 103.381 0.09656049 1.01519e-04
1760485679.542 103.425 0.09658749 1.01071e-04
1760485679.552 103.469 0.09663591 9.60263e-05
1760485679.562 103.514 0.09665639 9.22864e-05
1760485679.572 103.558 0.09670389 8.58459e-05
1760485679.582 103.602 0.09672716 7.86867e-05
1760485679.592 103.646 0.09676813 6.71365e-05
1760485679.602 103.690 0.09681748 6.26751e-05
1760485679.612 103.734 0.09684449 5.89136e-05
1760485679.622 103.778 0.09691991 5.37792e-05
1760485679.632 103.822 0.09695064 4.84771e-05
1760485679.642 103.866 0.09698229 4.18098e-05
1760485679.652 103.910 0.09703444 3.40683e-05
1760485679.662 103.954 0.09707168 1.84770e-05
1760485679.672 103.998 0.09710334 1.68657e-05
1760485679.682 104.042 0.09713500 8.68968e-06
1760485679.692 104.086 0.09716945 4.42890e-06
1760485679.702 104.130 0.09722718 7.73670e-06
1760485679.712 104.174 0.09728026 2.67613e-06
1760485679.722 104.218 0.09730167 9.16799e-07
1760485679.732 104.262 0.09733427 1.73621e-07
1760485679.742 104.305 0.09740130 1.07202e-07
1760485679.790 104.349 0.09760243 6.93059e-08
1760485679.864 104.393 0.09795812 1.07793e-08
1760485679.915 104.437 0.09810058 2.24737e-08
1760485679.922 104.481 0.09810058 6.82021e-08
1760485679.989 104.524 0.09821604 7.27509e-08
1760485679.995 104.568 0.09821512 1.96621e-08
1760485680.044 104.612 0.09822722 5.29083e-08
1760485680.093 104.655 0.09826447 5.45498e-08
1760485680.144 104.699 0.09830543 5.62173e-08
1760485680.194 104.743 0.09833896 5.77499e-08
1760485680.244 104.786 0.09842276 5.97075e-08
1760485680.294 104.830 0.09847676 6.26911e-08
1760485680.302 104.874 0.09847676 1.20016e-08
1760485680.312 104.917 0.09849818 6.47198e-08
1760485680.322 104.961 0.09851308 2.36438e-08
1760485680.332 105.004 0.09852704 3.64800e-09
1760485680.342 105.048 0.09854008 7.68995e-08
1760485680.424 105.091 0.09859316 7.78390e-08
1760485680.432 105.135 0.09859316 1.06841e-08
1760485680.442 105.178 0.09861923 8.42252e-08
1760485680.491 105.222 0.09870489 6.42651e-08
1760485680.541 105.265 0.09879428 6.31835e-08
1760485680.591 105.309 0.09890229 4.99499e-08
1760485680.641 105.352 0.09896282 3.65736e-08
1760485680.685 105.395 0.09902707 5.50744e-09
1760485680.692 105.439 0.09902707 8.81327e-09
1760485680.702 105.482 0.09900937 -3.17209e-09
1760485680.712 105.525 0.09905500 8.41255e-09
1760485680.722 105.569 0.09904196 -1.09912e-08
1760485680.732 105.612 0.09905407 6.19098e-09
1760485680.742 105.655 0.09906152 -4.85101e-09
1760485680.752 105.699 0.09905500 -1.52819e-08
1760485680.762 105.742 0.09906710 2.73946e-09
1760485680.772 105.785 0.09907734 -1.33128e-08
1760485680.782 105.828 0.09908666 -5.65162e-09
1760485680.792 105.871 0.09909410 -2.04107e-08
1760485680.807 105.915 0.09911552 -3.23350e-09
1760485680.816 105.958 0.09911552 -5.32830e-08
1760485680.867 106.001 0.09918908 -7.15066e-08
1760485680.960 106.044 0.09953640 -4.32726e-08
1760485680.967 106.087 0.09956805 -9.39314e-08
1760485680.972 106.130 0.09956526 -3.47018e-08
1760485680.981 106.173 0.09956526 -6.61977e-08
1760485680.991 106.216 0.09960902 -4.87682e-08
1760485681.002 106.259 0.09963230 -1.13425e-07
1760485681.011 106.302 0.09966676 -5.95137e-08
1760485681.021 106.345 0.09970400 -9.97017e-08
1760485681.031 106.388 0.09971238 -5.77377e-08
1760485681.041 106.431 0.09974590 -4.90658e-08
1760485681.051 106.474 0.09976546 -1.05081e-07
1760485681.061 106.517 0.09977291 -4.77868e-08
1760485681.071 106.560 0.09977570 -9.63066e-08
1760485681.081 106.603 0.09979804 -5.09644e-08
1760485681.091 106.646 0.09981108 -5.14400e-08
1760485681.101 106.689 0.09979711 -9.86628e-08
1760485681.111 106.732 0.09984646 -4.16363e-08
1760485681.121 106.774 0.09985112 -8.26167e-08
1760485681.169 106.817 0.09990792 -7.12752e-08
1760485681.176 106.860 0.09993399 -2.11792e-08
1760485681.182 106.903 0.09995540 -7.10850e-08
1760485681.191 106.946 0.09995540 -1.19109e-08
1760485681.201 106.988 0.10000569 -7.84211e-08
1760485681.249 107.031 0.10017515 -4.66920e-08
1760485681.256 107.074 0.10021613 1.23898e-08
1760485681.304 107.116 0.10040700 -2.93508e-08
1760485681.354 107.159 0.10057926 -2.00768e-08
1760485681.422 107.202 0.10075897 1.32924e-08
1760485681.515 107.244 0.10078691 -5.58935e-08
1760485681.522 107.287 0.10080274 1.32075e-08
1760485681.564 107.330 0.10081950 -1.45089e-08
1760485681.579 107.372 0.10081391 1.24820e-09
1760485681.585 107.415 0.10080274 -4.62189e-08
1760485681.591 107.457 0.10080739 -2.27840e-09
1760485681.601 107.500 0.10080739 -6.09132e-08
1760485681.642 107.542 0.10080925 -1.22048e-08
1760485681.657 107.585 0.10082508 2.04117e-08
1760485681.663 107.627 0.10084463 -4.63102e-08
1760485681.671 107.670 0.10084463 -4.02274e-08
1760485681.712 107.712 0.10092193 -5.22010e-09
1760485681.726 107.755 0.10095544 1.29891e-08
1760485681.733 107.797 0.10096382 -4.06095e-08
1760485681.742 107.839 0.10096382 2.83777e-08
1760485681.752 107.882 0.10100572 -5.42822e-08
1760485681.762 107.924 0.10100945 1.30920e-08
1760485681.771 107.967 0.10104483 -3.16691e-08
1760485681.782 108.009 0.10107090 1.99284e-08
1760485681.792 108.051 0.10110443 1.09895e-08
1760485681.801 108.093 0.10114167 -4.83031e-08
1760485681.812 108.136 0.10115843 8.11700e-09
1760485681.854 108.178 0.10130556 1.16835e-08
1760485681.869 108.220 0.10133628 8.83540e-09
1760485681.875 108.263 0.10134559 4.60215e-08
1760485681.881 108.305 0.10139028 -1.52860e-09
1760485681.929 108.347 0.10152251 9.14168e-08
1760485681.935 108.389 0.10155137 4.41620e-08
1760485681.941 108.431 0.10159700 9.64098e-08
1760485681.951 108.473 0.10159700 4.05015e-08
1760485681.961 108.516 0.10161655 1.15523e-07
1760485681.971 108.558 0.10163797 8.10142e-08
1760485681.981 108.600 0.10166217 1.21343e-07
1760485681.991 108.642 0.10168359 7.55846e-08
1760485682.001 108.684 0.10172269 7.44591e-08
1760485682.011 108.726 0.10175250 1.49841e-07
1760485682.021 108.768 0.10176460 1.07651e-07
1760485682.068 108.810 0.10190706 9.03106e-08
1760485682.076 108.852 0.10192010 1.46958e-07
1760485682.083 108.894 0.10193406 1.15314e-07
1760485682.091 108.936 0.10193406 1.77246e-07
1760485682.101 108.978 0.10195363 1.16939e-07
1760485682.111 109.020 0.10198994 1.86851e-07
1760485682.121 109.062 0.10201787 1.40595e-07
1760485682.131 109.104 0.10205232 1.80694e-07
1760485682.141 109.146 0.10211098 1.26845e-07
1760485682.151 109.188 0.10212215 1.24232e-07
1760485682.161 109.229 0.10213612 1.97419e-07
1760485682.171 109.271 0.10214171 1.36438e-07
1760485682.181 109.313 0.10216126 1.73594e-07
1760485682.191 109.355 0.10222086 1.32388e-07
1760485682.201 109.397 0.10226090 1.31607e-07
1760485682.211 109.438 0.10229721 1.99410e-07
1760485682.221 109.480 0.10233445 1.45377e-07
1760485682.231 109.522 0.10237449 1.81242e-07
1760485682.241 109.564 0.10237821 1.31093e-07
1760485682.251 109.605 0.10241826 1.34905e-07
1760485682.261 109.647 0.10246202 1.88657e-07
1760485682.271 109.689 0.10247878 1.56107e-07
1760485682.281 109.730 0.10252906 1.79987e-07
1760485682.291 109.772 0.10256444 1.42392e-07
1760485682.301 109.814 0.10261379 1.37297e-07
1760485682.311 109.855 0.10264359 1.98811e-07
1760485682.321 109.897 0.10266315 1.31101e-07
1760485682.331 109.939 0.10270970 1.59722e-07
1760485682.341 109.980 0.10276464 1.05730e-07
1760485682.351 110.022 0.10277581 1.09594e-07
