1760464002.362 42.744 0.04105650 6.45982e-08
1760464002.368 42.915 0.04104533 2.06831e-08
1760464002.373 43.085 0.04104533 6.53257e-08
1760464002.383 43.254 0.04103974 6.89570e-09
1760464002.394 43.423 0.04103230 8.34230e-08
1760464002.441 43.591 0.04102485 6.04524e-08
1760464002.492 43.759 0.04107234 6.05774e-08
1760464002.559 43.925 0.04139171 6.47390e-08
1760464002.627 44.091 0.04190849 5.71726e-08
1760464002.677 44.257 0.04216828 5.76821e-08
1760464002.727 44.422 0.04233961 5.61790e-08
1760464002.777 44.586 0.04236754 5.62560e-08
1760464002.828 44.750 0.04240758 1.19064e-07
1760464002.834 44.913 0.04241969 1.11977e-07
1760464002.843 45.075 0.04241969 1.95047e-07
1760464002.854 45.237 0.04238617 2.84011e-07
1760464002.864 45.399 0.04238617 3.34078e-07
1760464002.914 45.559 0.04254818 8.17269e-07
1760464002.923 45.719 0.04254818 1.72345e-06
1760464002.933 45.879 0.04258077 2.59111e-06
1760464002.944 46.038 0.04261057 3.21452e-06
1760464002.954 46.197 0.04264223 4.52859e-06
1760464002.964 46.355 0.04269344 6.39062e-06
1760464002.973 46.512 0.04274186 9.91133e-06
1760464002.984 46.669 0.04278376 1.49476e-05
1760464002.994 46.825 0.04286942 1.98370e-05
1760464003.004 46.981 0.04291412 2.74203e-05
1760464003.013 47.137 0.04299327 3.21806e-05
1760464003.024 47.292 0.04306496 3.06196e-05
1760464003.034 47.446 0.04315156 2.43212e-05
1760464003.044 47.600 0.04327726 1.43344e-05
1760464003.053 47.753 0.04334430 6.53877e-06
1760464003.064 47.906 0.04342345 2.09162e-06
1760464003.074 48.058 0.04353053 8.11038e-07
1760464003.084 48.210 0.04364226 3.87766e-07
1760464003.094 48.362 0.04375586 1.55137e-07
1760464003.145 48.512 0.04457619 5.03774e-08
1760464003.196 48.663 0.04530527 6.59882e-08
1760464003.203 48.813 0.04530527 5.11716e-08
1760464003.213 48.962 0.04545053 9.58556e-08
1760464003.223 49.112 0.04563303 5.64686e-08
1760464003.233 49.260 0.04576153 3.93992e-08
1760464003.243 49.408 0.04586302 9.44631e-08
1760464003.291 49.556 0.04641705 5.57157e-08
1760464003.298 49.703 0.04649433 -6.48300e-10
1760464003.346 49.850 0.04676715 2.15129e-08
1760464003.396 49.997 0.04690682 1.92826e-08
1760464003.488 50.143 0.04725879 6.16555e-08
1760464003.495 50.288 0.04732211 5.39945e-08
1760464003.545 50.434 0.04745433 5.30132e-08
1760464003.595 50.578 0.04758096 5.14353e-08
1760464003.645 50.723 0.04771877 4.66507e-08
1760464003.713 50.867 0.04786775 -5.90310e-09
1760464003.763 51.010 0.04803349 -1.08638e-08
1760464003.813 51.153 0.04818527 -6.10830e-09
1760464003.863 51.296 0.04830259 -1.01865e-08
1760464003.913 51.438 0.04842271 -3.67320e-09
1760464003.964 51.580 0.04850837 -8.40760e-09
1760464004.026 51.722 0.04867318 5.95793e-08
1760464004.076 51.863 0.04880168 5.98880e-08
1760464004.127 52.004 0.04895904 5.54360e-08
1760464004.178 52.144 0.04904843 5.62604e-08
1760464004.228 52.284 0.04919183 5.53325e-08
1760464004.278 52.424 0.04933057 5.44947e-08
1760464004.328 52.563 0.04942461 5.39184e-08
1760464004.378 52.702 0.04955311 5.23347e-08
1760464004.428 52.840 0.04970488 5.29069e-08
1760464004.478 52.979 0.04980730 5.07560e-08
1760464004.528 53.116 0.04995629 4.91051e-08
1760464004.580 53.254 0.05008013 5.32656e-08
1760464004.628 53.391 0.05021142 4.87887e-08
1760464004.678 53.528 0.05033805 4.49768e-08
1760464004.728 53.664 0.05046934 4.27498e-08
1760464004.779 53.800 0.05058666 2.76563e-08
1760464004.847 53.936 0.05075334 -1.17261e-08
1760464004.898 54.071 0.05086694 -1.01838e-08
1760464004.952 54.206 0.05100288 8.33610e-09
1760464004.962 54.341 0.05101778 5.61148e-08
1760464005.016 54.475 0.05115745 1.90203e-08
1760464005.023 54.609 0.05116490 5.80958e-08
1760464005.032 54.743 0.05116490 -9.48790e-09
1760464005.042 54.877 0.05119842 6.70879e-08
1760464005.136 55.010 0.05148335 7.59340e-09
1760464005.143 55.142 0.05151035 5.60203e-08
1760464005.191 55.275 0.05171986 4.19159e-08
1760464005.241 55.407 0.05201130 4.11737e-08
1760464005.292 55.539 0.05221615 4.14073e-08
1760464005.342 55.670 0.05236700 4.45868e-08
1760464005.392 55.801 0.05249363 5.17057e-08
1760464005.442 55.932 0.05262026 5.20168e-08
1760464005.492 56.063 0.05271151 5.34212e-08
1760464005.542 56.193 0.05279346 5.46787e-08
1760464005.592 56.323 0.05289401 5.63673e-08
1760464005.672 56.453 0.05309700 7.31656e-08
1760464005.682 56.582 0.05309700 3.29750e-09
1760464005.692 56.711 0.05311749 7.04964e-08
1760464005.741 56.840 0.05328789 4.61071e-08
1760464005.791 56.968 0.05339869 4.20125e-08
1760464005.842 57.096 0.05353557 5.16554e-08
1760464005.891 57.224 0.05370783 5.01609e-08
1760464005.942 57.352 0.05394061 5.07749e-08
1760464005.992 57.479 0.05407656 5.53086e-08
1760464006.042 57.606 0.05414546 5.12691e-08
1760464006.092 57.733 0.05428979 5.35476e-08
1760464006.142 57.860 0.05438104 5.82219e-08
1760464006.213 57.986 0.05453002 5.11960e-08
1760464006.261 58.112 0.05459706 5.11168e-08
1760464006.312 58.237 0.05475721 3.54780e-09
1760464006.362 58.363 0.05489968 -5.99800e-09
1760464006.413 58.488 0.05498441 -7.15180e-09
1760464006.463 58.613 0.05508777 -1.14517e-08
1760464006.513 58.737 0.05516319 -9.29580e-09
1760464006.563 58.862 0.05531403 -1.32459e-08
1760464006.613 58.986 0.05541925 -7.35960e-09
1760464006.622 59.110 0.05541925 4.40030e-08
1760464006.632 59.233 0.05542670 3.43623e-08
1760464006.642 59.356 0.05544067 6.87089e-08
1760464006.690 59.479 0.05560362 5.55905e-08
1760464006.697 59.602 0.05560548 -1.22768e-08
1760464006.772 59.725 0.05585688 6.98868e-08
1760464006.781 59.847 0.05585688 3.33261e-08
1760464006.830 59.969 0.05609712 -8.40320e-09
1760464006.880 60.091 0.05638204 -7.87380e-09
1760464006.930 60.212 0.05659341 -8.25080e-09
1760464006.980 60.334 0.05676474 -9.19120e-09
1760464007.030 60.455 0.05683737 -9.94060e-09
1760464007.080 60.576 0.05693700 -1.00200e-08
1760464007.130 60.696 0.05698822 -1.01456e-08
1760464007.180 60.817 0.05704874 -1.00079e-08
1760464007.230 60.937 0.05721354 -9.61480e-09
1760464007.309 61.056 0.05739326 6.09320e-08
1760464007.318 61.176 0.05742119 1.66781e-08
1760464007.324 61.295 0.05741095 5.12729e-08
1760464007.372 61.415 0.05755807 7.57976e-08
1760464007.381 61.534 0.05755807 1.78366e-08
1760464007.391 61.652 0.05758414 7.35577e-08
1760464007.439 61.771 0.05768005 6.22448e-08
1760464007.446 61.889 0.05770984 -1.75440e-09
1760464007.494 62.007 0.05785603 5.12993e-08
1760464007.502 62.125 0.05789421 1.16063e-08
1760464007.511 62.242 0.05789421 5.39008e-08
1760464007.521 62.360 0.05794169 1.47589e-08
1760464007.531 62.477 0.05801060 5.46247e-08
1760464007.579 62.594 0.05827132 1.76602e-08
1760464007.629 62.710 0.05851527 9.14560e-09
1760464007.679 62.827 0.05884769 7.60500e-10
1760464007.729 62.943 0.05914844 -3.71240e-09
1760464007.779 63.059 0.05933188 -5.93750e-09
1760464007.846 63.175 0.05949296 -1.35616e-08
1760464007.897 63.291 0.05950134 -1.34257e-08
1760464007.948 63.406 0.05956373 4.48630e-09
1760464007.955 63.521 0.05959818 6.90357e-08
1760464007.961 63.636 0.05961215 3.34643e-08
1760464008.009 63.751 0.05964847 5.06798e-08
1760464008.060 63.866 0.05978441 5.17063e-08
1760464008.110 63.980 0.05993525 5.10116e-08
1760464008.160 64.094 0.06011217 5.12355e-08
1760464008.210 64.208 0.06028256 5.67140e-08
1760464008.217 64.322 0.06031143 5.03308e-08
1760464008.223 64.435 0.06036730 1.52901e-07
1760464008.230 64.549 0.06036730 1.58623e-07
1760464008.240 64.662 0.06040082 3.92145e-07
1760464008.250 64.775 0.06040547 5.15753e-07
1760464008.260 64.888 0.06040362 8.99173e-07
1760464008.270 65.000 0.06042131 1.17734e-06
1760464008.280 65.113 0.06048276 1.75820e-06
1760464008.290 65.225 0.06050790 2.34434e-06
1760464008.300 65.337 0.06050324 3.07791e-06
1760464008.310 65.449 0.06054608 3.89488e-06
1760464008.320 65.560 0.06055725 5.35259e-06
1760464008.330 65.672 0.06060846 7.22331e-06
1760464008.340 65.783 0.06064943 8.61168e-06
1760464008.350 65.894 0.06068016 9.74922e-06
1760464008.401 66.005 0.06097813 2.06300e-05
1760464008.410 66.115 0.06097813 1.90762e-05
1760464008.420 66.226 0.06105447 1.72094e-05
1760464008.430 66.336 0.06113455 1.45731e-05
1760464008.440 66.446 0.06125095 9.23437e-06
1760464008.450 66.556 0.06135244 2.90239e-06
1760464008.460 66.666 0.06144090 1.33881e-06
1760464008.470 66.776 0.06152656 7.94219e-07
1760464008.480 66.885 0.06165040 3.47483e-07
1760464008.490 66.994 0.06180311 1.86448e-07
1760464008.500 67.103 0.06188319 5.46789e-08
1760464008.510 67.212 0.06199213 8.82552e-08
1760464008.520 67.321 0.06209083 4.20954e-08
1760464008.530 67.429 0.06223050 6.23754e-08
1760464008.578 67.538 0.06272400 4.88313e-08
1760464008.584 67.646 0.06281991 1.65212e-08
1760464008.591 67.754 0.06292512 5.47880e-08
1760464008.639 67.862 0.06326406 8.73447e-08
1760464008.645 67.969 0.06333669 2.25960e-08
1760464008.652 68.077 0.06341583 3.05451e-08
1760464008.660 68.184 0.06341583 7.13952e-08
1760464008.670 68.291 0.06348194 4.10296e-08
1760464008.680 68.398 0.06354247 7.47539e-08
1760464008.690 68.505 0.06362255 3.29875e-08
1760464008.700 68.612 0.06367376 3.28720e-09
1760464008.710 68.718 0.06372683 7.72422e-08
1760464008.757 68.824 0.06398476 5.54538e-08
1760464008.808 68.930 0.06423523 5.34700e-08
1760464008.878 69.036 0.06468683 3.67344e-07
1760464008.885 69.142 0.06474549 9.21226e-07
1760464008.891 69.248 0.06480415 1.44792e-06
1760464008.900 69.353 0.06485630 2.62864e-06
1760464008.932 69.459 0.06501366 4.04881e-06
1760464008.956 69.564 0.06509932 4.59428e-05
1760464008.962 69.669 0.06512819 4.80791e-05
1760464008.970 69.774 0.06512819 5.21044e-05
1760464008.980 69.878 0.06512819 4.86785e-05
1760464008.990 69.983 0.06515146 4.85993e-05
1760464009.000 70.087 0.06518871 4.76083e-05
1760464009.010 70.192 0.06519430 4.34525e-05
1760464009.020 70.296 0.06522689 4.10926e-05
1760464009.030 70.400 0.06527065 3.77172e-05
1760464009.040 70.503 0.06529393 3.09717e-05
1760464009.050 70.607 0.06530324 2.55078e-05
1760464009.060 70.710 0.06531721 1.73496e-05
1760464009.070 70.814 0.06537215 7.86855e-06
1760464009.080 70.917 0.06537587 6.17034e-06
1760464009.090 71.020 0.06544384 5.35497e-06
1760464009.100 71.123 0.06549226 5.97051e-06
1760464009.110 71.226 0.06553696 7.19865e-06
1760464009.120 71.328 0.06559003 8.39151e-06
1760464009.130 71.431 0.06567756 1.30503e-05
1760464009.140 71.533 0.06574181 1.92356e-05
1760464009.150 71.635 0.06580978 2.24338e-05
1760464009.160 71.737 0.06587123 2.20707e-05
1760464009.170 71.839 0.06596993 2.09532e-05
1760464009.180 71.940 0.06605746 1.88291e-05
1760464009.190 72.042 0.06614965 1.28115e-05
1760464009.200 72.143 0.06626324 5.10907e-06
1760464009.210 72.245 0.06637219 1.29704e-06
1760464009.220 72.346 0.06647927 6.19277e-07
1760464009.230 72.447 0.06659193 4.47173e-07
1760464009.240 72.548 0.06673253 5.37306e-07
1760464009.250 72.648 0.06685544 9.54421e-07
1760464009.260 72.749 0.06697928 1.76257e-06
1760464009.270 72.849 0.06708916 1.66365e-06
1760464009.280 72.950 0.06719903 1.45338e-06
1760464009.290 73.050 0.06731077 8.09696e-07
1760464009.300 73.150 0.06743088 1.23974e-07
1760464009.310 73.250 0.06756869 1.15152e-07
1760464009.320 73.349 0.06769998 5.38034e-08
1760464009.330 73.449 0.06778192 8.28065e-08
1760464009.340 73.548 0.06790856 8.28562e-08
1760464009.350 73.648 0.06804357 3.79403e-08
1760464009.360 73.747 0.06815158 1.51067e-07
1760464009.371 73.846 0.06835736 4.56283e-07
1760464009.380 73.945 0.06835736 4.88052e-07
1760464009.390 74.044 0.06844769 7.33243e-07
1760464009.400 74.142 0.06855942 3.72507e-07
1760464009.410 74.241 0.06864322 3.01295e-07
1760464009.420 74.339 0.06871306 1.01948e-07
1760464009.430 74.438 0.06879407 9.63048e-08
1760464009.440 74.536 0.06890208 8.42348e-08
1760464009.449 74.634 0.06899053 3.54173e-08
1760464009.479 74.732 0.06921960 1.06291e-07
1760464009.489 74.830 0.06925777 1.99343e-07
1760464009.496 74.927 0.06933319 1.26729e-07
1760464009.502 75.025 0.06942537 1.44699e-07
1760464009.509 75.122 0.06942537 1.72370e-07
1760464009.519 75.219 0.06953338 1.34374e-07
1760464009.529 75.316 0.06959857 1.25622e-07
1760464009.539 75.413 0.06967213 5.55908e-08
1760464009.549 75.510 0.06977921 2.56551e-08
1760464009.559 75.607 0.06986114 9.76527e-08
1760464009.569 75.704 0.06993564 1.06525e-07
1760464009.579 75.800 0.07000547 1.37959e-06
1760464009.589 75.897 0.07008275 4.10726e-06
1760464009.599 75.993 0.07018052 6.93800e-06
1760464009.609 76.089 0.07025222 1.58472e-05
1760464009.619 76.185 0.07029785 3.99613e-05
1760464009.629 76.281 0.07037327 7.73002e-05
1760464009.639 76.377 0.07045893 1.10970e-04
1760464009.649 76.472 0.07054832 1.12854e-04
1760464009.659 76.568 0.07064330 1.06998e-04
1760464009.669 76.663 0.07076155 9.25825e-05
1760464009.679 76.759 0.07083325 5.08451e-05
1760464009.689 76.854 0.07093195 9.73809e-06
1760464009.699 76.949 0.07104462 4.10163e-06
1760464009.709 77.044 0.07113214 2.17041e-06
1760464009.719 77.139 0.07116753 1.15659e-06
1760464009.729 77.233 0.07129230 7.89670e-07
1760464009.739 77.328 0.07137051 3.76373e-07
1760464009.749 77.422 0.07145059 1.24724e-07
1760464009.759 77.517 0.07155581 7.64805e-08
1760464009.812 77.611 0.07211449 9.37797e-06
1760464009.819 77.705 0.07211449 1.45035e-05
1760464009.829 77.799 0.07222437 3.29664e-05
1760464009.839 77.893 0.07232586 4.30624e-05
1760464009.849 77.987 0.07236962 4.35593e-05
1760464009.859 78.081 0.07248043 4.02731e-05
1760464009.869 78.174 0.07258285 3.31771e-05
1760464009.879 78.268 0.07267503 1.56211e-05
1760464009.889 78.361 0.07276442 3.06570e-06
1760464009.899 78.454 0.07284264 1.78317e-06
1760464010.072 78.547 0.07383709 1.57631e-07
1760464010.079 78.640 0.07383709 9.18526e-08
1760464010.090 78.733 0.07386316 9.42626e-08
1760464010.099 78.826 0.07387713 4.88747e-08
1760464010.109 78.919 0.07392927 1.10703e-07
1760464010.119 79.011 0.07398607 7.69257e-08
1760464010.129 79.104 0.07397583 1.08610e-07
1760464010.139 79.196 0.07398886 8.55721e-08
1760464010.149 79.289 0.07397490 8.51450e-08
1760464010.160 79.381 0.07400190 1.71690e-07
1760464010.170 79.473 0.07402890 1.54654e-07
1760464010.179 79.565 0.07401028 1.52557e-07
1760464010.190 79.657 0.07399724 2.58022e-07
1760464010.200 79.748 0.07400376 2.08120e-07
1760464010.209 79.840 0.07401773 2.91461e-07
1760464010.219 79.931 0.07404101 3.32905e-07
1760464010.229 80.023 0.07407639 4.16395e-07
1760464010.239 80.114 0.07408850 4.26946e-07
1760464010.249 80.205 0.07409595 4.86232e-07
1760464010.259 80.296 0.07414995 6.82886e-07
1760464010.269 80.387 0.07418627 8.14734e-07
1760464010.279 80.478 0.07423934 1.11033e-06
1760464010.289 80.569 0.07429893 1.36913e-06
1760464010.299 80.660 0.07436970 1.83558e-06
1760464010.309 80.750 0.07440974 3.19920e-06
1760464010.319 80.841 0.07448516 3.86830e-06
1760464010.329 80.931 0.07459875 4.45530e-06
1760464010.339 81.021 0.07467511 4.38498e-06
1760464010.349 81.112 0.07476543 4.30124e-06
1760464010.359 81.202 0.07487530 3.86913e-06
1760464010.369 81.292 0.07496656 3.53712e-06
1760464010.379 81.382 0.07507084 2.21162e-06
1760464010.389 81.471 0.07515185 6.17264e-07
1760464010.399 81.561 0.07527755 3.12114e-07
1760464010.409 81.651 0.07540419 3.15598e-07
1760464010.419 81.740 0.07553920 4.32271e-07
1760464010.429 81.830 0.07563139 1.14946e-06
1760464010.439 81.919 0.07572543 1.22112e-06
1760464010.449 82.008 0.07580178 1.45697e-06
1760464010.459 82.097 0.07591445 1.16406e-06
1760464010.469 82.186 0.07601036 1.16041e-06
1760464010.479 82.275 0.07614444 5.56668e-07
1760464010.489 82.364 0.07625152 1.53370e-07
1760464010.499 82.453 0.07633532 4.78423e-08
1760464010.509 82.541 0.07643682 1.19556e-07
1760464010.519 82.630 0.07655879 7.30135e-08
1760464010.529 82.718 0.07664446 3.16694e-07
1760464010.539 82.806 0.07672826 7.07039e-07
1760464010.549 82.895 0.07679065 1.80845e-06
1760464010.559 82.983 0.07689121 4.99979e-06
1760464010.569 83.071 0.07697781 9.16317e-06
1760464010.579 83.159 0.07709978 1.81481e-05
1760464010.625 83.247 0.07740613 5.99963e-05
1760464010.632 83.335 0.07748621 5.51247e-05
1760464010.639 83.422 0.07748621 4.66264e-05
1760464010.649 83.510 0.07756907 2.69546e-05
1760464010.659 83.597 0.07765939 6.56832e-06
1760464010.669 83.685 0.07772458 3.00609e-06
1760464010.679 83.772 0.07776741 1.51790e-06
1760464010.689 83.859 0.07787821 9.42088e-07
1760464010.699 83.946 0.07792011 5.31877e-07
1760464010.709 84.033 0.07797877 4.04275e-07
1760464010.719 84.120 0.07804489 2.62248e-07
1760464010.729 84.207 0.07813893 1.40649e-07
1760464010.739 84.294 0.07818083 8.01020e-08
1760464010.749 84.381 0.07824135 6.20481e-08
1760464010.759 84.467 0.07833633 1.30882e-07
1760464010.769 84.554 0.07840058 9.83645e-08
1760464010.779 84.640 0.07844155 1.88592e-07
1760464010.789 84.727 0.07849742 3.08720e-07
1760464010.799 84.813 0.07853466 4.25565e-07
1760464010.809 84.899 0.07859239 1.10396e-06
1760464010.819 84.985 0.07868457 9.31908e-07
1760464010.829 85.071 0.07871717 1.27606e-06
1760464010.839 85.157 0.07878793 1.04896e-06
1760464010.849 85.243 0.07889222 1.07355e-06
1760464010.859 85.328 0.07895647 1.23403e-06
1760464010.869 85.414 0.07903003 8.39904e-07
1760464010.879 85.500 0.07907751 4.81961e-07
1760464010.889 85.585 0.07918552 1.54035e-07
1760464010.899 85.670 0.07924977 4.23639e-08
1760464010.909 85.756 0.07932799 8.97277e-08
1760464010.919 85.841 0.07941645 5.82269e-08
1760464010.929 85.926 0.07947883 9.46955e-08
1760464010.939 86.011 0.07957101 5.20160e-08
1760464010.949 86.096 0.07967251 2.74449e-08
1760464010.959 86.181 0.07977586 1.19931e-07
1760464010.969 86.266 0.07984291 1.01326e-07
1760464010.979 86.350 0.07993509 1.60082e-07
1760464010.989 86.435 0.08001237 1.12192e-07
1760464010.999 86.520 0.08009059 2.46924e-07
1760464011.009 86.604 0.08017811 4.62088e-07
1760464011.019 86.688 0.08026099 8.64246e-07
1760464011.029 86.773 0.08037458 1.58623e-06
1760464011.039 86.857 0.08044814 3.93169e-06
1760464011.049 86.941 0.08056546 6.16325e-06
1760464011.059 87.025 0.08063064 1.25500e-05
1760464011.069 87.109 0.08070700 2.47965e-05
1760464011.079 87.193 0.08079545 3.12826e-05
1760464011.089 87.277 0.08087646 3.19219e-05
1760464011.099 87.361 0.08095840 2.90937e-05
1760464011.109 87.444 0.08103662 2.66016e-05
1760464011.119 87.528 0.08109900 2.04379e-05
1760464011.129 87.611 0.08116512 7.21956e-06
1760464011.182 87.695 0.08165117 9.72062e-08
1760464011.189 87.778 0.08165117 1.61049e-07
1760464011.199 87.861 0.08174335 1.05382e-07
1760464011.209 87.944 0.08182436 2.26639e-07
1760464011.219 88.027 0.08191189 2.22599e-07
1760464011.229 88.110 0.08196868 3.48057e-07
1760464011.238 88.193 0.08203573 3.42983e-07
1760464011.248 88.276 0.08209439 4.53207e-07
1760464011.258 88.359 0.08216422 8.56103e-07
1760464011.268 88.442 0.08221730 8.58281e-07
1760464011.278 88.524 0.08230762 9.41686e-07
1760464011.288 88.607 0.08240073 6.76918e-07
1760464011.298 88.689 0.08244263 7.98142e-07
1760464011.308 88.772 0.08247522 5.85241e-07
1760464011.318 88.854 0.08252923 4.72690e-07
1760464011.328 88.936 0.08259999 3.38854e-07
1760464011.338 89.018 0.08265214 1.77375e-07
1760464011.348 89.101 0.08269218 6.25526e-08
1760464011.358 89.183 0.08275270 1.38242e-07
1760464011.368 89.265 0.08278902 7.87914e-08
1760464011.378 89.346 0.08285699 1.06732e-07
1760464011.388 89.428 0.08288957 9.27340e-08
1760464011.398 89.510 0.08297431 7.13811e-08
1760464011.408 89.592 0.08302552 1.19528e-07
1760464011.418 89.673 0.08304973 7.40033e-08
1760464011.428 89.755 0.08312981 1.08471e-07
1760464011.438 89.836 0.08317823 5.03198e-08
1760464011.448 89.917 0.08324620 3.61548e-08
1760464011.458 89.999 0.08331138 1.02916e-07
1760464011.468 90.080 0.08339053 6.84264e-08
1760464011.478 90.161 0.08345571 1.47996e-07
1760464011.488 90.242 0.08355348 1.15170e-07
1760464011.498 90.323 0.08363728 1.19811e-07
1760464011.508 90.404 0.08369780 1.78980e-07
1760464011.518 90.485 0.08377974 1.27172e-07
1760464011.528 90.565 0.08386820 1.63083e-07
1760464011.538 90.646 0.08396038 8.45085e-08
1760464011.548 90.727 0.08404791 6.68935e-08
1760464011.558 90.807 0.08413637 1.06919e-07
1760464011.568 90.888 0.08424438 5.12004e-08
1760464011.578 90.968 0.08431142 9.85718e-08
1760464011.588 91.049 0.08440174 5.66432e-08
1760464011.598 91.129 0.08447716 8.07912e-08
1760464011.608 91.209 0.08457586 1.29680e-07
1760464011.618 91.289 0.08467456 8.14421e-08
1760464011.628 91.369 0.08476395 1.12686e-07
1760464011.638 91.449 0.08482727 6.17769e-08
1760464011.648 91.529 0.08488872 6.81204e-08
1760464011.658 91.609 0.08499953 1.10218e-07
1760464011.668 91.689 0.08510102 4.77136e-08
1760464011.678 91.768 0.08519041 9.21297e-08
1760464011.688 91.848 0.08523697 4.07214e-08
1760464011.734 91.928 0.08560197 1.19978e-07
1760464011.743 92.007 0.08565970 7.62384e-07
1760464011.749 92.086 0.08573512 1.13488e-06
1760464011.758 92.166 0.08573512 1.75285e-06
1760464011.768 92.245 0.08580961 3.64961e-06
1760464011.778 92.324 0.08586642 5.57852e-06
1760464011.788 92.403 0.08594742 1.06916e-05
1760464011.798 92.483 0.08606847 1.87155e-05
1760464011.808 92.562 0.08612341 3.67575e-05
1760464011.818 92.641 0.08616437 4.62799e-05
1760464011.828 92.719 0.08622304 6.75953e-05
1760464011.850 92.798 0.08637388 8.09244e-05
1760464011.858 92.877 0.08637388 7.71818e-05
1760464011.868 92.956 0.08644372 7.40329e-05
1760464011.878 93.034 0.08649865 6.68008e-05
1760464011.888 93.113 0.08654056 5.68792e-05
1760464011.898 93.191 0.08660480 4.18354e-05
1760464011.908 93.270 0.08665974 2.48511e-05
1760464011.918 93.348 0.08672678 9.13942e-06
1760464011.928 93.426 0.08675006 4.73139e-06
1760464011.938 93.505 0.08680127 2.11230e-06
1760464011.948 93.583 0.08690370 8.66418e-07
1760464011.958 93.661 0.08693722 4.44742e-07
1760464011.968 93.739 0.08696329 1.81759e-07
1760464011.978 93.817 0.08703871 1.03087e-07
1760464011.988 93.895 0.08710296 3.14620e-08
1760464011.998 93.972 0.08718210 4.12531e-08
1760464012.008 94.050 0.08724449 8.57410e-08
1760464012.074 94.128 0.08772030 5.72258e-08
1760464012.142 94.206 0.08825850 7.23741e-08
1760464012.191 94.283 0.08851829 7.03860e-08
1760464012.286 94.361 0.08872034 3.78458e-08
1760464012.293 94.438 0.08871661 7.64119e-08
1760464012.298 94.516 0.08874641 3.14728e-08
1760464012.308 94.593 0.08874641 8.92511e-08
1760464012.359 94.670 0.08870172 6.11098e-08
1760464012.424 94.747 0.08874641 4.57865e-08
1760464012.468 94.824 0.08883952 5.51324e-09
1760464012.482 94.901 0.08884698 4.64500e-10
1760464012.489 94.978 0.08887025 3.33451e-08
1760464012.498 95.055 0.08887025 -2.40714e-08
1760464012.508 95.132 0.08894753 5.71502e-08
1760464012.518 95.209 0.08896988 1.07946e-08
1760464012.528 95.286 0.08904717 3.92245e-08
1760464012.576 95.363 0.08914773 5.96571e-08
1760464012.583 95.439 0.08917474 2.49907e-08
1760464012.589 95.516 0.08922222 6.77744e-08
1760464012.598 95.592 0.08922222 1.23194e-08
1760464012.608 95.669 0.08926319 8.77771e-08
1760464012.658 95.745 0.08946618 9.61540e-08
1760464012.668 95.821 0.08946618 5.87062e-08
1760464012.678 95.898 0.08949877 1.04262e-07
1760464012.688 95.974 0.08952391 7.28277e-08
1760464012.698 96.050 0.08955743 5.95073e-08
1760464012.708 96.126 0.08960398 1.35763e-07
1760464012.718 96.202 0.08966172 9.01426e-08
1760464012.728 96.278 0.08968499 1.25926e-07
1760464012.738 96.354 0.08973807 8.52660e-08
1760464012.748 96.430 0.08980883 1.16891e-07
1760464012.758 96.506 0.08983863 1.43611e-07
1760464012.768 96.581 0.08989450 8.04176e-08
1760464012.778 96.657 0.08991219 1.22937e-07
1760464012.788 96.733 0.08996434 8.90394e-08
1760464012.839 96.808 0.09029396 7.53496e-08
1760464012.848 96.884 0.09029396 4.61903e-08
1760464012.858 96.959 0.09037031 1.26582e-07
1760464012.868 97.035 0.09038800 7.22613e-08
1760464012.878 97.110 0.09044852 1.27545e-07
1760464012.888 97.185 0.09050160 1.09337e-07
1760464012.898 97.260 0.09055281 1.63060e-07
1760464012.910 97.335 0.09066455 2.80806e-07
1760464012.918 97.410 0.09066455 2.32802e-07
1760464012.928 97.486 0.09072787 3.12141e-07
1760464012.938 97.560 0.09078187 3.23637e-07
1760464012.948 97.635 0.09083681 3.21796e-07
1760464012.958 97.710 0.09089454 3.56606e-07
1760464012.968 97.785 0.09095320 3.36460e-07
1760464012.978 97.860 0.09101931 3.22693e-07
1760464012.987 97.934 0.09107052 2.94689e-07
1760464012.997 98.009 0.09113291 2.12598e-07
1760464013.007 98.084 0.09117760 2.93218e-07
1760464013.017 98.158 0.09123347 1.73012e-07
1760464013.028 98.233 0.09128189 1.91549e-07
1760464013.037 98.307 0.09136569 1.52293e-07
1760464013.047 98.381 0.09141690 1.84513e-07
1760464013.057 98.456 0.09145694 2.03448e-07
1760464013.067 98.530 0.09152212 1.33370e-07
1760464013.077 98.604 0.09158823 1.75212e-07
1760464013.087 98.678 0.09164131 1.34972e-07
1760464013.097 98.752 0.09169904 1.53956e-07
1760464013.107 98.826 0.09176142 1.57096e-07
1760464013.117 98.900 0.09183126 8.20212e-08
1760464013.127 98.974 0.09191506 9.98903e-08
1760464013.137 99.048 0.09196627 4.52905e-08
1760464013.147 99.122 0.09204077 6.93851e-08
1760464013.157 99.195 0.09209384 9.07020e-08
1760464013.167 99.269 0.09217206 2.92584e-08
1760464013.177 99.343 0.09224096 8.91848e-08
1760464013.187 99.416 0.09233779 7.99361e-08
1760464013.197 99.490 0.09240856 1.62023e-07
1760464013.207 99.563 0.09246443 3.15430e-07
1760464013.217 99.637 0.09255103 4.66657e-07
1760464013.227 99.710 0.09261062 9.56651e-07
1760464013.237 99.783 0.09269256 1.87839e-06
1760464013.247 99.856 0.09279405 4.19914e-06
1760464013.257 99.930 0.09283875 6.39971e-06
1760464013.267 100.003 0.09291790 1.03302e-05
1760464013.277 100.076 0.09300262 1.54524e-05
1760464013.287 100.149 0.09306781 2.37627e-05
1760464013.297 100.222 0.09313298 2.93558e-05
1760464013.307 100.295 0.09319072 3.30970e-05
1760464013.317 100.368 0.09326893 3.29355e-05
1760464013.327 100.440 0.09332200 3.11882e-05
1760464013.337 100.513 0.09342071 2.84295e-05
1760464013.347 100.586 0.09351382 2.44809e-05
1760464013.398 100.659 0.09391048 3.96298e-07
1760464013.407 100.731 0.09391048 2.08035e-07
1760464013.418 100.804 0.09397659 5.50512e-08
1760464013.428 100.876 0.09405853 7.83045e-08
1760464013.438 100.949 0.09411533 2.74400e-08
1760464013.448 101.021 0.09415165 2.18654e-08
1760464013.458 101.093 0.09422893 7.70561e-08
1760464013.508 101.166 0.09458556 6.05529e-08
1760464013.558 101.238 0.09480344 5.61066e-08
1760464013.625 101.310 0.09499153 6.15192e-08
1760464013.676 101.382 0.09513399 6.06115e-08
1760464013.726 101.454 0.09525318 5.80606e-08
1760464013.776 101.526 0.09530811 5.56545e-08
1760464013.826 101.598 0.09534163 5.20674e-08
1760464013.876 101.670 0.09539285 5.15360e-08
1760464013.949 101.742 0.09549714 1.33092e-08
1760464013.957 101.814 0.09549714 6.11103e-08
1760464014.004 101.886 0.09559025 7.89093e-08
1760464014.011 101.958 0.09558653 1.49223e-08
1760464014.017 102.029 0.09558653 3.68031e-08
1760464014.027 102.101 0.09561818 6.87948e-08
1760464014.037 102.172 0.09565636 2.78679e-08
1760464014.047 102.244 0.09569361 7.98688e-08
1760464014.057 102.315 0.09568895 1.01433e-07
1760464014.067 102.387 0.09568709 3.76644e-08
1760464014.077 102.458 0.09569174 9.17230e-08
1760464014.087 102.530 0.09570012 6.29563e-08
1760464014.097 102.601 0.09573830 1.18376e-07
1760464014.107 102.672 0.09578113 1.39109e-07
1760464014.117 102.743 0.09578578 7.68059e-08
1760464014.127 102.814 0.09581558 1.34145e-07
1760464014.137 102.885 0.09585376 1.14629e-07
1760464014.147 102.957 0.09584259 1.71111e-07
1760464014.157 103.027 0.09587983 1.96860e-07
1760464014.167 103.098 0.09592918 1.46675e-07
1760464014.177 103.169 0.09596829 2.46248e-07
1760464014.187 103.240 0.09599343 2.26362e-07
1760464014.197 103.311 0.09604557 2.73911e-07
1760464014.207 103.382 0.09612472 3.61760e-07
1760464014.217 103.452 0.09616476 3.21313e-07
1760464014.227 103.523 0.09624298 3.40529e-07
1760464014.237 103.594 0.09627743 3.36295e-07
1760464014.247 103.664 0.09632677 3.87896e-07
1760464014.257 103.735 0.09637240 3.87308e-07
1760464014.267 103.805 0.09644316 2.68821e-07
1760464014.277 103.876 0.09651952 3.18408e-07
1760464014.287 103.946 0.09660612 2.55418e-07
1760464014.297 104.016 0.09669178 2.85684e-07
1760464014.309 104.086 0.09681097 1.77543e-07
1760464014.317 104.157 0.09687800 1.01372e-07
1760464014.327 104.227 0.09687800 1.10102e-07
1760464014.337 104.297 0.09698136 4.06323e-08
1760464014.347 104.367 0.09704375 7.61074e-08
1760464014.357 104.437 0.09713593 8.09817e-08
1760464014.405 104.507 0.09748697 8.12270e-08
1760464014.411 104.577 0.09753539 5.91950e-09
1760464014.417 104.647 0.09763595 3.03068e-08
1760464014.427 104.717 0.09763595 5.49886e-08
1760464014.437 104.786 0.09773279 2.22537e-08
1760464014.447 104.856 0.09778586 6.55746e-08
1760464014.516 104.926 0.09819184 2.14515e-08
1760464014.522 104.996 0.09824026 6.44833e-08
1760464014.529 105.065 0.09826540 7.35300e-10
1760464014.537 105.135 0.09826540 4.01864e-08
1760464014.547 105.204 0.09831754 7.09148e-08
1760464014.557 105.274 0.09836130 9.58684e-08
1760464014.567 105.343 0.09839296 4.75478e-08
1760464014.577 105.413 0.09847025 9.42264e-08
1760464014.587 105.482 0.09848887 7.54878e-08
1760464014.597 105.551 0.09853822 1.27868e-07
1760464014.607 105.620 0.09860061 1.76576e-07
1760464014.617 105.690 0.09861457 1.57223e-07
1760464014.627 105.759 0.09868255 2.43750e-07
1760464014.637 105.828 0.09868255 3.14124e-07
1760464014.647 105.897 0.09868162 4.77848e-07
1760464014.657 105.966 0.09869837 7.26962e-07
1760464014.667 106.035 0.09875517 1.01310e-06
1760464014.677 106.104 0.09876821 1.53295e-06
1760464014.688 106.173 0.09884084 2.50105e-06
1760464014.697 106.242 0.09884084 3.18301e-06
1760464014.707 106.310 0.09886132 4.33986e-06
1760464014.717 106.379 0.09892743 5.82556e-06
1760464014.727 106.448 0.09895537 8.08655e-06
1760464014.737 106.516 0.09901031 1.04898e-05
1760464014.747 106.585 0.09907083 1.35766e-05
1760464014.757 106.654 0.09912484 1.82744e-05
1760464014.767 106.722 0.09918908 2.30319e-05
1760464014.777 106.791 0.09924123 2.78982e-05
1760464014.787 106.859 0.09930361 3.25039e-05
1760464014.797 106.927 0.09938834 4.04139e-05
1760464014.807 106.996 0.09945446 4.67236e-05
1760464014.817 107.064 0.09950660 5.11797e-05
1760464014.827 107.132 0.09957737 5.20807e-05
1760464014.837 107.201 0.09967420 4.96955e-05
1760464014.847 107.269 0.09975708 4.61761e-05
1760464014.857 107.337 0.09981853 4.06324e-05
1760464014.867 107.405 0.09987999 3.50607e-05
1760464014.877 107.473 0.09995540 2.81396e-05
1760464014.887 107.541 0.10004573 1.98447e-05
1760464014.897 107.609 0.10010159 9.64484e-06
1760464014.906 107.677 0.10017701 4.62324e-06
1760464014.917 107.745 0.10028037 1.11813e-06
1760464014.927 107.813 0.10034834 3.69298e-07
1760464014.936 107.880 0.10038000 1.12409e-07
1760464014.946 107.948 0.10047405 7.55602e-08
1760464014.994 108.016 0.10082881 4.15190e-09
1760464015.054 108.083 0.10116402 6.86700e-08
1760464015.061 108.151 0.10123664 6.08410e-09
1760464015.109 108.219 0.10150108 5.62318e-08
1760464015.117 108.286 0.10151505 1.21488e-08
1760464015.126 108.354 0.10151505 5.61922e-08
1760464015.177 108.421 0.10169197 4.60837e-08
1760464015.227 108.489 0.10175714 4.62436e-08
1760464015.278 108.556 0.10177391 3.64688e-08
1760464015.345 108.623 0.10190241 -4.61190e-09
1760464015.395 108.691 0.10200390 -6.95950e-09
1760464015.445 108.758 0.10210167 -1.38610e-09
1760464015.452 108.825 0.10210912 2.47905e-08
1760464015.458 108.892 0.10208956 6.30441e-08
1760464015.506 108.959 0.10218267 6.34997e-08
1760464015.512 109.026 0.10219665 6.81090e-09
1760464015.519 109.093 0.10219665 6.27141e-08
1760464015.527 109.160 0.10219665 7.19845e-08
1760464015.536 109.227 0.10223203 2.42278e-08
1760464015.546 109.294 0.10223389 7.01401e-08
1760464015.556 109.361 0.10219944 6.26163e-08
1760464015.607 109.428 0.10230466 9.00624e-08
1760464015.655 109.495 0.10244712 8.69182e-08
1760464015.662 109.561 0.10249554 1.43591e-08
1760464015.668 109.628 0.10254303 5.13333e-08
1760464015.676 109.695 0.10258586 8.10902e-08
1760464015.686 109.761 0.10258586 3.22520e-08
1760464015.696 109.828 0.10261101 8.53751e-08
1760464015.706 109.895 0.10266222 8.61051e-08
1760464015.716 109.961 0.10270691 2.19972e-08
1760464015.726 110.028 0.10276091 9.19985e-08
1760464015.736 110.094 0.10282516 5.77156e-08
1760464015.746 110.160 0.10285776 1.01677e-07
1760464015.756 110.227 0.10286427 9.58220e-08
1760464015.766 110.293 0.10289779 3.84154e-08
1760464015.776 110.359 0.10293504 1.00403e-07
1760464015.786 110.426 0.10298066 5.83012e-08
1760464015.796 110.492 0.10301232 1.05787e-07
1760464015.806 110.558 0.10306166 9.72468e-08
1760464015.816 110.624 0.10311195 3.69464e-08
1760464015.826 110.690 0.10312871 9.99120e-08
1760464015.836 110.756 0.10315572 5.08220e-08
1760464015.846 110.822 0.10319761 9.61266e-08
1760464015.856 110.888 0.10329353 7.99211e-08
1760464015.866 110.954 0.10329446 2.28429e-08
1760464015.876 111.020 0.10335591 7.83412e-08
1760464015.886 111.086 0.10340991 3.16671e-08
1760464015.896 111.151 0.10343133 7.31076e-08
1760464015.906 111.217 0.10350395 5.44847e-08
1760464015.916 111.283 0.10353841 2.57000e-11
1760464015.926 111.349 0.10359707 6.32469e-08
1760464015.936 111.414 0.10369763 2.06071e-08
1760464015.946 111.480 0.10375258 6.78259e-08
1760464015.956 111.545 0.10386710 5.02351e-08
1760464015.966 111.611 0.10388665 3.89300e-10
1760464015.976 111.676 0.10391272 6.08784e-08
1760464015.986 111.742 0.10398908 2.31800e-08
1760464015.996 111.807 0.10407754 6.80217e-08
1760464016.006 111.873 0.10415202 5.09502e-08
1760464016.016 111.938 0.10422000 -1.22160e-09
1760464016.026 112.003 0.10429542 6.68602e-08
1760464016.036 112.068 0.10433825 2.23364e-08
1760464016.046 112.134 0.10440530 6.57808e-08
1760464016.056 112.199 0.10449189 4.54396e-08
1760464016.066 112.264 0.10456731 1.04320e-09
1760464016.076 112.329 0.10462412 6.89314e-08
1760464016.086 112.394 0.10470605 4.12938e-08
1760464016.096 112.459 0.10475075 9.46540e-08
1760464016.106 112.524 0.10479078 1.01765e-07
1760464016.137 112.589 0.10509341 1.15715e-07
1760464016.164 112.654 0.10518652 1.28538e-06
1760464016.170 112.719 0.10523959 1.59794e-06
1760464016.177 112.784 0.10531409 1.78336e-06
1760464016.186 112.849 0.10531409 2.04632e-06
1760464016.196 112.913 0.10538113 2.60942e-06
1760464016.206 112.978 0.10543420 3.04262e-06
1760464016.216 113.043 0.10545375 3.45761e-06
1760464016.226 113.107 0.10552173 3.96135e-06
1760464016.236 113.172 0.10557946 4.21399e-06
1760464016.246 113.237 0.10563812 4.12927e-06
1760464016.256 113.301 0.10571260 4.00419e-06
1760464016.266 113.366 0.10577220 3.64404e-06
1760464016.276 113.430 0.10580386 3.53044e-06
1760464016.286 113.495 0.10585414 3.19764e-06
1760464016.296 113.559 0.10588021 2.85459e-06
1760464016.306 113.623 0.10594726 2.56294e-06
1760464016.316 113.688 0.10599381 2.07947e-06
1760464016.326 113.752 0.10601802 1.67005e-06
1760464016.336 113.816 0.10608227 1.22310e-06
1760464016.346 113.880 0.10613068 8.82610e-07
1760464016.356 113.945 0.10617818 5.66665e-07
1760464016.366 114.009 0.10622660 2.74664e-07
1760464016.376 114.073 0.10623591 1.91466e-07
1760464016.386 114.137 0.10628060 7.09304e-08
1760464016.396 114.201 0.10630574 8.80209e-08
1760464016.406 114.265 0.10638303 5.25061e-08
1760464016.416 114.329 0.10645659 -3.63190e-09
1760464016.426 114.393 0.10650035 6.60198e-08
1760464016.473 114.457 0.10675548 5.61138e-08
1760464016.524 114.521 0.10711211 6.03305e-08
1760464016.574 114.584 0.10743427 6.63333e-08
1760464016.641 114.648 0.10771362 6.31357e-08
1760464016.716 114.712 0.10779369 1.99633e-08
1760464016.726 114.776 0.10779369 6.38374e-08
1760464016.736 114.839 0.10776483 1.48622e-08
1760464016.746 114.903 0.10777973 5.94134e-08
1760464016.756 114.967 0.10779835 7.62486e-08
1760464016.825 115.030 0.10777507 6.56644e-08
1760464016.875 115.094 0.10783094 6.48542e-08
1760464016.925 115.157 0.10800506 6.53594e-08
1760464016.975 115.221 0.10813729 6.80842e-08
1760464016.983 115.284 0.10818291 1.87356e-08
1760464016.989 115.347 0.10818757 5.64762e-08
1760464016.995 115.411 0.10818757 7.88000e-10
1760464017.005 115.474 0.10823505 3.51061e-08
1760464017.015 115.537 0.10825833 4.23300e-09
1760464017.025 115.601 0.10827230 7.69376e-08
1760464017.073 115.664 0.10835797 6.15593e-08
1760464017.141 115.727 0.10847994 6.68300e-08
1760464017.191 115.790 0.10858703 6.37632e-08
1760464017.254 115.853 0.10879838 7.66916e-08
1760464017.260 115.916 0.10881236 2.08920e-08
1760464017.267 115.980 0.10882726 1.46947e-08
1760464017.275 116.043 0.10882726 5.77494e-08
1760464017.323 116.106 0.10889616 5.22766e-08
1760464017.374 116.169 0.10895947 6.21345e-08
1760464017.425 116.231 0.10899485 6.49294e-08
1760464017.474 116.294 0.10912894 6.75577e-08
1760464017.524 116.357 0.10923415 7.73888e-08
1760464017.531 116.420 0.10924348 3.45296e-08
1760464017.538 116.483 0.10928258 8.33846e-08
1760464017.545 116.545 0.10928258 1.10522e-08
1760464017.555 116.608 0.10927606 3.95574e-08
1760464017.565 116.671 0.10927513 1.00326e-08
1760464017.575 116.734 0.10931238 8.49864e-08
1760464017.585 116.796 0.10935986 4.09355e-08
1760464017.595 116.859 0.10934403 8.16293e-08
1760464017.605 116.921 0.10937103 4.39900e-08
1760464017.615 116.984 0.10942224 1.61920e-08
1760464017.625 117.046 0.10941759 9.27616e-08
1760464017.635 117.109 0.10945204 4.68321e-08
1760464017.645 117.171 0.10942969 8.72748e-08
1760464017.655 117.233 0.10944738 4.93649e-08
1760464017.665 117.296 0.10945297 2.11190e-08
1760464017.675 117.358 0.10947067 9.71919e-08
1760464017.685 117.420 0.10951071 5.26942e-08
1760464017.695 117.483 0.10954795 9.25425e-08
1760464017.705 117.545 0.10956657 5.33829e-08
1760464017.715 117.607 0.10960009 2.68591e-08
1760464017.725 117.669 0.10963641 1.07049e-07
1760464017.735 117.731 0.10967644 5.70587e-08
1760464017.745 117.793 0.10973604 9.35443e-08
1760464017.755 117.855 0.10978632 4.95063e-08
1760464017.806 117.917 0.11016343 9.60511e-08
1760464017.854 117.979 0.11038411 7.05541e-08
1760464017.861 118.041 0.11044743 -1.16257e-08
1760464017.910 118.103 0.11075656 5.36395e-08
1760464017.916 118.165 0.11078823 3.57457e-08
1760464017.925 118.227 0.11078823 6.76619e-08
1760464017.935 118.289 0.11084782 3.69893e-08
1760464017.945 118.351 0.11089158 8.75041e-08
1760464017.955 118.412 0.11092603 5.10953e-08
1760464017.965 118.474 0.11097724 2.68232e-08
1760464017.975 118.536 0.11100796 1.09347e-07
1760464017.985 118.597 0.11102939 6.73278e-08
1760464017.995 118.659 0.11107408 1.09330e-07
1760464018.005 118.721 0.11108153 6.54606e-08
1760464018.015 118.782 0.11107036 4.03172e-08
1760464018.025 118.844 0.11109643 1.25110e-07
1760464018.035 118.905 0.11111505 7.43829e-08
1760464018.045 118.967 0.11112622 1.07911e-07
1760464018.055 119.028 0.11112250 6.08663e-08
1760464018.065 119.090 0.11110667 4.01593e-08
1760464018.075 119.151 0.11109922 1.18281e-07
1760464018.085 119.212 0.11112995 6.83263e-08
1760464018.095 119.274 0.11117743 1.00896e-07
1760464018.105 119.335 0.11121840 5.56293e-08
1760464018.115 119.396 0.11125007 3.67730e-08
1760464018.125 119.457 0.11131059 1.15693e-07
1760464018.135 119.519 0.11135901 6.24950e-08
1760464018.145 119.580 0.11140184 9.27779e-08
1760464018.155 119.641 0.11142232 4.88403e-08
1760464018.165 119.702 0.11149309 2.14979e-08
1760464018.175 119.763 0.11155175 9.33447e-08
1760464018.185 119.824 0.11159179 4.18806e-08
1760464018.195 119.885 0.11166722 7.17527e-08
1760464018.205 119.946 0.11171284 1.99407e-08
1760464018.215 120.007 0.11177616 -2.63860e-09
1760464018.225 120.068 0.11184878 7.76367e-08
1760464018.272 120.129 0.11220634 4.76745e-08
1760464018.358 120.190 0.11276129 6.50362e-08
1760464018.408 120.250 0.11298476 2.24839e-07
1760464018.414 120.311 0.11298476 2.28502e-07
1760464018.424 120.372 0.11303598 3.65541e-07
1760464018.434 120.433 0.11306950 4.94708e-07
1760464018.444 120.493 0.11308626 7.48030e-07
1760464018.454 120.554 0.11307416 9.96163e-07
1760464018.464 120.615 0.11306485 1.23905e-06
1760464018.474 120.675 0.11307136 1.66541e-06
1760464018.484 120.736 0.11311047 1.90614e-06
1760464018.494 120.796 0.11310395 2.29965e-06
1760464018.504 120.857 0.11310768 2.51754e-06
1760464018.514 120.917 0.11310488 2.82215e-06
1760464018.524 120.978 0.11308906 3.06395e-06
1760464018.534 121.038 0.11306392 3.27863e-06
1760464018.544 121.099 0.11308719 3.65068e-06
1760464018.554 121.159 0.11310023 3.73026e-06
1760464018.564 121.219 0.11313375 3.97414e-06
1760464018.574 121.279 0.11315796 4.41985e-06
1760464018.584 121.340 0.11316261 4.67504e-06
1760464018.594 121.400 0.11316913 4.95242e-06
1760464018.604 121.460 0.11317937 5.60147e-06
1760464018.614 121.520 0.11324642 6.05333e-06
1760464018.624 121.581 0.11328553 6.66952e-06
1760464018.634 121.641 0.11331346 7.38127e-06
1760464018.644 121.701 0.11333767 8.40247e-06
1760464018.654 121.761 0.11341588 9.36261e-06
1760464018.664 121.821 0.11346337 1.08026e-05
1760464018.674 121.881 0.11352390 1.21642e-05
1760464018.684 121.941 0.11362725 1.38816e-05
1760464018.694 122.001 0.11367847 1.58441e-05
1760464018.704 122.061 0.11372502 1.78946e-05
1760464018.714 122.120 0.11377809 2.04367e-05
1760464018.724 122.180 0.11384513 2.42173e-05
1760464018.734 122.240 0.11394291 2.48024e-05
1760464018.744 122.300 0.11401553 2.76593e-05
1760464018.754 122.360 0.11407979 2.80423e-05
1760464018.764 122.419 0.11412262 2.68644e-05
1760464018.774 122.479 0.11419338 2.59193e-05
1760464018.784 122.539 0.11429487 2.42400e-05
1760464018.794 122.598 0.11433212 2.16786e-05
1760464018.804 122.658 0.11440754 1.96435e-05
1760464018.814 122.718 0.11447272 1.64197e-05
1760464018.824 122.777 0.11454349 1.39078e-05
1760464018.834 122.837 0.11460401 1.01139e-05
1760464018.844 122.896 0.11464870 6.46109e-06
1760464018.854 122.956 0.11473343 3.68174e-06
1760464018.864 123.015 0.11480514 1.78773e-06
1760464018.934 123.075 0.11515617 2.04314e-08
1760464018.941 123.134 0.11519341 6.34872e-08
1760464018.991 123.193 0.11545041 5.24744e-08
1760464019.041 123.253 0.11563851 4.88671e-08
1760464019.091 123.312 0.11575675 4.85384e-08
1760464019.142 123.371 0.11584800 4.89938e-08
1760464019.191 123.431 0.11588898 4.91232e-08
1760464019.242 123.490 0.11595136 4.94000e-08
1760464019.292 123.549 0.11598023 5.03462e-08
1760464019.342 123.608 0.11600443 4.93612e-08
1760464019.392 123.667 0.11611152 5.15199e-08
1760464019.484 123.726 0.11622884 2.49850e-09
1760464019.490 123.785 0.11626143 5.56388e-08
1760464019.539 123.844 0.11628006 4.07262e-08
1760464019.606 123.903 0.11634989 4.72262e-08
1760464019.657 123.962 0.11639924 4.85132e-08
1760464019.707 124.021 0.11648583 4.89576e-08
1760464019.757 124.080 0.11653705 5.00522e-08
1760464019.764 124.139 0.11653705 6.91340e-09
1760464019.774 124.198 0.11655288 5.31821e-08
1760464019.816 124.257 0.11662457 1.59169e-08
1760464019.830 124.316 0.11662457 8.30210e-09
1760464019.837 124.375 0.11662550 5.46224e-08
1760464019.844 124.433 0.11662550 3.76600e-10
1760464019.886 124.492 0.11667113 1.90666e-08
1760464019.900 124.551 0.11671396 -1.42580e-09
1760464019.907 124.609 0.11673445 4.82758e-08
1760464019.914 124.668 0.11673445 8.78290e-09
1760464019.924 124.727 0.11676052 6.30829e-08
1760464019.934 124.785 0.11678752 3.50260e-09
1760464019.944 124.844 0.11677914 4.36239e-08
1760464019.985 124.902 0.11690298 1.35834e-08
1760464020.036 124.961 0.11707431 1.39584e-08
1760464020.049 125.019 0.11710504 -1.58380e-09
1760464020.055 125.078 0.11715904 3.76825e-08
1760464020.096 125.136 0.11730337 1.89613e-08
1760464020.111 125.195 0.11735644 -2.01243e-08
1760464020.118 125.253 0.11739089 4.34493e-08
1760464020.124 125.312 0.11743001 4.46409e-08
1760464020.172 125.370 0.11754174 4.74979e-08
1760464020.223 125.428 0.11767676 7.41925e-08
1760464020.275 125.486 0.11774286 1.01308e-07
1760464020.285 125.545 0.11776614 1.07361e-07
1760464020.294 125.603 0.11776614 1.07042e-07
1760464020.304 125.661 0.11781456 7.19386e-08
1760464020.314 125.719 0.11783226 5.31723e-08
1760464020.324 125.777 0.11785460 1.25592e-07
1760464020.334 125.836 0.11786392 8.53749e-08
1760464020.344 125.894 0.11788719 1.23147e-07
1760464020.358 125.952 0.11790395 1.26488e-07
1760464020.364 126.010 0.11791792 7.85157e-08
1760464020.373 126.068 0.11791792 1.36828e-07
1760464020.383 126.126 0.11793375 8.83962e-08
1760464020.393 126.184 0.11796168 1.27483e-07
1760464020.403 126.242 0.11797751 8.75278e-08
1760464020.413 126.299 0.11801475 1.05268e-07
1760464020.423 126.357 0.11800730 1.52404e-07
1760464020.433 126.415 0.11805201 8.22424e-08
1760464020.443 126.473 0.11805758 1.24034e-07
1760464020.453 126.531 0.11809763 8.78411e-08
1760464020.463 126.589 0.11812742 1.04132e-07
1760464020.473 126.646 0.11816187 1.40574e-07
1760464020.483 126.704 0.11817957 7.62939e-08
1760464020.493 126.762 0.11824474 1.17137e-07
1760464020.503 126.819 0.11830900 7.20890e-08
1760464020.513 126.877 0.11833600 8.79157e-08
1760464020.523 126.935 0.11837417 1.28134e-07
1760464020.533 126.992 0.11839280 5.32424e-08
1760464020.565 127.050 0.11865072 9.31226e-08
1760464020.588 127.107 0.11878946 6.15381e-08
1760464020.655 127.165 0.11920009 5.69295e-08
1760464020.723 127.222 0.11950923 6.69031e-08
1760464020.772 127.280 0.11962935 5.72133e-08
1760464020.823 127.337 0.11969173 6.24889e-08
1760464020.873 127.395 0.11965262 5.89878e-08
1760464020.923 127.452 0.11964797 6.51869e-08
1760464020.973 127.509 0.11967031 6.03395e-08
1760464021.041 127.567 0.11975970 6.51630e-08
1760464021.120 127.624 0.11991893 8.20003e-08
1760464021.126 127.681 0.11995151 2.34889e-08
1760464021.175 127.738 0.11995617 6.24785e-08
1760464021.183 127.796 0.11995617 1.75628e-08
1760464021.193 127.853 0.11998596 6.89329e-08
1760464021.203 127.910 0.12002600 2.46061e-08
1760464021.213 127.967 0.12002879 -1.55300e-10
1760464021.223 128.024 0.12000645 8.06323e-08
1760464021.272 128.081 0.12006046 5.49231e-08
1760464021.322 128.138 0.12012564 5.79707e-08
1760464021.390 128.195 0.12032956 8.89933e-08
1760464021.396 128.252 0.12033514 5.40750e-08
1760464021.403 128.309 0.12033514 1.28510e-07
1760464021.413 128.366 0.12036587 8.72372e-08
1760464021.423 128.423 0.12039101 1.87822e-07
1760464021.433 128.480 0.12042918 1.62838e-07
1760464021.443 128.537 0.12045246 2.92370e-07
1760464021.453 128.594 0.12047575 2.98199e-07
1760464021.463 128.651 0.12050461 3.91584e-07
1760464021.473 128.708 0.12054093 5.48455e-07
1760464021.483 128.764 0.12051672 6.00492e-07
1760464021.493 128.821 0.12054093 7.81540e-07
1760464021.503 128.878 0.12055117 9.24313e-07
1760464021.513 128.935 0.12059214 1.12812e-06
1760464021.523 128.991 0.12062938 1.32063e-06
1760464021.533 129.048 0.12064055 1.53257e-06
1760464021.543 129.105 0.12062472 1.82451e-06
1760464021.553 129.161 0.12066010 1.95581e-06
1760464021.563 129.218 0.12070574 2.22627e-06
1760464021.573 129.274 0.12071038 2.69885e-06
1760464021.583 129.331 0.12073553 3.16251e-06
1760464021.593 129.387 0.12074484 3.51638e-06
1760464021.603 129.444 0.12076347 4.10944e-06
1760464021.613 129.500 0.12082213 4.75569e-06
1760464021.623 129.557 0.12088078 5.59566e-06
1760464021.672 129.613 0.12114522 8.66800e-06
1760464021.679 129.670 0.12119458 1.28750e-05
1760464021.686 129.726 0.12124393 1.37837e-05
1760464021.694 129.782 0.12128862 1.54054e-05
1760464021.703 129.839 0.12128862 1.65198e-05
1760464021.713 129.895 0.12135940 1.88829e-05
1760464021.723 129.951 0.12149533 2.22956e-05
1760464021.733 130.008 0.12149533 2.23610e-05
1760464021.743 130.064 0.12155586 2.64479e-05
1760464021.753 130.120 0.12157356 2.99567e-05
1760464021.763 130.176 0.12161173 3.28536e-05
1760464021.796 130.232 0.12186407 3.96968e-05
1760464021.803 130.288 0.12186407 3.87833e-05
1760464021.813 130.344 0.12191993 3.87395e-05
1760464021.823 130.401 0.12195531 3.69607e-05
1760464021.833 130.457 0.12197673 3.62110e-05
1760464021.843 130.513 0.12201585 3.43734e-05
1760464021.853 130.569 0.12206612 3.15939e-05
1760464021.863 130.625 0.12213316 3.02466e-05
1760464021.873 130.681 0.12216110 2.84172e-05
1760464021.883 130.737 0.12216761 2.60595e-05
1760464021.893 130.792 0.12219555 2.33703e-05
1760464021.903 130.848 0.12227470 2.04496e-05
1760464021.913 130.904 0.12230356 1.72349e-05
1760464021.923 130.960 0.12230636 1.48602e-05
1760464021.933 131.016 0.12236501 1.16505e-05
1760464021.943 131.072 0.12240598 9.20915e-06
1760464021.953 131.127 0.12243950 6.67773e-06
1760464021.963 131.183 0.12247769 4.71115e-06
1760464021.973 131.239 0.12251959 3.14519e-06
1760464021.982 131.295 0.12258476 1.80900e-06
1760464021.992 131.350 0.12259873 9.25283e-07
1760464022.002 131.406 0.12265553 4.22597e-07
1760464022.012 131.461 0.12271885 2.11674e-07
1760464022.022 131.517 0.12274864 1.59036e-07
1760464022.032 131.573 0.12280544 6.67713e-08
1760464022.042 131.628 0.12284548 9.32396e-08
1760464022.052 131.684 0.12288272 4.61655e-08
1760464022.062 131.739 0.12292463 7.90052e-08
1760464022.072 131.795 0.12299167 8.39140e-08
1760464022.138 131.850 0.12338089 4.79794e-08
1760464022.224 131.906 0.12386228 5.51246e-08
1760464022.272 131.961 0.12401406 4.87647e-08
1760464022.323 132.016 0.12409227 5.79469e-08
1760464022.373 132.072 0.12407458 5.35807e-08
1760464022.423 132.127 0.12406434 6.03199e-08
1760464022.473 132.182 0.12407458 5.47472e-08
1760464022.523 132.238 0.12413045 6.57825e-08
1760464022.573 132.293 0.12424870 6.17366e-08
1760464022.623 132.348 0.12427198 5.76581e-08
1760464022.674 132.403 0.12435485 5.81539e-08
1760464022.761 132.459 0.12447031 -5.92640e-09
1760464022.811 132.514 0.12449545 -5.89450e-09
1760464022.864 132.569 0.12457646 2.24332e-08
1760464022.872 132.624 0.12457646 6.93482e-08
1760464022.920 132.679 0.12459042 7.45083e-08
1760464022.927 132.734 0.12459415 3.29590e-09
1760464022.975 132.789 0.12462674 5.95133e-08
1760464022.982 132.844 0.12462674 9.99840e-09
1760464022.992 132.900 0.12467889 5.94659e-08
1760464023.002 132.955 0.12465560 1.33112e-08
1760464023.012 133.009 0.12466958 1.24290e-09
1760464023.022 133.064 0.12471148 7.82771e-08
1760464023.071 133.119 0.12476548 5.60033e-08
1760464023.121 133.174 0.12488188 5.84939e-08
1760464023.127 133.229 0.12491446 -5.34430e-09
1760464023.175 133.284 0.12502992 5.14868e-08
1760464023.182 133.339 0.12510442 1.10529e-08
1760464023.192 133.394 0.12510442 4.91933e-08
1760464023.241 133.448 0.12518728 5.59966e-08
1760464023.315 133.503 0.12536141 1.16723e-08
1760464023.322 133.558 0.12536141 3.90473e-08
1760464023.363 133.613 0.12543776 1.51355e-08
1760464023.378 133.667 0.12545731 -1.82496e-08
1760464023.384 133.722 0.12545638 9.10020e-09
1760464023.392 133.777 0.12545638 4.30377e-08
1760464023.451 133.831 0.12555043 -1.93143e-09
1760464023.458 133.886 0.12557091 1.91147e-08
1760464023.464 133.941 0.12558116 -1.71440e-09
1760464023.472 133.995 0.12558116 1.13769e-08
1760464023.482 134.050 0.12558767 1.99802e-09
1760464023.492 134.104 0.12559885 8.18588e-09
1760464023.502 134.159 0.12563609 -6.79672e-09
1760464023.512 134.213 0.12565285 1.17626e-08
1760464023.522 134.268 0.12564633 -7.05193e-09
1760464023.532 134.322 0.12568916 -1.96735e-09
1760464023.542 134.377 0.12570406 2.37472e-09
1760464023.552 134.431 0.12571058 -1.20610e-08
1760464023.562 134.485 0.12574503 7.18587e-09
1760464023.572 134.540 0.12574782 -1.38269e-08
1760464023.582 134.594 0.12575527 -7.30463e-09
1760464023.592 134.648 0.12580835 4.35450e-10
1760464023.602 134.703 0.12584560 -1.17462e-08
1760464023.612 134.757 0.12587818 8.67661e-09
1760464023.621 134.811 0.12588563 -8.48747e-09
1760464023.631 134.865 0.12596943 -5.63960e-10
1760464023.641 134.920 0.12602717 6.68978e-09
1760464023.651 134.974 0.12602624 -4.86243e-09
1760464023.661 135.028 0.12606348 1.65725e-08
1760464023.671 135.082 0.12613797 -1.00985e-09
1760464023.715 135.136 0.12637820 9.62135e-09
1760464023.729 135.190 0.12644618 5.41430e-09
1760464023.737 135.244 0.12649925 5.50021e-08
1760464023.743 135.298 0.12652346 7.44900e-10
1760464023.751 135.352 0.12652346 3.50740e-09
1760464023.761 135.406 0.12657840 5.23999e-08
1760464023.810 135.460 0.12684563 1.82554e-08
1760464023.882 135.514 0.12720505 1.35974e-08
1760464023.892 135.568 0.12720505 4.98266e-08
1760464023.901 135.622 0.12721343 6.75910e-09
1760464023.911 135.676 0.12726743 5.62503e-08
1760464023.959 135.730 0.12737918 2.98880e-08
1760464024.009 135.784 0.12744715 2.37038e-08
1760464024.060 135.838 0.12748439 2.01431e-08
1760464024.110 135.891 0.12755516 1.58092e-08
1760464024.160 135.945 0.12760637 1.24035e-08
1760464024.210 135.999 0.12770134 -1.91460e-09
1760464024.260 136.053 0.12777305 4.35860e-09
1760464024.310 136.106 0.12782240 3.23090e-09
1760464024.360 136.160 0.12787174 -1.27100e-09
1760464024.420 136.214 0.12794064 7.71114e-08
1760464024.426 136.267 0.12793878 2.60020e-08
1760464024.474 136.321 0.12800117 6.10377e-08
1760464024.524 136.375 0.12804401 6.14111e-08
1760464024.575 136.428 0.12810360 6.41705e-08
1760464024.582 136.482 0.12812967 1.55830e-08
1760464024.591 136.535 0.12812967 7.11684e-08
1760464024.601 136.589 0.12814736 1.96582e-08
1760464024.611 136.642 0.12813618 6.41601e-08
1760464024.621 136.696 0.12815946 3.70120e-08
1760464024.631 136.749 0.12818182 9.54600e-10
1760464024.641 136.803 0.12820603 7.21820e-08
1760464024.651 136.856 0.12820323 2.29810e-08
1760464024.661 136.910 0.12819951 6.81917e-08
1760464024.671 136.963 0.12823861 7.61702e-08
1760464024.681 137.016 0.12825444 5.84450e-09
1760464024.691 137.070 0.12826468 6.64118e-08
1760464024.701 137.123 0.12828889 2.40186e-08
1760464024.711 137.176 0.12828796 5.89634e-08
1760464024.721 137.230 0.12830658 7.65797e-08
1760464024.770 137.283 0.12842950 9.09452e-08
1760464024.776 137.336 0.12846674 3.07163e-08
1760464024.782 137.389 0.12852447 3.50535e-08
1760464024.791 137.443 0.12852447 7.60615e-08
1760464024.801 137.496 0.12856637 4.47300e-08
1760464024.811 137.549 0.12860454 8.42644e-08
1760464024.821 137.602 0.12863899 5.06212e-08
1760464024.831 137.655 0.12868276 2.64625e-08
1760464024.841 137.708 0.12873863 9.91656e-08
1760464024.851 137.761 0.12877680 5.72064e-08
1760464024.861 137.815 0.12880474 9.64201e-08
1760464024.871 137.868 0.12887458 8.26523e-08
1760464024.881 137.921 0.12894069 4.06820e-08
1760464024.891 137.974 0.12895745 1.14420e-07
1760464024.901 138.027 0.12899469 7.23538e-08
1760464024.911 138.080 0.12904590 1.08478e-07
1760464024.921 138.132 0.12908874 8.09833e-08
1760464024.971 138.185 0.12933270 1.35227e-07
1760464024.977 138.238 0.12935597 5.06364e-08
1760464024.983 138.291 0.12938298 7.00711e-08
1760464024.991 138.344 0.12938298 1.14504e-07
1760464025.001 138.397 0.12944722 6.98823e-08
1760464025.011 138.450 0.12949378 1.06520e-07
1760464025.021 138.502 0.12953848 7.09318e-08
1760464025.031 138.555 0.12956269 3.79775e-08
1760464025.041 138.608 0.12962600 1.07391e-07
1760464025.051 138.661 0.12965393 5.25450e-08
1760464025.061 138.713 0.12969304 8.86152e-08
1760464025.071 138.766 0.12973773 4.52200e-08
1760464025.081 138.819 0.12977405 2.01113e-08
1760464025.091 138.871 0.12981223 8.70956e-08
1760464025.139 138.924 0.13004222 4.89668e-08
1760464025.189 138.977 0.13020331 4.17607e-08
1760464025.239 139.029 0.13039140 4.12753e-08
1760464025.289 139.082 0.13060555 5.07025e-08
1760464025.340 139.134 0.13072008 5.12940e-08
