1760488877.549 33.800 0.03273961 4.55101e-08
1760488877.599 33.935 0.03273496 4.47645e-08
1760488877.649 34.070 0.03270144 4.51968e-08
1760488877.655 34.204 0.03272378 -1.90630e-09
1760488877.703 34.337 0.03275172 3.64922e-08
1760488877.753 34.470 0.03279269 3.27236e-08
1760488877.759 34.602 0.03283831 1.16122e-08
1760488877.769 34.734 0.03283831 4.56058e-08
1760488877.817 34.866 0.03298357 6.01108e-08
1760488877.868 34.997 0.03319866 5.91837e-08
1760488877.918 35.127 0.03342586 6.06953e-08
1760488877.971 35.257 0.03368937 1.09485e-06
1760488877.980 35.386 0.03372661 3.54756e-06
1760488877.989 35.515 0.03372661 5.16799e-06
1760488878.000 35.644 0.03377224 8.48795e-06
1760488878.010 35.772 0.03380669 1.21781e-05
1760488878.020 35.899 0.03381694 1.92339e-05
1760488878.029 36.026 0.03384953 2.20246e-05
1760488878.039 36.153 0.03387560 2.26422e-05
1760488878.050 36.279 0.03391471 2.11886e-05
1760488878.105 36.405 0.03405437 3.12357e-06
1760488878.111 36.530 0.03407300 2.07014e-06
1760488878.119 36.655 0.03408510 1.18028e-06
1760488878.129 36.780 0.03408510 6.53087e-07
1760488878.139 36.904 0.03412235 3.80177e-07
1760488878.149 37.028 0.03419591 1.02746e-07
1760488878.200 37.151 0.03456650 4.34110e-08
1760488878.250 37.274 0.03500413 4.29143e-08
1760488878.300 37.396 0.03543711 5.11497e-08
1760488878.350 37.518 0.03579467 5.95118e-08
1760488878.400 37.640 0.03598368 5.54778e-08
1760488878.450 37.761 0.03604048 5.14521e-08
1760488878.500 37.882 0.03605073 5.02859e-08
1760488878.550 38.002 0.03601255 4.97355e-08
1760488878.600 38.123 0.03608983 4.92215e-08
1760488878.689 38.242 0.03626396 -5.63070e-09
1760488878.739 38.362 0.03644460 -8.14440e-09
1760488878.789 38.481 0.03653585 -8.67960e-09
1760488878.839 38.599 0.03663827 -8.61230e-09
1760488878.889 38.718 0.03670159 -8.68950e-09
1760488878.939 38.835 0.03676677 -7.49800e-09
1760488878.989 38.953 0.03686268 -7.78490e-09
1760488879.039 39.070 0.03697162 -7.78030e-09
1760488879.089 39.187 0.03710663 -7.98000e-09
1760488879.141 39.303 0.03721278 -4.48310e-09
1760488879.149 39.420 0.03721278 6.78947e-08
1760488879.225 39.535 0.03741577 1.73359e-08
1760488879.231 39.651 0.03741298 6.64151e-08
1760488879.239 39.766 0.03741298 1.45611e-08
1760488879.287 39.881 0.03751633 4.61761e-08
1760488879.339 39.995 0.03766531 -1.01768e-08
1760488879.389 40.109 0.03783106 -1.06872e-08
1760488879.439 40.223 0.03803218 -1.07877e-08
1760488879.489 40.337 0.03816720 -1.06638e-08
1760488879.539 40.450 0.03831059 -1.11295e-08
1760488879.589 40.563 0.03837763 -1.16565e-08
1760488879.639 40.675 0.03845398 -1.15696e-08
1760488879.689 40.787 0.03857503 -1.28785e-08
1760488879.762 40.899 0.03868770 2.34020e-08
1760488879.769 41.011 0.03871843 5.96078e-08
1760488879.817 41.122 0.03878361 4.50761e-08
1760488879.867 41.233 0.03889720 4.44890e-08
1760488879.918 41.344 0.03901173 4.77094e-08
1760488879.967 41.454 0.03910764 4.93950e-08
1760488880.018 41.565 0.03924917 5.72131e-08
1760488880.068 41.674 0.03938977 5.15097e-08
1760488880.118 41.784 0.03945775 5.32858e-08
1760488880.168 41.893 0.03958345 5.27629e-08
1760488880.219 42.002 0.03966632 5.69622e-08
1760488880.298 42.111 0.03979947 7.40136e-08
1760488880.304 42.219 0.03980879 3.86732e-08
1760488880.311 42.327 0.03982555 8.65770e-09
1760488880.318 42.435 0.03982555 4.25856e-08
1760488880.367 42.543 0.03994566 4.66585e-08
1760488880.417 42.650 0.04001550 4.35228e-08
1760488880.468 42.757 0.04016448 4.52199e-08
1760488880.518 42.864 0.04037491 4.72413e-08
1760488880.568 42.971 0.04059652 4.65643e-08
1760488880.618 43.077 0.04072316 4.70777e-08
1760488880.668 43.183 0.04081441 4.91506e-08
1760488880.719 43.289 0.04090287 5.36856e-08
1760488880.768 43.394 0.04094291 5.07397e-08
1760488880.836 43.499 0.04100529 5.37264e-08
1760488880.887 43.604 0.04113751 5.39149e-08
1760488880.937 43.709 0.04124739 5.18192e-08
1760488880.987 43.813 0.04132002 5.04131e-08
1760488881.037 43.918 0.04144106 4.95887e-08
1760488881.088 44.022 0.04150811 4.83591e-08
1760488881.138 44.125 0.04160308 4.78752e-08
1760488881.187 44.229 0.04169806 4.52710e-08
1760488881.238 44.332 0.04182748 4.51917e-08
1760488881.288 44.435 0.04188522 3.05872e-08
1760488881.339 44.538 0.04201744 1.06338e-08
1760488881.388 44.640 0.04211614 5.37226e-08
1760488881.436 44.743 0.04219621 5.54413e-08
1760488881.486 44.845 0.04226419 5.47686e-08
1760488881.537 44.947 0.04235358 5.48353e-08
1760488881.587 45.048 0.04246904 5.28273e-08
1760488881.637 45.149 0.04254818 5.05829e-08
1760488881.687 45.251 0.04263478 5.03712e-08
1760488881.737 45.352 0.04273813 5.07098e-08
1760488881.787 45.452 0.04282566 5.06170e-08
1760488881.838 45.553 0.04292529 4.96540e-08
1760488881.888 45.653 0.04302585 4.98166e-08
1760488881.973 45.753 0.04319532 -9.95960e-09
1760488882.024 45.853 0.04325584 -9.66340e-09
1760488882.074 45.952 0.04334151 -1.01775e-08
1760488882.124 46.052 0.04341041 -9.23320e-09
1760488882.174 46.151 0.04350539 -1.03410e-08
1760488882.224 46.250 0.04356219 -9.51000e-09
1760488882.274 46.349 0.04362644 -6.06540e-09
1760488882.325 46.447 0.04375214 -2.30470e-09
1760488882.375 46.545 0.04383222 -1.82490e-09
1760488882.425 46.644 0.04391322 -6.95000e-10
1760488882.475 46.741 0.04403893 7.24700e-10
1760488882.526 46.839 0.04410783 5.08040e-09
1760488882.532 46.937 0.04413204 6.49293e-08
1760488882.538 47.034 0.04416836 3.11691e-08
1760488882.586 47.131 0.04421957 6.05595e-08
1760488882.639 47.228 0.04432106 2.78751e-08
1760488882.689 47.325 0.04448587 2.48595e-08
1760488882.740 47.421 0.04460133 9.23520e-09
1760488882.789 47.517 0.04476987 1.05505e-08
1760488882.839 47.614 0.04488533 3.81240e-09
1760488882.890 47.709 0.04497100 3.05100e-10
1760488882.940 47.805 0.04504548 6.66700e-10
1760488882.990 47.901 0.04511532 -5.52860e-09
1760488883.078 47.996 0.04526430 1.69297e-08
1760488883.087 48.091 0.04526430 4.89302e-08
1760488883.153 48.186 0.04537976 5.91573e-08
1760488883.221 48.281 0.04549708 5.59250e-08
1760488883.271 48.376 0.04558647 5.46744e-08
1760488883.321 48.470 0.04567679 5.55228e-08
1760488883.371 48.564 0.04571869 5.41377e-08
1760488883.421 48.658 0.04582019 5.46779e-08
1760488883.470 48.752 0.04587326 5.32986e-08
1760488883.521 48.846 0.04600828 5.29552e-08
1760488883.571 48.939 0.04605670 5.21798e-08
1760488883.642 49.033 0.04617961 3.40980e-09
1760488883.649 49.126 0.04621033 6.70850e-08
1760488883.657 49.219 0.04625317 -4.82110e-09
1760488883.705 49.311 0.04629413 4.77471e-08
1760488883.755 49.404 0.04639470 5.29801e-08
1760488883.761 49.497 0.04641798 1.13927e-08
1760488883.768 49.589 0.04640960 4.51020e-08
1760488883.816 49.681 0.04655671 6.53546e-08
1760488883.826 49.773 0.04655671 2.29222e-08
1760488883.836 49.865 0.04654927 7.20081e-08
1760488883.885 49.956 0.04667962 4.58534e-08
1760488883.935 50.048 0.04689844 4.62426e-08
1760488883.986 50.139 0.04709212 4.71758e-08
1760488884.035 50.230 0.04728114 4.70304e-08
1760488884.085 50.321 0.04741243 4.73042e-08
1760488884.136 50.412 0.04751578 5.09677e-08
1760488884.208 50.502 0.04757724 -1.08960e-09
1760488884.216 50.593 0.04757724 6.95582e-08
1760488884.226 50.683 0.04761355 5.58268e-08
1760488884.236 50.773 0.04761449 8.79290e-08
1760488884.246 50.863 0.04763776 4.23107e-08
1760488884.256 50.953 0.04762100 1.32643e-07
1760488884.266 51.042 0.04760890 1.23541e-07
1760488884.276 51.132 0.04763218 3.23387e-07
1760488884.286 51.221 0.04768339 3.79965e-07
1760488884.296 51.310 0.04769363 3.62484e-07
1760488884.306 51.399 0.04771318 5.45976e-07
1760488884.316 51.488 0.04772436 6.38370e-07
1760488884.326 51.577 0.04772901 1.02804e-06
1760488884.336 51.666 0.04772808 1.39458e-06
1760488884.346 51.754 0.04774298 2.62507e-06
1760488884.356 51.842 0.04778581 3.35410e-06
1760488884.366 51.930 0.04781654 4.18855e-06
1760488884.376 52.018 0.04786682 5.24992e-06
1760488884.386 52.106 0.04788731 7.36666e-06
1760488884.396 52.194 0.04794876 9.42396e-06
1760488884.406 52.281 0.04800463 1.52368e-05
1760488884.416 52.369 0.04809122 1.72475e-05
1760488884.426 52.456 0.04814895 1.73954e-05
1760488884.436 52.543 0.04817503 1.67141e-05
1760488884.446 52.630 0.04825324 1.44448e-05
1760488884.456 52.717 0.04835474 1.16162e-05
1760488884.466 52.803 0.04842457 4.51776e-06
1760488884.475 52.890 0.04852420 8.99901e-07
1760488884.486 52.976 0.04862756 5.91091e-07
1760488884.495 53.062 0.04870112 1.22123e-07
1760488884.505 53.148 0.04882775 7.66509e-08
1760488884.515 53.234 0.04891342 2.30985e-08
1760488884.525 53.320 0.04902981 5.62470e-08
1760488884.573 53.406 0.04954100 7.70500e-09
1760488884.623 53.491 0.05002798 5.82900e-10
1760488884.674 53.577 0.05040137 1.02715e-08
1760488884.746 53.662 0.05069747 9.59000e-09
1760488884.756 53.747 0.05069747 5.99832e-08
1760488884.766 53.832 0.05073006 1.67858e-08
1760488884.776 53.917 0.05074496 4.10717e-08
1760488884.786 54.002 0.05072727 7.07563e-08
1760488884.851 54.086 0.05067791 6.86259e-08
1760488884.858 54.171 0.05067698 7.86880e-09
1760488884.866 54.255 0.05067698 5.10629e-08
1760488884.876 54.339 0.05070120 5.94878e-08
1760488884.886 54.423 0.05069654 8.97102e-08
1760488884.935 54.507 0.05079244 8.11348e-08
1760488884.942 54.591 0.05080548 2.57663e-08
1760488884.948 54.675 0.05083807 7.68126e-08
1760488884.955 54.758 0.05083807 1.01413e-07
1760488884.965 54.842 0.05089114 6.14235e-08
1760488884.975 54.925 0.05091256 1.09316e-07
1760488884.985 55.008 0.05096471 1.08094e-07
1760488884.995 55.091 0.05103174 2.65764e-07
1760488885.005 55.174 0.05106248 6.99122e-07
1760488885.015 55.257 0.05110903 1.44069e-06
1760488885.025 55.340 0.05116676 3.78532e-06
1760488885.035 55.422 0.05119004 6.68741e-06
1760488885.045 55.505 0.05123659 1.59680e-05
1760488885.055 55.587 0.05129433 3.48491e-05
1760488885.065 55.669 0.05134740 4.08647e-05
1760488885.075 55.751 0.05142655 6.05456e-05
1760488885.085 55.833 0.05150197 8.01090e-05
1760488885.095 55.915 0.05156249 8.01911e-05
1760488885.105 55.997 0.05159974 7.57025e-05
1760488885.115 56.078 0.05166212 7.20578e-05
1760488885.125 56.160 0.05172265 5.01961e-05
1760488885.135 56.241 0.05180738 2.48224e-05
1760488885.145 56.322 0.05187815 4.24161e-06
1760488885.155 56.403 0.05191725 3.75452e-06
1760488885.165 56.484 0.05200292 4.87253e-06
1760488885.175 56.565 0.05209045 8.46417e-06
1760488885.185 56.646 0.05214818 1.05253e-05
1760488885.195 56.727 0.05221894 9.81387e-06
1760488885.205 56.807 0.05233533 8.01028e-06
1760488885.215 56.888 0.05242286 5.12156e-06
1760488885.225 56.968 0.05251318 7.11268e-07
1760488885.235 57.048 0.05259885 2.55865e-07
1760488885.245 57.128 0.05267985 1.62034e-07
1760488885.283 57.208 0.05300947 1.40485e-06
1760488885.290 57.288 0.05308676 1.20171e-06
1760488885.297 57.368 0.05316777 9.92570e-07
1760488885.305 57.447 0.05316777 7.25676e-07
1760488885.315 57.527 0.05326833 2.48067e-07
1760488885.325 57.606 0.05334748 2.98998e-08
1760488885.335 57.686 0.05344804 5.36817e-08
1760488885.345 57.765 0.05351415 6.31900e-10
1760488885.355 57.844 0.05358119 5.70236e-08
1760488885.365 57.923 0.05366034 2.25562e-08
1760488885.375 58.002 0.05374787 6.73505e-08
1760488885.385 58.080 0.05380653 8.00191e-08
1760488885.395 58.159 0.05386146 1.03267e-07
1760488885.405 58.238 0.05390989 2.68390e-07
1760488885.415 58.316 0.05397599 2.38870e-07
1760488885.425 58.394 0.05404397 3.46646e-07
1760488885.435 58.473 0.05408214 3.17946e-07
1760488885.445 58.551 0.05413336 1.92520e-07
1760488885.455 58.629 0.05420226 2.11713e-07
1760488885.465 58.707 0.05429258 5.85309e-08
1760488885.475 58.785 0.05432889 9.03630e-08
1760488885.485 58.862 0.05437638 7.88156e-08
1760488885.495 58.940 0.05441176 3.32865e-08
1760488885.505 59.017 0.05447788 1.22156e-07
1760488885.515 59.095 0.05453840 1.15449e-07
1760488885.525 59.172 0.05460637 1.94119e-07
1760488885.535 59.249 0.05465572 2.79543e-07
1760488885.545 59.326 0.05470414 2.52712e-07
1760488885.555 59.403 0.05480098 2.88513e-07
1760488885.565 59.480 0.05487826 2.27669e-07
1760488885.575 59.557 0.05493506 2.32561e-07
1760488885.585 59.634 0.05502818 1.69934e-07
1760488885.595 59.710 0.05508404 5.25493e-08
1760488885.605 59.787 0.05516133 1.21274e-07
1760488885.615 59.863 0.05523954 7.44130e-08
1760488885.625 59.940 0.05530938 1.33708e-07
1760488885.635 60.016 0.05539225 1.48141e-06
1760488885.645 60.092 0.05549560 1.03237e-05
1760488885.655 60.168 0.05553378 2.90660e-05
1760488885.665 60.244 0.05561665 6.36225e-05
1760488885.675 60.320 0.05571070 1.18834e-04
1760488885.685 60.396 0.05577495 1.97311e-04
1760488885.695 60.471 0.05584012 2.45593e-04
1760488885.705 60.547 0.05591648 2.17843e-04
1760488885.715 60.622 0.05601704 1.51877e-04
1760488885.725 60.698 0.05609898 8.87782e-05
1760488885.735 60.773 0.05617626 2.05448e-05
1760488885.745 60.848 0.05624703 2.72530e-06
1760488885.755 60.923 0.05631128 1.06524e-06
1760488885.765 60.998 0.05639601 3.29566e-07
1760488885.775 61.073 0.05648075 1.91579e-07
1760488885.785 61.148 0.05651613 1.27347e-07
1760488885.815 61.222 0.05674891 2.43667e-08
1760488885.827 61.297 0.05688765 7.69638e-07
1760488885.835 61.372 0.05688765 1.86906e-06
1760488885.845 61.446 0.05695097 4.47947e-06
1760488885.855 61.520 0.05702546 8.59741e-06
1760488885.865 61.595 0.05709343 1.55017e-05
1760488885.875 61.669 0.05715861 2.52239e-05
1760488885.885 61.743 0.05722379 2.63798e-05
1760488885.895 61.817 0.05728618 2.54400e-05
1760488885.905 61.891 0.05734298 1.98400e-05
1760488885.915 61.965 0.05741746 1.25001e-05
1760488885.925 62.038 0.05748171 6.57266e-06
1760488885.935 62.112 0.05754317 1.94251e-06
1760488885.945 62.186 0.05758042 1.22908e-06
1760488885.955 62.259 0.05765956 1.09710e-06
1760488885.965 62.332 0.05772474 7.44688e-07
1760488885.975 62.406 0.05777037 7.86399e-07
1760488885.985 62.479 0.05781692 7.10640e-07
1760488885.995 62.552 0.05786721 4.48843e-07
1760488886.005 62.625 0.05794449 4.23492e-07
1760488886.015 62.698 0.05800036 2.76532e-07
1760488886.025 62.771 0.05805622 9.75868e-08
1760488886.035 62.844 0.05808882 1.37899e-07
1760488886.045 62.916 0.05817355 1.46350e-07
1760488886.055 62.989 0.05824152 2.52350e-07
1760488886.065 63.062 0.05828063 2.24983e-07
1760488886.075 63.134 0.05835233 2.77739e-07
1760488886.085 63.206 0.05842589 3.06541e-07
1760488886.095 63.279 0.05847337 1.80376e-07
1760488886.105 63.351 0.05852738 2.27884e-07
1760488886.115 63.423 0.05861025 1.07030e-07
1760488886.125 63.495 0.05866333 1.09184e-07
1760488886.135 63.567 0.05870616 6.64741e-08
1760488886.145 63.639 0.05878810 1.14587e-07
1760488886.155 63.711 0.05887562 5.58245e-07
1760488886.165 63.782 0.05895942 9.19997e-07
1760488886.175 63.854 0.05901343 1.79326e-06
1760488886.185 63.926 0.05910934 3.20527e-06
1760488886.195 63.997 0.05916427 3.98803e-06
1760488886.205 64.068 0.05926670 4.41719e-06
1760488886.215 64.140 0.05930860 3.93992e-06
1760488886.225 64.211 0.05936912 3.00232e-06
1760488886.234 64.282 0.05945106 1.74232e-06
1760488886.244 64.353 0.05954232 5.24607e-07
1760488886.255 64.424 0.05960656 3.30986e-07
1760488886.264 64.495 0.05965312 2.72805e-07
1760488886.274 64.566 0.05973226 5.64970e-07
1760488886.284 64.637 0.05981793 7.39398e-07
1760488886.294 64.707 0.05988777 1.05799e-06
1760488886.305 64.778 0.05997809 1.10915e-06
1760488886.315 64.849 0.06003768 1.02819e-06
1760488886.325 64.919 0.06010100 8.18216e-07
1760488886.374 64.989 0.06044738 2.16122e-07
1760488886.384 65.060 0.06050604 1.82267e-07
1760488886.390 65.130 0.06056842 1.75641e-07
1760488886.398 65.200 0.06060101 7.20516e-07
1760488886.404 65.270 0.06060101 1.39065e-06
1760488886.414 65.340 0.06067085 3.90358e-06
1760488886.424 65.410 0.06075465 7.41773e-06
1760488886.434 65.480 0.06081983 1.63274e-05
1760488886.444 65.550 0.06086453 3.85439e-05
1760488886.454 65.619 0.06092784 6.07826e-05
1760488886.464 65.689 0.06097906 8.85315e-05
1760488886.474 65.759 0.06105261 1.32601e-04
1760488886.484 65.828 0.06111500 1.56345e-04
1760488886.494 65.897 0.06114852 1.54577e-04
1760488886.506 65.967 0.06121370 1.29788e-04
1760488886.514 66.036 0.06121370 1.18310e-04
1760488886.524 66.105 0.06126864 9.66527e-05
1760488886.534 66.174 0.06131520 5.84441e-05
1760488886.544 66.243 0.06136734 2.90151e-05
1760488886.554 66.312 0.06141855 9.69024e-06
1760488886.564 66.381 0.06145952 4.37408e-06
1760488886.574 66.450 0.06151073 2.70048e-06
1760488886.584 66.519 0.06154332 1.18854e-06
1760488886.594 66.588 0.06159267 5.10562e-07
1760488886.604 66.656 0.06166251 3.18273e-07
1760488886.614 66.725 0.06175283 1.64300e-07
1760488886.624 66.793 0.06179473 1.69626e-07
1760488886.634 66.862 0.06186736 1.02720e-07
1760488886.644 66.930 0.06190739 1.07134e-07
1760488886.654 66.998 0.06195209 1.72824e-07
1760488886.664 67.066 0.06202099 1.59781e-07
1760488886.674 67.135 0.06209921 3.31028e-07
1760488886.684 67.203 0.06213832 3.59191e-07
1760488886.694 67.271 0.06219046 6.13274e-07
1760488886.704 67.339 0.06230127 9.76179e-07
1760488886.714 67.406 0.06238135 9.70660e-07
1760488886.724 67.474 0.06244187 9.72265e-07
1760488886.734 67.542 0.06253498 8.31921e-07
1760488886.744 67.610 0.06259643 6.25577e-07
1760488886.754 67.677 0.06266441 4.90047e-07
1760488886.764 67.745 0.06275380 2.67430e-07
1760488886.774 67.812 0.06281711 2.24698e-07
1760488886.784 67.879 0.06290092 1.95560e-07
1760488886.794 67.947 0.06295865 1.38425e-07
1760488886.804 68.014 0.06298193 2.07281e-07
1760488886.814 68.081 0.06308621 1.67306e-07
1760488886.824 68.148 0.06315511 1.75175e-07
1760488886.834 68.215 0.06321471 2.83066e-07
1760488886.844 68.282 0.06329292 2.58434e-07
1760488886.854 68.349 0.06333576 3.33121e-07
1760488886.864 68.416 0.06341863 3.30892e-07
1760488886.874 68.483 0.06349498 5.56226e-07
1760488886.904 68.550 0.06370821 9.18726e-07
1760488886.930 68.616 0.06385999 1.43214e-05
1760488886.937 68.683 0.06391864 1.82211e-05
1760488886.945 68.749 0.06391864 1.98260e-05
1760488886.954 68.816 0.06397079 1.93697e-05
1760488886.964 68.882 0.06403876 1.87596e-05
1760488886.974 68.949 0.06409277 1.69122e-05
1760488886.984 69.015 0.06413932 1.28205e-05
1760488886.994 69.081 0.06417657 8.82278e-06
1760488887.004 69.147 0.06426596 3.90767e-06
1760488887.014 69.213 0.06434417 9.21786e-07
1760488887.024 69.279 0.06439259 6.42839e-07
1760488887.034 69.345 0.06442611 3.77199e-07
1760488887.044 69.411 0.06446708 2.46614e-07
1760488887.054 69.477 0.06451457 2.28422e-07
1760488887.064 69.543 0.06454716 1.84914e-07
1760488887.074 69.608 0.06460955 2.49868e-07
1760488887.084 69.674 0.06464959 2.72425e-07
1760488887.094 69.740 0.06471384 3.51563e-07
1760488887.104 69.805 0.06476132 4.99112e-07
1760488887.114 69.871 0.06479205 4.92302e-07
1760488887.124 69.936 0.06483861 5.94101e-07
1760488887.134 70.001 0.06487864 7.56038e-07
1760488887.144 70.067 0.06492707 7.12208e-07
1760488887.154 70.132 0.06498014 6.61741e-07
1760488887.164 70.197 0.06503973 8.50209e-07
1760488887.174 70.262 0.06507139 8.50076e-07
1760488887.184 70.327 0.06513377 6.87207e-07
1760488887.194 70.392 0.06518220 5.69297e-07
1760488887.204 70.457 0.06525017 6.02661e-07
1760488887.214 70.522 0.06531814 5.13268e-07
1760488887.224 70.587 0.06538705 4.73207e-07
1760488887.234 70.651 0.06543081 2.67676e-07
1760488887.244 70.716 0.06546526 1.82290e-07
1760488887.254 70.781 0.06559003 2.91226e-07
1760488887.264 70.845 0.06568314 2.10739e-07
1760488887.274 70.910 0.06570922 2.31062e-07
1760488887.286 70.974 0.06583865 1.95573e-07
1760488887.294 71.039 0.06592059 1.19481e-07
1760488887.304 71.103 0.06592059 1.42474e-07
1760488887.314 71.167 0.06600159 5.37227e-08
1760488887.324 71.231 0.06606026 8.09826e-08
1760488887.334 71.296 0.06609750 6.10614e-08
1760488887.344 71.360 0.06616175 1.01327e-07
1760488887.354 71.424 0.06623904 1.40042e-07
1760488887.364 71.488 0.06631818 9.74165e-08
1760488887.374 71.552 0.06640850 1.26382e-07
1760488887.384 71.615 0.06645040 8.55658e-08
1760488887.394 71.679 0.06649789 1.00806e-07
1760488887.404 71.743 0.06654165 1.32082e-07
1760488887.414 71.807 0.06661149 7.23128e-08
1760488887.424 71.870 0.06667387 1.39771e-07
1760488887.453 71.934 0.06687872 1.37539e-07
1760488887.465 71.997 0.06698673 2.68719e-07
1760488887.474 72.061 0.06698673 2.26987e-07
1760488887.487 72.124 0.06712641 2.18447e-07
1760488887.496 72.188 0.06717482 1.51104e-07
1760488887.504 72.251 0.06717482 1.66177e-07
1760488887.514 72.314 0.06725118 1.22119e-07
1760488887.524 72.377 0.06728842 1.45042e-07
1760488887.534 72.440 0.06732008 1.02078e-07
1760488887.544 72.504 0.06740761 9.03230e-08
1760488887.554 72.567 0.06746626 1.62476e-07
1760488887.564 72.630 0.06748396 1.03948e-07
1760488887.574 72.692 0.06752772 1.54744e-07
1760488887.584 72.755 0.06759197 3.58104e-07
1760488887.594 72.818 0.06761152 3.98114e-07
1760488887.604 72.881 0.06767111 1.30650e-06
1760488887.614 72.944 0.06774933 2.69988e-06
1760488887.624 73.006 0.06780427 3.36051e-06
1760488887.634 73.069 0.06784524 5.66399e-06
1760488887.644 73.131 0.06788714 9.39233e-06
1760488887.654 73.194 0.06795046 1.50205e-05
1760488887.664 73.256 0.06798770 2.80817e-05
1760488887.674 73.319 0.06803612 4.89191e-05
1760488887.684 73.381 0.06806592 6.78362e-05
1760488887.694 73.443 0.06811527 9.48146e-05
1760488887.704 73.505 0.06818138 1.29269e-04
1760488887.714 73.568 0.06823352 1.63658e-04
1760488887.724 73.630 0.06827170 1.78138e-04
1760488887.734 73.692 0.06833688 1.69855e-04
1760488887.744 73.754 0.06840392 1.58587e-04
1760488887.754 73.816 0.06848307 1.35599e-04
1760488887.764 73.878 0.06849890 1.12183e-04
1760488887.774 73.940 0.06858549 7.57799e-05
1760488887.784 74.001 0.06864136 4.24286e-05
1760488887.794 74.063 0.06870840 1.64971e-05
1760488887.804 74.125 0.06876706 6.12159e-06
1760488887.814 74.186 0.06879686 3.09882e-06
1760488887.824 74.248 0.06886669 1.75108e-06
1760488887.834 74.310 0.06895143 7.53457e-07
1760488887.844 74.371 0.06903430 3.43311e-07
1760488887.854 74.432 0.06906968 1.28299e-07
1760488887.864 74.494 0.06912555 6.04059e-08
1760488887.874 74.555 0.06921680 8.10805e-08
1760488887.884 74.617 0.06927639 5.95418e-08
1760488887.894 74.678 0.06932388 9.71911e-08
1760488887.904 74.739 0.06937044 1.08277e-07
1760488887.914 74.800 0.06943468 3.10972e-08
1760488887.924 74.861 0.06950266 7.19270e-08
1760488887.934 74.922 0.06957249 2.77529e-08
1760488887.943 74.983 0.06964046 6.96793e-08
1760488887.954 75.044 0.06967958 8.71056e-08
1760488887.964 75.105 0.06973917 2.66304e-08
1760488888.012 75.166 0.07001665 2.98122e-08
1760488888.019 75.227 0.07009858 7.17073e-08
1760488888.025 75.287 0.07013118 1.07306e-08
1760488888.034 75.348 0.07013118 3.46121e-08
1760488888.044 75.409 0.07019170 5.71115e-08
1760488888.054 75.469 0.07026619 1.04599e-07
1760488888.064 75.530 0.07031181 6.35254e-08
1760488888.074 75.590 0.07038537 9.02402e-08
1760488888.084 75.651 0.07042169 4.71099e-08
1760488888.094 75.711 0.07045707 5.05993e-08
1760488888.103 75.772 0.07052970 8.95813e-08
1760488888.144 75.832 0.07071593 8.05696e-09
1760488888.153 75.892 0.07071593 1.60289e-08
1760488888.163 75.952 0.07076527 1.26438e-08
1760488888.177 76.013 0.07086677 2.06287e-08
1760488888.183 76.073 0.07086677 7.04957e-08
1760488888.193 76.133 0.07088633 6.77530e-08
1760488888.203 76.193 0.07092078 9.66687e-08
1760488888.213 76.253 0.07096826 4.62019e-08
1760488888.223 76.313 0.07101761 1.06367e-07
1760488888.233 76.373 0.07104369 7.99261e-08
1760488888.243 76.432 0.07112190 1.48399e-07
1760488888.253 76.492 0.07116473 1.67107e-07
1760488888.263 76.552 0.07117497 1.17538e-07
1760488888.273 76.612 0.07121315 1.48175e-07
1760488888.283 76.671 0.07128205 1.22938e-07
1760488888.293 76.731 0.07132861 1.92235e-07
1760488888.303 76.790 0.07136772 2.03324e-07
1760488888.313 76.850 0.07142825 1.09138e-07
1760488888.323 76.909 0.07146921 1.43952e-07
1760488888.333 76.969 0.07148039 9.39796e-08
1760488888.343 77.028 0.07152880 1.27015e-07
1760488888.353 77.087 0.07159771 1.34756e-07
1760488888.363 77.147 0.07166848 9.79081e-08
1760488888.373 77.206 0.07169548 1.43750e-07
1760488888.383 77.265 0.07173645 1.39341e-07
1760488888.393 77.324 0.07177090 1.66462e-07
1760488888.403 77.383 0.07180815 3.12518e-07
1760488888.413 77.442 0.07186401 2.32318e-07
1760488888.423 77.501 0.07194688 3.10117e-07
1760488888.433 77.560 0.07200369 2.21636e-07
1760488888.443 77.619 0.07205397 3.40418e-07
1760488888.453 77.678 0.07212101 3.65952e-07
1760488888.463 77.737 0.07220481 2.73069e-07
1760488888.473 77.796 0.07226068 3.52975e-07
1760488888.483 77.855 0.07228954 3.27040e-07
1760488888.493 77.913 0.07235193 3.70274e-07
1760488888.503 77.972 0.07242084 4.67723e-07
1760488888.513 78.031 0.07248881 4.11805e-07
1760488888.543 78.089 0.07263872 4.44309e-07
1760488888.569 78.148 0.07284450 1.29648e-07
1760488888.576 78.206 0.07290037 4.51491e-08
1760488888.584 78.265 0.07290037 6.78764e-08
1760488888.593 78.323 0.07295251 6.51626e-08
1760488888.604 78.381 0.07304283 8.65221e-08
1760488888.654 78.440 0.07332776 6.19633e-07
1760488888.663 78.498 0.07332776 9.70188e-07
1760488888.673 78.556 0.07340132 1.37519e-06
1760488888.683 78.614 0.07342832 4.11840e-06
1760488888.693 78.672 0.07348512 5.96398e-06
1760488888.703 78.730 0.07351864 9.82369e-06
1760488888.713 78.788 0.07353633 1.35784e-05
1760488888.723 78.846 0.07355589 1.58611e-05
1760488888.733 78.904 0.07359965 2.05460e-05
1760488888.743 78.962 0.07365273 2.30821e-05
1760488888.753 79.020 0.07367228 2.69379e-05
1760488888.763 79.078 0.07368997 2.73391e-05
1760488888.773 79.136 0.07372256 2.94473e-05
1760488888.783 79.194 0.07375143 2.92558e-05
1760488888.793 79.251 0.07376632 2.81958e-05
1760488888.803 79.309 0.07381474 2.51777e-05
1760488888.813 79.367 0.07385105 2.23482e-05
1760488888.823 79.424 0.07387899 1.94896e-05
1760488888.833 79.482 0.07389482 1.74214e-05
1760488888.843 79.539 0.07392275 1.45645e-05
1760488888.853 79.597 0.07398700 1.18392e-05
1760488888.863 79.654 0.07401028 9.52790e-06
1760488888.873 79.711 0.07404845 5.93563e-06
1760488888.883 79.769 0.07411829 3.73683e-06
1760488888.893 79.826 0.07411922 1.82204e-06
1760488888.903 79.883 0.07416671 9.37165e-07
1760488888.913 79.940 0.07420303 5.13860e-07
1760488888.923 79.998 0.07428589 3.97416e-07
1760488888.933 80.055 0.07434642 2.18572e-07
1760488888.943 80.112 0.07440974 1.78384e-07
1760488888.953 80.169 0.07446002 1.05650e-07
1760488888.963 80.226 0.07451961 3.89634e-08
1760488888.973 80.283 0.07454754 8.32446e-08
1760488888.983 80.340 0.07459503 3.82378e-08
1760488888.993 80.397 0.07467604 7.72062e-08
1760488889.003 80.454 0.07473750 5.93488e-08
1760488889.013 80.510 0.07476822 4.64950e-09
1760488889.023 80.567 0.07483526 6.73509e-08
1760488889.098 80.624 0.07536508 -4.94520e-09
1760488889.105 80.680 0.07541536 4.68457e-08
1760488889.113 80.737 0.07541536 -3.77790e-09
1760488889.123 80.794 0.07546657 2.71760e-08
1760488889.165 80.850 0.07570215 -8.34467e-09
1760488889.173 80.907 0.07570215 1.07789e-08
1760488889.183 80.963 0.07573940 -1.19548e-08
1760488889.193 81.020 0.07579992 8.90895e-09
1760488889.203 81.076 0.07584648 -1.51865e-09
1760488889.213 81.132 0.07584369 2.73948e-09
1760488889.228 81.189 0.07588279 3.35086e-08
1760488889.235 81.245 0.07592469 1.12161e-07
1760488889.243 81.301 0.07592469 8.36143e-08
1760488889.253 81.358 0.07594797 1.27575e-07
1760488889.263 81.414 0.07598149 1.04031e-07
1760488889.273 81.470 0.07598522 1.92341e-07
1760488889.283 81.526 0.07601222 1.67038e-07
1760488889.293 81.582 0.07603270 1.57011e-07
1760488889.303 81.638 0.07608112 2.68722e-07
1760488889.313 81.694 0.07608112 2.26174e-07
1760488889.323 81.750 0.07607554 2.93747e-07
1760488889.333 81.806 0.07608950 2.85831e-07
1760488889.343 81.862 0.07612116 3.43065e-07
1760488889.353 81.918 0.07614630 3.71423e-07
1760488889.363 81.973 0.07617889 3.14695e-07
1760488889.373 82.029 0.07620124 3.65155e-07
1760488889.383 82.085 0.07625617 3.16299e-07
1760488889.393 82.140 0.07629435 3.39694e-07
1760488889.403 82.196 0.07637257 3.13179e-07
1760488889.413 82.252 0.07642937 2.33386e-07
1760488889.423 82.307 0.07646475 2.84782e-07
1760488889.433 82.363 0.07650758 2.06382e-07
1760488889.443 82.418 0.07656810 1.96610e-07
1760488889.453 82.474 0.07661653 1.55092e-07
1760488889.463 82.529 0.07667239 6.41309e-08
1760488889.473 82.584 0.07673292 9.82544e-08
1760488889.483 82.640 0.07678227 3.62625e-08
1760488889.493 82.695 0.07684186 7.55050e-08
1760488889.503 82.750 0.07693031 3.82301e-08
1760488889.513 82.806 0.07698805 7.16310e-09
1760488889.523 82.861 0.07704764 7.60009e-08
1760488889.571 82.916 0.07735491 6.15380e-08
1760488889.636 82.971 0.07777485 5.92515e-08
1760488889.704 83.026 0.07799926 7.61471e-08
1760488889.756 83.081 0.07808399 2.93300e-07
1760488889.763 83.136 0.07808399 4.37009e-07
1760488889.773 83.191 0.07811844 6.84465e-07
1760488889.782 83.246 0.07809703 7.98897e-07
1760488889.792 83.301 0.07810448 1.15404e-06
1760488889.803 83.356 0.07812962 1.71498e-06
1760488889.813 83.411 0.07809982 2.43442e-06
1760488889.822 83.465 0.07810355 2.60633e-06
1760488889.832 83.520 0.07810168 3.07046e-06
1760488889.842 83.575 0.07810448 7.45844e-06
1760488889.852 83.630 0.07808585 1.02392e-05
1760488889.862 83.684 0.07810820 5.49268e-06
1760488889.872 83.739 0.07809144 6.15589e-06
1760488889.882 83.793 0.07809703 7.17923e-06
1760488889.892 83.848 0.07808585 1.15528e-05
1760488889.902 83.902 0.07813613 1.13368e-05
1760488889.912 83.957 0.07813986 1.36706e-05
1760488889.922 84.011 0.07814638 1.76615e-05
1760488889.932 84.066 0.07818083 3.07773e-05
1760488889.942 84.120 0.07820597 2.79440e-05
1760488889.952 84.174 0.07824880 3.45285e-05
1760488889.962 84.229 0.07829070 4.19652e-05
1760488889.972 84.283 0.07833167 5.57886e-05
1760488889.982 84.337 0.07836985 7.14544e-05
1760488889.992 84.391 0.07841548 8.89103e-05
1760488890.002 84.446 0.07846855 9.50478e-05
1760488890.012 84.500 0.07852907 1.14467e-04
1760488890.022 84.554 0.07858028 1.27299e-04
1760488890.032 84.608 0.07865571 1.47702e-04
1760488890.042 84.662 0.07871065 1.64894e-04
1760488890.052 84.716 0.07880469 1.76270e-04
1760488890.062 84.770 0.07884566 1.76872e-04
1760488890.072 84.824 0.07889315 1.68240e-04
1760488890.082 84.878 0.07897416 1.49167e-04
1760488890.092 84.931 0.07904027 1.27000e-04
1760488890.102 84.985 0.07909334 1.04528e-04
1760488890.112 85.039 0.07914734 8.96157e-05
1760488890.122 85.093 0.07922091 6.04013e-05
1760488890.132 85.146 0.07926560 3.26677e-05
1760488890.142 85.200 0.07933544 1.21964e-05
1760488890.235 85.254 0.07984104 7.74497e-08
1760488890.243 85.307 0.07984104 1.19578e-08
1760488890.252 85.361 0.07992205 4.29740e-08
1760488890.262 85.414 0.07995464 6.61500e-09
1760488890.272 85.468 0.07998537 7.47915e-08
1760488890.338 85.521 0.08020325 5.75873e-08
1760488890.388 85.575 0.08026657 5.99351e-08
1760488890.438 85.628 0.08033082 5.86353e-08
1760488890.488 85.682 0.08042766 5.90092e-08
1760488890.538 85.735 0.08048818 5.96424e-08
1760488890.588 85.788 0.08053567 6.12159e-08
1760488890.639 85.842 0.08055708 6.42223e-08
1760488890.689 85.895 0.08063623 7.32060e-08
1760488890.763 85.948 0.08073400 8.24482e-08
1760488890.787 86.001 0.08077590 6.91687e-08
1760488890.793 86.054 0.08077031 1.58620e-08
1760488890.802 86.107 0.08077031 7.49791e-08
1760488890.812 86.160 0.08077497 9.84210e-09
1760488890.822 86.214 0.08076845 7.97146e-08
1760488890.869 86.267 0.08084108 7.35426e-08
1760488890.875 86.319 0.08084201 1.09800e-08
1760488890.882 86.372 0.08084201 3.24185e-08
1760488890.892 86.425 0.08086995 7.18434e-08
1760488890.902 86.478 0.08088577 2.86518e-08
1760488890.912 86.531 0.08088391 3.99845e-08
1760488890.922 86.584 0.08090160 9.42134e-08
1760488890.970 86.637 0.08100589 6.94509e-08
1760488891.020 86.689 0.08116791 4.38958e-08
1760488891.081 86.742 0.08136345 5.18181e-09
1760488891.088 86.795 0.08138300 2.07110e-08
1760488891.094 86.847 0.08144259 9.68338e-09
1760488891.102 86.900 0.08144259 9.38409e-09
1760488891.115 86.953 0.08148170 1.39194e-08
1760488891.122 87.005 0.08148170 4.14220e-08
1760488891.132 87.058 0.08148636 -4.43210e-09
1760488891.142 87.110 0.08152546 3.36636e-08
1760488891.183 87.163 0.08164186 9.03883e-09
1760488891.196 87.215 0.08164651 -3.15820e-09
1760488891.202 87.268 0.08164651 5.33477e-08
1760488891.212 87.320 0.08166793 1.96041e-08
1760488891.222 87.372 0.08166793 6.43457e-08
1760488891.232 87.425 0.08166793 -2.83510e-09
1760488891.242 87.477 0.08167166 3.29799e-08
1760488891.282 87.529 0.08179829 6.91624e-09
1760488891.322 87.581 0.08190071 4.19850e-08
1760488891.328 87.633 0.08190351 -5.61490e-09
1760488891.335 87.686 0.08194541 5.41786e-08
1760488891.342 87.738 0.08194541 1.71615e-08
1760488891.383 87.790 0.08214281 8.40839e-09
1760488891.400 87.842 0.08219960 2.05766e-08
1760488891.406 87.894 0.08222940 4.28202e-08
1760488891.412 87.946 0.08224710 3.00390e-09
1760488891.422 87.998 0.08224710 5.80334e-08
1760488891.432 88.050 0.08229924 -6.51950e-09
1760488891.442 88.102 0.08230669 3.67238e-08
1760488891.483 88.154 0.08250316 8.34886e-09
1760488891.497 88.205 0.08250316 -5.04350e-09
1760488891.504 88.257 0.08254878 2.84787e-08
1760488891.512 88.309 0.08254878 -9.64360e-09
1760488891.522 88.361 0.08257392 5.51541e-08
1760488891.532 88.412 0.08259999 -1.09377e-08
1760488891.541 88.464 0.08261675 3.10962e-08
1760488891.583 88.516 0.08276015 3.75838e-09
1760488891.597 88.567 0.08278342 3.91440e-09
1760488891.604 88.619 0.08281043 3.02380e-08
1760488891.612 88.671 0.08281043 -1.05747e-08
1760488891.622 88.722 0.08283929 6.10411e-08
1760488891.673 88.774 0.08306649 1.39246e-06
1760488891.682 88.825 0.08306649 1.56456e-06
1760488891.692 88.877 0.08315309 1.87734e-06
1760488891.702 88.928 0.08315309 2.09281e-06
1760488891.712 88.979 0.08318847 2.37317e-06
1760488891.722 89.031 0.08319312 2.69722e-06
1760488891.732 89.082 0.08321361 3.02646e-06
1760488891.742 89.133 0.08325738 3.43295e-06
1760488891.751 89.185 0.08327227 4.07960e-06
1760488891.761 89.236 0.08333839 4.10005e-06
1760488891.771 89.287 0.08337190 4.62489e-06
1760488891.781 89.338 0.08341194 5.02928e-06
1760488891.791 89.390 0.08343056 5.24210e-06
1760488891.801 89.441 0.08345478 5.46503e-06
1760488891.811 89.492 0.08349761 5.73607e-06
1760488891.874 89.543 0.08370246 5.15422e-06
1760488891.882 89.594 0.08370246 4.22491e-06
1760488891.892 89.645 0.08373132 4.13549e-06
1760488891.902 89.696 0.08375367 3.78240e-06
1760488891.911 89.747 0.08382164 3.36788e-06
1760488891.921 89.798 0.08387285 3.07352e-06
1760488891.931 89.849 0.08391476 2.55421e-06
1760488891.941 89.899 0.08394641 1.97903e-06
1760488891.951 89.950 0.08397435 1.46559e-06
1760488891.961 90.001 0.08403115 1.26439e-06
1760488891.971 90.052 0.08410285 8.35603e-07
1760488891.981 90.103 0.08412706 3.81451e-07
1760488891.991 90.153 0.08415592 2.18907e-07
1760488892.001 90.204 0.08418851 1.31872e-07
1760488892.011 90.255 0.08422855 7.33357e-08
1760488892.021 90.305 0.08425928 7.75313e-08
1760488892.087 90.356 0.08448647 5.42762e-08
1760488892.137 90.407 0.08470063 5.62291e-08
1760488892.205 90.457 0.08494645 5.99171e-08
1760488892.272 90.508 0.08508426 6.92445e-08
1760488892.323 90.558 0.08511126 6.81281e-08
1760488892.373 90.609 0.08511964 6.70433e-08
1760488892.467 90.659 0.08514106 8.63870e-08
1760488892.476 90.709 0.08515037 5.70370e-09
1760488892.524 90.760 0.08519879 5.72549e-08
1760488892.531 90.810 0.08519879 2.17866e-08
1760488892.541 90.860 0.08523138 5.70387e-08
1760488892.551 90.911 0.08523883 1.98369e-08
1760488892.561 90.961 0.08527328 5.63333e-08
1760488892.571 91.011 0.08528352 8.59894e-08
1760488892.620 91.062 0.08532543 7.08977e-08
1760488892.627 91.112 0.08533381 5.78810e-09
1760488892.633 91.162 0.08533660 5.15062e-08
1760488892.641 91.212 0.08533660 7.53010e-08
1760488892.651 91.262 0.08535057 2.51209e-08
1760488892.661 91.312 0.08538315 7.68329e-08
1760488892.671 91.362 0.08541388 8.12569e-08
1760488892.681 91.412 0.08541947 1.16423e-08
1760488892.691 91.462 0.08545858 6.29842e-08
1760488892.701 91.512 0.08546696 2.60966e-08
1760488892.711 91.562 0.08549582 7.36830e-08
1760488892.721 91.612 0.08551072 8.21023e-08
1760488892.769 91.662 0.08565970 9.33028e-08
1760488892.775 91.712 0.08570533 3.11059e-08
1760488892.781 91.762 0.08570533 3.33444e-08
1760488892.791 91.811 0.08572581 6.47845e-08
1760488892.801 91.861 0.08577051 2.84015e-08
1760488892.811 91.911 0.08581054 7.46767e-08
1760488892.821 91.961 0.08584686 8.06853e-08
1760488892.831 92.010 0.08589621 1.16987e-08
1760488892.841 92.060 0.08591669 6.47064e-08
1760488892.851 92.110 0.08595487 2.57684e-08
1760488892.861 92.159 0.08600515 7.85561e-08
1760488892.871 92.209 0.08606754 7.76004e-08
1760488892.919 92.258 0.08623980 7.83515e-08
1760488892.926 92.308 0.08627518 -4.28000e-09
1760488892.933 92.358 0.08632546 4.92376e-08
1760488892.941 92.407 0.08632546 7.08658e-08
1760488892.951 92.456 0.08639530 2.15838e-08
1760488892.961 92.506 0.08641950 8.00039e-08
1760488892.971 92.555 0.08646979 8.03507e-08
1760488893.019 92.605 0.08664484 5.59024e-08
1760488893.026 92.654 0.08668860 2.95786e-08
1760488893.032 92.703 0.08670723 4.92358e-08
1760488893.041 92.753 0.08670723 9.13424e-08
1760488893.051 92.802 0.08673795 4.77176e-08
1760488893.061 92.851 0.08678172 1.02383e-07
1760488893.071 92.900 0.08683665 8.87403e-08
1760488893.081 92.950 0.08684969 3.65946e-08
1760488893.091 92.999 0.08687297 8.99998e-08
1760488893.101 93.048 0.08688042 5.12662e-08
1760488893.111 93.097 0.08693070 9.67315e-08
1760488893.121 93.146 0.08698284 8.27843e-08
1760488893.131 93.195 0.08700612 3.06419e-08
1760488893.141 93.244 0.08702661 8.87031e-08
1760488893.151 93.293 0.08705640 5.26405e-08
1760488893.161 93.342 0.08710855 1.01446e-07
1760488893.171 93.391 0.08713276 8.78129e-08
1760488893.181 93.440 0.08715231 2.64876e-08
1760488893.191 93.489 0.08717745 8.48446e-08
1760488893.201 93.538 0.08720352 4.66195e-08
1760488893.211 93.587 0.08725660 8.60696e-08
1760488893.221 93.636 0.08729384 7.18428e-08
1760488893.231 93.684 0.08734971 1.66624e-08
1760488893.241 93.733 0.08739347 7.82564e-08
1760488893.251 93.782 0.08740371 3.67098e-08
1760488893.261 93.831 0.08744096 8.58154e-08
1760488893.271 93.879 0.08751079 7.54015e-08
1760488893.281 93.928 0.08755549 1.07826e-08
1760488893.291 93.977 0.08762998 7.32891e-08
1760488893.300 94.025 0.08765512 3.23612e-08
1760488893.310 94.074 0.08768119 7.32463e-08
1760488893.320 94.123 0.08773427 6.42780e-08
1760488893.330 94.171 0.08777431 1.47836e-08
1760488893.340 94.220 0.08784786 7.55818e-08
1760488893.350 94.268 0.08789722 4.63028e-08
1760488893.360 94.317 0.08794284 9.11828e-08
1760488893.370 94.365 0.08801082 6.97099e-08
1760488893.380 94.414 0.08804433 1.77650e-08
1760488893.390 94.462 0.08806947 8.56194e-08
1760488893.400 94.510 0.08813745 5.02613e-08
1760488893.410 94.559 0.08819611 8.69279e-08
1760488893.420 94.607 0.08824825 7.16974e-08
1760488893.430 94.655 0.08828457 1.92752e-08
1760488893.440 94.704 0.08833951 7.70341e-08
1760488893.450 94.752 0.08838140 3.81393e-08
1760488893.460 94.800 0.08844472 7.62948e-08
1760488893.470 94.848 0.08850245 5.44488e-08
1760488893.480 94.896 0.08854249 2.75790e-09
1760488893.490 94.945 0.08860674 6.73614e-08
1760488893.500 94.993 0.08864492 2.46172e-08
1760488893.510 95.041 0.08869334 6.20379e-08
1760488893.593 95.089 0.08905275 1.50000e-11
1760488893.601 95.137 0.08905275 5.03145e-08
1760488893.611 95.185 0.08909838 6.03794e-08
1760488893.620 95.233 0.08914307 8.06378e-08
1760488893.630 95.281 0.08919336 6.59920e-09
1760488893.640 95.329 0.08921757 7.86657e-08
1760488893.650 95.377 0.08923339 4.00857e-08
1760488893.660 95.425 0.08927995 1.62070e-07
1760488893.670 95.473 0.08932371 1.38806e-07
1760488893.680 95.521 0.08936655 2.01248e-07
1760488893.690 95.569 0.08940752 8.82277e-07
1760488893.700 95.616 0.08942242 1.02555e-06
1760488893.710 95.664 0.08944104 1.00764e-06
1760488893.720 95.712 0.08945780 1.30230e-06
1760488893.730 95.760 0.08949132 1.83548e-06
1760488893.740 95.807 0.08951460 2.67333e-06
1760488893.750 95.855 0.08951739 3.53201e-06
1760488893.760 95.903 0.08952950 4.29352e-06
1760488893.770 95.950 0.08955929 5.17792e-06
1760488893.780 95.998 0.08958071 6.56584e-06
1760488893.790 96.046 0.08962447 7.68562e-06
1760488893.800 96.093 0.08964030 7.54923e-06
1760488893.810 96.141 0.08963751 9.20346e-06
1760488893.820 96.188 0.08968686 9.34743e-06
1760488893.830 96.236 0.08974086 1.02728e-05
1760488893.840 96.283 0.08974552 1.13447e-05
1760488893.850 96.331 0.08977066 1.21509e-05
1760488893.860 96.378 0.08983212 1.29218e-05
1760488893.870 96.426 0.08988519 1.36070e-05
1760488893.880 96.473 0.08990660 1.42967e-05
1760488893.890 96.520 0.08996154 1.51552e-05
1760488893.900 96.568 0.09002951 1.64670e-05
1760488893.910 96.615 0.09006676 1.69650e-05
1760488893.920 96.662 0.09010494 1.69835e-05
1760488893.930 96.710 0.09013659 1.71497e-05
1760488893.940 96.757 0.09019712 1.88353e-05
1760488893.950 96.804 0.09026509 1.74741e-05
1760488893.960 96.851 0.09030141 1.87064e-05
1760488893.970 96.899 0.09037124 1.84600e-05
1760488893.980 96.946 0.09041128 1.90157e-05
1760488893.990 96.993 0.09049322 1.94870e-05
1760488894.000 97.040 0.09054629 1.95579e-05
1760488894.010 97.087 0.09057236 1.91720e-05
1760488894.020 97.134 0.09061241 1.74479e-05
1760488894.030 97.181 0.09066920 1.55807e-05
1760488894.040 97.228 0.09071576 1.38752e-05
1760488894.050 97.275 0.09076977 1.21081e-05
1760488894.060 97.322 0.09083681 1.01904e-05
1760488894.070 97.369 0.09089081 8.35039e-06
1760488894.080 97.416 0.09091595 7.68016e-06
1760488894.090 97.463 0.09095879 5.45092e-06
1760488894.124 97.510 0.09113849 3.45324e-06
1760488894.133 97.557 0.09117109 4.15503e-07
1760488894.140 97.604 0.09117109 3.75088e-07
1760488894.150 97.651 0.09123254 2.03829e-07
1760488894.160 97.697 0.09127724 1.79861e-07
1760488894.170 97.744 0.09130610 1.50890e-07
1760488894.180 97.791 0.09135638 4.78538e-08
1760488894.190 97.838 0.09138245 9.54930e-08
1760488894.200 97.884 0.09142808 3.24554e-08
1760488894.210 97.931 0.09146160 6.69418e-08
1760488894.258 97.978 0.09164783 3.90371e-08
1760488894.301 98.024 0.09180798 1.10712e-08
1760488894.316 98.071 0.09185268 -3.18550e-09
1760488894.323 98.118 0.09189737 3.63817e-08
1760488894.330 98.164 0.09189737 -1.42700e-09
1760488894.340 98.211 0.09191040 3.55393e-08
1760488894.350 98.257 0.09196162 -6.48210e-09
1760488894.360 98.304 0.09201655 3.91215e-08
1760488894.401 98.350 0.09213201 2.69855e-09
1760488894.410 98.397 0.09213201 1.58779e-08
1760488894.420 98.443 0.09214132 -8.17200e-10
1760488894.430 98.490 0.09214970 4.52740e-10
1760488894.440 98.536 0.09220371 6.30577e-09
1760488894.450 98.582 0.09222978 -1.01708e-08
1760488894.460 98.629 0.09222978 1.16665e-08
1760488894.470 98.675 0.09226889 -7.18710e-09
1760488894.480 98.721 0.09228286 -1.68593e-09
1760488894.490 98.768 0.09228658 2.21806e-09
1760488894.500 98.814 0.09233314 -1.26379e-08
1760488894.510 98.860 0.09236014 5.57222e-09
1760488894.520 98.906 0.09236666 -1.73443e-08
1760488894.530 98.953 0.09240205 -5.17573e-09
1760488894.540 98.999 0.09240670 -3.40216e-09
1760488894.550 99.045 0.09246443 -1.65521e-08
1760488894.560 99.091 0.09249050 9.34590e-10
1760488894.570 99.137 0.09250633 -1.97532e-08
1760488894.580 99.183 0.09252123 -8.70906e-09
1760488894.590 99.229 0.09254823 -5.26900e-09
1760488894.600 99.276 0.09259200 -1.91017e-08
1760488894.610 99.322 0.09262831 -6.39134e-09
1760488894.623 99.368 0.09272980 -1.00619e-08
1760488894.630 99.414 0.09272980 -3.92041e-08
1760488894.677 99.460 0.09294210 -7.14441e-08
1760488894.751 99.505 0.09330431 -1.06555e-08
1760488894.760 99.551 0.09330431 1.34116e-08
1760488894.770 99.597 0.09336205 9.81440e-10
1760488894.780 99.643 0.09342350 1.56843e-08
1760488894.795 99.689 0.09348961 1.71832e-08
1760488894.803 99.735 0.09349892 8.06656e-08
1760488894.810 99.781 0.09349892 1.28356e-08
1760488894.820 99.827 0.09354641 4.95353e-08
1760488894.830 99.872 0.09357527 2.05352e-08
1760488894.840 99.918 0.09360973 1.04705e-07
1760488894.850 99.964 0.09361438 5.69864e-08
1760488894.860 100.010 0.09362928 1.14105e-07
1760488894.870 100.055 0.09365628 6.06779e-08
1760488894.880 100.101 0.09363394 4.00914e-08
1760488894.890 100.147 0.09364511 1.18104e-07
1760488894.900 100.192 0.09365163 7.07549e-08
1760488894.910 100.238 0.09365814 1.13209e-07
1760488894.920 100.283 0.09366280 6.01307e-08
1760488894.930 100.329 0.09370284 4.25934e-08
1760488894.940 100.375 0.09370750 1.15919e-07
1760488894.950 100.420 0.09372146 6.75202e-08
1760488894.960 100.466 0.09375405 1.15126e-07
1760488894.970 100.511 0.09377919 5.53254e-08
1760488894.980 100.557 0.09377919 3.94610e-08
1760488894.990 100.602 0.09381551 1.10180e-07
1760488895.000 100.647 0.09386486 6.01921e-08
1760488895.010 100.693 0.09390210 9.96549e-08
1760488895.020 100.738 0.09395052 4.67584e-08
1760488895.030 100.784 0.09397007 2.98084e-08
1760488895.040 100.829 0.09400732 9.98445e-08
1760488895.050 100.874 0.09405667 5.02874e-08
1760488895.060 100.920 0.09410881 9.20497e-08
1760488895.069 100.965 0.09416841 3.16292e-08
1760488895.079 101.010 0.09421124 1.33964e-08
1760488895.090 101.055 0.09425128 8.56444e-08
1760488895.138 101.101 0.09452596 5.32212e-08
1760488895.229 101.146 0.09493194 2.20664e-08
1760488895.236 101.191 0.09498315 7.65388e-08
1760488895.242 101.236 0.09500642 3.44910e-09
1760488895.249 101.281 0.09500642 2.26719e-08
1760488895.259 101.326 0.09505112 7.49201e-08
1760488895.269 101.372 0.09505578 2.13009e-08
1760488895.279 101.417 0.09508837 1.07458e-08
1760488895.289 101.462 0.09511537 8.60469e-08
1760488895.340 101.507 0.09516751 3.20663e-07
1760488895.350 101.552 0.09516751 3.93546e-07
1760488895.360 101.597 0.09517496 4.47960e-07
1760488895.370 101.642 0.09520196 4.84856e-07
1760488895.380 101.687 0.09518986 9.48636e-07
1760488895.390 101.732 0.09517217 1.28842e-06
1760488895.399 101.777 0.09521872 1.26395e-06
1760488895.409 101.822 0.09523176 1.91709e-06
1760488895.419 101.866 0.09523270 2.69449e-06
1760488895.429 101.911 0.09525039 2.52387e-06
1760488895.439 101.956 0.09526715 3.22329e-06
1760488895.449 102.001 0.09529601 3.46457e-06
1760488895.459 102.046 0.09529973 3.77589e-06
1760488895.469 102.091 0.09532580 4.44891e-06
1760488895.479 102.135 0.09537143 6.31539e-06
1760488895.489 102.180 0.09537236 7.22267e-06
1760488895.499 102.225 0.09542357 8.27939e-06
1760488895.509 102.270 0.09545524 9.87673e-06
1760488895.519 102.314 0.09547200 1.07278e-05
1760488895.529 102.359 0.09552321 1.30715e-05
1760488895.539 102.404 0.09553717 1.52309e-05
1760488895.549 102.448 0.09557535 1.72535e-05
1760488895.559 102.493 0.09563587 1.97331e-05
1760488895.569 102.537 0.09569267 2.37430e-05
1760488895.579 102.582 0.09574016 2.44175e-05
1760488895.589 102.627 0.09578765 2.74057e-05
1760488895.599 102.671 0.09580907 2.95852e-05
1760488895.609 102.716 0.09585841 2.98493e-05
1760488895.619 102.760 0.09590311 3.52173e-05
1760488895.629 102.805 0.09595153 3.65026e-05
1760488895.639 102.849 0.09598412 4.16259e-05
1760488895.649 102.893 0.09601950 4.08122e-05
1760488895.659 102.938 0.09608375 4.73793e-05
1760488895.669 102.982 0.09613124 5.25534e-05
1760488895.679 103.027 0.09618059 5.86972e-05
1760488895.689 103.071 0.09620480 6.42412e-05
1760488895.699 103.115 0.09626439 6.85192e-05
1760488895.709 103.160 0.09633050 6.91668e-05
1760488895.719 103.204 0.09635471 7.09163e-05
1760488895.729 103.248 0.09638823 7.04709e-05
1760488895.759 103.293 0.09655676 7.93650e-05
1760488895.769 103.337 0.09658656 7.76355e-05
1760488895.775 103.381 0.09662008 7.74589e-05
1760488895.781 103.425 0.09664150 7.96083e-05
1760488895.789 103.469 0.09664150 7.96434e-05
1760488895.799 103.514 0.09670389 6.87202e-05
1760488895.809 103.558 0.09675603 6.90605e-05
1760488895.819 103.602 0.09681562 7.12759e-05
1760488895.829 103.646 0.09681097 5.98468e-05
1760488895.839 103.690 0.09684635 6.31996e-05
1760488895.849 103.734 0.09691432 5.42452e-05
1760488895.859 103.778 0.09694691 5.68520e-05
1760488895.869 103.822 0.09697112 5.30901e-05
1760488895.879 103.866 0.09703816 4.89802e-05
1760488895.889 103.910 0.09705492 4.53985e-05
1760488895.899 103.954 0.09710148 4.12255e-05
1760488895.909 103.998 0.09713686 3.79281e-05
1760488895.919 104.042 0.09715549 3.54998e-05
1760488895.929 104.086 0.09717969 3.35364e-05
1760488895.939 104.130 0.09723184 2.98918e-05
1760488895.949 104.174 0.09728212 2.49666e-05
1760488895.959 104.218 0.09731471 2.14859e-05
1760488895.969 104.262 0.09733240 1.98777e-05
1760488895.979 104.305 0.09736034 1.42879e-05
1760488895.989 104.349 0.09738548 1.12419e-05
1760488895.999 104.393 0.09743482 1.14201e-05
1760488896.009 104.437 0.09750466 7.79523e-06
1760488896.019 104.481 0.09754470 5.07836e-06
1760488896.029 104.524 0.09758288 2.69311e-06
1760488896.039 104.568 0.09763316 2.73853e-06
1760488896.049 104.612 0.09767506 4.53000e-07
1760488896.059 104.655 0.09771603 8.42420e-07
1760488896.069 104.699 0.09773558 1.38036e-07
1760488896.079 104.743 0.09777189 2.51912e-07
1760488896.089 104.786 0.09780262 2.68061e-07
1760488896.099 104.830 0.09784173 1.17864e-07
1760488896.109 104.874 0.09790970 8.47278e-08
1760488896.119 104.917 0.09793671 2.74616e-08
1760488896.129 104.961 0.09797395 3.04106e-08
1760488896.139 105.004 0.09803541 8.23600e-08
1760488896.205 105.048 0.09836130 5.39504e-08
1760488896.255 105.091 0.09856802 5.73234e-08
1760488896.325 105.135 0.09874493 4.04013e-08
1760488896.331 105.178 0.09879521 1.16139e-08
1760488896.339 105.222 0.09879521 4.17213e-08
1760488896.400 105.265 0.09887064 4.36243e-09
1760488896.415 105.309 0.09886505 -1.41973e-08
1760488896.421 105.352 0.09885108 2.38271e-08
1760488896.429 105.395 0.09885108 -2.33338e-08
1760488896.439 105.439 0.09884735 4.00858e-08
1760488896.481 105.482 0.09885946 -8.06616e-09
1760488896.489 105.525 0.09885946 6.98561e-09
1760488896.499 105.569 0.09888740 -7.96493e-09
1760488896.509 105.612 0.09890788 8.12991e-09
1760488896.519 105.655 0.09891626 -1.39926e-08
1760488896.529 105.699 0.09888833 -4.09161e-09
1760488896.539 105.742 0.09893581 3.68967e-09
1760488896.549 105.785 0.09895350 -1.00398e-08
1760488896.559 105.828 0.09897306 8.33111e-09
1760488896.569 105.871 0.09898610 -1.41453e-08
1760488896.579 105.915 0.09901217 -1.22119e-09
1760488896.589 105.958 0.09901217 -5.41736e-09
1760488896.599 106.001 0.09903638 -1.60292e-08
1760488896.609 106.044 0.09906338 -3.37477e-09
1760488896.624 106.087 0.09911459 2.53530e-09
1760488896.630 106.130 0.09916394 -3.58107e-08
1760488896.678 106.173 0.09928313 -6.36949e-08
1760488896.685 106.216 0.09933248 -5.62560e-09
1760488896.691 106.259 0.09938369 -3.76435e-08
1760488896.699 106.302 0.09938369 -7.52876e-08
1760488896.709 106.345 0.09941721 -3.42085e-08
1760488896.719 106.388 0.09942932 -8.10066e-08
1760488896.729 106.431 0.09947401 -6.16391e-08
1760488896.739 106.474 0.09957364 -2.40217e-08
1760488896.749 106.517 0.09960437 -8.63151e-08
1760488896.759 106.560 0.09962578 -4.21920e-08
1760488896.769 106.603 0.09967234 -8.39572e-08
1760488896.779 106.646 0.09970865 -5.64571e-08
1760488896.789 106.689 0.09974031 -1.90567e-08
1760488896.799 106.732 0.09976546 -7.23365e-08
1760488896.809 106.774 0.09979804 -3.43591e-08
1760488896.819 106.817 0.09981853 -7.86873e-08
1760488896.829 106.860 0.09983808 -5.07456e-08
1760488896.877 106.903 0.10000569 -1.43536e-08
1760488896.883 106.946 0.10003455 -1.30346e-08
1760488896.889 106.988 0.10007645 -1.63884e-08
1760488896.898 107.031 0.10007645 -5.23567e-08
1760488896.948 107.074 0.10027013 -3.91898e-08
1760488896.989 107.116 0.10043029 -1.19230e-08
1760488897.003 107.159 0.10043588 -9.19540e-09
1760488897.009 107.202 0.10046939 -5.60634e-08
1760488897.019 107.244 0.10046939 -3.09037e-08
1760488897.060 107.287 0.10062302 -1.31118e-08
1760488897.074 107.330 0.10065842 -2.94690e-09
1760488897.081 107.372 0.10068169 -4.11654e-08
1760488897.089 107.415 0.10068169 -4.42910e-09
1760488897.099 107.457 0.10068914 -3.00035e-08
1760488897.140 107.500 0.10076735 -2.83948e-09
1760488897.155 107.542 0.10077201 1.00225e-08
1760488897.162 107.585 0.10078132 -2.43969e-08
1760488897.168 107.627 0.10078132 2.55056e-08
1760488897.210 107.670 0.10086606 -8.76073e-09
1760488897.219 107.712 0.10086606 -1.77977e-08
1760488897.229 107.755 0.10090330 1.96009e-09
1760488897.238 107.797 0.10090330 -2.15394e-09
1760488897.248 107.839 0.10090796 -1.42387e-08
1760488897.258 107.882 0.10096569 1.42695e-09
1760488897.268 107.924 0.10098152 -1.07853e-08
1760488897.278 107.967 0.10097872 8.60810e-09
1760488897.288 108.009 0.10099827 -4.64183e-09
1760488897.298 108.051 0.10103552 -8.56682e-09
1760488897.308 108.093 0.10108021 4.83106e-09
1760488897.318 108.136 0.10112119 -1.01918e-08
1760488897.328 108.178 0.10111095 1.39742e-08
1760488897.338 108.220 0.10111467 2.67815e-09
1760488897.348 108.263 0.10118078 -2.19462e-09
1760488897.358 108.305 0.10119381 1.31162e-08
1760488897.368 108.347 0.10120033 2.01309e-09
1760488897.425 108.389 0.10143125 1.81717e-08
1760488897.431 108.431 0.10145360 2.58500e-10
1760488897.438 108.473 0.10145360 4.48761e-08
1760488897.486 108.516 0.10165659 6.36263e-08
1760488897.493 108.558 0.10166776 -5.99600e-09
1760488897.501 108.600 0.10170687 7.89719e-08
1760488897.509 108.642 0.10175714 3.37210e-09
1760488897.558 108.684 0.10189123 8.52876e-08
1760488897.565 108.726 0.10190985 4.65207e-08
1760488897.572 108.768 0.10194337 9.48915e-08
1760488897.578 108.810 0.10195827 5.46896e-08
1760488897.588 108.852 0.10195827 1.14576e-07
1760488897.598 108.894 0.10198528 4.69381e-08
1760488897.608 108.936 0.10198621 9.73875e-08
1760488897.618 108.978 0.10204580 6.85966e-08
1760488897.628 109.020 0.10205511 1.09974e-07
1760488897.638 109.062 0.10208118 1.39075e-07
1760488897.648 109.104 0.10209794 6.84738e-08
1760488897.658 109.146 0.10213519 1.16552e-07
1760488897.668 109.188 0.10213426 7.91677e-08
1760488897.678 109.229 0.10213612 1.21381e-07
1760488897.688 109.271 0.10214543 1.47555e-07
1760488897.698 109.313 0.10216312 7.88561e-08
1760488897.708 109.355 0.10217150 1.24355e-07
1760488897.718 109.397 0.10219944 9.04132e-08
1760488897.728 109.438 0.10224972 1.29972e-07
1760488897.738 109.480 0.10227672 1.50106e-07
1760488897.748 109.522 0.10230186 8.09675e-08
1760488897.758 109.564 0.10233631 1.30411e-07
1760488897.768 109.605 0.10234842 9.94739e-08
1760488897.778 109.647 0.10237728 1.29264e-07
1760488897.788 109.689 0.10241174 1.46958e-07
1760488897.798 109.730 0.10246761 7.29885e-08
1760488897.808 109.772 0.10248809 1.18751e-07
1760488897.818 109.814 0.10252534 8.80779e-08
1760488897.828 109.855 0.10259703 1.17288e-07
1760488897.838 109.897 0.10263149 1.32696e-07
1760488897.848 109.939 0.10264825 6.02487e-08
1760488897.858 109.980 0.10270412 1.06869e-07
1760488897.868 110.022 0.10275719 7.08611e-08
